[[10581377596776310934351062964248708587999878234152810428827836359581102157023170033345420156849408497093548843037861288198067096225527087431154541337342729202263341229105533834111543328522322406567681387249546157407501387031046032900226114227386531053612331657201203119773658580717218770403060622434920834627759549039305604681 0 0 0 0 0 0 0 0 0 0 0 0 0 0 0 0 0 0 0 0 0 0 0 0 0 0 0 0 0 0 0 0 0 0 0 0 0 0 0 0 0 0 0 0 0 0 0 0 0 0 0 0 0 0 0 0 0 0 0 0 0 0 0 0 0 0 0 0 0 0 0 0 0 0 0 0 0 0 0 0 0 0 0 0 0 0 0 0 0 0 0 0 0 0 0 0 0 0 0 0 0 0 0 0 0 0 0]
[9193833540865856068521449202106095939219094948386491898347711124509744866293136445695721837281549660484389151660887183900275633252491448960450052874260368379981078801513354653834424057830870707828333518501162160505419958511020698836020943468620718105221401795560088023016615437482684218433357491354923967973493637325437888395 1 0 0 0 0 0 0 0 0 0 0 0 0 0 0 0 0 0 0 0 0 0 0 0 0 0 0 0 0 0 0 0 0 0 0 0 0 0 0 0 0 0 0 0 0 0 0 0 0 0 0 0 0 0 0 0 0 0 0 0 0 0 0 0 0 0 0 0 0 0 0 0 0 0 0 0 0 0 0 0 0 0 0 0 0 0 0 0 0 0 0 0 0 0 0 0 0 0 0 0 0 0 0 0 0 0 0]
[5357860257865225796543351670242001392647657265336675508004052420268626980806281759982922861883580368607321867158061178727194271122619619735268200153014818745068447449689023984422301001016218609847663184966282669881797510150816224912140027811075286256865503147298499023069089775286294953243529512191882425793683989600444866348 0 1 0 0 0 0 0 0 0 0 0 0 0 0 0 0 0 0 0 0 0 0 0 0 0 0 0 0 0 0 0 0 0 0 0 0 0 0 0 0 0 0 0 0 0 0 0 0 0 0 0 0 0 0 0 0 0 0 0 0 0 0 0 0 0 0 0 0 0 0 0 0 0 0 0 0 0 0 0 0 0 0 0 0 0 0 0 0 0 0 0 0 0 0 0 0 0 0 0 0 0 0 0 0 0 0 0]
[1530631155841746492709321185143781438914861361457015375961354879754938800282447778862932345330183081995664463924117898024138745664495654364477941777758998086682757937357330345036264353788552227588524417922935615994911088522400428213082869203615136169657824781832063496558983752881970565888423657672644508597843055428597069068 0 0 1 0 0 0 0 0 0 0 0 0 0 0 0 0 0 0 0 0 0 0 0 0 0 0 0 0 0 0 0 0 0 0 0 0 0 0 0 0 0 0 0 0 0 0 0 0 0 0 0 0 0 0 0 0 0 0 0 0 0 0 0 0 0 0 0 0 0 0 0 0 0 0 0 0 0 0 0 0 0 0 0 0 0 0 0 0 0 0 0 0 0 0 0 0 0 0 0 0 0 0 0 0 0 0 0]
[6655800285843904218948038456953038504564479874906836684576874276630905663962916793426735555154006326123814088875002748598175272120980919635972953459352636762784815488378515787261147782899869640836400042153609963873862390935580871248959748892571579241383046916505274129303846947032485945992604092664926419948440444137758006388 0 0 0 1 0 0 0 0 0 0 0 0 0 0 0 0 0 0 0 0 0 0 0 0 0 0 0 0 0 0 0 0 0 0 0 0 0 0 0 0 0 0 0 0 0 0 0 0 0 0 0 0 0 0 0 0 0 0 0 0 0 0 0 0 0 0 0 0 0 0 0 0 0 0 0 0 0 0 0 0 0 0 0 0 0 0 0 0 0 0 0 0 0 0 0 0 0 0 0 0 0 0 0 0 0 0 0]
[2292690659281112380862794170527514571489412492317587171771828553014406088803022236333149156493096680817182700284498094071560156184639384356509143964884377758257417572841578116611698055974974673063594836889868318092164979772662478983115015403185363145249633680549207560985070601096034887119797838694644051168913182899641995148 0 0 0 0 1 0 0 0 0 0 0 0 0 0 0 0 0 0 0 0 0 0 0 0 0 0 0 0 0 0 0 0 0 0 0 0 0 0 0 0 0 0 0 0 0 0 0 0 0 0 0 0 0 0 0 0 0 0 0 0 0 0 0 0 0 0 0 0 0 0 0 0 0 0 0 0 0 0 0 0 0 0 0 0 0 0 0 0 0 0 0 0 0 0 0 0 0 0 0 0 0 0 0 0 0 0 0]
[2436801746293250767686627084772740805532118960020569128920688591784680892722129950228795136503019034144431974590216647270610490361204869931831886355320491569010377072624025337164808207894986923314246621925828810008600029323516857972937840841218620805204940612061231045533438910728206668921001849484860737952520115625688660306 0 0 0 0 0 1 0 0 0 0 0 0 0 0 0 0 0 0 0 0 0 0 0 0 0 0 0 0 0 0 0 0 0 0 0 0 0 0 0 0 0 0 0 0 0 0 0 0 0 0 0 0 0 0 0 0 0 0 0 0 0 0 0 0 0 0 0 0 0 0 0 0 0 0 0 0 0 0 0 0 0 0 0 0 0 0 0 0 0 0 0 0 0 0 0 0 0 0 0 0 0 0 0 0 0 0 0]
[5319005642758770288866352867039770637978081282965458191545117756170982325312275235993166338351215935375722541754381582018892323750289043096978322213702334520540128142285804690898975399197976540423059738360321159662818801429275058110364588823412100223193519495087386422371870426784208880701152490513563146921283666140450607893 0 0 0 0 0 0 1 0 0 0 0 0 0 0 0 0 0 0 0 0 0 0 0 0 0 0 0 0 0 0 0 0 0 0 0 0 0 0 0 0 0 0 0 0 0 0 0 0 0 0 0 0 0 0 0 0 0 0 0 0 0 0 0 0 0 0 0 0 0 0 0 0 0 0 0 0 0 0 0 0 0 0 0 0 0 0 0 0 0 0 0 0 0 0 0 0 0 0 0 0 0 0 0 0 0 0 0]
[1656012786250725835133909328771710027516480479597728695874582488774195618570551373268887441687111501499929781197458190713272538160801054317218520390437528844975196065559403384553215539520157630702908818780589201495573065251152980322597238329353278621704418248301981764616109698714725382086186803873078539050879581185033307101 0 0 0 0 0 0 0 1 0 0 0 0 0 0 0 0 0 0 0 0 0 0 0 0 0 0 0 0 0 0 0 0 0 0 0 0 0 0 0 0 0 0 0 0 0 0 0 0 0 0 0 0 0 0 0 0 0 0 0 0 0 0 0 0 0 0 0 0 0 0 0 0 0 0 0 0 0 0 0 0 0 0 0 0 0 0 0 0 0 0 0 0 0 0 0 0 0 0 0 0 0 0 0 0 0 0 0]
[1346107001395095192523614640526952784102795357859848378833376295533441640451615351870004665528990699562370734089109126793496286403891474380121443775580777668162208774210468200020328643727071565596886292025196427698889866373703223186864792660655704984424881825030565608136253185977727758671384237899291227976044013390049034008 0 0 0 0 0 0 0 0 1 0 0 0 0 0 0 0 0 0 0 0 0 0 0 0 0 0 0 0 0 0 0 0 0 0 0 0 0 0 0 0 0 0 0 0 0 0 0 0 0 0 0 0 0 0 0 0 0 0 0 0 0 0 0 0 0 0 0 0 0 0 0 0 0 0 0 0 0 0 0 0 0 0 0 0 0 0 0 0 0 0 0 0 0 0 0 0 0 0 0 0 0 0 0 0 0 0 0]
[5537869876798415003140281217265618433273865386733092774037031898027893412963772349866545511355002747879089295673045730166645237247472364470654154164005100017216855537313598934456934003080046232774384283478988523841896246240299411099052277422915216965345136808190169895761167148935254467042785267086205232328696758204509510389 0 0 0 0 0 0 0 0 0 1 0 0 0 0 0 0 0 0 0 0 0 0 0 0 0 0 0 0 0 0 0 0 0 0 0 0 0 0 0 0 0 0 0 0 0 0 0 0 0 0 0 0 0 0 0 0 0 0 0 0 0 0 0 0 0 0 0 0 0 0 0 0 0 0 0 0 0 0 0 0 0 0 0 0 0 0 0 0 0 0 0 0 0 0 0 0 0 0 0 0 0 0 0 0 0 0 0]
[9830184109910358066049614221836655774826534604772698366015129851727587344408307085061874033247679923944645827348346487367004958810956431542910804051825070866504115236984697761540627692661913217827717866297564353035514660699185033846832632870990707620173095745383092986745247180756775768323946577943484822340243618940835476266 0 0 0 0 0 0 0 0 0 0 1 0 0 0 0 0 0 0 0 0 0 0 0 0 0 0 0 0 0 0 0 0 0 0 0 0 0 0 0 0 0 0 0 0 0 0 0 0 0 0 0 0 0 0 0 0 0 0 0 0 0 0 0 0 0 0 0 0 0 0 0 0 0 0 0 0 0 0 0 0 0 0 0 0 0 0 0 0 0 0 0 0 0 0 0 0 0 0 0 0 0 0 0 0 0 0 0]
[5066030377705685809691066225866746932683694393169123913292598110068253990308956771769080411214568297149795800741747112556386203147870609686688212689726283053935872763235997341081551926517681033360462721519250938594463002134808875830900059211114299645670783862957039485928523502271003526543381473565288254785391234111677671165 0 0 0 0 0 0 0 0 0 0 0 1 0 0 0 0 0 0 0 0 0 0 0 0 0 0 0 0 0 0 0 0 0 0 0 0 0 0 0 0 0 0 0 0 0 0 0 0 0 0 0 0 0 0 0 0 0 0 0 0 0 0 0 0 0 0 0 0 0 0 0 0 0 0 0 0 0 0 0 0 0 0 0 0 0 0 0 0 0 0 0 0 0 0 0 0 0 0 0 0 0 0 0 0 0 0 0]
[460800926745923822300229980836224183657476824452206845787535870225596077437746287374089379083891058724466867337533629777773713097321477426818364557379429360828546340758658735689917932143308908055005906204404812750220371858915142790923890183089577098879907083281968723940921039380950967669574344100356234935355443314409337322 0 0 0 0 0 0 0 0 0 0 0 0 1 0 0 0 0 0 0 0 0 0 0 0 0 0 0 0 0 0 0 0 0 0 0 0 0 0 0 0 0 0 0 0 0 0 0 0 0 0 0 0 0 0 0 0 0 0 0 0 0 0 0 0 0 0 0 0 0 0 0 0 0 0 0 0 0 0 0 0 0 0 0 0 0 0 0 0 0 0 0 0 0 0 0 0 0 0 0 0 0 0 0 0 0 0 0]
[350907662215131147337619086375671048008462487331447638037105225865329420707136132732005910029129646224668464243423165348799379565802866655122079951355719239505330164749352128433659537372629839423332793415239542923716411012156770961019611973194614934416010528582601146958938327476531599700920164771440643861301560710495811562 0 0 0 0 0 0 0 0 0 0 0 0 0 1 0 0 0 0 0 0 0 0 0 0 0 0 0 0 0 0 0 0 0 0 0 0 0 0 0 0 0 0 0 0 0 0 0 0 0 0 0 0 0 0 0 0 0 0 0 0 0 0 0 0 0 0 0 0 0 0 0 0 0 0 0 0 0 0 0 0 0 0 0 0 0 0 0 0 0 0 0 0 0 0 0 0 0 0 0 0 0 0 0 0 0 0 0]
[4981648101797614630599296832977883857601537035192242157060442495596212060015204319614651442121078600517484188176112850120890662593966500566650057928261093238756514334277918707984969879186362337730242191473682009478925933117674073481798863440287840118645944562710226238682622280363382714100364901530933316768716900247757607317 0 0 0 0 0 0 0 0 0 0 0 0 0 0 1 0 0 0 0 0 0 0 0 0 0 0 0 0 0 0 0 0 0 0 0 0 0 0 0 0 0 0 0 0 0 0 0 0 0 0 0 0 0 0 0 0 0 0 0 0 0 0 0 0 0 0 0 0 0 0 0 0 0 0 0 0 0 0 0 0 0 0 0 0 0 0 0 0 0 0 0 0 0 0 0 0 0 0 0 0 0 0 0 0 0 0 0]
[576032075139361194955566925181371272139711774721178920141202410967170780852453725092713191176853290208842102959292241491972917291869327539529599511557605853533867347535556570441112572867984259482729215807411991983131601199220869552410058217130920583943571055255488495610178030449673381637336628049730569130562404376907752295 0 0 0 0 0 0 0 0 0 0 0 0 0 0 0 1 0 0 0 0 0 0 0 0 0 0 0 0 0 0 0 0 0 0 0 0 0 0 0 0 0 0 0 0 0 0 0 0 0 0 0 0 0 0 0 0 0 0 0 0 0 0 0 0 0 0 0 0 0 0 0 0 0 0 0 0 0 0 0 0 0 0 0 0 0 0 0 0 0 0 0 0 0 0 0 0 0 0 0 0 0 0 0 0 0 0 0]
[218157332110849334560388998562183541269028575529042811368907531188917662058020694707134657369185436957904694921004372141077721103769879757294583296160037339205632066448229350214822153805978943996057604014516411352761355543189185745385526671276604472626665406362582082618754017566207011345248058942882596844937964147455613924 0 0 0 0 0 0 0 0 0 0 0 0 0 0 0 0 1 0 0 0 0 0 0 0 0 0 0 0 0 0 0 0 0 0 0 0 0 0 0 0 0 0 0 0 0 0 0 0 0 0 0 0 0 0 0 0 0 0 0 0 0 0 0 0 0 0 0 0 0 0 0 0 0 0 0 0 0 0 0 0 0 0 0 0 0 0 0 0 0 0 0 0 0 0 0 0 0 0 0 0 0 0 0 0 0 0 0]
[460500582595347011769896506000680909263045549438834160081840739210600955332628060485543259181829903554369300556747821379151828833196313541263700305367037961371400486634222395387075515119692057187099357460610769154509918437272302915809737603862348159434148240183249914129639809505188365252374775579823660165683489864063190309 0 0 0 0 0 0 0 0 0 0 0 0 0 0 0 0 0 1 0 0 0 0 0 0 0 0 0 0 0 0 0 0 0 0 0 0 0 0 0 0 0 0 0 0 0 0 0 0 0 0 0 0 0 0 0 0 0 0 0 0 0 0 0 0 0 0 0 0 0 0 0 0 0 0 0 0 0 0 0 0 0 0 0 0 0 0 0 0 0 0 0 0 0 0 0 0 0 0 0 0 0 0 0 0 0 0 0]
[10433402763241937358353487449382815718048702369291172584204307734869244521744902907281130408055720224817684457346739153793853651601481609019849176683791079872157872533483486434381468332803667949759017196761674276574554827544040587435491586550916886201524815426560652096288779207826175371807898019804805151184547685017814894847 0 0 0 0 0 0 0 0 0 0 0 0 0 0 0 0 0 0 1 0 0 0 0 0 0 0 0 0 0 0 0 0 0 0 0 0 0 0 0 0 0 0 0 0 0 0 0 0 0 0 0 0 0 0 0 0 0 0 0 0 0 0 0 0 0 0 0 0 0 0 0 0 0 0 0 0 0 0 0 0 0 0 0 0 0 0 0 0 0 0 0 0 0 0 0 0 0 0 0 0 0 0 0 0 0 0 0]
[4945159955462291811313859045598387927152559411654849149653208544983739048432798836973924889032980595180724823404972883591123882902531554984551326415564248594116033219749591529935711350270841133818105293744625623083427095583530611081403510897609404313290950181172429923339285065779551588453351247209261797995611902589816281933 0 0 0 0 0 0 0 0 0 0 0 0 0 0 0 0 0 0 0 1 0 0 0 0 0 0 0 0 0 0 0 0 0 0 0 0 0 0 0 0 0 0 0 0 0 0 0 0 0 0 0 0 0 0 0 0 0 0 0 0 0 0 0 0 0 0 0 0 0 0 0 0 0 0 0 0 0 0 0 0 0 0 0 0 0 0 0 0 0 0 0 0 0 0 0 0 0 0 0 0 0 0 0 0 0 0 0]
[6847908225474251157697632453332637351826488048773722067688012666627625676021137857124622543948572728746457745677284620836106976966005864908365100713552687760637761922523145930704329423709537853193880038291074940767651673033542434565095998282066935183542424251256670146649588969241475474088989610183231999230000902305791774194 0 0 0 0 0 0 0 0 0 0 0 0 0 0 0 0 0 0 0 0 1 0 0 0 0 0 0 0 0 0 0 0 0 0 0 0 0 0 0 0 0 0 0 0 0 0 0 0 0 0 0 0 0 0 0 0 0 0 0 0 0 0 0 0 0 0 0 0 0 0 0 0 0 0 0 0 0 0 0 0 0 0 0 0 0 0 0 0 0 0 0 0 0 0 0 0 0 0 0 0 0 0 0 0 0 0 0]
[4541668752215102999838000425175364599539087035563778861352439736475664915311050213483966179342144222320990673214518412621304430794474070222805712241433897134622740068423072899650651513895834769490901588244440788028209978574655008931262783349486219459162004213381413724762010558594742475655557542293324367121770796793469676425 0 0 0 0 0 0 0 0 0 0 0 0 0 0 0 0 0 0 0 0 0 1 0 0 0 0 0 0 0 0 0 0 0 0 0 0 0 0 0 0 0 0 0 0 0 0 0 0 0 0 0 0 0 0 0 0 0 0 0 0 0 0 0 0 0 0 0 0 0 0 0 0 0 0 0 0 0 0 0 0 0 0 0 0 0 0 0 0 0 0 0 0 0 0 0 0 0 0 0 0 0 0 0 0 0 0 0]
[9459241723293078601220748577000982436729383447242149905984454665086327672543319235929603185237800674305109235901613693256345742949973137444012937499834905629341903918978879941358404145656730891324334350278354643718144729705663201240374836479222386790833574032362857474703094008623885720477168336725010592620821851156206755000 0 0 0 0 0 0 0 0 0 0 0 0 0 0 0 0 0 0 0 0 0 0 1 0 0 0 0 0 0 0 0 0 0 0 0 0 0 0 0 0 0 0 0 0 0 0 0 0 0 0 0 0 0 0 0 0 0 0 0 0 0 0 0 0 0 0 0 0 0 0 0 0 0 0 0 0 0 0 0 0 0 0 0 0 0 0 0 0 0 0 0 0 0 0 0 0 0 0 0 0 0 0 0 0 0 0 0]
[6894998066184367887570168704953131186554512111069465205678236076915196355991147348082382365499279483236758903416559625397232042424260749851512187894838512595455630494992036078858551591028794019711722048806175440891640013382110191411905157079225202082261921181143032032020389083289638626496067594686196462529333782083437815324 0 0 0 0 0 0 0 0 0 0 0 0 0 0 0 0 0 0 0 0 0 0 0 1 0 0 0 0 0 0 0 0 0 0 0 0 0 0 0 0 0 0 0 0 0 0 0 0 0 0 0 0 0 0 0 0 0 0 0 0 0 0 0 0 0 0 0 0 0 0 0 0 0 0 0 0 0 0 0 0 0 0 0 0 0 0 0 0 0 0 0 0 0 0 0 0 0 0 0 0 0 0 0 0 0 0 0]
[6901379883121799671964228199802190636367560195847247380508715974168525690638055018272145071292826375497597151748425977018404275292836148596182778549385917345692033212132347289593385268043060801092825710876989979069178334268765885300117201188425936744266755581690523944894124267227063484918990377319269677073056026637488823575 0 0 0 0 0 0 0 0 0 0 0 0 0 0 0 0 0 0 0 0 0 0 0 0 1 0 0 0 0 0 0 0 0 0 0 0 0 0 0 0 0 0 0 0 0 0 0 0 0 0 0 0 0 0 0 0 0 0 0 0 0 0 0 0 0 0 0 0 0 0 0 0 0 0 0 0 0 0 0 0 0 0 0 0 0 0 0 0 0 0 0 0 0 0 0 0 0 0 0 0 0 0 0 0 0 0 0]
[9250405568068395371742955977447021251558689599117219569842539768920184568861825482703151194573054191249208499800853396567399893062030959902606009760952983600373397363472302981942679164593575558909651053726603487156170281643217309767018429269073748595881452555458024745827936174274751514859040822673753305317700505064001013025 0 0 0 0 0 0 0 0 0 0 0 0 0 0 0 0 0 0 0 0 0 0 0 0 0 1 0 0 0 0 0 0 0 0 0 0 0 0 0 0 0 0 0 0 0 0 0 0 0 0 0 0 0 0 0 0 0 0 0 0 0 0 0 0 0 0 0 0 0 0 0 0 0 0 0 0 0 0 0 0 0 0 0 0 0 0 0 0 0 0 0 0 0 0 0 0 0 0 0 0 0 0 0 0 0 0 0]
[5891191042146941930083833780137696506434006088702385374389130273079622756713319339018841413211278400381354200495789112659651048913483659344512324219265555269445921958543402253968710468573807348158570938482517545617098937912087577782144749685417312239782158354531074446227736292187604999143745766873021999548208155488579883067 0 0 0 0 0 0 0 0 0 0 0 0 0 0 0 0 0 0 0 0 0 0 0 0 0 0 1 0 0 0 0 0 0 0 0 0 0 0 0 0 0 0 0 0 0 0 0 0 0 0 0 0 0 0 0 0 0 0 0 0 0 0 0 0 0 0 0 0 0 0 0 0 0 0 0 0 0 0 0 0 0 0 0 0 0 0 0 0 0 0 0 0 0 0 0 0 0 0 0 0 0 0 0 0 0 0 0]
[7802790290987594078741187098978081977112755458644205985807399952084831196173336448959044423055834261550568609044835462487019925267893370518669723481490963652338438854286789378091992662068178561125454922154193908969519800752166385925017699470569656282921699182141178153093543024833744757905143175261538145326548861602564764251 0 0 0 0 0 0 0 0 0 0 0 0 0 0 0 0 0 0 0 0 0 0 0 0 0 0 0 1 0 0 0 0 0 0 0 0 0 0 0 0 0 0 0 0 0 0 0 0 0 0 0 0 0 0 0 0 0 0 0 0 0 0 0 0 0 0 0 0 0 0 0 0 0 0 0 0 0 0 0 0 0 0 0 0 0 0 0 0 0 0 0 0 0 0 0 0 0 0 0 0 0 0 0 0 0 0 0]
[10446772528130535042567740184727435377686352509790535645997670661337202320285881570214343510544973862357694376304756405552458973218679936429143532856028271875341282614474929194858406719880604193864381417463172010985851912874647962617435669685185405276120228713198973378996418537590099502159571080758828904057691644509328157905 0 0 0 0 0 0 0 0 0 0 0 0 0 0 0 0 0 0 0 0 0 0 0 0 0 0 0 0 1 0 0 0 0 0 0 0 0 0 0 0 0 0 0 0 0 0 0 0 0 0 0 0 0 0 0 0 0 0 0 0 0 0 0 0 0 0 0 0 0 0 0 0 0 0 0 0 0 0 0 0 0 0 0 0 0 0 0 0 0 0 0 0 0 0 0 0 0 0 0 0 0 0 0 0 0 0 0]
[7160356956166301405759240692937537231745733219541022454719241869126094418542272686189291506414744931222111816122816152796601717808894146332125356838816585253945780172480194512323651088742826976095916447669613495342477474162833511750882730288045300662281555647660701069442630781375802794532716818201692814207373915042882443519 0 0 0 0 0 0 0 0 0 0 0 0 0 0 0 0 0 0 0 0 0 0 0 0 0 0 0 0 0 1 0 0 0 0 0 0 0 0 0 0 0 0 0 0 0 0 0 0 0 0 0 0 0 0 0 0 0 0 0 0 0 0 0 0 0 0 0 0 0 0 0 0 0 0 0 0 0 0 0 0 0 0 0 0 0 0 0 0 0 0 0 0 0 0 0 0 0 0 0 0 0 0 0 0 0 0 0]
[2555449362248671262976013889903656865453298076395454780686837070243356567356284866373299447077927839980620370123132383407733593734627648109656966844206092007827179109763456807049568007397269764228227394249001982940739616393582712075248453616275362413167507657653325050510765129725696551769830998259188332187641740323215218126 0 0 0 0 0 0 0 0 0 0 0 0 0 0 0 0 0 0 0 0 0 0 0 0 0 0 0 0 0 0 1 0 0 0 0 0 0 0 0 0 0 0 0 0 0 0 0 0 0 0 0 0 0 0 0 0 0 0 0 0 0 0 0 0 0 0 0 0 0 0 0 0 0 0 0 0 0 0 0 0 0 0 0 0 0 0 0 0 0 0 0 0 0 0 0 0 0 0 0 0 0 0 0 0 0 0 0]
[7806148681202951812114829880987499329104188677129159743304941471761045887744730817834011259477098459994653278579448639164609631520958931487369252098730136352115033316926895600318047322033328031667271076882411022654662229838316760974345725915952044626992056978133040831606790722964412614431849887515050282069967174900916935669 0 0 0 0 0 0 0 0 0 0 0 0 0 0 0 0 0 0 0 0 0 0 0 0 0 0 0 0 0 0 0 1 0 0 0 0 0 0 0 0 0 0 0 0 0 0 0 0 0 0 0 0 0 0 0 0 0 0 0 0 0 0 0 0 0 0 0 0 0 0 0 0 0 0 0 0 0 0 0 0 0 0 0 0 0 0 0 0 0 0 0 0 0 0 0 0 0 0 0 0 0 0 0 0 0 0 0]
[1382001878389731367367335521593033316351397998880003146969885098725209919245845751031595152079210669902540803687522625227147037113872780287297951085950030756960148142459745864929422285507882965957281823656087626185656192972829805157965576394716238343266869683528352287591894506852029824232628627770872461757137701422743269163 0 0 0 0 0 0 0 0 0 0 0 0 0 0 0 0 0 0 0 0 0 0 0 0 0 0 0 0 0 0 0 0 1 0 0 0 0 0 0 0 0 0 0 0 0 0 0 0 0 0 0 0 0 0 0 0 0 0 0 0 0 0 0 0 0 0 0 0 0 0 0 0 0 0 0 0 0 0 0 0 0 0 0 0 0 0 0 0 0 0 0 0 0 0 0 0 0 0 0 0 0 0 0 0 0 0 0]
[7290178424336383594348721197711108595263727496975543438311317085156181087374428978969729204818630752491104279999745583262178617717498408637037400881105983972612407839855541956912018218250277531286601659456860623159679045122556668204156490462396977800876337621001601145170762135975401060222454795062694223535583614279946101764 0 0 0 0 0 0 0 0 0 0 0 0 0 0 0 0 0 0 0 0 0 0 0 0 0 0 0 0 0 0 0 0 0 1 0 0 0 0 0 0 0 0 0 0 0 0 0 0 0 0 0 0 0 0 0 0 0 0 0 0 0 0 0 0 0 0 0 0 0 0 0 0 0 0 0 0 0 0 0 0 0 0 0 0 0 0 0 0 0 0 0 0 0 0 0 0 0 0 0 0 0 0 0 0 0 0 0]
[1580486810170650797964789223478263966556996562301851619565792849143781598944855945049620594412419263565537976037445566534571471611738090880758174399396325351505411189085768666844742396620050617256213165378886046834352783436628865306646939315154774305879484485366904905980275995381136010220933951843525887828261534760889475103 0 0 0 0 0 0 0 0 0 0 0 0 0 0 0 0 0 0 0 0 0 0 0 0 0 0 0 0 0 0 0 0 0 0 1 0 0 0 0 0 0 0 0 0 0 0 0 0 0 0 0 0 0 0 0 0 0 0 0 0 0 0 0 0 0 0 0 0 0 0 0 0 0 0 0 0 0 0 0 0 0 0 0 0 0 0 0 0 0 0 0 0 0 0 0 0 0 0 0 0 0 0 0 0 0 0 0]
[10409666601997882280957246712624472563958804837988789670852714052434067060100524915732853188526566280339505499411773169196526102300198125695849915558773166706528814158309542928970728555646518045796489391405278431160098851088823049662688029150917984303303987029031341420784538348016633312497481185809530729005022082179251920178 0 0 0 0 0 0 0 0 0 0 0 0 0 0 0 0 0 0 0 0 0 0 0 0 0 0 0 0 0 0 0 0 0 0 0 1 0 0 0 0 0 0 0 0 0 0 0 0 0 0 0 0 0 0 0 0 0 0 0 0 0 0 0 0 0 0 0 0 0 0 0 0 0 0 0 0 0 0 0 0 0 0 0 0 0 0 0 0 0 0 0 0 0 0 0 0 0 0 0 0 0 0 0 0 0 0 0]
[3471314437095294307117812182151586863415217859184766115367075259551215887343203962937764581157556700714448280839127767130287571435878435914833238911172687826877022926955628159407217441789524692438141571621439582316828127941025303684906056509834601301878844645672577400129602059221933019057986422077460666521863398919172219584 0 0 0 0 0 0 0 0 0 0 0 0 0 0 0 0 0 0 0 0 0 0 0 0 0 0 0 0 0 0 0 0 0 0 0 0 1 0 0 0 0 0 0 0 0 0 0 0 0 0 0 0 0 0 0 0 0 0 0 0 0 0 0 0 0 0 0 0 0 0 0 0 0 0 0 0 0 0 0 0 0 0 0 0 0 0 0 0 0 0 0 0 0 0 0 0 0 0 0 0 0 0 0 0 0 0 0]
[9048051301309411323856253158246843084469045475104052713032334786673521742302340935295828717465586258247047439076569353875125681633077483537241753762473507830024373865903226980529315891612007186389262146135584886973645199107269868411847690686176842601669903237893924778630881335294364640798552923202686159412900749318482191167 0 0 0 0 0 0 0 0 0 0 0 0 0 0 0 0 0 0 0 0 0 0 0 0 0 0 0 0 0 0 0 0 0 0 0 0 0 1 0 0 0 0 0 0 0 0 0 0 0 0 0 0 0 0 0 0 0 0 0 0 0 0 0 0 0 0 0 0 0 0 0 0 0 0 0 0 0 0 0 0 0 0 0 0 0 0 0 0 0 0 0 0 0 0 0 0 0 0 0 0 0 0 0 0 0 0 0]
[10326434417531121718230987544805276390617271222607619518008704782970511695680990825804197747215421783116343313359981168206743761656293007685535969111875164280705376851656213553056863467719297352691266407872772705504048283690433354468216866048478913394526049112461358461760696915493174532963435249889779447559135319000751419688 0 0 0 0 0 0 0 0 0 0 0 0 0 0 0 0 0 0 0 0 0 0 0 0 0 0 0 0 0 0 0 0 0 0 0 0 0 0 1 0 0 0 0 0 0 0 0 0 0 0 0 0 0 0 0 0 0 0 0 0 0 0 0 0 0 0 0 0 0 0 0 0 0 0 0 0 0 0 0 0 0 0 0 0 0 0 0 0 0 0 0 0 0 0 0 0 0 0 0 0 0 0 0 0 0 0 0]
[10131928651605069730534439406871917155317834080952845497425749766444528718200477344123199948281412516326130772326992228272044965685994574039522026348447423564209316189911401759763952008546355153769029685242357608481399947420445414632272970561441067146167015975866243109662324600025225491097140020005915241379791547649661121318 0 0 0 0 0 0 0 0 0 0 0 0 0 0 0 0 0 0 0 0 0 0 0 0 0 0 0 0 0 0 0 0 0 0 0 0 0 0 0 1 0 0 0 0 0 0 0 0 0 0 0 0 0 0 0 0 0 0 0 0 0 0 0 0 0 0 0 0 0 0 0 0 0 0 0 0 0 0 0 0 0 0 0 0 0 0 0 0 0 0 0 0 0 0 0 0 0 0 0 0 0 0 0 0 0 0 0]
[1695314505348960699285141555240732216005052896252490552109282386463465572840754177086204931851668460582133707510469944037346508870929169036236537048711453818014735212198868336075486021753204087304510633110967683267510306061503955571928540889774581313027484685417096551631330732459561351076922767364969335523665823765001817160 0 0 0 0 0 0 0 0 0 0 0 0 0 0 0 0 0 0 0 0 0 0 0 0 0 0 0 0 0 0 0 0 0 0 0 0 0 0 0 0 1 0 0 0 0 0 0 0 0 0 0 0 0 0 0 0 0 0 0 0 0 0 0 0 0 0 0 0 0 0 0 0 0 0 0 0 0 0 0 0 0 0 0 0 0 0 0 0 0 0 0 0 0 0 0 0 0 0 0 0 0 0 0 0 0 0 0]
[6709007814252312868168902103548630714194163437404109842794344362019088543059616862043796399266411319811940341854749988690939870452411190444432651768882974058815269498153209583946423123756162847235491447585558751587200045831871365548904371531506811137364047762659770718133517077744258074802024777939851125102147876577415891573 0 0 0 0 0 0 0 0 0 0 0 0 0 0 0 0 0 0 0 0 0 0 0 0 0 0 0 0 0 0 0 0 0 0 0 0 0 0 0 0 0 1 0 0 0 0 0 0 0 0 0 0 0 0 0 0 0 0 0 0 0 0 0 0 0 0 0 0 0 0 0 0 0 0 0 0 0 0 0 0 0 0 0 0 0 0 0 0 0 0 0 0 0 0 0 0 0 0 0 0 0 0 0 0 0 0 0]
[5316691199614495077597358687682318147585859926500887539368083101223117938684310718852519711601464751311413660950003084685841832565221331432904593590234730852875198391396704765911290965978031652501833430969262809075690375706040811142763285994253501290080521845102762681084592217992466857956280019043128508851620940319003147053 0 0 0 0 0 0 0 0 0 0 0 0 0 0 0 0 0 0 0 0 0 0 0 0 0 0 0 0 0 0 0 0 0 0 0 0 0 0 0 0 0 0 1 0 0 0 0 0 0 0 0 0 0 0 0 0 0 0 0 0 0 0 0 0 0 0 0 0 0 0 0 0 0 0 0 0 0 0 0 0 0 0 0 0 0 0 0 0 0 0 0 0 0 0 0 0 0 0 0 0 0 0 0 0 0 0 0]
[1673519960790603475600124661673439625773913557517147365260883665688836858155070456079745851601262655569162740372554232996608783036336197839780413266654913555517287825329543256778349304506492675403792024319491962291265788913662012734414866197299794615496823292041627967457171480976805620834332725798532104736385030450323780719 0 0 0 0 0 0 0 0 0 0 0 0 0 0 0 0 0 0 0 0 0 0 0 0 0 0 0 0 0 0 0 0 0 0 0 0 0 0 0 0 0 0 0 1 0 0 0 0 0 0 0 0 0 0 0 0 0 0 0 0 0 0 0 0 0 0 0 0 0 0 0 0 0 0 0 0 0 0 0 0 0 0 0 0 0 0 0 0 0 0 0 0 0 0 0 0 0 0 0 0 0 0 0 0 0 0 0]
[7825496283026899793331347896250702993894750522271851815238356486724600591637541752290852086243900624344763322622885105869724471026804797648520678157264117115743292254856342558994098613445090234097834018293302123675846029152217690639409753526069687907961341430240763905805372563967432479093484811400121171429790075765616290288 0 0 0 0 0 0 0 0 0 0 0 0 0 0 0 0 0 0 0 0 0 0 0 0 0 0 0 0 0 0 0 0 0 0 0 0 0 0 0 0 0 0 0 0 1 0 0 0 0 0 0 0 0 0 0 0 0 0 0 0 0 0 0 0 0 0 0 0 0 0 0 0 0 0 0 0 0 0 0 0 0 0 0 0 0 0 0 0 0 0 0 0 0 0 0 0 0 0 0 0 0 0 0 0 0 0 0]
[4752500115655167319243672398937199439298401099035732462244069531890750411700809778900470721804177571166398301936386060691611146735699540788770910849785931158222530820162979549211859174143447459374231807266261637062906213965540552736849703145947678605977007444928197934210594283986849729970428342881546555660843082069962334878 0 0 0 0 0 0 0 0 0 0 0 0 0 0 0 0 0 0 0 0 0 0 0 0 0 0 0 0 0 0 0 0 0 0 0 0 0 0 0 0 0 0 0 0 0 1 0 0 0 0 0 0 0 0 0 0 0 0 0 0 0 0 0 0 0 0 0 0 0 0 0 0 0 0 0 0 0 0 0 0 0 0 0 0 0 0 0 0 0 0 0 0 0 0 0 0 0 0 0 0 0 0 0 0 0 0 0]
[324938517339070305541234588025093150442135094669680457985145218789487264598191251121415778305104715911355235294155831105587850838750490688310454462884522879758835911537941763334133376369824751593916822822606491153848011755238633368839066843843247508486965459372136322043223711765488996981416884085883903397403079759878281728 0 0 0 0 0 0 0 0 0 0 0 0 0 0 0 0 0 0 0 0 0 0 0 0 0 0 0 0 0 0 0 0 0 0 0 0 0 0 0 0 0 0 0 0 0 0 1 0 0 0 0 0 0 0 0 0 0 0 0 0 0 0 0 0 0 0 0 0 0 0 0 0 0 0 0 0 0 0 0 0 0 0 0 0 0 0 0 0 0 0 0 0 0 0 0 0 0 0 0 0 0 0 0 0 0 0 0]
[2842002846421085091040613337411131731415905996738169233141806903598995456037420312748230173505663163403991457963920063622013443973188167549465812946659370505672423798890900126579969700882757065855709002292488138544525643422196470623202253830059078656536295605966175759860513078670990253402879201791644875658720518095449862067 0 0 0 0 0 0 0 0 0 0 0 0 0 0 0 0 0 0 0 0 0 0 0 0 0 0 0 0 0 0 0 0 0 0 0 0 0 0 0 0 0 0 0 0 0 0 0 1 0 0 0 0 0 0 0 0 0 0 0 0 0 0 0 0 0 0 0 0 0 0 0 0 0 0 0 0 0 0 0 0 0 0 0 0 0 0 0 0 0 0 0 0 0 0 0 0 0 0 0 0 0 0 0 0 0 0 0]
[666952667456399704676889041437241831328650907239984904757194639726877869840774430999289053590842171844497934446119536956009938877880574198477874421868566862719084998942871697681670489704004376065238819107072011368513331708343212372165281194009976278306282723108563215663344505732971863908159921468456827232702606776919768466 0 0 0 0 0 0 0 0 0 0 0 0 0 0 0 0 0 0 0 0 0 0 0 0 0 0 0 0 0 0 0 0 0 0 0 0 0 0 0 0 0 0 0 0 0 0 0 0 1 0 0 0 0 0 0 0 0 0 0 0 0 0 0 0 0 0 0 0 0 0 0 0 0 0 0 0 0 0 0 0 0 0 0 0 0 0 0 0 0 0 0 0 0 0 0 0 0 0 0 0 0 0 0 0 0 0 0]
[3503500473781361982032287894021393366305685759080671612479218926472188603320274634267682886817724234255655919912733013426244485657909290052385381254139678591947251156029988377453309494852412204946993213413502049652470951238711647143362870949210297001186726627734812682951476101580837886385713245593194027702078214049156973178 0 0 0 0 0 0 0 0 0 0 0 0 0 0 0 0 0 0 0 0 0 0 0 0 0 0 0 0 0 0 0 0 0 0 0 0 0 0 0 0 0 0 0 0 0 0 0 0 0 1 0 0 0 0 0 0 0 0 0 0 0 0 0 0 0 0 0 0 0 0 0 0 0 0 0 0 0 0 0 0 0 0 0 0 0 0 0 0 0 0 0 0 0 0 0 0 0 0 0 0 0 0 0 0 0 0 0]
[7310293526666718499987894111182597351670855557962218440496746099830426061906850628185664358461541851922306084228669059782541224962958918536522807350302981450911495286217209297023972296734041765452556547774004444810585785002630867838583720863617715614223930721125650351646491506025181679457000890703108109642663805092717842280 0 0 0 0 0 0 0 0 0 0 0 0 0 0 0 0 0 0 0 0 0 0 0 0 0 0 0 0 0 0 0 0 0 0 0 0 0 0 0 0 0 0 0 0 0 0 0 0 0 0 1 0 0 0 0 0 0 0 0 0 0 0 0 0 0 0 0 0 0 0 0 0 0 0 0 0 0 0 0 0 0 0 0 0 0 0 0 0 0 0 0 0 0 0 0 0 0 0 0 0 0 0 0 0 0 0 0]
[6067950026624259837521668513140525757739553235604939798897876256002055841475407896968536327619055630717635434145568419822367523078939376804229889486837603553336080819438468375072575045698095534653585163996922616624362805289961215923506063544495484901193175928164224943781661493197642936484822590843724089688708458592036780078 0 0 0 0 0 0 0 0 0 0 0 0 0 0 0 0 0 0 0 0 0 0 0 0 0 0 0 0 0 0 0 0 0 0 0 0 0 0 0 0 0 0 0 0 0 0 0 0 0 0 0 1 0 0 0 0 0 0 0 0 0 0 0 0 0 0 0 0 0 0 0 0 0 0 0 0 0 0 0 0 0 0 0 0 0 0 0 0 0 0 0 0 0 0 0 0 0 0 0 0 0 0 0 0 0 0 0]
[9709676993822559256023670467417664128262216562966144542015345411534137048536059507009796887662089598323383111939332506487497787416535829377771499985150246209613279923930511960711786514440611620582815971157134347642223634512549563056570858080021697781563747097501386516064654978533141737323673645936713423823886545360934116040 0 0 0 0 0 0 0 0 0 0 0 0 0 0 0 0 0 0 0 0 0 0 0 0 0 0 0 0 0 0 0 0 0 0 0 0 0 0 0 0 0 0 0 0 0 0 0 0 0 0 0 0 1 0 0 0 0 0 0 0 0 0 0 0 0 0 0 0 0 0 0 0 0 0 0 0 0 0 0 0 0 0 0 0 0 0 0 0 0 0 0 0 0 0 0 0 0 0 0 0 0 0 0 0 0 0 0]
[5561278258590761672178534343534220166405073249295721363265244699859732946221103524927675406700788292676807338452749163231400513089448336040237344514281267754890232411742023168203814070770175244953847217657134863317236074412393240713242698478092954819843443159027307644975364174114545383119682956982870146255242209237621991958 0 0 0 0 0 0 0 0 0 0 0 0 0 0 0 0 0 0 0 0 0 0 0 0 0 0 0 0 0 0 0 0 0 0 0 0 0 0 0 0 0 0 0 0 0 0 0 0 0 0 0 0 0 1 0 0 0 0 0 0 0 0 0 0 0 0 0 0 0 0 0 0 0 0 0 0 0 0 0 0 0 0 0 0 0 0 0 0 0 0 0 0 0 0 0 0 0 0 0 0 0 0 0 0 0 0 0]
[3630050923845899973371565809461121305683949631794513799653881898975061084120095893208523389889054530418686696411049570083479479261572310966637524268869964467316541547122172619102584431308390377391561469774093605502587057455101553205204589015066285699953507326472938208823316639268865857764864652463921053469181781992393940666 0 0 0 0 0 0 0 0 0 0 0 0 0 0 0 0 0 0 0 0 0 0 0 0 0 0 0 0 0 0 0 0 0 0 0 0 0 0 0 0 0 0 0 0 0 0 0 0 0 0 0 0 0 0 1 0 0 0 0 0 0 0 0 0 0 0 0 0 0 0 0 0 0 0 0 0 0 0 0 0 0 0 0 0 0 0 0 0 0 0 0 0 0 0 0 0 0 0 0 0 0 0 0 0 0 0 0]
[4798986480490563538975937831732536668397451604781873466722704980271116320585776929611548018076911299795411458849941173936315317675899216574308039538876749796778828062389997239386623796283369661619364669871947675417381739196047551809359482878985002762300202582356463844258298494457225110406827488047574429198903765576715758280 0 0 0 0 0 0 0 0 0 0 0 0 0 0 0 0 0 0 0 0 0 0 0 0 0 0 0 0 0 0 0 0 0 0 0 0 0 0 0 0 0 0 0 0 0 0 0 0 0 0 0 0 0 0 0 1 0 0 0 0 0 0 0 0 0 0 0 0 0 0 0 0 0 0 0 0 0 0 0 0 0 0 0 0 0 0 0 0 0 0 0 0 0 0 0 0 0 0 0 0 0 0 0 0 0 0 0]
[3810564076174188539296225138532099416368331623783646093749559695731676980807633427248193470676785306320670156237820119563487620115300241770135665411049108140563400654971608987931329763136370624482353463698213178575745853047776251813848943592434679328343326726610658541761820338523669567779152217507503746191530856152367532375 0 0 0 0 0 0 0 0 0 0 0 0 0 0 0 0 0 0 0 0 0 0 0 0 0 0 0 0 0 0 0 0 0 0 0 0 0 0 0 0 0 0 0 0 0 0 0 0 0 0 0 0 0 0 0 0 1 0 0 0 0 0 0 0 0 0 0 0 0 0 0 0 0 0 0 0 0 0 0 0 0 0 0 0 0 0 0 0 0 0 0 0 0 0 0 0 0 0 0 0 0 0 0 0 0 0 0]
[4066418357644592311523696168545166337626740817321851231460292203996171919522111262995776107224543546139133203334637377146965958136184918095218819868075571535330431901444954275082616316223700855870963168532101340350851581192318277234916996551379147175051981988849596687797139110164330113301728157142187103181264058663977272767 0 0 0 0 0 0 0 0 0 0 0 0 0 0 0 0 0 0 0 0 0 0 0 0 0 0 0 0 0 0 0 0 0 0 0 0 0 0 0 0 0 0 0 0 0 0 0 0 0 0 0 0 0 0 0 0 0 1 0 0 0 0 0 0 0 0 0 0 0 0 0 0 0 0 0 0 0 0 0 0 0 0 0 0 0 0 0 0 0 0 0 0 0 0 0 0 0 0 0 0 0 0 0 0 0 0 0]
[6458500643265526229789848642470887096422454243772229054643187895849085665680335720067209357626573510156823566785962043158880151766048301167113430196391383283577945981320509713016688399958513750377390928034767707802116429602376837352653604024608351270002080094008616945129941879929489097509917327983019455317775757305380321210 0 0 0 0 0 0 0 0 0 0 0 0 0 0 0 0 0 0 0 0 0 0 0 0 0 0 0 0 0 0 0 0 0 0 0 0 0 0 0 0 0 0 0 0 0 0 0 0 0 0 0 0 0 0 0 0 0 0 1 0 0 0 0 0 0 0 0 0 0 0 0 0 0 0 0 0 0 0 0 0 0 0 0 0 0 0 0 0 0 0 0 0 0 0 0 0 0 0 0 0 0 0 0 0 0 0 0]
[1821692666558146603673134586668056445320517254752305241698827184695050633234151973099680678378760297507244947928719069721414679118823157551885295250750695068328887015051698726602948527170515592890511840719314028811586243268447117244345023719931884687295535728878641482397214137826198284593877970403312447373510992367475837262 0 0 0 0 0 0 0 0 0 0 0 0 0 0 0 0 0 0 0 0 0 0 0 0 0 0 0 0 0 0 0 0 0 0 0 0 0 0 0 0 0 0 0 0 0 0 0 0 0 0 0 0 0 0 0 0 0 0 0 1 0 0 0 0 0 0 0 0 0 0 0 0 0 0 0 0 0 0 0 0 0 0 0 0 0 0 0 0 0 0 0 0 0 0 0 0 0 0 0 0 0 0 0 0 0 0 0]
[5850311933140062549052550786153166242407928878279526608141964034652936429105660214411369010507757454925530377942316167875038657902625471194042483514364801008014564431955310294082914850882878827426616270765288833457565724946595548178819643871409360255935996189229113480523202015563858706174000244438812825519500118173588153780 0 0 0 0 0 0 0 0 0 0 0 0 0 0 0 0 0 0 0 0 0 0 0 0 0 0 0 0 0 0 0 0 0 0 0 0 0 0 0 0 0 0 0 0 0 0 0 0 0 0 0 0 0 0 0 0 0 0 0 0 1 0 0 0 0 0 0 0 0 0 0 0 0 0 0 0 0 0 0 0 0 0 0 0 0 0 0 0 0 0 0 0 0 0 0 0 0 0 0 0 0 0 0 0 0 0 0]
[4230742035623807062253483947637069657230163979892595209615755198989106235274016320170145226287788998495389212734606016522621974045098920253554595454077146261957461576198330206937828129687237446391185191176995974542098598476784135298797855609514359812389891547162451019880954291886103370865167668773930871035550347562522060133 0 0 0 0 0 0 0 0 0 0 0 0 0 0 0 0 0 0 0 0 0 0 0 0 0 0 0 0 0 0 0 0 0 0 0 0 0 0 0 0 0 0 0 0 0 0 0 0 0 0 0 0 0 0 0 0 0 0 0 0 0 1 0 0 0 0 0 0 0 0 0 0 0 0 0 0 0 0 0 0 0 0 0 0 0 0 0 0 0 0 0 0 0 0 0 0 0 0 0 0 0 0 0 0 0 0 0]
[4361253007948813244902001734234913849516672613167605006568045280902569524670638581411337777463684712324242195713847437067354553402727495329713762320643087947388556029594278283546393699027906639176187912407022164381361473510199344858203043606929388829205593729152249592298667442963424012893294576667710125570738852318711547753 0 0 0 0 0 0 0 0 0 0 0 0 0 0 0 0 0 0 0 0 0 0 0 0 0 0 0 0 0 0 0 0 0 0 0 0 0 0 0 0 0 0 0 0 0 0 0 0 0 0 0 0 0 0 0 0 0 0 0 0 0 0 1 0 0 0 0 0 0 0 0 0 0 0 0 0 0 0 0 0 0 0 0 0 0 0 0 0 0 0 0 0 0 0 0 0 0 0 0 0 0 0 0 0 0 0 0]
[10312589943293651012713487003595848293086022550423418307496966363452842783596247076297999755470950538378524468596754342399650071824137299549909383127057977804852200236472426842464832832264228015110388183495716331885274332797404534605224422385448145713268581271557145137295139560165421243583545863487306723041408952082800699088 0 0 0 0 0 0 0 0 0 0 0 0 0 0 0 0 0 0 0 0 0 0 0 0 0 0 0 0 0 0 0 0 0 0 0 0 0 0 0 0 0 0 0 0 0 0 0 0 0 0 0 0 0 0 0 0 0 0 0 0 0 0 0 1 0 0 0 0 0 0 0 0 0 0 0 0 0 0 0 0 0 0 0 0 0 0 0 0 0 0 0 0 0 0 0 0 0 0 0 0 0 0 0 0 0 0 0]
[1607751467554449802194836622507146886779168895904508485140908469916603169233946541827163207918104311421282706715621108473531070699603785561834217470787971503938351004852706946594236550443756543807060671963713861832854692080879195352816921472163796602338582116639632286366527081914543332095709099564692643503751718958946040061 0 0 0 0 0 0 0 0 0 0 0 0 0 0 0 0 0 0 0 0 0 0 0 0 0 0 0 0 0 0 0 0 0 0 0 0 0 0 0 0 0 0 0 0 0 0 0 0 0 0 0 0 0 0 0 0 0 0 0 0 0 0 0 0 1 0 0 0 0 0 0 0 0 0 0 0 0 0 0 0 0 0 0 0 0 0 0 0 0 0 0 0 0 0 0 0 0 0 0 0 0 0 0 0 0 0 0]
[8536190254450997183876811085431526580538473502403795273431008733729165145800539391535343627243750104109608491660102354325762347289544095756209978409396845262819892885578131047531427238991206082025400468931962695367942073079484748171265788922357223580454119164880087300379606145358071121192735864676406384539560220580221265908 0 0 0 0 0 0 0 0 0 0 0 0 0 0 0 0 0 0 0 0 0 0 0 0 0 0 0 0 0 0 0 0 0 0 0 0 0 0 0 0 0 0 0 0 0 0 0 0 0 0 0 0 0 0 0 0 0 0 0 0 0 0 0 0 0 1 0 0 0 0 0 0 0 0 0 0 0 0 0 0 0 0 0 0 0 0 0 0 0 0 0 0 0 0 0 0 0 0 0 0 0 0 0 0 0 0 0]
[3967939754047338028227425833990333811731012289792980219548912303093339567167404430636423374964563311758837640156027253462378085628272530709541865598680813351668749921616618088528179379313095915004177375939036160990513088195443201134326175286286087951753649676402343954482861517029202122333899564932758301244008541222246765168 0 0 0 0 0 0 0 0 0 0 0 0 0 0 0 0 0 0 0 0 0 0 0 0 0 0 0 0 0 0 0 0 0 0 0 0 0 0 0 0 0 0 0 0 0 0 0 0 0 0 0 0 0 0 0 0 0 0 0 0 0 0 0 0 0 0 1 0 0 0 0 0 0 0 0 0 0 0 0 0 0 0 0 0 0 0 0 0 0 0 0 0 0 0 0 0 0 0 0 0 0 0 0 0 0 0 0]
[9663970371570417810176294466322768388751902868389902132493940227649863007342627205321206037584914293612071823107751171098811931216875802738894368974569621225546387342105996487627394145897852776063761265855111507513489648672466375364387499906679464505481320584298988052008645616475836585318272534774232054943340160810639719807 0 0 0 0 0 0 0 0 0 0 0 0 0 0 0 0 0 0 0 0 0 0 0 0 0 0 0 0 0 0 0 0 0 0 0 0 0 0 0 0 0 0 0 0 0 0 0 0 0 0 0 0 0 0 0 0 0 0 0 0 0 0 0 0 0 0 0 1 0 0 0 0 0 0 0 0 0 0 0 0 0 0 0 0 0 0 0 0 0 0 0 0 0 0 0 0 0 0 0 0 0 0 0 0 0 0 0]
[7287437149564606266169634864689404385075495443859618312130236316101258443360215380891578968395008735711376127350526213282112892844525603698786808531427876742732375830356250876571754454099394479435123945411319302656251821690310137572155833823586417153464846223026078110242743403192321232265367867425999903612941262865713499502 0 0 0 0 0 0 0 0 0 0 0 0 0 0 0 0 0 0 0 0 0 0 0 0 0 0 0 0 0 0 0 0 0 0 0 0 0 0 0 0 0 0 0 0 0 0 0 0 0 0 0 0 0 0 0 0 0 0 0 0 0 0 0 0 0 0 0 0 1 0 0 0 0 0 0 0 0 0 0 0 0 0 0 0 0 0 0 0 0 0 0 0 0 0 0 0 0 0 0 0 0 0 0 0 0 0 0]
[7310210276210363864769658620410319722232855403592156528383673364268318226390818111203698027855833751559400054872805873824723167043553864572410686346932061679727199545571330272574451865501345040558471663170315206444520132929665571445412221731515400057631179884272856366384708663412493235949434318095013185135404365828515759483 0 0 0 0 0 0 0 0 0 0 0 0 0 0 0 0 0 0 0 0 0 0 0 0 0 0 0 0 0 0 0 0 0 0 0 0 0 0 0 0 0 0 0 0 0 0 0 0 0 0 0 0 0 0 0 0 0 0 0 0 0 0 0 0 0 0 0 0 0 1 0 0 0 0 0 0 0 0 0 0 0 0 0 0 0 0 0 0 0 0 0 0 0 0 0 0 0 0 0 0 0 0 0 0 0 0 0]
[4647005452952858204606845184851095379121841341934608595580322159580541990611904976765031933957010885260684227051582150059584190089235127315078664134822459249523552843543142371436590583944437015870380256357041279353448824920099716001957912693199621192035707671721744755736471036360206247608549043633365704549163577018877355364 0 0 0 0 0 0 0 0 0 0 0 0 0 0 0 0 0 0 0 0 0 0 0 0 0 0 0 0 0 0 0 0 0 0 0 0 0 0 0 0 0 0 0 0 0 0 0 0 0 0 0 0 0 0 0 0 0 0 0 0 0 0 0 0 0 0 0 0 0 0 1 0 0 0 0 0 0 0 0 0 0 0 0 0 0 0 0 0 0 0 0 0 0 0 0 0 0 0 0 0 0 0 0 0 0 0 0]
[5832513130943293223547129693167531791883839785627756512082128409981533416404383170639118608124816647239798761793959349369384830042350480380173153701505905915655595015053462762638190187920203817322849822010044025833948848860948359042645588571297361983223151585659069358968008631334027377727965012959400654119678465481865782794 0 0 0 0 0 0 0 0 0 0 0 0 0 0 0 0 0 0 0 0 0 0 0 0 0 0 0 0 0 0 0 0 0 0 0 0 0 0 0 0 0 0 0 0 0 0 0 0 0 0 0 0 0 0 0 0 0 0 0 0 0 0 0 0 0 0 0 0 0 0 0 1 0 0 0 0 0 0 0 0 0 0 0 0 0 0 0 0 0 0 0 0 0 0 0 0 0 0 0 0 0 0 0 0 0 0 0]
[2026252846627132857614645045160306695619584924184101076812435529195597008573069282851490446964994252541759798821632161466835434134310742191780284954180190435884702373116758885303739923389513732258211087163857295810233132699864532500701737545885772711079654332029123962626461075723756430850111416224730861440171596687400179568 0 0 0 0 0 0 0 0 0 0 0 0 0 0 0 0 0 0 0 0 0 0 0 0 0 0 0 0 0 0 0 0 0 0 0 0 0 0 0 0 0 0 0 0 0 0 0 0 0 0 0 0 0 0 0 0 0 0 0 0 0 0 0 0 0 0 0 0 0 0 0 0 1 0 0 0 0 0 0 0 0 0 0 0 0 0 0 0 0 0 0 0 0 0 0 0 0 0 0 0 0 0 0 0 0 0 0]
[4398730288022488192504855752265172558692979185482199433417041544651305467103591510745422591019641876482297443810806267781453988574092067333231825278128445786720079360601262355418476493818209730693798152662878801815709150511218561227761661465625365441611853647470232764285352363418361312598945960249179559916044509336519923830 0 0 0 0 0 0 0 0 0 0 0 0 0 0 0 0 0 0 0 0 0 0 0 0 0 0 0 0 0 0 0 0 0 0 0 0 0 0 0 0 0 0 0 0 0 0 0 0 0 0 0 0 0 0 0 0 0 0 0 0 0 0 0 0 0 0 0 0 0 0 0 0 0 1 0 0 0 0 0 0 0 0 0 0 0 0 0 0 0 0 0 0 0 0 0 0 0 0 0 0 0 0 0 0 0 0 0]
[7896926573900077357406492405443076669013878071417606827104662432749796116938104352289811648603434716854966332571706266637033452366624862158277500582099699931028269816139513261937552077342026777871223222630362635057800319736427622784725204356884445720344381286912738988445241773729028149627033826126419008638491808547101828453 0 0 0 0 0 0 0 0 0 0 0 0 0 0 0 0 0 0 0 0 0 0 0 0 0 0 0 0 0 0 0 0 0 0 0 0 0 0 0 0 0 0 0 0 0 0 0 0 0 0 0 0 0 0 0 0 0 0 0 0 0 0 0 0 0 0 0 0 0 0 0 0 0 0 1 0 0 0 0 0 0 0 0 0 0 0 0 0 0 0 0 0 0 0 0 0 0 0 0 0 0 0 0 0 0 0 0]
[8138165495609977671931176135338170585963120347322687637099798435760157440953325722819820265739858528578370277775553928673172137994628718523975687478204446622781458328307541371669873441116889706736739083634376131596826797767754605175833867847219370085466778618026262348534806618189805343201772248916773705669569748159019580609 0 0 0 0 0 0 0 0 0 0 0 0 0 0 0 0 0 0 0 0 0 0 0 0 0 0 0 0 0 0 0 0 0 0 0 0 0 0 0 0 0 0 0 0 0 0 0 0 0 0 0 0 0 0 0 0 0 0 0 0 0 0 0 0 0 0 0 0 0 0 0 0 0 0 0 1 0 0 0 0 0 0 0 0 0 0 0 0 0 0 0 0 0 0 0 0 0 0 0 0 0 0 0 0 0 0 0]
[9453558851179737336279864980237302956064300640336131968448588992029526918587393703922467505937832471045611833175106479588013769926162597815818355635368048490927687568903207454883793572317381618252106654761214256335620524664528925933889996933661815374708228038912278614378728883589370581379627341005911970412966467224716725811 0 0 0 0 0 0 0 0 0 0 0 0 0 0 0 0 0 0 0 0 0 0 0 0 0 0 0 0 0 0 0 0 0 0 0 0 0 0 0 0 0 0 0 0 0 0 0 0 0 0 0 0 0 0 0 0 0 0 0 0 0 0 0 0 0 0 0 0 0 0 0 0 0 0 0 0 1 0 0 0 0 0 0 0 0 0 0 0 0 0 0 0 0 0 0 0 0 0 0 0 0 0 0 0 0 0 0]
[1093282860492015849825614562788925390592951591666890023156640223408874319038294230596972928441913415585864023448251451100558806748510492888748919430250620969865098681439402311136955168696731959244920687151531298270492486764832627914322150875161007678234958964147675724971008948437838978805748129243013122013838127238229849598 0 0 0 0 0 0 0 0 0 0 0 0 0 0 0 0 0 0 0 0 0 0 0 0 0 0 0 0 0 0 0 0 0 0 0 0 0 0 0 0 0 0 0 0 0 0 0 0 0 0 0 0 0 0 0 0 0 0 0 0 0 0 0 0 0 0 0 0 0 0 0 0 0 0 0 0 0 1 0 0 0 0 0 0 0 0 0 0 0 0 0 0 0 0 0 0 0 0 0 0 0 0 0 0 0 0 0]
[9530645259889155824654594451266877674239584807620500818317412316220966819658377829579201016128595052873338012970007039175682724510985971407888735534375883258431564998296743862057125030985111060069625813559677696398894622128744817495733523578494481291665505492807436767106673698725668455666978949191334300752455141946369042664 0 0 0 0 0 0 0 0 0 0 0 0 0 0 0 0 0 0 0 0 0 0 0 0 0 0 0 0 0 0 0 0 0 0 0 0 0 0 0 0 0 0 0 0 0 0 0 0 0 0 0 0 0 0 0 0 0 0 0 0 0 0 0 0 0 0 0 0 0 0 0 0 0 0 0 0 0 0 1 0 0 0 0 0 0 0 0 0 0 0 0 0 0 0 0 0 0 0 0 0 0 0 0 0 0 0 0]
[3874013494084981029189578945792414853791540905496759035840770838740926871007174044785010402979266897294824999327968582860224144874577348888698209009057524298119391982811961862147233110023909761510666898924047565185328330510812031073152758071846306777478663335615852720234404504667354193982901627439393871057383894901700919133 0 0 0 0 0 0 0 0 0 0 0 0 0 0 0 0 0 0 0 0 0 0 0 0 0 0 0 0 0 0 0 0 0 0 0 0 0 0 0 0 0 0 0 0 0 0 0 0 0 0 0 0 0 0 0 0 0 0 0 0 0 0 0 0 0 0 0 0 0 0 0 0 0 0 0 0 0 0 0 1 0 0 0 0 0 0 0 0 0 0 0 0 0 0 0 0 0 0 0 0 0 0 0 0 0 0 0]
[8877544751376315130142818894566059364485327219481691233395185839641470534178060046314717787579513952096553324044766933145332363807711380217603822892687346725363432497886926653829706997303312147173962033430979987194635315496967020840872098917953210033821340619334166686632426084795542337916492086894472923714918800718393114889 0 0 0 0 0 0 0 0 0 0 0 0 0 0 0 0 0 0 0 0 0 0 0 0 0 0 0 0 0 0 0 0 0 0 0 0 0 0 0 0 0 0 0 0 0 0 0 0 0 0 0 0 0 0 0 0 0 0 0 0 0 0 0 0 0 0 0 0 0 0 0 0 0 0 0 0 0 0 0 0 1 0 0 0 0 0 0 0 0 0 0 0 0 0 0 0 0 0 0 0 0 0 0 0 0 0 0]
[6131968604458868309730985291516852223908659158883936018032040295050531590331469872974116244946167547535589619335775060866578834645530384839584111949017234101158728482438068870200575690034447438725968067391786376653781890035184430081212944701342449923756737132611180628557106058063496535876554471777534814682636878689678984922 0 0 0 0 0 0 0 0 0 0 0 0 0 0 0 0 0 0 0 0 0 0 0 0 0 0 0 0 0 0 0 0 0 0 0 0 0 0 0 0 0 0 0 0 0 0 0 0 0 0 0 0 0 0 0 0 0 0 0 0 0 0 0 0 0 0 0 0 0 0 0 0 0 0 0 0 0 0 0 0 0 1 0 0 0 0 0 0 0 0 0 0 0 0 0 0 0 0 0 0 0 0 0 0 0 0 0]
[4141119737392485221848975264493043052649311015448466419112754810451856194747400756710707822823790317742608948106393753288835779055051515458247499998717579733469868024114940920284353059838003685264905899933280432893012394323052179124407940168053923438298532313107011110126427769919094278250558225803354450233491747973729898746 0 0 0 0 0 0 0 0 0 0 0 0 0 0 0 0 0 0 0 0 0 0 0 0 0 0 0 0 0 0 0 0 0 0 0 0 0 0 0 0 0 0 0 0 0 0 0 0 0 0 0 0 0 0 0 0 0 0 0 0 0 0 0 0 0 0 0 0 0 0 0 0 0 0 0 0 0 0 0 0 0 0 1 0 0 0 0 0 0 0 0 0 0 0 0 0 0 0 0 0 0 0 0 0 0 0 0]
[3498016386459417765521644230069046791192799990833230720674737052751424022355803732162314090958701985449250114316299063584162662190270103538217064438174701869891587596339765187579782738899735867399868374451085013370941495993065132572763564622077716920365314495584034840616139331198279126179336678767563279176949811714787221920 0 0 0 0 0 0 0 0 0 0 0 0 0 0 0 0 0 0 0 0 0 0 0 0 0 0 0 0 0 0 0 0 0 0 0 0 0 0 0 0 0 0 0 0 0 0 0 0 0 0 0 0 0 0 0 0 0 0 0 0 0 0 0 0 0 0 0 0 0 0 0 0 0 0 0 0 0 0 0 0 0 0 0 1 0 0 0 0 0 0 0 0 0 0 0 0 0 0 0 0 0 0 0 0 0 0 0]
[6156564110020067026834272728491287221526674931649606635898350201851164638814321343953828662395230900204420233759257771045749302534236742819771436759591946497945108538019249308124144907305823958338437281510509773731511433324712775158069085910033109527897304307331016638999821997709944358094441831423817740519194773004690157752 0 0 0 0 0 0 0 0 0 0 0 0 0 0 0 0 0 0 0 0 0 0 0 0 0 0 0 0 0 0 0 0 0 0 0 0 0 0 0 0 0 0 0 0 0 0 0 0 0 0 0 0 0 0 0 0 0 0 0 0 0 0 0 0 0 0 0 0 0 0 0 0 0 0 0 0 0 0 0 0 0 0 0 0 1 0 0 0 0 0 0 0 0 0 0 0 0 0 0 0 0 0 0 0 0 0 0]
[7086649597782814938924393504947168788366548328103590320636678712403815440669980273806136657977300857112426156233781256783707811863833773756709654681639547819217287430483049000952727600786279377714541846168859540704468675863295083858735101105549384665717479087201590183487591881942500656230162097585688657813025129945195021924 0 0 0 0 0 0 0 0 0 0 0 0 0 0 0 0 0 0 0 0 0 0 0 0 0 0 0 0 0 0 0 0 0 0 0 0 0 0 0 0 0 0 0 0 0 0 0 0 0 0 0 0 0 0 0 0 0 0 0 0 0 0 0 0 0 0 0 0 0 0 0 0 0 0 0 0 0 0 0 0 0 0 0 0 0 1 0 0 0 0 0 0 0 0 0 0 0 0 0 0 0 0 0 0 0 0 0]
[8904706705296937232123271073764659041708983065935327990194674474953204959871977512809126683310089657087556445266530896133850112892769428898465205251716769734777308067644982014044347547337600909735970916109961198986558492187602714800308463727020098638549947140481723124243783246804994830239800020002899223598698090913391346275 0 0 0 0 0 0 0 0 0 0 0 0 0 0 0 0 0 0 0 0 0 0 0 0 0 0 0 0 0 0 0 0 0 0 0 0 0 0 0 0 0 0 0 0 0 0 0 0 0 0 0 0 0 0 0 0 0 0 0 0 0 0 0 0 0 0 0 0 0 0 0 0 0 0 0 0 0 0 0 0 0 0 0 0 0 0 1 0 0 0 0 0 0 0 0 0 0 0 0 0 0 0 0 0 0 0 0]
[9490967601139994797541624886521319527646172170338572901948715605960908900348733095141307708652599436921375632882962386262282982987182812120276123970842031444916488251428176105997036596461652741897096281657324489745438044138321226667369289620402436761612901164477090345761040709015118006698261069723247923893730520244071976447 0 0 0 0 0 0 0 0 0 0 0 0 0 0 0 0 0 0 0 0 0 0 0 0 0 0 0 0 0 0 0 0 0 0 0 0 0 0 0 0 0 0 0 0 0 0 0 0 0 0 0 0 0 0 0 0 0 0 0 0 0 0 0 0 0 0 0 0 0 0 0 0 0 0 0 0 0 0 0 0 0 0 0 0 0 0 0 1 0 0 0 0 0 0 0 0 0 0 0 0 0 0 0 0 0 0 0]
[3257998247742565581229423592188245343547662302237042947648607677520739401082747351534856981311034936650356488884064934978337516154586285188479673071964324430696845367019912595279078901830153203856266498345199137312252554889364320401496233616962648021658630868028631698304361225908377579066610235505828577675421041041771589752 0 0 0 0 0 0 0 0 0 0 0 0 0 0 0 0 0 0 0 0 0 0 0 0 0 0 0 0 0 0 0 0 0 0 0 0 0 0 0 0 0 0 0 0 0 0 0 0 0 0 0 0 0 0 0 0 0 0 0 0 0 0 0 0 0 0 0 0 0 0 0 0 0 0 0 0 0 0 0 0 0 0 0 0 0 0 0 0 1 0 0 0 0 0 0 0 0 0 0 0 0 0 0 0 0 0 0]
[1654330104166188981515761571223636855133045410530606406466961635681378577329308012205134127592204087029086023825098014342737871747748056562553366757773099804750569278876916608771330995907918001831365564136606263007222498710711412935252066466756945697318129671778106972208364797374633814649437380865598934265781493845935454203 0 0 0 0 0 0 0 0 0 0 0 0 0 0 0 0 0 0 0 0 0 0 0 0 0 0 0 0 0 0 0 0 0 0 0 0 0 0 0 0 0 0 0 0 0 0 0 0 0 0 0 0 0 0 0 0 0 0 0 0 0 0 0 0 0 0 0 0 0 0 0 0 0 0 0 0 0 0 0 0 0 0 0 0 0 0 0 0 0 1 0 0 0 0 0 0 0 0 0 0 0 0 0 0 0 0 0]
[2349989473877660416219438645402328705263697981017194936821131331201566500744008869673026275454103298210139167723012937882408303024230443451669186719907927323739451069032194393883513139216737918813091295454001343263345221397103854616290122117090357539161699278351365686040708296208879907161845568673681743737452349455834125356 0 0 0 0 0 0 0 0 0 0 0 0 0 0 0 0 0 0 0 0 0 0 0 0 0 0 0 0 0 0 0 0 0 0 0 0 0 0 0 0 0 0 0 0 0 0 0 0 0 0 0 0 0 0 0 0 0 0 0 0 0 0 0 0 0 0 0 0 0 0 0 0 0 0 0 0 0 0 0 0 0 0 0 0 0 0 0 0 0 0 1 0 0 0 0 0 0 0 0 0 0 0 0 0 0 0 0]
[7909441652768673154865532123606352193761196885865279174877260791640021495602775017980730261112940114099194257622316256477625238811124304926353930921355840943420275028264044939728005225233703891683463484677215181257707311299118536343355905118471365591545784581970446225091147667539997385626750015644980449873176909070643141331 0 0 0 0 0 0 0 0 0 0 0 0 0 0 0 0 0 0 0 0 0 0 0 0 0 0 0 0 0 0 0 0 0 0 0 0 0 0 0 0 0 0 0 0 0 0 0 0 0 0 0 0 0 0 0 0 0 0 0 0 0 0 0 0 0 0 0 0 0 0 0 0 0 0 0 0 0 0 0 0 0 0 0 0 0 0 0 0 0 0 0 1 0 0 0 0 0 0 0 0 0 0 0 0 0 0 0]
[3749976893950596023461810011354806953825772873798088264933931508469194552223891765816513521745123783162320827896218943750906651632807147346072210073507019949113461644569498154332001649331200772679253646717021966843839834979657925573094876946341245749231361580776549300212667185940802243818175271365976869503782627002445690822 0 0 0 0 0 0 0 0 0 0 0 0 0 0 0 0 0 0 0 0 0 0 0 0 0 0 0 0 0 0 0 0 0 0 0 0 0 0 0 0 0 0 0 0 0 0 0 0 0 0 0 0 0 0 0 0 0 0 0 0 0 0 0 0 0 0 0 0 0 0 0 0 0 0 0 0 0 0 0 0 0 0 0 0 0 0 0 0 0 0 0 0 1 0 0 0 0 0 0 0 0 0 0 0 0 0 0]
[383725386534163038839503013565482763444036403021540782213113591224831451084963040096765438600991498385304823980713018459395643798198193723557178848279280096518333379194036074294194443743682889515362371323466792594319443736510101089310289654289263900993155053796665212389955328017046547339469737861674276423048292451836082582 0 0 0 0 0 0 0 0 0 0 0 0 0 0 0 0 0 0 0 0 0 0 0 0 0 0 0 0 0 0 0 0 0 0 0 0 0 0 0 0 0 0 0 0 0 0 0 0 0 0 0 0 0 0 0 0 0 0 0 0 0 0 0 0 0 0 0 0 0 0 0 0 0 0 0 0 0 0 0 0 0 0 0 0 0 0 0 0 0 0 0 0 0 1 0 0 0 0 0 0 0 0 0 0 0 0 0]
[5932902313015193957905317161014558961960710998013953786266411720702870190754866257104076469827813909254211685364328563677645765934164547888447841397031665083936733807083972826459812542536231063890266184766454498025529568700271989913073225741166047229660239053718224912078568530685934782732101356948291438644282726475651455739 0 0 0 0 0 0 0 0 0 0 0 0 0 0 0 0 0 0 0 0 0 0 0 0 0 0 0 0 0 0 0 0 0 0 0 0 0 0 0 0 0 0 0 0 0 0 0 0 0 0 0 0 0 0 0 0 0 0 0 0 0 0 0 0 0 0 0 0 0 0 0 0 0 0 0 0 0 0 0 0 0 0 0 0 0 0 0 0 0 0 0 0 0 0 1 0 0 0 0 0 0 0 0 0 0 0 0]
[4217198024675507725785740103475113081880680440419354055218817652587531635631544101769694098029223926335352465928840674270726672482991352838036016864699660146249517010213378640930499720846452021484856955324793657376827087456213006457243089146699554050661456663212244848371410425306155902973512640924302884592339228918973116664 0 0 0 0 0 0 0 0 0 0 0 0 0 0 0 0 0 0 0 0 0 0 0 0 0 0 0 0 0 0 0 0 0 0 0 0 0 0 0 0 0 0 0 0 0 0 0 0 0 0 0 0 0 0 0 0 0 0 0 0 0 0 0 0 0 0 0 0 0 0 0 0 0 0 0 0 0 0 0 0 0 0 0 0 0 0 0 0 0 0 0 0 0 0 0 1 0 0 0 0 0 0 0 0 0 0 0]
[7916514636985331510459514297190457942830875913867146149001744522192594145316899492032313847914726397149400104162979411917299295991716207950635878823643056123903311645559796428242860606398874513141671906182984546155248346748893364992960141850900897253928447483691440294099606148003940277758631431748801387186722376161241091592 0 0 0 0 0 0 0 0 0 0 0 0 0 0 0 0 0 0 0 0 0 0 0 0 0 0 0 0 0 0 0 0 0 0 0 0 0 0 0 0 0 0 0 0 0 0 0 0 0 0 0 0 0 0 0 0 0 0 0 0 0 0 0 0 0 0 0 0 0 0 0 0 0 0 0 0 0 0 0 0 0 0 0 0 0 0 0 0 0 0 0 0 0 0 0 0 1 0 0 0 0 0 0 0 0 0 0]
[6504171162084538095038034438540560764144074764989406913720618405437113630161178148872315296640994672282932034407185719261557762582666840147688688628566848511462844750462311365244871786724558149691389193976093478268258117328170383255744910584350142045715956496524698087194146377327201822250510142199413369320792816762413785138 0 0 0 0 0 0 0 0 0 0 0 0 0 0 0 0 0 0 0 0 0 0 0 0 0 0 0 0 0 0 0 0 0 0 0 0 0 0 0 0 0 0 0 0 0 0 0 0 0 0 0 0 0 0 0 0 0 0 0 0 0 0 0 0 0 0 0 0 0 0 0 0 0 0 0 0 0 0 0 0 0 0 0 0 0 0 0 0 0 0 0 0 0 0 0 0 0 1 0 0 0 0 0 0 0 0 0]
[2392564567255797993955520716470705767902477463360029873634725139860498164325161813612248855847008097298031993663504724370579741756851334117790699454564428399968420291490007693990604955258506461506115910624674810989623819286256448765366177219787060916846832898066245387326786671274065275435115623099613374688932177199186465640 0 0 0 0 0 0 0 0 0 0 0 0 0 0 0 0 0 0 0 0 0 0 0 0 0 0 0 0 0 0 0 0 0 0 0 0 0 0 0 0 0 0 0 0 0 0 0 0 0 0 0 0 0 0 0 0 0 0 0 0 0 0 0 0 0 0 0 0 0 0 0 0 0 0 0 0 0 0 0 0 0 0 0 0 0 0 0 0 0 0 0 0 0 0 0 0 0 0 1 0 0 0 0 0 0 0 0]
[187719688551207839594557649367276291914303486447409973052310385123833129732280203460529877097531525161230093814294313090345207588143901592076421191819192914203510553179880039086232277540068435276375439755183438971729752347319924568557043830205112345474380347287433660585147119463153146948726189234532236612803543593547981936 0 0 0 0 0 0 0 0 0 0 0 0 0 0 0 0 0 0 0 0 0 0 0 0 0 0 0 0 0 0 0 0 0 0 0 0 0 0 0 0 0 0 0 0 0 0 0 0 0 0 0 0 0 0 0 0 0 0 0 0 0 0 0 0 0 0 0 0 0 0 0 0 0 0 0 0 0 0 0 0 0 0 0 0 0 0 0 0 0 0 0 0 0 0 0 0 0 0 0 1 0 0 0 0 0 0 0]
[6165209203436244412024802408887707130032258817598593226592572410739876207853928179720558724169022177094649798074989591675663487995760278400079410419515637430765690997855655330169641983815452253527807859463832272659764410758924951007405397909621384690775368291834339263972321689074183812073605809226411085692200067516973794417 0 0 0 0 0 0 0 0 0 0 0 0 0 0 0 0 0 0 0 0 0 0 0 0 0 0 0 0 0 0 0 0 0 0 0 0 0 0 0 0 0 0 0 0 0 0 0 0 0 0 0 0 0 0 0 0 0 0 0 0 0 0 0 0 0 0 0 0 0 0 0 0 0 0 0 0 0 0 0 0 0 0 0 0 0 0 0 0 0 0 0 0 0 0 0 0 0 0 0 0 1 0 0 0 0 0 0]
[5644114729703001775029969932401573695022634118411728536500446930600981057379859218120339506555192374244471644296452283973810105958868657333413673812056998662445896651039699249377690944145734696860553144484836413141367109815020821196771881628740848487177094002215302287608826675041949228592697207068860441091413556623569622535 0 0 0 0 0 0 0 0 0 0 0 0 0 0 0 0 0 0 0 0 0 0 0 0 0 0 0 0 0 0 0 0 0 0 0 0 0 0 0 0 0 0 0 0 0 0 0 0 0 0 0 0 0 0 0 0 0 0 0 0 0 0 0 0 0 0 0 0 0 0 0 0 0 0 0 0 0 0 0 0 0 0 0 0 0 0 0 0 0 0 0 0 0 0 0 0 0 0 0 0 0 1 0 0 0 0 0]
[5931807088677739671594315634676699244027976825860995498024760388052175643441347446766353847289220690744654236207079867359539725717931213691834358815588077866971268183593184515263187150211704232970695391919543071109636883925497539210734330044464755310234569758631215387637300040256497172604457676071273714843017617869362931925 0 0 0 0 0 0 0 0 0 0 0 0 0 0 0 0 0 0 0 0 0 0 0 0 0 0 0 0 0 0 0 0 0 0 0 0 0 0 0 0 0 0 0 0 0 0 0 0 0 0 0 0 0 0 0 0 0 0 0 0 0 0 0 0 0 0 0 0 0 0 0 0 0 0 0 0 0 0 0 0 0 0 0 0 0 0 0 0 0 0 0 0 0 0 0 0 0 0 0 0 0 0 1 0 0 0 0]
[7183257537253160644593537174728425141068392742786319848416411175292736898595168166508978100441863153287830370602938270421287120166557073458240929305256043476230165226895486801849630508544912084538730550288612127729237058174663247780706877383239378277737184256719196048988985887969785889328986533103208170196280510114584083390 0 0 0 0 0 0 0 0 0 0 0 0 0 0 0 0 0 0 0 0 0 0 0 0 0 0 0 0 0 0 0 0 0 0 0 0 0 0 0 0 0 0 0 0 0 0 0 0 0 0 0 0 0 0 0 0 0 0 0 0 0 0 0 0 0 0 0 0 0 0 0 0 0 0 0 0 0 0 0 0 0 0 0 0 0 0 0 0 0 0 0 0 0 0 0 0 0 0 0 0 0 0 0 1 0 0 0]
[9556269410342159320677317368642138695529852241041622057239428339691322097526001771187916242736586335511575773611894912349911893399409180385430847691520269169360945261965825994223916093918094550630402339114687732400585629265779686205391228942340312468025182003169697197139530940936401311568871409891977775982697501515670576217 0 0 0 0 0 0 0 0 0 0 0 0 0 0 0 0 0 0 0 0 0 0 0 0 0 0 0 0 0 0 0 0 0 0 0 0 0 0 0 0 0 0 0 0 0 0 0 0 0 0 0 0 0 0 0 0 0 0 0 0 0 0 0 0 0 0 0 0 0 0 0 0 0 0 0 0 0 0 0 0 0 0 0 0 0 0 0 0 0 0 0 0 0 0 0 0 0 0 0 0 0 0 0 0 1 0 0]
[1603607170530671187462506831913286387487333759512319437841811021460189119346634927661154441296717569952361002564478644923948066077578476574228445486518983152950942461323951465855675423507594720173855504870063555116240779565482624373962697407820255612348818613284188342674879461273099491717992742248458352251088216375989540314 0 0 0 0 0 0 0 0 0 0 0 0 0 0 0 0 0 0 0 0 0 0 0 0 0 0 0 0 0 0 0 0 0 0 0 0 0 0 0 0 0 0 0 0 0 0 0 0 0 0 0 0 0 0 0 0 0 0 0 0 0 0 0 0 0 0 0 0 0 0 0 0 0 0 0 0 0 0 0 0 0 0 0 0 0 0 0 0 0 0 0 0 0 0 0 0 0 0 0 0 0 0 0 0 0 1 0]
[3250276433498489607046863618767564542385089401301402161067664993859774927089191414817264125234282406876553123648285312526494971145809712366697546549076177532007588381563143249547822907673892936243576818382507239376932127623260479406859674044098665108788424631036595290913953350769760193573232809965881410260862969411912248169 0 0 0 0 0 0 0 0 0 0 0 0 0 0 0 0 0 0 0 0 0 0 0 0 0 0 0 0 0 0 0 0 0 0 0 0 0 0 0 0 0 0 0 0 0 0 0 0 0 0 0 0 0 0 0 0 0 0 0 0 0 0 0 0 0 0 0 0 0 0 0 0 0 0 0 0 0 0 0 0 0 0 0 0 0 0 0 0 0 0 0 0 0 0 0 0 0 0 0 0 0 0 0 0 0 0 1]
]
