[[3170085809975340151047365992047822253819803940691689228175280243021302946166627980366755182606445866721070929170385269180603568654445339807661237573819 0 0 0 0 0 0 0 0 0 0 0 0 0 0 0 0 0 0 0 0 0 0 0 0 0 0 0 0 0 0 0 0 0 0 0 0 0 0 0 0 0 0 0 0 0 0 0 0 0]
[3108037806632882502991155618338157953422042546914113195891721760667700523285558327588369276641374912819099594600572055801170172177070537518201009327067 1 0 0 0 0 0 0 0 0 0 0 0 0 0 0 0 0 0 0 0 0 0 0 0 0 0 0 0 0 0 0 0 0 0 0 0 0 0 0 0 0 0 0 0 0 0 0 0 0]
[1726938349751488572300005259696062600553927979536469960875860776351297555376331923833635932830823926754802905481105983319673738583463201348146500199312 0 1 0 0 0 0 0 0 0 0 0 0 0 0 0 0 0 0 0 0 0 0 0 0 0 0 0 0 0 0 0 0 0 0 0 0 0 0 0 0 0 0 0 0 0 0 0 0 0]
[195903932221516957436668685930992420580857167032461939287690751389216726923702510617605048573457141522811420907206910950779748858588256393892558221223 0 0 1 0 0 0 0 0 0 0 0 0 0 0 0 0 0 0 0 0 0 0 0 0 0 0 0 0 0 0 0 0 0 0 0 0 0 0 0 0 0 0 0 0 0 0 0 0 0]
[2591819809238793006469443732257652665252009183928377442736574128661172035552263202385023790960879660866295937566715429456066150209045733032471622904864 0 0 0 1 0 0 0 0 0 0 0 0 0 0 0 0 0 0 0 0 0 0 0 0 0 0 0 0 0 0 0 0 0 0 0 0 0 0 0 0 0 0 0 0 0 0 0 0 0]
[2693436402769076236502412821811824080215334233829416188903774269623573321404679517892917284770909244090368203830994025618597666038383300513540937734009 0 0 0 0 1 0 0 0 0 0 0 0 0 0 0 0 0 0 0 0 0 0 0 0 0 0 0 0 0 0 0 0 0 0 0 0 0 0 0 0 0 0 0 0 0 0 0 0 0]
[2582449956867581825684270588835627356098678462541996391799602513167629368135114172612417722963953031046397994420802115002157013109971471307667299318422 0 0 0 0 0 1 0 0 0 0 0 0 0 0 0 0 0 0 0 0 0 0 0 0 0 0 0 0 0 0 0 0 0 0 0 0 0 0 0 0 0 0 0 0 0 0 0 0 0]
[928946267068180822808717362511722573633947049065578814109909180110219268351121010797295756837459475635623642133673863172694376543057654701494067882273 0 0 0 0 0 0 1 0 0 0 0 0 0 0 0 0 0 0 0 0 0 0 0 0 0 0 0 0 0 0 0 0 0 0 0 0 0 0 0 0 0 0 0 0 0 0 0 0 0]
[3102840603897445362154429741968293870121455427117709513850205185078765187684899284239048929838527400656718026323234461886164907857097172448022316343330 0 0 0 0 0 0 0 1 0 0 0 0 0 0 0 0 0 0 0 0 0 0 0 0 0 0 0 0 0 0 0 0 0 0 0 0 0 0 0 0 0 0 0 0 0 0 0 0 0]
[1679549477483713142353549509029700939247627024221185117420800587564751015027782320282340003933157210319395937212389623785571626640696185658457931164574 0 0 0 0 0 0 0 0 1 0 0 0 0 0 0 0 0 0 0 0 0 0 0 0 0 0 0 0 0 0 0 0 0 0 0 0 0 0 0 0 0 0 0 0 0 0 0 0 0]
[2196153910337131824960149423498314638348469378531224695693822622107375906834090095935138391574968719713265031860172678255398942442586496070719739360580 0 0 0 0 0 0 0 0 0 1 0 0 0 0 0 0 0 0 0 0 0 0 0 0 0 0 0 0 0 0 0 0 0 0 0 0 0 0 0 0 0 0 0 0 0 0 0 0 0]
[476623730315123096686326415321542314040673699030942754541157588934498182193714046666527122174244495288498125557953966805606136511142089086133540321371 0 0 0 0 0 0 0 0 0 0 1 0 0 0 0 0 0 0 0 0 0 0 0 0 0 0 0 0 0 0 0 0 0 0 0 0 0 0 0 0 0 0 0 0 0 0 0 0 0]
[1850267790412948745428532583853084562463467200480537834924695164297616185592528418672720688191870626320113461989650646396458103495567831990115466750520 0 0 0 0 0 0 0 0 0 0 0 1 0 0 0 0 0 0 0 0 0 0 0 0 0 0 0 0 0 0 0 0 0 0 0 0 0 0 0 0 0 0 0 0 0 0 0 0 0]
[2336102411267433441758949826944997200026725898313654269692110260526350204540092803381190517698421368909858494309541656657653252923285419695990521399660 0 0 0 0 0 0 0 0 0 0 0 0 1 0 0 0 0 0 0 0 0 0 0 0 0 0 0 0 0 0 0 0 0 0 0 0 0 0 0 0 0 0 0 0 0 0 0 0 0]
[2934128323638019267279788928277811481260164425910219877848421691961680637080538242611591922154227787398740507308029413474012157283929459064674222323215 0 0 0 0 0 0 0 0 0 0 0 0 0 1 0 0 0 0 0 0 0 0 0 0 0 0 0 0 0 0 0 0 0 0 0 0 0 0 0 0 0 0 0 0 0 0 0 0 0]
[2165784415798200714086149771058040648880960317609053182107454628994030284052231000266667048212870967717345472342211254989727346664628500933980443605303 0 0 0 0 0 0 0 0 0 0 0 0 0 0 1 0 0 0 0 0 0 0 0 0 0 0 0 0 0 0 0 0 0 0 0 0 0 0 0 0 0 0 0 0 0 0 0 0 0]
[699372643585244865333434502044415896142466609484345518164976464443255883943988637758295456974176591742001438806239102687647761661225145224013696917270 0 0 0 0 0 0 0 0 0 0 0 0 0 0 0 1 0 0 0 0 0 0 0 0 0 0 0 0 0 0 0 0 0 0 0 0 0 0 0 0 0 0 0 0 0 0 0 0 0]
[2287150018996906565931104487850847722409635888223500453459053835222472275811855924392524480007160751337866439882611243252975495194893235671525754350148 0 0 0 0 0 0 0 0 0 0 0 0 0 0 0 0 1 0 0 0 0 0 0 0 0 0 0 0 0 0 0 0 0 0 0 0 0 0 0 0 0 0 0 0 0 0 0 0 0]
[2924107547272005365155694438627483816666879730241089620294382474664449532718573267768402153324560191401910935384305230088289174891978730858791013353278 0 0 0 0 0 0 0 0 0 0 0 0 0 0 0 0 0 1 0 0 0 0 0 0 0 0 0 0 0 0 0 0 0 0 0 0 0 0 0 0 0 0 0 0 0 0 0 0 0]
[409829037510244010331108968530585273307775643464887422918700907976515548545772497387378954253664273199920394329345208276166747762355936679315813407816 0 0 0 0 0 0 0 0 0 0 0 0 0 0 0 0 0 0 1 0 0 0 0 0 0 0 0 0 0 0 0 0 0 0 0 0 0 0 0 0 0 0 0 0 0 0 0 0 0]
[2307258669751980175514387106196595020108900274649205727170178880277696974308348804087626551517475122478721215975451752451465485833673236199569294708262 0 0 0 0 0 0 0 0 0 0 0 0 0 0 0 0 0 0 0 1 0 0 0 0 0 0 0 0 0 0 0 0 0 0 0 0 0 0 0 0 0 0 0 0 0 0 0 0 0]
[1007630250542362476869681645329756494019826177561400044776999900510744545601456002139047300116792381616140574699081826750893187053275513394523941487398 0 0 0 0 0 0 0 0 0 0 0 0 0 0 0 0 0 0 0 0 1 0 0 0 0 0 0 0 0 0 0 0 0 0 0 0 0 0 0 0 0 0 0 0 0 0 0 0 0]
[2634034964619870242323635056309845892593634075770885148393528778097700006504909803466189031234659944195047214837926985383504667117745627390069094401920 0 0 0 0 0 0 0 0 0 0 0 0 0 0 0 0 0 0 0 0 0 1 0 0 0 0 0 0 0 0 0 0 0 0 0 0 0 0 0 0 0 0 0 0 0 0 0 0 0]
[2653823026971146367570865671846187552467555867736595783132002750860783216932183412580598246676952856905952486906610356763935478548008305646875105457618 0 0 0 0 0 0 0 0 0 0 0 0 0 0 0 0 0 0 0 0 0 0 1 0 0 0 0 0 0 0 0 0 0 0 0 0 0 0 0 0 0 0 0 0 0 0 0 0 0]
[2308386735817615524684300116997795774599117235098216828043000001378091688036238139822094560487145564663321274571444796980930055860537585012670264537542 0 0 0 0 0 0 0 0 0 0 0 0 0 0 0 0 0 0 0 0 0 0 0 1 0 0 0 0 0 0 0 0 0 0 0 0 0 0 0 0 0 0 0 0 0 0 0 0 0]
[516157255145843368123466863129840829860211086014857121688332587735661408449839122444409307301186283515986083017056052400013827476459231927762719977765 0 0 0 0 0 0 0 0 0 0 0 0 0 0 0 0 0 0 0 0 0 0 0 0 1 0 0 0 0 0 0 0 0 0 0 0 0 0 0 0 0 0 0 0 0 0 0 0 0]
[1348228203052222650686655979841013633593766546879122261798813709305848386430259353301339545045942235537899464947890294307035249199402420834475556768034 0 0 0 0 0 0 0 0 0 0 0 0 0 0 0 0 0 0 0 0 0 0 0 0 0 1 0 0 0 0 0 0 0 0 0 0 0 0 0 0 0 0 0 0 0 0 0 0 0]
[1172333969885676727106660954387838394662685761895040707742772508479560585071025447753288960373576334578154278115389721871856799428329365917577072055723 0 0 0 0 0 0 0 0 0 0 0 0 0 0 0 0 0 0 0 0 0 0 0 0 0 0 1 0 0 0 0 0 0 0 0 0 0 0 0 0 0 0 0 0 0 0 0 0 0]
[301812939697949337931720081454921568089181046748715335278531084781338792439758097691832395261727473408877175259925141341214340220070812028327069943962 0 0 0 0 0 0 0 0 0 0 0 0 0 0 0 0 0 0 0 0 0 0 0 0 0 0 0 1 0 0 0 0 0 0 0 0 0 0 0 0 0 0 0 0 0 0 0 0 0]
[1967301664024251524530475895953300646582010207757976515393425587290020535781002492386338244356382096957642961872223545008655982438929799497596825464606 0 0 0 0 0 0 0 0 0 0 0 0 0 0 0 0 0 0 0 0 0 0 0 0 0 0 0 0 1 0 0 0 0 0 0 0 0 0 0 0 0 0 0 0 0 0 0 0 0]
[678615303891194315611051469200515686350048827871408024201855528473786881352435007790426653227169463970242239062266441072845866227475529156794150287424 0 0 0 0 0 0 0 0 0 0 0 0 0 0 0 0 0 0 0 0 0 0 0 0 0 0 0 0 0 1 0 0 0 0 0 0 0 0 0 0 0 0 0 0 0 0 0 0 0]
[2496063277952059505337678049175280905929853442509446535037505900354743659966518157485428409569797924304021211159070860678509905080465711153479730842617 0 0 0 0 0 0 0 0 0 0 0 0 0 0 0 0 0 0 0 0 0 0 0 0 0 0 0 0 0 0 1 0 0 0 0 0 0 0 0 0 0 0 0 0 0 0 0 0 0]
[439655363535623381187629035598986670280683131813523792605810690931200867445212054030308020798806050016040741041253218421275861393927179747495160634635 0 0 0 0 0 0 0 0 0 0 0 0 0 0 0 0 0 0 0 0 0 0 0 0 0 0 0 0 0 0 0 1 0 0 0 0 0 0 0 0 0 0 0 0 0 0 0 0 0]
[1169252297777031240241209826524023187255178345897370219976584835246989350339188681634518361023003254542078498117019763128313173381934049689577623688147 0 0 0 0 0 0 0 0 0 0 0 0 0 0 0 0 0 0 0 0 0 0 0 0 0 0 0 0 0 0 0 0 1 0 0 0 0 0 0 0 0 0 0 0 0 0 0 0 0]
[23809698653680624449661257071655044773395675896617024823048779283184382267201285219761387121729653830148475187313447948451145334240641584779246017894 0 0 0 0 0 0 0 0 0 0 0 0 0 0 0 0 0 0 0 0 0 0 0 0 0 0 0 0 0 0 0 0 0 1 0 0 0 0 0 0 0 0 0 0 0 0 0 0 0]
[2726745145317393615084517845074248261912746184973098726788217471804239861447008572789605602638812490961821003751693368296645800565980868927490062060547 0 0 0 0 0 0 0 0 0 0 0 0 0 0 0 0 0 0 0 0 0 0 0 0 0 0 0 0 0 0 0 0 0 0 1 0 0 0 0 0 0 0 0 0 0 0 0 0 0]
[827454838167204565771735552021140647849925742317016578959667313004960641617784419370394317365425835681138725010417982262757634132335059877768703690991 0 0 0 0 0 0 0 0 0 0 0 0 0 0 0 0 0 0 0 0 0 0 0 0 0 0 0 0 0 0 0 0 0 0 0 1 0 0 0 0 0 0 0 0 0 0 0 0 0]
[268711699016748255667735397526187166425767069964319306682394731383401855819000699006679774186945685639293157415915074518033083476567108359030994262016 0 0 0 0 0 0 0 0 0 0 0 0 0 0 0 0 0 0 0 0 0 0 0 0 0 0 0 0 0 0 0 0 0 0 0 0 1 0 0 0 0 0 0 0 0 0 0 0 0]
[457768460542356767368160868692917590426538298814951746301658034957488995566389990791915175547779802782188970943769528049948143054311868933941234899072 0 0 0 0 0 0 0 0 0 0 0 0 0 0 0 0 0 0 0 0 0 0 0 0 0 0 0 0 0 0 0 0 0 0 0 0 0 1 0 0 0 0 0 0 0 0 0 0 0]
[2927172752065009292800187659093808928634469727878636415868197162891721787535221915910316133157459816674155322613001073778768740309931218791438207595143 0 0 0 0 0 0 0 0 0 0 0 0 0 0 0 0 0 0 0 0 0 0 0 0 0 0 0 0 0 0 0 0 0 0 0 0 0 0 1 0 0 0 0 0 0 0 0 0 0]
[1419147002714864404891993633195118167135838476700799651040695725792794705806483275446024808651141044640822431368911002787907579299629748418770442731048 0 0 0 0 0 0 0 0 0 0 0 0 0 0 0 0 0 0 0 0 0 0 0 0 0 0 0 0 0 0 0 0 0 0 0 0 0 0 0 1 0 0 0 0 0 0 0 0 0]
[1004994711052277897151684521858535832101523031839457825281869460970977651640146779676969356396087829432831171036938413629832801935540709533442540547029 0 0 0 0 0 0 0 0 0 0 0 0 0 0 0 0 0 0 0 0 0 0 0 0 0 0 0 0 0 0 0 0 0 0 0 0 0 0 0 0 1 0 0 0 0 0 0 0 0]
[103685441274252638853314626130175257628227346100909830289285213977118913204828529242034698893931997075359358153935450309417185075362289114324478124523 0 0 0 0 0 0 0 0 0 0 0 0 0 0 0 0 0 0 0 0 0 0 0 0 0 0 0 0 0 0 0 0 0 0 0 0 0 0 0 0 0 1 0 0 0 0 0 0 0]
[2409642045951689945141746662109613075568302133516747758563573347193604884938457485167000825079871208918028716866443772382100728599525060946863839855019 0 0 0 0 0 0 0 0 0 0 0 0 0 0 0 0 0 0 0 0 0 0 0 0 0 0 0 0 0 0 0 0 0 0 0 0 0 0 0 0 0 0 1 0 0 0 0 0 0]
[516511696375837877498171787999838215734696664803741398666324645505602062644986007261182242914192136837346985722244258522119491019893061658314292906764 0 0 0 0 0 0 0 0 0 0 0 0 0 0 0 0 0 0 0 0 0 0 0 0 0 0 0 0 0 0 0 0 0 0 0 0 0 0 0 0 0 0 0 1 0 0 0 0 0]
[1578515227364643713430369967008426387906034291637891754744035838871688954684959428718285889135197433370315841965791995817002968432896873200017150198952 0 0 0 0 0 0 0 0 0 0 0 0 0 0 0 0 0 0 0 0 0 0 0 0 0 0 0 0 0 0 0 0 0 0 0 0 0 0 0 0 0 0 0 0 1 0 0 0 0]
[2484495882856966788680930555053000417830840051325758612879751434833255522153761262433965104761614964940039684582979849179012384843728247583506394767611 0 0 0 0 0 0 0 0 0 0 0 0 0 0 0 0 0 0 0 0 0 0 0 0 0 0 0 0 0 0 0 0 0 0 0 0 0 0 0 0 0 0 0 0 0 1 0 0 0]
[2441051177595356302890110255583536544225487263489763945285407467464725878264716508698925206491891363758180160273131957895468409720710755029494638313541 0 0 0 0 0 0 0 0 0 0 0 0 0 0 0 0 0 0 0 0 0 0 0 0 0 0 0 0 0 0 0 0 0 0 0 0 0 0 0 0 0 0 0 0 0 0 1 0 0]
[848256250326706169068141163650213606907403730965525270826759711202257346908450995322576204231286794504721477472062823719695860159484376305683955398156 0 0 0 0 0 0 0 0 0 0 0 0 0 0 0 0 0 0 0 0 0 0 0 0 0 0 0 0 0 0 0 0 0 0 0 0 0 0 0 0 0 0 0 0 0 0 0 1 0]
[1647209320220170573770711676027400250863797198898200512337695097278306188138278431610382726909929054701165194716296699825086771659931728872028300314741 0 0 0 0 0 0 0 0 0 0 0 0 0 0 0 0 0 0 0 0 0 0 0 0 0 0 0 0 0 0 0 0 0 0 0 0 0 0 0 0 0 0 0 0 0 0 0 0 1]
]
