[[3808023309857865296207884031764279087849122044301313998343059443978102773536806912554067487448656664868587629606085586694713935297259361948910849963982173374062867399701505229157979644126903568488200779150324473731209042820325948055394114833 0 0 0 0 0 0 0 0 0 0 0 0 0 0 0 0 0 0 0 0 0 0 0 0 0 0 0 0 0 0 0 0 0 0 0 0 0 0 0 0 0 0 0 0 0 0 0 0 0 0 0 0 0 0 0 0 0 0 0 0 0 0 0 0 0 0 0 0 0 0 0 0 0 0 0 0 0 0 0]
[197151354851694498119539539048911540701937679211782157128873050189025785118838320475872159288074388194200467331519074266215281159951995526108385155922903165647232916458629193689651702937382857589199969240336396713277699642371410966900913205 1 0 0 0 0 0 0 0 0 0 0 0 0 0 0 0 0 0 0 0 0 0 0 0 0 0 0 0 0 0 0 0 0 0 0 0 0 0 0 0 0 0 0 0 0 0 0 0 0 0 0 0 0 0 0 0 0 0 0 0 0 0 0 0 0 0 0 0 0 0 0 0 0 0 0 0 0 0 0]
[1444833227435288343414167327276871728621627434025849535207837564298069096099470304594742936781346799031803880328140101609391185483546922634146410243802821384839698142334110744057830520536252833235470673149503862151168741991412434755637102767 0 1 0 0 0 0 0 0 0 0 0 0 0 0 0 0 0 0 0 0 0 0 0 0 0 0 0 0 0 0 0 0 0 0 0 0 0 0 0 0 0 0 0 0 0 0 0 0 0 0 0 0 0 0 0 0 0 0 0 0 0 0 0 0 0 0 0 0 0 0 0 0 0 0 0 0 0 0 0]
[1410282583226457607650655877856971302124006303801832403760012822036202992289196539712202815611798079449518384671717842786145263358478734624044258036416780738934405305077955852959721929651269570501989702987473634074189633374503530112911469841 0 0 1 0 0 0 0 0 0 0 0 0 0 0 0 0 0 0 0 0 0 0 0 0 0 0 0 0 0 0 0 0 0 0 0 0 0 0 0 0 0 0 0 0 0 0 0 0 0 0 0 0 0 0 0 0 0 0 0 0 0 0 0 0 0 0 0 0 0 0 0 0 0 0 0 0 0 0 0]
[2182250690156646315597926988440895997477878741454332706484959074176930093458185373270984917728702955399858882642294396478415385125993540987751990418141534355118052626218788538894316977611802386125713629174395043367854094011938200274406864678 0 0 0 1 0 0 0 0 0 0 0 0 0 0 0 0 0 0 0 0 0 0 0 0 0 0 0 0 0 0 0 0 0 0 0 0 0 0 0 0 0 0 0 0 0 0 0 0 0 0 0 0 0 0 0 0 0 0 0 0 0 0 0 0 0 0 0 0 0 0 0 0 0 0 0 0 0 0 0]
[2055756531931215349738762827865606881338155882986449179516702694112781113261876550778231239347144252594972143874152318257102159371849976201808386461705764306117852677741514789391984570389863180777013558656368900652923525757366818564165327929 0 0 0 0 1 0 0 0 0 0 0 0 0 0 0 0 0 0 0 0 0 0 0 0 0 0 0 0 0 0 0 0 0 0 0 0 0 0 0 0 0 0 0 0 0 0 0 0 0 0 0 0 0 0 0 0 0 0 0 0 0 0 0 0 0 0 0 0 0 0 0 0 0 0 0 0 0 0 0]
[623537755629984526405670758233219382180759264227983234441428537825856719611369887368521910102709284433677828653577455555394828550259865072236617648635990924890569054058198692222691095099045813331803520078556561981468339436161660956888706783 0 0 0 0 0 1 0 0 0 0 0 0 0 0 0 0 0 0 0 0 0 0 0 0 0 0 0 0 0 0 0 0 0 0 0 0 0 0 0 0 0 0 0 0 0 0 0 0 0 0 0 0 0 0 0 0 0 0 0 0 0 0 0 0 0 0 0 0 0 0 0 0 0 0 0 0 0 0 0]
[2013535171431470425743866377995550035553257658074648307268517775079076651965026284213356369191360305001008728608645584907379923672149400934877572181526884487506538649819432837466087022213728733773818880063747753225194859351754209513329410283 0 0 0 0 0 0 1 0 0 0 0 0 0 0 0 0 0 0 0 0 0 0 0 0 0 0 0 0 0 0 0 0 0 0 0 0 0 0 0 0 0 0 0 0 0 0 0 0 0 0 0 0 0 0 0 0 0 0 0 0 0 0 0 0 0 0 0 0 0 0 0 0 0 0 0 0 0 0 0]
[131734863264201010914878574690733270675188267599217113399743433877588271783486087276189103883281739745430409769830851700263791528141198787299133986129334365842104486300879245289283841595859947344268296089066159264768297546236147754740585610 0 0 0 0 0 0 0 1 0 0 0 0 0 0 0 0 0 0 0 0 0 0 0 0 0 0 0 0 0 0 0 0 0 0 0 0 0 0 0 0 0 0 0 0 0 0 0 0 0 0 0 0 0 0 0 0 0 0 0 0 0 0 0 0 0 0 0 0 0 0 0 0 0 0 0 0 0 0 0]
[1505875857008606146879685152261917612968194407954461518883724836023546747858934473474210660290290042041835537700944539213490811579922670038331153465547666776330922905953712624211382580598224718071809004567605964714884977239821642625707891445 0 0 0 0 0 0 0 0 1 0 0 0 0 0 0 0 0 0 0 0 0 0 0 0 0 0 0 0 0 0 0 0 0 0 0 0 0 0 0 0 0 0 0 0 0 0 0 0 0 0 0 0 0 0 0 0 0 0 0 0 0 0 0 0 0 0 0 0 0 0 0 0 0 0 0 0 0 0 0]
[1957116786286465388513963620100309062358073746084578042782871516498696349871259921651779434557345718282314420076803199136260173539678078693991088876060241775626964989784218825304643185346488593686250562451909054936858342383662058563245460310 0 0 0 0 0 0 0 0 0 1 0 0 0 0 0 0 0 0 0 0 0 0 0 0 0 0 0 0 0 0 0 0 0 0 0 0 0 0 0 0 0 0 0 0 0 0 0 0 0 0 0 0 0 0 0 0 0 0 0 0 0 0 0 0 0 0 0 0 0 0 0 0 0 0 0 0 0 0 0]
[213178367344001123690257238956018865295250215367937754531585951795886501966605724032828802307078902423546225754573628967364535500347136544896800720419883941515093174848032662771235580674466146950712357757385210221870342483084538475265591722 0 0 0 0 0 0 0 0 0 0 1 0 0 0 0 0 0 0 0 0 0 0 0 0 0 0 0 0 0 0 0 0 0 0 0 0 0 0 0 0 0 0 0 0 0 0 0 0 0 0 0 0 0 0 0 0 0 0 0 0 0 0 0 0 0 0 0 0 0 0 0 0 0 0 0 0 0 0 0]
[2378460070791527144916570596582184239485063338907888889937349218771751478989782357620513792704339970156990796895681719096061625958838123770698976924962468799020473492323766256800944239888830252718894263850014480334760394857101732056378428674 0 0 0 0 0 0 0 0 0 0 0 1 0 0 0 0 0 0 0 0 0 0 0 0 0 0 0 0 0 0 0 0 0 0 0 0 0 0 0 0 0 0 0 0 0 0 0 0 0 0 0 0 0 0 0 0 0 0 0 0 0 0 0 0 0 0 0 0 0 0 0 0 0 0 0 0 0 0 0]
[1693551766567420818333084408648828170621506688806342006897190405118473209090633872512264060323561375942445294179004612414435867723534689063445908073126447761219372330453830660019939488406247492825378345535296682380704421271576810739878051610 0 0 0 0 0 0 0 0 0 0 0 0 1 0 0 0 0 0 0 0 0 0 0 0 0 0 0 0 0 0 0 0 0 0 0 0 0 0 0 0 0 0 0 0 0 0 0 0 0 0 0 0 0 0 0 0 0 0 0 0 0 0 0 0 0 0 0 0 0 0 0 0 0 0 0 0 0 0 0]
[2115064926313759530211300648142585697358877521417866376623377568903355230776623744872427887633756441696663121650624330401361111224173333616749040792577858052270357313386206049233513616927101997219034850599701115364034048033981847680209286852 0 0 0 0 0 0 0 0 0 0 0 0 0 1 0 0 0 0 0 0 0 0 0 0 0 0 0 0 0 0 0 0 0 0 0 0 0 0 0 0 0 0 0 0 0 0 0 0 0 0 0 0 0 0 0 0 0 0 0 0 0 0 0 0 0 0 0 0 0 0 0 0 0 0 0 0 0 0 0]
[662051743423685354524017250908555495345325607931821143169832383689667533371539963298318127686257220071926777790984681581731430715700679337557324495174537847251747635991919373141043345711607098763474402439974937686895306276826946968319899066 0 0 0 0 0 0 0 0 0 0 0 0 0 0 1 0 0 0 0 0 0 0 0 0 0 0 0 0 0 0 0 0 0 0 0 0 0 0 0 0 0 0 0 0 0 0 0 0 0 0 0 0 0 0 0 0 0 0 0 0 0 0 0 0 0 0 0 0 0 0 0 0 0 0 0 0 0 0 0]
[1806777705934646275300090897879978356069010520327598077817103824995263091470519888316991598816320218432798062775108459156613487343144081160551777180735617168545282884069948288751337546598819282868457424456768748842116969587852091137935608551 0 0 0 0 0 0 0 0 0 0 0 0 0 0 0 1 0 0 0 0 0 0 0 0 0 0 0 0 0 0 0 0 0 0 0 0 0 0 0 0 0 0 0 0 0 0 0 0 0 0 0 0 0 0 0 0 0 0 0 0 0 0 0 0 0 0 0 0 0 0 0 0 0 0 0 0 0 0 0]
[2417399565859406490893535331609475156621774942409724845186261944698054430150780912111071941445034707293481436141048674238143100316721364753229578090701679116638177507023938639641781042786760367392515755481528922006638119554728674333518155106 0 0 0 0 0 0 0 0 0 0 0 0 0 0 0 0 1 0 0 0 0 0 0 0 0 0 0 0 0 0 0 0 0 0 0 0 0 0 0 0 0 0 0 0 0 0 0 0 0 0 0 0 0 0 0 0 0 0 0 0 0 0 0 0 0 0 0 0 0 0 0 0 0 0 0 0 0 0 0]
[240687063025800988351486612911123901421065681378341922966388006955227312058827784257673830564369401471472993034938369317466481026929050186187828160222158359387337317666557703454554813877561655713719326726522508157820895730215392851531388113 0 0 0 0 0 0 0 0 0 0 0 0 0 0 0 0 0 1 0 0 0 0 0 0 0 0 0 0 0 0 0 0 0 0 0 0 0 0 0 0 0 0 0 0 0 0 0 0 0 0 0 0 0 0 0 0 0 0 0 0 0 0 0 0 0 0 0 0 0 0 0 0 0 0 0 0 0 0 0]
[2584203477465295959227599407035388569433181912438457895944704371698017019872860174706770284430958765313805743277284875032812723352929869782406710130908150301794622074220796194903588414332300093027735478925936514035083768922311115782140873010 0 0 0 0 0 0 0 0 0 0 0 0 0 0 0 0 0 0 1 0 0 0 0 0 0 0 0 0 0 0 0 0 0 0 0 0 0 0 0 0 0 0 0 0 0 0 0 0 0 0 0 0 0 0 0 0 0 0 0 0 0 0 0 0 0 0 0 0 0 0 0 0 0 0 0 0 0 0 0]
[908632663895336750669689812372035037989414975028407727924694572162291670465575003542927144567223722676816759963238029597215725776341280950495496190054077640959563846972594016960585793729434749656897440459881263802444260587000828156151242315 0 0 0 0 0 0 0 0 0 0 0 0 0 0 0 0 0 0 0 1 0 0 0 0 0 0 0 0 0 0 0 0 0 0 0 0 0 0 0 0 0 0 0 0 0 0 0 0 0 0 0 0 0 0 0 0 0 0 0 0 0 0 0 0 0 0 0 0 0 0 0 0 0 0 0 0 0 0 0]
[2905696203684420262976069266835912981745322815205205656485372775379640557956053535331713459076006139600881408102664690197260045017243378690662544902412668142017111487943738602008426749447863316352407704853895846651844975920307987929998208593 0 0 0 0 0 0 0 0 0 0 0 0 0 0 0 0 0 0 0 0 1 0 0 0 0 0 0 0 0 0 0 0 0 0 0 0 0 0 0 0 0 0 0 0 0 0 0 0 0 0 0 0 0 0 0 0 0 0 0 0 0 0 0 0 0 0 0 0 0 0 0 0 0 0 0 0 0 0 0]
[1885093508941413723375839845114100625202014035851757197438290649203434365656937387279475790908760021328486909706777616437631808633343485626502885190935961434546199506095504032621670885152891109720462885465808615455392094616093432525676228272 0 0 0 0 0 0 0 0 0 0 0 0 0 0 0 0 0 0 0 0 0 1 0 0 0 0 0 0 0 0 0 0 0 0 0 0 0 0 0 0 0 0 0 0 0 0 0 0 0 0 0 0 0 0 0 0 0 0 0 0 0 0 0 0 0 0 0 0 0 0 0 0 0 0 0 0 0 0 0]
[1921130240301064003978458973018165363252177337430179453265918759907884023390006771824752148592442748778795793822013181321282856406574675506532462165699552658157521786969384620362805947938716808288545265695552171726601793254208389590748206074 0 0 0 0 0 0 0 0 0 0 0 0 0 0 0 0 0 0 0 0 0 0 1 0 0 0 0 0 0 0 0 0 0 0 0 0 0 0 0 0 0 0 0 0 0 0 0 0 0 0 0 0 0 0 0 0 0 0 0 0 0 0 0 0 0 0 0 0 0 0 0 0 0 0 0 0 0 0 0]
[2916516313053315741380521309602816175671527014289653305183770834395082725297232096414845557890899451881393618554712327266804618860400152481980267493745557278000179445330336913590325005833917380937443816842516411626896159196945648017653760181 0 0 0 0 0 0 0 0 0 0 0 0 0 0 0 0 0 0 0 0 0 0 0 1 0 0 0 0 0 0 0 0 0 0 0 0 0 0 0 0 0 0 0 0 0 0 0 0 0 0 0 0 0 0 0 0 0 0 0 0 0 0 0 0 0 0 0 0 0 0 0 0 0 0 0 0 0 0 0]
[473600480510007587348940809155354301262753152622052343391900644682832851446676732334686965714357163842017738784422515088498310905706395579654660611166909975257856831668530638478300659767507341544608802016080977112724797970927883750827563469 0 0 0 0 0 0 0 0 0 0 0 0 0 0 0 0 0 0 0 0 0 0 0 0 1 0 0 0 0 0 0 0 0 0 0 0 0 0 0 0 0 0 0 0 0 0 0 0 0 0 0 0 0 0 0 0 0 0 0 0 0 0 0 0 0 0 0 0 0 0 0 0 0 0 0 0 0 0 0]
[1231452569227449441845843843818555684525238917704396890808946249626007082328840920987748163487267798768013511688865127723245847682015027890427784024532012104675036488393075830738890210961727043917157323474894077263270659644169657714029396943 0 0 0 0 0 0 0 0 0 0 0 0 0 0 0 0 0 0 0 0 0 0 0 0 0 1 0 0 0 0 0 0 0 0 0 0 0 0 0 0 0 0 0 0 0 0 0 0 0 0 0 0 0 0 0 0 0 0 0 0 0 0 0 0 0 0 0 0 0 0 0 0 0 0 0 0 0 0 0]
[91413367167699735041427786069020888594277014360007827651072227669426557386486260474823236196920376103929766829448528072722408232164072613822661264060995021040350497125184099667991065435239285062484863690094385718307432849513240405623031021 0 0 0 0 0 0 0 0 0 0 0 0 0 0 0 0 0 0 0 0 0 0 0 0 0 0 1 0 0 0 0 0 0 0 0 0 0 0 0 0 0 0 0 0 0 0 0 0 0 0 0 0 0 0 0 0 0 0 0 0 0 0 0 0 0 0 0 0 0 0 0 0 0 0 0 0 0 0 0]
[1259756860899879719328262363216645159376965009753837487899024406297634308224522594784152157081627364066524638637767085498784325065859908498358510791771563570788493880325864768480136438364121602073950737663073667539548606784324027674317022822 0 0 0 0 0 0 0 0 0 0 0 0 0 0 0 0 0 0 0 0 0 0 0 0 0 0 0 1 0 0 0 0 0 0 0 0 0 0 0 0 0 0 0 0 0 0 0 0 0 0 0 0 0 0 0 0 0 0 0 0 0 0 0 0 0 0 0 0 0 0 0 0 0 0 0 0 0 0 0]
[728545436551479555267243596257916031855097480917978087782406080944563892436342208206464652968206737092670760680384498980976547889085261292569163996206190513624775959635327285282230919145513529486401196495069168456178642746367018145148502910 0 0 0 0 0 0 0 0 0 0 0 0 0 0 0 0 0 0 0 0 0 0 0 0 0 0 0 0 1 0 0 0 0 0 0 0 0 0 0 0 0 0 0 0 0 0 0 0 0 0 0 0 0 0 0 0 0 0 0 0 0 0 0 0 0 0 0 0 0 0 0 0 0 0 0 0 0 0 0]
[847086237539493480389252948231996537403231042232997086626551697391393396987274647933089123292172767134731997019901858194077644108174737303317891070365385711208586510022169510637735919537594931495420076122333646245574525018757647426646314220 0 0 0 0 0 0 0 0 0 0 0 0 0 0 0 0 0 0 0 0 0 0 0 0 0 0 0 0 0 1 0 0 0 0 0 0 0 0 0 0 0 0 0 0 0 0 0 0 0 0 0 0 0 0 0 0 0 0 0 0 0 0 0 0 0 0 0 0 0 0 0 0 0 0 0 0 0 0 0]
[459657453386111794055418897375459989956121593659470544672964052811054366442577596721774613581820506130061047718547001817312139414692173532352141734489225142370906563530552221580060144917013494189577993587422921782783931323441277198281360424 0 0 0 0 0 0 0 0 0 0 0 0 0 0 0 0 0 0 0 0 0 0 0 0 0 0 0 0 0 0 1 0 0 0 0 0 0 0 0 0 0 0 0 0 0 0 0 0 0 0 0 0 0 0 0 0 0 0 0 0 0 0 0 0 0 0 0 0 0 0 0 0 0 0 0 0 0 0 0]
[597763697161735888059978630831479808809871038836868924227853565385086761477183441003322715311236969441790443798939821207413233867968189246081920603306848469794923011480307683864722171168234211976393205872006761948502956031988057315661625465 0 0 0 0 0 0 0 0 0 0 0 0 0 0 0 0 0 0 0 0 0 0 0 0 0 0 0 0 0 0 0 1 0 0 0 0 0 0 0 0 0 0 0 0 0 0 0 0 0 0 0 0 0 0 0 0 0 0 0 0 0 0 0 0 0 0 0 0 0 0 0 0 0 0 0 0 0 0 0]
[1819155080583928313149249939121519646392147779568935781152963935626150647187982284476956031727797533551282729375389426545529749125809147923674541207439510970181314369951249652565875677238884662243393533206645668153968503114025877329364359175 0 0 0 0 0 0 0 0 0 0 0 0 0 0 0 0 0 0 0 0 0 0 0 0 0 0 0 0 0 0 0 0 1 0 0 0 0 0 0 0 0 0 0 0 0 0 0 0 0 0 0 0 0 0 0 0 0 0 0 0 0 0 0 0 0 0 0 0 0 0 0 0 0 0 0 0 0 0 0]
[1028841495378088238527299672646453112249865209216697173643504367661647256039755702555736805586530530974897065657051542429091559115326180331387871986836076301059108190005025134957812910463495482869012706435005233860996647345783365182749172154 0 0 0 0 0 0 0 0 0 0 0 0 0 0 0 0 0 0 0 0 0 0 0 0 0 0 0 0 0 0 0 0 0 1 0 0 0 0 0 0 0 0 0 0 0 0 0 0 0 0 0 0 0 0 0 0 0 0 0 0 0 0 0 0 0 0 0 0 0 0 0 0 0 0 0 0 0 0 0]
[3681504226164143952737440387414823228240539362381185158195084034361540296783949522515777103405556114544686032688429612554673979584065236718501666703641527304202167207829576532377374458442325520017786939131800805192427092280361647061637986808 0 0 0 0 0 0 0 0 0 0 0 0 0 0 0 0 0 0 0 0 0 0 0 0 0 0 0 0 0 0 0 0 0 0 1 0 0 0 0 0 0 0 0 0 0 0 0 0 0 0 0 0 0 0 0 0 0 0 0 0 0 0 0 0 0 0 0 0 0 0 0 0 0 0 0 0 0 0 0]
[969151506278128091590322537334827123135812699971152208534404375617577808390790931510595979792750115085764673109124488631049423460192334696113161367767814489307844448170143408441068765131953672311080689262669737087807158135557368391389383596 0 0 0 0 0 0 0 0 0 0 0 0 0 0 0 0 0 0 0 0 0 0 0 0 0 0 0 0 0 0 0 0 0 0 0 1 0 0 0 0 0 0 0 0 0 0 0 0 0 0 0 0 0 0 0 0 0 0 0 0 0 0 0 0 0 0 0 0 0 0 0 0 0 0 0 0 0 0 0]
[2335802376967585013779108923555211280203613849341653238738203697215043953445866353377069769283007583152077893721862476800120166799806697854017168119873047041021446322618519284966468276816705837904031855700341605217833032630624190444151632381 0 0 0 0 0 0 0 0 0 0 0 0 0 0 0 0 0 0 0 0 0 0 0 0 0 0 0 0 0 0 0 0 0 0 0 0 1 0 0 0 0 0 0 0 0 0 0 0 0 0 0 0 0 0 0 0 0 0 0 0 0 0 0 0 0 0 0 0 0 0 0 0 0 0 0 0 0 0 0]
[3556747222471736390526772894806191977944398224145816597105116604049052548783155085168349613106012048864589836990220264238700311656931487489519167591664807624997299806149384565262981435438578760237765969515474617986745325968871249326845354862 0 0 0 0 0 0 0 0 0 0 0 0 0 0 0 0 0 0 0 0 0 0 0 0 0 0 0 0 0 0 0 0 0 0 0 0 0 1 0 0 0 0 0 0 0 0 0 0 0 0 0 0 0 0 0 0 0 0 0 0 0 0 0 0 0 0 0 0 0 0 0 0 0 0 0 0 0 0 0]
[1292172155679220567153993715591929905851864991564144276851677923979955042375861797684914077072657849510555213056666703385984084702681904868141621683984237601597097809470046112893532170637686979834362002429062832892136561205262208342670709813 0 0 0 0 0 0 0 0 0 0 0 0 0 0 0 0 0 0 0 0 0 0 0 0 0 0 0 0 0 0 0 0 0 0 0 0 0 0 1 0 0 0 0 0 0 0 0 0 0 0 0 0 0 0 0 0 0 0 0 0 0 0 0 0 0 0 0 0 0 0 0 0 0 0 0 0 0 0 0]
[811651805836864980245333402703069422267048595478982471804843563114385834405660441395065053126486309379846021438465576927848588233926752294452716214638720879292008738878846471317943520018135044375192748371087414653364412110396636477009555763 0 0 0 0 0 0 0 0 0 0 0 0 0 0 0 0 0 0 0 0 0 0 0 0 0 0 0 0 0 0 0 0 0 0 0 0 0 0 0 1 0 0 0 0 0 0 0 0 0 0 0 0 0 0 0 0 0 0 0 0 0 0 0 0 0 0 0 0 0 0 0 0 0 0 0 0 0 0 0]
[623130335549036767501812585293763572322389881426645135507436755490373009148587810349877475800915031794014771397197784568308639949764285151479644047955143447012017198298646537359182692299034468567130096868978498039823987473004039661433627811 0 0 0 0 0 0 0 0 0 0 0 0 0 0 0 0 0 0 0 0 0 0 0 0 0 0 0 0 0 0 0 0 0 0 0 0 0 0 0 0 1 0 0 0 0 0 0 0 0 0 0 0 0 0 0 0 0 0 0 0 0 0 0 0 0 0 0 0 0 0 0 0 0 0 0 0 0 0 0]
[3029568520657219370378389743919767991121107856239708026578657801846219359266587047009470399738977507093420782197795023557162322708851769453054569268202227444415110276060152211884710797448290750117114713927979718612620231459623730695144526987 0 0 0 0 0 0 0 0 0 0 0 0 0 0 0 0 0 0 0 0 0 0 0 0 0 0 0 0 0 0 0 0 0 0 0 0 0 0 0 0 0 1 0 0 0 0 0 0 0 0 0 0 0 0 0 0 0 0 0 0 0 0 0 0 0 0 0 0 0 0 0 0 0 0 0 0 0 0 0]
[2579056536245323228584775136924591094505832507090788259984931813826825293488757902156529291542424919745661987767963662690700323119805089203444341431129664770717760051675012086599735505436198631132114922281054778226563878238142110870886595510 0 0 0 0 0 0 0 0 0 0 0 0 0 0 0 0 0 0 0 0 0 0 0 0 0 0 0 0 0 0 0 0 0 0 0 0 0 0 0 0 0 0 1 0 0 0 0 0 0 0 0 0 0 0 0 0 0 0 0 0 0 0 0 0 0 0 0 0 0 0 0 0 0 0 0 0 0 0 0]
[3127058712493607462523886602012606757192362673003822970676348689328586807452025846771983694792335687505941593700185518684926994338857644872365282155527624991185698131872934262720538165861857035166742830565055166415943087660581680364607732200 0 0 0 0 0 0 0 0 0 0 0 0 0 0 0 0 0 0 0 0 0 0 0 0 0 0 0 0 0 0 0 0 0 0 0 0 0 0 0 0 0 0 0 1 0 0 0 0 0 0 0 0 0 0 0 0 0 0 0 0 0 0 0 0 0 0 0 0 0 0 0 0 0 0 0 0 0 0 0]
[1977589775850656885070750084277442327100623360793474335064778550113610932990648059370016926546061306329866514205966887112312408028437033659500627498021800513800661225668200099909992138221363090656537725724842056186434589847939392294521041899 0 0 0 0 0 0 0 0 0 0 0 0 0 0 0 0 0 0 0 0 0 0 0 0 0 0 0 0 0 0 0 0 0 0 0 0 0 0 0 0 0 0 0 0 1 0 0 0 0 0 0 0 0 0 0 0 0 0 0 0 0 0 0 0 0 0 0 0 0 0 0 0 0 0 0 0 0 0 0]
[3161991673730869942218804028573859383946224805109732745599497566488406525195251168260364231552280561508283183393824635291962631109298041537567714955238114339242961691508197523409926831802452017441405571472076371912832866010954037829126267262 0 0 0 0 0 0 0 0 0 0 0 0 0 0 0 0 0 0 0 0 0 0 0 0 0 0 0 0 0 0 0 0 0 0 0 0 0 0 0 0 0 0 0 0 0 1 0 0 0 0 0 0 0 0 0 0 0 0 0 0 0 0 0 0 0 0 0 0 0 0 0 0 0 0 0 0 0 0 0]
[1469369527614851853075664434920644692262787389009627377420626518393403636297814859475484243763435107090139720082787921185983972966824485082304574357767427933090841118104090155815597119041961370649591507133785531411440423287586898428046864942 0 0 0 0 0 0 0 0 0 0 0 0 0 0 0 0 0 0 0 0 0 0 0 0 0 0 0 0 0 0 0 0 0 0 0 0 0 0 0 0 0 0 0 0 0 0 1 0 0 0 0 0 0 0 0 0 0 0 0 0 0 0 0 0 0 0 0 0 0 0 0 0 0 0 0 0 0 0 0]
[2774672156354705939881400315161099922505227234727102241592576239888741719423246145357957733333105801667154533483619359799606395270277518498313655514066854750961340899912947031545956410940074347853169131871695296502796826760620439963916860798 0 0 0 0 0 0 0 0 0 0 0 0 0 0 0 0 0 0 0 0 0 0 0 0 0 0 0 0 0 0 0 0 0 0 0 0 0 0 0 0 0 0 0 0 0 0 0 1 0 0 0 0 0 0 0 0 0 0 0 0 0 0 0 0 0 0 0 0 0 0 0 0 0 0 0 0 0 0 0]
[2486977425374880368386219144686856519961128699891578899134431826147672399228998245820758745712339203792263590826686776621088580266716656517068005364078072664483865626777542837940573714914115489848419750845181900021165245693858625923934972696 0 0 0 0 0 0 0 0 0 0 0 0 0 0 0 0 0 0 0 0 0 0 0 0 0 0 0 0 0 0 0 0 0 0 0 0 0 0 0 0 0 0 0 0 0 0 0 0 1 0 0 0 0 0 0 0 0 0 0 0 0 0 0 0 0 0 0 0 0 0 0 0 0 0 0 0 0 0 0]
[3211493354484455861097375718052221079857065583180378916358977615720007562369056333391937365077902978394117233405719199295963203117729523103926861558866592634021308054297632879504969522980644839110460117155473820572903224431765636883621655916 0 0 0 0 0 0 0 0 0 0 0 0 0 0 0 0 0 0 0 0 0 0 0 0 0 0 0 0 0 0 0 0 0 0 0 0 0 0 0 0 0 0 0 0 0 0 0 0 0 1 0 0 0 0 0 0 0 0 0 0 0 0 0 0 0 0 0 0 0 0 0 0 0 0 0 0 0 0 0]
[1965157745833201708823442460118460839412013313070722108544599350835944095676233015811423145409467234345987737759509618685193407220121917112791210602792647004093348353151623640185581107557929150219732794761561537619208755205963814592337821458 0 0 0 0 0 0 0 0 0 0 0 0 0 0 0 0 0 0 0 0 0 0 0 0 0 0 0 0 0 0 0 0 0 0 0 0 0 0 0 0 0 0 0 0 0 0 0 0 0 0 1 0 0 0 0 0 0 0 0 0 0 0 0 0 0 0 0 0 0 0 0 0 0 0 0 0 0 0 0]
[2237910757683283456623370790320228389150402032651501768501369632796721157643042228558807260172183400155914140530599166890266471735196703801098820285523801106268333767484382424810311466248034771128158081315220686628793528530871482669038846034 0 0 0 0 0 0 0 0 0 0 0 0 0 0 0 0 0 0 0 0 0 0 0 0 0 0 0 0 0 0 0 0 0 0 0 0 0 0 0 0 0 0 0 0 0 0 0 0 0 0 0 1 0 0 0 0 0 0 0 0 0 0 0 0 0 0 0 0 0 0 0 0 0 0 0 0 0 0 0]
[724012020617221917124416857296701720739014945939249227270723801585423226824529282331076177915014805188501487128960915545406492353337190519361968302381522775817968518000849002299114415458644584863655065967256941037282455272371123409575848773 0 0 0 0 0 0 0 0 0 0 0 0 0 0 0 0 0 0 0 0 0 0 0 0 0 0 0 0 0 0 0 0 0 0 0 0 0 0 0 0 0 0 0 0 0 0 0 0 0 0 0 0 1 0 0 0 0 0 0 0 0 0 0 0 0 0 0 0 0 0 0 0 0 0 0 0 0 0 0]
[29073374974932131942567162167152719635139527083672524193515630887871755183136978750729683112025817675510903896926035139961193776294625337570057409895636649477422557805868080516884195452537499390036688998113985474935555264191155102728341157 0 0 0 0 0 0 0 0 0 0 0 0 0 0 0 0 0 0 0 0 0 0 0 0 0 0 0 0 0 0 0 0 0 0 0 0 0 0 0 0 0 0 0 0 0 0 0 0 0 0 0 0 0 1 0 0 0 0 0 0 0 0 0 0 0 0 0 0 0 0 0 0 0 0 0 0 0 0 0]
[2514249420104946739953606201576919349110082103653203115042540434779507189425528392862343514510853875031070321209123321861565738949382290997562761750850825699148313047839498554527806628920896364000456809280109768238755622550516766604266779244 0 0 0 0 0 0 0 0 0 0 0 0 0 0 0 0 0 0 0 0 0 0 0 0 0 0 0 0 0 0 0 0 0 0 0 0 0 0 0 0 0 0 0 0 0 0 0 0 0 0 0 0 0 0 1 0 0 0 0 0 0 0 0 0 0 0 0 0 0 0 0 0 0 0 0 0 0 0 0]
[1184106660138493815622382571720974294111792814908442479554449475557182208904527281638923093119211514352421948900019322055563595156410773451207043066896563139146076247963718733902613404640737376628361354095656403625965014432985570480557305114 0 0 0 0 0 0 0 0 0 0 0 0 0 0 0 0 0 0 0 0 0 0 0 0 0 0 0 0 0 0 0 0 0 0 0 0 0 0 0 0 0 0 0 0 0 0 0 0 0 0 0 0 0 0 0 1 0 0 0 0 0 0 0 0 0 0 0 0 0 0 0 0 0 0 0 0 0 0 0]
[1703269001868814414025795392815393548375161118360309414411088204283544045685471057170456399181532528051761120772282122911938625159378053198563589388685334987706223221515141979268551859200036540477655434448469459384791877435400051349819763433 0 0 0 0 0 0 0 0 0 0 0 0 0 0 0 0 0 0 0 0 0 0 0 0 0 0 0 0 0 0 0 0 0 0 0 0 0 0 0 0 0 0 0 0 0 0 0 0 0 0 0 0 0 0 0 0 1 0 0 0 0 0 0 0 0 0 0 0 0 0 0 0 0 0 0 0 0 0 0]
[915060949137067423121457340661261143376997496750636770917956222213060148754837906691145850481932590873312640553761853743960513707335155934960932001831884984641055648251123790670025138919527550306673961539916581603820385741738720078214422189 0 0 0 0 0 0 0 0 0 0 0 0 0 0 0 0 0 0 0 0 0 0 0 0 0 0 0 0 0 0 0 0 0 0 0 0 0 0 0 0 0 0 0 0 0 0 0 0 0 0 0 0 0 0 0 0 0 1 0 0 0 0 0 0 0 0 0 0 0 0 0 0 0 0 0 0 0 0 0]
[2918020684342339462088327223890061967990699463383935446325209629752074996483606231109096024912957177062122396303854432978499690629957841380090408710027056585947554146219671657221152997684432952941897382238820105319409362912147885131213329663 0 0 0 0 0 0 0 0 0 0 0 0 0 0 0 0 0 0 0 0 0 0 0 0 0 0 0 0 0 0 0 0 0 0 0 0 0 0 0 0 0 0 0 0 0 0 0 0 0 0 0 0 0 0 0 0 0 0 1 0 0 0 0 0 0 0 0 0 0 0 0 0 0 0 0 0 0 0 0]
[1748553917290462263804223529643073598493944148741750527512294465570651237677014631890578771666541863377018531454963108493764689379013067136110917982478557778070128580383267344419306186395369884103504202922522287262584969546936621078999657022 0 0 0 0 0 0 0 0 0 0 0 0 0 0 0 0 0 0 0 0 0 0 0 0 0 0 0 0 0 0 0 0 0 0 0 0 0 0 0 0 0 0 0 0 0 0 0 0 0 0 0 0 0 0 0 0 0 0 0 1 0 0 0 0 0 0 0 0 0 0 0 0 0 0 0 0 0 0 0]
[2981438292582359466960680724551574041034024483495188754438443679141210676026113024648941948229186238290168524606956302463663119494250885524757152406142483348665818368369848599441009999579618630245553801552151635379864535388568604192215117770 0 0 0 0 0 0 0 0 0 0 0 0 0 0 0 0 0 0 0 0 0 0 0 0 0 0 0 0 0 0 0 0 0 0 0 0 0 0 0 0 0 0 0 0 0 0 0 0 0 0 0 0 0 0 0 0 0 0 0 0 1 0 0 0 0 0 0 0 0 0 0 0 0 0 0 0 0 0 0]
[1817307809975289309650744704454384803374404887281687417197321214823968281013389230120277266584952108833701213935805588343460544883260816957282505454815854167645467753317701842900318494509275311877367256532301400270253899610803625676530913456 0 0 0 0 0 0 0 0 0 0 0 0 0 0 0 0 0 0 0 0 0 0 0 0 0 0 0 0 0 0 0 0 0 0 0 0 0 0 0 0 0 0 0 0 0 0 0 0 0 0 0 0 0 0 0 0 0 0 0 0 0 1 0 0 0 0 0 0 0 0 0 0 0 0 0 0 0 0 0]
[2665883331301996885032640896601320087112485342537104987482644755556966119976098154034728197583608685747035190719258191103872674997906269148494780159286905862238616620175816025631228230784770080410113311706201471390997895507075676587492345312 0 0 0 0 0 0 0 0 0 0 0 0 0 0 0 0 0 0 0 0 0 0 0 0 0 0 0 0 0 0 0 0 0 0 0 0 0 0 0 0 0 0 0 0 0 0 0 0 0 0 0 0 0 0 0 0 0 0 0 0 0 0 1 0 0 0 0 0 0 0 0 0 0 0 0 0 0 0 0]
[2144860320117575823198471952899389291563185199035050766913024834793424789157693071617938950612323918542282652705999198103880741500294384046411080235873492733346777368096051674413318592753500271484377367553125527926180972302837838211316904327 0 0 0 0 0 0 0 0 0 0 0 0 0 0 0 0 0 0 0 0 0 0 0 0 0 0 0 0 0 0 0 0 0 0 0 0 0 0 0 0 0 0 0 0 0 0 0 0 0 0 0 0 0 0 0 0 0 0 0 0 0 0 0 1 0 0 0 0 0 0 0 0 0 0 0 0 0 0 0]
[2948034624849317193455355148949749270359893462018379078579918772740575830718242390966470592307534321972852484827121691117434059957952780163870291145163005316565252510891305398912062848202655232211752230621392421698867110065705574742401468865 0 0 0 0 0 0 0 0 0 0 0 0 0 0 0 0 0 0 0 0 0 0 0 0 0 0 0 0 0 0 0 0 0 0 0 0 0 0 0 0 0 0 0 0 0 0 0 0 0 0 0 0 0 0 0 0 0 0 0 0 0 0 0 0 1 0 0 0 0 0 0 0 0 0 0 0 0 0 0]
[2401393065451699421292274937778600845330148644918831439839514293663476373769927920282597005004014348737575116340312152185484012366805827037488121228622388255185018319403977934637899529762372042102084433324403912614934891231196937231294189278 0 0 0 0 0 0 0 0 0 0 0 0 0 0 0 0 0 0 0 0 0 0 0 0 0 0 0 0 0 0 0 0 0 0 0 0 0 0 0 0 0 0 0 0 0 0 0 0 0 0 0 0 0 0 0 0 0 0 0 0 0 0 0 0 0 1 0 0 0 0 0 0 0 0 0 0 0 0 0]
[3523803080950027329348582841536753308695398503833280935944470008736512302031072163404053887251296598489471496011420027588818788640921542490045996882679728658787231093273196339004540698977400445994243442331314751109361327804285705523115771453 0 0 0 0 0 0 0 0 0 0 0 0 0 0 0 0 0 0 0 0 0 0 0 0 0 0 0 0 0 0 0 0 0 0 0 0 0 0 0 0 0 0 0 0 0 0 0 0 0 0 0 0 0 0 0 0 0 0 0 0 0 0 0 0 0 0 1 0 0 0 0 0 0 0 0 0 0 0 0]
[2340335115092419993701344854530833251345901109052241616883655575025236513201738790423537586833805402407032600403832474009180109372358544154860742037864892897444917745851071566388560636366039801164532168523383902456157004820986012077979693318 0 0 0 0 0 0 0 0 0 0 0 0 0 0 0 0 0 0 0 0 0 0 0 0 0 0 0 0 0 0 0 0 0 0 0 0 0 0 0 0 0 0 0 0 0 0 0 0 0 0 0 0 0 0 0 0 0 0 0 0 0 0 0 0 0 0 0 1 0 0 0 0 0 0 0 0 0 0 0]
[1567943797686980769304957798573455139635479634247879364067532894066752144174687601430884583329453380096678546321575721088773852759161257978552042250717039826704508154224959938444454707478887018062536531088235026596461899110613421395711725469 0 0 0 0 0 0 0 0 0 0 0 0 0 0 0 0 0 0 0 0 0 0 0 0 0 0 0 0 0 0 0 0 0 0 0 0 0 0 0 0 0 0 0 0 0 0 0 0 0 0 0 0 0 0 0 0 0 0 0 0 0 0 0 0 0 0 0 0 1 0 0 0 0 0 0 0 0 0 0]
[2295578742898683191166920418915119189243887830494127737197814169228382830718312333536134065690697425359180632500496239668240208186898295619123938968001096435403006408598472114807314122753071776333860141169134417712339526902399209650549146145 0 0 0 0 0 0 0 0 0 0 0 0 0 0 0 0 0 0 0 0 0 0 0 0 0 0 0 0 0 0 0 0 0 0 0 0 0 0 0 0 0 0 0 0 0 0 0 0 0 0 0 0 0 0 0 0 0 0 0 0 0 0 0 0 0 0 0 0 0 1 0 0 0 0 0 0 0 0 0]
[939346563654998881715494548874865085165392712808623246608750033233356653000185931446027535785631813618110806151230744364837337522834998603541167799736116004689323894218954136447817324635366782322382661533492403591805585744941534557580092359 0 0 0 0 0 0 0 0 0 0 0 0 0 0 0 0 0 0 0 0 0 0 0 0 0 0 0 0 0 0 0 0 0 0 0 0 0 0 0 0 0 0 0 0 0 0 0 0 0 0 0 0 0 0 0 0 0 0 0 0 0 0 0 0 0 0 0 0 0 0 1 0 0 0 0 0 0 0 0]
[2647021556303918938652564860268933891141578481350241795442718780836251652677205211230080441565344532830659025596831268598269273785899684701481539861899202851253222208044913892627894297337818836147804620572264847164611672958173309645365416082 0 0 0 0 0 0 0 0 0 0 0 0 0 0 0 0 0 0 0 0 0 0 0 0 0 0 0 0 0 0 0 0 0 0 0 0 0 0 0 0 0 0 0 0 0 0 0 0 0 0 0 0 0 0 0 0 0 0 0 0 0 0 0 0 0 0 0 0 0 0 0 1 0 0 0 0 0 0 0]
[477143220449416314538203223652938359877695536556600211855213751966588992552895848737086208516624060419528173317729283314552841866301164890309768215392946429525294649507132526908194254238207866335826913996510436159315362233066683868450961820 0 0 0 0 0 0 0 0 0 0 0 0 0 0 0 0 0 0 0 0 0 0 0 0 0 0 0 0 0 0 0 0 0 0 0 0 0 0 0 0 0 0 0 0 0 0 0 0 0 0 0 0 0 0 0 0 0 0 0 0 0 0 0 0 0 0 0 0 0 0 0 0 1 0 0 0 0 0 0]
[2767311454150650340768248955080677385624849605610726525656726138877390117269837643967221812608708876108540437409417661545347049171573746953915343919563695091077570498688579325192880853961356780966698636393817055090252706479827096994174257778 0 0 0 0 0 0 0 0 0 0 0 0 0 0 0 0 0 0 0 0 0 0 0 0 0 0 0 0 0 0 0 0 0 0 0 0 0 0 0 0 0 0 0 0 0 0 0 0 0 0 0 0 0 0 0 0 0 0 0 0 0 0 0 0 0 0 0 0 0 0 0 0 0 1 0 0 0 0 0]
[924636745513417851928661290954172040404330698670592405331886881293574046940912861997817361976262255916502774896648714789484166257382545815111218615676459479960087738017738241595458729946667637793711469674280246600331277682255360230563127455 0 0 0 0 0 0 0 0 0 0 0 0 0 0 0 0 0 0 0 0 0 0 0 0 0 0 0 0 0 0 0 0 0 0 0 0 0 0 0 0 0 0 0 0 0 0 0 0 0 0 0 0 0 0 0 0 0 0 0 0 0 0 0 0 0 0 0 0 0 0 0 0 0 0 1 0 0 0 0]
[643813804760942498243737187624443056253314213018186758257475692722926053698571912618618511733591909759808126064168231208416725840500811400076925434802629413031460615673655503804490154869402321055361858388372296852687654163744647504979574559 0 0 0 0 0 0 0 0 0 0 0 0 0 0 0 0 0 0 0 0 0 0 0 0 0 0 0 0 0 0 0 0 0 0 0 0 0 0 0 0 0 0 0 0 0 0 0 0 0 0 0 0 0 0 0 0 0 0 0 0 0 0 0 0 0 0 0 0 0 0 0 0 0 0 0 1 0 0 0]
[1617245046288251338544801786220744277894853027406960322814487545759809521894578517985777682252791096110072594283375863595820030244422934673201772338034954039006648697057677775157147412352089391670928452573076799773520097212475901370497317118 0 0 0 0 0 0 0 0 0 0 0 0 0 0 0 0 0 0 0 0 0 0 0 0 0 0 0 0 0 0 0 0 0 0 0 0 0 0 0 0 0 0 0 0 0 0 0 0 0 0 0 0 0 0 0 0 0 0 0 0 0 0 0 0 0 0 0 0 0 0 0 0 0 0 0 0 1 0 0]
[1377846818901522164859082965522065456272445895814653870568743351765446891982050074788379239479114298401636038490249371371693232212773593328823025113713681776259685892553068501232087792060950190919404218448138558984032328467232280625725422975 0 0 0 0 0 0 0 0 0 0 0 0 0 0 0 0 0 0 0 0 0 0 0 0 0 0 0 0 0 0 0 0 0 0 0 0 0 0 0 0 0 0 0 0 0 0 0 0 0 0 0 0 0 0 0 0 0 0 0 0 0 0 0 0 0 0 0 0 0 0 0 0 0 0 0 0 0 1 0]
[2807642826892470954692065171708126648689570440176263972409256913138880954816276590910578035228097771623401026461492150316378764590424200780533569982395089993267297298957985964529540698038278713217066530084095804421761637599109351171711179685 0 0 0 0 0 0 0 0 0 0 0 0 0 0 0 0 0 0 0 0 0 0 0 0 0 0 0 0 0 0 0 0 0 0 0 0 0 0 0 0 0 0 0 0 0 0 0 0 0 0 0 0 0 0 0 0 0 0 0 0 0 0 0 0 0 0 0 0 0 0 0 0 0 0 0 0 0 0 1]
]
