[[4614636923988340418098883173895106085944224464832415998435793852112208535968311736978420980274399586053631231683117229885414502487538163044848461728275448570800752707469240384778102068283417097468739 0 0 0 0 0 0 0 0 0 0 0 0 0 0 0 0 0 0 0 0 0 0 0 0 0 0 0 0 0 0 0 0 0 0 0 0 0 0 0 0 0 0 0 0 0 0 0 0 0 0 0 0 0 0 0 0 0 0 0 0 0 0 0 0 0]
[3033421815603887320087705305850484182964174137691951350435834840426164200851453269768043745885324577268738219451024882344799666191306928383953324788126726014014466969329273441502717576603682689406752 1 0 0 0 0 0 0 0 0 0 0 0 0 0 0 0 0 0 0 0 0 0 0 0 0 0 0 0 0 0 0 0 0 0 0 0 0 0 0 0 0 0 0 0 0 0 0 0 0 0 0 0 0 0 0 0 0 0 0 0 0 0 0 0 0]
[3149504589955251364655163133279817049949534509210155495370510433388162455217617064626750580152205371508824453012472551107875872596985283858695145708840623785735365770452922083595565740433754108118639 0 1 0 0 0 0 0 0 0 0 0 0 0 0 0 0 0 0 0 0 0 0 0 0 0 0 0 0 0 0 0 0 0 0 0 0 0 0 0 0 0 0 0 0 0 0 0 0 0 0 0 0 0 0 0 0 0 0 0 0 0 0 0 0 0]
[3696464590982947655041996186112179253439181295080423248594097188355128465061272378781364347382708612420350803467219751603775869684512291363990062784550378603532349751036567419106311791575384648003759 0 0 1 0 0 0 0 0 0 0 0 0 0 0 0 0 0 0 0 0 0 0 0 0 0 0 0 0 0 0 0 0 0 0 0 0 0 0 0 0 0 0 0 0 0 0 0 0 0 0 0 0 0 0 0 0 0 0 0 0 0 0 0 0 0]
[1526088684181278062141220586372480035667471227424073857312869720741897842692592244418508033918245824604911590873639594239687810596950880184084056181487144709672821723285919036816395095104561420353349 0 0 0 1 0 0 0 0 0 0 0 0 0 0 0 0 0 0 0 0 0 0 0 0 0 0 0 0 0 0 0 0 0 0 0 0 0 0 0 0 0 0 0 0 0 0 0 0 0 0 0 0 0 0 0 0 0 0 0 0 0 0 0 0 0]
[1560970703280238446368551474007017875922170798668035816379816833200150870016345618803033411942479631071966001915447794194781405830485908814129378207308452318544083326747280914639131899048289107952152 0 0 0 0 1 0 0 0 0 0 0 0 0 0 0 0 0 0 0 0 0 0 0 0 0 0 0 0 0 0 0 0 0 0 0 0 0 0 0 0 0 0 0 0 0 0 0 0 0 0 0 0 0 0 0 0 0 0 0 0 0 0 0 0 0]
[3896109809874051258763199751484680116624021353259249409881144845844410416232164560957307552609741910486791495472468582308725754707500505953791976434189466486892576619716248583471427803098229982358537 0 0 0 0 0 1 0 0 0 0 0 0 0 0 0 0 0 0 0 0 0 0 0 0 0 0 0 0 0 0 0 0 0 0 0 0 0 0 0 0 0 0 0 0 0 0 0 0 0 0 0 0 0 0 0 0 0 0 0 0 0 0 0 0 0]
[3110492864293109369073943295110299725673383625377331828477024076283559903940033766361591416006139982347014072158411915708900808241194618919331952198165759227867490235230056022524277098279837095695366 0 0 0 0 0 0 1 0 0 0 0 0 0 0 0 0 0 0 0 0 0 0 0 0 0 0 0 0 0 0 0 0 0 0 0 0 0 0 0 0 0 0 0 0 0 0 0 0 0 0 0 0 0 0 0 0 0 0 0 0 0 0 0 0 0]
[2512482516592327348160639669873107343491476394071123525318469771242468880292064932783524069714240468353263061628384427566572956119745372715231602193951328906338453504302153048654953376532414849263367 0 0 0 0 0 0 0 1 0 0 0 0 0 0 0 0 0 0 0 0 0 0 0 0 0 0 0 0 0 0 0 0 0 0 0 0 0 0 0 0 0 0 0 0 0 0 0 0 0 0 0 0 0 0 0 0 0 0 0 0 0 0 0 0 0]
[449067811672877531137173790263703779528306483115868487667019080483049052458340494234041916598948860659164941996168784107522058966845723473328268616615308679221023168418465890559257385166979442496099 0 0 0 0 0 0 0 0 1 0 0 0 0 0 0 0 0 0 0 0 0 0 0 0 0 0 0 0 0 0 0 0 0 0 0 0 0 0 0 0 0 0 0 0 0 0 0 0 0 0 0 0 0 0 0 0 0 0 0 0 0 0 0 0 0]
[3802279902614539958365893593347535230875285010274748176375855973309839023499660483989146555640247607964889046471115087992342924519909222501068431648602493432193955597780465727319677277747473524227759 0 0 0 0 0 0 0 0 0 1 0 0 0 0 0 0 0 0 0 0 0 0 0 0 0 0 0 0 0 0 0 0 0 0 0 0 0 0 0 0 0 0 0 0 0 0 0 0 0 0 0 0 0 0 0 0 0 0 0 0 0 0 0 0 0]
[1201676534175381628668960426203377450742694658185259958474674932644010657282748696118778795875180260980768516746498833753114599706777866298267000299596151950847548791997248224809927364775228587332012 0 0 0 0 0 0 0 0 0 0 1 0 0 0 0 0 0 0 0 0 0 0 0 0 0 0 0 0 0 0 0 0 0 0 0 0 0 0 0 0 0 0 0 0 0 0 0 0 0 0 0 0 0 0 0 0 0 0 0 0 0 0 0 0 0]
[251769726409853985752893243756996020060820343837041421294372004391800357484462420447477723980035098615555286575787967163897554001406534849369195078559562253898303994735659906263564819481641754008881 0 0 0 0 0 0 0 0 0 0 0 1 0 0 0 0 0 0 0 0 0 0 0 0 0 0 0 0 0 0 0 0 0 0 0 0 0 0 0 0 0 0 0 0 0 0 0 0 0 0 0 0 0 0 0 0 0 0 0 0 0 0 0 0 0]
[463744817131661044241927593109015744782859981755974840523577242247888180045777789234404221808752666939855489251525170842788860474523497919964196120435765784659479199276385226321982164104200636091973 0 0 0 0 0 0 0 0 0 0 0 0 1 0 0 0 0 0 0 0 0 0 0 0 0 0 0 0 0 0 0 0 0 0 0 0 0 0 0 0 0 0 0 0 0 0 0 0 0 0 0 0 0 0 0 0 0 0 0 0 0 0 0 0 0]
[967263446224413168071174017421050581623480221489585759134306202023866297810737502746401228114330567309331323695615799406009353501230877422726775085045477292077683733563014313691879684341909947170193 0 0 0 0 0 0 0 0 0 0 0 0 0 1 0 0 0 0 0 0 0 0 0 0 0 0 0 0 0 0 0 0 0 0 0 0 0 0 0 0 0 0 0 0 0 0 0 0 0 0 0 0 0 0 0 0 0 0 0 0 0 0 0 0 0]
[392050702706959816777427761281213282792193630823652378617500229052762312243548386742418693981565864203326830443912315190583024880402196737768174345449531810347775301046283418499106366612998262434185 0 0 0 0 0 0 0 0 0 0 0 0 0 0 1 0 0 0 0 0 0 0 0 0 0 0 0 0 0 0 0 0 0 0 0 0 0 0 0 0 0 0 0 0 0 0 0 0 0 0 0 0 0 0 0 0 0 0 0 0 0 0 0 0 0]
[3155321295726122519086254257544358468459083323675661984740249795036995624371554182625015309932250691277089430600842443420942317226475634173039419345688242620570383252928639545414302182906773052341697 0 0 0 0 0 0 0 0 0 0 0 0 0 0 0 1 0 0 0 0 0 0 0 0 0 0 0 0 0 0 0 0 0 0 0 0 0 0 0 0 0 0 0 0 0 0 0 0 0 0 0 0 0 0 0 0 0 0 0 0 0 0 0 0 0]
[3013903470904562580640044391535185389110909118012669303680354257938259276278049302367670295742660983542797359374101761106743642551520973644493829099582369829540623979728318451609989698509404247835143 0 0 0 0 0 0 0 0 0 0 0 0 0 0 0 0 1 0 0 0 0 0 0 0 0 0 0 0 0 0 0 0 0 0 0 0 0 0 0 0 0 0 0 0 0 0 0 0 0 0 0 0 0 0 0 0 0 0 0 0 0 0 0 0 0]
[2760870127421031529010009090661768650309660789367838975420424699277554992400186463081075157760776315994296233596974758122520775046686351694104334461694396935032352025536630466824801846508478915649493 0 0 0 0 0 0 0 0 0 0 0 0 0 0 0 0 0 1 0 0 0 0 0 0 0 0 0 0 0 0 0 0 0 0 0 0 0 0 0 0 0 0 0 0 0 0 0 0 0 0 0 0 0 0 0 0 0 0 0 0 0 0 0 0 0]
[391903809451221834389893456796275445893136106529571644652769896365664638647134833321538860484311220170036085607126652295638732721555469774900223908571533451173952701982890082233560096847771138785479 0 0 0 0 0 0 0 0 0 0 0 0 0 0 0 0 0 0 1 0 0 0 0 0 0 0 0 0 0 0 0 0 0 0 0 0 0 0 0 0 0 0 0 0 0 0 0 0 0 0 0 0 0 0 0 0 0 0 0 0 0 0 0 0 0]
[2094279970348998923053651249389447717279822441821593838042992282798588057268300595520657803884167060062929099371043499973270177866216728882046059523141177567046542038830435525040974354284287582464779 0 0 0 0 0 0 0 0 0 0 0 0 0 0 0 0 0 0 0 1 0 0 0 0 0 0 0 0 0 0 0 0 0 0 0 0 0 0 0 0 0 0 0 0 0 0 0 0 0 0 0 0 0 0 0 0 0 0 0 0 0 0 0 0 0]
[1191286572595539992860333859470888385385537549898633649702333121732671112401431599908293713036938213396817757322401854066967985362713456800439134272394234924627596268113183190781092225254610046440590 0 0 0 0 0 0 0 0 0 0 0 0 0 0 0 0 0 0 0 0 1 0 0 0 0 0 0 0 0 0 0 0 0 0 0 0 0 0 0 0 0 0 0 0 0 0 0 0 0 0 0 0 0 0 0 0 0 0 0 0 0 0 0 0 0]
[302729978456527185676697923788779208484833591951359759436410223414904631326784075155060948674728274617830419125373120272857127035238534809691674378051660816101910081684392908261319994497794069117832 0 0 0 0 0 0 0 0 0 0 0 0 0 0 0 0 0 0 0 0 0 1 0 0 0 0 0 0 0 0 0 0 0 0 0 0 0 0 0 0 0 0 0 0 0 0 0 0 0 0 0 0 0 0 0 0 0 0 0 0 0 0 0 0 0]
[3187920622265565130499232628095523441037810243745525965363355666514342705660828199638452216717858874347712790904922722473744580142979861755562239309762392477278325464132153512663016071451954999287485 0 0 0 0 0 0 0 0 0 0 0 0 0 0 0 0 0 0 0 0 0 0 1 0 0 0 0 0 0 0 0 0 0 0 0 0 0 0 0 0 0 0 0 0 0 0 0 0 0 0 0 0 0 0 0 0 0 0 0 0 0 0 0 0 0]
[1432880750298603800591990880377927747074634792539348669767264580205461715226436129570555125046004545502400767400817488596711547984151464475839937041863190318300835745445347134104997256629285713802690 0 0 0 0 0 0 0 0 0 0 0 0 0 0 0 0 0 0 0 0 0 0 0 1 0 0 0 0 0 0 0 0 0 0 0 0 0 0 0 0 0 0 0 0 0 0 0 0 0 0 0 0 0 0 0 0 0 0 0 0 0 0 0 0 0]
[93622262944857815037168912322777223159854891488899074007284126893791067648582675472939080702950725151815596196129633746247843667800234039385716103901849634758376494849213535913658340784939991216050 0 0 0 0 0 0 0 0 0 0 0 0 0 0 0 0 0 0 0 0 0 0 0 0 1 0 0 0 0 0 0 0 0 0 0 0 0 0 0 0 0 0 0 0 0 0 0 0 0 0 0 0 0 0 0 0 0 0 0 0 0 0 0 0 0]
[737441665352095753845458902019098008316512579008238597300117365625815559399272441922454634331893493320683826950057602692258782198759681945303145314270766972511550092415844311179038784344753018197853 0 0 0 0 0 0 0 0 0 0 0 0 0 0 0 0 0 0 0 0 0 0 0 0 0 1 0 0 0 0 0 0 0 0 0 0 0 0 0 0 0 0 0 0 0 0 0 0 0 0 0 0 0 0 0 0 0 0 0 0 0 0 0 0 0]
[3352688168225193711960596620598566199974220927400744274112207040076883008629607460568650911432842095970900251530176550713983607631280847324147873812061924563897847144639537072515557955030634363754965 0 0 0 0 0 0 0 0 0 0 0 0 0 0 0 0 0 0 0 0 0 0 0 0 0 0 1 0 0 0 0 0 0 0 0 0 0 0 0 0 0 0 0 0 0 0 0 0 0 0 0 0 0 0 0 0 0 0 0 0 0 0 0 0 0]
[274846011633310016831970819657896582785435423101086889465024177037964876181317334653902137510486428021742074298068320228888756920881931338170354779968671668324017451030134956681503704373587789632478 0 0 0 0 0 0 0 0 0 0 0 0 0 0 0 0 0 0 0 0 0 0 0 0 0 0 0 1 0 0 0 0 0 0 0 0 0 0 0 0 0 0 0 0 0 0 0 0 0 0 0 0 0 0 0 0 0 0 0 0 0 0 0 0 0]
[4584596769373397832501150220137305311681790869421094157194035233931060031779264681005344658840000545255205644647140207368669576148832520546870395439857075706202752511460902170540995418066504901590267 0 0 0 0 0 0 0 0 0 0 0 0 0 0 0 0 0 0 0 0 0 0 0 0 0 0 0 0 1 0 0 0 0 0 0 0 0 0 0 0 0 0 0 0 0 0 0 0 0 0 0 0 0 0 0 0 0 0 0 0 0 0 0 0 0]
[4610026067969622386834116163795973742962316905238311672993892584209338338784329034572277498483510253245608205721790074001621721929175305548816098490224025174026378752553038853840355705621689245413579 0 0 0 0 0 0 0 0 0 0 0 0 0 0 0 0 0 0 0 0 0 0 0 0 0 0 0 0 0 1 0 0 0 0 0 0 0 0 0 0 0 0 0 0 0 0 0 0 0 0 0 0 0 0 0 0 0 0 0 0 0 0 0 0 0]
[4210990867231915895626260123042327848521240679236337624316704679340792826679630061521544206838330587592216455702592247353600801859147366607493770107756893786764673310611926931398657252691015409336891 0 0 0 0 0 0 0 0 0 0 0 0 0 0 0 0 0 0 0 0 0 0 0 0 0 0 0 0 0 0 1 0 0 0 0 0 0 0 0 0 0 0 0 0 0 0 0 0 0 0 0 0 0 0 0 0 0 0 0 0 0 0 0 0 0]
[3474465498873351201711498238640735557129045449094432899815571624695808069070529336091673892843961518690135235358093698846643749796303310947021698176644989486315720334277640653631350575112149101606901 0 0 0 0 0 0 0 0 0 0 0 0 0 0 0 0 0 0 0 0 0 0 0 0 0 0 0 0 0 0 0 1 0 0 0 0 0 0 0 0 0 0 0 0 0 0 0 0 0 0 0 0 0 0 0 0 0 0 0 0 0 0 0 0 0]
[3446971940435323581376522308525670668193569676609086757484300339072190209593399520799945943300422485077320159298669327273964185387070103679942151865924801034998425811005610003662474660530447581679617 0 0 0 0 0 0 0 0 0 0 0 0 0 0 0 0 0 0 0 0 0 0 0 0 0 0 0 0 0 0 0 0 1 0 0 0 0 0 0 0 0 0 0 0 0 0 0 0 0 0 0 0 0 0 0 0 0 0 0 0 0 0 0 0 0]
[705854430100385565209389526870899758698322767115242579310010942558322081290704069071910066172325387331935842985262368391356508927929148477316286210584205233813580737078290350033661406071703273171566 0 0 0 0 0 0 0 0 0 0 0 0 0 0 0 0 0 0 0 0 0 0 0 0 0 0 0 0 0 0 0 0 0 1 0 0 0 0 0 0 0 0 0 0 0 0 0 0 0 0 0 0 0 0 0 0 0 0 0 0 0 0 0 0 0]
[234481326956757272025725886969657083078576386281529800090810760170564319548468438110090461368484620477155921188342834639673881017448210198764520896077795783924054616466329922407236917866185509659382 0 0 0 0 0 0 0 0 0 0 0 0 0 0 0 0 0 0 0 0 0 0 0 0 0 0 0 0 0 0 0 0 0 0 1 0 0 0 0 0 0 0 0 0 0 0 0 0 0 0 0 0 0 0 0 0 0 0 0 0 0 0 0 0 0]
[4369023319476816565346930509850706444498468274042116851218365191729962494591914128732516959483919979477933302545619325716151056863193517599905570252550866909935234458367652200019753147085658830020384 0 0 0 0 0 0 0 0 0 0 0 0 0 0 0 0 0 0 0 0 0 0 0 0 0 0 0 0 0 0 0 0 0 0 0 1 0 0 0 0 0 0 0 0 0 0 0 0 0 0 0 0 0 0 0 0 0 0 0 0 0 0 0 0 0]
[2715439064499846289294266107164841481087181057634502775446887760112153114533775916582444212954372090845863002055357797962952088330469464043104907857733794699388751431682628884345767012123391448093020 0 0 0 0 0 0 0 0 0 0 0 0 0 0 0 0 0 0 0 0 0 0 0 0 0 0 0 0 0 0 0 0 0 0 0 0 1 0 0 0 0 0 0 0 0 0 0 0 0 0 0 0 0 0 0 0 0 0 0 0 0 0 0 0 0]
[167418569382871143220627419658276419954620042366909956081516047405875645784341084363613687044531795478453026803381288686416220757700116927132795330881515076631436510778566073174284013237551831963703 0 0 0 0 0 0 0 0 0 0 0 0 0 0 0 0 0 0 0 0 0 0 0 0 0 0 0 0 0 0 0 0 0 0 0 0 0 1 0 0 0 0 0 0 0 0 0 0 0 0 0 0 0 0 0 0 0 0 0 0 0 0 0 0 0]
[1260873316972716685101458317392436993785408778381035143353918415937745652128922940879106479231443392988063358413623198671307069782622520009110159056181646105923496932973996703588693317496052574185608 0 0 0 0 0 0 0 0 0 0 0 0 0 0 0 0 0 0 0 0 0 0 0 0 0 0 0 0 0 0 0 0 0 0 0 0 0 0 1 0 0 0 0 0 0 0 0 0 0 0 0 0 0 0 0 0 0 0 0 0 0 0 0 0 0]
[2852994707117306862739114394193868859347153101567859216885165434167776692036659627891810419699201298416915929175206305089408933182591307814417256723855042034713963187683921543373073080007806830834635 0 0 0 0 0 0 0 0 0 0 0 0 0 0 0 0 0 0 0 0 0 0 0 0 0 0 0 0 0 0 0 0 0 0 0 0 0 0 0 1 0 0 0 0 0 0 0 0 0 0 0 0 0 0 0 0 0 0 0 0 0 0 0 0 0]
[2438498307177435458634276819520531911946956188407108188448259711077379914719678744919725061381049010668475542884522345245107132716300675237233280159711510682009210777532976388325497579933404913219621 0 0 0 0 0 0 0 0 0 0 0 0 0 0 0 0 0 0 0 0 0 0 0 0 0 0 0 0 0 0 0 0 0 0 0 0 0 0 0 0 1 0 0 0 0 0 0 0 0 0 0 0 0 0 0 0 0 0 0 0 0 0 0 0 0]
[2517728572848807835746205171742875335024206187784067633766099312122620819669520927574990648038802394701115533321616909640032437075164716647763559436507080894002700691608129286105243404285600803494434 0 0 0 0 0 0 0 0 0 0 0 0 0 0 0 0 0 0 0 0 0 0 0 0 0 0 0 0 0 0 0 0 0 0 0 0 0 0 0 0 0 1 0 0 0 0 0 0 0 0 0 0 0 0 0 0 0 0 0 0 0 0 0 0 0]
[1309618610588082100299096746366075620283740443885790159393141443953537505171055644393346327004121388091623810940675396306796984754924397624030860384233888006585060470885586212520176464681123635193032 0 0 0 0 0 0 0 0 0 0 0 0 0 0 0 0 0 0 0 0 0 0 0 0 0 0 0 0 0 0 0 0 0 0 0 0 0 0 0 0 0 0 1 0 0 0 0 0 0 0 0 0 0 0 0 0 0 0 0 0 0 0 0 0 0]
[2482569142252369360773050401606765525388153875259828018914920742229827242362815710391380487615617556584776551267480233067672033007149128525143399983071743181738114687180526326082670693038523997786135 0 0 0 0 0 0 0 0 0 0 0 0 0 0 0 0 0 0 0 0 0 0 0 0 0 0 0 0 0 0 0 0 0 0 0 0 0 0 0 0 0 0 0 1 0 0 0 0 0 0 0 0 0 0 0 0 0 0 0 0 0 0 0 0 0]
[4584122623536220181477392505846047103861438661559052363137287556137937023687307686373335766696550755018076895261039626040488717732530193581570181662280579388341612237971924497900894897945169213704078 0 0 0 0 0 0 0 0 0 0 0 0 0 0 0 0 0 0 0 0 0 0 0 0 0 0 0 0 0 0 0 0 0 0 0 0 0 0 0 0 0 0 0 0 1 0 0 0 0 0 0 0 0 0 0 0 0 0 0 0 0 0 0 0 0]
[4593489364204371229835231120060848887626147788811306608552639512994451654841485553102662533825264520331976083029870188754598594128502943202771894826352388491860437876556796632656773510942156198837015 0 0 0 0 0 0 0 0 0 0 0 0 0 0 0 0 0 0 0 0 0 0 0 0 0 0 0 0 0 0 0 0 0 0 0 0 0 0 0 0 0 0 0 0 0 1 0 0 0 0 0 0 0 0 0 0 0 0 0 0 0 0 0 0 0]
[2747702800138647796281531024981674583106078775369320323234089997922147930221328525320220231948960502102018813800229173548743329420758005525490719290597058537240606380757967413097466292212324115485559 0 0 0 0 0 0 0 0 0 0 0 0 0 0 0 0 0 0 0 0 0 0 0 0 0 0 0 0 0 0 0 0 0 0 0 0 0 0 0 0 0 0 0 0 0 0 1 0 0 0 0 0 0 0 0 0 0 0 0 0 0 0 0 0 0]
[574880435138714717530460788281198339224950625312781721623467011959071176653279767548680980087099990200277923079201105316674557914139725673360070243890033539898976728910387708457082944131843804828130 0 0 0 0 0 0 0 0 0 0 0 0 0 0 0 0 0 0 0 0 0 0 0 0 0 0 0 0 0 0 0 0 0 0 0 0 0 0 0 0 0 0 0 0 0 0 0 1 0 0 0 0 0 0 0 0 0 0 0 0 0 0 0 0 0]
[2114195985490432249352176612093262404512283798687188011400261964048939394129527963010262754718105618538280976049683667001530898238031900547435837820534706242078255255983957526586167641563549460860575 0 0 0 0 0 0 0 0 0 0 0 0 0 0 0 0 0 0 0 0 0 0 0 0 0 0 0 0 0 0 0 0 0 0 0 0 0 0 0 0 0 0 0 0 0 0 0 0 1 0 0 0 0 0 0 0 0 0 0 0 0 0 0 0 0]
[4428513832067729281376991072940700132990208202348481433083270528696139497553021357962060642155455053315422566424631442958134286000831482258134276292059115704014630022080272260020179081430454026615021 0 0 0 0 0 0 0 0 0 0 0 0 0 0 0 0 0 0 0 0 0 0 0 0 0 0 0 0 0 0 0 0 0 0 0 0 0 0 0 0 0 0 0 0 0 0 0 0 0 1 0 0 0 0 0 0 0 0 0 0 0 0 0 0 0]
[2530429827425245887358368933887983147940813031308964580703589261928891358927273246682222307695358032076976984102867614320063264023143992588211658020833170563219286034175070919560737256366021650508371 0 0 0 0 0 0 0 0 0 0 0 0 0 0 0 0 0 0 0 0 0 0 0 0 0 0 0 0 0 0 0 0 0 0 0 0 0 0 0 0 0 0 0 0 0 0 0 0 0 0 1 0 0 0 0 0 0 0 0 0 0 0 0 0 0]
[2146582970114999860910361221948187537385251368428275869057837584244162958689864142653010529221114642781075116417616403604996630040578762987504667741282340552128921609853820405862210965508491378849144 0 0 0 0 0 0 0 0 0 0 0 0 0 0 0 0 0 0 0 0 0 0 0 0 0 0 0 0 0 0 0 0 0 0 0 0 0 0 0 0 0 0 0 0 0 0 0 0 0 0 0 1 0 0 0 0 0 0 0 0 0 0 0 0 0]
[3086327437431323974607801357006605735372709202929194792521376991517308507444058443855889120973814823371469200990434809616601418931631273863348355184400698172843240090029532814347884758836977324836324 0 0 0 0 0 0 0 0 0 0 0 0 0 0 0 0 0 0 0 0 0 0 0 0 0 0 0 0 0 0 0 0 0 0 0 0 0 0 0 0 0 0 0 0 0 0 0 0 0 0 0 0 1 0 0 0 0 0 0 0 0 0 0 0 0]
[1913750883401339233620217029398870319408409312427220505107651730559110400677620727020004628530576210791903790191135001852533246274575331477907423075806236763355460150567071023949376595215571502437021 0 0 0 0 0 0 0 0 0 0 0 0 0 0 0 0 0 0 0 0 0 0 0 0 0 0 0 0 0 0 0 0 0 0 0 0 0 0 0 0 0 0 0 0 0 0 0 0 0 0 0 0 0 1 0 0 0 0 0 0 0 0 0 0 0]
[1263639841771674037783227225267965615656342661554703604027835494924773663242268944380188258855629754512336613429841094141055651100067258927972885986142824252556927065016546084571022725785199866736325 0 0 0 0 0 0 0 0 0 0 0 0 0 0 0 0 0 0 0 0 0 0 0 0 0 0 0 0 0 0 0 0 0 0 0 0 0 0 0 0 0 0 0 0 0 0 0 0 0 0 0 0 0 0 1 0 0 0 0 0 0 0 0 0 0]
[987186873741005743686044459247471911544683123161606229404727474900299822335414590895070589646417803679674945323189852411871850776049594000956538562079794143723114918477030470443120368193108292393736 0 0 0 0 0 0 0 0 0 0 0 0 0 0 0 0 0 0 0 0 0 0 0 0 0 0 0 0 0 0 0 0 0 0 0 0 0 0 0 0 0 0 0 0 0 0 0 0 0 0 0 0 0 0 0 1 0 0 0 0 0 0 0 0 0]
[999588504708646518905303027243536049101860748344210686172437377302670819824870142229988575115770337713019187368770775146764730423824765031244049809833787711183406405704983993427933635611073558842321 0 0 0 0 0 0 0 0 0 0 0 0 0 0 0 0 0 0 0 0 0 0 0 0 0 0 0 0 0 0 0 0 0 0 0 0 0 0 0 0 0 0 0 0 0 0 0 0 0 0 0 0 0 0 0 0 1 0 0 0 0 0 0 0 0]
[2554738173602954378352501419515625854537636635503876485993660897051728566229100649023673999530422619792810587378577553532906225727374655900769637661635371967508287210582184077531436953238805411629819 0 0 0 0 0 0 0 0 0 0 0 0 0 0 0 0 0 0 0 0 0 0 0 0 0 0 0 0 0 0 0 0 0 0 0 0 0 0 0 0 0 0 0 0 0 0 0 0 0 0 0 0 0 0 0 0 0 1 0 0 0 0 0 0 0]
[2604207329653023970597772295947595116152306869159732499661823990177511947813381453535272628774255334167925976224852714582383499643500999454837838355130519164100131520492633080719781863725610954117091 0 0 0 0 0 0 0 0 0 0 0 0 0 0 0 0 0 0 0 0 0 0 0 0 0 0 0 0 0 0 0 0 0 0 0 0 0 0 0 0 0 0 0 0 0 0 0 0 0 0 0 0 0 0 0 0 0 0 1 0 0 0 0 0 0]
[2375234117909920971834885318310828747623700526407778294594267902772493459451668413089684517863438858760907228811856551474448089977430622099671351073770482773198587677658482227622422863651214852762789 0 0 0 0 0 0 0 0 0 0 0 0 0 0 0 0 0 0 0 0 0 0 0 0 0 0 0 0 0 0 0 0 0 0 0 0 0 0 0 0 0 0 0 0 0 0 0 0 0 0 0 0 0 0 0 0 0 0 0 1 0 0 0 0 0]
[2835930658646082913272190283198276209237423133129549531144161319893137950891399905314471330799598359914053938962093530360805872688333678808913722334805232246636442688344154780387827427797988969990741 0 0 0 0 0 0 0 0 0 0 0 0 0 0 0 0 0 0 0 0 0 0 0 0 0 0 0 0 0 0 0 0 0 0 0 0 0 0 0 0 0 0 0 0 0 0 0 0 0 0 0 0 0 0 0 0 0 0 0 0 1 0 0 0 0]
[289488305383553714719577133860920856094647229695735698209096618876595395768312774093998693378525795109973397228326611566068070986267598792346587176742145596821781497423064976247300058785761473713220 0 0 0 0 0 0 0 0 0 0 0 0 0 0 0 0 0 0 0 0 0 0 0 0 0 0 0 0 0 0 0 0 0 0 0 0 0 0 0 0 0 0 0 0 0 0 0 0 0 0 0 0 0 0 0 0 0 0 0 0 0 1 0 0 0]
[3548945758352517048826601142220001764515512808378750693393220207459698086687415298619723328213759743754618694836079878303190212033222238233188564421197786547819322271813181941995035277294554059942481 0 0 0 0 0 0 0 0 0 0 0 0 0 0 0 0 0 0 0 0 0 0 0 0 0 0 0 0 0 0 0 0 0 0 0 0 0 0 0 0 0 0 0 0 0 0 0 0 0 0 0 0 0 0 0 0 0 0 0 0 0 0 1 0 0]
[1463661274459023111188390592275146960470464314907169928062193711162178687857805397902093812053230842550104329514574585557824454145605959505723944693998435728732970662260620321461671310184143728358190 0 0 0 0 0 0 0 0 0 0 0 0 0 0 0 0 0 0 0 0 0 0 0 0 0 0 0 0 0 0 0 0 0 0 0 0 0 0 0 0 0 0 0 0 0 0 0 0 0 0 0 0 0 0 0 0 0 0 0 0 0 0 0 1 0]
[3022632462629887272699741978205019509222099983588664162252040124115759073516703558318852707149917821233401075585666801648783200656266174891054628742132369702937299383446078933355762223265339498653373 0 0 0 0 0 0 0 0 0 0 0 0 0 0 0 0 0 0 0 0 0 0 0 0 0 0 0 0 0 0 0 0 0 0 0 0 0 0 0 0 0 0 0 0 0 0 0 0 0 0 0 0 0 0 0 0 0 0 0 0 0 0 0 0 1]
]
