[[1934542707309300925679953650924894012264034332821281416551620612519058954347698657934126471101497300804954331569954221582332651955009123042920053083177955322948619 0 0 0 0 0 0 0 0 0 0 0 0 0 0 0 0 0 0 0 0 0 0 0 0 0 0 0 0 0 0 0 0 0 0 0 0 0 0 0 0 0 0 0 0 0 0 0 0 0 0 0 0 0]
[1501336625527991338274593159413068797609628519998969121246164920615998190199360357584054782880508424529886230509000746668091973693811267738431559654248133261297740 1 0 0 0 0 0 0 0 0 0 0 0 0 0 0 0 0 0 0 0 0 0 0 0 0 0 0 0 0 0 0 0 0 0 0 0 0 0 0 0 0 0 0 0 0 0 0 0 0 0 0 0 0]
[100488706948901782977067965569810603224515672586023692008523732914236368517790718334011561672880441564063094399992993774606245303150835828220832629447920814887353 0 1 0 0 0 0 0 0 0 0 0 0 0 0 0 0 0 0 0 0 0 0 0 0 0 0 0 0 0 0 0 0 0 0 0 0 0 0 0 0 0 0 0 0 0 0 0 0 0 0 0 0 0]
[424167385545723374341938608212324316357881228170919515663013227973823062670985515598373309521646921461621411398518867670888390981642514212805898720938220613775962 0 0 1 0 0 0 0 0 0 0 0 0 0 0 0 0 0 0 0 0 0 0 0 0 0 0 0 0 0 0 0 0 0 0 0 0 0 0 0 0 0 0 0 0 0 0 0 0 0 0 0 0 0]
[1506012293536361120990603965360127115579905010672391517089324102191369812511832276398408285988048583538075797932349168025111726117273466497230487900741525626821115 0 0 0 1 0 0 0 0 0 0 0 0 0 0 0 0 0 0 0 0 0 0 0 0 0 0 0 0 0 0 0 0 0 0 0 0 0 0 0 0 0 0 0 0 0 0 0 0 0 0 0 0 0]
[1390986393280285404313763797484780451128697188800277848713548390100326592913652374442445923247730808401358557852061507941159374783880143072051605556549943291686728 0 0 0 0 1 0 0 0 0 0 0 0 0 0 0 0 0 0 0 0 0 0 0 0 0 0 0 0 0 0 0 0 0 0 0 0 0 0 0 0 0 0 0 0 0 0 0 0 0 0 0 0 0]
[1076336128781932119847008318952767582212038655325138948698834376236172996893769364977925135397638058329268315791641855433943365559736809267281580268149545182406472 0 0 0 0 0 1 0 0 0 0 0 0 0 0 0 0 0 0 0 0 0 0 0 0 0 0 0 0 0 0 0 0 0 0 0 0 0 0 0 0 0 0 0 0 0 0 0 0 0 0 0 0 0]
[1487027754873792059048918543751811507906204556363351257909010407757346553036800234951049541264997391539520162310724407819085684605262396655705243514826547454083568 0 0 0 0 0 0 1 0 0 0 0 0 0 0 0 0 0 0 0 0 0 0 0 0 0 0 0 0 0 0 0 0 0 0 0 0 0 0 0 0 0 0 0 0 0 0 0 0 0 0 0 0 0]
[57026000446669110941957763338248818101317093979930243363629411140747653908790906197131048369911525989488281616092215917904039437120896784242564919374575390876462 0 0 0 0 0 0 0 1 0 0 0 0 0 0 0 0 0 0 0 0 0 0 0 0 0 0 0 0 0 0 0 0 0 0 0 0 0 0 0 0 0 0 0 0 0 0 0 0 0 0 0 0 0]
[1411286979620941526203816304436705004131863345534971998683089459048983254917377016209241199329498353744943401492681645813826714211420489411373008082253026990131867 0 0 0 0 0 0 0 0 1 0 0 0 0 0 0 0 0 0 0 0 0 0 0 0 0 0 0 0 0 0 0 0 0 0 0 0 0 0 0 0 0 0 0 0 0 0 0 0 0 0 0 0 0]
[385326638197485576373514108812180101975096321745619627650781823645468636084988613748291216786464376578071081629530138550459570555062108390412842832240600302532063 0 0 0 0 0 0 0 0 0 1 0 0 0 0 0 0 0 0 0 0 0 0 0 0 0 0 0 0 0 0 0 0 0 0 0 0 0 0 0 0 0 0 0 0 0 0 0 0 0 0 0 0 0]
[421393615554288482831460572192231717124768213307182382585228808179133752499345227347976213932396486189157485383924264841908779370871205606383689430153226729527344 0 0 0 0 0 0 0 0 0 0 1 0 0 0 0 0 0 0 0 0 0 0 0 0 0 0 0 0 0 0 0 0 0 0 0 0 0 0 0 0 0 0 0 0 0 0 0 0 0 0 0 0 0]
[1505787539020978271197990578127376858095930565858078263305029856326236407203624909026448883273313149876495048686550386562593310079167821820002990067530848767221391 0 0 0 0 0 0 0 0 0 0 0 1 0 0 0 0 0 0 0 0 0 0 0 0 0 0 0 0 0 0 0 0 0 0 0 0 0 0 0 0 0 0 0 0 0 0 0 0 0 0 0 0 0]
[1842815972373318923056250714050447649194952315269582027311140613941662049899297612249808570822581830886258363222811171543761826864281536264482650310895493572434290 0 0 0 0 0 0 0 0 0 0 0 0 1 0 0 0 0 0 0 0 0 0 0 0 0 0 0 0 0 0 0 0 0 0 0 0 0 0 0 0 0 0 0 0 0 0 0 0 0 0 0 0 0]
[977892138072610686338794550041425527004319986125820301378442077074428150180205871394072839704774131698968860356826179147073670229593139500450442709001405342803498 0 0 0 0 0 0 0 0 0 0 0 0 0 1 0 0 0 0 0 0 0 0 0 0 0 0 0 0 0 0 0 0 0 0 0 0 0 0 0 0 0 0 0 0 0 0 0 0 0 0 0 0 0]
[1048228730609244423695400806862782811922778774472070647085011618860266212627191679655499093266107532599556205226633274454423699971228247997881204653983683132989789 0 0 0 0 0 0 0 0 0 0 0 0 0 0 1 0 0 0 0 0 0 0 0 0 0 0 0 0 0 0 0 0 0 0 0 0 0 0 0 0 0 0 0 0 0 0 0 0 0 0 0 0 0]
[1926749246817915052384426047406669165498523707686410911261899181681140968324903032848691383475655814991196761379752257199808179980046781076681562829187478224288073 0 0 0 0 0 0 0 0 0 0 0 0 0 0 0 1 0 0 0 0 0 0 0 0 0 0 0 0 0 0 0 0 0 0 0 0 0 0 0 0 0 0 0 0 0 0 0 0 0 0 0 0 0]
[347047306676881641071111224612948242049131200723606784088742462715591565511778987608744948790893313583828334857257226963541706367628327637302730152097547544684586 0 0 0 0 0 0 0 0 0 0 0 0 0 0 0 0 1 0 0 0 0 0 0 0 0 0 0 0 0 0 0 0 0 0 0 0 0 0 0 0 0 0 0 0 0 0 0 0 0 0 0 0 0]
[648157197305887949246528951775900567579626247932786759942265846233503554392202944908699635728892307938710978887365393948812682000801580918317446352423612459125956 0 0 0 0 0 0 0 0 0 0 0 0 0 0 0 0 0 1 0 0 0 0 0 0 0 0 0 0 0 0 0 0 0 0 0 0 0 0 0 0 0 0 0 0 0 0 0 0 0 0 0 0 0]
[1617252633964949598743224585892029570362444449611101614543236674477434753636098396400569099482875851991292176147034883013283164440514885339492964122335598281074546 0 0 0 0 0 0 0 0 0 0 0 0 0 0 0 0 0 0 1 0 0 0 0 0 0 0 0 0 0 0 0 0 0 0 0 0 0 0 0 0 0 0 0 0 0 0 0 0 0 0 0 0 0]
[47173043333913135826348226100298610164749654235124729612742935278787960592867395154519169321649467712186128791156698695045665908631712201303476584334773628354903 0 0 0 0 0 0 0 0 0 0 0 0 0 0 0 0 0 0 0 1 0 0 0 0 0 0 0 0 0 0 0 0 0 0 0 0 0 0 0 0 0 0 0 0 0 0 0 0 0 0 0 0 0]
[1306798107414190074012974987841385093430939043227911927121191098249951302471120388404839230359434388385897594300485451039381113084078044398154419236045529168200968 0 0 0 0 0 0 0 0 0 0 0 0 0 0 0 0 0 0 0 0 1 0 0 0 0 0 0 0 0 0 0 0 0 0 0 0 0 0 0 0 0 0 0 0 0 0 0 0 0 0 0 0 0]
[210373478078143366696378406737731249925270062961755952058402603120232878495724326023829143026532336728544192383380244415498152663412211376746838643597596552178218 0 0 0 0 0 0 0 0 0 0 0 0 0 0 0 0 0 0 0 0 0 1 0 0 0 0 0 0 0 0 0 0 0 0 0 0 0 0 0 0 0 0 0 0 0 0 0 0 0 0 0 0 0]
[1701762344909067897853581721345200088813117397580143305145612035995041985900375435882405216842327528184818265200607101925460088793408042324715273664071954203628941 0 0 0 0 0 0 0 0 0 0 0 0 0 0 0 0 0 0 0 0 0 0 1 0 0 0 0 0 0 0 0 0 0 0 0 0 0 0 0 0 0 0 0 0 0 0 0 0 0 0 0 0 0]
[185664315653009716074339094281282919903639946495413847902698768314666941348152059699733967934186716380586777641858591878979105784436445767541943514782935584814080 0 0 0 0 0 0 0 0 0 0 0 0 0 0 0 0 0 0 0 0 0 0 0 1 0 0 0 0 0 0 0 0 0 0 0 0 0 0 0 0 0 0 0 0 0 0 0 0 0 0 0 0 0]
[1423954135211913408075412357313940488914903021114762685030491424871506087608394114343232639038346957993862316197301907144748074807007078336640994073202773351898699 0 0 0 0 0 0 0 0 0 0 0 0 0 0 0 0 0 0 0 0 0 0 0 0 1 0 0 0 0 0 0 0 0 0 0 0 0 0 0 0 0 0 0 0 0 0 0 0 0 0 0 0 0]
[1117460690800771689539508514504574091301951752739789641656697413393385899195271352777025749138875282727161397583669503772178221674654052319824720913649198377552602 0 0 0 0 0 0 0 0 0 0 0 0 0 0 0 0 0 0 0 0 0 0 0 0 0 1 0 0 0 0 0 0 0 0 0 0 0 0 0 0 0 0 0 0 0 0 0 0 0 0 0 0 0]
[1385140107473615315946950087789535371418485274717734819402695103235359887971854414070338499244554858145767353364614391717873081326572088475558894158869899082602134 0 0 0 0 0 0 0 0 0 0 0 0 0 0 0 0 0 0 0 0 0 0 0 0 0 0 1 0 0 0 0 0 0 0 0 0 0 0 0 0 0 0 0 0 0 0 0 0 0 0 0 0 0]
[1349033376417662103478529580832234746088164050431779462746965316063783681106624879288632184561823165494026712183015063495792789725844559928035911888962444985755526 0 0 0 0 0 0 0 0 0 0 0 0 0 0 0 0 0 0 0 0 0 0 0 0 0 0 0 1 0 0 0 0 0 0 0 0 0 0 0 0 0 0 0 0 0 0 0 0 0 0 0 0 0]
[328475768763531787752857081135070906818093960647807369258752141044288170404573513137068847408874589263832738233696114241052644481052301038598584516980493812346248 0 0 0 0 0 0 0 0 0 0 0 0 0 0 0 0 0 0 0 0 0 0 0 0 0 0 0 0 1 0 0 0 0 0 0 0 0 0 0 0 0 0 0 0 0 0 0 0 0 0 0 0 0]
[667417304449023186563713104632110256327848283398364490578333447475144065509082305119391951754054255042428797611730128303978333398401753761981080559658297431922911 0 0 0 0 0 0 0 0 0 0 0 0 0 0 0 0 0 0 0 0 0 0 0 0 0 0 0 0 0 1 0 0 0 0 0 0 0 0 0 0 0 0 0 0 0 0 0 0 0 0 0 0 0]
[1052900786993273678884823036762023752920739264443037440185684252501377194174314969478051413068978054340948476996646990883797247824938218214266746043699994756037954 0 0 0 0 0 0 0 0 0 0 0 0 0 0 0 0 0 0 0 0 0 0 0 0 0 0 0 0 0 0 1 0 0 0 0 0 0 0 0 0 0 0 0 0 0 0 0 0 0 0 0 0 0]
[1777047606635516554314829357259740028376623730821384144205655279703474847039115226963322186562442429928760434078538276558750457821550338287891952921927302085134950 0 0 0 0 0 0 0 0 0 0 0 0 0 0 0 0 0 0 0 0 0 0 0 0 0 0 0 0 0 0 0 1 0 0 0 0 0 0 0 0 0 0 0 0 0 0 0 0 0 0 0 0 0]
[1174033845147531951285277944101437759042467844387254243934959138831296725889785813160879158495831301645952498366700870963991265801495749496173547616063793545047716 0 0 0 0 0 0 0 0 0 0 0 0 0 0 0 0 0 0 0 0 0 0 0 0 0 0 0 0 0 0 0 0 1 0 0 0 0 0 0 0 0 0 0 0 0 0 0 0 0 0 0 0 0]
[469140263622138677678775525816625022675706900351070158523999006308308496813882874502414545112358000053229253653084052720868261786030481466097489893570522464092965 0 0 0 0 0 0 0 0 0 0 0 0 0 0 0 0 0 0 0 0 0 0 0 0 0 0 0 0 0 0 0 0 0 1 0 0 0 0 0 0 0 0 0 0 0 0 0 0 0 0 0 0 0]
[330376124200830989818848744222352983736626388200135021193764303471693390004858025911767049168932875009695299294970759583517010563088085525944670480754320876040552 0 0 0 0 0 0 0 0 0 0 0 0 0 0 0 0 0 0 0 0 0 0 0 0 0 0 0 0 0 0 0 0 0 0 1 0 0 0 0 0 0 0 0 0 0 0 0 0 0 0 0 0 0]
[1539945689386753920434192376243441896113655397532716420544675087633087302601439942596803266730531281415979987195675877719923130297892366499719064983773581648520753 0 0 0 0 0 0 0 0 0 0 0 0 0 0 0 0 0 0 0 0 0 0 0 0 0 0 0 0 0 0 0 0 0 0 0 1 0 0 0 0 0 0 0 0 0 0 0 0 0 0 0 0 0]
[1698288817327747683898308230139317715050500698184891354034973452533151175220842307175149818918340541587281389980070961088458364940579555946929362145182241137586671 0 0 0 0 0 0 0 0 0 0 0 0 0 0 0 0 0 0 0 0 0 0 0 0 0 0 0 0 0 0 0 0 0 0 0 0 1 0 0 0 0 0 0 0 0 0 0 0 0 0 0 0 0]
[577850915361603348506590443150390621261330024085342680458304882994738194967363303397686034084367078794816632899183601057639077655251290592859066282728608599491301 0 0 0 0 0 0 0 0 0 0 0 0 0 0 0 0 0 0 0 0 0 0 0 0 0 0 0 0 0 0 0 0 0 0 0 0 0 1 0 0 0 0 0 0 0 0 0 0 0 0 0 0 0]
[991208620290118022451277203847358153357521367396882977261391092320015275915963227924381473778749984979931959248995452787941808706056556439800849240809363123258977 0 0 0 0 0 0 0 0 0 0 0 0 0 0 0 0 0 0 0 0 0 0 0 0 0 0 0 0 0 0 0 0 0 0 0 0 0 0 1 0 0 0 0 0 0 0 0 0 0 0 0 0 0]
[313424887773429522059216361470970037358401745147822768225725559669822039542087041820190598830853379343489782452814675482516669504086986034726606448347308417797320 0 0 0 0 0 0 0 0 0 0 0 0 0 0 0 0 0 0 0 0 0 0 0 0 0 0 0 0 0 0 0 0 0 0 0 0 0 0 0 1 0 0 0 0 0 0 0 0 0 0 0 0 0]
[1204245321054301553970521627611658601267959676378288832733122913603597559778674846201505879279725362443353276814340854022045655864414419009691911385244042432824716 0 0 0 0 0 0 0 0 0 0 0 0 0 0 0 0 0 0 0 0 0 0 0 0 0 0 0 0 0 0 0 0 0 0 0 0 0 0 0 0 1 0 0 0 0 0 0 0 0 0 0 0 0]
[834516085914002986599449921230566118400373444916668260352518873904392355279125871466269487909646602875862909999660351500833327918091663533127572730132627726014311 0 0 0 0 0 0 0 0 0 0 0 0 0 0 0 0 0 0 0 0 0 0 0 0 0 0 0 0 0 0 0 0 0 0 0 0 0 0 0 0 0 1 0 0 0 0 0 0 0 0 0 0 0]
[859361237344249419291501703871262536093211799091411656047153586540077046656506489767783660919193976740109783622411361032548973206799217657968574311648377401891919 0 0 0 0 0 0 0 0 0 0 0 0 0 0 0 0 0 0 0 0 0 0 0 0 0 0 0 0 0 0 0 0 0 0 0 0 0 0 0 0 0 0 1 0 0 0 0 0 0 0 0 0 0]
[1494758304555468121324398822134651975206620548475523296204113826550931245403078654149982316667447974992618043726200428992106316416858923501112433826008690426203750 0 0 0 0 0 0 0 0 0 0 0 0 0 0 0 0 0 0 0 0 0 0 0 0 0 0 0 0 0 0 0 0 0 0 0 0 0 0 0 0 0 0 0 1 0 0 0 0 0 0 0 0 0]
[429627116693927681821293194789078682745568353018499423578206751892791891511010306640155996835644436867945888180351948719531424146123864497057291003960824501503827 0 0 0 0 0 0 0 0 0 0 0 0 0 0 0 0 0 0 0 0 0 0 0 0 0 0 0 0 0 0 0 0 0 0 0 0 0 0 0 0 0 0 0 0 1 0 0 0 0 0 0 0 0]
[1861427275880063463023327080095089838792604929139158991107901192761366489080091021726602353081482731183876363055105423716515328232198681209568246857874455448623198 0 0 0 0 0 0 0 0 0 0 0 0 0 0 0 0 0 0 0 0 0 0 0 0 0 0 0 0 0 0 0 0 0 0 0 0 0 0 0 0 0 0 0 0 0 1 0 0 0 0 0 0 0]
[1208118545818555311832329637275141561205412484465125407898477085889551186472698000240595567784703025501254136237376299989559671652827693873508708089132771233248746 0 0 0 0 0 0 0 0 0 0 0 0 0 0 0 0 0 0 0 0 0 0 0 0 0 0 0 0 0 0 0 0 0 0 0 0 0 0 0 0 0 0 0 0 0 0 1 0 0 0 0 0 0]
[1823585063119486842281496875911364210426198255584924413762740809024837989037890854193094101144242986980038842179745746311495951287564364633460256046883537045280495 0 0 0 0 0 0 0 0 0 0 0 0 0 0 0 0 0 0 0 0 0 0 0 0 0 0 0 0 0 0 0 0 0 0 0 0 0 0 0 0 0 0 0 0 0 0 0 1 0 0 0 0 0]
[300222123621431672490260844251519640084189637837567206692524169115667442454534644264507352146198491320219729441426349260769660955922623033897705936386663363160721 0 0 0 0 0 0 0 0 0 0 0 0 0 0 0 0 0 0 0 0 0 0 0 0 0 0 0 0 0 0 0 0 0 0 0 0 0 0 0 0 0 0 0 0 0 0 0 0 1 0 0 0 0]
[1929751573467211209169875610226839151918526231146985042317175731245904915220252458305197531407300510120091693271262585568024453561625403356136067317103774484260276 0 0 0 0 0 0 0 0 0 0 0 0 0 0 0 0 0 0 0 0 0 0 0 0 0 0 0 0 0 0 0 0 0 0 0 0 0 0 0 0 0 0 0 0 0 0 0 0 0 1 0 0 0]
[223434302920696856963121088686669389407845521148960941824150667193752481084361507532572604915545719626404154052072605580205733869099263143624202848204899902422710 0 0 0 0 0 0 0 0 0 0 0 0 0 0 0 0 0 0 0 0 0 0 0 0 0 0 0 0 0 0 0 0 0 0 0 0 0 0 0 0 0 0 0 0 0 0 0 0 0 0 1 0 0]
[1895963604714984698388030594511800213403286647507031960164713054847661106211589081348475202611715500887658240914654840719011467403033373872416548615907656401865825 0 0 0 0 0 0 0 0 0 0 0 0 0 0 0 0 0 0 0 0 0 0 0 0 0 0 0 0 0 0 0 0 0 0 0 0 0 0 0 0 0 0 0 0 0 0 0 0 0 0 0 1 0]
[255893490600133888531509878641374104849214417194424886580159180523732071890228815202674282895099461316440884570613846283979203956369944684095136763051884282756991 0 0 0 0 0 0 0 0 0 0 0 0 0 0 0 0 0 0 0 0 0 0 0 0 0 0 0 0 0 0 0 0 0 0 0 0 0 0 0 0 0 0 0 0 0 0 0 0 0 0 0 0 1]
]
