[[3769415161948078439052237653177162042058472176975139423082599288843530436368152728677853047268671319539303897439086230256304328860532903299883338720099526261076676396496898028285248725456010582357922799311392620122680872648663225678173 0 0 0 0 0 0 0 0 0 0 0 0 0 0 0 0 0 0 0 0 0 0 0 0 0 0 0 0 0 0 0 0 0 0 0 0 0 0 0 0 0 0 0 0 0 0 0 0 0 0 0 0 0 0 0 0 0 0 0 0 0 0 0 0 0 0 0 0 0 0 0 0 0 0 0 0 0]
[2162423777000084783295329784320512523121641302372446574279782982184766880965620716250385689986820605151772937651661489621070993856682010158014463657962539950764567441662792616330874964781962116211716238900299292943357526068857959891018 1 0 0 0 0 0 0 0 0 0 0 0 0 0 0 0 0 0 0 0 0 0 0 0 0 0 0 0 0 0 0 0 0 0 0 0 0 0 0 0 0 0 0 0 0 0 0 0 0 0 0 0 0 0 0 0 0 0 0 0 0 0 0 0 0 0 0 0 0 0 0 0 0 0 0 0 0]
[316255310599277923591617635507738366074146446180185931725897436610848904828138949163325425515774330256296808187360006846463830919567619094353590882538692283520815761789176667654879744156587240696149099573748652693308333034900665559041 0 1 0 0 0 0 0 0 0 0 0 0 0 0 0 0 0 0 0 0 0 0 0 0 0 0 0 0 0 0 0 0 0 0 0 0 0 0 0 0 0 0 0 0 0 0 0 0 0 0 0 0 0 0 0 0 0 0 0 0 0 0 0 0 0 0 0 0 0 0 0 0 0 0 0 0 0]
[3318010422213268163135305996858462355166176087583093916712542148074871470708718536871991106851447144470615824019163346458260250835184003801459768788758766631939896601262413889747174659877484436199123858449178342957189116548582238439595 0 0 1 0 0 0 0 0 0 0 0 0 0 0 0 0 0 0 0 0 0 0 0 0 0 0 0 0 0 0 0 0 0 0 0 0 0 0 0 0 0 0 0 0 0 0 0 0 0 0 0 0 0 0 0 0 0 0 0 0 0 0 0 0 0 0 0 0 0 0 0 0 0 0 0 0 0]
[1349513583440751493042999371259426599073759849859386273804012537192519218299748974147826479000325006600952079716529090222750716371110037347218691717428528699713510058386515699772885866324052814869300397983069460867227270916278985428736 0 0 0 1 0 0 0 0 0 0 0 0 0 0 0 0 0 0 0 0 0 0 0 0 0 0 0 0 0 0 0 0 0 0 0 0 0 0 0 0 0 0 0 0 0 0 0 0 0 0 0 0 0 0 0 0 0 0 0 0 0 0 0 0 0 0 0 0 0 0 0 0 0 0 0 0 0]
[1543752442428669643958496946125199927163539786876084024240121026952542098823433368473505684734335423339934893779574504268564613866624241959637911923813614522075795595284349222652759841634376115949320487355416770367346902285214803318876 0 0 0 0 1 0 0 0 0 0 0 0 0 0 0 0 0 0 0 0 0 0 0 0 0 0 0 0 0 0 0 0 0 0 0 0 0 0 0 0 0 0 0 0 0 0 0 0 0 0 0 0 0 0 0 0 0 0 0 0 0 0 0 0 0 0 0 0 0 0 0 0 0 0 0 0 0]
[1024029430044708272280437539662097516486654706372916620033678424147090983845434196796448029714612672957705945583489881674856807475635102133684652325074897333034090900461208528891450369688452833786563820605475258312885279878403416598049 0 0 0 0 0 1 0 0 0 0 0 0 0 0 0 0 0 0 0 0 0 0 0 0 0 0 0 0 0 0 0 0 0 0 0 0 0 0 0 0 0 0 0 0 0 0 0 0 0 0 0 0 0 0 0 0 0 0 0 0 0 0 0 0 0 0 0 0 0 0 0 0 0 0 0 0 0]
[510793655785306196735046360614401940332218054717345834805130182587909241727819997594702693524807574036469618050183197968217384447453073587436576760250569901172209499462244540266203127394697074973756265528460460021885244470068945757180 0 0 0 0 0 0 1 0 0 0 0 0 0 0 0 0 0 0 0 0 0 0 0 0 0 0 0 0 0 0 0 0 0 0 0 0 0 0 0 0 0 0 0 0 0 0 0 0 0 0 0 0 0 0 0 0 0 0 0 0 0 0 0 0 0 0 0 0 0 0 0 0 0 0 0 0 0]
[3184867215887011913333196088299266637738770202939972843500537596999346732922485398494002468685391924302420052893901449557603535042960062544655450529926691377564137971214155586242201996644964199846261887336203967568232932370756994372097 0 0 0 0 0 0 0 1 0 0 0 0 0 0 0 0 0 0 0 0 0 0 0 0 0 0 0 0 0 0 0 0 0 0 0 0 0 0 0 0 0 0 0 0 0 0 0 0 0 0 0 0 0 0 0 0 0 0 0 0 0 0 0 0 0 0 0 0 0 0 0 0 0 0 0 0 0]
[3424666625136457656048511552195496572839229344799796934222924559847963967392114444064557028139714798947659849830974959745851906331453135963602345905659561107920894890143135900337197304261559225309232900881945456005337657105163465926225 0 0 0 0 0 0 0 0 1 0 0 0 0 0 0 0 0 0 0 0 0 0 0 0 0 0 0 0 0 0 0 0 0 0 0 0 0 0 0 0 0 0 0 0 0 0 0 0 0 0 0 0 0 0 0 0 0 0 0 0 0 0 0 0 0 0 0 0 0 0 0 0 0 0 0 0 0]
[3693195873878371467214876604655038292077226919261221813436124187566897950043543836270270836149775917398248368886851642004176249529709844735366565035307351158478366009677888485978810177858992637267873525455414262446735908594060239802161 0 0 0 0 0 0 0 0 0 1 0 0 0 0 0 0 0 0 0 0 0 0 0 0 0 0 0 0 0 0 0 0 0 0 0 0 0 0 0 0 0 0 0 0 0 0 0 0 0 0 0 0 0 0 0 0 0 0 0 0 0 0 0 0 0 0 0 0 0 0 0 0 0 0 0 0 0]
[3265550130234288048043319327629312206811973492669851842911689695360553551982182950832528255587055987336228158278368918279156276381996087871933787413162548069356383691202608955198122758919893490854125704673550652578780319319306155203702 0 0 0 0 0 0 0 0 0 0 1 0 0 0 0 0 0 0 0 0 0 0 0 0 0 0 0 0 0 0 0 0 0 0 0 0 0 0 0 0 0 0 0 0 0 0 0 0 0 0 0 0 0 0 0 0 0 0 0 0 0 0 0 0 0 0 0 0 0 0 0 0 0 0 0 0 0]
[3467951824679302950500190170085611804061083016961302527767324205823913257271481784504799003975538246888074916819102598208318027534427270993778363864627960092234279675226796186541464283687226266831787536820998424199632911860477213294137 0 0 0 0 0 0 0 0 0 0 0 1 0 0 0 0 0 0 0 0 0 0 0 0 0 0 0 0 0 0 0 0 0 0 0 0 0 0 0 0 0 0 0 0 0 0 0 0 0 0 0 0 0 0 0 0 0 0 0 0 0 0 0 0 0 0 0 0 0 0 0 0 0 0 0 0 0]
[2407102399402687240351524833179212819717590853356308501975087173944721327042980660444972395315467458468259450264084296328852927764103162028604995087081305768572895479540708423773090309797102425946450378190825321526595330851952625082359 0 0 0 0 0 0 0 0 0 0 0 0 1 0 0 0 0 0 0 0 0 0 0 0 0 0 0 0 0 0 0 0 0 0 0 0 0 0 0 0 0 0 0 0 0 0 0 0 0 0 0 0 0 0 0 0 0 0 0 0 0 0 0 0 0 0 0 0 0 0 0 0 0 0 0 0 0]
[1055450395788401242405466318909777302785337117100838841547788762680388678926671168325819102900549613482141550336023388690173071535271875095854198745174497413274157239755495204657458936984547893544242605773799064287381992668699329773117 0 0 0 0 0 0 0 0 0 0 0 0 0 1 0 0 0 0 0 0 0 0 0 0 0 0 0 0 0 0 0 0 0 0 0 0 0 0 0 0 0 0 0 0 0 0 0 0 0 0 0 0 0 0 0 0 0 0 0 0 0 0 0 0 0 0 0 0 0 0 0 0 0 0 0 0 0]
[1782902632603460560306382210000836086148902682668899445227997236134367547545826224488306937099359352954667767144228557830308863686845677103700138356832890898683604537044574173864330151217465295109226860160583595205926494425346394599358 0 0 0 0 0 0 0 0 0 0 0 0 0 0 1 0 0 0 0 0 0 0 0 0 0 0 0 0 0 0 0 0 0 0 0 0 0 0 0 0 0 0 0 0 0 0 0 0 0 0 0 0 0 0 0 0 0 0 0 0 0 0 0 0 0 0 0 0 0 0 0 0 0 0 0 0 0]
[2220669086321136799921825418326888807911926657829091999563047606139593518454579201181807061692018615377028500800691929852713081764807317045991937144757014259292612362514328409729186986681616904640818999186891348097311069394821394348324 0 0 0 0 0 0 0 0 0 0 0 0 0 0 0 1 0 0 0 0 0 0 0 0 0 0 0 0 0 0 0 0 0 0 0 0 0 0 0 0 0 0 0 0 0 0 0 0 0 0 0 0 0 0 0 0 0 0 0 0 0 0 0 0 0 0 0 0 0 0 0 0 0 0 0 0 0]
[1423960688105026761723312530252641004408815042366759679140939594699470913766192416933467547961577264010266582073481655823806210849195613169968409485756995722013848917092366959234404395139565971580292093360536989526999302658366817708623 0 0 0 0 0 0 0 0 0 0 0 0 0 0 0 0 1 0 0 0 0 0 0 0 0 0 0 0 0 0 0 0 0 0 0 0 0 0 0 0 0 0 0 0 0 0 0 0 0 0 0 0 0 0 0 0 0 0 0 0 0 0 0 0 0 0 0 0 0 0 0 0 0 0 0 0 0]
[1301704519127547180979985108790294324528602628949273295268823627382379579622543992152282220728966382409593002210562726140260808073065246631180478051593545895439638610872786980021468996396946808300724624737999166876942058275756245623453 0 0 0 0 0 0 0 0 0 0 0 0 0 0 0 0 0 1 0 0 0 0 0 0 0 0 0 0 0 0 0 0 0 0 0 0 0 0 0 0 0 0 0 0 0 0 0 0 0 0 0 0 0 0 0 0 0 0 0 0 0 0 0 0 0 0 0 0 0 0 0 0 0 0 0 0 0]
[1953758666100486424143977987998494807377396517414486127101267386305850534173903950982201909507407022759593691099641608217405619288884676324927628992832686382624845305906710576434682997328888210647237370983719838603308888105763576713681 0 0 0 0 0 0 0 0 0 0 0 0 0 0 0 0 0 0 1 0 0 0 0 0 0 0 0 0 0 0 0 0 0 0 0 0 0 0 0 0 0 0 0 0 0 0 0 0 0 0 0 0 0 0 0 0 0 0 0 0 0 0 0 0 0 0 0 0 0 0 0 0 0 0 0 0 0]
[1391281507348774830840547326584846350660961368837400478252433458151403943362685535869727696398969574123830732886751630593237656831726119889998440143385624434094256881319244955284403643109512664286338189354288839416124602877760574982815 0 0 0 0 0 0 0 0 0 0 0 0 0 0 0 0 0 0 0 1 0 0 0 0 0 0 0 0 0 0 0 0 0 0 0 0 0 0 0 0 0 0 0 0 0 0 0 0 0 0 0 0 0 0 0 0 0 0 0 0 0 0 0 0 0 0 0 0 0 0 0 0 0 0 0 0 0]
[484370432552997015240732786934860356005888426591611115627383179996850837971181421485369531240735029233056413674275480325417805712412356499220708884807010318599938421731115350625489133063814239828019646465535329980217881914425479038921 0 0 0 0 0 0 0 0 0 0 0 0 0 0 0 0 0 0 0 0 1 0 0 0 0 0 0 0 0 0 0 0 0 0 0 0 0 0 0 0 0 0 0 0 0 0 0 0 0 0 0 0 0 0 0 0 0 0 0 0 0 0 0 0 0 0 0 0 0 0 0 0 0 0 0 0 0]
[2374584072076643220531192398076301147856289496470339927570220445616816376978800004024512528372979121418203003603821700476332745745857997533977256752799671686827409451891582376425780000069307791936332544172198637662743395292024647777227 0 0 0 0 0 0 0 0 0 0 0 0 0 0 0 0 0 0 0 0 0 1 0 0 0 0 0 0 0 0 0 0 0 0 0 0 0 0 0 0 0 0 0 0 0 0 0 0 0 0 0 0 0 0 0 0 0 0 0 0 0 0 0 0 0 0 0 0 0 0 0 0 0 0 0 0 0]
[3255361924470608160618616809134813766117200205526552055840146170384749606803801201789856280309675504144516310073086900364185593627223426560719615403970882984833584106507967437265904449223477980274342296491669684632643734134158875166723 0 0 0 0 0 0 0 0 0 0 0 0 0 0 0 0 0 0 0 0 0 0 1 0 0 0 0 0 0 0 0 0 0 0 0 0 0 0 0 0 0 0 0 0 0 0 0 0 0 0 0 0 0 0 0 0 0 0 0 0 0 0 0 0 0 0 0 0 0 0 0 0 0 0 0 0 0]
[1812992497265556013592157141770255558239835526955718777355099967436781730786690520776333834942969403064162150970419401801438597821306370619867755410186948774994270612165882896387810173440677600646050965525377109363121003861838619918146 0 0 0 0 0 0 0 0 0 0 0 0 0 0 0 0 0 0 0 0 0 0 0 1 0 0 0 0 0 0 0 0 0 0 0 0 0 0 0 0 0 0 0 0 0 0 0 0 0 0 0 0 0 0 0 0 0 0 0 0 0 0 0 0 0 0 0 0 0 0 0 0 0 0 0 0 0]
[227691857038637188911883174460232395798481396001827945923989141633074913376489421398957726073344324412561682555947710980320039315316094484253423009296636021668262231157846980075397732051915429048767309430509774281676051892294519233872 0 0 0 0 0 0 0 0 0 0 0 0 0 0 0 0 0 0 0 0 0 0 0 0 1 0 0 0 0 0 0 0 0 0 0 0 0 0 0 0 0 0 0 0 0 0 0 0 0 0 0 0 0 0 0 0 0 0 0 0 0 0 0 0 0 0 0 0 0 0 0 0 0 0 0 0 0]
[3007459373452858756117802940596517365802322892431446629792859411432267006727930863864409912488728786970881344680027845877698286360213066708657684999799945797695155797195585543725346377311217682126120621756360080297334112595580676968394 0 0 0 0 0 0 0 0 0 0 0 0 0 0 0 0 0 0 0 0 0 0 0 0 0 1 0 0 0 0 0 0 0 0 0 0 0 0 0 0 0 0 0 0 0 0 0 0 0 0 0 0 0 0 0 0 0 0 0 0 0 0 0 0 0 0 0 0 0 0 0 0 0 0 0 0 0]
[1545934761191180280104395195832684253337488246759635282925782181033080387001199111441966022773966681996767084287194619102396079499752891896458925552113500323177952479660851564214494344127876815191807241506458604876153046554194316296556 0 0 0 0 0 0 0 0 0 0 0 0 0 0 0 0 0 0 0 0 0 0 0 0 0 0 1 0 0 0 0 0 0 0 0 0 0 0 0 0 0 0 0 0 0 0 0 0 0 0 0 0 0 0 0 0 0 0 0 0 0 0 0 0 0 0 0 0 0 0 0 0 0 0 0 0 0]
[2952976756987746149305014391909001477758502287451646574653432083555514215766887168780490611411434182065837170776142462076324276091616699079595051673319891249960240026635690756038121858363168985887842651098230548301993078665977755239180 0 0 0 0 0 0 0 0 0 0 0 0 0 0 0 0 0 0 0 0 0 0 0 0 0 0 0 1 0 0 0 0 0 0 0 0 0 0 0 0 0 0 0 0 0 0 0 0 0 0 0 0 0 0 0 0 0 0 0 0 0 0 0 0 0 0 0 0 0 0 0 0 0 0 0 0 0]
[3309714206904196876018289020665921863628268952625160141451242897708144851649212890975846769789812151608890898741787579223538098357351162739231271610263121107925696254619337661809599013024835343662806108352316396374972966615018370873706 0 0 0 0 0 0 0 0 0 0 0 0 0 0 0 0 0 0 0 0 0 0 0 0 0 0 0 0 1 0 0 0 0 0 0 0 0 0 0 0 0 0 0 0 0 0 0 0 0 0 0 0 0 0 0 0 0 0 0 0 0 0 0 0 0 0 0 0 0 0 0 0 0 0 0 0 0]
[2305927454571174852196448106919009106696076287479144156891381332905391142479976925821662436061816205515340504708322871127443485911566100572405209207203723561009067665286017004465265640470075538935072607409168001602518973859067318286332 0 0 0 0 0 0 0 0 0 0 0 0 0 0 0 0 0 0 0 0 0 0 0 0 0 0 0 0 0 1 0 0 0 0 0 0 0 0 0 0 0 0 0 0 0 0 0 0 0 0 0 0 0 0 0 0 0 0 0 0 0 0 0 0 0 0 0 0 0 0 0 0 0 0 0 0 0]
[492952019622167476788248288271162138721504008253833138732253545197410642143196198525697293034080175799202473721614398730183830028749807519684226089456501982749927712887236429176055407146588199186078113216404055002658508324850040476970 0 0 0 0 0 0 0 0 0 0 0 0 0 0 0 0 0 0 0 0 0 0 0 0 0 0 0 0 0 0 1 0 0 0 0 0 0 0 0 0 0 0 0 0 0 0 0 0 0 0 0 0 0 0 0 0 0 0 0 0 0 0 0 0 0 0 0 0 0 0 0 0 0 0 0 0 0]
[2163150128404483992664664538114297408072834608605937328758091469912287238689680811440203686135876556754519775688366328699695351479179169674736911479565474822088179910665927557379472579276558210592917908301598611529399756603258454414155 0 0 0 0 0 0 0 0 0 0 0 0 0 0 0 0 0 0 0 0 0 0 0 0 0 0 0 0 0 0 0 1 0 0 0 0 0 0 0 0 0 0 0 0 0 0 0 0 0 0 0 0 0 0 0 0 0 0 0 0 0 0 0 0 0 0 0 0 0 0 0 0 0 0 0 0 0]
[768864277375268530242071410152861908040173973846458363241091375426833647060160828499455576526921182268320183032320642605646604295045405928152428371610726311631629434873215736390092965343999336529954179737679763343593637289504639196605 0 0 0 0 0 0 0 0 0 0 0 0 0 0 0 0 0 0 0 0 0 0 0 0 0 0 0 0 0 0 0 0 1 0 0 0 0 0 0 0 0 0 0 0 0 0 0 0 0 0 0 0 0 0 0 0 0 0 0 0 0 0 0 0 0 0 0 0 0 0 0 0 0 0 0 0 0]
[1317622833986966836774593120140671027660222489309085785324686023815973360375937510176528631084529565638068636526593377600549313074560744917207812890669761835138948130863374910198519701105794446336058228416793923519753898109370264235436 0 0 0 0 0 0 0 0 0 0 0 0 0 0 0 0 0 0 0 0 0 0 0 0 0 0 0 0 0 0 0 0 0 1 0 0 0 0 0 0 0 0 0 0 0 0 0 0 0 0 0 0 0 0 0 0 0 0 0 0 0 0 0 0 0 0 0 0 0 0 0 0 0 0 0 0 0]
[1882302922760619705861855288681653551689496982751416572171102648526075799769191304428352215346020870932529034759439038350723714279026248758900976713073069038095798288218438045382955823038986179553459400022783940069571182156830653646993 0 0 0 0 0 0 0 0 0 0 0 0 0 0 0 0 0 0 0 0 0 0 0 0 0 0 0 0 0 0 0 0 0 0 1 0 0 0 0 0 0 0 0 0 0 0 0 0 0 0 0 0 0 0 0 0 0 0 0 0 0 0 0 0 0 0 0 0 0 0 0 0 0 0 0 0 0]
[1392230091787692395465814764991214535746897563701614411843182818318450816298563003322111303305606718181749568936833226557065415933159432039463740579990654686832688030917184326689739094802495200745619494491089093218633399550947397926406 0 0 0 0 0 0 0 0 0 0 0 0 0 0 0 0 0 0 0 0 0 0 0 0 0 0 0 0 0 0 0 0 0 0 0 1 0 0 0 0 0 0 0 0 0 0 0 0 0 0 0 0 0 0 0 0 0 0 0 0 0 0 0 0 0 0 0 0 0 0 0 0 0 0 0 0 0]
[1179051210201194467668445270586010799061723020842998748681314655454510160402571532618343671293722301428942575082515498039761672974567679661243103394901008955346615866439404304873650420749755523905362326677544809817311317256734735623012 0 0 0 0 0 0 0 0 0 0 0 0 0 0 0 0 0 0 0 0 0 0 0 0 0 0 0 0 0 0 0 0 0 0 0 0 1 0 0 0 0 0 0 0 0 0 0 0 0 0 0 0 0 0 0 0 0 0 0 0 0 0 0 0 0 0 0 0 0 0 0 0 0 0 0 0 0]
[1699098714209067349760559359385821282784059113215136939282961812018132316404072474558734742106636595437411718625201707153262669023142183064854706509504137315562933203724236730636407897673702885862762045498253150507373447913978440182565 0 0 0 0 0 0 0 0 0 0 0 0 0 0 0 0 0 0 0 0 0 0 0 0 0 0 0 0 0 0 0 0 0 0 0 0 0 1 0 0 0 0 0 0 0 0 0 0 0 0 0 0 0 0 0 0 0 0 0 0 0 0 0 0 0 0 0 0 0 0 0 0 0 0 0 0 0]
[2824577542859510643042239411668759585990277367275664847454394774016026441731265722720087657414602474024909995759395523555889995910430025362008881627754314688132017257568469347532526794337250649486292056864600010818698241648731379145804 0 0 0 0 0 0 0 0 0 0 0 0 0 0 0 0 0 0 0 0 0 0 0 0 0 0 0 0 0 0 0 0 0 0 0 0 0 0 1 0 0 0 0 0 0 0 0 0 0 0 0 0 0 0 0 0 0 0 0 0 0 0 0 0 0 0 0 0 0 0 0 0 0 0 0 0 0]
[1854057122368444166424864700069063001716898930939872967359029907421110773419165059761757438408187051917742404996388227218470986983942006229678518147503377533542106830798283867337451964527234784264263426153567587930643271964674349655984 0 0 0 0 0 0 0 0 0 0 0 0 0 0 0 0 0 0 0 0 0 0 0 0 0 0 0 0 0 0 0 0 0 0 0 0 0 0 0 1 0 0 0 0 0 0 0 0 0 0 0 0 0 0 0 0 0 0 0 0 0 0 0 0 0 0 0 0 0 0 0 0 0 0 0 0 0]
[2507240784133580282561812710069454548306306694010920535328642650544214949127563240562159151370781131156951003897119490603602603023936678788696170089108635451143487103848648600521454668789658267316264451753113174460280938061598322143439 0 0 0 0 0 0 0 0 0 0 0 0 0 0 0 0 0 0 0 0 0 0 0 0 0 0 0 0 0 0 0 0 0 0 0 0 0 0 0 0 1 0 0 0 0 0 0 0 0 0 0 0 0 0 0 0 0 0 0 0 0 0 0 0 0 0 0 0 0 0 0 0 0 0 0 0 0]
[86810977832608574616127438752718250736510035428556549768989031644078175689520651690435778849902994600866702109996347996135750671810437162650259717625747863177394567860380253306244951253506850047248388422757815874728795252497357853854 0 0 0 0 0 0 0 0 0 0 0 0 0 0 0 0 0 0 0 0 0 0 0 0 0 0 0 0 0 0 0 0 0 0 0 0 0 0 0 0 0 1 0 0 0 0 0 0 0 0 0 0 0 0 0 0 0 0 0 0 0 0 0 0 0 0 0 0 0 0 0 0 0 0 0 0 0]
[2383629615982735597368362650171342115066032180604931063779919360331586233532687732269029011571829100264809755902647400526268654308615222440474112472025293923476622750847284886107737959278328911102032420033711371308993813381437641909121 0 0 0 0 0 0 0 0 0 0 0 0 0 0 0 0 0 0 0 0 0 0 0 0 0 0 0 0 0 0 0 0 0 0 0 0 0 0 0 0 0 0 1 0 0 0 0 0 0 0 0 0 0 0 0 0 0 0 0 0 0 0 0 0 0 0 0 0 0 0 0 0 0 0 0 0 0]
[1022098485196028221719597180322546351506022638967924162737889657218842143083222068376532111372760496577924694198190188986258755550382267116219562289775002681508822187790875805603287859740779329157917302415639204709835351537331040838541 0 0 0 0 0 0 0 0 0 0 0 0 0 0 0 0 0 0 0 0 0 0 0 0 0 0 0 0 0 0 0 0 0 0 0 0 0 0 0 0 0 0 0 1 0 0 0 0 0 0 0 0 0 0 0 0 0 0 0 0 0 0 0 0 0 0 0 0 0 0 0 0 0 0 0 0 0]
[1861695216752448289689753226741345466333002121522989722261704372699847439615450221996675975465027510225155257143717141451440419630978462126517216520946888701072822386527403789414187020778863736218735068866374847291560162633079532252525 0 0 0 0 0 0 0 0 0 0 0 0 0 0 0 0 0 0 0 0 0 0 0 0 0 0 0 0 0 0 0 0 0 0 0 0 0 0 0 0 0 0 0 0 1 0 0 0 0 0 0 0 0 0 0 0 0 0 0 0 0 0 0 0 0 0 0 0 0 0 0 0 0 0 0 0 0]
[3543361843720620385638503868968762354772284706909576816621184360320400696986841369833740576369886805294035853945450483561845118976459889006652886573523490572617323757340611425591441463972365375401543006139547089180813209547955119020860 0 0 0 0 0 0 0 0 0 0 0 0 0 0 0 0 0 0 0 0 0 0 0 0 0 0 0 0 0 0 0 0 0 0 0 0 0 0 0 0 0 0 0 0 0 1 0 0 0 0 0 0 0 0 0 0 0 0 0 0 0 0 0 0 0 0 0 0 0 0 0 0 0 0 0 0 0]
[2836158873908756286753317148559509182383234920839439784869890467455915989016856937616901933906278815395369533532705270152193090736671045847279764732321890995901185270522160789514079151885613044790559020466598114771267819184543406184354 0 0 0 0 0 0 0 0 0 0 0 0 0 0 0 0 0 0 0 0 0 0 0 0 0 0 0 0 0 0 0 0 0 0 0 0 0 0 0 0 0 0 0 0 0 0 1 0 0 0 0 0 0 0 0 0 0 0 0 0 0 0 0 0 0 0 0 0 0 0 0 0 0 0 0 0 0]
[2223322096032981011259793313592518805588997686006516354160576097874045803257062918529768459367709944627992578910058608261747379602091356121600602045961660953414102393203859902030008355727289536498253798834249168793204447803414336173217 0 0 0 0 0 0 0 0 0 0 0 0 0 0 0 0 0 0 0 0 0 0 0 0 0 0 0 0 0 0 0 0 0 0 0 0 0 0 0 0 0 0 0 0 0 0 0 1 0 0 0 0 0 0 0 0 0 0 0 0 0 0 0 0 0 0 0 0 0 0 0 0 0 0 0 0 0]
[1090691206878433793215404015025703414740416392037054524886479017119911970779519082192604875640471103188806296959614032886797171948870774632130944802368844974193041550515652991586846058460193861875213067960614490526554918800667689438058 0 0 0 0 0 0 0 0 0 0 0 0 0 0 0 0 0 0 0 0 0 0 0 0 0 0 0 0 0 0 0 0 0 0 0 0 0 0 0 0 0 0 0 0 0 0 0 0 1 0 0 0 0 0 0 0 0 0 0 0 0 0 0 0 0 0 0 0 0 0 0 0 0 0 0 0 0]
[267977055143323165167582599686524211130135427090084062796208894864654245038665035536321474035935180368168226297136726090351002381081684800802798883502007906929712266192046257291524539564156814781697450171250790010726482184832236316464 0 0 0 0 0 0 0 0 0 0 0 0 0 0 0 0 0 0 0 0 0 0 0 0 0 0 0 0 0 0 0 0 0 0 0 0 0 0 0 0 0 0 0 0 0 0 0 0 0 1 0 0 0 0 0 0 0 0 0 0 0 0 0 0 0 0 0 0 0 0 0 0 0 0 0 0 0]
[386216713237157405804485130410246787568538314384395802928081249379903213076971229883428575726896754915793654263269287185429835086839767990775904209791859469210403050118062536300557326687236428449260422650414796972606002390786746050058 0 0 0 0 0 0 0 0 0 0 0 0 0 0 0 0 0 0 0 0 0 0 0 0 0 0 0 0 0 0 0 0 0 0 0 0 0 0 0 0 0 0 0 0 0 0 0 0 0 0 1 0 0 0 0 0 0 0 0 0 0 0 0 0 0 0 0 0 0 0 0 0 0 0 0 0 0]
[3356294826630548729375329759481792714311359762977575166613764595577031172336953602169692007173475501520720429314743951205598815026193713825176794003868191033738064803092955048886289266853599506948055470926518042522231989171263190142479 0 0 0 0 0 0 0 0 0 0 0 0 0 0 0 0 0 0 0 0 0 0 0 0 0 0 0 0 0 0 0 0 0 0 0 0 0 0 0 0 0 0 0 0 0 0 0 0 0 0 0 1 0 0 0 0 0 0 0 0 0 0 0 0 0 0 0 0 0 0 0 0 0 0 0 0 0]
[3712559413506049625434398562774173312365635814349745494781380688047261342409078533109544246293197084739768222688842215453232627241095438105183393420315581296568038341195891260986506987165233235145333829983822271157935278712406396551075 0 0 0 0 0 0 0 0 0 0 0 0 0 0 0 0 0 0 0 0 0 0 0 0 0 0 0 0 0 0 0 0 0 0 0 0 0 0 0 0 0 0 0 0 0 0 0 0 0 0 0 0 1 0 0 0 0 0 0 0 0 0 0 0 0 0 0 0 0 0 0 0 0 0 0 0 0]
[2290916584860493498539482648601233033569548458657619514146175849108163724681004915557855637734263445486687681373030060900079595607257029292088254840732306747698172084556094873707623249432231860287526368230231356512375037433757527264207 0 0 0 0 0 0 0 0 0 0 0 0 0 0 0 0 0 0 0 0 0 0 0 0 0 0 0 0 0 0 0 0 0 0 0 0 0 0 0 0 0 0 0 0 0 0 0 0 0 0 0 0 0 1 0 0 0 0 0 0 0 0 0 0 0 0 0 0 0 0 0 0 0 0 0 0 0]
[762408114279046715298019407207730311896424877743821595046988475122650424188709958524811458790609693030846940574013330419363398086017577418603955647339422070216968521872213416259689496865675584965770453661701183617543633666935281278898 0 0 0 0 0 0 0 0 0 0 0 0 0 0 0 0 0 0 0 0 0 0 0 0 0 0 0 0 0 0 0 0 0 0 0 0 0 0 0 0 0 0 0 0 0 0 0 0 0 0 0 0 0 0 1 0 0 0 0 0 0 0 0 0 0 0 0 0 0 0 0 0 0 0 0 0 0]
[3454095547036123794788260764865087563310234282697229500101614100322035393537159145806932998473426549339039022743077667345546786189250856469186910591583142120283607882165567754221218634031020002936933985243115334640123887630781158075552 0 0 0 0 0 0 0 0 0 0 0 0 0 0 0 0 0 0 0 0 0 0 0 0 0 0 0 0 0 0 0 0 0 0 0 0 0 0 0 0 0 0 0 0 0 0 0 0 0 0 0 0 0 0 0 1 0 0 0 0 0 0 0 0 0 0 0 0 0 0 0 0 0 0 0 0 0]
[2108649648589186926516832918439941177247673440006423510739846623837903985434443054755623973762391374010751985090178974234002713150321137339558019966043337959066057557090760353070319379209122734341315070700215603789171873414844313884410 0 0 0 0 0 0 0 0 0 0 0 0 0 0 0 0 0 0 0 0 0 0 0 0 0 0 0 0 0 0 0 0 0 0 0 0 0 0 0 0 0 0 0 0 0 0 0 0 0 0 0 0 0 0 0 0 1 0 0 0 0 0 0 0 0 0 0 0 0 0 0 0 0 0 0 0 0]
[1933843895637644702222621083074891193792391042297927642518036718517735546606875092316261956073933953117160482113343862814712562143548415091019358177770070464695867177820451604925352066943971697193870042371081550328642763662158757820976 0 0 0 0 0 0 0 0 0 0 0 0 0 0 0 0 0 0 0 0 0 0 0 0 0 0 0 0 0 0 0 0 0 0 0 0 0 0 0 0 0 0 0 0 0 0 0 0 0 0 0 0 0 0 0 0 0 1 0 0 0 0 0 0 0 0 0 0 0 0 0 0 0 0 0 0 0]
[2320543801369157349935806087836724124857142711080797611797178392854677630077489878725380337188825699824388698520092834712754721001150949967357806646769045642025456110016784486125216255497559838132021629686025778181371175299607371734264 0 0 0 0 0 0 0 0 0 0 0 0 0 0 0 0 0 0 0 0 0 0 0 0 0 0 0 0 0 0 0 0 0 0 0 0 0 0 0 0 0 0 0 0 0 0 0 0 0 0 0 0 0 0 0 0 0 0 1 0 0 0 0 0 0 0 0 0 0 0 0 0 0 0 0 0 0]
[1750908724464595048079422958883670617560569159597633467497634806631935993345560171562308125315238997828781410234577619629679329947836463831093440058573692454287170138523199688515837787254107638944875009062003025555992136849221347482307 0 0 0 0 0 0 0 0 0 0 0 0 0 0 0 0 0 0 0 0 0 0 0 0 0 0 0 0 0 0 0 0 0 0 0 0 0 0 0 0 0 0 0 0 0 0 0 0 0 0 0 0 0 0 0 0 0 0 0 1 0 0 0 0 0 0 0 0 0 0 0 0 0 0 0 0 0]
[817447695874817098913061865869598428404953391310096746868103597783685025663854989366638695375408836196041651940703638367880500060848296182861595089950929199587827590270783398137344953548898115728499627061287248424086884592047395042219 0 0 0 0 0 0 0 0 0 0 0 0 0 0 0 0 0 0 0 0 0 0 0 0 0 0 0 0 0 0 0 0 0 0 0 0 0 0 0 0 0 0 0 0 0 0 0 0 0 0 0 0 0 0 0 0 0 0 0 0 1 0 0 0 0 0 0 0 0 0 0 0 0 0 0 0 0]
[1814673125665395596561466587434491104023242140373050194911223115151293514404179892736647736555552495369492317421223074707440876224277018580186664410503946077543271142181578118079881649740798319927219468043262240394099686692357554262687 0 0 0 0 0 0 0 0 0 0 0 0 0 0 0 0 0 0 0 0 0 0 0 0 0 0 0 0 0 0 0 0 0 0 0 0 0 0 0 0 0 0 0 0 0 0 0 0 0 0 0 0 0 0 0 0 0 0 0 0 0 1 0 0 0 0 0 0 0 0 0 0 0 0 0 0 0]
[2687151510497157935023253396295049136015659457989063181591083280034957536082944108503988116678935984068068650402059062150664382696751392638582614704228420111135669904334593215599919195095781683814453898153089408323205873155058342445995 0 0 0 0 0 0 0 0 0 0 0 0 0 0 0 0 0 0 0 0 0 0 0 0 0 0 0 0 0 0 0 0 0 0 0 0 0 0 0 0 0 0 0 0 0 0 0 0 0 0 0 0 0 0 0 0 0 0 0 0 0 0 1 0 0 0 0 0 0 0 0 0 0 0 0 0 0]
[905692937048059378899333688515334965341032182165941634712508459829774746925103695211290181813823746609905711206114469140638985947524667353425966246351088997956191694309016411645254701419546216185949001117267547665764314705350036902902 0 0 0 0 0 0 0 0 0 0 0 0 0 0 0 0 0 0 0 0 0 0 0 0 0 0 0 0 0 0 0 0 0 0 0 0 0 0 0 0 0 0 0 0 0 0 0 0 0 0 0 0 0 0 0 0 0 0 0 0 0 0 0 1 0 0 0 0 0 0 0 0 0 0 0 0 0]
[1063976077464896105778075518508220767167826455130792161871008623819556266990503899771583906731506963096325507963559824767036263392580220538740814391776546777214635495791439019730913133737517122981950814072194452049050640492231114300381 0 0 0 0 0 0 0 0 0 0 0 0 0 0 0 0 0 0 0 0 0 0 0 0 0 0 0 0 0 0 0 0 0 0 0 0 0 0 0 0 0 0 0 0 0 0 0 0 0 0 0 0 0 0 0 0 0 0 0 0 0 0 0 0 1 0 0 0 0 0 0 0 0 0 0 0 0]
[1996847966480178907447045432419226560411366525341112552087414914955705894883963789187633684120859344134624713667786620544268042126473717871362223759116759671806052141611214462556022021828050010566922991436219403287666493297210794645829 0 0 0 0 0 0 0 0 0 0 0 0 0 0 0 0 0 0 0 0 0 0 0 0 0 0 0 0 0 0 0 0 0 0 0 0 0 0 0 0 0 0 0 0 0 0 0 0 0 0 0 0 0 0 0 0 0 0 0 0 0 0 0 0 0 1 0 0 0 0 0 0 0 0 0 0 0]
[2801719927013964304776041927225789423778534934895159616669586490390651471243945056982154811551932334505497551362116448702292678403036387411177565977059213919478487549866693059184279131282670703768871645193019612605096887651046934828570 0 0 0 0 0 0 0 0 0 0 0 0 0 0 0 0 0 0 0 0 0 0 0 0 0 0 0 0 0 0 0 0 0 0 0 0 0 0 0 0 0 0 0 0 0 0 0 0 0 0 0 0 0 0 0 0 0 0 0 0 0 0 0 0 0 0 1 0 0 0 0 0 0 0 0 0 0]
[817967864969977441421651016119348666226504829914160751506486295207692243778299426588760047087330043972820375273391185184258575343235931081883939774297394704956619121409382792712251510153803802426933902241243433265409250738752907456237 0 0 0 0 0 0 0 0 0 0 0 0 0 0 0 0 0 0 0 0 0 0 0 0 0 0 0 0 0 0 0 0 0 0 0 0 0 0 0 0 0 0 0 0 0 0 0 0 0 0 0 0 0 0 0 0 0 0 0 0 0 0 0 0 0 0 0 1 0 0 0 0 0 0 0 0 0]
[662398766110248695978581763461954369991235827567277238177853337241985653852180146488476327036026166165135517914038131751545562686281778875298709098557732389930973164897060883423088059672103445845764230486806506758376029846325526790721 0 0 0 0 0 0 0 0 0 0 0 0 0 0 0 0 0 0 0 0 0 0 0 0 0 0 0 0 0 0 0 0 0 0 0 0 0 0 0 0 0 0 0 0 0 0 0 0 0 0 0 0 0 0 0 0 0 0 0 0 0 0 0 0 0 0 0 0 1 0 0 0 0 0 0 0 0]
[1254788492996394356940042399801835120815483277042707803502421987206879427570091284135791678971415801594602676715260917424199940628259871363679968319087753881447701917504999859387609711533230652873227091696140048375553786689474165551270 0 0 0 0 0 0 0 0 0 0 0 0 0 0 0 0 0 0 0 0 0 0 0 0 0 0 0 0 0 0 0 0 0 0 0 0 0 0 0 0 0 0 0 0 0 0 0 0 0 0 0 0 0 0 0 0 0 0 0 0 0 0 0 0 0 0 0 0 0 1 0 0 0 0 0 0 0]
[2779176775120588938804546112515870899264507413038621779947058032880371019456510548030033757644447547708512453824099896987637493536968198663930443793750079845539818366621139354746104675510381779398170144316481967666843876745877647466639 0 0 0 0 0 0 0 0 0 0 0 0 0 0 0 0 0 0 0 0 0 0 0 0 0 0 0 0 0 0 0 0 0 0 0 0 0 0 0 0 0 0 0 0 0 0 0 0 0 0 0 0 0 0 0 0 0 0 0 0 0 0 0 0 0 0 0 0 0 0 1 0 0 0 0 0 0]
[1554681951336524534854436763726760190168076535861697094161158688258234618185175377563905738808744893457874957005235654768068504975027250281894596048216150127093887852212996666269172418761815412929854321899603196306241311076542548008332 0 0 0 0 0 0 0 0 0 0 0 0 0 0 0 0 0 0 0 0 0 0 0 0 0 0 0 0 0 0 0 0 0 0 0 0 0 0 0 0 0 0 0 0 0 0 0 0 0 0 0 0 0 0 0 0 0 0 0 0 0 0 0 0 0 0 0 0 0 0 0 1 0 0 0 0 0]
[141481900456879115926178730264922302464598255363169748715543100520265590230179684306801808152076944646278125016755600296005489542831727683806861286995455792201695228102241234135301509467521940815444325652445049428846622431828680000657 0 0 0 0 0 0 0 0 0 0 0 0 0 0 0 0 0 0 0 0 0 0 0 0 0 0 0 0 0 0 0 0 0 0 0 0 0 0 0 0 0 0 0 0 0 0 0 0 0 0 0 0 0 0 0 0 0 0 0 0 0 0 0 0 0 0 0 0 0 0 0 0 1 0 0 0 0]
[149642696414518824775970394295526076835927582125877908041650338640977281414101876875027630816163790724398334761614753872860774227459654998696986174052504935001883115973769177433642084202868006038118640385506494203012275359092151124577 0 0 0 0 0 0 0 0 0 0 0 0 0 0 0 0 0 0 0 0 0 0 0 0 0 0 0 0 0 0 0 0 0 0 0 0 0 0 0 0 0 0 0 0 0 0 0 0 0 0 0 0 0 0 0 0 0 0 0 0 0 0 0 0 0 0 0 0 0 0 0 0 0 1 0 0 0]
[2318102396160811486970649733037315018943848880381801848687808835364093443218669399115434519125640774259652888813446661336240444333498127762257948327097951869576606857361575483531833405722034154260977977560498535546430212899097150854020 0 0 0 0 0 0 0 0 0 0 0 0 0 0 0 0 0 0 0 0 0 0 0 0 0 0 0 0 0 0 0 0 0 0 0 0 0 0 0 0 0 0 0 0 0 0 0 0 0 0 0 0 0 0 0 0 0 0 0 0 0 0 0 0 0 0 0 0 0 0 0 0 0 0 1 0 0]
[1629966583118437919192817830345143432247657726584675762204134821594696201032211772481836378268560820990934138510286878368746696944216989538987173056234093718300180600147398706794787360207400975910070442215206008284419727855401051717710 0 0 0 0 0 0 0 0 0 0 0 0 0 0 0 0 0 0 0 0 0 0 0 0 0 0 0 0 0 0 0 0 0 0 0 0 0 0 0 0 0 0 0 0 0 0 0 0 0 0 0 0 0 0 0 0 0 0 0 0 0 0 0 0 0 0 0 0 0 0 0 0 0 0 0 1 0]
[1261774462717036172027622739084165803826427027041839168387906073711550316857370502062095472904915491524666277767418016042788355258207184315293037107544314264775834717539390419518446137413890735930931549770864891191604013878945557617804 0 0 0 0 0 0 0 0 0 0 0 0 0 0 0 0 0 0 0 0 0 0 0 0 0 0 0 0 0 0 0 0 0 0 0 0 0 0 0 0 0 0 0 0 0 0 0 0 0 0 0 0 0 0 0 0 0 0 0 0 0 0 0 0 0 0 0 0 0 0 0 0 0 0 0 0 1]
]
