[[7189838902558092794260024692243462813702036772197521482889119693523842531072919526872397817522077869194889183636619327594804533886821593624972441778785996009699038406573926131746518065664563607470352933216479649819863922360693662808440158266544733613658712771 0 0 0 0 0 0 0 0 0 0 0 0 0 0 0 0 0 0 0 0 0 0 0 0 0 0 0 0 0 0 0 0 0 0 0 0 0 0 0 0 0 0 0 0 0 0 0 0 0 0 0 0 0 0 0 0 0 0 0 0 0 0 0 0 0 0 0 0 0 0 0 0 0 0 0 0 0 0 0 0 0 0 0 0 0]
[1198411629636073294376906210136488831500663629301998663628299873308840558300602086123932706949991034438295937650772383153263172879850781498118297209484160164946116389897244110096480257762229793433321732670496880334345267127196259644994094006897070332365970200 1 0 0 0 0 0 0 0 0 0 0 0 0 0 0 0 0 0 0 0 0 0 0 0 0 0 0 0 0 0 0 0 0 0 0 0 0 0 0 0 0 0 0 0 0 0 0 0 0 0 0 0 0 0 0 0 0 0 0 0 0 0 0 0 0 0 0 0 0 0 0 0 0 0 0 0 0 0 0 0 0 0 0 0 0]
[345588186502511229996260339991414079972841479362718702653372812615225831267486982290707281852467408973803529924630975893742428737659148229568415206980472827302339020260175836837859515568368653729451487062597757266986415106970694864984197044095680216728668276 0 1 0 0 0 0 0 0 0 0 0 0 0 0 0 0 0 0 0 0 0 0 0 0 0 0 0 0 0 0 0 0 0 0 0 0 0 0 0 0 0 0 0 0 0 0 0 0 0 0 0 0 0 0 0 0 0 0 0 0 0 0 0 0 0 0 0 0 0 0 0 0 0 0 0 0 0 0 0 0 0 0 0 0 0]
[2749677734694117903736387755336438035044887866990604949376806366613132834575845270383462803168855378338318387417471401755442187413188149581932852519302844986246601846145910889805373222400090990288935969599430971449175232155467591551529931290608237163824714237 0 0 1 0 0 0 0 0 0 0 0 0 0 0 0 0 0 0 0 0 0 0 0 0 0 0 0 0 0 0 0 0 0 0 0 0 0 0 0 0 0 0 0 0 0 0 0 0 0 0 0 0 0 0 0 0 0 0 0 0 0 0 0 0 0 0 0 0 0 0 0 0 0 0 0 0 0 0 0 0 0 0 0 0 0]
[577298708517691515005808560248664679539272079364697334811931949862795802182762416281422206316696574312448470803071062365525118568408222918174549047483450031486932614027800511072675070842840384356651445703837234232727622878776274781229402716629293412627755718 0 0 0 1 0 0 0 0 0 0 0 0 0 0 0 0 0 0 0 0 0 0 0 0 0 0 0 0 0 0 0 0 0 0 0 0 0 0 0 0 0 0 0 0 0 0 0 0 0 0 0 0 0 0 0 0 0 0 0 0 0 0 0 0 0 0 0 0 0 0 0 0 0 0 0 0 0 0 0 0 0 0 0 0 0]
[2550338246908127373150169644242154168184413894191894785253392351982969972226641443498525047560384437072948213067467728257091761746011991509583822287914054474898541445432350527441662948632731682010091748866590340179073730493708238946316909053803982829556872134 0 0 0 0 1 0 0 0 0 0 0 0 0 0 0 0 0 0 0 0 0 0 0 0 0 0 0 0 0 0 0 0 0 0 0 0 0 0 0 0 0 0 0 0 0 0 0 0 0 0 0 0 0 0 0 0 0 0 0 0 0 0 0 0 0 0 0 0 0 0 0 0 0 0 0 0 0 0 0 0 0 0 0 0 0]
[4603288811644954061842664886648343160459833772961758971599095112945015671884205274205633807078436174125713929006965489802060967339599256815555851294253180785141483025333329071844645235026752730571528176658981486545680340308682501405142978511282966826795499975 0 0 0 0 0 1 0 0 0 0 0 0 0 0 0 0 0 0 0 0 0 0 0 0 0 0 0 0 0 0 0 0 0 0 0 0 0 0 0 0 0 0 0 0 0 0 0 0 0 0 0 0 0 0 0 0 0 0 0 0 0 0 0 0 0 0 0 0 0 0 0 0 0 0 0 0 0 0 0 0 0 0 0 0 0]
[5582562932839472789162759715013065322284893967677702316988501928755043331217574353603171935492157383421939245862270065127155041707508320387096572792288893371159346024369323251774742476057236987121746672068675737935856176603860232644543739176605297191210738613 0 0 0 0 0 0 1 0 0 0 0 0 0 0 0 0 0 0 0 0 0 0 0 0 0 0 0 0 0 0 0 0 0 0 0 0 0 0 0 0 0 0 0 0 0 0 0 0 0 0 0 0 0 0 0 0 0 0 0 0 0 0 0 0 0 0 0 0 0 0 0 0 0 0 0 0 0 0 0 0 0 0 0 0 0]
[3616433954332442235635730498518756114061117018924598882867012110736596906426361974264311335108279635491012764529488682808389925623466476287541166255084582133959906380783016602392495659929902510915695128157151889200388992140806420201846990491696148222964932026 0 0 0 0 0 0 0 1 0 0 0 0 0 0 0 0 0 0 0 0 0 0 0 0 0 0 0 0 0 0 0 0 0 0 0 0 0 0 0 0 0 0 0 0 0 0 0 0 0 0 0 0 0 0 0 0 0 0 0 0 0 0 0 0 0 0 0 0 0 0 0 0 0 0 0 0 0 0 0 0 0 0 0 0 0]
[6549442836283701306007757675832826328046202029306937333994176953871515156194826785047482551049057178162158519787796615859793722376618746008963723561760699565045110828703526102363222608420708746407385928384474247144080909444455103942968746710082182694606281336 0 0 0 0 0 0 0 0 1 0 0 0 0 0 0 0 0 0 0 0 0 0 0 0 0 0 0 0 0 0 0 0 0 0 0 0 0 0 0 0 0 0 0 0 0 0 0 0 0 0 0 0 0 0 0 0 0 0 0 0 0 0 0 0 0 0 0 0 0 0 0 0 0 0 0 0 0 0 0 0 0 0 0 0 0]
[4399861351366801851120233018064949674604834782086460478264182784421581863998551401930737825103422928914352513472073273364996313595473266494226586468812548894440883160606216495070441847826539442103131623153567109271470613070100302734833977485322158169134464270 0 0 0 0 0 0 0 0 0 1 0 0 0 0 0 0 0 0 0 0 0 0 0 0 0 0 0 0 0 0 0 0 0 0 0 0 0 0 0 0 0 0 0 0 0 0 0 0 0 0 0 0 0 0 0 0 0 0 0 0 0 0 0 0 0 0 0 0 0 0 0 0 0 0 0 0 0 0 0 0 0 0 0 0 0]
[784276973205085187703661302752183714489235260807296351865517871363298867359262609700718283529931643008792430533885329199407625932478044817662737612143457825663704073782360284200085345378805096046343211108632599475713850176110832782496136716852366843918359364 0 0 0 0 0 0 0 0 0 0 1 0 0 0 0 0 0 0 0 0 0 0 0 0 0 0 0 0 0 0 0 0 0 0 0 0 0 0 0 0 0 0 0 0 0 0 0 0 0 0 0 0 0 0 0 0 0 0 0 0 0 0 0 0 0 0 0 0 0 0 0 0 0 0 0 0 0 0 0 0 0 0 0 0 0]
[5754692108296700488857904694743359453260708509055705119251905949413419968239641274191908318896542863819397117545298463561503967339267354311217208823548578618732628351254362180897923010020706830190463242491201944082360355762048338146007305861143267825360933471 0 0 0 0 0 0 0 0 0 0 0 1 0 0 0 0 0 0 0 0 0 0 0 0 0 0 0 0 0 0 0 0 0 0 0 0 0 0 0 0 0 0 0 0 0 0 0 0 0 0 0 0 0 0 0 0 0 0 0 0 0 0 0 0 0 0 0 0 0 0 0 0 0 0 0 0 0 0 0 0 0 0 0 0 0]
[3038602515578282516721587879860455368848579679000964396267790633830242569812999135039296113965170115007930951003447206759503408725057815395426880793245017429933680942487266411194950873457602142491999977775708351179484895811741148223782678757605822587477720840 0 0 0 0 0 0 0 0 0 0 0 0 1 0 0 0 0 0 0 0 0 0 0 0 0 0 0 0 0 0 0 0 0 0 0 0 0 0 0 0 0 0 0 0 0 0 0 0 0 0 0 0 0 0 0 0 0 0 0 0 0 0 0 0 0 0 0 0 0 0 0 0 0 0 0 0 0 0 0 0 0 0 0 0 0]
[5539307478568489111670573084651891932602856189346816785317339849171941321278995544666713926522533488036693919672104860550313893009423762450849010878229899813175625897127465989643035317535666419888584125812183520481730155584566843649550436073115020965820106629 0 0 0 0 0 0 0 0 0 0 0 0 0 1 0 0 0 0 0 0 0 0 0 0 0 0 0 0 0 0 0 0 0 0 0 0 0 0 0 0 0 0 0 0 0 0 0 0 0 0 0 0 0 0 0 0 0 0 0 0 0 0 0 0 0 0 0 0 0 0 0 0 0 0 0 0 0 0 0 0 0 0 0 0 0]
[1749724059103703636960236914962966207157099679658642358413007358683211813883279313731137083778755569457212076579652178893972784200850334866087097712007898736175101499604337041476018560701612583923071802176573321438274198009051196599191663441852310476935972225 0 0 0 0 0 0 0 0 0 0 0 0 0 0 1 0 0 0 0 0 0 0 0 0 0 0 0 0 0 0 0 0 0 0 0 0 0 0 0 0 0 0 0 0 0 0 0 0 0 0 0 0 0 0 0 0 0 0 0 0 0 0 0 0 0 0 0 0 0 0 0 0 0 0 0 0 0 0 0 0 0 0 0 0 0]
[2045344459149349080329224261307681473558222828288718261813852211834645291886242092244388327129174882654007527749761442924827334102391949637785294230030406212419971648405585098520618657458539741779408100723521415136281222201798580478982282033913906008332203455 0 0 0 0 0 0 0 0 0 0 0 0 0 0 0 1 0 0 0 0 0 0 0 0 0 0 0 0 0 0 0 0 0 0 0 0 0 0 0 0 0 0 0 0 0 0 0 0 0 0 0 0 0 0 0 0 0 0 0 0 0 0 0 0 0 0 0 0 0 0 0 0 0 0 0 0 0 0 0 0 0 0 0 0 0]
[3919074271604831015403760934030245301494961202469798606553941013517278784514951230321994533862772555254101169415838346526564278613276382798077083786548842619872805155061128053034008314918501641356816860324454807814371816771709725205418521536265683407417845108 0 0 0 0 0 0 0 0 0 0 0 0 0 0 0 0 1 0 0 0 0 0 0 0 0 0 0 0 0 0 0 0 0 0 0 0 0 0 0 0 0 0 0 0 0 0 0 0 0 0 0 0 0 0 0 0 0 0 0 0 0 0 0 0 0 0 0 0 0 0 0 0 0 0 0 0 0 0 0 0 0 0 0 0 0]
[2930898686340878248716185476761641509906600025764226316416659769223729144596118488255509134660714300689282955170719438848983885938696162035777922376053674666645235113813468729056751777813049378966646850192499883714908958002648704541055641133025808675675394617 0 0 0 0 0 0 0 0 0 0 0 0 0 0 0 0 0 1 0 0 0 0 0 0 0 0 0 0 0 0 0 0 0 0 0 0 0 0 0 0 0 0 0 0 0 0 0 0 0 0 0 0 0 0 0 0 0 0 0 0 0 0 0 0 0 0 0 0 0 0 0 0 0 0 0 0 0 0 0 0 0 0 0 0 0]
[5639648104980959424625921827630673456487583410820751011674631828842966296288573116314030318937168493375400255577707714341161309972620118427596382340000320978854590751336902531151341126197949073790099039022749456921851059536284630152217540007669289828770777239 0 0 0 0 0 0 0 0 0 0 0 0 0 0 0 0 0 0 1 0 0 0 0 0 0 0 0 0 0 0 0 0 0 0 0 0 0 0 0 0 0 0 0 0 0 0 0 0 0 0 0 0 0 0 0 0 0 0 0 0 0 0 0 0 0 0 0 0 0 0 0 0 0 0 0 0 0 0 0 0 0 0 0 0 0]
[1569267406763466975006578259307735471810582931559293983911894018844027704186490920595517921894700957503052936960087092192578695327917926444966997279520684979924036532695372560109042873786909184061481438909030916024235993078271397029844463558307949123980815387 0 0 0 0 0 0 0 0 0 0 0 0 0 0 0 0 0 0 0 1 0 0 0 0 0 0 0 0 0 0 0 0 0 0 0 0 0 0 0 0 0 0 0 0 0 0 0 0 0 0 0 0 0 0 0 0 0 0 0 0 0 0 0 0 0 0 0 0 0 0 0 0 0 0 0 0 0 0 0 0 0 0 0 0 0]
[5919572028618236700468116038400195593665784002518380083967506109575868951210587400771769503864424717985794825414999584162564692142464241565928722515624467378029288916238889150939887218531726372285701320753466712175190677051635168411876569451293837877267901527 0 0 0 0 0 0 0 0 0 0 0 0 0 0 0 0 0 0 0 0 1 0 0 0 0 0 0 0 0 0 0 0 0 0 0 0 0 0 0 0 0 0 0 0 0 0 0 0 0 0 0 0 0 0 0 0 0 0 0 0 0 0 0 0 0 0 0 0 0 0 0 0 0 0 0 0 0 0 0 0 0 0 0 0 0]
[926967647682505179718518394838467126719690959421206905771572173987130997153065133721028855194937627447435896542371670977741022752307707297740602230559822362953367037425949926172536628058005348906589310045201172803462649057400483675163941361121837810105286057 0 0 0 0 0 0 0 0 0 0 0 0 0 0 0 0 0 0 0 0 0 1 0 0 0 0 0 0 0 0 0 0 0 0 0 0 0 0 0 0 0 0 0 0 0 0 0 0 0 0 0 0 0 0 0 0 0 0 0 0 0 0 0 0 0 0 0 0 0 0 0 0 0 0 0 0 0 0 0 0 0 0 0 0 0]
[6128117150068908999513754739049777617544995913429361767786292526177305974997189616939373698245578623086852918621539630087370047136372231051402163855808428137828941188956276089345455752718612206569118330507581295790120245878312999023167265894215119676931848272 0 0 0 0 0 0 0 0 0 0 0 0 0 0 0 0 0 0 0 0 0 0 1 0 0 0 0 0 0 0 0 0 0 0 0 0 0 0 0 0 0 0 0 0 0 0 0 0 0 0 0 0 0 0 0 0 0 0 0 0 0 0 0 0 0 0 0 0 0 0 0 0 0 0 0 0 0 0 0 0 0 0 0 0 0]
[1726364550299764026061518750396618870243170994602010520189005790786166422122351967335350811921977268750356684246728593978865537809839579692525981011086772768367231174113126690801903257581713117571454584009750209495430064346849552791897807813604881730222022383 0 0 0 0 0 0 0 0 0 0 0 0 0 0 0 0 0 0 0 0 0 0 0 1 0 0 0 0 0 0 0 0 0 0 0 0 0 0 0 0 0 0 0 0 0 0 0 0 0 0 0 0 0 0 0 0 0 0 0 0 0 0 0 0 0 0 0 0 0 0 0 0 0 0 0 0 0 0 0 0 0 0 0 0 0]
[1445600558411652479454892837318987364472902885652897223722446081852503483381236586339045202424949351252571388067375752403401314240387022969520802885713077422588223725456341601935043138439113158134393564426288601068337780650183474533215939838189119527238071844 0 0 0 0 0 0 0 0 0 0 0 0 0 0 0 0 0 0 0 0 0 0 0 0 1 0 0 0 0 0 0 0 0 0 0 0 0 0 0 0 0 0 0 0 0 0 0 0 0 0 0 0 0 0 0 0 0 0 0 0 0 0 0 0 0 0 0 0 0 0 0 0 0 0 0 0 0 0 0 0 0 0 0 0 0]
[751048976233568235090753098354230658110727510648736130455709968926330552923003033117348777573020908740348818223563756661579161708190983069364469694729340930488717306883172578702552208144958463901849202443303840204335850658685187057892177121817958088340709691 0 0 0 0 0 0 0 0 0 0 0 0 0 0 0 0 0 0 0 0 0 0 0 0 0 1 0 0 0 0 0 0 0 0 0 0 0 0 0 0 0 0 0 0 0 0 0 0 0 0 0 0 0 0 0 0 0 0 0 0 0 0 0 0 0 0 0 0 0 0 0 0 0 0 0 0 0 0 0 0 0 0 0 0 0]
[5778067677297886255532890241939167740914881728866059170245721386390367883144295959791555272986666108015507090785308097884453388676340725332918820363810571650035892226054572456546755073292197119723419652272998661510912988938699086418419933637305264211802307067 0 0 0 0 0 0 0 0 0 0 0 0 0 0 0 0 0 0 0 0 0 0 0 0 0 0 1 0 0 0 0 0 0 0 0 0 0 0 0 0 0 0 0 0 0 0 0 0 0 0 0 0 0 0 0 0 0 0 0 0 0 0 0 0 0 0 0 0 0 0 0 0 0 0 0 0 0 0 0 0 0 0 0 0 0]
[2955220743872811704702105500343950563910894030598703642227033398269942444544692642545469398701138519601635515323788490437005964842315263830187173367798343105922331583026161080793543743613332987591120122615093069216025197372482283755090820444173060704324565655 0 0 0 0 0 0 0 0 0 0 0 0 0 0 0 0 0 0 0 0 0 0 0 0 0 0 0 1 0 0 0 0 0 0 0 0 0 0 0 0 0 0 0 0 0 0 0 0 0 0 0 0 0 0 0 0 0 0 0 0 0 0 0 0 0 0 0 0 0 0 0 0 0 0 0 0 0 0 0 0 0 0 0 0 0]
[5447536816211180610944432861639409207078119808124208722663162892369159751290014559824120645310136576653600980035005497125743287314837176294672452835036356368923952975046266728359160913685973441788664915956699947461919114625605675187166268437253882913722359801 0 0 0 0 0 0 0 0 0 0 0 0 0 0 0 0 0 0 0 0 0 0 0 0 0 0 0 0 1 0 0 0 0 0 0 0 0 0 0 0 0 0 0 0 0 0 0 0 0 0 0 0 0 0 0 0 0 0 0 0 0 0 0 0 0 0 0 0 0 0 0 0 0 0 0 0 0 0 0 0 0 0 0 0 0]
[6524874489460084416550475447242459976803911974628937744459717856451451441835031849921996742713107849488230141402503136304747690597831577901841429929633331925858435371215558878713111379533460523115305996486484994284745807012821567353589348412484833269877836021 0 0 0 0 0 0 0 0 0 0 0 0 0 0 0 0 0 0 0 0 0 0 0 0 0 0 0 0 0 1 0 0 0 0 0 0 0 0 0 0 0 0 0 0 0 0 0 0 0 0 0 0 0 0 0 0 0 0 0 0 0 0 0 0 0 0 0 0 0 0 0 0 0 0 0 0 0 0 0 0 0 0 0 0 0]
[5766071740221203408305873327211816103606805429632231637900655020838783375562674541847235354326010778506251875866389746774075545064764002609580630789218698302839809591163560677657817507553411237377801223467059035097176520551546119547559208445906066214409866697 0 0 0 0 0 0 0 0 0 0 0 0 0 0 0 0 0 0 0 0 0 0 0 0 0 0 0 0 0 0 1 0 0 0 0 0 0 0 0 0 0 0 0 0 0 0 0 0 0 0 0 0 0 0 0 0 0 0 0 0 0 0 0 0 0 0 0 0 0 0 0 0 0 0 0 0 0 0 0 0 0 0 0 0 0]
[5464493295228535087290313885431038876600734835720798692315355738120441847246776606532826187249133906241876532160180100513045099599832008058243908309693816977429759561583293653792643393703480728706767528476953736308170215593593578670564257727899284418479174585 0 0 0 0 0 0 0 0 0 0 0 0 0 0 0 0 0 0 0 0 0 0 0 0 0 0 0 0 0 0 0 1 0 0 0 0 0 0 0 0 0 0 0 0 0 0 0 0 0 0 0 0 0 0 0 0 0 0 0 0 0 0 0 0 0 0 0 0 0 0 0 0 0 0 0 0 0 0 0 0 0 0 0 0 0]
[6110571662942424439948217135833781220219598691645940209799221811183135697315587689955221028043133031340033111724969068990457171717097641659583380060850107907752569772031632457506099883368338288666592495234725978817318608630850408863169366291359430111172469854 0 0 0 0 0 0 0 0 0 0 0 0 0 0 0 0 0 0 0 0 0 0 0 0 0 0 0 0 0 0 0 0 1 0 0 0 0 0 0 0 0 0 0 0 0 0 0 0 0 0 0 0 0 0 0 0 0 0 0 0 0 0 0 0 0 0 0 0 0 0 0 0 0 0 0 0 0 0 0 0 0 0 0 0 0]
[627972662721452882764535660725860982647095529429790643863006256894080896879719083553772795836645970551369112934274878019006715293312222258821119591191885891022337577888858040168087258130299806970305292874811133781275016220647840491050475579392480814583741453 0 0 0 0 0 0 0 0 0 0 0 0 0 0 0 0 0 0 0 0 0 0 0 0 0 0 0 0 0 0 0 0 0 1 0 0 0 0 0 0 0 0 0 0 0 0 0 0 0 0 0 0 0 0 0 0 0 0 0 0 0 0 0 0 0 0 0 0 0 0 0 0 0 0 0 0 0 0 0 0 0 0 0 0 0]
[958385249414188773636369495947473687743962750020489482720392953300359646171231196567865533053588079724417094753529711198915358913747836579760829430621473816293085964259862111561444345405106349121063538962741088315313851607217705038015100176127823980044216775 0 0 0 0 0 0 0 0 0 0 0 0 0 0 0 0 0 0 0 0 0 0 0 0 0 0 0 0 0 0 0 0 0 0 1 0 0 0 0 0 0 0 0 0 0 0 0 0 0 0 0 0 0 0 0 0 0 0 0 0 0 0 0 0 0 0 0 0 0 0 0 0 0 0 0 0 0 0 0 0 0 0 0 0 0]
[2087179378264231187912475324604706130074936136752163207365249588631978346729043454939182738053182149337559865315791451326390962668451759862377142472403995567576581430891005449536416902298792167547325983591121872706208128017905084957986174211355842593064042045 0 0 0 0 0 0 0 0 0 0 0 0 0 0 0 0 0 0 0 0 0 0 0 0 0 0 0 0 0 0 0 0 0 0 0 1 0 0 0 0 0 0 0 0 0 0 0 0 0 0 0 0 0 0 0 0 0 0 0 0 0 0 0 0 0 0 0 0 0 0 0 0 0 0 0 0 0 0 0 0 0 0 0 0 0]
[6668456900424861071725438047247139185701124536159497662088465473248367219602965778448560459514120885196477879009637928723944491359856470484485161929051267674051221532961764784719648519861870518956841690767837072276620717971715835405923416370634415770038926776 0 0 0 0 0 0 0 0 0 0 0 0 0 0 0 0 0 0 0 0 0 0 0 0 0 0 0 0 0 0 0 0 0 0 0 0 1 0 0 0 0 0 0 0 0 0 0 0 0 0 0 0 0 0 0 0 0 0 0 0 0 0 0 0 0 0 0 0 0 0 0 0 0 0 0 0 0 0 0 0 0 0 0 0 0]
[2870379177921353942225259913383576277357581936804398313833149703612682470170275901873607151836937749080465089531254783870389029971409367371974726079434806210423345742243244312353541989189248546862817866395101968614180088460063093208610190980615934597736547091 0 0 0 0 0 0 0 0 0 0 0 0 0 0 0 0 0 0 0 0 0 0 0 0 0 0 0 0 0 0 0 0 0 0 0 0 0 1 0 0 0 0 0 0 0 0 0 0 0 0 0 0 0 0 0 0 0 0 0 0 0 0 0 0 0 0 0 0 0 0 0 0 0 0 0 0 0 0 0 0 0 0 0 0 0]
[29024485532152460213426257897088238493143764688918965067348889046029859625914906278464977476199863955122162213666855154588237113562375672551665612309690949373546220229498498790567812826546852696179119876172974888240806564351318570550687421969754747409685889 0 0 0 0 0 0 0 0 0 0 0 0 0 0 0 0 0 0 0 0 0 0 0 0 0 0 0 0 0 0 0 0 0 0 0 0 0 0 1 0 0 0 0 0 0 0 0 0 0 0 0 0 0 0 0 0 0 0 0 0 0 0 0 0 0 0 0 0 0 0 0 0 0 0 0 0 0 0 0 0 0 0 0 0 0]
[5077084048663046476366901488842182143575562053899629934263618202740916181289938805277923637524321236447199866122868595508829546751238197120066831467843333398652271183575421703230292304706309427165790961432567930185472497045997527916385655638417348576377595086 0 0 0 0 0 0 0 0 0 0 0 0 0 0 0 0 0 0 0 0 0 0 0 0 0 0 0 0 0 0 0 0 0 0 0 0 0 0 0 1 0 0 0 0 0 0 0 0 0 0 0 0 0 0 0 0 0 0 0 0 0 0 0 0 0 0 0 0 0 0 0 0 0 0 0 0 0 0 0 0 0 0 0 0 0]
[190087930166637031260936287754263193836858923291618684921068925752155953649177690008037927660928974501811528767253996312562076882234151750323083596525651096068170454086896728190272721247976358497713909514711942190606178083239978138042702439403193716444821429 0 0 0 0 0 0 0 0 0 0 0 0 0 0 0 0 0 0 0 0 0 0 0 0 0 0 0 0 0 0 0 0 0 0 0 0 0 0 0 0 1 0 0 0 0 0 0 0 0 0 0 0 0 0 0 0 0 0 0 0 0 0 0 0 0 0 0 0 0 0 0 0 0 0 0 0 0 0 0 0 0 0 0 0 0]
[3436773964073740844772405807944188673229369257776032209289287547531313589769773287575346719204189787412859644097794277820549049393376702870874798523730780229986359449465252780650526476720370513157987559960303737012922939868135583656742533107979253799473552798 0 0 0 0 0 0 0 0 0 0 0 0 0 0 0 0 0 0 0 0 0 0 0 0 0 0 0 0 0 0 0 0 0 0 0 0 0 0 0 0 0 1 0 0 0 0 0 0 0 0 0 0 0 0 0 0 0 0 0 0 0 0 0 0 0 0 0 0 0 0 0 0 0 0 0 0 0 0 0 0 0 0 0 0 0]
[673482152911755677516191174793808283126755502435983325368930170718640949299602036630646274258253279273698565427231409799266035488605229476711330952171150397600976339977895410910145029724016094132566939662311596375856784075265509458312657247262984482209619053 0 0 0 0 0 0 0 0 0 0 0 0 0 0 0 0 0 0 0 0 0 0 0 0 0 0 0 0 0 0 0 0 0 0 0 0 0 0 0 0 0 0 1 0 0 0 0 0 0 0 0 0 0 0 0 0 0 0 0 0 0 0 0 0 0 0 0 0 0 0 0 0 0 0 0 0 0 0 0 0 0 0 0 0 0]
[1338408106733433605750339322824284861284124161163169758503910905321064803642807763741602615096881070116937497698352939636432762850822210425984201844856115799539400952617328423491790772369334307184364005039650819488518089569531761188104308887864466137334664193 0 0 0 0 0 0 0 0 0 0 0 0 0 0 0 0 0 0 0 0 0 0 0 0 0 0 0 0 0 0 0 0 0 0 0 0 0 0 0 0 0 0 0 1 0 0 0 0 0 0 0 0 0 0 0 0 0 0 0 0 0 0 0 0 0 0 0 0 0 0 0 0 0 0 0 0 0 0 0 0 0 0 0 0 0]
[4498601227041281694416712171008895030543601275207242678204990618469043800767566483539288550804991155683897287269605544897779688480064194040918162364227624668656066822147524600087489434828661063985936370515431558972116901321981752372543706591768157415804921499 0 0 0 0 0 0 0 0 0 0 0 0 0 0 0 0 0 0 0 0 0 0 0 0 0 0 0 0 0 0 0 0 0 0 0 0 0 0 0 0 0 0 0 0 1 0 0 0 0 0 0 0 0 0 0 0 0 0 0 0 0 0 0 0 0 0 0 0 0 0 0 0 0 0 0 0 0 0 0 0 0 0 0 0 0]
[2596981376514896270195359705845406991666708239518971785047795707731743147482769877669882425854188580119789549161084543307506259660665101410953588424750589907589519710473773972511303167727466748266196950403461170780672118653731613543291535628340586618241050519 0 0 0 0 0 0 0 0 0 0 0 0 0 0 0 0 0 0 0 0 0 0 0 0 0 0 0 0 0 0 0 0 0 0 0 0 0 0 0 0 0 0 0 0 0 1 0 0 0 0 0 0 0 0 0 0 0 0 0 0 0 0 0 0 0 0 0 0 0 0 0 0 0 0 0 0 0 0 0 0 0 0 0 0 0]
[4061148776473056474547080608428795273604768168700834688532393172630058226634174654982247351275082197482748057645962535765166583123869166561123980259192941450229452465969166163903945879122099106131795150518698973298427625163542930175804536890115684437779448629 0 0 0 0 0 0 0 0 0 0 0 0 0 0 0 0 0 0 0 0 0 0 0 0 0 0 0 0 0 0 0 0 0 0 0 0 0 0 0 0 0 0 0 0 0 0 1 0 0 0 0 0 0 0 0 0 0 0 0 0 0 0 0 0 0 0 0 0 0 0 0 0 0 0 0 0 0 0 0 0 0 0 0 0 0]
[1919372737371688724038945741374586804295875807110092517049903001336674732747074483315755628127709394553426914559572614489309716002331735089079032945653353128283959478382922915026989206067385117394192643289753905606303393790694711020469981447367196551710160671 0 0 0 0 0 0 0 0 0 0 0 0 0 0 0 0 0 0 0 0 0 0 0 0 0 0 0 0 0 0 0 0 0 0 0 0 0 0 0 0 0 0 0 0 0 0 0 1 0 0 0 0 0 0 0 0 0 0 0 0 0 0 0 0 0 0 0 0 0 0 0 0 0 0 0 0 0 0 0 0 0 0 0 0 0]
[4002625389718559893506839272800979772706428263026326540973145869733715524647728899559809366363340329049582300641663399801501680625398368282803252072317669592976200504835816842539410442034668799610568201680170447672178099712819055159193511494725959852698950112 0 0 0 0 0 0 0 0 0 0 0 0 0 0 0 0 0 0 0 0 0 0 0 0 0 0 0 0 0 0 0 0 0 0 0 0 0 0 0 0 0 0 0 0 0 0 0 0 1 0 0 0 0 0 0 0 0 0 0 0 0 0 0 0 0 0 0 0 0 0 0 0 0 0 0 0 0 0 0 0 0 0 0 0 0]
[6427583270919275161451448965989394502995682988491133300507166989115502827034910973872648800849995641045072976175034973133156736845843933478784432395602478009846503224659011176159353253735418778628250945506813743406429039950011745787965902637494103392045985436 0 0 0 0 0 0 0 0 0 0 0 0 0 0 0 0 0 0 0 0 0 0 0 0 0 0 0 0 0 0 0 0 0 0 0 0 0 0 0 0 0 0 0 0 0 0 0 0 0 1 0 0 0 0 0 0 0 0 0 0 0 0 0 0 0 0 0 0 0 0 0 0 0 0 0 0 0 0 0 0 0 0 0 0 0]
[6710367549679550769578550780230666319200694204460598185771969241597033565593048200887501908070626462337916576809812648822525769445088205351231902486340625318249320772313558816788258725176296794298368978647949181309666421451474043083027692804096529018604560517 0 0 0 0 0 0 0 0 0 0 0 0 0 0 0 0 0 0 0 0 0 0 0 0 0 0 0 0 0 0 0 0 0 0 0 0 0 0 0 0 0 0 0 0 0 0 0 0 0 0 1 0 0 0 0 0 0 0 0 0 0 0 0 0 0 0 0 0 0 0 0 0 0 0 0 0 0 0 0 0 0 0 0 0 0]
[2116258140010472509809128916636838396786574872786319361920789334506720707870557906498695931075132876212267425149624666030546665560822733485210436655018300803826244925592687440844469117290082683149012793038139839652405847531996924437885301959171644635922779844 0 0 0 0 0 0 0 0 0 0 0 0 0 0 0 0 0 0 0 0 0 0 0 0 0 0 0 0 0 0 0 0 0 0 0 0 0 0 0 0 0 0 0 0 0 0 0 0 0 0 0 1 0 0 0 0 0 0 0 0 0 0 0 0 0 0 0 0 0 0 0 0 0 0 0 0 0 0 0 0 0 0 0 0 0]
[1834606279953430245444471627847101199253651416584227191350841843737064644135520472443285777196398880934951064872490033590602846526393742701347853070824937218740641867862075770708789878424103913374890634234850965087751379736347453593854742688689845682600164991 0 0 0 0 0 0 0 0 0 0 0 0 0 0 0 0 0 0 0 0 0 0 0 0 0 0 0 0 0 0 0 0 0 0 0 0 0 0 0 0 0 0 0 0 0 0 0 0 0 0 0 0 1 0 0 0 0 0 0 0 0 0 0 0 0 0 0 0 0 0 0 0 0 0 0 0 0 0 0 0 0 0 0 0 0]
[4705876155414439629098365119407496899717835812236685153064167827991112712597508508102504862821572154558651789944691280326886933643667704982407943958167300359422814630893866392779997372450565444945997563038250677402387467296718012504717049153246415056720578144 0 0 0 0 0 0 0 0 0 0 0 0 0 0 0 0 0 0 0 0 0 0 0 0 0 0 0 0 0 0 0 0 0 0 0 0 0 0 0 0 0 0 0 0 0 0 0 0 0 0 0 0 0 1 0 0 0 0 0 0 0 0 0 0 0 0 0 0 0 0 0 0 0 0 0 0 0 0 0 0 0 0 0 0 0]
[3102080346057603396497830970579965095459658223797456118018365358892205783042877329458480866537207601645012782815980989040667737243084436682004470316427218811192500516581341187012058198786149586458558204788511734181816703214276259496563984401947872880955619079 0 0 0 0 0 0 0 0 0 0 0 0 0 0 0 0 0 0 0 0 0 0 0 0 0 0 0 0 0 0 0 0 0 0 0 0 0 0 0 0 0 0 0 0 0 0 0 0 0 0 0 0 0 0 1 0 0 0 0 0 0 0 0 0 0 0 0 0 0 0 0 0 0 0 0 0 0 0 0 0 0 0 0 0 0]
[2252537051144684112825374630867805400866423172738479416757424358842268979531056244176758575930536868329831684978262032608046443054938924528264444255262889263336255496915674248700966341185229617158182340621687918235529712840444848931626333334994786335484833662 0 0 0 0 0 0 0 0 0 0 0 0 0 0 0 0 0 0 0 0 0 0 0 0 0 0 0 0 0 0 0 0 0 0 0 0 0 0 0 0 0 0 0 0 0 0 0 0 0 0 0 0 0 0 0 1 0 0 0 0 0 0 0 0 0 0 0 0 0 0 0 0 0 0 0 0 0 0 0 0 0 0 0 0 0]
[6158094603119175534173454625786566020336887103689397437049928565124018855101487620720657351921732467454694527830037903568140001784749129245297145963888954485800005556346496644898699061361889834012989038273908205186448923745659454466346120992142510157030347960 0 0 0 0 0 0 0 0 0 0 0 0 0 0 0 0 0 0 0 0 0 0 0 0 0 0 0 0 0 0 0 0 0 0 0 0 0 0 0 0 0 0 0 0 0 0 0 0 0 0 0 0 0 0 0 0 1 0 0 0 0 0 0 0 0 0 0 0 0 0 0 0 0 0 0 0 0 0 0 0 0 0 0 0 0]
[3409351738778333054443532571568528711723463883208117898530308816774840739252618278165702017164098229288371537005686633239973745441610240226081819873176005100587839363063662246675224936775784051005101883419309351979785282388626466427389596664663268735604358508 0 0 0 0 0 0 0 0 0 0 0 0 0 0 0 0 0 0 0 0 0 0 0 0 0 0 0 0 0 0 0 0 0 0 0 0 0 0 0 0 0 0 0 0 0 0 0 0 0 0 0 0 0 0 0 0 0 1 0 0 0 0 0 0 0 0 0 0 0 0 0 0 0 0 0 0 0 0 0 0 0 0 0 0 0]
[5345512975301853504800865402845580552568538750130849082655423263471152049322379082813505161382270987851376629444680127475460105128527304770829033091671664869881437266379745290015849754976395202242999308957824919163259531610979295707518542742286921909570947485 0 0 0 0 0 0 0 0 0 0 0 0 0 0 0 0 0 0 0 0 0 0 0 0 0 0 0 0 0 0 0 0 0 0 0 0 0 0 0 0 0 0 0 0 0 0 0 0 0 0 0 0 0 0 0 0 0 0 1 0 0 0 0 0 0 0 0 0 0 0 0 0 0 0 0 0 0 0 0 0 0 0 0 0 0]
[6252465489361036455856690182553732161902412815421357623518474039560430644597098596718720777942785575774553423291167299080791523727866108357090491413032710474017200542688006730615590928256720043543289641563750675045325228696436339005490333211683367803965753472 0 0 0 0 0 0 0 0 0 0 0 0 0 0 0 0 0 0 0 0 0 0 0 0 0 0 0 0 0 0 0 0 0 0 0 0 0 0 0 0 0 0 0 0 0 0 0 0 0 0 0 0 0 0 0 0 0 0 0 1 0 0 0 0 0 0 0 0 0 0 0 0 0 0 0 0 0 0 0 0 0 0 0 0 0]
[4179573828148714271082414592611536838377018697289411500281974463807664306823313448366735783597792955927984298929400227306148992784132223169059573437015157324436411034347288216097510970140585165503350680890568135031925324506429544176414620091114467794121997237 0 0 0 0 0 0 0 0 0 0 0 0 0 0 0 0 0 0 0 0 0 0 0 0 0 0 0 0 0 0 0 0 0 0 0 0 0 0 0 0 0 0 0 0 0 0 0 0 0 0 0 0 0 0 0 0 0 0 0 0 1 0 0 0 0 0 0 0 0 0 0 0 0 0 0 0 0 0 0 0 0 0 0 0 0]
[144933333913946614498993654977891962114410537506197680387732087706102372365246735137761358633037175936550466320149947391973685319022907591808309945686182556779327866606503270468885475113995150823834032532645598476118450503509297347997528466444305802475101406 0 0 0 0 0 0 0 0 0 0 0 0 0 0 0 0 0 0 0 0 0 0 0 0 0 0 0 0 0 0 0 0 0 0 0 0 0 0 0 0 0 0 0 0 0 0 0 0 0 0 0 0 0 0 0 0 0 0 0 0 0 1 0 0 0 0 0 0 0 0 0 0 0 0 0 0 0 0 0 0 0 0 0 0 0]
[5877293174702624561844760109370556276940746659934851704011497901775676698947743869958977995899946747405898306069601838393328128868639487950121466489000015385439494287373116991190455581749541271721460149963608214560677117652415238353733683740573364337861795211 0 0 0 0 0 0 0 0 0 0 0 0 0 0 0 0 0 0 0 0 0 0 0 0 0 0 0 0 0 0 0 0 0 0 0 0 0 0 0 0 0 0 0 0 0 0 0 0 0 0 0 0 0 0 0 0 0 0 0 0 0 0 1 0 0 0 0 0 0 0 0 0 0 0 0 0 0 0 0 0 0 0 0 0 0]
[1590564081796722383427366823561268652051341470620582334340540024674193503736201240883394744831254008185473208503830908952407781469674119584329851100521552719540492838909147336868049180310457029233775472850110243633259188678709329921045620130865003391378660334 0 0 0 0 0 0 0 0 0 0 0 0 0 0 0 0 0 0 0 0 0 0 0 0 0 0 0 0 0 0 0 0 0 0 0 0 0 0 0 0 0 0 0 0 0 0 0 0 0 0 0 0 0 0 0 0 0 0 0 0 0 0 0 1 0 0 0 0 0 0 0 0 0 0 0 0 0 0 0 0 0 0 0 0 0]
[2516178048635076626629559488739516872947603791051896540421628860619510134310268089070464917666137411274531092829170101056547397449954564777101826447875044255764590207544539975616724145309214147780652566184341747181891728215776216336048174593327723785098020683 0 0 0 0 0 0 0 0 0 0 0 0 0 0 0 0 0 0 0 0 0 0 0 0 0 0 0 0 0 0 0 0 0 0 0 0 0 0 0 0 0 0 0 0 0 0 0 0 0 0 0 0 0 0 0 0 0 0 0 0 0 0 0 0 1 0 0 0 0 0 0 0 0 0 0 0 0 0 0 0 0 0 0 0 0]
[1626204763138873155321018514948626605899799234637777375777352186821052141273173177289411063235006652862118534935398702018326541748287927451959661635028901895572680693286786452771305043526683735132030464736838977538145556242783843698250837517898690226324928482 0 0 0 0 0 0 0 0 0 0 0 0 0 0 0 0 0 0 0 0 0 0 0 0 0 0 0 0 0 0 0 0 0 0 0 0 0 0 0 0 0 0 0 0 0 0 0 0 0 0 0 0 0 0 0 0 0 0 0 0 0 0 0 0 0 1 0 0 0 0 0 0 0 0 0 0 0 0 0 0 0 0 0 0 0]
[432166540756781513060587609392490548413784532255815334952781620590207201730490328304619239187034269001875845155593575810326330022315952159540673461774714626152000121740053547591086232147319516962518261615219406866423363131663800112576189632925514749445671983 0 0 0 0 0 0 0 0 0 0 0 0 0 0 0 0 0 0 0 0 0 0 0 0 0 0 0 0 0 0 0 0 0 0 0 0 0 0 0 0 0 0 0 0 0 0 0 0 0 0 0 0 0 0 0 0 0 0 0 0 0 0 0 0 0 0 1 0 0 0 0 0 0 0 0 0 0 0 0 0 0 0 0 0 0]
[751545856346903701000030753808135763547712699916380505187124274334890602921100534001061411832746537804906550844163445967813042296482089630439144132273429533446175440867132499789924746136115155352640161789978740171859374838538563999535456910022565260040654659 0 0 0 0 0 0 0 0 0 0 0 0 0 0 0 0 0 0 0 0 0 0 0 0 0 0 0 0 0 0 0 0 0 0 0 0 0 0 0 0 0 0 0 0 0 0 0 0 0 0 0 0 0 0 0 0 0 0 0 0 0 0 0 0 0 0 0 1 0 0 0 0 0 0 0 0 0 0 0 0 0 0 0 0 0]
[3952092448466344518207529724668308756889200113116915255668847564279369365389259303989473175593182290703586097036185071709676641812272624216094235457445272696780793016726946929606902353865081132344216574478404924952877573452529425336245758303655032224079888284 0 0 0 0 0 0 0 0 0 0 0 0 0 0 0 0 0 0 0 0 0 0 0 0 0 0 0 0 0 0 0 0 0 0 0 0 0 0 0 0 0 0 0 0 0 0 0 0 0 0 0 0 0 0 0 0 0 0 0 0 0 0 0 0 0 0 0 0 1 0 0 0 0 0 0 0 0 0 0 0 0 0 0 0 0]
[4748249399881723959726706046076427071206035543856699485488347007162045261506156374697306027036671196859318781051786606380219326316800269689238498560580248855410052243982245599032002304671583234307987205941811244427956040826821234041415814303109960290057585504 0 0 0 0 0 0 0 0 0 0 0 0 0 0 0 0 0 0 0 0 0 0 0 0 0 0 0 0 0 0 0 0 0 0 0 0 0 0 0 0 0 0 0 0 0 0 0 0 0 0 0 0 0 0 0 0 0 0 0 0 0 0 0 0 0 0 0 0 0 1 0 0 0 0 0 0 0 0 0 0 0 0 0 0 0]
[747594026251937207370301477432121587938314915270771186002085390591751228467984697859662544116643711993737958668665059592306016925488811763411922528773735556130491334493282953539170639468256559616869368016629674868831252779296262024989816378945821302178223525 0 0 0 0 0 0 0 0 0 0 0 0 0 0 0 0 0 0 0 0 0 0 0 0 0 0 0 0 0 0 0 0 0 0 0 0 0 0 0 0 0 0 0 0 0 0 0 0 0 0 0 0 0 0 0 0 0 0 0 0 0 0 0 0 0 0 0 0 0 0 1 0 0 0 0 0 0 0 0 0 0 0 0 0 0]
[3689280254063156869213251124168586559153617178243996895531326922491300288573550464365044330657036905279387484325186231776712118751482223566384924188231453485980880115807306988066927489822172888755683916445843878156743313988865023077275357785158942666499501245 0 0 0 0 0 0 0 0 0 0 0 0 0 0 0 0 0 0 0 0 0 0 0 0 0 0 0 0 0 0 0 0 0 0 0 0 0 0 0 0 0 0 0 0 0 0 0 0 0 0 0 0 0 0 0 0 0 0 0 0 0 0 0 0 0 0 0 0 0 0 0 1 0 0 0 0 0 0 0 0 0 0 0 0 0]
[445112340415230822376679308244416217427187434774464142187246752871970919123003105967087144974304732514368547461418991332886248078684318418956717715297764086451968851392248694659016667052022893656572458513075821807529216155488289234241281369375015206331940244 0 0 0 0 0 0 0 0 0 0 0 0 0 0 0 0 0 0 0 0 0 0 0 0 0 0 0 0 0 0 0 0 0 0 0 0 0 0 0 0 0 0 0 0 0 0 0 0 0 0 0 0 0 0 0 0 0 0 0 0 0 0 0 0 0 0 0 0 0 0 0 0 1 0 0 0 0 0 0 0 0 0 0 0 0]
[4495963878772778790624890420495545970208602819877840510845967845838139008321670721936094215758976317196323219255582861152368195300939898335933628133946467074364373301485823754077288280317319307965224490770362767742719835459146266256438746332287473918102461833 0 0 0 0 0 0 0 0 0 0 0 0 0 0 0 0 0 0 0 0 0 0 0 0 0 0 0 0 0 0 0 0 0 0 0 0 0 0 0 0 0 0 0 0 0 0 0 0 0 0 0 0 0 0 0 0 0 0 0 0 0 0 0 0 0 0 0 0 0 0 0 0 0 1 0 0 0 0 0 0 0 0 0 0 0]
[2423177812343915401020799960386707288402087821734316373053080311566073811737592013031545296974406304058343488845333285390787207659008146036881965297331943177047951140958577828838352347851770127242215061342733051150418966437028082081514087449590445116979565867 0 0 0 0 0 0 0 0 0 0 0 0 0 0 0 0 0 0 0 0 0 0 0 0 0 0 0 0 0 0 0 0 0 0 0 0 0 0 0 0 0 0 0 0 0 0 0 0 0 0 0 0 0 0 0 0 0 0 0 0 0 0 0 0 0 0 0 0 0 0 0 0 0 0 1 0 0 0 0 0 0 0 0 0 0]
[2562487887309203895154693495427171650697335420054469501280318195254042255309205466782342552208310495019909812901340106355312670635744095598013261233794139084564834326250914718904086081485994282149137402175601847424346728975778588221278171244472120638726984438 0 0 0 0 0 0 0 0 0 0 0 0 0 0 0 0 0 0 0 0 0 0 0 0 0 0 0 0 0 0 0 0 0 0 0 0 0 0 0 0 0 0 0 0 0 0 0 0 0 0 0 0 0 0 0 0 0 0 0 0 0 0 0 0 0 0 0 0 0 0 0 0 0 0 0 1 0 0 0 0 0 0 0 0 0]
[3927928749122809238702685453902921406271084620749114988810538770772790332377294107145811929457254380084930711621392397745858429966620639057087486303650902193213706770277485655481318371644652556024101285429932686054934899458734956759531670164542643598745738555 0 0 0 0 0 0 0 0 0 0 0 0 0 0 0 0 0 0 0 0 0 0 0 0 0 0 0 0 0 0 0 0 0 0 0 0 0 0 0 0 0 0 0 0 0 0 0 0 0 0 0 0 0 0 0 0 0 0 0 0 0 0 0 0 0 0 0 0 0 0 0 0 0 0 0 0 1 0 0 0 0 0 0 0 0]
[2829604610328561143614640315756383909946258239053072898234686236770361040056511553899645295296275392703082148038344685039997444573053813507249923206708078515167428895580121821730846742747521398908710093564103661099264844887164317362977216147539278536713909280 0 0 0 0 0 0 0 0 0 0 0 0 0 0 0 0 0 0 0 0 0 0 0 0 0 0 0 0 0 0 0 0 0 0 0 0 0 0 0 0 0 0 0 0 0 0 0 0 0 0 0 0 0 0 0 0 0 0 0 0 0 0 0 0 0 0 0 0 0 0 0 0 0 0 0 0 0 1 0 0 0 0 0 0 0]
[1431674131973920228087918083512424446016228961225585119160768289337469378092994260446041378206662652756593635881441430058007574065561855033727790912346580669533480312504151442873912147067238657025328502085849892598577537234419405583334114840729842602995763871 0 0 0 0 0 0 0 0 0 0 0 0 0 0 0 0 0 0 0 0 0 0 0 0 0 0 0 0 0 0 0 0 0 0 0 0 0 0 0 0 0 0 0 0 0 0 0 0 0 0 0 0 0 0 0 0 0 0 0 0 0 0 0 0 0 0 0 0 0 0 0 0 0 0 0 0 0 0 1 0 0 0 0 0 0]
[5921486584716995792474352410632128615197695918902362423136379035944968412629110509568721223650197022130335719350341612950315357294213423291399261431812807211296812322935141112931615216370138695261200956594076286041306928274132272973389001131196820720690364594 0 0 0 0 0 0 0 0 0 0 0 0 0 0 0 0 0 0 0 0 0 0 0 0 0 0 0 0 0 0 0 0 0 0 0 0 0 0 0 0 0 0 0 0 0 0 0 0 0 0 0 0 0 0 0 0 0 0 0 0 0 0 0 0 0 0 0 0 0 0 0 0 0 0 0 0 0 0 0 1 0 0 0 0 0]
[6615068097701649724238763022401063601240037717409672275918029162903362725566661689040556047638787554467623390582415216414887428295567494743877103991423444675410620469331031054891340843778578727828016913228478573722987468330526318049908273032474479789754107908 0 0 0 0 0 0 0 0 0 0 0 0 0 0 0 0 0 0 0 0 0 0 0 0 0 0 0 0 0 0 0 0 0 0 0 0 0 0 0 0 0 0 0 0 0 0 0 0 0 0 0 0 0 0 0 0 0 0 0 0 0 0 0 0 0 0 0 0 0 0 0 0 0 0 0 0 0 0 0 0 1 0 0 0 0]
[2070086504866923608175046667929276795160769530298816074528292698082902910842043095075352897827904725833120698005343354354394858336007534504123768898837373177957800560240422718943961229694329338066712125340653106253004393067438166928047315625395555346549988773 0 0 0 0 0 0 0 0 0 0 0 0 0 0 0 0 0 0 0 0 0 0 0 0 0 0 0 0 0 0 0 0 0 0 0 0 0 0 0 0 0 0 0 0 0 0 0 0 0 0 0 0 0 0 0 0 0 0 0 0 0 0 0 0 0 0 0 0 0 0 0 0 0 0 0 0 0 0 0 0 0 1 0 0 0]
[4021550186408995819633073029130332730826641806383673558962414152090929815508973171018652493723352735562592876896562665115332697382603470339807418510041620131330501677136959026644168822278938134310191442545843907005314284046530653385162241952788617322902225769 0 0 0 0 0 0 0 0 0 0 0 0 0 0 0 0 0 0 0 0 0 0 0 0 0 0 0 0 0 0 0 0 0 0 0 0 0 0 0 0 0 0 0 0 0 0 0 0 0 0 0 0 0 0 0 0 0 0 0 0 0 0 0 0 0 0 0 0 0 0 0 0 0 0 0 0 0 0 0 0 0 0 1 0 0]
[3461287735562506499340414785122459053827282183286665900089981729999707036330274257994422276213956119328713866216068794887609206715584006501330948279650447020223710208618708812672732960581416983618397050106124747351105276236927014910877032376667384614171480090 0 0 0 0 0 0 0 0 0 0 0 0 0 0 0 0 0 0 0 0 0 0 0 0 0 0 0 0 0 0 0 0 0 0 0 0 0 0 0 0 0 0 0 0 0 0 0 0 0 0 0 0 0 0 0 0 0 0 0 0 0 0 0 0 0 0 0 0 0 0 0 0 0 0 0 0 0 0 0 0 0 0 0 1 0]
[6145149476549219099760929978946554451357160376041840979663237297822778369020706941511037014154020774412962572593322697946203602933436123287651313419378852644015748547835150847135274333747624580540857394211244814416344069403393935692412637309002020477022524349 0 0 0 0 0 0 0 0 0 0 0 0 0 0 0 0 0 0 0 0 0 0 0 0 0 0 0 0 0 0 0 0 0 0 0 0 0 0 0 0 0 0 0 0 0 0 0 0 0 0 0 0 0 0 0 0 0 0 0 0 0 0 0 0 0 0 0 0 0 0 0 0 0 0 0 0 0 0 0 0 0 0 0 0 1]
]
