[[6934023307848455773449656926298170742562010747394365292749148437319986248814564450022248838532888901769592451172069415761643764628142961618830071613501350935671629476547238048236657300191167998784877000261295260738843560379421135857978947514284443089980555783700237639034910589 0 0 0 0 0 0 0 0 0 0 0 0 0 0 0 0 0 0 0 0 0 0 0 0 0 0 0 0 0 0 0 0 0 0 0 0 0 0 0 0 0 0 0 0 0 0 0 0 0 0 0 0 0 0 0 0 0 0 0 0 0 0 0 0 0 0 0 0 0 0 0 0 0 0 0 0 0 0 0 0 0 0 0 0 0 0 0 0 0 0 0]
[5091630250734035086280270233733541402572803899908778029844277720124848827364044572542997438392081411172489198218217176870528044533758093522528320257663742002688485147062591389295417790146409073266700300041523059988375415445694132918944249039905894779194406999414700788211172096 1 0 0 0 0 0 0 0 0 0 0 0 0 0 0 0 0 0 0 0 0 0 0 0 0 0 0 0 0 0 0 0 0 0 0 0 0 0 0 0 0 0 0 0 0 0 0 0 0 0 0 0 0 0 0 0 0 0 0 0 0 0 0 0 0 0 0 0 0 0 0 0 0 0 0 0 0 0 0 0 0 0 0 0 0 0 0 0 0 0 0]
[2890562031937277843647261469283211221432204190956847647108294405930576092935393660742339197344816902772398671489437333444137936947844514837627827550655119350226526065431081224879645562480361672407608979993952601247397499925101495905654839458040984767306546743488329352212398586 0 1 0 0 0 0 0 0 0 0 0 0 0 0 0 0 0 0 0 0 0 0 0 0 0 0 0 0 0 0 0 0 0 0 0 0 0 0 0 0 0 0 0 0 0 0 0 0 0 0 0 0 0 0 0 0 0 0 0 0 0 0 0 0 0 0 0 0 0 0 0 0 0 0 0 0 0 0 0 0 0 0 0 0 0 0 0 0 0 0 0]
[168737177347598791612366176728168123920307271649613972225589914358121066284290500506554156738422113280292027227054668901505194445895028311107286425176475515136925454354201394431375423432703861205281322149821642844554269263990565187673278318106493587895072218865373353595555964 0 0 1 0 0 0 0 0 0 0 0 0 0 0 0 0 0 0 0 0 0 0 0 0 0 0 0 0 0 0 0 0 0 0 0 0 0 0 0 0 0 0 0 0 0 0 0 0 0 0 0 0 0 0 0 0 0 0 0 0 0 0 0 0 0 0 0 0 0 0 0 0 0 0 0 0 0 0 0 0 0 0 0 0 0 0 0 0 0 0 0]
[242649454374095499594983887313133750720072257239847079084603684495878759107668623620984291088155757213829536458164978998179131703890703165422295241263870179230819617258300104967881278062960556249085025064102016390396993556829695298654215171484956917865783225302364481671973284 0 0 0 1 0 0 0 0 0 0 0 0 0 0 0 0 0 0 0 0 0 0 0 0 0 0 0 0 0 0 0 0 0 0 0 0 0 0 0 0 0 0 0 0 0 0 0 0 0 0 0 0 0 0 0 0 0 0 0 0 0 0 0 0 0 0 0 0 0 0 0 0 0 0 0 0 0 0 0 0 0 0 0 0 0 0 0 0 0 0 0]
[4968475989286950053820065274822048780205526181304815161884720461717098494295335275085820827443837810564688093126448218167313121246779044479395670151125284056652699949609170394559959012254970619182428994833712350707318850315257275340283727248427884917502705319382283061060487067 0 0 0 0 1 0 0 0 0 0 0 0 0 0 0 0 0 0 0 0 0 0 0 0 0 0 0 0 0 0 0 0 0 0 0 0 0 0 0 0 0 0 0 0 0 0 0 0 0 0 0 0 0 0 0 0 0 0 0 0 0 0 0 0 0 0 0 0 0 0 0 0 0 0 0 0 0 0 0 0 0 0 0 0 0 0 0 0 0 0 0]
[1531530209482325682416526960465770828296083287121718969066676503064916295955039207223286186519338781720438362207260199425044401650456151246643875396949615996275665838017942731540424509861992838636683374289307037281428367766885410736916365657050584922213422555286703369410374501 0 0 0 0 0 1 0 0 0 0 0 0 0 0 0 0 0 0 0 0 0 0 0 0 0 0 0 0 0 0 0 0 0 0 0 0 0 0 0 0 0 0 0 0 0 0 0 0 0 0 0 0 0 0 0 0 0 0 0 0 0 0 0 0 0 0 0 0 0 0 0 0 0 0 0 0 0 0 0 0 0 0 0 0 0 0 0 0 0 0 0]
[290813566513141386744579269581294679874893006550819482420679175906537405738922648839799589128631725938058636546052438801853712116324836952062323193727290828630720756156371597206043094361105576480389044538697509103035538352397047329043208304544057386984558107464787834766975429 0 0 0 0 0 0 1 0 0 0 0 0 0 0 0 0 0 0 0 0 0 0 0 0 0 0 0 0 0 0 0 0 0 0 0 0 0 0 0 0 0 0 0 0 0 0 0 0 0 0 0 0 0 0 0 0 0 0 0 0 0 0 0 0 0 0 0 0 0 0 0 0 0 0 0 0 0 0 0 0 0 0 0 0 0 0 0 0 0 0 0]
[3933420624816341133636524774615227688170558632130900449813923308203613370876923871101018915413101825133661786052494596723345473286342548019443567417456235032796141608843088945660308155146925804258904278833688727906811703316817832235771119054121686871240629932765428098892174428 0 0 0 0 0 0 0 1 0 0 0 0 0 0 0 0 0 0 0 0 0 0 0 0 0 0 0 0 0 0 0 0 0 0 0 0 0 0 0 0 0 0 0 0 0 0 0 0 0 0 0 0 0 0 0 0 0 0 0 0 0 0 0 0 0 0 0 0 0 0 0 0 0 0 0 0 0 0 0 0 0 0 0 0 0 0 0 0 0 0 0]
[5260551685827879127923606567780486881103737501292085096230680800439524432646008062832669804462473589853442350528761699969109589450198973645525911215980965754185446376463963429912911664789584542207136874036840411878894151691605551587667653911080475093593285467960486525276520674 0 0 0 0 0 0 0 0 1 0 0 0 0 0 0 0 0 0 0 0 0 0 0 0 0 0 0 0 0 0 0 0 0 0 0 0 0 0 0 0 0 0 0 0 0 0 0 0 0 0 0 0 0 0 0 0 0 0 0 0 0 0 0 0 0 0 0 0 0 0 0 0 0 0 0 0 0 0 0 0 0 0 0 0 0 0 0 0 0 0 0]
[5129458211625738255946353858500387128759794225465046407360661852144780359167712315698572872451928223825439046100583905438230901882322012885511420028409796152928188138344382208233884709341029271920765447392132187326319130104361333175615311516808927684749836492180446339401427586 0 0 0 0 0 0 0 0 0 1 0 0 0 0 0 0 0 0 0 0 0 0 0 0 0 0 0 0 0 0 0 0 0 0 0 0 0 0 0 0 0 0 0 0 0 0 0 0 0 0 0 0 0 0 0 0 0 0 0 0 0 0 0 0 0 0 0 0 0 0 0 0 0 0 0 0 0 0 0 0 0 0 0 0 0 0 0 0 0 0 0]
[5409555733226595475566810512449679518664178852549952240177094607373033827773868384465647291611271643720027047188455363244993022658025016478911555123285840185489905517709106618000587906962725143715616602010668205984937694059415519015938808970375236281784903868381714934479692214 0 0 0 0 0 0 0 0 0 0 1 0 0 0 0 0 0 0 0 0 0 0 0 0 0 0 0 0 0 0 0 0 0 0 0 0 0 0 0 0 0 0 0 0 0 0 0 0 0 0 0 0 0 0 0 0 0 0 0 0 0 0 0 0 0 0 0 0 0 0 0 0 0 0 0 0 0 0 0 0 0 0 0 0 0 0 0 0 0 0 0]
[793144771506092527302824947531609813319693700105605940451408076301825165024351686795036605722590923847706430084005359557778256121988588319805731928328224150254272549458148915793939972988330819774523064578434318178751781748728616019433049369851510807324024922869746971481673603 0 0 0 0 0 0 0 0 0 0 0 1 0 0 0 0 0 0 0 0 0 0 0 0 0 0 0 0 0 0 0 0 0 0 0 0 0 0 0 0 0 0 0 0 0 0 0 0 0 0 0 0 0 0 0 0 0 0 0 0 0 0 0 0 0 0 0 0 0 0 0 0 0 0 0 0 0 0 0 0 0 0 0 0 0 0 0 0 0 0 0]
[4022176977085457605000396623660234165298651172468517210648708141549490777004262500216965328277302145147852049561237490272244309683016745172933805104133956266820790346551004451184870447120845519515774048042766270496922264191170851987016923783407037736172047592516691045713099723 0 0 0 0 0 0 0 0 0 0 0 0 1 0 0 0 0 0 0 0 0 0 0 0 0 0 0 0 0 0 0 0 0 0 0 0 0 0 0 0 0 0 0 0 0 0 0 0 0 0 0 0 0 0 0 0 0 0 0 0 0 0 0 0 0 0 0 0 0 0 0 0 0 0 0 0 0 0 0 0 0 0 0 0 0 0 0 0 0 0 0]
[4918625934301309393755457793782468900643054497776543619522619467607356399874537926076317600118092772203120350805650619373042427426924307380295064841351871821690154757592106944700689254574810908051678208254958460665868114107239783104952714837536421060184531782056248227870752926 0 0 0 0 0 0 0 0 0 0 0 0 0 1 0 0 0 0 0 0 0 0 0 0 0 0 0 0 0 0 0 0 0 0 0 0 0 0 0 0 0 0 0 0 0 0 0 0 0 0 0 0 0 0 0 0 0 0 0 0 0 0 0 0 0 0 0 0 0 0 0 0 0 0 0 0 0 0 0 0 0 0 0 0 0 0 0 0 0 0 0]
[909506592412161528541135316200381786046925915964928115141933268233978875069362376298740716724767213059682185610231724890259816793995899486271350635708784068355008466644176451769561045974650094083442770854857512298500940669820771470912735822604220065908587563403816305599857013 0 0 0 0 0 0 0 0 0 0 0 0 0 0 1 0 0 0 0 0 0 0 0 0 0 0 0 0 0 0 0 0 0 0 0 0 0 0 0 0 0 0 0 0 0 0 0 0 0 0 0 0 0 0 0 0 0 0 0 0 0 0 0 0 0 0 0 0 0 0 0 0 0 0 0 0 0 0 0 0 0 0 0 0 0 0 0 0 0 0 0]
[2834721610126413031341105168866341825296075426427770010220936796725814351762621788224941725852023997580171448497772271865133945309893937955906906744670852823767529785928381688163606301735159306587716798038066635950429508061359526982483087474278129451952179463274232872268512333 0 0 0 0 0 0 0 0 0 0 0 0 0 0 0 1 0 0 0 0 0 0 0 0 0 0 0 0 0 0 0 0 0 0 0 0 0 0 0 0 0 0 0 0 0 0 0 0 0 0 0 0 0 0 0 0 0 0 0 0 0 0 0 0 0 0 0 0 0 0 0 0 0 0 0 0 0 0 0 0 0 0 0 0 0 0 0 0 0 0 0]
[2014913357687586529920912546798034653949597847180656185637380383362380716297153929248657960654809238430807805079005303589609471885559045057957752246153227917280565405313210806889064153176545586697305975119694811866382651035107734208487145723869939815760378254328223572473580771 0 0 0 0 0 0 0 0 0 0 0 0 0 0 0 0 1 0 0 0 0 0 0 0 0 0 0 0 0 0 0 0 0 0 0 0 0 0 0 0 0 0 0 0 0 0 0 0 0 0 0 0 0 0 0 0 0 0 0 0 0 0 0 0 0 0 0 0 0 0 0 0 0 0 0 0 0 0 0 0 0 0 0 0 0 0 0 0 0 0 0]
[6765129948664073746606422864568104793409556322449745627959272862360525654402869240101768888224656933511634531701547759411094099691300457207897194857946231567825491774016683036304502177202975684793207339069082749828702168700910857806066100739195534757461078275840430020899266231 0 0 0 0 0 0 0 0 0 0 0 0 0 0 0 0 0 1 0 0 0 0 0 0 0 0 0 0 0 0 0 0 0 0 0 0 0 0 0 0 0 0 0 0 0 0 0 0 0 0 0 0 0 0 0 0 0 0 0 0 0 0 0 0 0 0 0 0 0 0 0 0 0 0 0 0 0 0 0 0 0 0 0 0 0 0 0 0 0 0 0]
[3107080910843232130950716491861553623956145320901672065107225750318223272213810533102217177146536304937359128019831221550235706109448116353332673113942178496569977436832548317406360736991742879802746043202701750929875869502601055260185978210254395521902321685749024940081887120 0 0 0 0 0 0 0 0 0 0 0 0 0 0 0 0 0 0 1 0 0 0 0 0 0 0 0 0 0 0 0 0 0 0 0 0 0 0 0 0 0 0 0 0 0 0 0 0 0 0 0 0 0 0 0 0 0 0 0 0 0 0 0 0 0 0 0 0 0 0 0 0 0 0 0 0 0 0 0 0 0 0 0 0 0 0 0 0 0 0 0]
[644220965271961857340591831413858708517787608752804667961840372538427059573452860014741707685264389688094216563260457247076955521707076033104184664982844275766831989566309913627919351853121398492048127879846959361124744426341612200419678736859289385755118488664914665079542350 0 0 0 0 0 0 0 0 0 0 0 0 0 0 0 0 0 0 0 1 0 0 0 0 0 0 0 0 0 0 0 0 0 0 0 0 0 0 0 0 0 0 0 0 0 0 0 0 0 0 0 0 0 0 0 0 0 0 0 0 0 0 0 0 0 0 0 0 0 0 0 0 0 0 0 0 0 0 0 0 0 0 0 0 0 0 0 0 0 0 0]
[6144635677974753085918616799701497865041173322259904515051672396693492935258261517830967645475385558235052977500326829394811014801880334315039404665840476228879543694630715189626661937393703326259257653330171567907688403888973697619425068618948485119793518589922746899232987832 0 0 0 0 0 0 0 0 0 0 0 0 0 0 0 0 0 0 0 0 1 0 0 0 0 0 0 0 0 0 0 0 0 0 0 0 0 0 0 0 0 0 0 0 0 0 0 0 0 0 0 0 0 0 0 0 0 0 0 0 0 0 0 0 0 0 0 0 0 0 0 0 0 0 0 0 0 0 0 0 0 0 0 0 0 0 0 0 0 0 0]
[15449621466902560660536670131844446159080599118087229049158513540812060489515068562377838650993196831091715142118816142709982006884294510138648632479796579493566840934557467541595215481921037628070388966142895246165623802364632229780918462301475214211321031229248824957966953 0 0 0 0 0 0 0 0 0 0 0 0 0 0 0 0 0 0 0 0 0 1 0 0 0 0 0 0 0 0 0 0 0 0 0 0 0 0 0 0 0 0 0 0 0 0 0 0 0 0 0 0 0 0 0 0 0 0 0 0 0 0 0 0 0 0 0 0 0 0 0 0 0 0 0 0 0 0 0 0 0 0 0 0 0 0 0 0 0 0 0]
[5834385143303733929531750971143398938541474554775050847233911885214298313865542967754592322996509725932671132844953450228469085890403371514422877193031124541145426808196509111667896776661849720737499107600271043759734674932703027285819891510062152245908525330978480087590322663 0 0 0 0 0 0 0 0 0 0 0 0 0 0 0 0 0 0 0 0 0 0 1 0 0 0 0 0 0 0 0 0 0 0 0 0 0 0 0 0 0 0 0 0 0 0 0 0 0 0 0 0 0 0 0 0 0 0 0 0 0 0 0 0 0 0 0 0 0 0 0 0 0 0 0 0 0 0 0 0 0 0 0 0 0 0 0 0 0 0 0]
[41806349188511724226248772664245173398322296580454735923055200633469701015437427317886135086898855466521348747365238702109462912194021861872958956170976666742547698679193968901751565011342699210367974480100967641860930380549674441600831481908202693453230277643552841642590552 0 0 0 0 0 0 0 0 0 0 0 0 0 0 0 0 0 0 0 0 0 0 0 1 0 0 0 0 0 0 0 0 0 0 0 0 0 0 0 0 0 0 0 0 0 0 0 0 0 0 0 0 0 0 0 0 0 0 0 0 0 0 0 0 0 0 0 0 0 0 0 0 0 0 0 0 0 0 0 0 0 0 0 0 0 0 0 0 0 0 0]
[5740627000178295955831733890044949801856061530792187006246773133631166409463161530548031777899775327106554799869221178699780928411679833790925344208036699311588310219834858721459976541269701178269903395577353343066644197807520360731956488846043633822992927546595439244154124084 0 0 0 0 0 0 0 0 0 0 0 0 0 0 0 0 0 0 0 0 0 0 0 0 1 0 0 0 0 0 0 0 0 0 0 0 0 0 0 0 0 0 0 0 0 0 0 0 0 0 0 0 0 0 0 0 0 0 0 0 0 0 0 0 0 0 0 0 0 0 0 0 0 0 0 0 0 0 0 0 0 0 0 0 0 0 0 0 0 0 0]
[3082605237542916593807594343135315872068002662710461890803503461713826085704092108914013299152235334912231820096289760089523437956547764546411170789900674068797920495279164752345497385570921739245320661007658467322050743459890298459680074678792041702497358730337904255259362678 0 0 0 0 0 0 0 0 0 0 0 0 0 0 0 0 0 0 0 0 0 0 0 0 0 1 0 0 0 0 0 0 0 0 0 0 0 0 0 0 0 0 0 0 0 0 0 0 0 0 0 0 0 0 0 0 0 0 0 0 0 0 0 0 0 0 0 0 0 0 0 0 0 0 0 0 0 0 0 0 0 0 0 0 0 0 0 0 0 0 0]
[3445904254894236665215061369978190130275755218828601610239045507399105048176763068503280902879284382246642989730337063175034939521092323019057360828408772195616239451255609716575382804691753672224629216024279287105402479905267127397258572346950916917813595352680855511962038773 0 0 0 0 0 0 0 0 0 0 0 0 0 0 0 0 0 0 0 0 0 0 0 0 0 0 1 0 0 0 0 0 0 0 0 0 0 0 0 0 0 0 0 0 0 0 0 0 0 0 0 0 0 0 0 0 0 0 0 0 0 0 0 0 0 0 0 0 0 0 0 0 0 0 0 0 0 0 0 0 0 0 0 0 0 0 0 0 0 0 0]
[6391749872571850850536177653435881274071503596072333608361090381471762372678761373556580272116709495330989617951267235947222405099245113700483059441306891365070989573547740587939000978506730304684860943193548206662456708721796921649141536102767941012962073122263856617725742078 0 0 0 0 0 0 0 0 0 0 0 0 0 0 0 0 0 0 0 0 0 0 0 0 0 0 0 1 0 0 0 0 0 0 0 0 0 0 0 0 0 0 0 0 0 0 0 0 0 0 0 0 0 0 0 0 0 0 0 0 0 0 0 0 0 0 0 0 0 0 0 0 0 0 0 0 0 0 0 0 0 0 0 0 0 0 0 0 0 0 0]
[6188371020615637593353006349280698564628580106495424509917388398273697125524490521531237168228617990586364923041019286211360050412699952736309086954415180405140310832838274797161921411861553570194510837916235865973086020164587426581573168926551874851473975416105526461707759719 0 0 0 0 0 0 0 0 0 0 0 0 0 0 0 0 0 0 0 0 0 0 0 0 0 0 0 0 1 0 0 0 0 0 0 0 0 0 0 0 0 0 0 0 0 0 0 0 0 0 0 0 0 0 0 0 0 0 0 0 0 0 0 0 0 0 0 0 0 0 0 0 0 0 0 0 0 0 0 0 0 0 0 0 0 0 0 0 0 0 0]
[2897322084741898934985993647849899306651028065792089239009781824093752845688602649274828366121190388607480061252988017983333651363882665099311444204021775438714331713314988664633366768376469123728308943405152503149471430793004057710126261933729113458708076360159989526683933415 0 0 0 0 0 0 0 0 0 0 0 0 0 0 0 0 0 0 0 0 0 0 0 0 0 0 0 0 0 1 0 0 0 0 0 0 0 0 0 0 0 0 0 0 0 0 0 0 0 0 0 0 0 0 0 0 0 0 0 0 0 0 0 0 0 0 0 0 0 0 0 0 0 0 0 0 0 0 0 0 0 0 0 0 0 0 0 0 0 0 0]
[4050140652039173582641676441420564335590722488801799223846023586911467993339474618893861192069434192156216525714060216889918822627629924068143578658890422500278587594418878509221844280692554153595546627582734195167458250163138485932733563736046007298390741625461925586850880313 0 0 0 0 0 0 0 0 0 0 0 0 0 0 0 0 0 0 0 0 0 0 0 0 0 0 0 0 0 0 1 0 0 0 0 0 0 0 0 0 0 0 0 0 0 0 0 0 0 0 0 0 0 0 0 0 0 0 0 0 0 0 0 0 0 0 0 0 0 0 0 0 0 0 0 0 0 0 0 0 0 0 0 0 0 0 0 0 0 0 0]
[6131993878959731154697860992421614772919444426194019415685527364048269662421818545526846498203307498128420858520082466908066109691609381000611169121434805711844093068531462431537086446564113420539752111010063829920525938922262188288245875600317659788557295381424892917075239218 0 0 0 0 0 0 0 0 0 0 0 0 0 0 0 0 0 0 0 0 0 0 0 0 0 0 0 0 0 0 0 1 0 0 0 0 0 0 0 0 0 0 0 0 0 0 0 0 0 0 0 0 0 0 0 0 0 0 0 0 0 0 0 0 0 0 0 0 0 0 0 0 0 0 0 0 0 0 0 0 0 0 0 0 0 0 0 0 0 0 0]
[2008758056238648761004311493181345328511197791268335853165992142744380162970755697968835587074452684569480088027600183006023247999128419929894507472989680805641141790564668522325748985004537085038789727870345696312222618474778775221047383336265402065476557594786013445994890533 0 0 0 0 0 0 0 0 0 0 0 0 0 0 0 0 0 0 0 0 0 0 0 0 0 0 0 0 0 0 0 0 1 0 0 0 0 0 0 0 0 0 0 0 0 0 0 0 0 0 0 0 0 0 0 0 0 0 0 0 0 0 0 0 0 0 0 0 0 0 0 0 0 0 0 0 0 0 0 0 0 0 0 0 0 0 0 0 0 0 0]
[1502232469186657639462700455975696239880376410122833003699138814784602362920034821700157084416571140186677932204904191920041474351574796296119923334996108930251657603989155091956797082229268077412176555687188445934153669758088849730724658275721485481838652023222612949312527464 0 0 0 0 0 0 0 0 0 0 0 0 0 0 0 0 0 0 0 0 0 0 0 0 0 0 0 0 0 0 0 0 0 1 0 0 0 0 0 0 0 0 0 0 0 0 0 0 0 0 0 0 0 0 0 0 0 0 0 0 0 0 0 0 0 0 0 0 0 0 0 0 0 0 0 0 0 0 0 0 0 0 0 0 0 0 0 0 0 0 0]
[1883845316344162524642604072418514291912627211824186407642493707555288334687453811961471771365805118111057508133148169780173718523789993268218495630862181709366989731056823951445476256399179183162761741943993495335424276558350376527603977599169674999353458185332530188213554955 0 0 0 0 0 0 0 0 0 0 0 0 0 0 0 0 0 0 0 0 0 0 0 0 0 0 0 0 0 0 0 0 0 0 1 0 0 0 0 0 0 0 0 0 0 0 0 0 0 0 0 0 0 0 0 0 0 0 0 0 0 0 0 0 0 0 0 0 0 0 0 0 0 0 0 0 0 0 0 0 0 0 0 0 0 0 0 0 0 0 0]
[6548252428893839464639378148231280340126572986117179460799934972825588951470835121256651289064955158836234020610814705917094461642645958771896854302579418343502665070047770823820801875635319613244851286520849143357158314013650783283714148151925956295923943067167921243792827038 0 0 0 0 0 0 0 0 0 0 0 0 0 0 0 0 0 0 0 0 0 0 0 0 0 0 0 0 0 0 0 0 0 0 0 1 0 0 0 0 0 0 0 0 0 0 0 0 0 0 0 0 0 0 0 0 0 0 0 0 0 0 0 0 0 0 0 0 0 0 0 0 0 0 0 0 0 0 0 0 0 0 0 0 0 0 0 0 0 0 0]
[6688469452855064765865928162723322111390493906800125771250829329390390412853789066835432581050250097649788483149196254052828644050935210686850431404459026277638306939426750023385431779760824441202713592247411611614350753065923010757036294021925479137723097568490953568158660490 0 0 0 0 0 0 0 0 0 0 0 0 0 0 0 0 0 0 0 0 0 0 0 0 0 0 0 0 0 0 0 0 0 0 0 0 1 0 0 0 0 0 0 0 0 0 0 0 0 0 0 0 0 0 0 0 0 0 0 0 0 0 0 0 0 0 0 0 0 0 0 0 0 0 0 0 0 0 0 0 0 0 0 0 0 0 0 0 0 0 0]
[4126770252068603698252821590173694789498679076149271988040869194785343392532855390830795896934024546820220933863849306468604531088111432613616706470552950821172472197635759070145146647662129544422408011004052280890242018094750768768264351580937623572644477555420195577072424965 0 0 0 0 0 0 0 0 0 0 0 0 0 0 0 0 0 0 0 0 0 0 0 0 0 0 0 0 0 0 0 0 0 0 0 0 0 1 0 0 0 0 0 0 0 0 0 0 0 0 0 0 0 0 0 0 0 0 0 0 0 0 0 0 0 0 0 0 0 0 0 0 0 0 0 0 0 0 0 0 0 0 0 0 0 0 0 0 0 0 0]
[6332581757326499144630453804979923031770461171258213638621137868377064144682789789324094459365688091601153833581849900107334233716690088663320728529616486233481425495430390246052558085866779050718975420340266623553903586449836906665137329723233894214841589311561440616294028920 0 0 0 0 0 0 0 0 0 0 0 0 0 0 0 0 0 0 0 0 0 0 0 0 0 0 0 0 0 0 0 0 0 0 0 0 0 0 1 0 0 0 0 0 0 0 0 0 0 0 0 0 0 0 0 0 0 0 0 0 0 0 0 0 0 0 0 0 0 0 0 0 0 0 0 0 0 0 0 0 0 0 0 0 0 0 0 0 0 0 0]
[5523265218806157642383244966077382863348780714095409682576326932240879680409730467825502707602166541650239898697385000625891148432286950941088501915575741732048345618154791216641666987388169964033604811498625297566940732093286086953288930167226617943624755805631521870958169045 0 0 0 0 0 0 0 0 0 0 0 0 0 0 0 0 0 0 0 0 0 0 0 0 0 0 0 0 0 0 0 0 0 0 0 0 0 0 0 1 0 0 0 0 0 0 0 0 0 0 0 0 0 0 0 0 0 0 0 0 0 0 0 0 0 0 0 0 0 0 0 0 0 0 0 0 0 0 0 0 0 0 0 0 0 0 0 0 0 0 0]
[1810679174326549983769039533067386993308328391373868964580787911039607300997574904893183804118801632914487246192009278065932402757227203617988307179103695017685721364309174386177303807771049062863754674976904597132401052921480859881694779883480770568839081425787958161953078543 0 0 0 0 0 0 0 0 0 0 0 0 0 0 0 0 0 0 0 0 0 0 0 0 0 0 0 0 0 0 0 0 0 0 0 0 0 0 0 0 1 0 0 0 0 0 0 0 0 0 0 0 0 0 0 0 0 0 0 0 0 0 0 0 0 0 0 0 0 0 0 0 0 0 0 0 0 0 0 0 0 0 0 0 0 0 0 0 0 0 0]
[1577664348704108869124619570393255431888138788235630512283232320116976520150272525146169572411805172641256590989514216439063523416672806380419038230786328544014014101707818120728156096093044562355159942079614829581246166489281994101434130799921607107167058965451375451042567919 0 0 0 0 0 0 0 0 0 0 0 0 0 0 0 0 0 0 0 0 0 0 0 0 0 0 0 0 0 0 0 0 0 0 0 0 0 0 0 0 0 1 0 0 0 0 0 0 0 0 0 0 0 0 0 0 0 0 0 0 0 0 0 0 0 0 0 0 0 0 0 0 0 0 0 0 0 0 0 0 0 0 0 0 0 0 0 0 0 0 0]
[4151896817024421356227828390642583027752025031963551298036621068825881727243231643871410154262362037690406330756849368390173840743440810757806325411321252171989385495096172513483569604640266084140297686662661626483291254048540703618003382991959598654390766695695260415097046169 0 0 0 0 0 0 0 0 0 0 0 0 0 0 0 0 0 0 0 0 0 0 0 0 0 0 0 0 0 0 0 0 0 0 0 0 0 0 0 0 0 0 1 0 0 0 0 0 0 0 0 0 0 0 0 0 0 0 0 0 0 0 0 0 0 0 0 0 0 0 0 0 0 0 0 0 0 0 0 0 0 0 0 0 0 0 0 0 0 0 0]
[4867137432614168491706340010063138538415903091473106602336448855987959551740179412593436813562786762390839913594771680402308790978727520832750931667088747868769801503032415066841254558307350056892752794548279783669103886590598130390228676449626260390212931524608025476770095193 0 0 0 0 0 0 0 0 0 0 0 0 0 0 0 0 0 0 0 0 0 0 0 0 0 0 0 0 0 0 0 0 0 0 0 0 0 0 0 0 0 0 0 1 0 0 0 0 0 0 0 0 0 0 0 0 0 0 0 0 0 0 0 0 0 0 0 0 0 0 0 0 0 0 0 0 0 0 0 0 0 0 0 0 0 0 0 0 0 0 0]
[475316951960690945321553813614443076059708340827123890848998586819831511198581731657572618830633167548793193492571266510134227253170995097064568506102002504270639601423912309721667168475098778087738837691067835589038305426105030896690963297883920937452181062072634462403981823 0 0 0 0 0 0 0 0 0 0 0 0 0 0 0 0 0 0 0 0 0 0 0 0 0 0 0 0 0 0 0 0 0 0 0 0 0 0 0 0 0 0 0 0 1 0 0 0 0 0 0 0 0 0 0 0 0 0 0 0 0 0 0 0 0 0 0 0 0 0 0 0 0 0 0 0 0 0 0 0 0 0 0 0 0 0 0 0 0 0 0]
[3178280214226318159248109028286575462056460461146314189988949088734425296340260797811012839754343502446397729876392303470379350671896081972683205140285857098535989066087719695850744618873657147774877953137210058907176683745188523950616099691616300453011142424166378676983716049 0 0 0 0 0 0 0 0 0 0 0 0 0 0 0 0 0 0 0 0 0 0 0 0 0 0 0 0 0 0 0 0 0 0 0 0 0 0 0 0 0 0 0 0 0 1 0 0 0 0 0 0 0 0 0 0 0 0 0 0 0 0 0 0 0 0 0 0 0 0 0 0 0 0 0 0 0 0 0 0 0 0 0 0 0 0 0 0 0 0 0]
[4490852630890675413879205528774213850460398513276250934072918825807996876784375812553144251130414340981953050613395142253614330478246740911983915954751243558278170582176159166051666804329963019913302668446109794148731986894276840316711922533375326158846870785171631218643683780 0 0 0 0 0 0 0 0 0 0 0 0 0 0 0 0 0 0 0 0 0 0 0 0 0 0 0 0 0 0 0 0 0 0 0 0 0 0 0 0 0 0 0 0 0 0 1 0 0 0 0 0 0 0 0 0 0 0 0 0 0 0 0 0 0 0 0 0 0 0 0 0 0 0 0 0 0 0 0 0 0 0 0 0 0 0 0 0 0 0 0]
[5541100485903968090947878701164799033378983647039654757666940532893538160933814677468772936585973158379110289595911974050142994702141807793109997418510081172878736670410031982952265638545392962904291269353379378532624270065859837861426877277155862596374854804319667151877955884 0 0 0 0 0 0 0 0 0 0 0 0 0 0 0 0 0 0 0 0 0 0 0 0 0 0 0 0 0 0 0 0 0 0 0 0 0 0 0 0 0 0 0 0 0 0 0 1 0 0 0 0 0 0 0 0 0 0 0 0 0 0 0 0 0 0 0 0 0 0 0 0 0 0 0 0 0 0 0 0 0 0 0 0 0 0 0 0 0 0 0]
[3911859264350383067589654721212317480671867557528991316336441160484013876710000271679290098223566018808416418133222118866407959428588950970037436520934314252537120680678141922712010586449109278092366766197271503731020795568416479023555359985086460908805910951181750418013771129 0 0 0 0 0 0 0 0 0 0 0 0 0 0 0 0 0 0 0 0 0 0 0 0 0 0 0 0 0 0 0 0 0 0 0 0 0 0 0 0 0 0 0 0 0 0 0 0 1 0 0 0 0 0 0 0 0 0 0 0 0 0 0 0 0 0 0 0 0 0 0 0 0 0 0 0 0 0 0 0 0 0 0 0 0 0 0 0 0 0 0]
[6818068881664044966620825934832671739294505336732554468830136702586176106702829004437291543272317753640227443744455754042694384437331595505992354183202964718235607015650680283660398525220290792695647709615229484286672957642644090578385011651340127028572018413291981830841533162 0 0 0 0 0 0 0 0 0 0 0 0 0 0 0 0 0 0 0 0 0 0 0 0 0 0 0 0 0 0 0 0 0 0 0 0 0 0 0 0 0 0 0 0 0 0 0 0 0 1 0 0 0 0 0 0 0 0 0 0 0 0 0 0 0 0 0 0 0 0 0 0 0 0 0 0 0 0 0 0 0 0 0 0 0 0 0 0 0 0 0]
[4319973399451997916227591712249177849542238698086271557930997150317376589036266442550835551016749402569305458931347207809302033889415521885375642367333248521063190159378984428519696331594381702872197124250255311575593846335341582507470743608819397532890478748079403962097383765 0 0 0 0 0 0 0 0 0 0 0 0 0 0 0 0 0 0 0 0 0 0 0 0 0 0 0 0 0 0 0 0 0 0 0 0 0 0 0 0 0 0 0 0 0 0 0 0 0 0 1 0 0 0 0 0 0 0 0 0 0 0 0 0 0 0 0 0 0 0 0 0 0 0 0 0 0 0 0 0 0 0 0 0 0 0 0 0 0 0 0]
[5348036781785962080355744113544186253612318299851380786114260211561473721925145351276449191485847248831173486472034913235243957940020423149534636864696276695494840268638726303716024130263866601925661432696031842136261051109829701044162525265374416212524948524669846912762272624 0 0 0 0 0 0 0 0 0 0 0 0 0 0 0 0 0 0 0 0 0 0 0 0 0 0 0 0 0 0 0 0 0 0 0 0 0 0 0 0 0 0 0 0 0 0 0 0 0 0 0 1 0 0 0 0 0 0 0 0 0 0 0 0 0 0 0 0 0 0 0 0 0 0 0 0 0 0 0 0 0 0 0 0 0 0 0 0 0 0 0]
[2511614621961295458528241671773411714835920904369976091170594295354969841511300100665748055252732944501241189926368365750009876857228697986803840983728574145211197617906469384045170819005237149838150043246637326854655693842001717742765332648133197894430868198126685515871787504 0 0 0 0 0 0 0 0 0 0 0 0 0 0 0 0 0 0 0 0 0 0 0 0 0 0 0 0 0 0 0 0 0 0 0 0 0 0 0 0 0 0 0 0 0 0 0 0 0 0 0 0 1 0 0 0 0 0 0 0 0 0 0 0 0 0 0 0 0 0 0 0 0 0 0 0 0 0 0 0 0 0 0 0 0 0 0 0 0 0 0]
[2091807822421628450088098772608353094944695361053362044184232713963995940812055083259747615898679564019369248078180624933161859990119750493073855041220137169853527764261324703632083350130219286842001960936310744801194383447062091959791434411600106931107990847308825012869119311 0 0 0 0 0 0 0 0 0 0 0 0 0 0 0 0 0 0 0 0 0 0 0 0 0 0 0 0 0 0 0 0 0 0 0 0 0 0 0 0 0 0 0 0 0 0 0 0 0 0 0 0 0 1 0 0 0 0 0 0 0 0 0 0 0 0 0 0 0 0 0 0 0 0 0 0 0 0 0 0 0 0 0 0 0 0 0 0 0 0 0]
[925488740104927056067723813122989188788457354243668096851045640812756600658581182444874010415166161699659815952586015398620715967422555128734623256260240486885964157609035273741597914517209172493825334672466548707286614696907570896597481929520803494692237098032948819708732228 0 0 0 0 0 0 0 0 0 0 0 0 0 0 0 0 0 0 0 0 0 0 0 0 0 0 0 0 0 0 0 0 0 0 0 0 0 0 0 0 0 0 0 0 0 0 0 0 0 0 0 0 0 0 1 0 0 0 0 0 0 0 0 0 0 0 0 0 0 0 0 0 0 0 0 0 0 0 0 0 0 0 0 0 0 0 0 0 0 0 0]
[316919626722844689042410032518802191924962097211781102559958871214000072512819565226054049554189538221635833809093771735318777258883335934925130544924595832796798876726653807487722217171805409687296023507826643649735805003278229400252713057546395305752365706757976536250448212 0 0 0 0 0 0 0 0 0 0 0 0 0 0 0 0 0 0 0 0 0 0 0 0 0 0 0 0 0 0 0 0 0 0 0 0 0 0 0 0 0 0 0 0 0 0 0 0 0 0 0 0 0 0 0 1 0 0 0 0 0 0 0 0 0 0 0 0 0 0 0 0 0 0 0 0 0 0 0 0 0 0 0 0 0 0 0 0 0 0 0]
[4650146017039464407182311322637813082799078147008749771115408768334023920141290698577262682584389865948823135510180779476204887082606317753883811002377948382016881813890099155137837758578228002274890185406001886303079351662230911030125962757153922808710019186715014638828546949 0 0 0 0 0 0 0 0 0 0 0 0 0 0 0 0 0 0 0 0 0 0 0 0 0 0 0 0 0 0 0 0 0 0 0 0 0 0 0 0 0 0 0 0 0 0 0 0 0 0 0 0 0 0 0 0 1 0 0 0 0 0 0 0 0 0 0 0 0 0 0 0 0 0 0 0 0 0 0 0 0 0 0 0 0 0 0 0 0 0 0]
[1063353773510067896470775853964269980268051987551841076023479738626319605952925709322422463491649122214448390200011572757960697872559419594796826430899752824693821286161247705019065773816187267248554707538748997923385109232705660370045534513061799762399656707616143758790123717 0 0 0 0 0 0 0 0 0 0 0 0 0 0 0 0 0 0 0 0 0 0 0 0 0 0 0 0 0 0 0 0 0 0 0 0 0 0 0 0 0 0 0 0 0 0 0 0 0 0 0 0 0 0 0 0 0 1 0 0 0 0 0 0 0 0 0 0 0 0 0 0 0 0 0 0 0 0 0 0 0 0 0 0 0 0 0 0 0 0 0]
[6011697711093081472122600418088989371121433283286017838118975562385490348453560954334523188287301580122073793212749349515701590077092499268869195999921348836714537704294938273706215502191855885264626851894598279733338457568148071964109321526639185426654476391006886409882242991 0 0 0 0 0 0 0 0 0 0 0 0 0 0 0 0 0 0 0 0 0 0 0 0 0 0 0 0 0 0 0 0 0 0 0 0 0 0 0 0 0 0 0 0 0 0 0 0 0 0 0 0 0 0 0 0 0 0 1 0 0 0 0 0 0 0 0 0 0 0 0 0 0 0 0 0 0 0 0 0 0 0 0 0 0 0 0 0 0 0 0]
[1964641538742077507307303859344951627969388283233420740198769547113632619656287173198375512762641675585064951346392397420309240957048552331980374353107221101452135879444521616947287570351895043448700385905989754539814854606678767957507966354141161296604868324961662104396407926 0 0 0 0 0 0 0 0 0 0 0 0 0 0 0 0 0 0 0 0 0 0 0 0 0 0 0 0 0 0 0 0 0 0 0 0 0 0 0 0 0 0 0 0 0 0 0 0 0 0 0 0 0 0 0 0 0 0 0 1 0 0 0 0 0 0 0 0 0 0 0 0 0 0 0 0 0 0 0 0 0 0 0 0 0 0 0 0 0 0 0]
[3546285383682836769920968022571234410494025343927126728978377733147002424828418567146018581878636306503089172822428404231059715685450058798417833907201521049570060114171124395653417724110223999250193373764268358171830792699251688056344292130970263006466045651968217958294286704 0 0 0 0 0 0 0 0 0 0 0 0 0 0 0 0 0 0 0 0 0 0 0 0 0 0 0 0 0 0 0 0 0 0 0 0 0 0 0 0 0 0 0 0 0 0 0 0 0 0 0 0 0 0 0 0 0 0 0 0 1 0 0 0 0 0 0 0 0 0 0 0 0 0 0 0 0 0 0 0 0 0 0 0 0 0 0 0 0 0 0]
[6607595724594365344619345481510995137748741194331655814013421802028469623154548667971689781181183974832946158835119673053964671896991048651712102375609692306192468160197670568975158096500644248521619353925037589524562598049154775867892826318453791142696285107171881167846778179 0 0 0 0 0 0 0 0 0 0 0 0 0 0 0 0 0 0 0 0 0 0 0 0 0 0 0 0 0 0 0 0 0 0 0 0 0 0 0 0 0 0 0 0 0 0 0 0 0 0 0 0 0 0 0 0 0 0 0 0 0 1 0 0 0 0 0 0 0 0 0 0 0 0 0 0 0 0 0 0 0 0 0 0 0 0 0 0 0 0 0]
[6513742921371634694115676725340262340880972467977314484361385108073112056160348465725386908509620037433734593212785420077587214147628859517022576439211401745573481826134944100669384532358728425068855897886209169794364491575960932731388889578850431838875933168937128728871995515 0 0 0 0 0 0 0 0 0 0 0 0 0 0 0 0 0 0 0 0 0 0 0 0 0 0 0 0 0 0 0 0 0 0 0 0 0 0 0 0 0 0 0 0 0 0 0 0 0 0 0 0 0 0 0 0 0 0 0 0 0 0 1 0 0 0 0 0 0 0 0 0 0 0 0 0 0 0 0 0 0 0 0 0 0 0 0 0 0 0 0]
[4064250510679267126078881458985363561887336361470101158908599854097249652290610253699886759931304411479129749125544659010079336993074095819096045319015361985595195886326396177613852582096479835941275162708973733207986463362902490035518991080347618678653573948485680751268443522 0 0 0 0 0 0 0 0 0 0 0 0 0 0 0 0 0 0 0 0 0 0 0 0 0 0 0 0 0 0 0 0 0 0 0 0 0 0 0 0 0 0 0 0 0 0 0 0 0 0 0 0 0 0 0 0 0 0 0 0 0 0 0 1 0 0 0 0 0 0 0 0 0 0 0 0 0 0 0 0 0 0 0 0 0 0 0 0 0 0 0]
[2321350834996703904754863484754521989767037365299846393011013877291346833786123693149668956500008694599349813490451591916490580587517968797457436094168271978799966782303420445057708679147881266986836292350697708400390644073129459398005957920163589449160705187469910692770253584 0 0 0 0 0 0 0 0 0 0 0 0 0 0 0 0 0 0 0 0 0 0 0 0 0 0 0 0 0 0 0 0 0 0 0 0 0 0 0 0 0 0 0 0 0 0 0 0 0 0 0 0 0 0 0 0 0 0 0 0 0 0 0 0 1 0 0 0 0 0 0 0 0 0 0 0 0 0 0 0 0 0 0 0 0 0 0 0 0 0 0]
[4462828992513266245878214277771817232751022496474658722520944688311582204027765850539254050613238790375924757579693601277896067508212158980109329701239341468116096742658329431025995780911390343492737632897537801123471027225204992030508529123196434491164771104887626824929151414 0 0 0 0 0 0 0 0 0 0 0 0 0 0 0 0 0 0 0 0 0 0 0 0 0 0 0 0 0 0 0 0 0 0 0 0 0 0 0 0 0 0 0 0 0 0 0 0 0 0 0 0 0 0 0 0 0 0 0 0 0 0 0 0 0 1 0 0 0 0 0 0 0 0 0 0 0 0 0 0 0 0 0 0 0 0 0 0 0 0 0]
[5859058542054406766541831641131818291341655993390749865718383250443589240471941417462310449386967138610534903559221273510388457558143877366236173407678303885593037028899526760066903182687033214014756869487037621558549766427681319365375799134917277493721475753524574089654275784 0 0 0 0 0 0 0 0 0 0 0 0 0 0 0 0 0 0 0 0 0 0 0 0 0 0 0 0 0 0 0 0 0 0 0 0 0 0 0 0 0 0 0 0 0 0 0 0 0 0 0 0 0 0 0 0 0 0 0 0 0 0 0 0 0 0 1 0 0 0 0 0 0 0 0 0 0 0 0 0 0 0 0 0 0 0 0 0 0 0 0]
[4241037888486222713087105349925558293102955025484337071482446849383698138093939899746658644776978379245648822709760391574065683288268740078946719830876787815140110932203025944987251565399052180607454990581903792407359482221451284193747131479947728867566122841841721077598637359 0 0 0 0 0 0 0 0 0 0 0 0 0 0 0 0 0 0 0 0 0 0 0 0 0 0 0 0 0 0 0 0 0 0 0 0 0 0 0 0 0 0 0 0 0 0 0 0 0 0 0 0 0 0 0 0 0 0 0 0 0 0 0 0 0 0 0 1 0 0 0 0 0 0 0 0 0 0 0 0 0 0 0 0 0 0 0 0 0 0 0]
[2576799072282776831582026175272666644732233761948249289180798451219994206512551415496586699489051228533843698344579335298764672048734247619462057416291052767649115136473545694540726426078498861622400289436026194495071320605564605592433783395459298428661920477703727178616736846 0 0 0 0 0 0 0 0 0 0 0 0 0 0 0 0 0 0 0 0 0 0 0 0 0 0 0 0 0 0 0 0 0 0 0 0 0 0 0 0 0 0 0 0 0 0 0 0 0 0 0 0 0 0 0 0 0 0 0 0 0 0 0 0 0 0 0 0 1 0 0 0 0 0 0 0 0 0 0 0 0 0 0 0 0 0 0 0 0 0 0]
[6501513938116731957567366065140516360859849025154782307807061686308469585964569896126967487361284544213043617795428797242420958948228963580142667953118455900589128534488276220246836151003087466413330920732641454656103883685181030331188725811952610685561434438855390208279896996 0 0 0 0 0 0 0 0 0 0 0 0 0 0 0 0 0 0 0 0 0 0 0 0 0 0 0 0 0 0 0 0 0 0 0 0 0 0 0 0 0 0 0 0 0 0 0 0 0 0 0 0 0 0 0 0 0 0 0 0 0 0 0 0 0 0 0 0 0 1 0 0 0 0 0 0 0 0 0 0 0 0 0 0 0 0 0 0 0 0 0]
[758363158946656375373705162310532524100295376401347395737092522540916300337325301939100892877298477878259799330663173660947024176960324664031530219516342834191306228561268034059564983549780179162463121843724616240615079308478111134870392681171788531776243425125507644844736647 0 0 0 0 0 0 0 0 0 0 0 0 0 0 0 0 0 0 0 0 0 0 0 0 0 0 0 0 0 0 0 0 0 0 0 0 0 0 0 0 0 0 0 0 0 0 0 0 0 0 0 0 0 0 0 0 0 0 0 0 0 0 0 0 0 0 0 0 0 0 1 0 0 0 0 0 0 0 0 0 0 0 0 0 0 0 0 0 0 0 0]
[3609321748143551717027519466367709544482501913048937281855438187758365781313782487320071273856694950178143235966404900481354157450534453249170499379857643417966633216270817785397710829046758539494859318371567004106459467186738767183042321807858259555447547665484950839980211006 0 0 0 0 0 0 0 0 0 0 0 0 0 0 0 0 0 0 0 0 0 0 0 0 0 0 0 0 0 0 0 0 0 0 0 0 0 0 0 0 0 0 0 0 0 0 0 0 0 0 0 0 0 0 0 0 0 0 0 0 0 0 0 0 0 0 0 0 0 0 0 1 0 0 0 0 0 0 0 0 0 0 0 0 0 0 0 0 0 0 0]
[3929401092677680791054030262162490168983524127652920550303115095766927241381836635537654751025793889417891881254478703535881266984724220760162471342036333253493630585921314335270068520140727431767615604372544281441146652437460409856731725525537002671110261622503722185759851471 0 0 0 0 0 0 0 0 0 0 0 0 0 0 0 0 0 0 0 0 0 0 0 0 0 0 0 0 0 0 0 0 0 0 0 0 0 0 0 0 0 0 0 0 0 0 0 0 0 0 0 0 0 0 0 0 0 0 0 0 0 0 0 0 0 0 0 0 0 0 0 0 1 0 0 0 0 0 0 0 0 0 0 0 0 0 0 0 0 0 0]
[4626938814243022146561153718053142972347612970445784797807999843776833764839465718214142399867835080845010538095454418945465797514781963949265580012457990673130225500252309540360767488231272856987363090425266763245669832913877934010692707746943740151327187415987553053790848939 0 0 0 0 0 0 0 0 0 0 0 0 0 0 0 0 0 0 0 0 0 0 0 0 0 0 0 0 0 0 0 0 0 0 0 0 0 0 0 0 0 0 0 0 0 0 0 0 0 0 0 0 0 0 0 0 0 0 0 0 0 0 0 0 0 0 0 0 0 0 0 0 0 1 0 0 0 0 0 0 0 0 0 0 0 0 0 0 0 0 0]
[4172789351421497013016484988085965597803204353150629250709556160296775897004414881015001783347305197948976470908529515469546317199021818503987321585123491164637429102546741539848676004700185393654873903321226044579644322884464787295626490776589612933697196251381390787854747483 0 0 0 0 0 0 0 0 0 0 0 0 0 0 0 0 0 0 0 0 0 0 0 0 0 0 0 0 0 0 0 0 0 0 0 0 0 0 0 0 0 0 0 0 0 0 0 0 0 0 0 0 0 0 0 0 0 0 0 0 0 0 0 0 0 0 0 0 0 0 0 0 0 0 1 0 0 0 0 0 0 0 0 0 0 0 0 0 0 0 0]
[6191308532042587038173010696039639311813221818280139037361241663882123253984799072714689106153168651604828035078040845092680500539585520851484077468312264369432984357626834174301840746413945031336761002000955573144972206882088928565597318481623544020674599818993492213218870133 0 0 0 0 0 0 0 0 0 0 0 0 0 0 0 0 0 0 0 0 0 0 0 0 0 0 0 0 0 0 0 0 0 0 0 0 0 0 0 0 0 0 0 0 0 0 0 0 0 0 0 0 0 0 0 0 0 0 0 0 0 0 0 0 0 0 0 0 0 0 0 0 0 0 0 1 0 0 0 0 0 0 0 0 0 0 0 0 0 0 0]
[3589309112838424676001068870042535366271555816347148259334933355366254256908508214849613426521648713019368695495578291676383819826839569324324510784958674962058047223117801841013953971440114051236253434289694046905893669680787990074616260676573410752045864092310393065631493359 0 0 0 0 0 0 0 0 0 0 0 0 0 0 0 0 0 0 0 0 0 0 0 0 0 0 0 0 0 0 0 0 0 0 0 0 0 0 0 0 0 0 0 0 0 0 0 0 0 0 0 0 0 0 0 0 0 0 0 0 0 0 0 0 0 0 0 0 0 0 0 0 0 0 0 0 1 0 0 0 0 0 0 0 0 0 0 0 0 0 0]
[4286992308662510511372323889539506296126148654654653233761959758265548163546179523645298638421521868452136601341257201813148409349121875336902771489040716704366457506678267702720544224763693493542892252748187886138108766529462867083738549440859474143216819232952881553709869419 0 0 0 0 0 0 0 0 0 0 0 0 0 0 0 0 0 0 0 0 0 0 0 0 0 0 0 0 0 0 0 0 0 0 0 0 0 0 0 0 0 0 0 0 0 0 0 0 0 0 0 0 0 0 0 0 0 0 0 0 0 0 0 0 0 0 0 0 0 0 0 0 0 0 0 0 0 1 0 0 0 0 0 0 0 0 0 0 0 0 0]
[686098816019982887754642301373903342848567713664862983836449506265669045715442878224483598903756641474421366816445361712058391001676420092727770317426255709349267767123040591743945263782746580051383152225278562115967102458488591798901509707792465733348188025016730408339241241 0 0 0 0 0 0 0 0 0 0 0 0 0 0 0 0 0 0 0 0 0 0 0 0 0 0 0 0 0 0 0 0 0 0 0 0 0 0 0 0 0 0 0 0 0 0 0 0 0 0 0 0 0 0 0 0 0 0 0 0 0 0 0 0 0 0 0 0 0 0 0 0 0 0 0 0 0 0 1 0 0 0 0 0 0 0 0 0 0 0 0]
[2958414889774263239042287817571516866496465764463523376576872363819753486692868574627736861364643479370130984719041811625614371466537544789197446434526945741429106079338650625656612231222238859804137469264925983739974401739095090037833649415087115528988618835202849091615355093 0 0 0 0 0 0 0 0 0 0 0 0 0 0 0 0 0 0 0 0 0 0 0 0 0 0 0 0 0 0 0 0 0 0 0 0 0 0 0 0 0 0 0 0 0 0 0 0 0 0 0 0 0 0 0 0 0 0 0 0 0 0 0 0 0 0 0 0 0 0 0 0 0 0 0 0 0 0 0 1 0 0 0 0 0 0 0 0 0 0 0]
[603435696219533619152569337839398497554117794380939775634871311203709847284699878631793577033800957255269610204537121316823087454875923556569980028215503364902720431993235579286973136164315287561095184935590002600878814966262242476049275351283610433453643408838583365613215584 0 0 0 0 0 0 0 0 0 0 0 0 0 0 0 0 0 0 0 0 0 0 0 0 0 0 0 0 0 0 0 0 0 0 0 0 0 0 0 0 0 0 0 0 0 0 0 0 0 0 0 0 0 0 0 0 0 0 0 0 0 0 0 0 0 0 0 0 0 0 0 0 0 0 0 0 0 0 0 0 1 0 0 0 0 0 0 0 0 0 0]
[5249253045392941703412853058851990317868206615681980627216264300063528347741914225541263075050392352440543695444552401531598941550036411967707175567391700211182959625212133550226014549011393709446692121565802331073490250259183096969017112931394824228255691735338396513462584653 0 0 0 0 0 0 0 0 0 0 0 0 0 0 0 0 0 0 0 0 0 0 0 0 0 0 0 0 0 0 0 0 0 0 0 0 0 0 0 0 0 0 0 0 0 0 0 0 0 0 0 0 0 0 0 0 0 0 0 0 0 0 0 0 0 0 0 0 0 0 0 0 0 0 0 0 0 0 0 0 0 1 0 0 0 0 0 0 0 0 0]
[2737753534178081676022424959389644994842293306740391790402785953319124927420182068506892153625696870003241060834908943241180077986789338476539479185857691221672342963143665483359846312231470969363256467176349034101006708042280412180939940818721881121566614639185821075917361755 0 0 0 0 0 0 0 0 0 0 0 0 0 0 0 0 0 0 0 0 0 0 0 0 0 0 0 0 0 0 0 0 0 0 0 0 0 0 0 0 0 0 0 0 0 0 0 0 0 0 0 0 0 0 0 0 0 0 0 0 0 0 0 0 0 0 0 0 0 0 0 0 0 0 0 0 0 0 0 0 0 0 1 0 0 0 0 0 0 0 0]
[4830002072876322410300290404732592805953623606473927028786425545379506932266037270035977137719227058661476274833068066261459721733647694370041435789813000109276490277584866226215194274283856585992148793547942503352918397957916488886625650254558761058586876641390353847932486505 0 0 0 0 0 0 0 0 0 0 0 0 0 0 0 0 0 0 0 0 0 0 0 0 0 0 0 0 0 0 0 0 0 0 0 0 0 0 0 0 0 0 0 0 0 0 0 0 0 0 0 0 0 0 0 0 0 0 0 0 0 0 0 0 0 0 0 0 0 0 0 0 0 0 0 0 0 0 0 0 0 0 0 1 0 0 0 0 0 0 0]
[3927430930022219934505408328781586798973989698621165396054655420184422605105006233961983037178457859165814827268843234598375476989859081919594902349093160806012748788921543645432721534160806465155672672900576869585750275408472068455743723726563549580070122513820766959231545295 0 0 0 0 0 0 0 0 0 0 0 0 0 0 0 0 0 0 0 0 0 0 0 0 0 0 0 0 0 0 0 0 0 0 0 0 0 0 0 0 0 0 0 0 0 0 0 0 0 0 0 0 0 0 0 0 0 0 0 0 0 0 0 0 0 0 0 0 0 0 0 0 0 0 0 0 0 0 0 0 0 0 0 0 1 0 0 0 0 0 0]
[1343202115938432218354845798768596630118619072919919518385583102774581946226284160305025424551263885217509946159242089909588971649824280294557071562715430562741934240924785128902664628550145173541632049789333587525474431064902022301972560099124080316167662041295349401895821907 0 0 0 0 0 0 0 0 0 0 0 0 0 0 0 0 0 0 0 0 0 0 0 0 0 0 0 0 0 0 0 0 0 0 0 0 0 0 0 0 0 0 0 0 0 0 0 0 0 0 0 0 0 0 0 0 0 0 0 0 0 0 0 0 0 0 0 0 0 0 0 0 0 0 0 0 0 0 0 0 0 0 0 0 0 1 0 0 0 0 0]
[4942375111667799167906161475583493115876413534421365845503292932085472426046873408137898032202617011478979371121389472593019792251031095109636665812215638609985985055457334525057177049505208975822008830217501938911728328178236228288829698135783437797782614846748760630798003897 0 0 0 0 0 0 0 0 0 0 0 0 0 0 0 0 0 0 0 0 0 0 0 0 0 0 0 0 0 0 0 0 0 0 0 0 0 0 0 0 0 0 0 0 0 0 0 0 0 0 0 0 0 0 0 0 0 0 0 0 0 0 0 0 0 0 0 0 0 0 0 0 0 0 0 0 0 0 0 0 0 0 0 0 0 0 1 0 0 0 0]
[2485166986699621780883214972761087123445015366102520945508425772010799253067498793940657915606419202164374112107025969593047113837885833529450237342134330152983615266053114157123011147805690059894247200064156911069026813223872899156810437643548412446740005006020418926519484597 0 0 0 0 0 0 0 0 0 0 0 0 0 0 0 0 0 0 0 0 0 0 0 0 0 0 0 0 0 0 0 0 0 0 0 0 0 0 0 0 0 0 0 0 0 0 0 0 0 0 0 0 0 0 0 0 0 0 0 0 0 0 0 0 0 0 0 0 0 0 0 0 0 0 0 0 0 0 0 0 0 0 0 0 0 0 0 1 0 0 0]
[4236224487302098934580109075418804150006456648417507090729623663723933892635019070097898247837750345528717144355922380474049724558522927892870403749870038923634427043856443105576210663691749356348234390896026718985767411793719791779613211414769105870763502492187127265934246469 0 0 0 0 0 0 0 0 0 0 0 0 0 0 0 0 0 0 0 0 0 0 0 0 0 0 0 0 0 0 0 0 0 0 0 0 0 0 0 0 0 0 0 0 0 0 0 0 0 0 0 0 0 0 0 0 0 0 0 0 0 0 0 0 0 0 0 0 0 0 0 0 0 0 0 0 0 0 0 0 0 0 0 0 0 0 0 0 1 0 0]
[6676860457832148132248683790514332118603898703906264760179637289850295130020563041766551245193715880335615656195712536804501258444799652345151859941851262832175227055702374004913798420099271318217674628302648482140408814110528375797070488712113683634373735930093706181280866716 0 0 0 0 0 0 0 0 0 0 0 0 0 0 0 0 0 0 0 0 0 0 0 0 0 0 0 0 0 0 0 0 0 0 0 0 0 0 0 0 0 0 0 0 0 0 0 0 0 0 0 0 0 0 0 0 0 0 0 0 0 0 0 0 0 0 0 0 0 0 0 0 0 0 0 0 0 0 0 0 0 0 0 0 0 0 0 0 0 1 0]
[6440344776148057587301496658620961718331378896534133241060263805195530000664317843986365414234975077818484508485162385633920274275776091163156326574800002097204905676111436347261540919136156425833983382662581896170684069216451348584937434664536205687868119169224914092003913028 0 0 0 0 0 0 0 0 0 0 0 0 0 0 0 0 0 0 0 0 0 0 0 0 0 0 0 0 0 0 0 0 0 0 0 0 0 0 0 0 0 0 0 0 0 0 0 0 0 0 0 0 0 0 0 0 0 0 0 0 0 0 0 0 0 0 0 0 0 0 0 0 0 0 0 0 0 0 0 0 0 0 0 0 0 0 0 0 0 0 1]
]
