[[3294586749256816642355273552830425454811140034043723254215459285342960543710883963090112224706201671866425949995399970094592928370611348230290595289286823508700550183555615632932602982222833431 0 0 0 0 0 0 0 0 0 0 0 0 0 0 0 0 0 0 0 0 0 0 0 0 0 0 0 0 0 0 0 0 0 0 0 0 0 0 0 0 0 0 0 0 0 0 0 0 0 0 0 0 0 0 0 0 0 0 0 0 0 0 0]
[1410962154074985294914504075073414441810001440364552326951511470193609541608254083730428846175604971945973980201061755091097601404210106467793960217246540705526378416520722892927086108446355178 1 0 0 0 0 0 0 0 0 0 0 0 0 0 0 0 0 0 0 0 0 0 0 0 0 0 0 0 0 0 0 0 0 0 0 0 0 0 0 0 0 0 0 0 0 0 0 0 0 0 0 0 0 0 0 0 0 0 0 0 0 0 0]
[3250677061858285808565294175881839759401867974146222854107028818574134734418541407583254096216853788750675125981727125428877190744381025480602110951067422654441691639719856716400587130932796919 0 1 0 0 0 0 0 0 0 0 0 0 0 0 0 0 0 0 0 0 0 0 0 0 0 0 0 0 0 0 0 0 0 0 0 0 0 0 0 0 0 0 0 0 0 0 0 0 0 0 0 0 0 0 0 0 0 0 0 0 0 0 0]
[3139350730407665367625834788242715894263328356132637896132282587522829968385803052042189692606000780174272442986283078043607216095717303537578191273813642822117211151317830647321545620596492472 0 0 1 0 0 0 0 0 0 0 0 0 0 0 0 0 0 0 0 0 0 0 0 0 0 0 0 0 0 0 0 0 0 0 0 0 0 0 0 0 0 0 0 0 0 0 0 0 0 0 0 0 0 0 0 0 0 0 0 0 0 0 0]
[2497481678594059270969097559662394114538008020005006353926878381186029715152756735068554157715365301979523681060118587978674619317417293563567882346093045808785103164840746665056161836321940238 0 0 0 1 0 0 0 0 0 0 0 0 0 0 0 0 0 0 0 0 0 0 0 0 0 0 0 0 0 0 0 0 0 0 0 0 0 0 0 0 0 0 0 0 0 0 0 0 0 0 0 0 0 0 0 0 0 0 0 0 0 0 0]
[3056840387944821145793578396566025378699390549700748380435179784214530010894757325069870243100022664860840977848040911613011236328446081284077580068795778426676326903891365277081422594630799999 0 0 0 0 1 0 0 0 0 0 0 0 0 0 0 0 0 0 0 0 0 0 0 0 0 0 0 0 0 0 0 0 0 0 0 0 0 0 0 0 0 0 0 0 0 0 0 0 0 0 0 0 0 0 0 0 0 0 0 0 0 0 0]
[536864803399075381501702376023744665481498816483939712710866604381468118201946170277116437662379346860031280383340929984709498129132945997153214567480241579946858340320987382167655384563600522 0 0 0 0 0 1 0 0 0 0 0 0 0 0 0 0 0 0 0 0 0 0 0 0 0 0 0 0 0 0 0 0 0 0 0 0 0 0 0 0 0 0 0 0 0 0 0 0 0 0 0 0 0 0 0 0 0 0 0 0 0 0 0]
[1622928960901899136084341190371798194245151323292923542565359957079085288823726951095331981031667720265950951015481866928238278586323969668199685197235053797820188239228328818885304913343011277 0 0 0 0 0 0 1 0 0 0 0 0 0 0 0 0 0 0 0 0 0 0 0 0 0 0 0 0 0 0 0 0 0 0 0 0 0 0 0 0 0 0 0 0 0 0 0 0 0 0 0 0 0 0 0 0 0 0 0 0 0 0 0]
[450350670541012911040815775222180948975412269239821859768837541533514049322146993359350500856369894700368357235072298151965890327543608577337419501532255411854703026412787320500548196898547133 0 0 0 0 0 0 0 1 0 0 0 0 0 0 0 0 0 0 0 0 0 0 0 0 0 0 0 0 0 0 0 0 0 0 0 0 0 0 0 0 0 0 0 0 0 0 0 0 0 0 0 0 0 0 0 0 0 0 0 0 0 0 0]
[5650988253013665246318983357039222963684755077491013266154032325038678211747016433611723482969229318836241483993007117963825791396224340043317890793447448535694387137410370058499911032769942 0 0 0 0 0 0 0 0 1 0 0 0 0 0 0 0 0 0 0 0 0 0 0 0 0 0 0 0 0 0 0 0 0 0 0 0 0 0 0 0 0 0 0 0 0 0 0 0 0 0 0 0 0 0 0 0 0 0 0 0 0 0 0]
[2767126866041693198391664823151263648773901826556083381905179610027964723142527666406756285120692315033499220265588109267815074081629934644122448207786374745917225255616409973773015672171328536 0 0 0 0 0 0 0 0 0 1 0 0 0 0 0 0 0 0 0 0 0 0 0 0 0 0 0 0 0 0 0 0 0 0 0 0 0 0 0 0 0 0 0 0 0 0 0 0 0 0 0 0 0 0 0 0 0 0 0 0 0 0 0]
[1759541567694923683559623437952603713821130863232841971576822024150097202673694668687247860372868215406043808205230648695230415002750763102284587287718322136260976335990890802016315274432753667 0 0 0 0 0 0 0 0 0 0 1 0 0 0 0 0 0 0 0 0 0 0 0 0 0 0 0 0 0 0 0 0 0 0 0 0 0 0 0 0 0 0 0 0 0 0 0 0 0 0 0 0 0 0 0 0 0 0 0 0 0 0 0]
[1075847705923982184829586296693732923630902623938609377323524284875299365568442852678032161654629904812521727577113006954818713250984554565581571502539636618979489321446488009739381290839890578 0 0 0 0 0 0 0 0 0 0 0 1 0 0 0 0 0 0 0 0 0 0 0 0 0 0 0 0 0 0 0 0 0 0 0 0 0 0 0 0 0 0 0 0 0 0 0 0 0 0 0 0 0 0 0 0 0 0 0 0 0 0 0]
[3248964430899615131330832532832855815535971955550548989283861237756757261008789080358048746606720952102869911719922001749051211980556183694214483856426112029735053136890025051076894717456381574 0 0 0 0 0 0 0 0 0 0 0 0 1 0 0 0 0 0 0 0 0 0 0 0 0 0 0 0 0 0 0 0 0 0 0 0 0 0 0 0 0 0 0 0 0 0 0 0 0 0 0 0 0 0 0 0 0 0 0 0 0 0 0]
[2485266610385176934333302558769227638588474583847542065700088453315045439188435833499383289793036170951902089590466966983240020981157200247999809902024387445957346774392574728994734796214373740 0 0 0 0 0 0 0 0 0 0 0 0 0 1 0 0 0 0 0 0 0 0 0 0 0 0 0 0 0 0 0 0 0 0 0 0 0 0 0 0 0 0 0 0 0 0 0 0 0 0 0 0 0 0 0 0 0 0 0 0 0 0 0]
[560096493729955041391458559236222995542839139825995200836295345844419312179934244013317774289055597974919942676220702916108698168106358973544620012349695695124357314139914014781959665361515624 0 0 0 0 0 0 0 0 0 0 0 0 0 0 1 0 0 0 0 0 0 0 0 0 0 0 0 0 0 0 0 0 0 0 0 0 0 0 0 0 0 0 0 0 0 0 0 0 0 0 0 0 0 0 0 0 0 0 0 0 0 0 0]
[1116550230466333385506188210534294885739497245537345831897565393758385087589695146331407347478792493425198177977925358562758333242770486493747474764193240802441890176652316099052108277905151556 0 0 0 0 0 0 0 0 0 0 0 0 0 0 0 1 0 0 0 0 0 0 0 0 0 0 0 0 0 0 0 0 0 0 0 0 0 0 0 0 0 0 0 0 0 0 0 0 0 0 0 0 0 0 0 0 0 0 0 0 0 0 0]
[1392071227163549810242529555366121625058633499794557296773125836166787016351974891090864688251258683256085026260660191309373190135278942363010307515592907378170180725884695324833045242040935544 0 0 0 0 0 0 0 0 0 0 0 0 0 0 0 0 1 0 0 0 0 0 0 0 0 0 0 0 0 0 0 0 0 0 0 0 0 0 0 0 0 0 0 0 0 0 0 0 0 0 0 0 0 0 0 0 0 0 0 0 0 0 0]
[1637518189268210407884737256201543998156929949218433034418570420613764965360569840302691917139550578913028821679469212874486983383451406016369116845985650600352233204081930872087179615921928117 0 0 0 0 0 0 0 0 0 0 0 0 0 0 0 0 0 1 0 0 0 0 0 0 0 0 0 0 0 0 0 0 0 0 0 0 0 0 0 0 0 0 0 0 0 0 0 0 0 0 0 0 0 0 0 0 0 0 0 0 0 0 0]
[1661667926058633214875129140043684956873601049819803898216606992117594005510170108565592896688696650163943015685999601020543904423125049403959169120294560629748156424251469948954486150618603169 0 0 0 0 0 0 0 0 0 0 0 0 0 0 0 0 0 0 1 0 0 0 0 0 0 0 0 0 0 0 0 0 0 0 0 0 0 0 0 0 0 0 0 0 0 0 0 0 0 0 0 0 0 0 0 0 0 0 0 0 0 0 0]
[587622733626876334088592709144500808883786986234417170752648835569036305393595104530561441574866530233262245995930042813046488182172646019643706821430188097313617213498355103815110729008429875 0 0 0 0 0 0 0 0 0 0 0 0 0 0 0 0 0 0 0 1 0 0 0 0 0 0 0 0 0 0 0 0 0 0 0 0 0 0 0 0 0 0 0 0 0 0 0 0 0 0 0 0 0 0 0 0 0 0 0 0 0 0 0]
[2673638683432294038598675471594115336348455760393698989937389146727373776092651474209685043406094159565625521608847321043852863373697821010736297136999669069842463393565563009488246085131570102 0 0 0 0 0 0 0 0 0 0 0 0 0 0 0 0 0 0 0 0 1 0 0 0 0 0 0 0 0 0 0 0 0 0 0 0 0 0 0 0 0 0 0 0 0 0 0 0 0 0 0 0 0 0 0 0 0 0 0 0 0 0 0]
[1209376691646033450190723902117031373594151989425905794973911815099784667732256290949145067155998704332268283443493581931331972529975329448664503381594732943058386840966321977599089947373954045 0 0 0 0 0 0 0 0 0 0 0 0 0 0 0 0 0 0 0 0 0 1 0 0 0 0 0 0 0 0 0 0 0 0 0 0 0 0 0 0 0 0 0 0 0 0 0 0 0 0 0 0 0 0 0 0 0 0 0 0 0 0 0]
[3210834193456024278375392813363450096705127515833114031440871967517482452690045956315709969151809911279809024794065471172604022724676351669772628258693076482789964220471659893361806510967921555 0 0 0 0 0 0 0 0 0 0 0 0 0 0 0 0 0 0 0 0 0 0 1 0 0 0 0 0 0 0 0 0 0 0 0 0 0 0 0 0 0 0 0 0 0 0 0 0 0 0 0 0 0 0 0 0 0 0 0 0 0 0 0]
[1744789247670449651739111032099537728441481649178051084232069089017751591669067582541367861021266432386920109386119615985595995654228618364487243516644801396560064023179492681172577992728267450 0 0 0 0 0 0 0 0 0 0 0 0 0 0 0 0 0 0 0 0 0 0 0 1 0 0 0 0 0 0 0 0 0 0 0 0 0 0 0 0 0 0 0 0 0 0 0 0 0 0 0 0 0 0 0 0 0 0 0 0 0 0 0]
[2126742753882842188843942247756609213185986248931778951076355251383805497764140939281318847466661201712461641087155590354650554144660478570065897593877921397821240685311526928723370796148832507 0 0 0 0 0 0 0 0 0 0 0 0 0 0 0 0 0 0 0 0 0 0 0 0 1 0 0 0 0 0 0 0 0 0 0 0 0 0 0 0 0 0 0 0 0 0 0 0 0 0 0 0 0 0 0 0 0 0 0 0 0 0 0]
[1138903143598906413708654871115689837476537485470260467099859881085940727526762521151253922392528164594279109681277497646667829538753666213390884329445803546019245267421231095259553262758125125 0 0 0 0 0 0 0 0 0 0 0 0 0 0 0 0 0 0 0 0 0 0 0 0 0 1 0 0 0 0 0 0 0 0 0 0 0 0 0 0 0 0 0 0 0 0 0 0 0 0 0 0 0 0 0 0 0 0 0 0 0 0 0]
[777518420783621503049727500730968862505232063830164075124720855822964544983610746537696831253888940829661906155481000732484561128966312745334251463986772671784849441038746408045823408109834841 0 0 0 0 0 0 0 0 0 0 0 0 0 0 0 0 0 0 0 0 0 0 0 0 0 0 1 0 0 0 0 0 0 0 0 0 0 0 0 0 0 0 0 0 0 0 0 0 0 0 0 0 0 0 0 0 0 0 0 0 0 0 0]
[2798137989220171197536521231200594025606565586700578525329169634060925784716529703046677711000959926392179957673684252073372522830200791464837693085971103789993346124241798770565039841849575501 0 0 0 0 0 0 0 0 0 0 0 0 0 0 0 0 0 0 0 0 0 0 0 0 0 0 0 1 0 0 0 0 0 0 0 0 0 0 0 0 0 0 0 0 0 0 0 0 0 0 0 0 0 0 0 0 0 0 0 0 0 0 0]
[662461632634378658760458369207718375457238588375427913327537677526894608592891440317867241891017869175405689558318899286822905382957619548943273604807543987605869383124503523720284641426301282 0 0 0 0 0 0 0 0 0 0 0 0 0 0 0 0 0 0 0 0 0 0 0 0 0 0 0 0 1 0 0 0 0 0 0 0 0 0 0 0 0 0 0 0 0 0 0 0 0 0 0 0 0 0 0 0 0 0 0 0 0 0 0]
[607077866274636260406028388774109572057455576844268288368520329627130485402727734112691290100265160428882881493130114875713844718640726056939471961354810810509090586334265518523250415788378907 0 0 0 0 0 0 0 0 0 0 0 0 0 0 0 0 0 0 0 0 0 0 0 0 0 0 0 0 0 1 0 0 0 0 0 0 0 0 0 0 0 0 0 0 0 0 0 0 0 0 0 0 0 0 0 0 0 0 0 0 0 0 0]
[2430673217646911250665364620444604463127345046283748740602837698827424363935576425844027312647702819154762501893926896695932862842534980316510456296693477810960465978492500640699803049798451750 0 0 0 0 0 0 0 0 0 0 0 0 0 0 0 0 0 0 0 0 0 0 0 0 0 0 0 0 0 0 1 0 0 0 0 0 0 0 0 0 0 0 0 0 0 0 0 0 0 0 0 0 0 0 0 0 0 0 0 0 0 0 0]
[1441533162708599025140670884542724757276030426764259920356183439354492272366802690228295754714949028973314265875373075224091343550374960725039147687213748148468504116495785024313695044281517132 0 0 0 0 0 0 0 0 0 0 0 0 0 0 0 0 0 0 0 0 0 0 0 0 0 0 0 0 0 0 0 1 0 0 0 0 0 0 0 0 0 0 0 0 0 0 0 0 0 0 0 0 0 0 0 0 0 0 0 0 0 0 0]
[993736510451051240350422223235652905515748435603972164972341538277089760664609036118290331704723918109657778519523822206922916925118598066705384630896590032572833606486076693645666055093083600 0 0 0 0 0 0 0 0 0 0 0 0 0 0 0 0 0 0 0 0 0 0 0 0 0 0 0 0 0 0 0 0 1 0 0 0 0 0 0 0 0 0 0 0 0 0 0 0 0 0 0 0 0 0 0 0 0 0 0 0 0 0 0]
[1400767198562819976869168563140635895549771643155996225542764001674387350942806931310616965727666893530038871090919946088353351435787249801930383967915239067593320964636162668396866227268371308 0 0 0 0 0 0 0 0 0 0 0 0 0 0 0 0 0 0 0 0 0 0 0 0 0 0 0 0 0 0 0 0 0 1 0 0 0 0 0 0 0 0 0 0 0 0 0 0 0 0 0 0 0 0 0 0 0 0 0 0 0 0 0]
[2858125676789629550026642715282069209893616530790230829010751431567154563215183522624791496887797542876229216723931100390756469865563834386400852567285023732750705292878713477674958761168551611 0 0 0 0 0 0 0 0 0 0 0 0 0 0 0 0 0 0 0 0 0 0 0 0 0 0 0 0 0 0 0 0 0 0 1 0 0 0 0 0 0 0 0 0 0 0 0 0 0 0 0 0 0 0 0 0 0 0 0 0 0 0 0]
[2316186754780430062667045320748438016384301333476441499952707330590307775560788765916461893547334244587093227560653737111455837780961440660951111499779254544537546592926513324385899087379508445 0 0 0 0 0 0 0 0 0 0 0 0 0 0 0 0 0 0 0 0 0 0 0 0 0 0 0 0 0 0 0 0 0 0 0 1 0 0 0 0 0 0 0 0 0 0 0 0 0 0 0 0 0 0 0 0 0 0 0 0 0 0 0]
[315299421848744734983453747174763816246776137413819647376638297093279669405126687781321739433123155822694829319303684345195042442688423802856471611971702262265080204144600057989101924912213442 0 0 0 0 0 0 0 0 0 0 0 0 0 0 0 0 0 0 0 0 0 0 0 0 0 0 0 0 0 0 0 0 0 0 0 0 1 0 0 0 0 0 0 0 0 0 0 0 0 0 0 0 0 0 0 0 0 0 0 0 0 0 0]
[3146652392688724233863013868499092486256799710837322734818600787218138352082064336419395426745545971313371356842922083055830982375053907138120294599986149728535573473107299247683935432447647546 0 0 0 0 0 0 0 0 0 0 0 0 0 0 0 0 0 0 0 0 0 0 0 0 0 0 0 0 0 0 0 0 0 0 0 0 0 1 0 0 0 0 0 0 0 0 0 0 0 0 0 0 0 0 0 0 0 0 0 0 0 0 0]
[835607145060354944742965872552634427220960462101317196681778762253494984049366270141320289207261994452882846775002483436849204617346156168433009929869974558915884330577356629758272230689560880 0 0 0 0 0 0 0 0 0 0 0 0 0 0 0 0 0 0 0 0 0 0 0 0 0 0 0 0 0 0 0 0 0 0 0 0 0 0 1 0 0 0 0 0 0 0 0 0 0 0 0 0 0 0 0 0 0 0 0 0 0 0 0]
[476401298907829813101798934342982970599119264216475956648103258265704229541431945528696566691287503406669773955509033388554019065825480728598040989361641118354681361587348419792347122765766544 0 0 0 0 0 0 0 0 0 0 0 0 0 0 0 0 0 0 0 0 0 0 0 0 0 0 0 0 0 0 0 0 0 0 0 0 0 0 0 1 0 0 0 0 0 0 0 0 0 0 0 0 0 0 0 0 0 0 0 0 0 0 0]
[1448357007446857245814961840788946435636880408651233180005458172775554524915227055695525084700536767659709676326536639283960487609995071714918680763846798245338303776663916800727942956055535690 0 0 0 0 0 0 0 0 0 0 0 0 0 0 0 0 0 0 0 0 0 0 0 0 0 0 0 0 0 0 0 0 0 0 0 0 0 0 0 0 1 0 0 0 0 0 0 0 0 0 0 0 0 0 0 0 0 0 0 0 0 0 0]
[1605504999777565128971447081160354295399444138187574344259979468703289046920163886521008158122529405325204803622468898049756468284118657368665521235925034571670538240239652055444357688820630169 0 0 0 0 0 0 0 0 0 0 0 0 0 0 0 0 0 0 0 0 0 0 0 0 0 0 0 0 0 0 0 0 0 0 0 0 0 0 0 0 0 1 0 0 0 0 0 0 0 0 0 0 0 0 0 0 0 0 0 0 0 0 0]
[113742637218428887444759272106238748760906721197634175668541225142934379741818284858446383157332879287458015780646008187473693292183651902200028244680994687131136887636386457912017229094195451 0 0 0 0 0 0 0 0 0 0 0 0 0 0 0 0 0 0 0 0 0 0 0 0 0 0 0 0 0 0 0 0 0 0 0 0 0 0 0 0 0 0 1 0 0 0 0 0 0 0 0 0 0 0 0 0 0 0 0 0 0 0 0]
[950029003949144231396200899244877868919538487534059743273524677151605794051800884782002020220279988797164914513082693691191797409758692330186386303305350266818046944714866415277080837420845030 0 0 0 0 0 0 0 0 0 0 0 0 0 0 0 0 0 0 0 0 0 0 0 0 0 0 0 0 0 0 0 0 0 0 0 0 0 0 0 0 0 0 0 1 0 0 0 0 0 0 0 0 0 0 0 0 0 0 0 0 0 0 0]
[2701687062939001726773472831827890833962133607939515325945482963595817161525859717357435991024642827493885130067248793345459343300209359657387111605921749613571722351164775602084792083525284098 0 0 0 0 0 0 0 0 0 0 0 0 0 0 0 0 0 0 0 0 0 0 0 0 0 0 0 0 0 0 0 0 0 0 0 0 0 0 0 0 0 0 0 0 1 0 0 0 0 0 0 0 0 0 0 0 0 0 0 0 0 0 0]
[1754377519190042378490886332461694629450467867230010168618479540705646698604591906739877209955387944957195506150118679348837034743517388127098260751959975434370162249214697611393407670093424687 0 0 0 0 0 0 0 0 0 0 0 0 0 0 0 0 0 0 0 0 0 0 0 0 0 0 0 0 0 0 0 0 0 0 0 0 0 0 0 0 0 0 0 0 0 1 0 0 0 0 0 0 0 0 0 0 0 0 0 0 0 0 0]
[267184650610193510103715315448490086596857431790554524826860953669462730967134626907900546746682858560962549763551000502070175046391353522665040247930439780836409515849930260694402235225709851 0 0 0 0 0 0 0 0 0 0 0 0 0 0 0 0 0 0 0 0 0 0 0 0 0 0 0 0 0 0 0 0 0 0 0 0 0 0 0 0 0 0 0 0 0 0 1 0 0 0 0 0 0 0 0 0 0 0 0 0 0 0 0]
[2021795962953537490272809071441819582826609820064790439036039463067808534572466627757242357501802685417658550633765834682931550753184191618590372189940313624917985502823518275886247271088190122 0 0 0 0 0 0 0 0 0 0 0 0 0 0 0 0 0 0 0 0 0 0 0 0 0 0 0 0 0 0 0 0 0 0 0 0 0 0 0 0 0 0 0 0 0 0 0 1 0 0 0 0 0 0 0 0 0 0 0 0 0 0 0]
[2612332357621859529202260509836382450504589815061367375263611767506896965857896057582872013137460157893598775285751757098490874402341660136370736182530726999374308040473439106520341919615179504 0 0 0 0 0 0 0 0 0 0 0 0 0 0 0 0 0 0 0 0 0 0 0 0 0 0 0 0 0 0 0 0 0 0 0 0 0 0 0 0 0 0 0 0 0 0 0 0 1 0 0 0 0 0 0 0 0 0 0 0 0 0 0]
[2848296293220051825504735756935337025673571369604626192371742713462701118303226181767652517013893738887925648954736069018700343987979315716180232597890073338759839283201180940507431375249514629 0 0 0 0 0 0 0 0 0 0 0 0 0 0 0 0 0 0 0 0 0 0 0 0 0 0 0 0 0 0 0 0 0 0 0 0 0 0 0 0 0 0 0 0 0 0 0 0 0 1 0 0 0 0 0 0 0 0 0 0 0 0 0]
[2509877054970756891651325513073396726501926223729074082706151190937597869612892334280426928682782961208137323441673962880265072875182968256931433071926558545362626396164045166405833728436077701 0 0 0 0 0 0 0 0 0 0 0 0 0 0 0 0 0 0 0 0 0 0 0 0 0 0 0 0 0 0 0 0 0 0 0 0 0 0 0 0 0 0 0 0 0 0 0 0 0 0 1 0 0 0 0 0 0 0 0 0 0 0 0]
[1048991706682595280077867996642617558676116840810700482185691625553226602739638682354868217064291523858376866135550307154914235997624751238865281477395940466632631548457881247624738152226120983 0 0 0 0 0 0 0 0 0 0 0 0 0 0 0 0 0 0 0 0 0 0 0 0 0 0 0 0 0 0 0 0 0 0 0 0 0 0 0 0 0 0 0 0 0 0 0 0 0 0 0 1 0 0 0 0 0 0 0 0 0 0 0]
[2029028012164919984560548401514192534656599812527196231081293877473899135182989535881265646932188231990356079714097053457832602854146613525025094886838088168711994086317307854484261149842506973 0 0 0 0 0 0 0 0 0 0 0 0 0 0 0 0 0 0 0 0 0 0 0 0 0 0 0 0 0 0 0 0 0 0 0 0 0 0 0 0 0 0 0 0 0 0 0 0 0 0 0 0 1 0 0 0 0 0 0 0 0 0 0]
[1710728470399830285903126240961949041376124105443606220701292521109198380436530344879315507242894888957444434473063424596651808635354442550145940059159533147270878472558884223189440226872323396 0 0 0 0 0 0 0 0 0 0 0 0 0 0 0 0 0 0 0 0 0 0 0 0 0 0 0 0 0 0 0 0 0 0 0 0 0 0 0 0 0 0 0 0 0 0 0 0 0 0 0 0 0 1 0 0 0 0 0 0 0 0 0]
[1240519602102277889514831439249027538930266921059978492767308892367765706553130519012758033283013359832766742588029892310823858373788019108754211133978712844363651955229598269893109743872788674 0 0 0 0 0 0 0 0 0 0 0 0 0 0 0 0 0 0 0 0 0 0 0 0 0 0 0 0 0 0 0 0 0 0 0 0 0 0 0 0 0 0 0 0 0 0 0 0 0 0 0 0 0 0 1 0 0 0 0 0 0 0 0]
[1763725943363545643185319797655121195141013711489885191070961334137881444183327155401404061050771634339948901359649283608230302889839101034001736724946705004595941914310789405463711295037407249 0 0 0 0 0 0 0 0 0 0 0 0 0 0 0 0 0 0 0 0 0 0 0 0 0 0 0 0 0 0 0 0 0 0 0 0 0 0 0 0 0 0 0 0 0 0 0 0 0 0 0 0 0 0 0 1 0 0 0 0 0 0 0]
[419521740684603619902085386933495740940836528832191010987264217147062931926915509010655061146428982522998838902165020470440863440777463920288721613018388703260442376195504492126080413746141355 0 0 0 0 0 0 0 0 0 0 0 0 0 0 0 0 0 0 0 0 0 0 0 0 0 0 0 0 0 0 0 0 0 0 0 0 0 0 0 0 0 0 0 0 0 0 0 0 0 0 0 0 0 0 0 0 1 0 0 0 0 0 0]
[2449645188064478763338455513111475918538932247405404010359043984242754700577311332963924670888751534920349719941455471282327193898069222246854920768061287226014665709238798386920935759555968792 0 0 0 0 0 0 0 0 0 0 0 0 0 0 0 0 0 0 0 0 0 0 0 0 0 0 0 0 0 0 0 0 0 0 0 0 0 0 0 0 0 0 0 0 0 0 0 0 0 0 0 0 0 0 0 0 0 1 0 0 0 0 0]
[2222845539737191895182639907347669300773781133010338573921079021813951793989362020189106339964259893760611065278524486354521682562923983811780726695575359149361484444828815515922779229127017707 0 0 0 0 0 0 0 0 0 0 0 0 0 0 0 0 0 0 0 0 0 0 0 0 0 0 0 0 0 0 0 0 0 0 0 0 0 0 0 0 0 0 0 0 0 0 0 0 0 0 0 0 0 0 0 0 0 0 1 0 0 0 0]
[2408782391238786071270468474462549338864509829521253708688145716273381988985270115583457114391301370541246870904013466872556466768300865812756544446610064289478017456941373459391991306884573570 0 0 0 0 0 0 0 0 0 0 0 0 0 0 0 0 0 0 0 0 0 0 0 0 0 0 0 0 0 0 0 0 0 0 0 0 0 0 0 0 0 0 0 0 0 0 0 0 0 0 0 0 0 0 0 0 0 0 0 1 0 0 0]
[442876036880749124907510535127377114894765497726917206020212630085058899892639713372319869967316781453042078141400694053738076156760102096223467486990304182561840656075144005890152005883829219 0 0 0 0 0 0 0 0 0 0 0 0 0 0 0 0 0 0 0 0 0 0 0 0 0 0 0 0 0 0 0 0 0 0 0 0 0 0 0 0 0 0 0 0 0 0 0 0 0 0 0 0 0 0 0 0 0 0 0 0 1 0 0]
[2554732263116948991039834919727242914394792632188525348697385263571372960390692604239566453714122065414480035229916369542066131483068136747917507978017471497693212035977091101208743251294227008 0 0 0 0 0 0 0 0 0 0 0 0 0 0 0 0 0 0 0 0 0 0 0 0 0 0 0 0 0 0 0 0 0 0 0 0 0 0 0 0 0 0 0 0 0 0 0 0 0 0 0 0 0 0 0 0 0 0 0 0 0 1 0]
[2277078880528388558913176108752493571763302766573684278608099936945733944519842294967679719394531532939413813510866060671760294555658901175260578502430425103417339504148940518485187360432315677 0 0 0 0 0 0 0 0 0 0 0 0 0 0 0 0 0 0 0 0 0 0 0 0 0 0 0 0 0 0 0 0 0 0 0 0 0 0 0 0 0 0 0 0 0 0 0 0 0 0 0 0 0 0 0 0 0 0 0 0 0 0 1]
]
