[[5742332482114767376785842339314385126677734904743146013761829113896990245340424779972812761808942517166676482708987688039532346078402265297791635427275476115881294445449575115656795577103043992097693553944157141723956496349900330742610152655484890456854728508440828944864430331573582243207 0 0 0 0 0 0 0 0 0 0 0 0 0 0 0 0 0 0 0 0 0 0 0 0 0 0 0 0 0 0 0 0 0 0 0 0 0 0 0 0 0 0 0 0 0 0 0 0 0 0 0 0 0 0 0 0 0 0 0 0 0 0 0 0 0 0 0 0 0 0 0 0 0 0 0 0 0 0 0 0 0 0 0 0 0 0 0 0 0 0 0 0 0 0 0]
[1496082850485891792088374321909563798093884486451308322184063766619347793570194687587454296582572496082052070395649997501073455505472752947161265427796359025203858509161389539910914925855569440588803476083208534740335883572947964475058971684973108911920477233638105306872878118914740266068 1 0 0 0 0 0 0 0 0 0 0 0 0 0 0 0 0 0 0 0 0 0 0 0 0 0 0 0 0 0 0 0 0 0 0 0 0 0 0 0 0 0 0 0 0 0 0 0 0 0 0 0 0 0 0 0 0 0 0 0 0 0 0 0 0 0 0 0 0 0 0 0 0 0 0 0 0 0 0 0 0 0 0 0 0 0 0 0 0 0 0 0 0 0 0]
[2417009748774316872765311977295174693220757515528308809164585552189258115018377015449223458860099844275535751838778005766738396212192234965493360561030612808959258106941516555052399085122465158556048881029365230187001667175258828114015804473997099254256931492701167027650584533595640825409 0 1 0 0 0 0 0 0 0 0 0 0 0 0 0 0 0 0 0 0 0 0 0 0 0 0 0 0 0 0 0 0 0 0 0 0 0 0 0 0 0 0 0 0 0 0 0 0 0 0 0 0 0 0 0 0 0 0 0 0 0 0 0 0 0 0 0 0 0 0 0 0 0 0 0 0 0 0 0 0 0 0 0 0 0 0 0 0 0 0 0 0 0 0 0]
[1622668367109207474988434859153476848085129564916183663614401670883427473455719465724047086636021107930362941589893071890600711577304076016648592512064477210326926842294463864630642542675781510431719169846151669680935949537764470886755609203454206791168669086843382138849810497895394099306 0 0 1 0 0 0 0 0 0 0 0 0 0 0 0 0 0 0 0 0 0 0 0 0 0 0 0 0 0 0 0 0 0 0 0 0 0 0 0 0 0 0 0 0 0 0 0 0 0 0 0 0 0 0 0 0 0 0 0 0 0 0 0 0 0 0 0 0 0 0 0 0 0 0 0 0 0 0 0 0 0 0 0 0 0 0 0 0 0 0 0 0 0 0 0]
[2560715845767304940677523840433255495537415540543093277985730733200826647446277950686201540334963608058040738424045777347285218155160406679413390061549384013542304876617622301208531699836013816945708433781799185445778245185092516229234359075513155409745543845416175113627502569922080500392 0 0 0 1 0 0 0 0 0 0 0 0 0 0 0 0 0 0 0 0 0 0 0 0 0 0 0 0 0 0 0 0 0 0 0 0 0 0 0 0 0 0 0 0 0 0 0 0 0 0 0 0 0 0 0 0 0 0 0 0 0 0 0 0 0 0 0 0 0 0 0 0 0 0 0 0 0 0 0 0 0 0 0 0 0 0 0 0 0 0 0 0 0 0 0]
[4064865929554670095387799346558815075361632739590769583482586487408268696234832320264854288059474938845955497392451810316831885660332523609773899078425684211008310194026715023090195252966442806156796926619408243591110629283739998691457978413706403677724179917897740401669547271714601084843 0 0 0 0 1 0 0 0 0 0 0 0 0 0 0 0 0 0 0 0 0 0 0 0 0 0 0 0 0 0 0 0 0 0 0 0 0 0 0 0 0 0 0 0 0 0 0 0 0 0 0 0 0 0 0 0 0 0 0 0 0 0 0 0 0 0 0 0 0 0 0 0 0 0 0 0 0 0 0 0 0 0 0 0 0 0 0 0 0 0 0 0 0 0 0]
[2686024162727024191666961268668892256391694470192007618628094573882789234746151306679461601318511902498303153511771949573971910449725383806657853155602961220790367633119502506723587109019324997184818518521915020422538370964782438302402456910383892441594570943658120487513662678553427786067 0 0 0 0 0 1 0 0 0 0 0 0 0 0 0 0 0 0 0 0 0 0 0 0 0 0 0 0 0 0 0 0 0 0 0 0 0 0 0 0 0 0 0 0 0 0 0 0 0 0 0 0 0 0 0 0 0 0 0 0 0 0 0 0 0 0 0 0 0 0 0 0 0 0 0 0 0 0 0 0 0 0 0 0 0 0 0 0 0 0 0 0 0 0 0]
[4746181851547967368721446125598799938798083927283610842757667694671010933653519833455223410469609931558454301354175005975002755936720700167827236353828163834504836214502340523866979935102571080631191792192914235324351015621941484682770350734975751685891403001140760918090497269061746161284 0 0 0 0 0 0 1 0 0 0 0 0 0 0 0 0 0 0 0 0 0 0 0 0 0 0 0 0 0 0 0 0 0 0 0 0 0 0 0 0 0 0 0 0 0 0 0 0 0 0 0 0 0 0 0 0 0 0 0 0 0 0 0 0 0 0 0 0 0 0 0 0 0 0 0 0 0 0 0 0 0 0 0 0 0 0 0 0 0 0 0 0 0 0 0]
[4145866625549836243101926879727959458046019536466457303870085606917133488222797562291291192109474822827726884863929077098391554948474262813834067969567268714598096290206605576561672804942498136092418199533874748761335054349798255794478310566401351336608588514660302452375724177648497947653 0 0 0 0 0 0 0 1 0 0 0 0 0 0 0 0 0 0 0 0 0 0 0 0 0 0 0 0 0 0 0 0 0 0 0 0 0 0 0 0 0 0 0 0 0 0 0 0 0 0 0 0 0 0 0 0 0 0 0 0 0 0 0 0 0 0 0 0 0 0 0 0 0 0 0 0 0 0 0 0 0 0 0 0 0 0 0 0 0 0 0 0 0 0 0]
[2975567552231673736721469829002793713979184677856724631130775564938816508304173881487889957367241032580897082705435967592313084104417652994576772303771059528672073052427512917475627252482762344922234109484680155225242376636239887602660259733589754648764592711547268671559632738770549887954 0 0 0 0 0 0 0 0 1 0 0 0 0 0 0 0 0 0 0 0 0 0 0 0 0 0 0 0 0 0 0 0 0 0 0 0 0 0 0 0 0 0 0 0 0 0 0 0 0 0 0 0 0 0 0 0 0 0 0 0 0 0 0 0 0 0 0 0 0 0 0 0 0 0 0 0 0 0 0 0 0 0 0 0 0 0 0 0 0 0 0 0 0 0 0]
[2282707693456214031578069535807997941835652693848259092897236258728143051736293393497306177369165179448256780547467179067846359715597853558231861944539930094256784937928939966654379259034228746544063787915861384365804355599111898471239676869942627004862187478672536827672747151096933027903 0 0 0 0 0 0 0 0 0 1 0 0 0 0 0 0 0 0 0 0 0 0 0 0 0 0 0 0 0 0 0 0 0 0 0 0 0 0 0 0 0 0 0 0 0 0 0 0 0 0 0 0 0 0 0 0 0 0 0 0 0 0 0 0 0 0 0 0 0 0 0 0 0 0 0 0 0 0 0 0 0 0 0 0 0 0 0 0 0 0 0 0 0 0 0]
[537922036210273603911917071682113038896746544720264368456302446206512106768291648982057228925476762863121765746634988687615846724367761323635918373947444539207250364120583191598554475844349747263892050410710073989029448870342298804439276522564992162995798466018624376530515167471630913196 0 0 0 0 0 0 0 0 0 0 1 0 0 0 0 0 0 0 0 0 0 0 0 0 0 0 0 0 0 0 0 0 0 0 0 0 0 0 0 0 0 0 0 0 0 0 0 0 0 0 0 0 0 0 0 0 0 0 0 0 0 0 0 0 0 0 0 0 0 0 0 0 0 0 0 0 0 0 0 0 0 0 0 0 0 0 0 0 0 0 0 0 0 0 0]
[624169681235330673727871868153684397732700086008866654018535180657287531953243190192390710193023087222455228729041728543430225121677594725402502362500582044586441956102194433467060611441905412019750285790078210215385459621707004573146546139826520809362274838830438406062737578783524031877 0 0 0 0 0 0 0 0 0 0 0 1 0 0 0 0 0 0 0 0 0 0 0 0 0 0 0 0 0 0 0 0 0 0 0 0 0 0 0 0 0 0 0 0 0 0 0 0 0 0 0 0 0 0 0 0 0 0 0 0 0 0 0 0 0 0 0 0 0 0 0 0 0 0 0 0 0 0 0 0 0 0 0 0 0 0 0 0 0 0 0 0 0 0 0]
[2814409634685237025230267119154619035757571219032510946460521572555151557149021508722972105645763071928308063890738403246227818693314015097591359378719622869659891909846579893188894266477632104886082448148375895531318451099422802751532663804031313870015900436384829399194483437226466270427 0 0 0 0 0 0 0 0 0 0 0 0 1 0 0 0 0 0 0 0 0 0 0 0 0 0 0 0 0 0 0 0 0 0 0 0 0 0 0 0 0 0 0 0 0 0 0 0 0 0 0 0 0 0 0 0 0 0 0 0 0 0 0 0 0 0 0 0 0 0 0 0 0 0 0 0 0 0 0 0 0 0 0 0 0 0 0 0 0 0 0 0 0 0 0]
[3285885446621192429403470676833147166602509150050725774523052089025788228989897746884310415596724896112281680908091303799838662825188116962649932101596973516643063938884210521190541640984733109834362953343151128503863001991697003618498865680615631847576268912631647624813442948284476203637 0 0 0 0 0 0 0 0 0 0 0 0 0 1 0 0 0 0 0 0 0 0 0 0 0 0 0 0 0 0 0 0 0 0 0 0 0 0 0 0 0 0 0 0 0 0 0 0 0 0 0 0 0 0 0 0 0 0 0 0 0 0 0 0 0 0 0 0 0 0 0 0 0 0 0 0 0 0 0 0 0 0 0 0 0 0 0 0 0 0 0 0 0 0 0]
[4466993179785915988754834679228780424895212960823844401020535791849206268903854314301919291696013521400123463260951948913848795708437680745075275506596638395670625478351408501817226349606497092832719633486601315774747407769207861846390184214997514022945828614207658189791893217712337876489 0 0 0 0 0 0 0 0 0 0 0 0 0 0 1 0 0 0 0 0 0 0 0 0 0 0 0 0 0 0 0 0 0 0 0 0 0 0 0 0 0 0 0 0 0 0 0 0 0 0 0 0 0 0 0 0 0 0 0 0 0 0 0 0 0 0 0 0 0 0 0 0 0 0 0 0 0 0 0 0 0 0 0 0 0 0 0 0 0 0 0 0 0 0 0]
[602105951294120649774750469705516529737546220395598440842631050350289987114501534063328881994757779383937334496027749193481853705101970895459394414033944201429362403708931765885886371564466082866319458643360433442973992226577191957905120662504512887022656334012900715447776768975167113183 0 0 0 0 0 0 0 0 0 0 0 0 0 0 0 1 0 0 0 0 0 0 0 0 0 0 0 0 0 0 0 0 0 0 0 0 0 0 0 0 0 0 0 0 0 0 0 0 0 0 0 0 0 0 0 0 0 0 0 0 0 0 0 0 0 0 0 0 0 0 0 0 0 0 0 0 0 0 0 0 0 0 0 0 0 0 0 0 0 0 0 0 0 0 0]
[4617867294465588728360448404140396168566973271921689997317105375890769986114496938350342607158102098662677988958104508126724736841894060576442332138084820091710436258246361444259756461825608463318274716296095019665621690580879504540017467503038957185937016643321918172695840476863068168825 0 0 0 0 0 0 0 0 0 0 0 0 0 0 0 0 1 0 0 0 0 0 0 0 0 0 0 0 0 0 0 0 0 0 0 0 0 0 0 0 0 0 0 0 0 0 0 0 0 0 0 0 0 0 0 0 0 0 0 0 0 0 0 0 0 0 0 0 0 0 0 0 0 0 0 0 0 0 0 0 0 0 0 0 0 0 0 0 0 0 0 0 0 0 0]
[2854483959649115331981803427818812075573476669909289359107644466025688165378520012592715583553553201160668662417201347758611163115365291279054501464828578201571160739335491288779545835309726162514525725801928348378349153302856791696971031821351502696423397276707605516455134737737898816256 0 0 0 0 0 0 0 0 0 0 0 0 0 0 0 0 0 1 0 0 0 0 0 0 0 0 0 0 0 0 0 0 0 0 0 0 0 0 0 0 0 0 0 0 0 0 0 0 0 0 0 0 0 0 0 0 0 0 0 0 0 0 0 0 0 0 0 0 0 0 0 0 0 0 0 0 0 0 0 0 0 0 0 0 0 0 0 0 0 0 0 0 0 0 0]
[2539049607366094282442539358634330020705093053483993238102459256285316665092735373164683365239701545586428942732293042141565459030686373855582609561661048315103900826918314820631271902257503388353078257120987767225585883872529526280774278591734076208679342011197997675852478114829389137360 0 0 0 0 0 0 0 0 0 0 0 0 0 0 0 0 0 0 1 0 0 0 0 0 0 0 0 0 0 0 0 0 0 0 0 0 0 0 0 0 0 0 0 0 0 0 0 0 0 0 0 0 0 0 0 0 0 0 0 0 0 0 0 0 0 0 0 0 0 0 0 0 0 0 0 0 0 0 0 0 0 0 0 0 0 0 0 0 0 0 0 0 0 0 0]
[3772095835321673529471793120286110184441903476929120955528555954425051324506038725839690159208628169099736196383667971866207970250660785987095135653884026467927637148436614222985226987289963658266489310273831007657732887138849439643141264872421830715034907156331325975567859528491313904410 0 0 0 0 0 0 0 0 0 0 0 0 0 0 0 0 0 0 0 1 0 0 0 0 0 0 0 0 0 0 0 0 0 0 0 0 0 0 0 0 0 0 0 0 0 0 0 0 0 0 0 0 0 0 0 0 0 0 0 0 0 0 0 0 0 0 0 0 0 0 0 0 0 0 0 0 0 0 0 0 0 0 0 0 0 0 0 0 0 0 0 0 0 0 0]
[862303890182858720879794181603739821793536996049224792824481557039919263292553394548885395158031339542842349003948963203602164412313545509477611968197452737545162768676385227504953630939079660249636852276865685920089975846110570004174769842976542847593026048140198256686436279439720389693 0 0 0 0 0 0 0 0 0 0 0 0 0 0 0 0 0 0 0 0 1 0 0 0 0 0 0 0 0 0 0 0 0 0 0 0 0 0 0 0 0 0 0 0 0 0 0 0 0 0 0 0 0 0 0 0 0 0 0 0 0 0 0 0 0 0 0 0 0 0 0 0 0 0 0 0 0 0 0 0 0 0 0 0 0 0 0 0 0 0 0 0 0 0 0]
[1399094426065363933691682551235518375787476114911971159551690858457384796685908283445283559527721314589831146222331091836915536729535059184536525558578456579529313151592283402765540671272007722815735525752271944346760328499984722528333911734504106602696956400606786547287867084498916018795 0 0 0 0 0 0 0 0 0 0 0 0 0 0 0 0 0 0 0 0 0 1 0 0 0 0 0 0 0 0 0 0 0 0 0 0 0 0 0 0 0 0 0 0 0 0 0 0 0 0 0 0 0 0 0 0 0 0 0 0 0 0 0 0 0 0 0 0 0 0 0 0 0 0 0 0 0 0 0 0 0 0 0 0 0 0 0 0 0 0 0 0 0 0 0]
[162745026854885072211926224862987441329025125471100029635659032194782665955490979236844716276759342582731981762956822008075933443401330038707672982165418365674265949909438713310272383745112129996166412853204169305096782116511018092617532854522313456884269405375711143876412455420908062602 0 0 0 0 0 0 0 0 0 0 0 0 0 0 0 0 0 0 0 0 0 0 1 0 0 0 0 0 0 0 0 0 0 0 0 0 0 0 0 0 0 0 0 0 0 0 0 0 0 0 0 0 0 0 0 0 0 0 0 0 0 0 0 0 0 0 0 0 0 0 0 0 0 0 0 0 0 0 0 0 0 0 0 0 0 0 0 0 0 0 0 0 0 0 0]
[747285670253726180488094000473463651152883506420768743167688214303851423836911053839545905056539166373842977150746351608777378555316870320338785104122130139653842429281511317911059884046132923593630636397457846402264476815532411682670168574275383841813862352564194573661899522111162537179 0 0 0 0 0 0 0 0 0 0 0 0 0 0 0 0 0 0 0 0 0 0 0 1 0 0 0 0 0 0 0 0 0 0 0 0 0 0 0 0 0 0 0 0 0 0 0 0 0 0 0 0 0 0 0 0 0 0 0 0 0 0 0 0 0 0 0 0 0 0 0 0 0 0 0 0 0 0 0 0 0 0 0 0 0 0 0 0 0 0 0 0 0 0 0]
[5017382173802715389106123155720943759303742102154381401784793977285620250280752089074640957018007518917412734606988241016537910769694193162594587919527018286627918972508575925831482858956343516397382724503609873402109902543978296233046818329093094526923599046907643924676721857038730125247 0 0 0 0 0 0 0 0 0 0 0 0 0 0 0 0 0 0 0 0 0 0 0 0 1 0 0 0 0 0 0 0 0 0 0 0 0 0 0 0 0 0 0 0 0 0 0 0 0 0 0 0 0 0 0 0 0 0 0 0 0 0 0 0 0 0 0 0 0 0 0 0 0 0 0 0 0 0 0 0 0 0 0 0 0 0 0 0 0 0 0 0 0 0 0]
[208855902688614988762115005798637955020080868658472389663529134529815940750586906190621213616956956421607182979063173045451474400268309311565046420779410495557681484564558278931643859751752720453526306782750307506749555525898793208157800606252305108997513142951625115079453410374324737048 0 0 0 0 0 0 0 0 0 0 0 0 0 0 0 0 0 0 0 0 0 0 0 0 0 1 0 0 0 0 0 0 0 0 0 0 0 0 0 0 0 0 0 0 0 0 0 0 0 0 0 0 0 0 0 0 0 0 0 0 0 0 0 0 0 0 0 0 0 0 0 0 0 0 0 0 0 0 0 0 0 0 0 0 0 0 0 0 0 0 0 0 0 0 0]
[4602862006715687305208728733858670641805862625683007729224234880696119837523142836963127096010874834855490315586751892346495404001613212927086689971951150509899880584558525026370830206195611461673568905039693828026882594903458876894051853366230392004678180504043575436788964925063651055766 0 0 0 0 0 0 0 0 0 0 0 0 0 0 0 0 0 0 0 0 0 0 0 0 0 0 1 0 0 0 0 0 0 0 0 0 0 0 0 0 0 0 0 0 0 0 0 0 0 0 0 0 0 0 0 0 0 0 0 0 0 0 0 0 0 0 0 0 0 0 0 0 0 0 0 0 0 0 0 0 0 0 0 0 0 0 0 0 0 0 0 0 0 0 0]
[3244879472828445139400316236856360565314550464765246353590590108237365391014673348049126667120042376718762556195818313249568663055443696222497204048068991618108315039345596645015270298519541609978590818593636423443317060499802550100275444531712125222261181079717273878892056898821298242812 0 0 0 0 0 0 0 0 0 0 0 0 0 0 0 0 0 0 0 0 0 0 0 0 0 0 0 1 0 0 0 0 0 0 0 0 0 0 0 0 0 0 0 0 0 0 0 0 0 0 0 0 0 0 0 0 0 0 0 0 0 0 0 0 0 0 0 0 0 0 0 0 0 0 0 0 0 0 0 0 0 0 0 0 0 0 0 0 0 0 0 0 0 0 0]
[3914042786241277854109635621595671462889386828399254273738186813213893679223176353133658664789378708562055053343616596821085491994014404871636528654008047418891419555615582139690366058760377686579045098637657254023281261406014267453029650430581244130774481889193529516743257577766982923076 0 0 0 0 0 0 0 0 0 0 0 0 0 0 0 0 0 0 0 0 0 0 0 0 0 0 0 0 1 0 0 0 0 0 0 0 0 0 0 0 0 0 0 0 0 0 0 0 0 0 0 0 0 0 0 0 0 0 0 0 0 0 0 0 0 0 0 0 0 0 0 0 0 0 0 0 0 0 0 0 0 0 0 0 0 0 0 0 0 0 0 0 0 0 0]
[5282276998510763086508098057960392186466135511310516235675061268686262427018849505976004520772566715751018737973955786834997224009062447283498478644549614957200495927646665309853981398289675845037471998374900714675249377075112289019359845866370918574503261577708186448545174994577506111723 0 0 0 0 0 0 0 0 0 0 0 0 0 0 0 0 0 0 0 0 0 0 0 0 0 0 0 0 0 1 0 0 0 0 0 0 0 0 0 0 0 0 0 0 0 0 0 0 0 0 0 0 0 0 0 0 0 0 0 0 0 0 0 0 0 0 0 0 0 0 0 0 0 0 0 0 0 0 0 0 0 0 0 0 0 0 0 0 0 0 0 0 0 0 0]
[481044150215875581293198913259490469959801916620139273358959367316384094917672407205311665373835689869257936370997419498327775376901592613381530735176369536718392194436961077682428726339075951121626786795881024171058073429395347437281477853995030884257074127890659437536942902106341569296 0 0 0 0 0 0 0 0 0 0 0 0 0 0 0 0 0 0 0 0 0 0 0 0 0 0 0 0 0 0 1 0 0 0 0 0 0 0 0 0 0 0 0 0 0 0 0 0 0 0 0 0 0 0 0 0 0 0 0 0 0 0 0 0 0 0 0 0 0 0 0 0 0 0 0 0 0 0 0 0 0 0 0 0 0 0 0 0 0 0 0 0 0 0 0]
[309837957186678711862414013255994451000179743702986923166955285730915824173336588648861410284377630440822838134954439647191401281541627304146575612440616798474386343823310582183100463223935917326940539098899764578679403704857010367549533599359735095310146276776803226689615461847570238964 0 0 0 0 0 0 0 0 0 0 0 0 0 0 0 0 0 0 0 0 0 0 0 0 0 0 0 0 0 0 0 1 0 0 0 0 0 0 0 0 0 0 0 0 0 0 0 0 0 0 0 0 0 0 0 0 0 0 0 0 0 0 0 0 0 0 0 0 0 0 0 0 0 0 0 0 0 0 0 0 0 0 0 0 0 0 0 0 0 0 0 0 0 0 0]
[639548094986100273547253353226678646174159154152154767063444500252134415876229397854411690137817606243990453482470705775719286587698300397566170988422974497382181228376809279637231925398268926431701787606491554186328760699187999832844318188238110237343319802851486635055994696606596635967 0 0 0 0 0 0 0 0 0 0 0 0 0 0 0 0 0 0 0 0 0 0 0 0 0 0 0 0 0 0 0 0 1 0 0 0 0 0 0 0 0 0 0 0 0 0 0 0 0 0 0 0 0 0 0 0 0 0 0 0 0 0 0 0 0 0 0 0 0 0 0 0 0 0 0 0 0 0 0 0 0 0 0 0 0 0 0 0 0 0 0 0 0 0 0]
[3783035808865130752928607057486310206125772601553757855222787524563830961327329665655294231566374738442942394538795943046055310581634404434258709556695706846656282408909436007108381126328303405910575398174074741103287286344122840120458171811045186302124464428944036133366379526423275543070 0 0 0 0 0 0 0 0 0 0 0 0 0 0 0 0 0 0 0 0 0 0 0 0 0 0 0 0 0 0 0 0 0 1 0 0 0 0 0 0 0 0 0 0 0 0 0 0 0 0 0 0 0 0 0 0 0 0 0 0 0 0 0 0 0 0 0 0 0 0 0 0 0 0 0 0 0 0 0 0 0 0 0 0 0 0 0 0 0 0 0 0 0 0 0]
[3905827157867245253152883235375893697764445866133279998053725018036370859126068467706286541179126968986766666888953802870135865660981874858022931612850168352360573740509519592861910401856775864778689717118593194358053126039305901966252492772609568154891824493206487858001939396047773508532 0 0 0 0 0 0 0 0 0 0 0 0 0 0 0 0 0 0 0 0 0 0 0 0 0 0 0 0 0 0 0 0 0 0 1 0 0 0 0 0 0 0 0 0 0 0 0 0 0 0 0 0 0 0 0 0 0 0 0 0 0 0 0 0 0 0 0 0 0 0 0 0 0 0 0 0 0 0 0 0 0 0 0 0 0 0 0 0 0 0 0 0 0 0 0]
[3438424153757068047557388182949947212404995642294187152795208752250117341620008022803619344717960956337722061731948478635608946630462397194059552477183923026235897015992249211083184271901248687804283419961180149359642037618405661195350667146793417555805365205696893992271317068496856344140 0 0 0 0 0 0 0 0 0 0 0 0 0 0 0 0 0 0 0 0 0 0 0 0 0 0 0 0 0 0 0 0 0 0 0 1 0 0 0 0 0 0 0 0 0 0 0 0 0 0 0 0 0 0 0 0 0 0 0 0 0 0 0 0 0 0 0 0 0 0 0 0 0 0 0 0 0 0 0 0 0 0 0 0 0 0 0 0 0 0 0 0 0 0 0]
[3213872690100018205064742743545253404317825880939896689962904875097975586837559702172943278752449923620783369766243531379652893483840033245643761633624401918318067498584394718651289317769410734873356799554094167132364949143125341229642848056647191636192372134780847256770827117220415332362 0 0 0 0 0 0 0 0 0 0 0 0 0 0 0 0 0 0 0 0 0 0 0 0 0 0 0 0 0 0 0 0 0 0 0 0 1 0 0 0 0 0 0 0 0 0 0 0 0 0 0 0 0 0 0 0 0 0 0 0 0 0 0 0 0 0 0 0 0 0 0 0 0 0 0 0 0 0 0 0 0 0 0 0 0 0 0 0 0 0 0 0 0 0 0]
[2953276099724277262244385476053695998526064168865578870317181391367604317069965882050547986473305121357672908952702306111754567491079724562397422403454369749639040822729170454977672310313157574601584331829514878826808626347422159544702623592604649050530901222580891488477464248746606352116 0 0 0 0 0 0 0 0 0 0 0 0 0 0 0 0 0 0 0 0 0 0 0 0 0 0 0 0 0 0 0 0 0 0 0 0 0 1 0 0 0 0 0 0 0 0 0 0 0 0 0 0 0 0 0 0 0 0 0 0 0 0 0 0 0 0 0 0 0 0 0 0 0 0 0 0 0 0 0 0 0 0 0 0 0 0 0 0 0 0 0 0 0 0 0]
[911874736909930713502806643076657594111188383454673298039363755596911726168575152825747889888481058368716410212513853313814435994116473381303816533756865054538242219667434290502952617866526776218322912753668091697824980522026749393244109575900624059317690078996285481666864898861596042501 0 0 0 0 0 0 0 0 0 0 0 0 0 0 0 0 0 0 0 0 0 0 0 0 0 0 0 0 0 0 0 0 0 0 0 0 0 0 1 0 0 0 0 0 0 0 0 0 0 0 0 0 0 0 0 0 0 0 0 0 0 0 0 0 0 0 0 0 0 0 0 0 0 0 0 0 0 0 0 0 0 0 0 0 0 0 0 0 0 0 0 0 0 0 0]
[1429134766070438244604683667220288869553199129523185295753807732076483483173258149756896525877216582359349114169891148746215947629542580203867124505248330579706426529345845429956017001812637247587365631107212100063466118810087538799774485868671358036166932261166565046512415630577576544570 0 0 0 0 0 0 0 0 0 0 0 0 0 0 0 0 0 0 0 0 0 0 0 0 0 0 0 0 0 0 0 0 0 0 0 0 0 0 0 1 0 0 0 0 0 0 0 0 0 0 0 0 0 0 0 0 0 0 0 0 0 0 0 0 0 0 0 0 0 0 0 0 0 0 0 0 0 0 0 0 0 0 0 0 0 0 0 0 0 0 0 0 0 0 0]
[1865792485904581491358767486997128438163791307399798002471017076009833120172046873210909953570261937785355392540438632612290947432629557821339871233279065636242088606741289021867284021992121652736688034580822564826737131263368746608814305989150616352303578542509949342374925791519916460108 0 0 0 0 0 0 0 0 0 0 0 0 0 0 0 0 0 0 0 0 0 0 0 0 0 0 0 0 0 0 0 0 0 0 0 0 0 0 0 0 1 0 0 0 0 0 0 0 0 0 0 0 0 0 0 0 0 0 0 0 0 0 0 0 0 0 0 0 0 0 0 0 0 0 0 0 0 0 0 0 0 0 0 0 0 0 0 0 0 0 0 0 0 0 0]
[5007404285997553636971314910816460796812060744795296966443167102451448919019172204124998797206956195694258135089738394437798428981891310902728766476630167213827271340979389253052691612121068259968174139134471460072534272902690844464822282636497393792547879719767689046243265394796498059903 0 0 0 0 0 0 0 0 0 0 0 0 0 0 0 0 0 0 0 0 0 0 0 0 0 0 0 0 0 0 0 0 0 0 0 0 0 0 0 0 0 1 0 0 0 0 0 0 0 0 0 0 0 0 0 0 0 0 0 0 0 0 0 0 0 0 0 0 0 0 0 0 0 0 0 0 0 0 0 0 0 0 0 0 0 0 0 0 0 0 0 0 0 0 0]
[4931670166279923920997764241157859431466907280449414416658553734893497756590733035754329804508988657527073006561570609858981820628127197920978125327309220338446700046749043302512487376287779135610848273490652631189534461308914127605980052636828292460345088192055208011932542834197390460093 0 0 0 0 0 0 0 0 0 0 0 0 0 0 0 0 0 0 0 0 0 0 0 0 0 0 0 0 0 0 0 0 0 0 0 0 0 0 0 0 0 0 1 0 0 0 0 0 0 0 0 0 0 0 0 0 0 0 0 0 0 0 0 0 0 0 0 0 0 0 0 0 0 0 0 0 0 0 0 0 0 0 0 0 0 0 0 0 0 0 0 0 0 0 0]
[3261840827382769668792482834647184052591338096002863725922353630261919728415836600604418073740924920528606452558916543625968970476598852338515682451410652726081139368551985239268141707706752049096761359552145880376070001311554948594059882246332280371154485312424722771521076237464714530850 0 0 0 0 0 0 0 0 0 0 0 0 0 0 0 0 0 0 0 0 0 0 0 0 0 0 0 0 0 0 0 0 0 0 0 0 0 0 0 0 0 0 0 1 0 0 0 0 0 0 0 0 0 0 0 0 0 0 0 0 0 0 0 0 0 0 0 0 0 0 0 0 0 0 0 0 0 0 0 0 0 0 0 0 0 0 0 0 0 0 0 0 0 0 0]
[3660173216017186410376285105876137143089425952665047620287614743010968852229507758735224062509116959369212332265683272348573103216168400417357192063206640184999462020410810961660774263403788354640694528717249384426076574855856770030787168508682082877549942555062850684554674980306761802084 0 0 0 0 0 0 0 0 0 0 0 0 0 0 0 0 0 0 0 0 0 0 0 0 0 0 0 0 0 0 0 0 0 0 0 0 0 0 0 0 0 0 0 0 1 0 0 0 0 0 0 0 0 0 0 0 0 0 0 0 0 0 0 0 0 0 0 0 0 0 0 0 0 0 0 0 0 0 0 0 0 0 0 0 0 0 0 0 0 0 0 0 0 0 0]
[1162517059177949504905600406155365947275869508642701787181687030606343250135303994619548185136145208411095964435451741095840393678140797706459681664359213298440101894014425210958565278873823143915159138353766884591121935377822117913941096354032478571890974193721709902643904700990607207196 0 0 0 0 0 0 0 0 0 0 0 0 0 0 0 0 0 0 0 0 0 0 0 0 0 0 0 0 0 0 0 0 0 0 0 0 0 0 0 0 0 0 0 0 0 1 0 0 0 0 0 0 0 0 0 0 0 0 0 0 0 0 0 0 0 0 0 0 0 0 0 0 0 0 0 0 0 0 0 0 0 0 0 0 0 0 0 0 0 0 0 0 0 0 0]
[69073882548272807183014982420442264957517859350933698286383367739165105676913287555167594265176535208808466803006832892266304599652875865181161969824615766684309030589970503313794388905860930986262980251772354646851678470654778874950550122698333343631191576256121723372367249307327963774 0 0 0 0 0 0 0 0 0 0 0 0 0 0 0 0 0 0 0 0 0 0 0 0 0 0 0 0 0 0 0 0 0 0 0 0 0 0 0 0 0 0 0 0 0 0 1 0 0 0 0 0 0 0 0 0 0 0 0 0 0 0 0 0 0 0 0 0 0 0 0 0 0 0 0 0 0 0 0 0 0 0 0 0 0 0 0 0 0 0 0 0 0 0 0]
[5289601719971553832021618175010935784124488286351813816380787095885679421637701889127469648703158072791125099489267645752040851386537284460218832436916454661471894562235174783302178436290411831682456303050928017823173672986052426971146430861289030325558591512908559286253578515629833609246 0 0 0 0 0 0 0 0 0 0 0 0 0 0 0 0 0 0 0 0 0 0 0 0 0 0 0 0 0 0 0 0 0 0 0 0 0 0 0 0 0 0 0 0 0 0 0 1 0 0 0 0 0 0 0 0 0 0 0 0 0 0 0 0 0 0 0 0 0 0 0 0 0 0 0 0 0 0 0 0 0 0 0 0 0 0 0 0 0 0 0 0 0 0 0]
[3038950334319617856020585090000938102260761693025394246261629905677859497150707484768998708981321391584398554766918049016614348710611432854690396694436741683389948650062139571664595502352238735483487675404905255603445625667526898002161640474379400194452718878292336917216993299513497347295 0 0 0 0 0 0 0 0 0 0 0 0 0 0 0 0 0 0 0 0 0 0 0 0 0 0 0 0 0 0 0 0 0 0 0 0 0 0 0 0 0 0 0 0 0 0 0 0 1 0 0 0 0 0 0 0 0 0 0 0 0 0 0 0 0 0 0 0 0 0 0 0 0 0 0 0 0 0 0 0 0 0 0 0 0 0 0 0 0 0 0 0 0 0 0]
[3878160073098420805727643373520997750103707890773658507913826687326627467073688536330983465073735641191601941644827883910168535760291010782044809992288329968662702767205895312354786870503487295714545692078421392456332607182522557027452353247493393659233231660999527380579161495200299850271 0 0 0 0 0 0 0 0 0 0 0 0 0 0 0 0 0 0 0 0 0 0 0 0 0 0 0 0 0 0 0 0 0 0 0 0 0 0 0 0 0 0 0 0 0 0 0 0 0 1 0 0 0 0 0 0 0 0 0 0 0 0 0 0 0 0 0 0 0 0 0 0 0 0 0 0 0 0 0 0 0 0 0 0 0 0 0 0 0 0 0 0 0 0 0]
[923477492598195613645478570975592023014994333130869629245927400188692851643366214920894683934898119164177067297264948708108344898742351275630666871571483472381037071657955747961598664835712190550036004690002455259384440463117641178295853449482266585889687974758787456988207769327400194520 0 0 0 0 0 0 0 0 0 0 0 0 0 0 0 0 0 0 0 0 0 0 0 0 0 0 0 0 0 0 0 0 0 0 0 0 0 0 0 0 0 0 0 0 0 0 0 0 0 0 1 0 0 0 0 0 0 0 0 0 0 0 0 0 0 0 0 0 0 0 0 0 0 0 0 0 0 0 0 0 0 0 0 0 0 0 0 0 0 0 0 0 0 0 0]
[4369174418525590762250664139501543597533199020884167044445336577804961800540770876806839195392477729304384493908148317363173625731474555234483219978836759508005216164199304557659528254075844786208875482249574054719383162795553533836181324313048275698428209031638920309440168312001269012507 0 0 0 0 0 0 0 0 0 0 0 0 0 0 0 0 0 0 0 0 0 0 0 0 0 0 0 0 0 0 0 0 0 0 0 0 0 0 0 0 0 0 0 0 0 0 0 0 0 0 0 1 0 0 0 0 0 0 0 0 0 0 0 0 0 0 0 0 0 0 0 0 0 0 0 0 0 0 0 0 0 0 0 0 0 0 0 0 0 0 0 0 0 0 0]
[4293386412540580855177178991084862399501078280778192410065988341076529231358685015921837808933122493970370909306311975434112285791404351687421874356667302205592183104313769813995753472510616254855345258353749425720428625489576975936986359488254832272668770046280568652900066626223672619542 0 0 0 0 0 0 0 0 0 0 0 0 0 0 0 0 0 0 0 0 0 0 0 0 0 0 0 0 0 0 0 0 0 0 0 0 0 0 0 0 0 0 0 0 0 0 0 0 0 0 0 0 1 0 0 0 0 0 0 0 0 0 0 0 0 0 0 0 0 0 0 0 0 0 0 0 0 0 0 0 0 0 0 0 0 0 0 0 0 0 0 0 0 0 0]
[5176479642860547122174593888489370896130616261638254096487781683910681392665700263253235865557528711894310867978927428836234787713516214446697290785647667731254524455821104652886810517750572842373741630047379938704987077714410682939470034033455826479469339479268271866646914075835126534845 0 0 0 0 0 0 0 0 0 0 0 0 0 0 0 0 0 0 0 0 0 0 0 0 0 0 0 0 0 0 0 0 0 0 0 0 0 0 0 0 0 0 0 0 0 0 0 0 0 0 0 0 0 1 0 0 0 0 0 0 0 0 0 0 0 0 0 0 0 0 0 0 0 0 0 0 0 0 0 0 0 0 0 0 0 0 0 0 0 0 0 0 0 0 0]
[4150457560920938333631903875153719192621958677166708583483849289949331317310708187213035439006462979097410555224179567660126063956910999171397909067095748318444835607212259624299059241588213023936076793180154044293299315346711001168075223546840699577834058276183416226461464683845284256902 0 0 0 0 0 0 0 0 0 0 0 0 0 0 0 0 0 0 0 0 0 0 0 0 0 0 0 0 0 0 0 0 0 0 0 0 0 0 0 0 0 0 0 0 0 0 0 0 0 0 0 0 0 0 1 0 0 0 0 0 0 0 0 0 0 0 0 0 0 0 0 0 0 0 0 0 0 0 0 0 0 0 0 0 0 0 0 0 0 0 0 0 0 0 0]
[1215377063099876865794245888052304790973775249617008861272696553845824975033372328168254573436773694082975745474888383027982352535105994284548253898374216211045376889716899660648962184445712678132400945952698400321834302489407280505823755685257863036446185122703996677702507382554102667928 0 0 0 0 0 0 0 0 0 0 0 0 0 0 0 0 0 0 0 0 0 0 0 0 0 0 0 0 0 0 0 0 0 0 0 0 0 0 0 0 0 0 0 0 0 0 0 0 0 0 0 0 0 0 0 1 0 0 0 0 0 0 0 0 0 0 0 0 0 0 0 0 0 0 0 0 0 0 0 0 0 0 0 0 0 0 0 0 0 0 0 0 0 0 0]
[1755298520519773224526720112762114925068647301476858949851765897529985890243671592690936866508791670559776255930737581111969075274738034750286332419406155753542126615313230101318150270544694143214449947817886497243594113987578343397384114151907582535848359539589757518249965327918763587430 0 0 0 0 0 0 0 0 0 0 0 0 0 0 0 0 0 0 0 0 0 0 0 0 0 0 0 0 0 0 0 0 0 0 0 0 0 0 0 0 0 0 0 0 0 0 0 0 0 0 0 0 0 0 0 0 1 0 0 0 0 0 0 0 0 0 0 0 0 0 0 0 0 0 0 0 0 0 0 0 0 0 0 0 0 0 0 0 0 0 0 0 0 0 0]
[4527558398016132792941011009927277427398416717953603273611896720326734737079451348767612838078820704576385099462512886574650778109308328696180022193509717213871007659266473649098015963790816329444765173720873456387676271624045414779771651894545433912652509194733840575279811874434253933756 0 0 0 0 0 0 0 0 0 0 0 0 0 0 0 0 0 0 0 0 0 0 0 0 0 0 0 0 0 0 0 0 0 0 0 0 0 0 0 0 0 0 0 0 0 0 0 0 0 0 0 0 0 0 0 0 0 1 0 0 0 0 0 0 0 0 0 0 0 0 0 0 0 0 0 0 0 0 0 0 0 0 0 0 0 0 0 0 0 0 0 0 0 0 0]
[296355108527726402757388345877990316490538951134686598949180994660742366814659323174484067408303096892627032430761228432839116511385601143895064975491975282189374406736943885680102346513835905390631846096671691226025296097775516843206795237084107243316904870738464125570721012795498364655 0 0 0 0 0 0 0 0 0 0 0 0 0 0 0 0 0 0 0 0 0 0 0 0 0 0 0 0 0 0 0 0 0 0 0 0 0 0 0 0 0 0 0 0 0 0 0 0 0 0 0 0 0 0 0 0 0 0 1 0 0 0 0 0 0 0 0 0 0 0 0 0 0 0 0 0 0 0 0 0 0 0 0 0 0 0 0 0 0 0 0 0 0 0 0]
[3078131328578311467918947534571481319035871568455309309051496011914363998340725655027818387987601389164634447135129988652496754731665256935229846108561417447696834586761966124335831322284328688988022016650640130679569100667807314818768868718243802267488200240514490614139944992223599977863 0 0 0 0 0 0 0 0 0 0 0 0 0 0 0 0 0 0 0 0 0 0 0 0 0 0 0 0 0 0 0 0 0 0 0 0 0 0 0 0 0 0 0 0 0 0 0 0 0 0 0 0 0 0 0 0 0 0 0 1 0 0 0 0 0 0 0 0 0 0 0 0 0 0 0 0 0 0 0 0 0 0 0 0 0 0 0 0 0 0 0 0 0 0 0]
[2406660937857485006904804665140518905955018145774658986869558448750549368950762872167982618375066825037007877890721152015946432139470192456898013130656570143546503539450866887605788008285569885144973949029404565778090286415370448753436120409054718534513453991165398860962287705959725442179 0 0 0 0 0 0 0 0 0 0 0 0 0 0 0 0 0 0 0 0 0 0 0 0 0 0 0 0 0 0 0 0 0 0 0 0 0 0 0 0 0 0 0 0 0 0 0 0 0 0 0 0 0 0 0 0 0 0 0 0 1 0 0 0 0 0 0 0 0 0 0 0 0 0 0 0 0 0 0 0 0 0 0 0 0 0 0 0 0 0 0 0 0 0 0]
[4445432219772185366931196028879394388896960797049074646794891957964157539050140577094649316766475729384055337824548918934924237021469911955895503311763885042547378894362721774381222103043024494538010204561688624633677853868780705731344370092796247857887058610367158035139170156898058311967 0 0 0 0 0 0 0 0 0 0 0 0 0 0 0 0 0 0 0 0 0 0 0 0 0 0 0 0 0 0 0 0 0 0 0 0 0 0 0 0 0 0 0 0 0 0 0 0 0 0 0 0 0 0 0 0 0 0 0 0 0 1 0 0 0 0 0 0 0 0 0 0 0 0 0 0 0 0 0 0 0 0 0 0 0 0 0 0 0 0 0 0 0 0 0]
[5480797925155232784135853981907408113339789893901737857394997990550793277677550700515034252858877270517175715023897285848274915574547068654780380803242286062427336842163038211971385024073983726484427202279603791778778627745020683294558382379955058730485640596404053523368021797266733179733 0 0 0 0 0 0 0 0 0 0 0 0 0 0 0 0 0 0 0 0 0 0 0 0 0 0 0 0 0 0 0 0 0 0 0 0 0 0 0 0 0 0 0 0 0 0 0 0 0 0 0 0 0 0 0 0 0 0 0 0 0 0 1 0 0 0 0 0 0 0 0 0 0 0 0 0 0 0 0 0 0 0 0 0 0 0 0 0 0 0 0 0 0 0 0]
[1824301777116597331141686392688608850601929679383512408922331176777444866715078066683049524648406989186723336298228383527516414994122323558484831327450252066772336780252747874657733123139019074055684842115516882324695109580072240194823433715288801679022746552048287755472014813841518504652 0 0 0 0 0 0 0 0 0 0 0 0 0 0 0 0 0 0 0 0 0 0 0 0 0 0 0 0 0 0 0 0 0 0 0 0 0 0 0 0 0 0 0 0 0 0 0 0 0 0 0 0 0 0 0 0 0 0 0 0 0 0 0 1 0 0 0 0 0 0 0 0 0 0 0 0 0 0 0 0 0 0 0 0 0 0 0 0 0 0 0 0 0 0 0]
[3543503462836471894747607641125662200754644736026450826087732107012596444205321373980829876673409850856750411038272488875047472627800848872311379322131740397259695768947334983454136043204427386671441118293958798611089661594837184833464901043440470289993739744613532590570238608483473387411 0 0 0 0 0 0 0 0 0 0 0 0 0 0 0 0 0 0 0 0 0 0 0 0 0 0 0 0 0 0 0 0 0 0 0 0 0 0 0 0 0 0 0 0 0 0 0 0 0 0 0 0 0 0 0 0 0 0 0 0 0 0 0 0 1 0 0 0 0 0 0 0 0 0 0 0 0 0 0 0 0 0 0 0 0 0 0 0 0 0 0 0 0 0 0]
[1688839841424406216025858384757682138454542676738598622276613294515743694240578680877259400503380567812688680715161600477515872730897241269564471640578344769665203283439360979317111588282513913165321101676348577805386527699701253263834689731560640784399037182867686110845622528542887065423 0 0 0 0 0 0 0 0 0 0 0 0 0 0 0 0 0 0 0 0 0 0 0 0 0 0 0 0 0 0 0 0 0 0 0 0 0 0 0 0 0 0 0 0 0 0 0 0 0 0 0 0 0 0 0 0 0 0 0 0 0 0 0 0 0 1 0 0 0 0 0 0 0 0 0 0 0 0 0 0 0 0 0 0 0 0 0 0 0 0 0 0 0 0 0]
[2506231964819113624370616985547141789258787103452988742678190886857569971869636524795936389796407438750760445478496724709686873088883793510649625826314297344633006814882771434169185674036045475858296165236222013510751866148867480322589400339315965714547100557786604213051882482527625612222 0 0 0 0 0 0 0 0 0 0 0 0 0 0 0 0 0 0 0 0 0 0 0 0 0 0 0 0 0 0 0 0 0 0 0 0 0 0 0 0 0 0 0 0 0 0 0 0 0 0 0 0 0 0 0 0 0 0 0 0 0 0 0 0 0 0 1 0 0 0 0 0 0 0 0 0 0 0 0 0 0 0 0 0 0 0 0 0 0 0 0 0 0 0 0]
[403961193704448723064034902397782446030828394360075152606916220122888463216841867331609465912327693646061180810626154244038852434120073413983024818552866555416318273082114008178888310684277312582211140947129882021190449613678525546021081196673109604544714884041204232554282347803155190762 0 0 0 0 0 0 0 0 0 0 0 0 0 0 0 0 0 0 0 0 0 0 0 0 0 0 0 0 0 0 0 0 0 0 0 0 0 0 0 0 0 0 0 0 0 0 0 0 0 0 0 0 0 0 0 0 0 0 0 0 0 0 0 0 0 0 0 1 0 0 0 0 0 0 0 0 0 0 0 0 0 0 0 0 0 0 0 0 0 0 0 0 0 0 0]
[1374642564981216533684781370137932026626980679679551247818153462750526304156494020512688915440448782069191322752119645077478113939960850545598859234076648149925071006226216014800959777697841924439559958074033738379055816230035847093204302416302284334971371432349841544357570491543818725826 0 0 0 0 0 0 0 0 0 0 0 0 0 0 0 0 0 0 0 0 0 0 0 0 0 0 0 0 0 0 0 0 0 0 0 0 0 0 0 0 0 0 0 0 0 0 0 0 0 0 0 0 0 0 0 0 0 0 0 0 0 0 0 0 0 0 0 0 1 0 0 0 0 0 0 0 0 0 0 0 0 0 0 0 0 0 0 0 0 0 0 0 0 0 0]
[4536374914325275311526744046923728957184277724036533016959224037403774025425363618860058359257020366974473668831091795285193942275258788476577947751628691356748104864357055207608515512471590615968250483934966277312485674210431527764271833201099795375705447034349765660299836085730585088883 0 0 0 0 0 0 0 0 0 0 0 0 0 0 0 0 0 0 0 0 0 0 0 0 0 0 0 0 0 0 0 0 0 0 0 0 0 0 0 0 0 0 0 0 0 0 0 0 0 0 0 0 0 0 0 0 0 0 0 0 0 0 0 0 0 0 0 0 0 1 0 0 0 0 0 0 0 0 0 0 0 0 0 0 0 0 0 0 0 0 0 0 0 0 0]
[598778429973120470379602781429491431139439767239665031993257198554879442002589373855810837180152530109988509896496474478062913270887866299168578960956334870749876127699182495604019244128603235265418681156065852898300870006411630105266883795482547501673934162035324824389696559040632786606 0 0 0 0 0 0 0 0 0 0 0 0 0 0 0 0 0 0 0 0 0 0 0 0 0 0 0 0 0 0 0 0 0 0 0 0 0 0 0 0 0 0 0 0 0 0 0 0 0 0 0 0 0 0 0 0 0 0 0 0 0 0 0 0 0 0 0 0 0 0 1 0 0 0 0 0 0 0 0 0 0 0 0 0 0 0 0 0 0 0 0 0 0 0 0]
[3216492097936735491129463713247773519039159730179060268099587540137670530231986470652397069894524039703405074849615642097951403032821876859567097937271050190727106548413347585522869447278386402995222124038237046801786571378654142189610386127016455418747214548660370458563104085628547056766 0 0 0 0 0 0 0 0 0 0 0 0 0 0 0 0 0 0 0 0 0 0 0 0 0 0 0 0 0 0 0 0 0 0 0 0 0 0 0 0 0 0 0 0 0 0 0 0 0 0 0 0 0 0 0 0 0 0 0 0 0 0 0 0 0 0 0 0 0 0 0 1 0 0 0 0 0 0 0 0 0 0 0 0 0 0 0 0 0 0 0 0 0 0 0]
[2707640552425245029766240645645734280749305406265761280758033013799467727269864042662184441299793050414511896832456680152326185779600885093151190828715394335301168011688535799263289304506502646200673505641685141342963370682290258349411884950768316498695891958948905937988771808050641695909 0 0 0 0 0 0 0 0 0 0 0 0 0 0 0 0 0 0 0 0 0 0 0 0 0 0 0 0 0 0 0 0 0 0 0 0 0 0 0 0 0 0 0 0 0 0 0 0 0 0 0 0 0 0 0 0 0 0 0 0 0 0 0 0 0 0 0 0 0 0 0 0 1 0 0 0 0 0 0 0 0 0 0 0 0 0 0 0 0 0 0 0 0 0 0]
[940231831537010997457579049284166468178215246146748774628074646818590187998064682299117681102778001707533139996598566837034681792261037258252267350101885052919539959285916419994049061224069672781738140092599166962586872027408320573674634806320856989014235009028561858907616914565172017019 0 0 0 0 0 0 0 0 0 0 0 0 0 0 0 0 0 0 0 0 0 0 0 0 0 0 0 0 0 0 0 0 0 0 0 0 0 0 0 0 0 0 0 0 0 0 0 0 0 0 0 0 0 0 0 0 0 0 0 0 0 0 0 0 0 0 0 0 0 0 0 0 0 1 0 0 0 0 0 0 0 0 0 0 0 0 0 0 0 0 0 0 0 0 0]
[4792259471038256835815422393973958525269208251101914856034883208308578788485182277589076215438815331058182256659522468519157238350518400111131858830148327426807094601164759522875796281626448056803436261843122660677134215877337829658634608186299198544673766243813048466095489467624565597574 0 0 0 0 0 0 0 0 0 0 0 0 0 0 0 0 0 0 0 0 0 0 0 0 0 0 0 0 0 0 0 0 0 0 0 0 0 0 0 0 0 0 0 0 0 0 0 0 0 0 0 0 0 0 0 0 0 0 0 0 0 0 0 0 0 0 0 0 0 0 0 0 0 0 1 0 0 0 0 0 0 0 0 0 0 0 0 0 0 0 0 0 0 0 0]
[2915746325416183192344660666881877767502554399369529459495711699071823046702324330282856623649467989107128277720864873675252434849547687174193934890020264151092718853252431663793491768756692888663911772922752425305198297804578014932174779877002907611749430116586359697522940361102875977026 0 0 0 0 0 0 0 0 0 0 0 0 0 0 0 0 0 0 0 0 0 0 0 0 0 0 0 0 0 0 0 0 0 0 0 0 0 0 0 0 0 0 0 0 0 0 0 0 0 0 0 0 0 0 0 0 0 0 0 0 0 0 0 0 0 0 0 0 0 0 0 0 0 0 0 1 0 0 0 0 0 0 0 0 0 0 0 0 0 0 0 0 0 0 0]
[1486027810227000230410914457362678934884757760625416984445294249103500812082065982191383173547545607432369986034398403009293854573070381569192072503188474032590441963672494586898719582818524596191113532846733071769343795252359752686907392771508864571428808037933521174693854037434560223436 0 0 0 0 0 0 0 0 0 0 0 0 0 0 0 0 0 0 0 0 0 0 0 0 0 0 0 0 0 0 0 0 0 0 0 0 0 0 0 0 0 0 0 0 0 0 0 0 0 0 0 0 0 0 0 0 0 0 0 0 0 0 0 0 0 0 0 0 0 0 0 0 0 0 0 0 1 0 0 0 0 0 0 0 0 0 0 0 0 0 0 0 0 0 0]
[4972964429047874865418605288840450387566395075719662638539206531918775130707993919568382466251466150005324208586184789690067215209131718443709035459365612981236877643865199784617747543289839744743346443444036034281140456539540482963543951423073561318416074823996177571304094048385944640920 0 0 0 0 0 0 0 0 0 0 0 0 0 0 0 0 0 0 0 0 0 0 0 0 0 0 0 0 0 0 0 0 0 0 0 0 0 0 0 0 0 0 0 0 0 0 0 0 0 0 0 0 0 0 0 0 0 0 0 0 0 0 0 0 0 0 0 0 0 0 0 0 0 0 0 0 0 1 0 0 0 0 0 0 0 0 0 0 0 0 0 0 0 0 0]
[1942012640387608328790967540836151411990114205401787144718427844297317110615809399599490381630764587441568830961294550025782846494952937312012649076400814899295386167958313764553089212116708993948714716123116493094533671659176736862479588512457512691556273085764090866950534389817665428599 0 0 0 0 0 0 0 0 0 0 0 0 0 0 0 0 0 0 0 0 0 0 0 0 0 0 0 0 0 0 0 0 0 0 0 0 0 0 0 0 0 0 0 0 0 0 0 0 0 0 0 0 0 0 0 0 0 0 0 0 0 0 0 0 0 0 0 0 0 0 0 0 0 0 0 0 0 0 1 0 0 0 0 0 0 0 0 0 0 0 0 0 0 0 0]
[5704445924283177578674073111035938252626688013299807084210437520826654642584102645920714340804795546947911327156158718982263492196460700954122974994997760554900051814135610107668621893837983100461805567247626764420985822770790796927261774877801629707608575975931268314144515048483266472421 0 0 0 0 0 0 0 0 0 0 0 0 0 0 0 0 0 0 0 0 0 0 0 0 0 0 0 0 0 0 0 0 0 0 0 0 0 0 0 0 0 0 0 0 0 0 0 0 0 0 0 0 0 0 0 0 0 0 0 0 0 0 0 0 0 0 0 0 0 0 0 0 0 0 0 0 0 0 0 1 0 0 0 0 0 0 0 0 0 0 0 0 0 0 0]
[4356008477343519627075583908429389284966293397268111260386821581277569261465507436437833134553831059462429931166540284951739415768061880234062297540744229623922742351206873388825121653424186788197628038970608668249481550267547717288868549151102068468411193128515712831087591914069343789546 0 0 0 0 0 0 0 0 0 0 0 0 0 0 0 0 0 0 0 0 0 0 0 0 0 0 0 0 0 0 0 0 0 0 0 0 0 0 0 0 0 0 0 0 0 0 0 0 0 0 0 0 0 0 0 0 0 0 0 0 0 0 0 0 0 0 0 0 0 0 0 0 0 0 0 0 0 0 0 0 1 0 0 0 0 0 0 0 0 0 0 0 0 0 0]
[4542074786593857981470940829844784481483366803248989180014241154247520859915731348729642071460540245336358857449558753069545329064351360582989555259903209943428942162328920066210832036092839089463401906705522690428068077840684008992994754549820530501042569140338018169217358270067195539269 0 0 0 0 0 0 0 0 0 0 0 0 0 0 0 0 0 0 0 0 0 0 0 0 0 0 0 0 0 0 0 0 0 0 0 0 0 0 0 0 0 0 0 0 0 0 0 0 0 0 0 0 0 0 0 0 0 0 0 0 0 0 0 0 0 0 0 0 0 0 0 0 0 0 0 0 0 0 0 0 0 1 0 0 0 0 0 0 0 0 0 0 0 0 0]
[3751983153709265080688208351001790866706182936971817016770843721113182228182683389476238424298957581877693967748593649937532495273431705895367893254672948244288461089129188462477838427375482500247512655936317317387748663767443586225491144159054036352849946051710402222818869671764482650361 0 0 0 0 0 0 0 0 0 0 0 0 0 0 0 0 0 0 0 0 0 0 0 0 0 0 0 0 0 0 0 0 0 0 0 0 0 0 0 0 0 0 0 0 0 0 0 0 0 0 0 0 0 0 0 0 0 0 0 0 0 0 0 0 0 0 0 0 0 0 0 0 0 0 0 0 0 0 0 0 0 0 1 0 0 0 0 0 0 0 0 0 0 0 0]
[475825746803912298664266332137406180533300819404316198734980222704016708834270841825304914664793797404754326719243499051550812928194588372330102130325002844701181091236825257747388786782021140734843868862680166647465132146514007157172178478693521343533083741604224097946817004173993033702 0 0 0 0 0 0 0 0 0 0 0 0 0 0 0 0 0 0 0 0 0 0 0 0 0 0 0 0 0 0 0 0 0 0 0 0 0 0 0 0 0 0 0 0 0 0 0 0 0 0 0 0 0 0 0 0 0 0 0 0 0 0 0 0 0 0 0 0 0 0 0 0 0 0 0 0 0 0 0 0 0 0 0 1 0 0 0 0 0 0 0 0 0 0 0]
[24256940586807284245891649461028329761737707619647082412567598949239010856515460416486065690457739161752729929930455879846271297822615374649060000281441284188901442414703380715021721199604740791869384233752232392855328627568645666883318738954765434571979063032794486423417190940384875843 0 0 0 0 0 0 0 0 0 0 0 0 0 0 0 0 0 0 0 0 0 0 0 0 0 0 0 0 0 0 0 0 0 0 0 0 0 0 0 0 0 0 0 0 0 0 0 0 0 0 0 0 0 0 0 0 0 0 0 0 0 0 0 0 0 0 0 0 0 0 0 0 0 0 0 0 0 0 0 0 0 0 0 0 1 0 0 0 0 0 0 0 0 0 0]
[5135076722722737355329576889269716252687347133893025280257146253984047081344192907958258413911791714350275614898837189765215395531645950445239165119595305845100808710017426965913546654418525504623710997741632092441748137142281649023225038807888025425490635943446456905206769494034941184289 0 0 0 0 0 0 0 0 0 0 0 0 0 0 0 0 0 0 0 0 0 0 0 0 0 0 0 0 0 0 0 0 0 0 0 0 0 0 0 0 0 0 0 0 0 0 0 0 0 0 0 0 0 0 0 0 0 0 0 0 0 0 0 0 0 0 0 0 0 0 0 0 0 0 0 0 0 0 0 0 0 0 0 0 0 1 0 0 0 0 0 0 0 0 0]
[3035006974541230863766280801446030795360019477355762241844789974443403218031645302856662798364483922450237284492390258403120005409558442398063234520741496872967678281948448474661432636470931294178984831327344097851817511492910671798117883634433162733531682135431276875764152050795022326679 0 0 0 0 0 0 0 0 0 0 0 0 0 0 0 0 0 0 0 0 0 0 0 0 0 0 0 0 0 0 0 0 0 0 0 0 0 0 0 0 0 0 0 0 0 0 0 0 0 0 0 0 0 0 0 0 0 0 0 0 0 0 0 0 0 0 0 0 0 0 0 0 0 0 0 0 0 0 0 0 0 0 0 0 0 0 1 0 0 0 0 0 0 0 0]
[4022002748835365272497190211563473373990704787988325763400498714411471695317449128778627943440198782752133504200012882679778712386136787609591287798624546061829894195640319611222478632702014815407462825106652133859225450126943536224341411547392411908898184595080510091957763957186360410882 0 0 0 0 0 0 0 0 0 0 0 0 0 0 0 0 0 0 0 0 0 0 0 0 0 0 0 0 0 0 0 0 0 0 0 0 0 0 0 0 0 0 0 0 0 0 0 0 0 0 0 0 0 0 0 0 0 0 0 0 0 0 0 0 0 0 0 0 0 0 0 0 0 0 0 0 0 0 0 0 0 0 0 0 0 0 0 1 0 0 0 0 0 0 0]
[1610110458296816875714588956710536828130800058975383761387958468406096233276793612633085776140865462809927029431562029248172974823665837668148627392831790708851088321081665987342000395713124690779822868673004293160368949774567429713762390995202052664259053185074870198145384149634863447467 0 0 0 0 0 0 0 0 0 0 0 0 0 0 0 0 0 0 0 0 0 0 0 0 0 0 0 0 0 0 0 0 0 0 0 0 0 0 0 0 0 0 0 0 0 0 0 0 0 0 0 0 0 0 0 0 0 0 0 0 0 0 0 0 0 0 0 0 0 0 0 0 0 0 0 0 0 0 0 0 0 0 0 0 0 0 0 0 1 0 0 0 0 0 0]
[2094184034072240168198881987513567952202564971573294070193217383465847734996408116189345645716543687039759743656573513935357804273752975354983837695991591552413565363252860252964059687830104203841606063355092683037604310631123307992019613946808184001349016003707540500154812037804274576926 0 0 0 0 0 0 0 0 0 0 0 0 0 0 0 0 0 0 0 0 0 0 0 0 0 0 0 0 0 0 0 0 0 0 0 0 0 0 0 0 0 0 0 0 0 0 0 0 0 0 0 0 0 0 0 0 0 0 0 0 0 0 0 0 0 0 0 0 0 0 0 0 0 0 0 0 0 0 0 0 0 0 0 0 0 0 0 0 0 1 0 0 0 0 0]
[5439412869235001417144644412524229646190869409990638730457069657393427996051110416454057296564103782230945718854387293696282865717630289181913603909002238484809370070124101250547926018684449648173973431663091075906136007013264682394351818179949564335655731178288087453914124484661521082777 0 0 0 0 0 0 0 0 0 0 0 0 0 0 0 0 0 0 0 0 0 0 0 0 0 0 0 0 0 0 0 0 0 0 0 0 0 0 0 0 0 0 0 0 0 0 0 0 0 0 0 0 0 0 0 0 0 0 0 0 0 0 0 0 0 0 0 0 0 0 0 0 0 0 0 0 0 0 0 0 0 0 0 0 0 0 0 0 0 0 1 0 0 0 0]
[876768881927910163852898708972974504650366391043814081016298483818391528100860445333605400567815548346881382520048768124867877847875505331266581705688983404797322424816616205968606204039871177517337781467297324597280389376795568910625536433206171345568688234276160764705912949874137748255 0 0 0 0 0 0 0 0 0 0 0 0 0 0 0 0 0 0 0 0 0 0 0 0 0 0 0 0 0 0 0 0 0 0 0 0 0 0 0 0 0 0 0 0 0 0 0 0 0 0 0 0 0 0 0 0 0 0 0 0 0 0 0 0 0 0 0 0 0 0 0 0 0 0 0 0 0 0 0 0 0 0 0 0 0 0 0 0 0 0 0 1 0 0 0]
[2624235709224158143864202828555317067230149273608527523422733067082539416238086352149674703897085584544405191642878659116608753028616996015839786402637732724558963405866733779879593700647587735396318148322512649005906858083677765807167153570798320501436771240818408095991963839259428544690 0 0 0 0 0 0 0 0 0 0 0 0 0 0 0 0 0 0 0 0 0 0 0 0 0 0 0 0 0 0 0 0 0 0 0 0 0 0 0 0 0 0 0 0 0 0 0 0 0 0 0 0 0 0 0 0 0 0 0 0 0 0 0 0 0 0 0 0 0 0 0 0 0 0 0 0 0 0 0 0 0 0 0 0 0 0 0 0 0 0 0 0 1 0 0]
[3350825513412726309709301436504661457410307225865518700437804597262497645759470256530302803951392154441454910383406101889067799366097505054110334405365338247975643998093888183187287882187675299323470076003900491839540999790929109725674251904241873157655313712024527438403638103664713043171 0 0 0 0 0 0 0 0 0 0 0 0 0 0 0 0 0 0 0 0 0 0 0 0 0 0 0 0 0 0 0 0 0 0 0 0 0 0 0 0 0 0 0 0 0 0 0 0 0 0 0 0 0 0 0 0 0 0 0 0 0 0 0 0 0 0 0 0 0 0 0 0 0 0 0 0 0 0 0 0 0 0 0 0 0 0 0 0 0 0 0 0 0 1 0]
[1087156384359485152357365838755477565416840678143340289466232441508741318884905534685753203090974824120063874265756082337900827406607274416183440308036048022411085401764832927946156437843740705290182888306298913300903637819304802909860593658999426670992755525494364393152229333559020095731 0 0 0 0 0 0 0 0 0 0 0 0 0 0 0 0 0 0 0 0 0 0 0 0 0 0 0 0 0 0 0 0 0 0 0 0 0 0 0 0 0 0 0 0 0 0 0 0 0 0 0 0 0 0 0 0 0 0 0 0 0 0 0 0 0 0 0 0 0 0 0 0 0 0 0 0 0 0 0 0 0 0 0 0 0 0 0 0 0 0 0 0 0 0 1]
]
