[[4355332417813177234525357291463103998932462664737446575512421577160139824332690495807707567929132763611373547281371855447688430037087483470125699672643711428081513305809512214429351662433853872760510645789641251253843019402626358270776840544296049 0 0 0 0 0 0 0 0 0 0 0 0 0 0 0 0 0 0 0 0 0 0 0 0 0 0 0 0 0 0 0 0 0 0 0 0 0 0 0 0 0 0 0 0 0 0 0 0 0 0 0 0 0 0 0 0 0 0 0 0 0 0 0 0 0 0 0 0 0 0 0 0 0 0 0 0 0 0 0 0 0]
[2491815106523070822674425251338538887510350617336426007573921238141352693486591008931897124888871280201096655589494523759462181128482758153493978361765065261753625051406787497931778771177898318545262031996417581201701313394075838624895182595888864 1 0 0 0 0 0 0 0 0 0 0 0 0 0 0 0 0 0 0 0 0 0 0 0 0 0 0 0 0 0 0 0 0 0 0 0 0 0 0 0 0 0 0 0 0 0 0 0 0 0 0 0 0 0 0 0 0 0 0 0 0 0 0 0 0 0 0 0 0 0 0 0 0 0 0 0 0 0 0 0 0]
[2038399459566726461298736958205574119412450605153006495026481285321686619997404912575060836268117300353213481547051609742410403211503269731014857251974574695892393309457091944970841928391808149161288615578169621978131551145356702901616564328917285 0 1 0 0 0 0 0 0 0 0 0 0 0 0 0 0 0 0 0 0 0 0 0 0 0 0 0 0 0 0 0 0 0 0 0 0 0 0 0 0 0 0 0 0 0 0 0 0 0 0 0 0 0 0 0 0 0 0 0 0 0 0 0 0 0 0 0 0 0 0 0 0 0 0 0 0 0 0 0 0 0]
[2690458001591065050233190167405250485756995088769115673039747951365215396754730310790093305003614417034524334499022008458205080770534675463434278353995729855384461270131886473818499057548350541045062222909534609894404408861536668930228054548035089 0 0 1 0 0 0 0 0 0 0 0 0 0 0 0 0 0 0 0 0 0 0 0 0 0 0 0 0 0 0 0 0 0 0 0 0 0 0 0 0 0 0 0 0 0 0 0 0 0 0 0 0 0 0 0 0 0 0 0 0 0 0 0 0 0 0 0 0 0 0 0 0 0 0 0 0 0 0 0 0 0]
[898140967088535995836058001128719146635490432786130860092247366329881531711440720907903987136591178592917448001557009226042532447176844979138952029631091863169753380110158228465575288237616331702594915030441356217796348635124807764418611117275340 0 0 0 1 0 0 0 0 0 0 0 0 0 0 0 0 0 0 0 0 0 0 0 0 0 0 0 0 0 0 0 0 0 0 0 0 0 0 0 0 0 0 0 0 0 0 0 0 0 0 0 0 0 0 0 0 0 0 0 0 0 0 0 0 0 0 0 0 0 0 0 0 0 0 0 0 0 0 0 0 0]
[533565419131291565351327232269552071883818830160243439853051107357621507281033479955790585891324437323471002684281677216626627880821815083671331690828478173357527766008546967778849778231807520108696179147136342315263095081207959607710581279591287 0 0 0 0 1 0 0 0 0 0 0 0 0 0 0 0 0 0 0 0 0 0 0 0 0 0 0 0 0 0 0 0 0 0 0 0 0 0 0 0 0 0 0 0 0 0 0 0 0 0 0 0 0 0 0 0 0 0 0 0 0 0 0 0 0 0 0 0 0 0 0 0 0 0 0 0 0 0 0 0 0]
[3550486036761837058815672588429352848414508544625541069731066534973491907839046626833371607681040244842622065110242854777967469955577540476140275917720923492226065987267263189416496400989518033713252190647752130618883190405839235568884029634006929 0 0 0 0 0 1 0 0 0 0 0 0 0 0 0 0 0 0 0 0 0 0 0 0 0 0 0 0 0 0 0 0 0 0 0 0 0 0 0 0 0 0 0 0 0 0 0 0 0 0 0 0 0 0 0 0 0 0 0 0 0 0 0 0 0 0 0 0 0 0 0 0 0 0 0 0 0 0 0 0 0]
[1278343401595521763078903383934034022794153830352897197113112184352606394798726186147224187795040074090259693454322330259852732636882934762246039531814364596411828949951063588220610154517070494892193654212841137299820357316594566833370544381870126 0 0 0 0 0 0 1 0 0 0 0 0 0 0 0 0 0 0 0 0 0 0 0 0 0 0 0 0 0 0 0 0 0 0 0 0 0 0 0 0 0 0 0 0 0 0 0 0 0 0 0 0 0 0 0 0 0 0 0 0 0 0 0 0 0 0 0 0 0 0 0 0 0 0 0 0 0 0 0 0 0]
[2534610648220073681148071775551963353855297452157288817802654367085304622094667062485066045783660785013986760095067378216035513705527438371321756271938177052246202130820316978132138909631838244411305826212720880896730951245341506997772389465712272 0 0 0 0 0 0 0 1 0 0 0 0 0 0 0 0 0 0 0 0 0 0 0 0 0 0 0 0 0 0 0 0 0 0 0 0 0 0 0 0 0 0 0 0 0 0 0 0 0 0 0 0 0 0 0 0 0 0 0 0 0 0 0 0 0 0 0 0 0 0 0 0 0 0 0 0 0 0 0 0 0]
[1587423770555237396124607244641330494831655875837644408967589976127214180024862549336426209492743853579443813079963095597967611856708829084670585121252624516113484982223353587501439985302486355286477973329581312756058277083947180099087477394204747 0 0 0 0 0 0 0 0 1 0 0 0 0 0 0 0 0 0 0 0 0 0 0 0 0 0 0 0 0 0 0 0 0 0 0 0 0 0 0 0 0 0 0 0 0 0 0 0 0 0 0 0 0 0 0 0 0 0 0 0 0 0 0 0 0 0 0 0 0 0 0 0 0 0 0 0 0 0 0 0 0]
[333239618080746422936249736159147712878265760880080654863503422198200299892251529118898061054414332355365575313894943975191013094917472465911832326560891300124931032661419977353193181334627105402897009941583267047328846169484407179345366706871220 0 0 0 0 0 0 0 0 0 1 0 0 0 0 0 0 0 0 0 0 0 0 0 0 0 0 0 0 0 0 0 0 0 0 0 0 0 0 0 0 0 0 0 0 0 0 0 0 0 0 0 0 0 0 0 0 0 0 0 0 0 0 0 0 0 0 0 0 0 0 0 0 0 0 0 0 0 0 0 0 0]
[1576759711863916045454812839710985736001533591060393013864753743635549589682238000709499593344742591342766840490552528925456608450140467095838619462960330637830148877083208707124148612278775697692956178156933071408710235019109721085022902025244063 0 0 0 0 0 0 0 0 0 0 1 0 0 0 0 0 0 0 0 0 0 0 0 0 0 0 0 0 0 0 0 0 0 0 0 0 0 0 0 0 0 0 0 0 0 0 0 0 0 0 0 0 0 0 0 0 0 0 0 0 0 0 0 0 0 0 0 0 0 0 0 0 0 0 0 0 0 0 0 0 0]
[4060412452257766503163244044843743476975588463810542554147682373095606957088495707270733265734906325690807930643106338086803198739216626024603263452371170869668749772218438348255115787724506615274838333452198011326945356207663857936582382935630922 0 0 0 0 0 0 0 0 0 0 0 1 0 0 0 0 0 0 0 0 0 0 0 0 0 0 0 0 0 0 0 0 0 0 0 0 0 0 0 0 0 0 0 0 0 0 0 0 0 0 0 0 0 0 0 0 0 0 0 0 0 0 0 0 0 0 0 0 0 0 0 0 0 0 0 0 0 0 0 0 0]
[2779517232692480908564384216180092792303735261938857989823904042534975830652539115178624005899643719481335985732439485977621574314162095120925645285010708279138031939537575583293517942832194619232466517327055289572058020792330881819715745145524619 0 0 0 0 0 0 0 0 0 0 0 0 1 0 0 0 0 0 0 0 0 0 0 0 0 0 0 0 0 0 0 0 0 0 0 0 0 0 0 0 0 0 0 0 0 0 0 0 0 0 0 0 0 0 0 0 0 0 0 0 0 0 0 0 0 0 0 0 0 0 0 0 0 0 0 0 0 0 0 0 0]
[1997483823930522345404831094823727397945982928197083941146271394611043467049943607642265982892544423998429101132379008690914651597518903818749350683121279906920618406906699829353238474383482719147474874608620673758561599505511838504167617714296203 0 0 0 0 0 0 0 0 0 0 0 0 0 1 0 0 0 0 0 0 0 0 0 0 0 0 0 0 0 0 0 0 0 0 0 0 0 0 0 0 0 0 0 0 0 0 0 0 0 0 0 0 0 0 0 0 0 0 0 0 0 0 0 0 0 0 0 0 0 0 0 0 0 0 0 0 0 0 0 0 0]
[3567956364056552727439736017592401403577694968213571085801555561443282425317540249163846473706482282876494023523760426787517907332881388425114602107684596677931514239373942341220261010521230841392669073107398313600706974424996841875547334257843503 0 0 0 0 0 0 0 0 0 0 0 0 0 0 1 0 0 0 0 0 0 0 0 0 0 0 0 0 0 0 0 0 0 0 0 0 0 0 0 0 0 0 0 0 0 0 0 0 0 0 0 0 0 0 0 0 0 0 0 0 0 0 0 0 0 0 0 0 0 0 0 0 0 0 0 0 0 0 0 0 0]
[1017928143624165497492187150025578184096822594251048846432004763603467574954899714150190463042500570377770352566947464335309664789878152865926508926542352943311280137352786413716562210028825626060857921806000506367791162740777290139556489392883874 0 0 0 0 0 0 0 0 0 0 0 0 0 0 0 1 0 0 0 0 0 0 0 0 0 0 0 0 0 0 0 0 0 0 0 0 0 0 0 0 0 0 0 0 0 0 0 0 0 0 0 0 0 0 0 0 0 0 0 0 0 0 0 0 0 0 0 0 0 0 0 0 0 0 0 0 0 0 0 0 0]
[3558031011696940913246868267166771956732591097998659008274137033212394338290510106038288241911055651772819347030871074796638271441997530370707655887971515493302827989396704628549495991266130549497947166781592817505400783643023744033730511005286404 0 0 0 0 0 0 0 0 0 0 0 0 0 0 0 0 1 0 0 0 0 0 0 0 0 0 0 0 0 0 0 0 0 0 0 0 0 0 0 0 0 0 0 0 0 0 0 0 0 0 0 0 0 0 0 0 0 0 0 0 0 0 0 0 0 0 0 0 0 0 0 0 0 0 0 0 0 0 0 0 0]
[2301826961316449018019557535317257613635214516732055120069427495236905797029383974366973764736727350392334890131524938827107042587499430836243703200835845021329100753377625078414631423003909592142300736382418146137047774843460994387936920361095620 0 0 0 0 0 0 0 0 0 0 0 0 0 0 0 0 0 1 0 0 0 0 0 0 0 0 0 0 0 0 0 0 0 0 0 0 0 0 0 0 0 0 0 0 0 0 0 0 0 0 0 0 0 0 0 0 0 0 0 0 0 0 0 0 0 0 0 0 0 0 0 0 0 0 0 0 0 0 0 0 0]
[4010011437740257974639632039373533046565877440186710654003488107132749298141623634796732610039795381957596496394299737562188872694007603274885173678313029368703159237252120680378044842322274915209793697333814364998874083093406429300447863540299729 0 0 0 0 0 0 0 0 0 0 0 0 0 0 0 0 0 0 1 0 0 0 0 0 0 0 0 0 0 0 0 0 0 0 0 0 0 0 0 0 0 0 0 0 0 0 0 0 0 0 0 0 0 0 0 0 0 0 0 0 0 0 0 0 0 0 0 0 0 0 0 0 0 0 0 0 0 0 0 0 0]
[674713846610672293349964273559583018389689741671639634980741868782230402697243595996607010799461674518730802315287258601538726689267972845553815026987303741242255139509421057941586334958578683405168138501879356619828056771094668414601375013438678 0 0 0 0 0 0 0 0 0 0 0 0 0 0 0 0 0 0 0 1 0 0 0 0 0 0 0 0 0 0 0 0 0 0 0 0 0 0 0 0 0 0 0 0 0 0 0 0 0 0 0 0 0 0 0 0 0 0 0 0 0 0 0 0 0 0 0 0 0 0 0 0 0 0 0 0 0 0 0 0 0]
[1073949035693636043597847126809392461989217731296765583395617426071459596709843485270506354004187556944871138797535403143284077604764062270879863102265789722257798360843656437577800154264731212119233150135626530099615281790945348295831986710630893 0 0 0 0 0 0 0 0 0 0 0 0 0 0 0 0 0 0 0 0 1 0 0 0 0 0 0 0 0 0 0 0 0 0 0 0 0 0 0 0 0 0 0 0 0 0 0 0 0 0 0 0 0 0 0 0 0 0 0 0 0 0 0 0 0 0 0 0 0 0 0 0 0 0 0 0 0 0 0 0 0]
[643221910295699714097282357343893399823878696285557942830997202540619687163571923563103441660970549566656825459471533462370290361410862889935683190684946844513948544660434586967086678161281728715642788413109328585243841100971681052365414530142620 0 0 0 0 0 0 0 0 0 0 0 0 0 0 0 0 0 0 0 0 0 1 0 0 0 0 0 0 0 0 0 0 0 0 0 0 0 0 0 0 0 0 0 0 0 0 0 0 0 0 0 0 0 0 0 0 0 0 0 0 0 0 0 0 0 0 0 0 0 0 0 0 0 0 0 0 0 0 0 0 0]
[2691706344462007955495137801565976405747270744077990940865610002821552118196109090839187372575456851665629352069412032739465651568949562448199504010270597030107336262433591586121830470249126092428495525291014655981612162161102106527406645645641789 0 0 0 0 0 0 0 0 0 0 0 0 0 0 0 0 0 0 0 0 0 0 1 0 0 0 0 0 0 0 0 0 0 0 0 0 0 0 0 0 0 0 0 0 0 0 0 0 0 0 0 0 0 0 0 0 0 0 0 0 0 0 0 0 0 0 0 0 0 0 0 0 0 0 0 0 0 0 0 0 0]
[3364018974919854751970114681479035296326399222885094356902411488122359114654460134006331719174955928026681523947623005634471147605510091895620404737580103271006026940893719863040936455104280446040897565803049541929587934095756447974532890060786083 0 0 0 0 0 0 0 0 0 0 0 0 0 0 0 0 0 0 0 0 0 0 0 1 0 0 0 0 0 0 0 0 0 0 0 0 0 0 0 0 0 0 0 0 0 0 0 0 0 0 0 0 0 0 0 0 0 0 0 0 0 0 0 0 0 0 0 0 0 0 0 0 0 0 0 0 0 0 0 0 0]
[1038438634450302892033687121777128882137658419430650500298017914186809450563374755035457951288571009460859880254681007624197440442501505625781201931040428025987565249679616817686844639690578729274433606009194390994954800538545262655194424766794517 0 0 0 0 0 0 0 0 0 0 0 0 0 0 0 0 0 0 0 0 0 0 0 0 1 0 0 0 0 0 0 0 0 0 0 0 0 0 0 0 0 0 0 0 0 0 0 0 0 0 0 0 0 0 0 0 0 0 0 0 0 0 0 0 0 0 0 0 0 0 0 0 0 0 0 0 0 0 0 0 0]
[3482893653696082930523212555349692265336456999611252248423094909212184681154180310245739516662711477373180862168775625997763785637881670657765749139141647535675886029150365443252835280819324409198900924931118244269343775413983637533688329369261876 0 0 0 0 0 0 0 0 0 0 0 0 0 0 0 0 0 0 0 0 0 0 0 0 0 1 0 0 0 0 0 0 0 0 0 0 0 0 0 0 0 0 0 0 0 0 0 0 0 0 0 0 0 0 0 0 0 0 0 0 0 0 0 0 0 0 0 0 0 0 0 0 0 0 0 0 0 0 0 0 0]
[2202363324806675520930662437764037662064408841304753661066997663988948621045457495052269148320486066604164756903181040571564276847530070882564190502431424624147623129324912548122454348990158063188800510583972201046077983639727473775018839077281328 0 0 0 0 0 0 0 0 0 0 0 0 0 0 0 0 0 0 0 0 0 0 0 0 0 0 1 0 0 0 0 0 0 0 0 0 0 0 0 0 0 0 0 0 0 0 0 0 0 0 0 0 0 0 0 0 0 0 0 0 0 0 0 0 0 0 0 0 0 0 0 0 0 0 0 0 0 0 0 0 0]
[1489769417758347770564369008628966277245244213807674736277457056122819318609373596956712353207971041946195843128230893516243232598401839627983700498215731728889932447970961294515537845915041826558784758540963602253077344513179073408752323338723698 0 0 0 0 0 0 0 0 0 0 0 0 0 0 0 0 0 0 0 0 0 0 0 0 0 0 0 1 0 0 0 0 0 0 0 0 0 0 0 0 0 0 0 0 0 0 0 0 0 0 0 0 0 0 0 0 0 0 0 0 0 0 0 0 0 0 0 0 0 0 0 0 0 0 0 0 0 0 0 0 0]
[2607357354143919134147518462806836777131489499545516756427194358343496956630082538007814621730841222792774008713430130333386302730266831858874233826844985339879372567292530182015135107005332917370802579832335559444689547683573909772618064824115472 0 0 0 0 0 0 0 0 0 0 0 0 0 0 0 0 0 0 0 0 0 0 0 0 0 0 0 0 1 0 0 0 0 0 0 0 0 0 0 0 0 0 0 0 0 0 0 0 0 0 0 0 0 0 0 0 0 0 0 0 0 0 0 0 0 0 0 0 0 0 0 0 0 0 0 0 0 0 0 0 0]
[4298714568364356618909621667101407899169791218781844586201421129356313571812599495216216240222232052236618877642190405332013027159111075209794234389637573627154703308395670646928820156456685803061352493071821226944357706515324636913544927812444052 0 0 0 0 0 0 0 0 0 0 0 0 0 0 0 0 0 0 0 0 0 0 0 0 0 0 0 0 0 1 0 0 0 0 0 0 0 0 0 0 0 0 0 0 0 0 0 0 0 0 0 0 0 0 0 0 0 0 0 0 0 0 0 0 0 0 0 0 0 0 0 0 0 0 0 0 0 0 0 0 0]
[3726794038806124157518947568134860779625080402839414120778347559941227920416655995169218015696708573220267976157721105866076309617581819599758983027993104986452701502067531060279305956735445077694062333646809142794508813208766906179430410356734567 0 0 0 0 0 0 0 0 0 0 0 0 0 0 0 0 0 0 0 0 0 0 0 0 0 0 0 0 0 0 1 0 0 0 0 0 0 0 0 0 0 0 0 0 0 0 0 0 0 0 0 0 0 0 0 0 0 0 0 0 0 0 0 0 0 0 0 0 0 0 0 0 0 0 0 0 0 0 0 0 0]
[3036139967625750238325062163157517989619058023924632224061348310924144032379193296146928430474336258204896221693849443292174244221720795846380039586944217102390999152425299643311316931432229230345985278288379139583940726437432066670131378161379491 0 0 0 0 0 0 0 0 0 0 0 0 0 0 0 0 0 0 0 0 0 0 0 0 0 0 0 0 0 0 0 1 0 0 0 0 0 0 0 0 0 0 0 0 0 0 0 0 0 0 0 0 0 0 0 0 0 0 0 0 0 0 0 0 0 0 0 0 0 0 0 0 0 0 0 0 0 0 0 0 0]
[470781399190764898166332129294229354853265859570446609063423220118892575180628774628614807801368778427420799933060518794495771704546677724770908023831027828187650674465989571606931111393496505302390427568093633869364463619708235268089704245435522 0 0 0 0 0 0 0 0 0 0 0 0 0 0 0 0 0 0 0 0 0 0 0 0 0 0 0 0 0 0 0 0 1 0 0 0 0 0 0 0 0 0 0 0 0 0 0 0 0 0 0 0 0 0 0 0 0 0 0 0 0 0 0 0 0 0 0 0 0 0 0 0 0 0 0 0 0 0 0 0 0]
[710722632457130083441471392181848247463362222551774767748321955549029693275668803581853320883491402816003049794051260692551097393148019080440370081983953026299728425176929643989967872073817913090519622599192709403860706912172568672804699210248837 0 0 0 0 0 0 0 0 0 0 0 0 0 0 0 0 0 0 0 0 0 0 0 0 0 0 0 0 0 0 0 0 0 1 0 0 0 0 0 0 0 0 0 0 0 0 0 0 0 0 0 0 0 0 0 0 0 0 0 0 0 0 0 0 0 0 0 0 0 0 0 0 0 0 0 0 0 0 0 0 0]
[2225174217023489362532678193890005502339250762320126976505963604569849870088602015783715061188875272630125950200513993092924363141491265406812508784540228411537137274037258753539409597136936535202756379582522503036961197262864644595792829624684130 0 0 0 0 0 0 0 0 0 0 0 0 0 0 0 0 0 0 0 0 0 0 0 0 0 0 0 0 0 0 0 0 0 0 1 0 0 0 0 0 0 0 0 0 0 0 0 0 0 0 0 0 0 0 0 0 0 0 0 0 0 0 0 0 0 0 0 0 0 0 0 0 0 0 0 0 0 0 0 0 0]
[2342401155876874604935912154122772220346393850770425313832830110100024361439653905999389294778534336921546660942972383159097733365766566908381669338438002410794879128364646536154793891117522450035277204927166810148586270573568276042545235921245550 0 0 0 0 0 0 0 0 0 0 0 0 0 0 0 0 0 0 0 0 0 0 0 0 0 0 0 0 0 0 0 0 0 0 0 1 0 0 0 0 0 0 0 0 0 0 0 0 0 0 0 0 0 0 0 0 0 0 0 0 0 0 0 0 0 0 0 0 0 0 0 0 0 0 0 0 0 0 0 0 0]
[4186279938254508608419893309546089826509412180413513466075876253130706250719989558056679876186423105554374352737219373140234390479876752487869151077702103173683924903110019507864907335955607017526009508983461538498256919781853586966061477429912637 0 0 0 0 0 0 0 0 0 0 0 0 0 0 0 0 0 0 0 0 0 0 0 0 0 0 0 0 0 0 0 0 0 0 0 0 1 0 0 0 0 0 0 0 0 0 0 0 0 0 0 0 0 0 0 0 0 0 0 0 0 0 0 0 0 0 0 0 0 0 0 0 0 0 0 0 0 0 0 0 0]
[4168325691721901227287017357007643461582874996176986814659395158151076381514242050220907539127720161985968201766732613479776053685814419014130434758741478239990753982678773135537726396243183484976732209387407085409750473845017503767268598588350876 0 0 0 0 0 0 0 0 0 0 0 0 0 0 0 0 0 0 0 0 0 0 0 0 0 0 0 0 0 0 0 0 0 0 0 0 0 1 0 0 0 0 0 0 0 0 0 0 0 0 0 0 0 0 0 0 0 0 0 0 0 0 0 0 0 0 0 0 0 0 0 0 0 0 0 0 0 0 0 0 0]
[1569167929727701843649080136816760541292667812136386461235037713676585427487592867513449903657559472411657409538502099156328719286543398743518430300825245461521829711294978144358418473229758156224604061231234544525048587691404974834095736642562369 0 0 0 0 0 0 0 0 0 0 0 0 0 0 0 0 0 0 0 0 0 0 0 0 0 0 0 0 0 0 0 0 0 0 0 0 0 0 1 0 0 0 0 0 0 0 0 0 0 0 0 0 0 0 0 0 0 0 0 0 0 0 0 0 0 0 0 0 0 0 0 0 0 0 0 0 0 0 0 0 0]
[3436638737893976607470847360173742793985236480793576308219331261516601498364475810895185580196234089679760091403385373959238209371084344492222814157270054141617811286865719891939647819582970213077043856748185716716657596012125132558534600455183273 0 0 0 0 0 0 0 0 0 0 0 0 0 0 0 0 0 0 0 0 0 0 0 0 0 0 0 0 0 0 0 0 0 0 0 0 0 0 0 1 0 0 0 0 0 0 0 0 0 0 0 0 0 0 0 0 0 0 0 0 0 0 0 0 0 0 0 0 0 0 0 0 0 0 0 0 0 0 0 0 0]
[2662547762428297266824272091800256151052055908210865439800296320921267625059419833701627706334027528129346847475776264922871083325921920024321899488252417489529454053225613181870788442243631384512517498349020539036925751555449213897497192597297321 0 0 0 0 0 0 0 0 0 0 0 0 0 0 0 0 0 0 0 0 0 0 0 0 0 0 0 0 0 0 0 0 0 0 0 0 0 0 0 0 1 0 0 0 0 0 0 0 0 0 0 0 0 0 0 0 0 0 0 0 0 0 0 0 0 0 0 0 0 0 0 0 0 0 0 0 0 0 0 0 0]
[1125073804039126010032539602469626472201661340267554984050469016292410762710533745997222321892377563808761956865849911928779793801562499119124421746734515553863912439886186994825187782097416929449502936397778362228573970046489599995390937028879911 0 0 0 0 0 0 0 0 0 0 0 0 0 0 0 0 0 0 0 0 0 0 0 0 0 0 0 0 0 0 0 0 0 0 0 0 0 0 0 0 0 1 0 0 0 0 0 0 0 0 0 0 0 0 0 0 0 0 0 0 0 0 0 0 0 0 0 0 0 0 0 0 0 0 0 0 0 0 0 0 0]
[4152703423409324122963800864731268629610510328217844464232799226507629283897062797193118116566335140846199588219098605913745567631632995606801044850177036780588834214586017817381779951275191209836576198702533921632025284226649816335007726017439376 0 0 0 0 0 0 0 0 0 0 0 0 0 0 0 0 0 0 0 0 0 0 0 0 0 0 0 0 0 0 0 0 0 0 0 0 0 0 0 0 0 0 1 0 0 0 0 0 0 0 0 0 0 0 0 0 0 0 0 0 0 0 0 0 0 0 0 0 0 0 0 0 0 0 0 0 0 0 0 0 0]
[957332979894690825861956015732698686570458031083479704384964379236776723498208487746412469579234145299729748819112832211276647323058181954118547902472467155868330219116859539458549605041677309586194769022740497268925078980243681255965944711987473 0 0 0 0 0 0 0 0 0 0 0 0 0 0 0 0 0 0 0 0 0 0 0 0 0 0 0 0 0 0 0 0 0 0 0 0 0 0 0 0 0 0 0 1 0 0 0 0 0 0 0 0 0 0 0 0 0 0 0 0 0 0 0 0 0 0 0 0 0 0 0 0 0 0 0 0 0 0 0 0 0]
[1596792079225052134959240238365136473934921000701906957277822532301856503687067146291570602473732079578870711581165415819431290730702734124369422829626920916228766212796112299015863867287819130482247178698460080170515729263662204369226917585668226 0 0 0 0 0 0 0 0 0 0 0 0 0 0 0 0 0 0 0 0 0 0 0 0 0 0 0 0 0 0 0 0 0 0 0 0 0 0 0 0 0 0 0 0 1 0 0 0 0 0 0 0 0 0 0 0 0 0 0 0 0 0 0 0 0 0 0 0 0 0 0 0 0 0 0 0 0 0 0 0 0]
[3627737503444395496799777743336413074316742687910636833396017644280961803072027034564607262417050730414298789028528005635783840242935958250002316104140127480894132249696158416799104987960912908397502409407304686303452633684533547686200476396567751 0 0 0 0 0 0 0 0 0 0 0 0 0 0 0 0 0 0 0 0 0 0 0 0 0 0 0 0 0 0 0 0 0 0 0 0 0 0 0 0 0 0 0 0 0 1 0 0 0 0 0 0 0 0 0 0 0 0 0 0 0 0 0 0 0 0 0 0 0 0 0 0 0 0 0 0 0 0 0 0 0]
[194748154802110097633890320460274662389860668062033186508514095841720439591850226850491586252498790290857160227066531424803339691339180231052638109480561865964638892145233379779288161624824322725565613372055482848055961180830723838632074439464971 0 0 0 0 0 0 0 0 0 0 0 0 0 0 0 0 0 0 0 0 0 0 0 0 0 0 0 0 0 0 0 0 0 0 0 0 0 0 0 0 0 0 0 0 0 0 1 0 0 0 0 0 0 0 0 0 0 0 0 0 0 0 0 0 0 0 0 0 0 0 0 0 0 0 0 0 0 0 0 0 0]
[610552426147850077450253837244151821582202915354677162571810886292203072142452330592272296360330989796419869182290862926003677851816024746658522232290601303792543117009795338776639860539597783857178357266535657863918108326426570800008431127277640 0 0 0 0 0 0 0 0 0 0 0 0 0 0 0 0 0 0 0 0 0 0 0 0 0 0 0 0 0 0 0 0 0 0 0 0 0 0 0 0 0 0 0 0 0 0 0 1 0 0 0 0 0 0 0 0 0 0 0 0 0 0 0 0 0 0 0 0 0 0 0 0 0 0 0 0 0 0 0 0 0]
[2931634417432146332218219302602520738460649860443648926894532134006837129947718840544566358558953223826879970245894696822121528399369726226294036995828201688716437223124248360827223588362504634918420828425043018275223017107997155838445652226120084 0 0 0 0 0 0 0 0 0 0 0 0 0 0 0 0 0 0 0 0 0 0 0 0 0 0 0 0 0 0 0 0 0 0 0 0 0 0 0 0 0 0 0 0 0 0 0 0 1 0 0 0 0 0 0 0 0 0 0 0 0 0 0 0 0 0 0 0 0 0 0 0 0 0 0 0 0 0 0 0 0]
[3233487617574878240014796676575595865042528902380423967153375842253463821871253130303724657708054028818767373221504597446705148900889928755539880027895582499153648450575288330517226089437213364026970127461780016397965000449499492847986188172997097 0 0 0 0 0 0 0 0 0 0 0 0 0 0 0 0 0 0 0 0 0 0 0 0 0 0 0 0 0 0 0 0 0 0 0 0 0 0 0 0 0 0 0 0 0 0 0 0 0 1 0 0 0 0 0 0 0 0 0 0 0 0 0 0 0 0 0 0 0 0 0 0 0 0 0 0 0 0 0 0 0]
[1132235847720653711091218179346431249758596648964161769439700204860632864965335724942782483229837774518451236203145356137127825163104948775892377545765814819276166161862057697042440900094624394926715925460761518606371586696530074572714158145611538 0 0 0 0 0 0 0 0 0 0 0 0 0 0 0 0 0 0 0 0 0 0 0 0 0 0 0 0 0 0 0 0 0 0 0 0 0 0 0 0 0 0 0 0 0 0 0 0 0 0 1 0 0 0 0 0 0 0 0 0 0 0 0 0 0 0 0 0 0 0 0 0 0 0 0 0 0 0 0 0 0]
[887857204829312087620801514674798005608479171000743212677000826048461124240569851181787148402124711470638770954548844920179628879056220245229345793188188114978309937904776318002443714625070996790320500578942672783122514993703110232196323615782706 0 0 0 0 0 0 0 0 0 0 0 0 0 0 0 0 0 0 0 0 0 0 0 0 0 0 0 0 0 0 0 0 0 0 0 0 0 0 0 0 0 0 0 0 0 0 0 0 0 0 0 1 0 0 0 0 0 0 0 0 0 0 0 0 0 0 0 0 0 0 0 0 0 0 0 0 0 0 0 0 0]
[1354276860978108517616440242773226723957881766595476074296140644867353893276011266583429970605230232885116467688641525472942289167440858453724431011562049088200989647062468733956557917944167080504330117149025504585933691947702350666835228394945592 0 0 0 0 0 0 0 0 0 0 0 0 0 0 0 0 0 0 0 0 0 0 0 0 0 0 0 0 0 0 0 0 0 0 0 0 0 0 0 0 0 0 0 0 0 0 0 0 0 0 0 0 1 0 0 0 0 0 0 0 0 0 0 0 0 0 0 0 0 0 0 0 0 0 0 0 0 0 0 0 0]
[1469793421228671248443185004143744660488909651969478464787251374991494102277498998336131852429719497464475169113880174710872612274942320714511745408212109349581458576440895577260648067806210798934273494181650098604315796720073610511331717028873561 0 0 0 0 0 0 0 0 0 0 0 0 0 0 0 0 0 0 0 0 0 0 0 0 0 0 0 0 0 0 0 0 0 0 0 0 0 0 0 0 0 0 0 0 0 0 0 0 0 0 0 0 0 1 0 0 0 0 0 0 0 0 0 0 0 0 0 0 0 0 0 0 0 0 0 0 0 0 0 0 0]
[1318659945657131789836661045549091199202325833528278984449477138775949895948070743626480523735483974366551976738110786858539091259638117836701985098258924101711437874580425048385100543892735135167282048152054577330169519639223974768949862677448350 0 0 0 0 0 0 0 0 0 0 0 0 0 0 0 0 0 0 0 0 0 0 0 0 0 0 0 0 0 0 0 0 0 0 0 0 0 0 0 0 0 0 0 0 0 0 0 0 0 0 0 0 0 0 1 0 0 0 0 0 0 0 0 0 0 0 0 0 0 0 0 0 0 0 0 0 0 0 0 0 0]
[4353185762348109550890602031382053388603149520338139145859906665991313668288570785015600323577257560194992483897743335210041749727410839362648989762584360222442876547677795698575715677701246043253319647506511684459705804661694002194649150819973328 0 0 0 0 0 0 0 0 0 0 0 0 0 0 0 0 0 0 0 0 0 0 0 0 0 0 0 0 0 0 0 0 0 0 0 0 0 0 0 0 0 0 0 0 0 0 0 0 0 0 0 0 0 0 0 1 0 0 0 0 0 0 0 0 0 0 0 0 0 0 0 0 0 0 0 0 0 0 0 0 0]
[2122235143598811765029677361032738651880787640161716570901386983502415976378638314761217840947998526107270930238376611750581543316066182537671307699096698824392824020013807726123042077755308350071782578090156455535980848222024122386516187662743924 0 0 0 0 0 0 0 0 0 0 0 0 0 0 0 0 0 0 0 0 0 0 0 0 0 0 0 0 0 0 0 0 0 0 0 0 0 0 0 0 0 0 0 0 0 0 0 0 0 0 0 0 0 0 0 0 1 0 0 0 0 0 0 0 0 0 0 0 0 0 0 0 0 0 0 0 0 0 0 0 0]
[3206415187688041060831135366262680721668938519476388940462295113455989963500263964056083189609605514295401110362021868935600827738663539899681400500958044968866007856866759194391897078807016770774380785407753489659726347322887857473035499359608443 0 0 0 0 0 0 0 0 0 0 0 0 0 0 0 0 0 0 0 0 0 0 0 0 0 0 0 0 0 0 0 0 0 0 0 0 0 0 0 0 0 0 0 0 0 0 0 0 0 0 0 0 0 0 0 0 0 1 0 0 0 0 0 0 0 0 0 0 0 0 0 0 0 0 0 0 0 0 0 0 0]
[1733003030368169335983802567595979177926963927238350171426943836349757541369378787940409830991181381228346095791381180005807727934537482163381361280839282510112901109981540745567786110789072722006683511624118712276116666361289093995973434549077317 0 0 0 0 0 0 0 0 0 0 0 0 0 0 0 0 0 0 0 0 0 0 0 0 0 0 0 0 0 0 0 0 0 0 0 0 0 0 0 0 0 0 0 0 0 0 0 0 0 0 0 0 0 0 0 0 0 0 1 0 0 0 0 0 0 0 0 0 0 0 0 0 0 0 0 0 0 0 0 0 0]
[3703345993122918073698028375853649324369368169605701399368136620512017444287319308430507495156904679904578089475733838788197989269566393157247862121835219902783640641856740149730276599154607553271992997810386932909655039822584552786549413424268224 0 0 0 0 0 0 0 0 0 0 0 0 0 0 0 0 0 0 0 0 0 0 0 0 0 0 0 0 0 0 0 0 0 0 0 0 0 0 0 0 0 0 0 0 0 0 0 0 0 0 0 0 0 0 0 0 0 0 0 1 0 0 0 0 0 0 0 0 0 0 0 0 0 0 0 0 0 0 0 0 0]
[2980922576495068605496831617729405789847234396797779523598520999819607489261462606333619507571921218868115539984058590483072647189438550986371537885706062380658961637720738109214840048844198481302575495636881316498696866906805094007720860521989006 0 0 0 0 0 0 0 0 0 0 0 0 0 0 0 0 0 0 0 0 0 0 0 0 0 0 0 0 0 0 0 0 0 0 0 0 0 0 0 0 0 0 0 0 0 0 0 0 0 0 0 0 0 0 0 0 0 0 0 0 1 0 0 0 0 0 0 0 0 0 0 0 0 0 0 0 0 0 0 0 0]
[4022458013809243125304708271455646675998930163912326499791187609285297849283577244585193941558663853901857854894727464872998237917674553749723844707483588164017481642488941259392012677437556710187041951235240711600524876608766876396659220354289694 0 0 0 0 0 0 0 0 0 0 0 0 0 0 0 0 0 0 0 0 0 0 0 0 0 0 0 0 0 0 0 0 0 0 0 0 0 0 0 0 0 0 0 0 0 0 0 0 0 0 0 0 0 0 0 0 0 0 0 0 0 1 0 0 0 0 0 0 0 0 0 0 0 0 0 0 0 0 0 0 0]
[3812753581741029398507184711419346005224898280035349767087789566353650917359794096809650285388605086034443201525525729945516872730767184819002887660778101010304517334561015922501829299210400780374645898752981421729236105680733100692269119755764313 0 0 0 0 0 0 0 0 0 0 0 0 0 0 0 0 0 0 0 0 0 0 0 0 0 0 0 0 0 0 0 0 0 0 0 0 0 0 0 0 0 0 0 0 0 0 0 0 0 0 0 0 0 0 0 0 0 0 0 0 0 0 1 0 0 0 0 0 0 0 0 0 0 0 0 0 0 0 0 0 0]
[669500360004848019678970617513002508932205140337826644125109367593472989440381770203751311532451030677297651856411019944033814758426098509997075381221040000719900875049225240213440153973782734954064571706571860136963870652366048396707470826063089 0 0 0 0 0 0 0 0 0 0 0 0 0 0 0 0 0 0 0 0 0 0 0 0 0 0 0 0 0 0 0 0 0 0 0 0 0 0 0 0 0 0 0 0 0 0 0 0 0 0 0 0 0 0 0 0 0 0 0 0 0 0 0 1 0 0 0 0 0 0 0 0 0 0 0 0 0 0 0 0 0]
[3836080056932173662055680569703010309797514357855769169656510272805911731406665989411711349198360503423720788395779448881615123957277825146538981431358495979369679703977030632900780287701307547545964220253107939373702336350628440979938589553807075 0 0 0 0 0 0 0 0 0 0 0 0 0 0 0 0 0 0 0 0 0 0 0 0 0 0 0 0 0 0 0 0 0 0 0 0 0 0 0 0 0 0 0 0 0 0 0 0 0 0 0 0 0 0 0 0 0 0 0 0 0 0 0 0 1 0 0 0 0 0 0 0 0 0 0 0 0 0 0 0 0]
[1641815580607079199968559506793618252532389571081255317730990261736565205938447053783249734993336911132013657866008449908762281559196306474567066200520084786378372458830917172543966874569785037483584392890770254420938270917325412544746644269375134 0 0 0 0 0 0 0 0 0 0 0 0 0 0 0 0 0 0 0 0 0 0 0 0 0 0 0 0 0 0 0 0 0 0 0 0 0 0 0 0 0 0 0 0 0 0 0 0 0 0 0 0 0 0 0 0 0 0 0 0 0 0 0 0 0 1 0 0 0 0 0 0 0 0 0 0 0 0 0 0 0]
[965927500004534800155071083261657376887854365223742829935018066158587946201204663296620992709438055058740167971704662699485826781475347586480324740161286210343693455854755781185034396906520183962292296502305289197602126859980919354043283052963009 0 0 0 0 0 0 0 0 0 0 0 0 0 0 0 0 0 0 0 0 0 0 0 0 0 0 0 0 0 0 0 0 0 0 0 0 0 0 0 0 0 0 0 0 0 0 0 0 0 0 0 0 0 0 0 0 0 0 0 0 0 0 0 0 0 0 1 0 0 0 0 0 0 0 0 0 0 0 0 0 0]
[58484034085011594040551946907481718766873791120655257051569445608549286602846332999002927897889894053786273265858901118975216061728649205983342231020570131455811809843308985004218246946228812271475258641967773058086775812969644008746054894040971 0 0 0 0 0 0 0 0 0 0 0 0 0 0 0 0 0 0 0 0 0 0 0 0 0 0 0 0 0 0 0 0 0 0 0 0 0 0 0 0 0 0 0 0 0 0 0 0 0 0 0 0 0 0 0 0 0 0 0 0 0 0 0 0 0 0 0 1 0 0 0 0 0 0 0 0 0 0 0 0 0]
[1863803779002528504351781566531173047830089184689871458718784141297905351539298724321419256490993891399130292122017144052388234868910202273318220354563529463769522446525896516597190807477044786358758984588260312869344937512911155909374106766481185 0 0 0 0 0 0 0 0 0 0 0 0 0 0 0 0 0 0 0 0 0 0 0 0 0 0 0 0 0 0 0 0 0 0 0 0 0 0 0 0 0 0 0 0 0 0 0 0 0 0 0 0 0 0 0 0 0 0 0 0 0 0 0 0 0 0 0 0 1 0 0 0 0 0 0 0 0 0 0 0 0]
[707605337024888254241456064542714486073974993536026175386200304740709607573402556673242392359970454527793783955642354658657911351323130131303910266602356271741132419362854800369968525146106850823969065913904187463336083967512912740245084445461309 0 0 0 0 0 0 0 0 0 0 0 0 0 0 0 0 0 0 0 0 0 0 0 0 0 0 0 0 0 0 0 0 0 0 0 0 0 0 0 0 0 0 0 0 0 0 0 0 0 0 0 0 0 0 0 0 0 0 0 0 0 0 0 0 0 0 0 0 0 1 0 0 0 0 0 0 0 0 0 0 0]
[2574357400607946303259863274864978796008975016175256314569343333447024962743769006274576081501892345547269034356914858369653643738988468353397893831691537792920726154076993331349727540982070626194437092111796031039660525656469668300609038787814281 0 0 0 0 0 0 0 0 0 0 0 0 0 0 0 0 0 0 0 0 0 0 0 0 0 0 0 0 0 0 0 0 0 0 0 0 0 0 0 0 0 0 0 0 0 0 0 0 0 0 0 0 0 0 0 0 0 0 0 0 0 0 0 0 0 0 0 0 0 0 1 0 0 0 0 0 0 0 0 0 0]
[273870399236655893123042124146486522046681626465587180863921853023288507075276886430517582280090483903982912382078361740577807552417471795087529598487892958559027750691049611465215639355767015785497870318217989682855121244473444320481706696640374 0 0 0 0 0 0 0 0 0 0 0 0 0 0 0 0 0 0 0 0 0 0 0 0 0 0 0 0 0 0 0 0 0 0 0 0 0 0 0 0 0 0 0 0 0 0 0 0 0 0 0 0 0 0 0 0 0 0 0 0 0 0 0 0 0 0 0 0 0 0 0 1 0 0 0 0 0 0 0 0 0]
[388413478590520597865483268913983423847160004900344654718392326466653516256220470341045255843749625714142372494917172023065016290670599654905670061729781439648637778787712760190639686875321562082468618443655040385600643881191380387348438104110026 0 0 0 0 0 0 0 0 0 0 0 0 0 0 0 0 0 0 0 0 0 0 0 0 0 0 0 0 0 0 0 0 0 0 0 0 0 0 0 0 0 0 0 0 0 0 0 0 0 0 0 0 0 0 0 0 0 0 0 0 0 0 0 0 0 0 0 0 0 0 0 0 1 0 0 0 0 0 0 0 0]
[553668728656831694741008567862039489471258610027920087269116035316523501947570965723724776296924323244356164054796690118874771691368350830555458789166302498745834012728510761359862247401649680668492815891467598487440582107455268496912667410507623 0 0 0 0 0 0 0 0 0 0 0 0 0 0 0 0 0 0 0 0 0 0 0 0 0 0 0 0 0 0 0 0 0 0 0 0 0 0 0 0 0 0 0 0 0 0 0 0 0 0 0 0 0 0 0 0 0 0 0 0 0 0 0 0 0 0 0 0 0 0 0 0 0 1 0 0 0 0 0 0 0]
[2641335633223390906629528297619416428124695568994901186820640426604390310550815317136957787632013439436210502372920595235026034856712985827333918392697691383448210258194616258598938713664419525477440859924061917471963516087603112555166611199490780 0 0 0 0 0 0 0 0 0 0 0 0 0 0 0 0 0 0 0 0 0 0 0 0 0 0 0 0 0 0 0 0 0 0 0 0 0 0 0 0 0 0 0 0 0 0 0 0 0 0 0 0 0 0 0 0 0 0 0 0 0 0 0 0 0 0 0 0 0 0 0 0 0 0 1 0 0 0 0 0 0]
[895565086958706899704960837638989538959309515898513190493580534975114201287727739434743673960134021854477652730278663213547024666926078834029700759765806608482775296386275337191765089230394303698887081052227956875457995606807049471703370727428229 0 0 0 0 0 0 0 0 0 0 0 0 0 0 0 0 0 0 0 0 0 0 0 0 0 0 0 0 0 0 0 0 0 0 0 0 0 0 0 0 0 0 0 0 0 0 0 0 0 0 0 0 0 0 0 0 0 0 0 0 0 0 0 0 0 0 0 0 0 0 0 0 0 0 0 1 0 0 0 0 0]
[1150738259513614233892710618894045735022025738525618872710931121877645007167606324043119846984776315438865493895661503620402534176307189744856876008775527767956629629010004655944532130295019984114808192409282898591146823572751890590740688842928648 0 0 0 0 0 0 0 0 0 0 0 0 0 0 0 0 0 0 0 0 0 0 0 0 0 0 0 0 0 0 0 0 0 0 0 0 0 0 0 0 0 0 0 0 0 0 0 0 0 0 0 0 0 0 0 0 0 0 0 0 0 0 0 0 0 0 0 0 0 0 0 0 0 0 0 0 1 0 0 0 0]
[1515832683454312883533690626676029538980815279803961464837550588515880713592326197221298020593510564295438168088786091132639817577799509259640465056730438321834664726249706880971484977843786845030323009030985867625410192192606468669195180558289335 0 0 0 0 0 0 0 0 0 0 0 0 0 0 0 0 0 0 0 0 0 0 0 0 0 0 0 0 0 0 0 0 0 0 0 0 0 0 0 0 0 0 0 0 0 0 0 0 0 0 0 0 0 0 0 0 0 0 0 0 0 0 0 0 0 0 0 0 0 0 0 0 0 0 0 0 0 1 0 0 0]
[105230057951922278465613932955930058711863193671704209162170562422610246592152985794684056897954993184224699195435380232071924885366760059548435942771168927999667758577839353531750461808888833291558408691793309137686514433030322545507090776959668 0 0 0 0 0 0 0 0 0 0 0 0 0 0 0 0 0 0 0 0 0 0 0 0 0 0 0 0 0 0 0 0 0 0 0 0 0 0 0 0 0 0 0 0 0 0 0 0 0 0 0 0 0 0 0 0 0 0 0 0 0 0 0 0 0 0 0 0 0 0 0 0 0 0 0 0 0 0 1 0 0]
[2367423218279640143464096123647138899884834340380055112407727411716973013255231171734833714471229901891369894660213521182233314708329570269374914365601476591259918936768610917498866970392795696982550419798460623424450405261171765460204276499679163 0 0 0 0 0 0 0 0 0 0 0 0 0 0 0 0 0 0 0 0 0 0 0 0 0 0 0 0 0 0 0 0 0 0 0 0 0 0 0 0 0 0 0 0 0 0 0 0 0 0 0 0 0 0 0 0 0 0 0 0 0 0 0 0 0 0 0 0 0 0 0 0 0 0 0 0 0 0 0 1 0]
[2352483173568665828794497702632730547647487349810865633456737651088655494773896806562152161978030683201482788570073486266507397479515778566954395299720526634557864636899927633864243055894293758833073278109156141937368849826900179992096085712562520 0 0 0 0 0 0 0 0 0 0 0 0 0 0 0 0 0 0 0 0 0 0 0 0 0 0 0 0 0 0 0 0 0 0 0 0 0 0 0 0 0 0 0 0 0 0 0 0 0 0 0 0 0 0 0 0 0 0 0 0 0 0 0 0 0 0 0 0 0 0 0 0 0 0 0 0 0 0 0 0 1]
]
