[[3610697073293875550647270131692681172496354635381230688512541953427905455532266659739954768336827324682350535228238996428652419678946955455011484360692253073133314534106881836322008675210334622457 0 0 0 0 0 0 0 0 0 0 0 0 0 0 0 0 0 0 0 0 0 0 0 0 0 0 0 0 0 0 0 0 0 0 0 0 0 0 0 0 0 0 0 0 0 0 0 0 0 0 0 0 0 0 0 0 0 0 0 0 0 0 0 0]
[2369312469883686467434127250740545926862605044716162397545900025278675317409299901419055634097991814808272519862439042275294881686871172009257941546576004394000637569609029589368419932694839437139 1 0 0 0 0 0 0 0 0 0 0 0 0 0 0 0 0 0 0 0 0 0 0 0 0 0 0 0 0 0 0 0 0 0 0 0 0 0 0 0 0 0 0 0 0 0 0 0 0 0 0 0 0 0 0 0 0 0 0 0 0 0 0 0]
[2078418210952918577358881208259614685158389257152546285859411563837983530766616839881254299611111516494685844856418891434444265768732245051583418557499063939484803199549423528192812569254147492146 0 1 0 0 0 0 0 0 0 0 0 0 0 0 0 0 0 0 0 0 0 0 0 0 0 0 0 0 0 0 0 0 0 0 0 0 0 0 0 0 0 0 0 0 0 0 0 0 0 0 0 0 0 0 0 0 0 0 0 0 0 0 0 0]
[1647652349988927015048225828638488367228727869394148299712088339823266047265724063792518137206778323348881072072580758150194845190348915087497508880513507261819580073968856225223121200302293864801 0 0 1 0 0 0 0 0 0 0 0 0 0 0 0 0 0 0 0 0 0 0 0 0 0 0 0 0 0 0 0 0 0 0 0 0 0 0 0 0 0 0 0 0 0 0 0 0 0 0 0 0 0 0 0 0 0 0 0 0 0 0 0 0]
[707906922666578564026816131211085122250983652658020682680992017418880471735434045884918206882212979947666186373659858822207130052989689580396921444774553486950745416438249678478149737282725171769 0 0 0 1 0 0 0 0 0 0 0 0 0 0 0 0 0 0 0 0 0 0 0 0 0 0 0 0 0 0 0 0 0 0 0 0 0 0 0 0 0 0 0 0 0 0 0 0 0 0 0 0 0 0 0 0 0 0 0 0 0 0 0 0]
[3089061154302033727573023724715846322018069938574093005229573002687015443929253926522768931225974772810880466082137890582866049697853195076967698766888467229104431252334296070871041202947769570533 0 0 0 0 1 0 0 0 0 0 0 0 0 0 0 0 0 0 0 0 0 0 0 0 0 0 0 0 0 0 0 0 0 0 0 0 0 0 0 0 0 0 0 0 0 0 0 0 0 0 0 0 0 0 0 0 0 0 0 0 0 0 0 0]
[3445861988717663672995556016864065915185668234353343560932611468812207934123823716003338738714288746586706952702985501790287769196721125846821171061044884749525761580310779690171378671197359584288 0 0 0 0 0 1 0 0 0 0 0 0 0 0 0 0 0 0 0 0 0 0 0 0 0 0 0 0 0 0 0 0 0 0 0 0 0 0 0 0 0 0 0 0 0 0 0 0 0 0 0 0 0 0 0 0 0 0 0 0 0 0 0 0]
[3587004008376148647731632671535711536640799725399446424198014672513056556813487697720055991498106313957443071695546437314181539932870682202104148955838376620597626639800476197708242874340892031915 0 0 0 0 0 0 1 0 0 0 0 0 0 0 0 0 0 0 0 0 0 0 0 0 0 0 0 0 0 0 0 0 0 0 0 0 0 0 0 0 0 0 0 0 0 0 0 0 0 0 0 0 0 0 0 0 0 0 0 0 0 0 0 0]
[745750187656367162961248864811801156245414915346678125427342779453102121873363700134567959616326969947272383640353325273587256569262702584029973841564769857404571714862603727174879792144271677803 0 0 0 0 0 0 0 1 0 0 0 0 0 0 0 0 0 0 0 0 0 0 0 0 0 0 0 0 0 0 0 0 0 0 0 0 0 0 0 0 0 0 0 0 0 0 0 0 0 0 0 0 0 0 0 0 0 0 0 0 0 0 0 0]
[249737021791630557936681752544039710317007661401003863508710981132786939595024751058530228042740112758206137009230427660616449834616156619985866095527654529635084938466239454483596873752915590989 0 0 0 0 0 0 0 0 1 0 0 0 0 0 0 0 0 0 0 0 0 0 0 0 0 0 0 0 0 0 0 0 0 0 0 0 0 0 0 0 0 0 0 0 0 0 0 0 0 0 0 0 0 0 0 0 0 0 0 0 0 0 0 0]
[1823222298748898371064249751699546505136031101992663658811613998956013551001230109498248435181567489473024207935328312743017825961028184837751354434321443661884900699324367468619675112217871997751 0 0 0 0 0 0 0 0 0 1 0 0 0 0 0 0 0 0 0 0 0 0 0 0 0 0 0 0 0 0 0 0 0 0 0 0 0 0 0 0 0 0 0 0 0 0 0 0 0 0 0 0 0 0 0 0 0 0 0 0 0 0 0 0]
[2657511196394462961486519537989037469527963601290880882713339210375621159689021030197540204403091947658933755600647323138379010985269778699931990503543693778995999162831220399384798918141652989735 0 0 0 0 0 0 0 0 0 0 1 0 0 0 0 0 0 0 0 0 0 0 0 0 0 0 0 0 0 0 0 0 0 0 0 0 0 0 0 0 0 0 0 0 0 0 0 0 0 0 0 0 0 0 0 0 0 0 0 0 0 0 0 0]
[2843744941853397895667799436337361648483137930142800756730695831820753532317739160070797544821111347849911522145338821243351203016568644925621181892445454098340315105601051955013121911846740923145 0 0 0 0 0 0 0 0 0 0 0 1 0 0 0 0 0 0 0 0 0 0 0 0 0 0 0 0 0 0 0 0 0 0 0 0 0 0 0 0 0 0 0 0 0 0 0 0 0 0 0 0 0 0 0 0 0 0 0 0 0 0 0 0]
[1588466696087773256568386858761247346913331431608322005458284223124234932701449362521469085247115649953413484183472087238622921203575451839396373751743089886884307132102869702096474236085324141614 0 0 0 0 0 0 0 0 0 0 0 0 1 0 0 0 0 0 0 0 0 0 0 0 0 0 0 0 0 0 0 0 0 0 0 0 0 0 0 0 0 0 0 0 0 0 0 0 0 0 0 0 0 0 0 0 0 0 0 0 0 0 0 0]
[3535142942696840464592319798291794037009165411089327382923128672539948887400263357408567877588612286908852195973290453624319879649298013671354797909150360331787112492760976410540698554297164442846 0 0 0 0 0 0 0 0 0 0 0 0 0 1 0 0 0 0 0 0 0 0 0 0 0 0 0 0 0 0 0 0 0 0 0 0 0 0 0 0 0 0 0 0 0 0 0 0 0 0 0 0 0 0 0 0 0 0 0 0 0 0 0 0]
[3345781010047928185123651892437386063262520137072136693466781411767546407274773449205760039173206511726944588617470204494811213822817876682747402399875081004589979896312434572824353338347219547075 0 0 0 0 0 0 0 0 0 0 0 0 0 0 1 0 0 0 0 0 0 0 0 0 0 0 0 0 0 0 0 0 0 0 0 0 0 0 0 0 0 0 0 0 0 0 0 0 0 0 0 0 0 0 0 0 0 0 0 0 0 0 0 0]
[1975474538614747706337780678211250593947425994945098432075125533529884110459017886004244341230646633940331585312848889039958597629331215414825396218690970414582495207865673710405037068628242336053 0 0 0 0 0 0 0 0 0 0 0 0 0 0 0 1 0 0 0 0 0 0 0 0 0 0 0 0 0 0 0 0 0 0 0 0 0 0 0 0 0 0 0 0 0 0 0 0 0 0 0 0 0 0 0 0 0 0 0 0 0 0 0 0]
[1405777885258064394459180826025853935444892808304349482471500528583235907446820411278340995902840618398063545561683874200040846518813108184930454964666110953766194998998792416373431305393102665049 0 0 0 0 0 0 0 0 0 0 0 0 0 0 0 0 1 0 0 0 0 0 0 0 0 0 0 0 0 0 0 0 0 0 0 0 0 0 0 0 0 0 0 0 0 0 0 0 0 0 0 0 0 0 0 0 0 0 0 0 0 0 0 0]
[169223522604125169226152845535541192705149133571101507669240075770995057641867735663991231958924856790888260454530088292584012094745576964667925977196571238159124169665270605683343463393233850235 0 0 0 0 0 0 0 0 0 0 0 0 0 0 0 0 0 1 0 0 0 0 0 0 0 0 0 0 0 0 0 0 0 0 0 0 0 0 0 0 0 0 0 0 0 0 0 0 0 0 0 0 0 0 0 0 0 0 0 0 0 0 0 0]
[3226064220222004187715940638631716908304546980576168500652380985227432506078595779468482415086060991188699397147763276992819945523696622962061733279525643211555723335370789499966043863372548050520 0 0 0 0 0 0 0 0 0 0 0 0 0 0 0 0 0 0 1 0 0 0 0 0 0 0 0 0 0 0 0 0 0 0 0 0 0 0 0 0 0 0 0 0 0 0 0 0 0 0 0 0 0 0 0 0 0 0 0 0 0 0 0 0]
[3515930526824216006153647408157651698796482018586847421566589050960790172154708033116028522930280050795249639142608834592739266293738909004684718992239070621679492945463416940231132124672728556041 0 0 0 0 0 0 0 0 0 0 0 0 0 0 0 0 0 0 0 1 0 0 0 0 0 0 0 0 0 0 0 0 0 0 0 0 0 0 0 0 0 0 0 0 0 0 0 0 0 0 0 0 0 0 0 0 0 0 0 0 0 0 0 0]
[1641947100944603042238469269035990714977670654020036975802672576093354837268165760575363473630768481791058518387301305275091382644296070899035978116928399642253989622096359685267486440466584307090 0 0 0 0 0 0 0 0 0 0 0 0 0 0 0 0 0 0 0 0 1 0 0 0 0 0 0 0 0 0 0 0 0 0 0 0 0 0 0 0 0 0 0 0 0 0 0 0 0 0 0 0 0 0 0 0 0 0 0 0 0 0 0 0]
[935947114341924871354686379280172205098801548189019855420405592374085433297854224247365792511715678504944638416376406360744764300922823228908508327090277184674814319011540654710864835960125127588 0 0 0 0 0 0 0 0 0 0 0 0 0 0 0 0 0 0 0 0 0 1 0 0 0 0 0 0 0 0 0 0 0 0 0 0 0 0 0 0 0 0 0 0 0 0 0 0 0 0 0 0 0 0 0 0 0 0 0 0 0 0 0 0]
[682200605449313455103888817213192477685755419138268967591799374257611827488009463787045878800244022107810157888197699557136899335760138252263525213655551583987331812345719722877929734313980420391 0 0 0 0 0 0 0 0 0 0 0 0 0 0 0 0 0 0 0 0 0 0 1 0 0 0 0 0 0 0 0 0 0 0 0 0 0 0 0 0 0 0 0 0 0 0 0 0 0 0 0 0 0 0 0 0 0 0 0 0 0 0 0 0]
[2988655434545547952023354014927865407727809520150321580763925246150599533862317938185302309912777958483578671382268277217653142231701007487297589679370258836337086668981146979918416958285272289725 0 0 0 0 0 0 0 0 0 0 0 0 0 0 0 0 0 0 0 0 0 0 0 1 0 0 0 0 0 0 0 0 0 0 0 0 0 0 0 0 0 0 0 0 0 0 0 0 0 0 0 0 0 0 0 0 0 0 0 0 0 0 0 0]
[3324564429095172855228866128128687848319115163249290543084557514624093947374197024359622924574743822676660898966986524404990604086505353295173572327815453174010588735021277436534032828815720550627 0 0 0 0 0 0 0 0 0 0 0 0 0 0 0 0 0 0 0 0 0 0 0 0 1 0 0 0 0 0 0 0 0 0 0 0 0 0 0 0 0 0 0 0 0 0 0 0 0 0 0 0 0 0 0 0 0 0 0 0 0 0 0 0]
[1164507680686178249619392171749224518893372315695501672529344898968058759918240008986266282436382714153271862650814077359058730531322118023154321843524569771025843048729083305146910025696401342019 0 0 0 0 0 0 0 0 0 0 0 0 0 0 0 0 0 0 0 0 0 0 0 0 0 1 0 0 0 0 0 0 0 0 0 0 0 0 0 0 0 0 0 0 0 0 0 0 0 0 0 0 0 0 0 0 0 0 0 0 0 0 0 0]
[3256259458686403195657709892553521503333601067182609544691273953717970892262135579448275213649050254789085027934231604328165072584978896552471664330611892112213278139527346340921456143441473630162 0 0 0 0 0 0 0 0 0 0 0 0 0 0 0 0 0 0 0 0 0 0 0 0 0 0 1 0 0 0 0 0 0 0 0 0 0 0 0 0 0 0 0 0 0 0 0 0 0 0 0 0 0 0 0 0 0 0 0 0 0 0 0 0]
[2181741693016445146899828516567352476561055065346464696592679537075333710113176242753911123252938981614115571719366880905464243373348993570973592682222900791570825697328723482714742257081422746738 0 0 0 0 0 0 0 0 0 0 0 0 0 0 0 0 0 0 0 0 0 0 0 0 0 0 0 1 0 0 0 0 0 0 0 0 0 0 0 0 0 0 0 0 0 0 0 0 0 0 0 0 0 0 0 0 0 0 0 0 0 0 0 0]
[1067026430662491240353034927034408931832169572812360965962235611908832309486104221478145765923303673017541104370824620878036570108135177827235244625903913458798764115551697854059393763426565124432 0 0 0 0 0 0 0 0 0 0 0 0 0 0 0 0 0 0 0 0 0 0 0 0 0 0 0 0 1 0 0 0 0 0 0 0 0 0 0 0 0 0 0 0 0 0 0 0 0 0 0 0 0 0 0 0 0 0 0 0 0 0 0 0]
[1283292175490930018169833756525231196868183276333834508647902087752995832327484863483156108120217184852636397901022373442622683010470910546180508209499373797441960291049784634541388389404426247928 0 0 0 0 0 0 0 0 0 0 0 0 0 0 0 0 0 0 0 0 0 0 0 0 0 0 0 0 0 1 0 0 0 0 0 0 0 0 0 0 0 0 0 0 0 0 0 0 0 0 0 0 0 0 0 0 0 0 0 0 0 0 0 0]
[3485568568214175354238892702798532597247611976856415670039914496424980959352042483104368685277806334786385349369296063239325199474023538945567771854321735279985617068308930050373739709008719055188 0 0 0 0 0 0 0 0 0 0 0 0 0 0 0 0 0 0 0 0 0 0 0 0 0 0 0 0 0 0 1 0 0 0 0 0 0 0 0 0 0 0 0 0 0 0 0 0 0 0 0 0 0 0 0 0 0 0 0 0 0 0 0 0]
[2244860033171367058852119128286813617159184489394968235081987796860014896593787604537599176326042519822810545405152524548753669423272326116399063989682885999321519743884102565119782853992174689876 0 0 0 0 0 0 0 0 0 0 0 0 0 0 0 0 0 0 0 0 0 0 0 0 0 0 0 0 0 0 0 1 0 0 0 0 0 0 0 0 0 0 0 0 0 0 0 0 0 0 0 0 0 0 0 0 0 0 0 0 0 0 0 0]
[1191683977674341297853981674529657377472245883066839397466714560859146763686704608005749784397758768115627269220233101286315776739186742827848476999633346720239384342427407526706720239429761784192 0 0 0 0 0 0 0 0 0 0 0 0 0 0 0 0 0 0 0 0 0 0 0 0 0 0 0 0 0 0 0 0 1 0 0 0 0 0 0 0 0 0 0 0 0 0 0 0 0 0 0 0 0 0 0 0 0 0 0 0 0 0 0 0]
[1636736571602977344665204095685242490687091721076373995257907569881008877382620480807194909194816444641681532476833287354350170275761513462204987349982775471639472406053340811084747439882114666486 0 0 0 0 0 0 0 0 0 0 0 0 0 0 0 0 0 0 0 0 0 0 0 0 0 0 0 0 0 0 0 0 0 1 0 0 0 0 0 0 0 0 0 0 0 0 0 0 0 0 0 0 0 0 0 0 0 0 0 0 0 0 0 0]
[1974058716350092484768010949942839081579318112103470265959417154362095409188626136011770057011271122513220687506466739011767687557701847125986638687180543776196985651177553678281181141213383889123 0 0 0 0 0 0 0 0 0 0 0 0 0 0 0 0 0 0 0 0 0 0 0 0 0 0 0 0 0 0 0 0 0 0 1 0 0 0 0 0 0 0 0 0 0 0 0 0 0 0 0 0 0 0 0 0 0 0 0 0 0 0 0 0]
[1239095454055606457029635950739597960503340808525894641110216362680020872953796171493604951593743929330060326015122324331624499575034578073209524226401380134971832679637930675471559359307996694786 0 0 0 0 0 0 0 0 0 0 0 0 0 0 0 0 0 0 0 0 0 0 0 0 0 0 0 0 0 0 0 0 0 0 0 1 0 0 0 0 0 0 0 0 0 0 0 0 0 0 0 0 0 0 0 0 0 0 0 0 0 0 0 0]
[1777769414818519246457121257465387514590437835477303330147877312768223744285679104429530015011138470653860173069613981031541307187031328030714629377522007811208729334944885528124978261591596552052 0 0 0 0 0 0 0 0 0 0 0 0 0 0 0 0 0 0 0 0 0 0 0 0 0 0 0 0 0 0 0 0 0 0 0 0 1 0 0 0 0 0 0 0 0 0 0 0 0 0 0 0 0 0 0 0 0 0 0 0 0 0 0 0]
[244528441496325891477341147420260214660910520250162268590354628193937740590197465338850031767376242710436098926314314758437352473878488807162930404195492683639218015544435550692718914895011025094 0 0 0 0 0 0 0 0 0 0 0 0 0 0 0 0 0 0 0 0 0 0 0 0 0 0 0 0 0 0 0 0 0 0 0 0 0 1 0 0 0 0 0 0 0 0 0 0 0 0 0 0 0 0 0 0 0 0 0 0 0 0 0 0]
[2766972221359736623517463408530920265067879570816105256961669143218626947689896576061124987725034338361953680668874450976202185204157723912095031005437034334337668486079675229259441886347977258544 0 0 0 0 0 0 0 0 0 0 0 0 0 0 0 0 0 0 0 0 0 0 0 0 0 0 0 0 0 0 0 0 0 0 0 0 0 0 1 0 0 0 0 0 0 0 0 0 0 0 0 0 0 0 0 0 0 0 0 0 0 0 0 0]
[2047329657187416994544362019052890023661158008538130640191418080154292874438510528528576063030353077599442051705547133127487488613077557249108400747152812359464023194494702323954531542971887633168 0 0 0 0 0 0 0 0 0 0 0 0 0 0 0 0 0 0 0 0 0 0 0 0 0 0 0 0 0 0 0 0 0 0 0 0 0 0 0 1 0 0 0 0 0 0 0 0 0 0 0 0 0 0 0 0 0 0 0 0 0 0 0 0]
[2425074462264863487496005311412246021612713423026377737726352952448366809925243811011388197540733235061252796402544400835991998921314631954401997181340280669817215306018025041200320700831642536277 0 0 0 0 0 0 0 0 0 0 0 0 0 0 0 0 0 0 0 0 0 0 0 0 0 0 0 0 0 0 0 0 0 0 0 0 0 0 0 0 1 0 0 0 0 0 0 0 0 0 0 0 0 0 0 0 0 0 0 0 0 0 0 0]
[2637394048990590510001381934330751242770864124008327907109840471060840555207907929953078423142833074382359280544078317088073716479821451214875952313780585450230297275971110056529079075339593598544 0 0 0 0 0 0 0 0 0 0 0 0 0 0 0 0 0 0 0 0 0 0 0 0 0 0 0 0 0 0 0 0 0 0 0 0 0 0 0 0 0 1 0 0 0 0 0 0 0 0 0 0 0 0 0 0 0 0 0 0 0 0 0 0]
[970832579727961564479598126758932797385248932820918746400443813224590055958681969180644189844070340022914819186830098640128751269997784543315482812821118666151476566034700046056768143222231211039 0 0 0 0 0 0 0 0 0 0 0 0 0 0 0 0 0 0 0 0 0 0 0 0 0 0 0 0 0 0 0 0 0 0 0 0 0 0 0 0 0 0 1 0 0 0 0 0 0 0 0 0 0 0 0 0 0 0 0 0 0 0 0 0]
[3191883557930141439847262190207162408394858888018001799941267142215825122255210279119130283795554672116140601541222547671432589780597728419220911805445162694352982645431154681213644050465069590492 0 0 0 0 0 0 0 0 0 0 0 0 0 0 0 0 0 0 0 0 0 0 0 0 0 0 0 0 0 0 0 0 0 0 0 0 0 0 0 0 0 0 0 1 0 0 0 0 0 0 0 0 0 0 0 0 0 0 0 0 0 0 0 0]
[456425104655135513247777624781093862667973459085553620768580068089150783739317631194678261674636118820522041675316881806205895546969528391867577893758428913961035307572404751870275224544629677080 0 0 0 0 0 0 0 0 0 0 0 0 0 0 0 0 0 0 0 0 0 0 0 0 0 0 0 0 0 0 0 0 0 0 0 0 0 0 0 0 0 0 0 0 1 0 0 0 0 0 0 0 0 0 0 0 0 0 0 0 0 0 0 0]
[67478311035707926431222913056988400615964804073036488752761092427640714487535809219390122678424442559364944963854963806529212979005229250220755897322567319165560416601026776146842307874421527325 0 0 0 0 0 0 0 0 0 0 0 0 0 0 0 0 0 0 0 0 0 0 0 0 0 0 0 0 0 0 0 0 0 0 0 0 0 0 0 0 0 0 0 0 0 1 0 0 0 0 0 0 0 0 0 0 0 0 0 0 0 0 0 0]
[1812355658306879608542543664378928665934605067009698021780727358924808327505166525132833631088351336619102092721057568632600219479963015910365076138002403625114424185911746897984294143063964449391 0 0 0 0 0 0 0 0 0 0 0 0 0 0 0 0 0 0 0 0 0 0 0 0 0 0 0 0 0 0 0 0 0 0 0 0 0 0 0 0 0 0 0 0 0 0 1 0 0 0 0 0 0 0 0 0 0 0 0 0 0 0 0 0]
[1453819691893130149186270037979780269724588750349934190824306475890661785807671935663292792868304053439513994513436308863553468475010035388682737984568282114886277849922518280480603495869139873932 0 0 0 0 0 0 0 0 0 0 0 0 0 0 0 0 0 0 0 0 0 0 0 0 0 0 0 0 0 0 0 0 0 0 0 0 0 0 0 0 0 0 0 0 0 0 0 1 0 0 0 0 0 0 0 0 0 0 0 0 0 0 0 0]
[1492880719435463671681352830387904057099838814220918794817212300560513558906987623672015955349214241514661952217287174479068874239955992199692204619799511427240187502313071698344814447125845933512 0 0 0 0 0 0 0 0 0 0 0 0 0 0 0 0 0 0 0 0 0 0 0 0 0 0 0 0 0 0 0 0 0 0 0 0 0 0 0 0 0 0 0 0 0 0 0 0 1 0 0 0 0 0 0 0 0 0 0 0 0 0 0 0]
[1684562813702824873454634514059281415309295534901855560455971601569630483130993854876544913053566334214446591084578006276734368661688867254079733396521675752702629207007232558535014950755923902464 0 0 0 0 0 0 0 0 0 0 0 0 0 0 0 0 0 0 0 0 0 0 0 0 0 0 0 0 0 0 0 0 0 0 0 0 0 0 0 0 0 0 0 0 0 0 0 0 0 1 0 0 0 0 0 0 0 0 0 0 0 0 0 0]
[128178983178510849329535103626017658426534069979731745308823326258669597740054558736144545223628198412158140866832341046183308764050641609898952917201635162035379370465784291059882725557035248468 0 0 0 0 0 0 0 0 0 0 0 0 0 0 0 0 0 0 0 0 0 0 0 0 0 0 0 0 0 0 0 0 0 0 0 0 0 0 0 0 0 0 0 0 0 0 0 0 0 0 1 0 0 0 0 0 0 0 0 0 0 0 0 0]
[3338748227279277593800788078905925945435067394304449508247759698182514768060732569967981880902771647118802881194075349319170029087806301326237010120146702995655878030431238999447820024896625573902 0 0 0 0 0 0 0 0 0 0 0 0 0 0 0 0 0 0 0 0 0 0 0 0 0 0 0 0 0 0 0 0 0 0 0 0 0 0 0 0 0 0 0 0 0 0 0 0 0 0 0 1 0 0 0 0 0 0 0 0 0 0 0 0]
[3358369304453472971004726256946273695979118482646915973305868807468145317282416667962447361318429595604341451300942351022169502455706668217076204250348157816989718888267063411948457640802740689427 0 0 0 0 0 0 0 0 0 0 0 0 0 0 0 0 0 0 0 0 0 0 0 0 0 0 0 0 0 0 0 0 0 0 0 0 0 0 0 0 0 0 0 0 0 0 0 0 0 0 0 0 1 0 0 0 0 0 0 0 0 0 0 0]
[2572216165578563000912605737098139236795860081547740866243405745537731670517395100041138628299344436289895416044770733576328335896502337950329140276454322074719560668285181508956154759016698304603 0 0 0 0 0 0 0 0 0 0 0 0 0 0 0 0 0 0 0 0 0 0 0 0 0 0 0 0 0 0 0 0 0 0 0 0 0 0 0 0 0 0 0 0 0 0 0 0 0 0 0 0 0 1 0 0 0 0 0 0 0 0 0 0]
[193513773806539201973422078391193112846673612339979309494541196460910882375258067318350996104782357090601751510738231791640435230885713261559858091040170453494902089129633614473479953944642587797 0 0 0 0 0 0 0 0 0 0 0 0 0 0 0 0 0 0 0 0 0 0 0 0 0 0 0 0 0 0 0 0 0 0 0 0 0 0 0 0 0 0 0 0 0 0 0 0 0 0 0 0 0 0 1 0 0 0 0 0 0 0 0 0]
[1043201734193627922751146749289763722540120738600190334645080653400746783050909617297633258980347602287947701409539080677720380560252135442096596245232790526466470802055309235398908990415848608981 0 0 0 0 0 0 0 0 0 0 0 0 0 0 0 0 0 0 0 0 0 0 0 0 0 0 0 0 0 0 0 0 0 0 0 0 0 0 0 0 0 0 0 0 0 0 0 0 0 0 0 0 0 0 0 1 0 0 0 0 0 0 0 0]
[1801838138009689837867534537432526327157753949836339312192009657706062011949360168375030001721155672839563451190791596635590240654769298589242028431484403922851606494557512937938842127939394289146 0 0 0 0 0 0 0 0 0 0 0 0 0 0 0 0 0 0 0 0 0 0 0 0 0 0 0 0 0 0 0 0 0 0 0 0 0 0 0 0 0 0 0 0 0 0 0 0 0 0 0 0 0 0 0 0 1 0 0 0 0 0 0 0]
[3490191903311988071853653248307904953402215533912759216300963159958114447661413777348637653071428246078651912101073951120141777937110811319311928960069534979038475538967165459717617351073470166434 0 0 0 0 0 0 0 0 0 0 0 0 0 0 0 0 0 0 0 0 0 0 0 0 0 0 0 0 0 0 0 0 0 0 0 0 0 0 0 0 0 0 0 0 0 0 0 0 0 0 0 0 0 0 0 0 0 1 0 0 0 0 0 0]
[138619049934703647084067168738815774310271719082518267437576177191915140150654571735381677337476436351971542915658626051667299487194248512926717751105554729160707226041839242119663576206256571874 0 0 0 0 0 0 0 0 0 0 0 0 0 0 0 0 0 0 0 0 0 0 0 0 0 0 0 0 0 0 0 0 0 0 0 0 0 0 0 0 0 0 0 0 0 0 0 0 0 0 0 0 0 0 0 0 0 0 1 0 0 0 0 0]
[2236889327352281173651855818462189332359750843283739812327277286855532805323301676631161066716988338927700354094261613989618211244648520078257283320455191644349606929852253278471263501611214203185 0 0 0 0 0 0 0 0 0 0 0 0 0 0 0 0 0 0 0 0 0 0 0 0 0 0 0 0 0 0 0 0 0 0 0 0 0 0 0 0 0 0 0 0 0 0 0 0 0 0 0 0 0 0 0 0 0 0 0 1 0 0 0 0]
[1912943254155192449387164485602365035536185899556162169756650133851360544059265072685771452693604110387831082986300161419676127371010185037255669036315628782327219164652991687846155184298164868202 0 0 0 0 0 0 0 0 0 0 0 0 0 0 0 0 0 0 0 0 0 0 0 0 0 0 0 0 0 0 0 0 0 0 0 0 0 0 0 0 0 0 0 0 0 0 0 0 0 0 0 0 0 0 0 0 0 0 0 0 1 0 0 0]
[473165196384756144167757476426390734749803874007789577566509536465007431081528929253108332182560661656307492650374372952398680477082545410538692788902126813590397814090914474496398952642444048798 0 0 0 0 0 0 0 0 0 0 0 0 0 0 0 0 0 0 0 0 0 0 0 0 0 0 0 0 0 0 0 0 0 0 0 0 0 0 0 0 0 0 0 0 0 0 0 0 0 0 0 0 0 0 0 0 0 0 0 0 0 1 0 0]
[951460796607239251768308555233470629188778841181491582458122639328735299868264049016508342388341907605486216678989626479038682808695671237135141641024939134653568756119121421135143554626794296317 0 0 0 0 0 0 0 0 0 0 0 0 0 0 0 0 0 0 0 0 0 0 0 0 0 0 0 0 0 0 0 0 0 0 0 0 0 0 0 0 0 0 0 0 0 0 0 0 0 0 0 0 0 0 0 0 0 0 0 0 0 0 1 0]
[815332981259923563753525584259788999347666849529353187765987426182291824054753301330874236653631199111847940425407965560345672743387835234586117689652375766414788920522740362829678429303729645331 0 0 0 0 0 0 0 0 0 0 0 0 0 0 0 0 0 0 0 0 0 0 0 0 0 0 0 0 0 0 0 0 0 0 0 0 0 0 0 0 0 0 0 0 0 0 0 0 0 0 0 0 0 0 0 0 0 0 0 0 0 0 0 1]
]
