[[2565212769628737094777199992219138476042254677359623596253717758495411221842587461425980331542255377095512109617795469833356685543359762319112089256438691072889811492720746111 0 0 0 0 0 0 0 0 0 0 0 0 0 0 0 0 0 0 0 0 0 0 0 0 0 0 0 0 0 0 0 0 0 0 0 0 0 0 0 0 0 0 0 0 0 0 0 0 0 0 0 0 0 0 0 0 0]
[2538384894625194951061442946610867078896294935189641115362606718309703301621589445126844252282719619066017743201714560621605618234108682668145298051607791433522354436515317421 1 0 0 0 0 0 0 0 0 0 0 0 0 0 0 0 0 0 0 0 0 0 0 0 0 0 0 0 0 0 0 0 0 0 0 0 0 0 0 0 0 0 0 0 0 0 0 0 0 0 0 0 0 0 0 0 0]
[2246394962441496780283632741875327456384871274620256683186711348060819766376223752794063188647366127278138622755461892331558230625481502240127151057113770491329872419170066685 0 1 0 0 0 0 0 0 0 0 0 0 0 0 0 0 0 0 0 0 0 0 0 0 0 0 0 0 0 0 0 0 0 0 0 0 0 0 0 0 0 0 0 0 0 0 0 0 0 0 0 0 0 0 0 0 0]
[2086271743739651205262239669811694781828831093151282525115087008864844799639667238205626655989323178970509800119118673472660956831086078617518338952551186397354714211349271078 0 0 1 0 0 0 0 0 0 0 0 0 0 0 0 0 0 0 0 0 0 0 0 0 0 0 0 0 0 0 0 0 0 0 0 0 0 0 0 0 0 0 0 0 0 0 0 0 0 0 0 0 0 0 0 0 0]
[291146138307640754484746843089938689646380024224294665150896546565083106909169930609205545869892450496247802768106115106012139967180898975015530493242339817221450910384984571 0 0 0 1 0 0 0 0 0 0 0 0 0 0 0 0 0 0 0 0 0 0 0 0 0 0 0 0 0 0 0 0 0 0 0 0 0 0 0 0 0 0 0 0 0 0 0 0 0 0 0 0 0 0 0 0 0]
[811366435068570068486105122381525151196629578935102577770119490042887579165354346905403560114664449102587324827623270534169387822697212772667997067232951804206820088247309696 0 0 0 0 1 0 0 0 0 0 0 0 0 0 0 0 0 0 0 0 0 0 0 0 0 0 0 0 0 0 0 0 0 0 0 0 0 0 0 0 0 0 0 0 0 0 0 0 0 0 0 0 0 0 0 0 0]
[1597878235675152419517546070318376534324202059315519494228189730453454032892731343506866210480803988373029902401675438761125747257674187274250353562302336794850933661274583100 0 0 0 0 0 1 0 0 0 0 0 0 0 0 0 0 0 0 0 0 0 0 0 0 0 0 0 0 0 0 0 0 0 0 0 0 0 0 0 0 0 0 0 0 0 0 0 0 0 0 0 0 0 0 0 0 0]
[1094933171261880109073303111960621753379892115453488877704392232380641878105028552595652299008210724269566183861423833648274264782112598649093498309290113554049473732385327119 0 0 0 0 0 0 1 0 0 0 0 0 0 0 0 0 0 0 0 0 0 0 0 0 0 0 0 0 0 0 0 0 0 0 0 0 0 0 0 0 0 0 0 0 0 0 0 0 0 0 0 0 0 0 0 0 0]
[1191461166570586140813982074818530222529311677900093459964821727052361832019963774010267837524125929170564993209590186665932645653024120237289876673167407226493644232608675365 0 0 0 0 0 0 0 1 0 0 0 0 0 0 0 0 0 0 0 0 0 0 0 0 0 0 0 0 0 0 0 0 0 0 0 0 0 0 0 0 0 0 0 0 0 0 0 0 0 0 0 0 0 0 0 0 0]
[261011540387786632508298737161417479669159371569364903968203997994893081627585068319848760809417227514335642427179768099501023808052142683811437871215223756322557719396476036 0 0 0 0 0 0 0 0 1 0 0 0 0 0 0 0 0 0 0 0 0 0 0 0 0 0 0 0 0 0 0 0 0 0 0 0 0 0 0 0 0 0 0 0 0 0 0 0 0 0 0 0 0 0 0 0 0]
[2197439202107039504090505815259007438223726393875178166938671582876214595649263140058681148813859037997441081909848521152513975863185739686340293074107933836888628394449307772 0 0 0 0 0 0 0 0 0 1 0 0 0 0 0 0 0 0 0 0 0 0 0 0 0 0 0 0 0 0 0 0 0 0 0 0 0 0 0 0 0 0 0 0 0 0 0 0 0 0 0 0 0 0 0 0 0]
[494629692888947182953779063987609089555209701273527818438476272186033920309125684412253376867255005194072163708724527821415193024101587794208122938386119789181949256131721858 0 0 0 0 0 0 0 0 0 0 1 0 0 0 0 0 0 0 0 0 0 0 0 0 0 0 0 0 0 0 0 0 0 0 0 0 0 0 0 0 0 0 0 0 0 0 0 0 0 0 0 0 0 0 0 0 0]
[1148734800833025625774790589279697898976058961717459620503219419796806973056979478655951574290980181444644245776635249554115102021520080334895368443211195883517274816584823988 0 0 0 0 0 0 0 0 0 0 0 1 0 0 0 0 0 0 0 0 0 0 0 0 0 0 0 0 0 0 0 0 0 0 0 0 0 0 0 0 0 0 0 0 0 0 0 0 0 0 0 0 0 0 0 0 0]
[1789074819605992314887104424604226462246903884702893017383413771302653375119486126065061767444446554264130588028537218161641511284663461597806853551679499618930826167285693573 0 0 0 0 0 0 0 0 0 0 0 0 1 0 0 0 0 0 0 0 0 0 0 0 0 0 0 0 0 0 0 0 0 0 0 0 0 0 0 0 0 0 0 0 0 0 0 0 0 0 0 0 0 0 0 0 0]
[56814942859415678231118852931320427631341068859955642857038512116669314580885494270178555993963142911793822607019502815223777921031406987804236734159715088629127599683468800 0 0 0 0 0 0 0 0 0 0 0 0 0 1 0 0 0 0 0 0 0 0 0 0 0 0 0 0 0 0 0 0 0 0 0 0 0 0 0 0 0 0 0 0 0 0 0 0 0 0 0 0 0 0 0 0 0]
[1975003957643042158683238044372708783843836581696186970757239069264407110369827455424161955488355273924742566064458943598843296661336231721603287697065142899113202829605529733 0 0 0 0 0 0 0 0 0 0 0 0 0 0 1 0 0 0 0 0 0 0 0 0 0 0 0 0 0 0 0 0 0 0 0 0 0 0 0 0 0 0 0 0 0 0 0 0 0 0 0 0 0 0 0 0 0]
[1767203218359646019102725135237347524807988169253433689764448700283087210109146602202626964344234646238117061082912372482579828276545644255586350135203716291140536171233390845 0 0 0 0 0 0 0 0 0 0 0 0 0 0 0 1 0 0 0 0 0 0 0 0 0 0 0 0 0 0 0 0 0 0 0 0 0 0 0 0 0 0 0 0 0 0 0 0 0 0 0 0 0 0 0 0 0]
[2121680486951972560548398766466329940698611942291059168467186839020084099330674788061177267174038954395954991538362227263378995327496650031367405087244637510338147359902288008 0 0 0 0 0 0 0 0 0 0 0 0 0 0 0 0 1 0 0 0 0 0 0 0 0 0 0 0 0 0 0 0 0 0 0 0 0 0 0 0 0 0 0 0 0 0 0 0 0 0 0 0 0 0 0 0 0]
[1945300343486958536491225440491756285511461212140073106519724924468027172567941011952746186339939034712379645841264343642651952799627858210351712836409824465376366388236781564 0 0 0 0 0 0 0 0 0 0 0 0 0 0 0 0 0 1 0 0 0 0 0 0 0 0 0 0 0 0 0 0 0 0 0 0 0 0 0 0 0 0 0 0 0 0 0 0 0 0 0 0 0 0 0 0 0]
[1657457634370896848580497789098400960364369645706344784802534165050512391693042704430057766895682268271894187105384165348379315719960041276739899213080192092954438771964390292 0 0 0 0 0 0 0 0 0 0 0 0 0 0 0 0 0 0 1 0 0 0 0 0 0 0 0 0 0 0 0 0 0 0 0 0 0 0 0 0 0 0 0 0 0 0 0 0 0 0 0 0 0 0 0 0 0]
[119973558251405063842614948115687514639666058546327943852147248515306288821198215237445908420534357009482244877029572187105734537752559193324944759238079310515520481091478768 0 0 0 0 0 0 0 0 0 0 0 0 0 0 0 0 0 0 0 1 0 0 0 0 0 0 0 0 0 0 0 0 0 0 0 0 0 0 0 0 0 0 0 0 0 0 0 0 0 0 0 0 0 0 0 0 0]
[64130745211250957515152960390096019221938359318613909913151438852149323034415424198669271496239509131705090536513995655294770677469883683317339366176689931756494315970468647 0 0 0 0 0 0 0 0 0 0 0 0 0 0 0 0 0 0 0 0 1 0 0 0 0 0 0 0 0 0 0 0 0 0 0 0 0 0 0 0 0 0 0 0 0 0 0 0 0 0 0 0 0 0 0 0 0]
[1037948435366177523257837859308222921330665781402025716155977694449732736587446907098954602626891416229118105466588754212120492292918612194610616877761297871770609661867156190 0 0 0 0 0 0 0 0 0 0 0 0 0 0 0 0 0 0 0 0 0 1 0 0 0 0 0 0 0 0 0 0 0 0 0 0 0 0 0 0 0 0 0 0 0 0 0 0 0 0 0 0 0 0 0 0 0]
[1618820299286812015500725240149798283664643895126321351305519121968307192015171782567447825667476899092846749620080961760514559330875403849515774003675825184080627718399789329 0 0 0 0 0 0 0 0 0 0 0 0 0 0 0 0 0 0 0 0 0 0 1 0 0 0 0 0 0 0 0 0 0 0 0 0 0 0 0 0 0 0 0 0 0 0 0 0 0 0 0 0 0 0 0 0 0]
[318216309515015072090097064557203657498536764301472896910141769377000037302754372888681917549679634321811065356293233896966020626212613925691860592670159064300603937680614040 0 0 0 0 0 0 0 0 0 0 0 0 0 0 0 0 0 0 0 0 0 0 0 1 0 0 0 0 0 0 0 0 0 0 0 0 0 0 0 0 0 0 0 0 0 0 0 0 0 0 0 0 0 0 0 0 0]
[2390585497392855521035195837494263976095440407175164497142538800165293582530070105361077384581840749850764813939557113992080523366169776883233072198375216769976737352812044993 0 0 0 0 0 0 0 0 0 0 0 0 0 0 0 0 0 0 0 0 0 0 0 0 1 0 0 0 0 0 0 0 0 0 0 0 0 0 0 0 0 0 0 0 0 0 0 0 0 0 0 0 0 0 0 0 0]
[2336653334580707794583750301329659701504957362962782285025309718236922088047242185299084030845049499037770032128419550112426327737855839896975033598475364849710651827073753366 0 0 0 0 0 0 0 0 0 0 0 0 0 0 0 0 0 0 0 0 0 0 0 0 0 1 0 0 0 0 0 0 0 0 0 0 0 0 0 0 0 0 0 0 0 0 0 0 0 0 0 0 0 0 0 0 0]
[1700316755559003489646922557040481582978324223444484545625342184109958046592204489355529398644781634910193120545293989410993182117228962964104644161147343149355858913814579388 0 0 0 0 0 0 0 0 0 0 0 0 0 0 0 0 0 0 0 0 0 0 0 0 0 0 1 0 0 0 0 0 0 0 0 0 0 0 0 0 0 0 0 0 0 0 0 0 0 0 0 0 0 0 0 0 0]
[576480169756246840437555571362490866209895940643531015710405542045230048470142323795372215711307330116619594872707059644799474712773727200557998306670201162917284903833254039 0 0 0 0 0 0 0 0 0 0 0 0 0 0 0 0 0 0 0 0 0 0 0 0 0 0 0 1 0 0 0 0 0 0 0 0 0 0 0 0 0 0 0 0 0 0 0 0 0 0 0 0 0 0 0 0 0]
[365516595164507836010476588113777699783043706316094028030132968122080120350476703502137752339114349967592579408561838340141920068880457515536226470976685543840177484852015980 0 0 0 0 0 0 0 0 0 0 0 0 0 0 0 0 0 0 0 0 0 0 0 0 0 0 0 0 1 0 0 0 0 0 0 0 0 0 0 0 0 0 0 0 0 0 0 0 0 0 0 0 0 0 0 0 0]
[791114744952245400990465961301587213829032229597668809961297792109128618120692308246180926282649372259457832182486975404753366037763258792859723212397118392170402418359358221 0 0 0 0 0 0 0 0 0 0 0 0 0 0 0 0 0 0 0 0 0 0 0 0 0 0 0 0 0 1 0 0 0 0 0 0 0 0 0 0 0 0 0 0 0 0 0 0 0 0 0 0 0 0 0 0 0]
[1198859221157147986548941665892787749536339043307026768971433799559796210897311992340752194070926816749478339236967936559820095873332186590859360814310994023282858871573511067 0 0 0 0 0 0 0 0 0 0 0 0 0 0 0 0 0 0 0 0 0 0 0 0 0 0 0 0 0 0 1 0 0 0 0 0 0 0 0 0 0 0 0 0 0 0 0 0 0 0 0 0 0 0 0 0 0]
[617968314233550045634051630298287640039431203199571664425966711657971097868443225676815745643407299586384522199065351347099885851977345405330465709245380991131235133578144690 0 0 0 0 0 0 0 0 0 0 0 0 0 0 0 0 0 0 0 0 0 0 0 0 0 0 0 0 0 0 0 1 0 0 0 0 0 0 0 0 0 0 0 0 0 0 0 0 0 0 0 0 0 0 0 0 0]
[160843889969646780456363276326005527567904054053709345028545371356209112579180015108606698778862779565166572919004644107462133521668192330129036519908437258509647373633149495 0 0 0 0 0 0 0 0 0 0 0 0 0 0 0 0 0 0 0 0 0 0 0 0 0 0 0 0 0 0 0 0 1 0 0 0 0 0 0 0 0 0 0 0 0 0 0 0 0 0 0 0 0 0 0 0 0]
[1937099921185362219521054104502757219548615017098439081565529894646722087390151242280289584113420460889192970536132678993677271357109255730105907252344104386848133607899918363 0 0 0 0 0 0 0 0 0 0 0 0 0 0 0 0 0 0 0 0 0 0 0 0 0 0 0 0 0 0 0 0 0 1 0 0 0 0 0 0 0 0 0 0 0 0 0 0 0 0 0 0 0 0 0 0 0]
[2489125189525424314518299358578403725783280655219836078845180938916169373459018757332103933103527229568817770818626931555630258737712014795977087104327018083188408019775138972 0 0 0 0 0 0 0 0 0 0 0 0 0 0 0 0 0 0 0 0 0 0 0 0 0 0 0 0 0 0 0 0 0 0 1 0 0 0 0 0 0 0 0 0 0 0 0 0 0 0 0 0 0 0 0 0 0]
[1569771089766635873544846538891028547295738415839959234479250900320599820543608745176541946817500463334374497071459605628942906772450408210221681982127254895735618175100651249 0 0 0 0 0 0 0 0 0 0 0 0 0 0 0 0 0 0 0 0 0 0 0 0 0 0 0 0 0 0 0 0 0 0 0 1 0 0 0 0 0 0 0 0 0 0 0 0 0 0 0 0 0 0 0 0 0]
[856298384556459379791539206794138906816504634992810677232580517100416052749204651889309304390862198207196698824990472977371194513705011932546465679114370184314331965936077142 0 0 0 0 0 0 0 0 0 0 0 0 0 0 0 0 0 0 0 0 0 0 0 0 0 0 0 0 0 0 0 0 0 0 0 0 1 0 0 0 0 0 0 0 0 0 0 0 0 0 0 0 0 0 0 0 0]
[365906278377812852061352604562665302308188976112830905775504848185674521302502466874361818357851214149984387300890128925321872437967965368483466525628884744412337223604545656 0 0 0 0 0 0 0 0 0 0 0 0 0 0 0 0 0 0 0 0 0 0 0 0 0 0 0 0 0 0 0 0 0 0 0 0 0 1 0 0 0 0 0 0 0 0 0 0 0 0 0 0 0 0 0 0 0]
[439370172002320852915858854524703767691402368152024645153865040229053940183580094825925766456076076007296808618351918799610269893118033892601088908124852912284671361088463360 0 0 0 0 0 0 0 0 0 0 0 0 0 0 0 0 0 0 0 0 0 0 0 0 0 0 0 0 0 0 0 0 0 0 0 0 0 0 1 0 0 0 0 0 0 0 0 0 0 0 0 0 0 0 0 0 0]
[530076698759399653022393878073744308295828694677554948921617463195951940530387820790760080281893895671106543462541222291520397935338801683478935493438472258143101396896042671 0 0 0 0 0 0 0 0 0 0 0 0 0 0 0 0 0 0 0 0 0 0 0 0 0 0 0 0 0 0 0 0 0 0 0 0 0 0 0 1 0 0 0 0 0 0 0 0 0 0 0 0 0 0 0 0 0]
[905499564382161183292185762666370488816715320419928186558019416159292300041221726883505406468793074088095000541424421666891379934773575464377561207585609571155389503823696760 0 0 0 0 0 0 0 0 0 0 0 0 0 0 0 0 0 0 0 0 0 0 0 0 0 0 0 0 0 0 0 0 0 0 0 0 0 0 0 0 1 0 0 0 0 0 0 0 0 0 0 0 0 0 0 0 0]
[1531479462920227526769254500350163113775517435179164681457065095756717752693170110950708673162339669344937489377593799854885523160999640805269700723133455337710422212666576945 0 0 0 0 0 0 0 0 0 0 0 0 0 0 0 0 0 0 0 0 0 0 0 0 0 0 0 0 0 0 0 0 0 0 0 0 0 0 0 0 0 1 0 0 0 0 0 0 0 0 0 0 0 0 0 0 0]
[2216100578070557378958843299690861572174132034934950506506844971436280776027522425755934984754299192288009608221185025367468623354364042787141468452621116468619217258616784769 0 0 0 0 0 0 0 0 0 0 0 0 0 0 0 0 0 0 0 0 0 0 0 0 0 0 0 0 0 0 0 0 0 0 0 0 0 0 0 0 0 0 1 0 0 0 0 0 0 0 0 0 0 0 0 0 0]
[764109641045764091432556524695602837759046346614258076382438683065783984702696807364286626640842950966642261960784849975717684529883294833486895552172674188099675390924540373 0 0 0 0 0 0 0 0 0 0 0 0 0 0 0 0 0 0 0 0 0 0 0 0 0 0 0 0 0 0 0 0 0 0 0 0 0 0 0 0 0 0 0 1 0 0 0 0 0 0 0 0 0 0 0 0 0]
[159712019283792148176489140392564501177640077494670489739565104406189849680189178379213349887270497985350348512488479629132102114716659978372818607758896336054716070038602911 0 0 0 0 0 0 0 0 0 0 0 0 0 0 0 0 0 0 0 0 0 0 0 0 0 0 0 0 0 0 0 0 0 0 0 0 0 0 0 0 0 0 0 0 1 0 0 0 0 0 0 0 0 0 0 0 0]
[379574741772897038232763335135922026296669851046854201564700883237701404416501865088582056931437066350075165149288369584313019102959213495736396195238032686323197620673692330 0 0 0 0 0 0 0 0 0 0 0 0 0 0 0 0 0 0 0 0 0 0 0 0 0 0 0 0 0 0 0 0 0 0 0 0 0 0 0 0 0 0 0 0 0 1 0 0 0 0 0 0 0 0 0 0 0]
[507716169373665619544457923318719101201241827316705980748438957182854283803288030129557519447751790166506791528166975072447923778431802305043704208752028946840407698818851110 0 0 0 0 0 0 0 0 0 0 0 0 0 0 0 0 0 0 0 0 0 0 0 0 0 0 0 0 0 0 0 0 0 0 0 0 0 0 0 0 0 0 0 0 0 0 1 0 0 0 0 0 0 0 0 0 0]
[2233273658721738062188570816229811782381660112900377386856174071579356515715602708078966468536497876786981211171814157068506066607524848574306112801612749200519299963977659335 0 0 0 0 0 0 0 0 0 0 0 0 0 0 0 0 0 0 0 0 0 0 0 0 0 0 0 0 0 0 0 0 0 0 0 0 0 0 0 0 0 0 0 0 0 0 0 1 0 0 0 0 0 0 0 0 0]
[1737868585604510746109794728764110338552205942772771241346129318315581120780830580153181650489878489676173988590301607985701893505809090988891371769214507784411475482956406494 0 0 0 0 0 0 0 0 0 0 0 0 0 0 0 0 0 0 0 0 0 0 0 0 0 0 0 0 0 0 0 0 0 0 0 0 0 0 0 0 0 0 0 0 0 0 0 0 1 0 0 0 0 0 0 0 0]
[2211678533856634731786964100151329056014345477798088307270514689529923475895710958617043541585234113387855753344852182764390156026275985789778264220741755109785289726694057629 0 0 0 0 0 0 0 0 0 0 0 0 0 0 0 0 0 0 0 0 0 0 0 0 0 0 0 0 0 0 0 0 0 0 0 0 0 0 0 0 0 0 0 0 0 0 0 0 0 1 0 0 0 0 0 0 0]
[183022786539717607860618943918033759326732541180448677621984291195311098713110518048951597277501445773127493714263872503243243219774402218857801444191019314876806486646383564 0 0 0 0 0 0 0 0 0 0 0 0 0 0 0 0 0 0 0 0 0 0 0 0 0 0 0 0 0 0 0 0 0 0 0 0 0 0 0 0 0 0 0 0 0 0 0 0 0 0 1 0 0 0 0 0 0]
[1024303210570898451693587972018394612691790100570126629305820818385728285109750001619949355009228864374206263998356500610031876335376538202979474897041910601570763241686064446 0 0 0 0 0 0 0 0 0 0 0 0 0 0 0 0 0 0 0 0 0 0 0 0 0 0 0 0 0 0 0 0 0 0 0 0 0 0 0 0 0 0 0 0 0 0 0 0 0 0 0 1 0 0 0 0 0]
[1424194734596637069216595118188596229038497720388241787486367699767184632651132221653836531048879840476362949794306692730966876924958762109349316272097438053715268218681603744 0 0 0 0 0 0 0 0 0 0 0 0 0 0 0 0 0 0 0 0 0 0 0 0 0 0 0 0 0 0 0 0 0 0 0 0 0 0 0 0 0 0 0 0 0 0 0 0 0 0 0 0 1 0 0 0 0]
[1569068052927969000183619051650641344957090317238224243989556292321098234591848839873125938605697701236769222389337765500441689684745125707787318676864695287509823069683995601 0 0 0 0 0 0 0 0 0 0 0 0 0 0 0 0 0 0 0 0 0 0 0 0 0 0 0 0 0 0 0 0 0 0 0 0 0 0 0 0 0 0 0 0 0 0 0 0 0 0 0 0 0 1 0 0 0]
[826252734909826575774661574657733470898329307590604582013970926082294647509738126990880234764223589216942751829324168817986091132806881261397784594357665010878344067198286342 0 0 0 0 0 0 0 0 0 0 0 0 0 0 0 0 0 0 0 0 0 0 0 0 0 0 0 0 0 0 0 0 0 0 0 0 0 0 0 0 0 0 0 0 0 0 0 0 0 0 0 0 0 0 1 0 0]
[1478779163482605695881654600753521986787707239470919433774172082953605273599899814429788341950978245327580853140244426749602559098163874576770422182385142421807180605225228708 0 0 0 0 0 0 0 0 0 0 0 0 0 0 0 0 0 0 0 0 0 0 0 0 0 0 0 0 0 0 0 0 0 0 0 0 0 0 0 0 0 0 0 0 0 0 0 0 0 0 0 0 0 0 0 1 0]
[1666297941868049381365414678781119689133776157621172419815067929706601027870415292448680674472565503636056576399683216170815758202351827095857955776019355977096810790658435134 0 0 0 0 0 0 0 0 0 0 0 0 0 0 0 0 0 0 0 0 0 0 0 0 0 0 0 0 0 0 0 0 0 0 0 0 0 0 0 0 0 0 0 0 0 0 0 0 0 0 0 0 0 0 0 0 1]
]
