[[3287933207244127540983895143074054972551767311961187716505098297815952692875566973460040913105993976245376859681119078257432917014991298281563553883417310129784757863191659219773846629470046390827259348389302473 0 0 0 0 0 0 0 0 0 0 0 0 0 0 0 0 0 0 0 0 0 0 0 0 0 0 0 0 0 0 0 0 0 0 0 0 0 0 0 0 0 0 0 0 0 0 0 0 0 0 0 0 0 0 0 0 0 0 0 0 0 0 0 0 0 0 0 0 0]
[1359704538843007296380711411888719408740320051036563310262706738961134447353952919547160876247120901505891880567489679500888285451701247329960279509034872834719956828755949594765232992559754667664963006983371697 1 0 0 0 0 0 0 0 0 0 0 0 0 0 0 0 0 0 0 0 0 0 0 0 0 0 0 0 0 0 0 0 0 0 0 0 0 0 0 0 0 0 0 0 0 0 0 0 0 0 0 0 0 0 0 0 0 0 0 0 0 0 0 0 0 0 0 0 0]
[135426966965425696391042167144279170641566719245911562371304788365413603581269823508064130457238072216175525080911323469077205423456748807534543452293263921309877007334258113442676370637392475868891285861485191 0 1 0 0 0 0 0 0 0 0 0 0 0 0 0 0 0 0 0 0 0 0 0 0 0 0 0 0 0 0 0 0 0 0 0 0 0 0 0 0 0 0 0 0 0 0 0 0 0 0 0 0 0 0 0 0 0 0 0 0 0 0 0 0 0 0 0 0 0]
[498594741290061719393744556048370884938511693370517541175672227442781585328006560537135376149083181420506688734622990442538802490261239890612284056215484931384977344412799432446784137214287695245767825063092425 0 0 1 0 0 0 0 0 0 0 0 0 0 0 0 0 0 0 0 0 0 0 0 0 0 0 0 0 0 0 0 0 0 0 0 0 0 0 0 0 0 0 0 0 0 0 0 0 0 0 0 0 0 0 0 0 0 0 0 0 0 0 0 0 0 0 0 0 0]
[2874750739610378036692717672185384440617345480467915405586547250508696488284843343744970826497730967342624759877132418890552937018950541872686470212476872538451860913402550748384884819168966750588755666377643963 0 0 0 1 0 0 0 0 0 0 0 0 0 0 0 0 0 0 0 0 0 0 0 0 0 0 0 0 0 0 0 0 0 0 0 0 0 0 0 0 0 0 0 0 0 0 0 0 0 0 0 0 0 0 0 0 0 0 0 0 0 0 0 0 0 0 0 0 0]
[335302953112549005096858612632932878203739452469049240011956395718134642114542782777274833937162032774320564116085324003729464674407810993527532689704806660608569488887670871528403381177537174155044029594174068 0 0 0 0 1 0 0 0 0 0 0 0 0 0 0 0 0 0 0 0 0 0 0 0 0 0 0 0 0 0 0 0 0 0 0 0 0 0 0 0 0 0 0 0 0 0 0 0 0 0 0 0 0 0 0 0 0 0 0 0 0 0 0 0 0 0 0 0 0]
[2833754311664376360731353154175577208526552896604614120751107609394311781331378505972839686606979285629447245274363604927743413203352572309149740440482118063349205298566824396496130706792597248059565868919934069 0 0 0 0 0 1 0 0 0 0 0 0 0 0 0 0 0 0 0 0 0 0 0 0 0 0 0 0 0 0 0 0 0 0 0 0 0 0 0 0 0 0 0 0 0 0 0 0 0 0 0 0 0 0 0 0 0 0 0 0 0 0 0 0 0 0 0 0 0]
[54913996091030622348805888400797504753963922890961842436446321991816443745839431880578707566848191144547237697916849688043486925443658666196698660824635596891012975218494500866844232816025312009014976762500961 0 0 0 0 0 0 1 0 0 0 0 0 0 0 0 0 0 0 0 0 0 0 0 0 0 0 0 0 0 0 0 0 0 0 0 0 0 0 0 0 0 0 0 0 0 0 0 0 0 0 0 0 0 0 0 0 0 0 0 0 0 0 0 0 0 0 0 0 0]
[1629957745328932179550953251819623657324744467966074739127241908168566344536908038403283571231747495632179925182440151882079481295764667891011381380277804299468520636227980565288717403012666183780232978403264594 0 0 0 0 0 0 0 1 0 0 0 0 0 0 0 0 0 0 0 0 0 0 0 0 0 0 0 0 0 0 0 0 0 0 0 0 0 0 0 0 0 0 0 0 0 0 0 0 0 0 0 0 0 0 0 0 0 0 0 0 0 0 0 0 0 0 0 0 0]
[2499032881329318114525751009716246418198315211152501553240268688229646505880658283547778515272108643154526787883512153190284261325954037392898030514654801231950968533821372902747709986532799858303957575297277355 0 0 0 0 0 0 0 0 1 0 0 0 0 0 0 0 0 0 0 0 0 0 0 0 0 0 0 0 0 0 0 0 0 0 0 0 0 0 0 0 0 0 0 0 0 0 0 0 0 0 0 0 0 0 0 0 0 0 0 0 0 0 0 0 0 0 0 0 0]
[2185860137467174674013259613512466365615320742095211719491796348656577263034146819160077483579851519846640229540204335602620912044353785402329201238844430626108634539740178232527794190603604629680900425128912502 0 0 0 0 0 0 0 0 0 1 0 0 0 0 0 0 0 0 0 0 0 0 0 0 0 0 0 0 0 0 0 0 0 0 0 0 0 0 0 0 0 0 0 0 0 0 0 0 0 0 0 0 0 0 0 0 0 0 0 0 0 0 0 0 0 0 0 0 0]
[2684394709368571445146825644529579862563360382366095679352058798530815744143952054137989314785993870841203815687066038610967508972785496899036249878296833401908011624390933269273668616606697963383644675045645730 0 0 0 0 0 0 0 0 0 0 1 0 0 0 0 0 0 0 0 0 0 0 0 0 0 0 0 0 0 0 0 0 0 0 0 0 0 0 0 0 0 0 0 0 0 0 0 0 0 0 0 0 0 0 0 0 0 0 0 0 0 0 0 0 0 0 0 0 0]
[2873205105930825798060759515286060547009349756761976420832423937167894433590383948049098701481617057481618751542820892817256593995874379398940865835872907904676249424296066307862711564336641089796663206987039980 0 0 0 0 0 0 0 0 0 0 0 1 0 0 0 0 0 0 0 0 0 0 0 0 0 0 0 0 0 0 0 0 0 0 0 0 0 0 0 0 0 0 0 0 0 0 0 0 0 0 0 0 0 0 0 0 0 0 0 0 0 0 0 0 0 0 0 0 0]
[768372453821630705240115058763164896633470536261315599343396006314919559242076374165333923128625003293089467391530633399403399708351090577470125300680192559526541361140144546455298251243943604113999701148714139 0 0 0 0 0 0 0 0 0 0 0 0 1 0 0 0 0 0 0 0 0 0 0 0 0 0 0 0 0 0 0 0 0 0 0 0 0 0 0 0 0 0 0 0 0 0 0 0 0 0 0 0 0 0 0 0 0 0 0 0 0 0 0 0 0 0 0 0 0]
[2038290596722897938454231478248680382195783138770045707397228822880873177156830690332910266416996289937636313436044822491328164254407641494320913847670034911553186624472066811863608095590912534352523676548144667 0 0 0 0 0 0 0 0 0 0 0 0 0 1 0 0 0 0 0 0 0 0 0 0 0 0 0 0 0 0 0 0 0 0 0 0 0 0 0 0 0 0 0 0 0 0 0 0 0 0 0 0 0 0 0 0 0 0 0 0 0 0 0 0 0 0 0 0 0]
[1316026079853853029993987963796003964357445279919867499068323492245583866201584005210359740281184056178208777085798898815314171537602913875742846307821852418621458245325288642007740130424688661309249511712385434 0 0 0 0 0 0 0 0 0 0 0 0 0 0 1 0 0 0 0 0 0 0 0 0 0 0 0 0 0 0 0 0 0 0 0 0 0 0 0 0 0 0 0 0 0 0 0 0 0 0 0 0 0 0 0 0 0 0 0 0 0 0 0 0 0 0 0 0 0]
[1190258348343129694021735488478526864042071918047359623005163981830804886081113857061490930400224088489324977732351641819050917755401017971665946425787270294881290384567611376678897899913015525698199247717759974 0 0 0 0 0 0 0 0 0 0 0 0 0 0 0 1 0 0 0 0 0 0 0 0 0 0 0 0 0 0 0 0 0 0 0 0 0 0 0 0 0 0 0 0 0 0 0 0 0 0 0 0 0 0 0 0 0 0 0 0 0 0 0 0 0 0 0 0 0]
[2841177720811234608773664952216306416534084992540773183569039611432104468006599026904548276658673853252468242475169202449093917724239148593839180496588672544433398512955097200301386246062778039156980016108308539 0 0 0 0 0 0 0 0 0 0 0 0 0 0 0 0 1 0 0 0 0 0 0 0 0 0 0 0 0 0 0 0 0 0 0 0 0 0 0 0 0 0 0 0 0 0 0 0 0 0 0 0 0 0 0 0 0 0 0 0 0 0 0 0 0 0 0 0 0]
[2238400660819842602846787292193502605796069575606272510587871281680458319878468611528543096003327277545776928204604012493659317620193249196156504569088287557174246055307980393599587875324140683830265701776448791 0 0 0 0 0 0 0 0 0 0 0 0 0 0 0 0 0 1 0 0 0 0 0 0 0 0 0 0 0 0 0 0 0 0 0 0 0 0 0 0 0 0 0 0 0 0 0 0 0 0 0 0 0 0 0 0 0 0 0 0 0 0 0 0 0 0 0 0 0]
[1061704499696984381067607315405215680528890849335746715295493072009229691597990133037060453033436139146083040396032990295006360178198119392161469195012605841274378598288311718465562047236072068196095321963356166 0 0 0 0 0 0 0 0 0 0 0 0 0 0 0 0 0 0 1 0 0 0 0 0 0 0 0 0 0 0 0 0 0 0 0 0 0 0 0 0 0 0 0 0 0 0 0 0 0 0 0 0 0 0 0 0 0 0 0 0 0 0 0 0 0 0 0 0 0]
[324591177221251915613836149724088750081290017023095964174957435185613030965774657911967267335067240036037008539773967129985257588826024371965875110612049688773964682970103003768183040026998764015268210784850918 0 0 0 0 0 0 0 0 0 0 0 0 0 0 0 0 0 0 0 1 0 0 0 0 0 0 0 0 0 0 0 0 0 0 0 0 0 0 0 0 0 0 0 0 0 0 0 0 0 0 0 0 0 0 0 0 0 0 0 0 0 0 0 0 0 0 0 0 0]
[941550721598287958011695004042194314172077383904563195663802721723657759939716753903237401598883701284574455084525814859529613592551144435452773820320046436420947047571359076039828749125000531729400405711845258 0 0 0 0 0 0 0 0 0 0 0 0 0 0 0 0 0 0 0 0 1 0 0 0 0 0 0 0 0 0 0 0 0 0 0 0 0 0 0 0 0 0 0 0 0 0 0 0 0 0 0 0 0 0 0 0 0 0 0 0 0 0 0 0 0 0 0 0 0]
[1662341141548439925898268944861175650796916915085026302172431593210278111161005379422896684608791456229995474273018942862187427450628564666241460756199043124205319658236432342026568494339524907431086562453251357 0 0 0 0 0 0 0 0 0 0 0 0 0 0 0 0 0 0 0 0 0 1 0 0 0 0 0 0 0 0 0 0 0 0 0 0 0 0 0 0 0 0 0 0 0 0 0 0 0 0 0 0 0 0 0 0 0 0 0 0 0 0 0 0 0 0 0 0 0]
[562588570344665195852738608917816808847647875850692333917419590564197936103127632019127404549774683325184510183783510547515257362714363324100916498583138926702597731510906103723316542247131104021980143832201962 0 0 0 0 0 0 0 0 0 0 0 0 0 0 0 0 0 0 0 0 0 0 1 0 0 0 0 0 0 0 0 0 0 0 0 0 0 0 0 0 0 0 0 0 0 0 0 0 0 0 0 0 0 0 0 0 0 0 0 0 0 0 0 0 0 0 0 0 0]
[1747025305296379158982857887618693844698012230878977446042303444207132380490853206630707937008234612736792226961375644109073216159105484063843440418926701255722114456259166879057888079278820202014564823550374400 0 0 0 0 0 0 0 0 0 0 0 0 0 0 0 0 0 0 0 0 0 0 0 1 0 0 0 0 0 0 0 0 0 0 0 0 0 0 0 0 0 0 0 0 0 0 0 0 0 0 0 0 0 0 0 0 0 0 0 0 0 0 0 0 0 0 0 0 0]
[1432687846260513997960507664590673379810001296199574798840382675624971215200009566810618988809291409319710265370888276879208548087628010522001538385480144271735340883210469211970600891673279868927815918203805891 0 0 0 0 0 0 0 0 0 0 0 0 0 0 0 0 0 0 0 0 0 0 0 0 1 0 0 0 0 0 0 0 0 0 0 0 0 0 0 0 0 0 0 0 0 0 0 0 0 0 0 0 0 0 0 0 0 0 0 0 0 0 0 0 0 0 0 0 0]
[3223748742127851356990770307297336528540273370592119700675412140083681372498636467727444657096150519446488004950354211204665166657109307011877225244124180549410859283031562571969243760230825812320702182595989117 0 0 0 0 0 0 0 0 0 0 0 0 0 0 0 0 0 0 0 0 0 0 0 0 0 1 0 0 0 0 0 0 0 0 0 0 0 0 0 0 0 0 0 0 0 0 0 0 0 0 0 0 0 0 0 0 0 0 0 0 0 0 0 0 0 0 0 0 0]
[3261960296285984742026520442121667521241828311727995698137289214065477163553246103493731483692677919033199495901559037984292441932938088203079147615022144523238382394688896479993179735001633523282132609948303284 0 0 0 0 0 0 0 0 0 0 0 0 0 0 0 0 0 0 0 0 0 0 0 0 0 0 1 0 0 0 0 0 0 0 0 0 0 0 0 0 0 0 0 0 0 0 0 0 0 0 0 0 0 0 0 0 0 0 0 0 0 0 0 0 0 0 0 0 0]
[1214327486576039223328611296587477889387695869567219982730290651734128246899890852613027726754465983148555540665839837685356110232082351962554527868612408038035070088418279622329865638260497792726951309434913444 0 0 0 0 0 0 0 0 0 0 0 0 0 0 0 0 0 0 0 0 0 0 0 0 0 0 0 1 0 0 0 0 0 0 0 0 0 0 0 0 0 0 0 0 0 0 0 0 0 0 0 0 0 0 0 0 0 0 0 0 0 0 0 0 0 0 0 0 0]
[1376609994232199483116092932644955174219556798171940831873426166436234054093484967479480838451150744830125351157956876118525079073914978063022961004007930070548705159837432353473611248074150394691029166965388421 0 0 0 0 0 0 0 0 0 0 0 0 0 0 0 0 0 0 0 0 0 0 0 0 0 0 0 0 1 0 0 0 0 0 0 0 0 0 0 0 0 0 0 0 0 0 0 0 0 0 0 0 0 0 0 0 0 0 0 0 0 0 0 0 0 0 0 0 0]
[505308253022655281368602937106770952508613479411337896076025855320701555597082058739498451572801347625608625018447285267854446746210657817230537482920803301010509602355898889030432137680097508957246324930807034 0 0 0 0 0 0 0 0 0 0 0 0 0 0 0 0 0 0 0 0 0 0 0 0 0 0 0 0 0 1 0 0 0 0 0 0 0 0 0 0 0 0 0 0 0 0 0 0 0 0 0 0 0 0 0 0 0 0 0 0 0 0 0 0 0 0 0 0 0]
[1448642333566667983659411642743653390462866777036698926751250243680710505963797265097746018300600848137039847413468765012592858577382553844067864270088047819659252188182346479495062098197239302257099537835239402 0 0 0 0 0 0 0 0 0 0 0 0 0 0 0 0 0 0 0 0 0 0 0 0 0 0 0 0 0 0 1 0 0 0 0 0 0 0 0 0 0 0 0 0 0 0 0 0 0 0 0 0 0 0 0 0 0 0 0 0 0 0 0 0 0 0 0 0 0]
[1211148010781530796596475339174857769090522484529070778880774031215986217419243051944696963426403434753158706657513071378723428091043561283941258346428458485055498357169418401282112589474212817655530286322324182 0 0 0 0 0 0 0 0 0 0 0 0 0 0 0 0 0 0 0 0 0 0 0 0 0 0 0 0 0 0 0 1 0 0 0 0 0 0 0 0 0 0 0 0 0 0 0 0 0 0 0 0 0 0 0 0 0 0 0 0 0 0 0 0 0 0 0 0 0]
[1580767689372127648770579227056939409846744289559143757999176731854407282652859602732962258282979472591733831742263272112515451205407368023980058177712180038680608635965558331775836319578733524189419971448270382 0 0 0 0 0 0 0 0 0 0 0 0 0 0 0 0 0 0 0 0 0 0 0 0 0 0 0 0 0 0 0 0 1 0 0 0 0 0 0 0 0 0 0 0 0 0 0 0 0 0 0 0 0 0 0 0 0 0 0 0 0 0 0 0 0 0 0 0 0]
[1311011598672674912891170582984786080749028229921270438335175832740459108307818376738990712024089555590201650925790478715988982621125602299951415377348465987141400060902379322389814509062941593433095035024922360 0 0 0 0 0 0 0 0 0 0 0 0 0 0 0 0 0 0 0 0 0 0 0 0 0 0 0 0 0 0 0 0 0 1 0 0 0 0 0 0 0 0 0 0 0 0 0 0 0 0 0 0 0 0 0 0 0 0 0 0 0 0 0 0 0 0 0 0 0]
[2203767999292432584486178089523314113432385978561212032538000719076187703659624096555877514205961790881858660877887763614654564830265665004292259679712438923047738040895391107647229573975352793668610885793091770 0 0 0 0 0 0 0 0 0 0 0 0 0 0 0 0 0 0 0 0 0 0 0 0 0 0 0 0 0 0 0 0 0 0 1 0 0 0 0 0 0 0 0 0 0 0 0 0 0 0 0 0 0 0 0 0 0 0 0 0 0 0 0 0 0 0 0 0 0]
[39067083491849139144546816710354011745829029075515489873278985099415000212832534250996351831389292177393088262854331602407595339393348050775542594860411340849962616520287832625659937257974669809109819767558945 0 0 0 0 0 0 0 0 0 0 0 0 0 0 0 0 0 0 0 0 0 0 0 0 0 0 0 0 0 0 0 0 0 0 0 1 0 0 0 0 0 0 0 0 0 0 0 0 0 0 0 0 0 0 0 0 0 0 0 0 0 0 0 0 0 0 0 0 0]
[3151966048318769367578086382972157781343631877623424108131679671295592840219580386838984278480731716436385912510861561639971617491617399447210973399632883072286383547198789244267154622398748527484383953436862876 0 0 0 0 0 0 0 0 0 0 0 0 0 0 0 0 0 0 0 0 0 0 0 0 0 0 0 0 0 0 0 0 0 0 0 0 1 0 0 0 0 0 0 0 0 0 0 0 0 0 0 0 0 0 0 0 0 0 0 0 0 0 0 0 0 0 0 0 0]
[156325427669591372743447346365288868431653961538800348623402986145185099003838865439424142304388725433851138672526260661921633017684684168123800531203250739804975462793603160867846704506956362487003694901084753 0 0 0 0 0 0 0 0 0 0 0 0 0 0 0 0 0 0 0 0 0 0 0 0 0 0 0 0 0 0 0 0 0 0 0 0 0 1 0 0 0 0 0 0 0 0 0 0 0 0 0 0 0 0 0 0 0 0 0 0 0 0 0 0 0 0 0 0 0]
[2493058008666085211708812450427610899718439683763706377154013436709133980961880380099985643186765611604958801279457368308397858636543847686930076373665360451682952521748143030336704803521354881897496841139792722 0 0 0 0 0 0 0 0 0 0 0 0 0 0 0 0 0 0 0 0 0 0 0 0 0 0 0 0 0 0 0 0 0 0 0 0 0 0 1 0 0 0 0 0 0 0 0 0 0 0 0 0 0 0 0 0 0 0 0 0 0 0 0 0 0 0 0 0 0]
[38143878770298710984950852396392546691092183879994977773851035680523472455512589177143593013606845645771208395465332215117786744447024820855511696837260411843284584815674284356366049657319350056267386655183031 0 0 0 0 0 0 0 0 0 0 0 0 0 0 0 0 0 0 0 0 0 0 0 0 0 0 0 0 0 0 0 0 0 0 0 0 0 0 0 1 0 0 0 0 0 0 0 0 0 0 0 0 0 0 0 0 0 0 0 0 0 0 0 0 0 0 0 0 0]
[2611661306666800497755209563311156932225321330954017475367365416831361220774340932741825123567944685426621302842105102233104361302379566518086076461520015426996649339988157673221995792839984314101282963349849579 0 0 0 0 0 0 0 0 0 0 0 0 0 0 0 0 0 0 0 0 0 0 0 0 0 0 0 0 0 0 0 0 0 0 0 0 0 0 0 0 1 0 0 0 0 0 0 0 0 0 0 0 0 0 0 0 0 0 0 0 0 0 0 0 0 0 0 0 0]
[2662063351382010492980534798419286615331841112408826966432084467432025718215646786648156874540304459071999714281216645617697884691869427630362075744768165716204583200245870176948031369903160560837848386380625580 0 0 0 0 0 0 0 0 0 0 0 0 0 0 0 0 0 0 0 0 0 0 0 0 0 0 0 0 0 0 0 0 0 0 0 0 0 0 0 0 0 1 0 0 0 0 0 0 0 0 0 0 0 0 0 0 0 0 0 0 0 0 0 0 0 0 0 0 0]
[2186793137004219700385009154550476798737408545230993394616644219639307965259074264420741064520763995196110751636845268378928697229399500679979565829925835955080600849668781950790386321485689705312460951743770205 0 0 0 0 0 0 0 0 0 0 0 0 0 0 0 0 0 0 0 0 0 0 0 0 0 0 0 0 0 0 0 0 0 0 0 0 0 0 0 0 0 0 1 0 0 0 0 0 0 0 0 0 0 0 0 0 0 0 0 0 0 0 0 0 0 0 0 0 0]
[1210349474160974615957818580302168491553759785778400306496968857535753383122112405027286046585217035916944164031486399347962178012441804648325804466517596708311314022301187242945117202321870821563173590818475744 0 0 0 0 0 0 0 0 0 0 0 0 0 0 0 0 0 0 0 0 0 0 0 0 0 0 0 0 0 0 0 0 0 0 0 0 0 0 0 0 0 0 0 1 0 0 0 0 0 0 0 0 0 0 0 0 0 0 0 0 0 0 0 0 0 0 0 0 0]
[2497508573862195136407769637249369155186740558503995719101036446555164156594512073292614688302959446784703709885273546556184123132164695473644629341244399828671099166060789769762503077199273086102285622887286050 0 0 0 0 0 0 0 0 0 0 0 0 0 0 0 0 0 0 0 0 0 0 0 0 0 0 0 0 0 0 0 0 0 0 0 0 0 0 0 0 0 0 0 0 1 0 0 0 0 0 0 0 0 0 0 0 0 0 0 0 0 0 0 0 0 0 0 0 0]
[547568785452685499727472157999856785978133908331987285299119825932911834604788066381668992165262396129658108930596298540229440858884782578414150713494305122192628286771743054196964197558626585077427190509445296 0 0 0 0 0 0 0 0 0 0 0 0 0 0 0 0 0 0 0 0 0 0 0 0 0 0 0 0 0 0 0 0 0 0 0 0 0 0 0 0 0 0 0 0 0 1 0 0 0 0 0 0 0 0 0 0 0 0 0 0 0 0 0 0 0 0 0 0 0]
[3005767728026130710001944940969598711808934376814934302157035278381603314225324248557942007005968421733680465731996026079168642719820108550438639261520885892823074241869183264321676763345574785561786989096175383 0 0 0 0 0 0 0 0 0 0 0 0 0 0 0 0 0 0 0 0 0 0 0 0 0 0 0 0 0 0 0 0 0 0 0 0 0 0 0 0 0 0 0 0 0 0 1 0 0 0 0 0 0 0 0 0 0 0 0 0 0 0 0 0 0 0 0 0 0]
[1050386128849116379529358469517201764407141382353780008543738849183018986730918381179102488740639549808592426544584194330716887218788398268437203882159163106862609138265666106349570013159324615496826144621573445 0 0 0 0 0 0 0 0 0 0 0 0 0 0 0 0 0 0 0 0 0 0 0 0 0 0 0 0 0 0 0 0 0 0 0 0 0 0 0 0 0 0 0 0 0 0 0 1 0 0 0 0 0 0 0 0 0 0 0 0 0 0 0 0 0 0 0 0 0]
[33669449454726157129842190193369465952292066413423877537167622596524238388527031962429547918900784354979946746300783644278069949741834823014735553045087593358361369795301365375756770096807836481782037557693429 0 0 0 0 0 0 0 0 0 0 0 0 0 0 0 0 0 0 0 0 0 0 0 0 0 0 0 0 0 0 0 0 0 0 0 0 0 0 0 0 0 0 0 0 0 0 0 0 1 0 0 0 0 0 0 0 0 0 0 0 0 0 0 0 0 0 0 0 0]
[1091288486276761803100862385139149229930735666548310195830135930455311429494574486396950513937171494554246271588316412919577797600014821909813941070454608186744036487447534219295490229961687818917322258579961912 0 0 0 0 0 0 0 0 0 0 0 0 0 0 0 0 0 0 0 0 0 0 0 0 0 0 0 0 0 0 0 0 0 0 0 0 0 0 0 0 0 0 0 0 0 0 0 0 0 1 0 0 0 0 0 0 0 0 0 0 0 0 0 0 0 0 0 0 0]
[1013777828925425710322362388873936526237894216000862185816705715886090247038551725169206852576319131495785534673295448383484149492843419552630758496297569777433494668512130066251948921784374849688950154794014304 0 0 0 0 0 0 0 0 0 0 0 0 0 0 0 0 0 0 0 0 0 0 0 0 0 0 0 0 0 0 0 0 0 0 0 0 0 0 0 0 0 0 0 0 0 0 0 0 0 0 1 0 0 0 0 0 0 0 0 0 0 0 0 0 0 0 0 0 0]
[777779580238832674420811243922046318194419330908519646352595082479023810354225665081927232638407006977181439490352882002376883140614921963108267589534761141693169799420519864261108204836656531883851627465407307 0 0 0 0 0 0 0 0 0 0 0 0 0 0 0 0 0 0 0 0 0 0 0 0 0 0 0 0 0 0 0 0 0 0 0 0 0 0 0 0 0 0 0 0 0 0 0 0 0 0 0 1 0 0 0 0 0 0 0 0 0 0 0 0 0 0 0 0 0]
[2218978650695020432702694230224955975563995160606500828171053586461164729252281325669481971994113860624048570233876221205748616099226751695770263284844152065032729343905247806068768365978581229102217791333970602 0 0 0 0 0 0 0 0 0 0 0 0 0 0 0 0 0 0 0 0 0 0 0 0 0 0 0 0 0 0 0 0 0 0 0 0 0 0 0 0 0 0 0 0 0 0 0 0 0 0 0 0 1 0 0 0 0 0 0 0 0 0 0 0 0 0 0 0 0]
[740758202061415933331010400831558551827574019697569013100536242007347644912543834527173213837541094232761995770091069893049313810347408699281122153211354338937440981830987359399376567724494870256534077870245526 0 0 0 0 0 0 0 0 0 0 0 0 0 0 0 0 0 0 0 0 0 0 0 0 0 0 0 0 0 0 0 0 0 0 0 0 0 0 0 0 0 0 0 0 0 0 0 0 0 0 0 0 0 1 0 0 0 0 0 0 0 0 0 0 0 0 0 0 0]
[3239892874066722937327055198788858583677661552702555665048223329153877326554825735898547089126445891504807425312452696595907883922677273907004531814193259747753602217457924165535143068701922140610874686433745856 0 0 0 0 0 0 0 0 0 0 0 0 0 0 0 0 0 0 0 0 0 0 0 0 0 0 0 0 0 0 0 0 0 0 0 0 0 0 0 0 0 0 0 0 0 0 0 0 0 0 0 0 0 0 1 0 0 0 0 0 0 0 0 0 0 0 0 0 0]
[1062978941231849507282689329447152038044648332002272684786530692042055731842142385221814120146611121136214260126927420609967575776220598480715005817277367614865111571860962540771549093896839045609861154300092125 0 0 0 0 0 0 0 0 0 0 0 0 0 0 0 0 0 0 0 0 0 0 0 0 0 0 0 0 0 0 0 0 0 0 0 0 0 0 0 0 0 0 0 0 0 0 0 0 0 0 0 0 0 0 0 1 0 0 0 0 0 0 0 0 0 0 0 0 0]
[971816866215728716122774540284487021379694696672342704005848297452553715719317783045230936709947409329765028297223947818740675799179922290623721606832081808959635048251993642191874797686112603783362097200563032 0 0 0 0 0 0 0 0 0 0 0 0 0 0 0 0 0 0 0 0 0 0 0 0 0 0 0 0 0 0 0 0 0 0 0 0 0 0 0 0 0 0 0 0 0 0 0 0 0 0 0 0 0 0 0 0 1 0 0 0 0 0 0 0 0 0 0 0 0]
[351956061958794371860754008879193244261494450808880328207292844772399551579544406998954235381118369625460657180827546913977763482182110830235419264644695305110627464011176335270493432519984921347431581662078591 0 0 0 0 0 0 0 0 0 0 0 0 0 0 0 0 0 0 0 0 0 0 0 0 0 0 0 0 0 0 0 0 0 0 0 0 0 0 0 0 0 0 0 0 0 0 0 0 0 0 0 0 0 0 0 0 0 1 0 0 0 0 0 0 0 0 0 0 0]
[225351356631008058266293865369053454563732993353207814057282112867930561395159491132375377536570379625178054125480032354444130727141717657388011471881206236956185868898414974688784756359542101143493985483654954 0 0 0 0 0 0 0 0 0 0 0 0 0 0 0 0 0 0 0 0 0 0 0 0 0 0 0 0 0 0 0 0 0 0 0 0 0 0 0 0 0 0 0 0 0 0 0 0 0 0 0 0 0 0 0 0 0 0 1 0 0 0 0 0 0 0 0 0 0]
[2146029463260329652009573551286301477731895723048202024716265729624924268069427108174148021250518694823298049213706770816379220149517253447701784235941364002034477194516768311225192039480128825257535389991722106 0 0 0 0 0 0 0 0 0 0 0 0 0 0 0 0 0 0 0 0 0 0 0 0 0 0 0 0 0 0 0 0 0 0 0 0 0 0 0 0 0 0 0 0 0 0 0 0 0 0 0 0 0 0 0 0 0 0 0 1 0 0 0 0 0 0 0 0 0]
[475484118676034735309957626792303351040784674632022876648923134605371501953593171569233710963359867119980012635406648402421172948876288140043109982231290903901452471019019795844595234277067730671752929137039892 0 0 0 0 0 0 0 0 0 0 0 0 0 0 0 0 0 0 0 0 0 0 0 0 0 0 0 0 0 0 0 0 0 0 0 0 0 0 0 0 0 0 0 0 0 0 0 0 0 0 0 0 0 0 0 0 0 0 0 0 1 0 0 0 0 0 0 0 0]
[2318055624305068782556778128793946380068085507811170410473202707604403866513843606005926194938183474834190720513448203097161786401136241024347348067686619036968271481045819773382164385079670138928576666061776466 0 0 0 0 0 0 0 0 0 0 0 0 0 0 0 0 0 0 0 0 0 0 0 0 0 0 0 0 0 0 0 0 0 0 0 0 0 0 0 0 0 0 0 0 0 0 0 0 0 0 0 0 0 0 0 0 0 0 0 0 0 1 0 0 0 0 0 0 0]
[1708514314445019387618244727995479748552729839445827567380474918243180309623965098581138681332115225085618676684867515801994752182113782838881231445590672260338744655806714589181986454001820428214433918356071995 0 0 0 0 0 0 0 0 0 0 0 0 0 0 0 0 0 0 0 0 0 0 0 0 0 0 0 0 0 0 0 0 0 0 0 0 0 0 0 0 0 0 0 0 0 0 0 0 0 0 0 0 0 0 0 0 0 0 0 0 0 0 1 0 0 0 0 0 0]
[2059477222384367156904557069744265576444878558997808583212071393635832210275146957419812288617755385526459896961057378766646565291426336542349564936273639913465845380670088545564270606159175734285586822841650524 0 0 0 0 0 0 0 0 0 0 0 0 0 0 0 0 0 0 0 0 0 0 0 0 0 0 0 0 0 0 0 0 0 0 0 0 0 0 0 0 0 0 0 0 0 0 0 0 0 0 0 0 0 0 0 0 0 0 0 0 0 0 0 1 0 0 0 0 0]
[2318483733542765397328871763423804702733663874414160792158236113203606502062441461628229089384063020800891027029446490788350135589192190373228423981852458660707362491060245073333462294646602434949269784246019673 0 0 0 0 0 0 0 0 0 0 0 0 0 0 0 0 0 0 0 0 0 0 0 0 0 0 0 0 0 0 0 0 0 0 0 0 0 0 0 0 0 0 0 0 0 0 0 0 0 0 0 0 0 0 0 0 0 0 0 0 0 0 0 0 1 0 0 0 0]
[1253456182826745255475301595130516227141064366111589690528414722452730843397050353075241169804134228223166295684110656637432663478053119483952519424883729281470982824948644647025603522875630438162650532090171548 0 0 0 0 0 0 0 0 0 0 0 0 0 0 0 0 0 0 0 0 0 0 0 0 0 0 0 0 0 0 0 0 0 0 0 0 0 0 0 0 0 0 0 0 0 0 0 0 0 0 0 0 0 0 0 0 0 0 0 0 0 0 0 0 0 1 0 0 0]
[766445539126163750855534792683833280767732778910082501945124814034028647617593459840287049498904655631051299706622084523699087408209756690809599565171462880994307014787201461466317293205526722648014338779958168 0 0 0 0 0 0 0 0 0 0 0 0 0 0 0 0 0 0 0 0 0 0 0 0 0 0 0 0 0 0 0 0 0 0 0 0 0 0 0 0 0 0 0 0 0 0 0 0 0 0 0 0 0 0 0 0 0 0 0 0 0 0 0 0 0 0 1 0 0]
[2200298868906057190558478570986064724008134253319591912097056714841552094230595843975851378925470379048241490453654959005729567248459548324346382569577054086162696315161635364595711158160618153602768714870876276 0 0 0 0 0 0 0 0 0 0 0 0 0 0 0 0 0 0 0 0 0 0 0 0 0 0 0 0 0 0 0 0 0 0 0 0 0 0 0 0 0 0 0 0 0 0 0 0 0 0 0 0 0 0 0 0 0 0 0 0 0 0 0 0 0 0 0 1 0]
[2890359030545814141505067156974405174808237448736886436109360487546338189336526298965213206860270084721049702927812664071360432801214661296300271711601091159758530840644046080572198163162833501226279508954752805 0 0 0 0 0 0 0 0 0 0 0 0 0 0 0 0 0 0 0 0 0 0 0 0 0 0 0 0 0 0 0 0 0 0 0 0 0 0 0 0 0 0 0 0 0 0 0 0 0 0 0 0 0 0 0 0 0 0 0 0 0 0 0 0 0 0 0 0 1]
]
