[[11272712734306122847005003533587020516311781935270520887255126634698271500881096668744480394683041030437709057931672804215792364640799299261819391565437851363531115663735624695280968332615959493893348231900910058655430090423568862802479537303532686341271164515398411329653089960117928031905408588342347736678851007409696338988268873963 0 0 0 0 0 0 0 0 0 0 0 0 0 0 0 0 0 0 0 0 0 0 0 0 0 0 0 0 0 0 0 0 0 0 0 0 0 0 0 0 0 0 0 0 0 0 0 0 0 0 0 0 0 0 0 0 0 0 0 0 0 0 0 0 0 0 0 0 0 0 0 0 0 0 0 0 0 0 0 0 0 0 0 0 0 0 0 0 0 0 0 0 0 0 0 0 0 0 0 0 0 0 0 0 0 0 0 0 0]
[2198184178228371466942318653982227209654595499454349403991362881654111267081847796132925640376319689889605889555655039876383091639842981538488004134019475159893155123318282052967989907433873048905806141353648885104012320565251180430201417164426014410437231478998756251209088090750265822841905573160336930140010267691773614498463595763 1 0 0 0 0 0 0 0 0 0 0 0 0 0 0 0 0 0 0 0 0 0 0 0 0 0 0 0 0 0 0 0 0 0 0 0 0 0 0 0 0 0 0 0 0 0 0 0 0 0 0 0 0 0 0 0 0 0 0 0 0 0 0 0 0 0 0 0 0 0 0 0 0 0 0 0 0 0 0 0 0 0 0 0 0 0 0 0 0 0 0 0 0 0 0 0 0 0 0 0 0 0 0 0 0 0 0 0 0]
[148116724037929267514043834963150688429248129938868072686763536467682001875859058924772867361169820367104344462302737385529887555455722939715145228416381261850578482320060922260802921283812327972922026011847260668009860429770959766556896800253780408785089380922160790230076209419511504520796593553611922330281026171297545824671033495 0 1 0 0 0 0 0 0 0 0 0 0 0 0 0 0 0 0 0 0 0 0 0 0 0 0 0 0 0 0 0 0 0 0 0 0 0 0 0 0 0 0 0 0 0 0 0 0 0 0 0 0 0 0 0 0 0 0 0 0 0 0 0 0 0 0 0 0 0 0 0 0 0 0 0 0 0 0 0 0 0 0 0 0 0 0 0 0 0 0 0 0 0 0 0 0 0 0 0 0 0 0 0 0 0 0 0 0 0]
[2040196280459122058138660141835275278627862580675753681990250452813865645074655596615805141342565336939501016517127732045890269423381393078771241180342406508173684058557416329166786318268232404063060281252913445204411383739319569366802394476836401088897884703762061026871388193163969422862384546079101841483908139874561367203138509876 0 0 1 0 0 0 0 0 0 0 0 0 0 0 0 0 0 0 0 0 0 0 0 0 0 0 0 0 0 0 0 0 0 0 0 0 0 0 0 0 0 0 0 0 0 0 0 0 0 0 0 0 0 0 0 0 0 0 0 0 0 0 0 0 0 0 0 0 0 0 0 0 0 0 0 0 0 0 0 0 0 0 0 0 0 0 0 0 0 0 0 0 0 0 0 0 0 0 0 0 0 0 0 0 0 0 0 0 0]
[1848176426559279806502477713450409854620820004705151793504174775964536659869479221643088392299269596146481340680327225802612778884418687110933535300784745384711887370741575580982344064428631282949168414861602450124426382409047692840669419604212917541940768165425639119706027350141307204919418601084736906864447161098218796139149661368 0 0 0 1 0 0 0 0 0 0 0 0 0 0 0 0 0 0 0 0 0 0 0 0 0 0 0 0 0 0 0 0 0 0 0 0 0 0 0 0 0 0 0 0 0 0 0 0 0 0 0 0 0 0 0 0 0 0 0 0 0 0 0 0 0 0 0 0 0 0 0 0 0 0 0 0 0 0 0 0 0 0 0 0 0 0 0 0 0 0 0 0 0 0 0 0 0 0 0 0 0 0 0 0 0 0 0 0 0]
[7926307948232015785912920893671419794861203436083680449680996165234463134751918643770718628302400104161957672725634656839185945758421641508820538584634822850282423986225654396441610865952538331350841926143628396963420304658514151364155338496641770221387917225078480146374594670813992115304675920633644725047286976326757290075953447263 0 0 0 0 1 0 0 0 0 0 0 0 0 0 0 0 0 0 0 0 0 0 0 0 0 0 0 0 0 0 0 0 0 0 0 0 0 0 0 0 0 0 0 0 0 0 0 0 0 0 0 0 0 0 0 0 0 0 0 0 0 0 0 0 0 0 0 0 0 0 0 0 0 0 0 0 0 0 0 0 0 0 0 0 0 0 0 0 0 0 0 0 0 0 0 0 0 0 0 0 0 0 0 0 0 0 0 0 0]
[6010550439569917957909249665295743447857492519447798019278513300644276317406002142816663531929343739430802802298591971522513429411681522683844583366684750111123445735130830007337303597321465120796360497498712465852271035659543494880118593894009412454251464565137194889451160007416349276389726152322238141652435396765802399453611853476 0 0 0 0 0 1 0 0 0 0 0 0 0 0 0 0 0 0 0 0 0 0 0 0 0 0 0 0 0 0 0 0 0 0 0 0 0 0 0 0 0 0 0 0 0 0 0 0 0 0 0 0 0 0 0 0 0 0 0 0 0 0 0 0 0 0 0 0 0 0 0 0 0 0 0 0 0 0 0 0 0 0 0 0 0 0 0 0 0 0 0 0 0 0 0 0 0 0 0 0 0 0 0 0 0 0 0 0 0]
[5467650679821321271375599201308780207616262797768449680697146749251603974181566873639153715816264559955211539078683490479941516848288996266677780881279759531568161800818575757378035404318339532445876123233225074333731294662528481640115898685322663391213060262981035283432656009762375327238998723383822045015203828176955528428069522984 0 0 0 0 0 0 1 0 0 0 0 0 0 0 0 0 0 0 0 0 0 0 0 0 0 0 0 0 0 0 0 0 0 0 0 0 0 0 0 0 0 0 0 0 0 0 0 0 0 0 0 0 0 0 0 0 0 0 0 0 0 0 0 0 0 0 0 0 0 0 0 0 0 0 0 0 0 0 0 0 0 0 0 0 0 0 0 0 0 0 0 0 0 0 0 0 0 0 0 0 0 0 0 0 0 0 0 0 0]
[7953901361705138638480413611192361881831731350813494528895776392389445264478391063187506664609226988339637426860055519689337587855421315038398127634449025863275338134035112778853771778438731877242379744419097398011325237112595987850478809914022871012750446658051850218621570235660871158104136615997280347202470813567558317820610570844 0 0 0 0 0 0 0 1 0 0 0 0 0 0 0 0 0 0 0 0 0 0 0 0 0 0 0 0 0 0 0 0 0 0 0 0 0 0 0 0 0 0 0 0 0 0 0 0 0 0 0 0 0 0 0 0 0 0 0 0 0 0 0 0 0 0 0 0 0 0 0 0 0 0 0 0 0 0 0 0 0 0 0 0 0 0 0 0 0 0 0 0 0 0 0 0 0 0 0 0 0 0 0 0 0 0 0 0 0]
[4034087861127866617236291167306477342856946590048608017517292012614785968954015453595766281435234823628898680667677122699186618658975132713299356560714083140273539127292903108968964155540596631056479891696852152163095639390792704789631463125058149521381485580985272203957711724304731035964549646904505966014303909433977634570787427580 0 0 0 0 0 0 0 0 1 0 0 0 0 0 0 0 0 0 0 0 0 0 0 0 0 0 0 0 0 0 0 0 0 0 0 0 0 0 0 0 0 0 0 0 0 0 0 0 0 0 0 0 0 0 0 0 0 0 0 0 0 0 0 0 0 0 0 0 0 0 0 0 0 0 0 0 0 0 0 0 0 0 0 0 0 0 0 0 0 0 0 0 0 0 0 0 0 0 0 0 0 0 0 0 0 0 0 0 0]
[7846054440666374819062648942499505479819627865381513873118972346949051070830565696410143027379081193606944480070364925875369387404336288134287370545207020338808698653074454937488905888230403286080460992194120176494550250055749111182160787238271609966930077791130314962691620169676307998182279860816846344793315171918275921929660543593 0 0 0 0 0 0 0 0 0 1 0 0 0 0 0 0 0 0 0 0 0 0 0 0 0 0 0 0 0 0 0 0 0 0 0 0 0 0 0 0 0 0 0 0 0 0 0 0 0 0 0 0 0 0 0 0 0 0 0 0 0 0 0 0 0 0 0 0 0 0 0 0 0 0 0 0 0 0 0 0 0 0 0 0 0 0 0 0 0 0 0 0 0 0 0 0 0 0 0 0 0 0 0 0 0 0 0 0 0]
[590580644944067576670515524531831132917065066502492811130052405702371675743624666087655112334382114029343742317593419282913359093165618334905047299632020225686865224467956860817371443120325171826222568788758204917553759321496865378825185583644937666084488439876537131112559318580369520716080819604305071216845326159513190711948102300 0 0 0 0 0 0 0 0 0 0 1 0 0 0 0 0 0 0 0 0 0 0 0 0 0 0 0 0 0 0 0 0 0 0 0 0 0 0 0 0 0 0 0 0 0 0 0 0 0 0 0 0 0 0 0 0 0 0 0 0 0 0 0 0 0 0 0 0 0 0 0 0 0 0 0 0 0 0 0 0 0 0 0 0 0 0 0 0 0 0 0 0 0 0 0 0 0 0 0 0 0 0 0 0 0 0 0 0 0]
[2990995474051487157085774965973326736581036035005894583919652670133464354118020429014770762560760693528660043699533100262140523709035306636761954547097806784337844432549884952944307669840246065500395780597077745682469968135552279151426886387340185854311191969671418123507045701678192727817914202953317851875045965916483545559435531091 0 0 0 0 0 0 0 0 0 0 0 1 0 0 0 0 0 0 0 0 0 0 0 0 0 0 0 0 0 0 0 0 0 0 0 0 0 0 0 0 0 0 0 0 0 0 0 0 0 0 0 0 0 0 0 0 0 0 0 0 0 0 0 0 0 0 0 0 0 0 0 0 0 0 0 0 0 0 0 0 0 0 0 0 0 0 0 0 0 0 0 0 0 0 0 0 0 0 0 0 0 0 0 0 0 0 0 0 0]
[6821353478720109082965506170817043940054008245247324356722553887429546185448730699072809678418329922091752721504380311763621922436405093813146529432457935279015366593268593205490266291321194351635466400969013232500262920179072774091076420035483155085774348701888320996155988441655339773523386944028793814851378697897905369096259447741 0 0 0 0 0 0 0 0 0 0 0 0 1 0 0 0 0 0 0 0 0 0 0 0 0 0 0 0 0 0 0 0 0 0 0 0 0 0 0 0 0 0 0 0 0 0 0 0 0 0 0 0 0 0 0 0 0 0 0 0 0 0 0 0 0 0 0 0 0 0 0 0 0 0 0 0 0 0 0 0 0 0 0 0 0 0 0 0 0 0 0 0 0 0 0 0 0 0 0 0 0 0 0 0 0 0 0 0 0]
[3914749444562292671200942561655932631527974274140655822468425227453976068284807715664534960190848067664120748318181108431160923859088914373494958503907142525361665809191932904171028886420000499467013591924603828007556135427170186197146030016640456291967667215903606681952570076348005987874227780719354444429842692368741010099414996827 0 0 0 0 0 0 0 0 0 0 0 0 0 1 0 0 0 0 0 0 0 0 0 0 0 0 0 0 0 0 0 0 0 0 0 0 0 0 0 0 0 0 0 0 0 0 0 0 0 0 0 0 0 0 0 0 0 0 0 0 0 0 0 0 0 0 0 0 0 0 0 0 0 0 0 0 0 0 0 0 0 0 0 0 0 0 0 0 0 0 0 0 0 0 0 0 0 0 0 0 0 0 0 0 0 0 0 0 0]
[471146616158841793254447822786847252821432532429058630627620595117063519206007127669756201340712041151742820629149400575856096357215207283661445890523944261619253475167268356884606110148165959126503633864014603098787285073511596513601891598835175979904834246365250648399556152741562600487427092097116238746409176749798904464164300055 0 0 0 0 0 0 0 0 0 0 0 0 0 0 1 0 0 0 0 0 0 0 0 0 0 0 0 0 0 0 0 0 0 0 0 0 0 0 0 0 0 0 0 0 0 0 0 0 0 0 0 0 0 0 0 0 0 0 0 0 0 0 0 0 0 0 0 0 0 0 0 0 0 0 0 0 0 0 0 0 0 0 0 0 0 0 0 0 0 0 0 0 0 0 0 0 0 0 0 0 0 0 0 0 0 0 0 0 0]
[5536884452358262037460539037907873459231815678779181272721230076042029647607699625977025467228793863947343983798943955325512508039856246215060893218394475561298857645055863156266591298308151989106219279510901944523554203644731221909329177815333377833594399783275851596829973332638977580042558431502131395853441504050502352507826614743 0 0 0 0 0 0 0 0 0 0 0 0 0 0 0 1 0 0 0 0 0 0 0 0 0 0 0 0 0 0 0 0 0 0 0 0 0 0 0 0 0 0 0 0 0 0 0 0 0 0 0 0 0 0 0 0 0 0 0 0 0 0 0 0 0 0 0 0 0 0 0 0 0 0 0 0 0 0 0 0 0 0 0 0 0 0 0 0 0 0 0 0 0 0 0 0 0 0 0 0 0 0 0 0 0 0 0 0 0]
[4088390292816940994021759166066695681502778926161923473755675012043664162657072814589823636008514223965398470565516934400677096068495782058160039263751465789633109116609194053377968121612161661252859348169780061905753852876936986814716710129404415622833595268804156634715211997398238131289450252275201752790898243504476004997974377213 0 0 0 0 0 0 0 0 0 0 0 0 0 0 0 0 1 0 0 0 0 0 0 0 0 0 0 0 0 0 0 0 0 0 0 0 0 0 0 0 0 0 0 0 0 0 0 0 0 0 0 0 0 0 0 0 0 0 0 0 0 0 0 0 0 0 0 0 0 0 0 0 0 0 0 0 0 0 0 0 0 0 0 0 0 0 0 0 0 0 0 0 0 0 0 0 0 0 0 0 0 0 0 0 0 0 0 0 0]
[10331686778745719318756968810150503545914096811467382173813487722473510306320041772683311221207418406321664598545077450736791818754365051771159178884597877672940847443502358989547175214008692883449683286453814462754680050776851212858754771511202562998508190418636443722407415094083907783256490473756725466717508312993357310620281184458 0 0 0 0 0 0 0 0 0 0 0 0 0 0 0 0 0 1 0 0 0 0 0 0 0 0 0 0 0 0 0 0 0 0 0 0 0 0 0 0 0 0 0 0 0 0 0 0 0 0 0 0 0 0 0 0 0 0 0 0 0 0 0 0 0 0 0 0 0 0 0 0 0 0 0 0 0 0 0 0 0 0 0 0 0 0 0 0 0 0 0 0 0 0 0 0 0 0 0 0 0 0 0 0 0 0 0 0 0]
[8159429628241417971639758102491870266864973558140292348858623889437138400448842709822018933025255358554709992378602439196698403124899945369746575046085739655160712558789410123093392935977723664641138455435067444219355693076994025673713839298190499075876440770890493117500980008750016303693378949231894716725337044075955735515522871116 0 0 0 0 0 0 0 0 0 0 0 0 0 0 0 0 0 0 1 0 0 0 0 0 0 0 0 0 0 0 0 0 0 0 0 0 0 0 0 0 0 0 0 0 0 0 0 0 0 0 0 0 0 0 0 0 0 0 0 0 0 0 0 0 0 0 0 0 0 0 0 0 0 0 0 0 0 0 0 0 0 0 0 0 0 0 0 0 0 0 0 0 0 0 0 0 0 0 0 0 0 0 0 0 0 0 0 0 0]
[4270894253761587203885390505069293301514397816854634205908974864325728855939849866016764387612338401021358142016705667000352369144870839093235877065666244684890737345921795693471694959287346073610647106049240620204294449771107774584394101385610452041262136396940748964588443273912898554388578103131118348727604903792595942303600839437 0 0 0 0 0 0 0 0 0 0 0 0 0 0 0 0 0 0 0 1 0 0 0 0 0 0 0 0 0 0 0 0 0 0 0 0 0 0 0 0 0 0 0 0 0 0 0 0 0 0 0 0 0 0 0 0 0 0 0 0 0 0 0 0 0 0 0 0 0 0 0 0 0 0 0 0 0 0 0 0 0 0 0 0 0 0 0 0 0 0 0 0 0 0 0 0 0 0 0 0 0 0 0 0 0 0 0 0 0]
[2885199167051172996344213930255739840428041672488221536112207101528455446326068860060308662893327927899084209396798396719575227300059398737033861402934683220948370787572985951658799542023369163637134372111446608817005306596149004106080781527372485228218937227377027739810344407963084197477816913711766794794138197091552355778019396187 0 0 0 0 0 0 0 0 0 0 0 0 0 0 0 0 0 0 0 0 1 0 0 0 0 0 0 0 0 0 0 0 0 0 0 0 0 0 0 0 0 0 0 0 0 0 0 0 0 0 0 0 0 0 0 0 0 0 0 0 0 0 0 0 0 0 0 0 0 0 0 0 0 0 0 0 0 0 0 0 0 0 0 0 0 0 0 0 0 0 0 0 0 0 0 0 0 0 0 0 0 0 0 0 0 0 0 0 0]
[703533673356940128636518168905710907540199076319064466087593850617449775338546588748793882849637834613253235927037993568963621596700239764961682629955359532620517684722045637428009796330998250314898008893147083712600665265757122176440435213321174788837555474018784080408662556005501122341866314301189455071495009448128423318601967922 0 0 0 0 0 0 0 0 0 0 0 0 0 0 0 0 0 0 0 0 0 1 0 0 0 0 0 0 0 0 0 0 0 0 0 0 0 0 0 0 0 0 0 0 0 0 0 0 0 0 0 0 0 0 0 0 0 0 0 0 0 0 0 0 0 0 0 0 0 0 0 0 0 0 0 0 0 0 0 0 0 0 0 0 0 0 0 0 0 0 0 0 0 0 0 0 0 0 0 0 0 0 0 0 0 0 0 0 0]
[5775381584388735416878932512339561697024922280550620962593166354226534711171747214197936658178475108460254888821510684611833998781596288333281113290288544250100266018793549013756213288659489761892063444846276533136969598983055336034409856305045601040489680378380686344599334364315223675773950444772577857406072826988484233182937696583 0 0 0 0 0 0 0 0 0 0 0 0 0 0 0 0 0 0 0 0 0 0 1 0 0 0 0 0 0 0 0 0 0 0 0 0 0 0 0 0 0 0 0 0 0 0 0 0 0 0 0 0 0 0 0 0 0 0 0 0 0 0 0 0 0 0 0 0 0 0 0 0 0 0 0 0 0 0 0 0 0 0 0 0 0 0 0 0 0 0 0 0 0 0 0 0 0 0 0 0 0 0 0 0 0 0 0 0 0]
[11256545271583199562944002054528056006068865858070539936018495654164199601743964401543138146572185937345466246482384140678534401935540860268818649018446603779097659561266764160832171167792380110821449553762534901363471059107837855719310332085491158430488921144530328163770554901930434352446491395138331040416192894725289640917100510953 0 0 0 0 0 0 0 0 0 0 0 0 0 0 0 0 0 0 0 0 0 0 0 1 0 0 0 0 0 0 0 0 0 0 0 0 0 0 0 0 0 0 0 0 0 0 0 0 0 0 0 0 0 0 0 0 0 0 0 0 0 0 0 0 0 0 0 0 0 0 0 0 0 0 0 0 0 0 0 0 0 0 0 0 0 0 0 0 0 0 0 0 0 0 0 0 0 0 0 0 0 0 0 0 0 0 0 0 0]
[9829555246298822589633720293220693960869529173183115445754492648787618207340220162715099225478915894588895264381158705916497781968543020915789637060580843711339563723381943191574754395259715257602282612881926676489882335335417664294986481095429410280423708388393295832595013903169229618827392529615940442819951915146551699772560826909 0 0 0 0 0 0 0 0 0 0 0 0 0 0 0 0 0 0 0 0 0 0 0 0 1 0 0 0 0 0 0 0 0 0 0 0 0 0 0 0 0 0 0 0 0 0 0 0 0 0 0 0 0 0 0 0 0 0 0 0 0 0 0 0 0 0 0 0 0 0 0 0 0 0 0 0 0 0 0 0 0 0 0 0 0 0 0 0 0 0 0 0 0 0 0 0 0 0 0 0 0 0 0 0 0 0 0 0 0]
[7213453600120901038697927181894510641408832666802490923898957918148675826715013801624398328823355212492906276722619250135675640208224523009712916851098990874760544562815865803717878140116081195297919223625480462623765812025908134586394361670690783708283843614870471582431068715202250963365091431403091949156873728530843734028468552596 0 0 0 0 0 0 0 0 0 0 0 0 0 0 0 0 0 0 0 0 0 0 0 0 0 1 0 0 0 0 0 0 0 0 0 0 0 0 0 0 0 0 0 0 0 0 0 0 0 0 0 0 0 0 0 0 0 0 0 0 0 0 0 0 0 0 0 0 0 0 0 0 0 0 0 0 0 0 0 0 0 0 0 0 0 0 0 0 0 0 0 0 0 0 0 0 0 0 0 0 0 0 0 0 0 0 0 0 0]
[4494907873377542199200498463150352882097371173433347146519177517189176699540922080527940763015841266961216504208289293532292163082086019584249778693933420648957631514966721519074895563691521867087245854863745511322701561191034733069647482059064308761837932475863016549541673009545694671808708010066646117589366591352483125232160168530 0 0 0 0 0 0 0 0 0 0 0 0 0 0 0 0 0 0 0 0 0 0 0 0 0 0 1 0 0 0 0 0 0 0 0 0 0 0 0 0 0 0 0 0 0 0 0 0 0 0 0 0 0 0 0 0 0 0 0 0 0 0 0 0 0 0 0 0 0 0 0 0 0 0 0 0 0 0 0 0 0 0 0 0 0 0 0 0 0 0 0 0 0 0 0 0 0 0 0 0 0 0 0 0 0 0 0 0 0]
[5992224318732335370985995308165956697256293664716064216873634645014837552353159171626048120189362452257989772832417833332652527159105439992604419754053828779459273735409294672159831229380440698176736405220434762118737905393438398232341529684662046410457493286996428783828878937876131902765750475753163600712863193881880003406977778919 0 0 0 0 0 0 0 0 0 0 0 0 0 0 0 0 0 0 0 0 0 0 0 0 0 0 0 1 0 0 0 0 0 0 0 0 0 0 0 0 0 0 0 0 0 0 0 0 0 0 0 0 0 0 0 0 0 0 0 0 0 0 0 0 0 0 0 0 0 0 0 0 0 0 0 0 0 0 0 0 0 0 0 0 0 0 0 0 0 0 0 0 0 0 0 0 0 0 0 0 0 0 0 0 0 0 0 0 0]
[3757998060146496919989043290269809275772640496337141194033867154454690793887587057286125628941836109788555540494242423624626543219968691317275110869328084541019942922199528636386983129276156914589406412480349624069983429726591686136861342494032850970888749232804751957940975924481500055063510847128981356256860376534934588183231676266 0 0 0 0 0 0 0 0 0 0 0 0 0 0 0 0 0 0 0 0 0 0 0 0 0 0 0 0 1 0 0 0 0 0 0 0 0 0 0 0 0 0 0 0 0 0 0 0 0 0 0 0 0 0 0 0 0 0 0 0 0 0 0 0 0 0 0 0 0 0 0 0 0 0 0 0 0 0 0 0 0 0 0 0 0 0 0 0 0 0 0 0 0 0 0 0 0 0 0 0 0 0 0 0 0 0 0 0 0]
[4465517002868077307546672447528300563551955681180235538930879447254492168512857447669436963864668066853003117186084930889362659711475833122557667425521392483039291313370272760952258007575097370794111826980422945309498197662007485151401865297199365897652888222676431230760269801634918179335990232323443638202615272104249335142601260599 0 0 0 0 0 0 0 0 0 0 0 0 0 0 0 0 0 0 0 0 0 0 0 0 0 0 0 0 0 1 0 0 0 0 0 0 0 0 0 0 0 0 0 0 0 0 0 0 0 0 0 0 0 0 0 0 0 0 0 0 0 0 0 0 0 0 0 0 0 0 0 0 0 0 0 0 0 0 0 0 0 0 0 0 0 0 0 0 0 0 0 0 0 0 0 0 0 0 0 0 0 0 0 0 0 0 0 0 0]
[8630917054773233105697229983781494252528844364737217057411113142842035580217730374556807027059024833201996336458783367135005728514014051550567396457371310329051235425331279631314213942990016272391852765831079635446280800244702766200697451885919550033236044456980233715568386411836607321117930307587508263751860722514848410710097207416 0 0 0 0 0 0 0 0 0 0 0 0 0 0 0 0 0 0 0 0 0 0 0 0 0 0 0 0 0 0 1 0 0 0 0 0 0 0 0 0 0 0 0 0 0 0 0 0 0 0 0 0 0 0 0 0 0 0 0 0 0 0 0 0 0 0 0 0 0 0 0 0 0 0 0 0 0 0 0 0 0 0 0 0 0 0 0 0 0 0 0 0 0 0 0 0 0 0 0 0 0 0 0 0 0 0 0 0 0]
[10756780960312461318701941431326059118730411747056982531714401690267048742407704028573800228233680762680873172463603797381860506379227775395613124236300641760230036286323504078078873058987841144677495299293360669945804303532232309452240458563888065699708883102952456680655060333411698052494315386676594136378970465353789114913780601834 0 0 0 0 0 0 0 0 0 0 0 0 0 0 0 0 0 0 0 0 0 0 0 0 0 0 0 0 0 0 0 1 0 0 0 0 0 0 0 0 0 0 0 0 0 0 0 0 0 0 0 0 0 0 0 0 0 0 0 0 0 0 0 0 0 0 0 0 0 0 0 0 0 0 0 0 0 0 0 0 0 0 0 0 0 0 0 0 0 0 0 0 0 0 0 0 0 0 0 0 0 0 0 0 0 0 0 0 0]
[1091079943206086735032526506330618790873050454190609721480764625758286149254163669599012115857273796393824837812750715204312221651438706690176327996573422563723831977901614679167256814687297965605165356749755384589129650586529927339346681149599221313668606370355845516807473116496823779392987201589545732484306948508352056044070104391 0 0 0 0 0 0 0 0 0 0 0 0 0 0 0 0 0 0 0 0 0 0 0 0 0 0 0 0 0 0 0 0 1 0 0 0 0 0 0 0 0 0 0 0 0 0 0 0 0 0 0 0 0 0 0 0 0 0 0 0 0 0 0 0 0 0 0 0 0 0 0 0 0 0 0 0 0 0 0 0 0 0 0 0 0 0 0 0 0 0 0 0 0 0 0 0 0 0 0 0 0 0 0 0 0 0 0 0 0]
[2440524811388351556387369160444597946339692266835463011551560738258292105948283051742724262692579707247847707200396445983369244105659074202089510285215375491063718672063319456906921753169574251565052219000360379716429198279883523088984160187706382892956611021968027932864964989850338085233306378896792425108749026703353445276289759548 0 0 0 0 0 0 0 0 0 0 0 0 0 0 0 0 0 0 0 0 0 0 0 0 0 0 0 0 0 0 0 0 0 1 0 0 0 0 0 0 0 0 0 0 0 0 0 0 0 0 0 0 0 0 0 0 0 0 0 0 0 0 0 0 0 0 0 0 0 0 0 0 0 0 0 0 0 0 0 0 0 0 0 0 0 0 0 0 0 0 0 0 0 0 0 0 0 0 0 0 0 0 0 0 0 0 0 0 0]
[6674067583653014784278948582983698699638343160475744753688118684567704955510159011334308151021098383468465453569039349106595422917590037353413870882558912847125753484899105176563127405492374001139560231675763371531100205109466152976747501729966696833946608433859985532016708091342766044256146707197137394013145644960166771301189087233 0 0 0 0 0 0 0 0 0 0 0 0 0 0 0 0 0 0 0 0 0 0 0 0 0 0 0 0 0 0 0 0 0 0 1 0 0 0 0 0 0 0 0 0 0 0 0 0 0 0 0 0 0 0 0 0 0 0 0 0 0 0 0 0 0 0 0 0 0 0 0 0 0 0 0 0 0 0 0 0 0 0 0 0 0 0 0 0 0 0 0 0 0 0 0 0 0 0 0 0 0 0 0 0 0 0 0 0 0]
[2963134726369200477210661535330230082249612504120471109902981362718776769249416103777077168761230268215860279676043126469619899933503597245515818758124498304077793621273205889819940744225417310067592673025265116121974995294725455900725260879795730391550742529123466463493418444737878737768392942012883882967860729203384093467684232920 0 0 0 0 0 0 0 0 0 0 0 0 0 0 0 0 0 0 0 0 0 0 0 0 0 0 0 0 0 0 0 0 0 0 0 1 0 0 0 0 0 0 0 0 0 0 0 0 0 0 0 0 0 0 0 0 0 0 0 0 0 0 0 0 0 0 0 0 0 0 0 0 0 0 0 0 0 0 0 0 0 0 0 0 0 0 0 0 0 0 0 0 0 0 0 0 0 0 0 0 0 0 0 0 0 0 0 0 0]
[1413369017904114535787130031649344184177321949732197601404135020779601614400654035608725873912353300565980066358492758716314326063180033411542229980737911027391764367692894219165910706023638438232646522857520703132390403824000777295502760644925362107752971798161255594827321488459950058321076047422637433688914945541123389283131278291 0 0 0 0 0 0 0 0 0 0 0 0 0 0 0 0 0 0 0 0 0 0 0 0 0 0 0 0 0 0 0 0 0 0 0 0 1 0 0 0 0 0 0 0 0 0 0 0 0 0 0 0 0 0 0 0 0 0 0 0 0 0 0 0 0 0 0 0 0 0 0 0 0 0 0 0 0 0 0 0 0 0 0 0 0 0 0 0 0 0 0 0 0 0 0 0 0 0 0 0 0 0 0 0 0 0 0 0 0]
[10021485361095510513852570702657144221972465049946173258652966249053899177053542182056932157560614941933836446313458663441680874511565068829782560106444867129593650105161865912874464767781515952315494128853678044525780336531474629896851665401000006038620989144241310346990808336176305215168952730199431087214013283843968966978888789467 0 0 0 0 0 0 0 0 0 0 0 0 0 0 0 0 0 0 0 0 0 0 0 0 0 0 0 0 0 0 0 0 0 0 0 0 0 1 0 0 0 0 0 0 0 0 0 0 0 0 0 0 0 0 0 0 0 0 0 0 0 0 0 0 0 0 0 0 0 0 0 0 0 0 0 0 0 0 0 0 0 0 0 0 0 0 0 0 0 0 0 0 0 0 0 0 0 0 0 0 0 0 0 0 0 0 0 0 0]
[5139251299253011439323834827546935192416644538755178944005571962015182836308731349356066616193914360085230823908047837704942252351089584441566548865358479632163658711082003166195414306664462128205278478707717412653929275884268465091025901582929518208128268069848676771645728222915002323123789271277458124531008438320250992731524993596 0 0 0 0 0 0 0 0 0 0 0 0 0 0 0 0 0 0 0 0 0 0 0 0 0 0 0 0 0 0 0 0 0 0 0 0 0 0 1 0 0 0 0 0 0 0 0 0 0 0 0 0 0 0 0 0 0 0 0 0 0 0 0 0 0 0 0 0 0 0 0 0 0 0 0 0 0 0 0 0 0 0 0 0 0 0 0 0 0 0 0 0 0 0 0 0 0 0 0 0 0 0 0 0 0 0 0 0 0]
[9484532891859399001726561366207340721580214938329184485884901520494912878015962018977988402464932252541286598073275984408987929134836152440045115150189179108370786118530783905251661309067577624396763566455051659673721193208282004177191566629739103281473274562209336537794509448874973188312589620901504303644342040026431422336715218449 0 0 0 0 0 0 0 0 0 0 0 0 0 0 0 0 0 0 0 0 0 0 0 0 0 0 0 0 0 0 0 0 0 0 0 0 0 0 0 1 0 0 0 0 0 0 0 0 0 0 0 0 0 0 0 0 0 0 0 0 0 0 0 0 0 0 0 0 0 0 0 0 0 0 0 0 0 0 0 0 0 0 0 0 0 0 0 0 0 0 0 0 0 0 0 0 0 0 0 0 0 0 0 0 0 0 0 0 0]
[3515388981440911241003541715100631464070387971955437359924011226021362911845197211500070522041967751029739069002605173638891063615815799231175383661424040397940517951429757323709317402672620943721025163009944722595493522059334391565366588359519037664424029227302436804512813788889463405632115974241944973597329464381131491738263204548 0 0 0 0 0 0 0 0 0 0 0 0 0 0 0 0 0 0 0 0 0 0 0 0 0 0 0 0 0 0 0 0 0 0 0 0 0 0 0 0 1 0 0 0 0 0 0 0 0 0 0 0 0 0 0 0 0 0 0 0 0 0 0 0 0 0 0 0 0 0 0 0 0 0 0 0 0 0 0 0 0 0 0 0 0 0 0 0 0 0 0 0 0 0 0 0 0 0 0 0 0 0 0 0 0 0 0 0 0]
[9535798146530103118838504456644580118524800152743122747420181942553878017180841283041180106634216839526403179067435787142890048221417471902643818637086959367858164545103408394852910709030083338648746453982909317051525591060738891260818154094675059921148025908489264950665443238563900713069390745246623126839350808081872954325175635000 0 0 0 0 0 0 0 0 0 0 0 0 0 0 0 0 0 0 0 0 0 0 0 0 0 0 0 0 0 0 0 0 0 0 0 0 0 0 0 0 0 1 0 0 0 0 0 0 0 0 0 0 0 0 0 0 0 0 0 0 0 0 0 0 0 0 0 0 0 0 0 0 0 0 0 0 0 0 0 0 0 0 0 0 0 0 0 0 0 0 0 0 0 0 0 0 0 0 0 0 0 0 0 0 0 0 0 0 0]
[8100436046644213316927721355873380473494845832148130809774712186150899590872169966881973986781273064408148360507131816101165109188643895678545352750064483411845204001219741784270480316247697062096579352263604273039821482949176081637729162822231786954030254234145198181393074119680480635849679122354996154917758289332724939733676368406 0 0 0 0 0 0 0 0 0 0 0 0 0 0 0 0 0 0 0 0 0 0 0 0 0 0 0 0 0 0 0 0 0 0 0 0 0 0 0 0 0 0 1 0 0 0 0 0 0 0 0 0 0 0 0 0 0 0 0 0 0 0 0 0 0 0 0 0 0 0 0 0 0 0 0 0 0 0 0 0 0 0 0 0 0 0 0 0 0 0 0 0 0 0 0 0 0 0 0 0 0 0 0 0 0 0 0 0 0]
[8951387846266436896052672764088586393383005553835880845893834994641503713143555232277819040780936532556729602038722861975026710094215296165778170886292422331115095118755485523262877792549678979446493049423072949880157785418696545653002024862776929632143935909894279721818888035166111639589435848540134299640308237926455006619152326397 0 0 0 0 0 0 0 0 0 0 0 0 0 0 0 0 0 0 0 0 0 0 0 0 0 0 0 0 0 0 0 0 0 0 0 0 0 0 0 0 0 0 0 1 0 0 0 0 0 0 0 0 0 0 0 0 0 0 0 0 0 0 0 0 0 0 0 0 0 0 0 0 0 0 0 0 0 0 0 0 0 0 0 0 0 0 0 0 0 0 0 0 0 0 0 0 0 0 0 0 0 0 0 0 0 0 0 0 0]
[10769551287682559752556064377543601080554483093949463853534108366120908242210641780874445565763353569333488234561995221449078380679417158044655653384644040178857292439527570132607498219797527303048842245994515714932145198682742084000203540627150291071833962996577525475525994235791834388475277961653094018721259587966904223216558348204 0 0 0 0 0 0 0 0 0 0 0 0 0 0 0 0 0 0 0 0 0 0 0 0 0 0 0 0 0 0 0 0 0 0 0 0 0 0 0 0 0 0 0 0 1 0 0 0 0 0 0 0 0 0 0 0 0 0 0 0 0 0 0 0 0 0 0 0 0 0 0 0 0 0 0 0 0 0 0 0 0 0 0 0 0 0 0 0 0 0 0 0 0 0 0 0 0 0 0 0 0 0 0 0 0 0 0 0 0]
[3461379820492229981475823319329499051915650086500000534092574822793196793163628272325396650991109723916762597714660297243196981835892742457409763976399669587951495436372849369172016406768376125579739864640539407094055969058133933162373926974355699886531295304916485950863070701271734693930806014329866487936952662810581920562308167013 0 0 0 0 0 0 0 0 0 0 0 0 0 0 0 0 0 0 0 0 0 0 0 0 0 0 0 0 0 0 0 0 0 0 0 0 0 0 0 0 0 0 0 0 0 1 0 0 0 0 0 0 0 0 0 0 0 0 0 0 0 0 0 0 0 0 0 0 0 0 0 0 0 0 0 0 0 0 0 0 0 0 0 0 0 0 0 0 0 0 0 0 0 0 0 0 0 0 0 0 0 0 0 0 0 0 0 0 0]
[10942053789464185700298564592238327889179418679576550763118966240565225084285073668285315643261211816982598377741916407334157454321636933178706017911661006253676091953129981209654159507749390724932562894980356169093267815468572309525339573444710366135346258415127639485346472033955413872697022102697342917012789061070767233684587250464 0 0 0 0 0 0 0 0 0 0 0 0 0 0 0 0 0 0 0 0 0 0 0 0 0 0 0 0 0 0 0 0 0 0 0 0 0 0 0 0 0 0 0 0 0 0 1 0 0 0 0 0 0 0 0 0 0 0 0 0 0 0 0 0 0 0 0 0 0 0 0 0 0 0 0 0 0 0 0 0 0 0 0 0 0 0 0 0 0 0 0 0 0 0 0 0 0 0 0 0 0 0 0 0 0 0 0 0 0]
[2141120213362176173927613001793149091626208484483671733762400904694414565338188949313011013445975025613716097470556160452391569110696410841360092183265610776713842629242796673195726729816770987129105484285368569346635649901837421340708311854308206990294470179657806507613276433864778303526653973099793715249484274522250298461366001039 0 0 0 0 0 0 0 0 0 0 0 0 0 0 0 0 0 0 0 0 0 0 0 0 0 0 0 0 0 0 0 0 0 0 0 0 0 0 0 0 0 0 0 0 0 0 0 1 0 0 0 0 0 0 0 0 0 0 0 0 0 0 0 0 0 0 0 0 0 0 0 0 0 0 0 0 0 0 0 0 0 0 0 0 0 0 0 0 0 0 0 0 0 0 0 0 0 0 0 0 0 0 0 0 0 0 0 0 0]
[317909652920182149196639848658951640367197402938618742444455373774077465687366156669626798479022182329104438681640322004724006893820439685938311262255043578776060804857829479095529436109864487769998093127309144711088748129018767084351100340789849460860568240620553289586268434363153061361271545129095999122517014136101866389189366091 0 0 0 0 0 0 0 0 0 0 0 0 0 0 0 0 0 0 0 0 0 0 0 0 0 0 0 0 0 0 0 0 0 0 0 0 0 0 0 0 0 0 0 0 0 0 0 0 1 0 0 0 0 0 0 0 0 0 0 0 0 0 0 0 0 0 0 0 0 0 0 0 0 0 0 0 0 0 0 0 0 0 0 0 0 0 0 0 0 0 0 0 0 0 0 0 0 0 0 0 0 0 0 0 0 0 0 0 0]
[7469789366689566470065089215515258831603353488262076955570136821056498858890115669336922530352457114341281161422777867593824194339485441045151623049650386418407979074866963630868697606430489431727668053894478561340202002772850070178676719633067240832042191253730641826767384043630548730856322325070998546040305477095755255427628603638 0 0 0 0 0 0 0 0 0 0 0 0 0 0 0 0 0 0 0 0 0 0 0 0 0 0 0 0 0 0 0 0 0 0 0 0 0 0 0 0 0 0 0 0 0 0 0 0 0 1 0 0 0 0 0 0 0 0 0 0 0 0 0 0 0 0 0 0 0 0 0 0 0 0 0 0 0 0 0 0 0 0 0 0 0 0 0 0 0 0 0 0 0 0 0 0 0 0 0 0 0 0 0 0 0 0 0 0 0]
[9975536947412505191734447720828010463930847292310854852194908276732339896704776784061979440920554108576774239458427640614612454663821575102744712216738031277362586759815310465992775884447362153240810630625228093438798900982488840461644809871549194846960383599309707625778890148684415763310588766146309007770244528319683986397364425951 0 0 0 0 0 0 0 0 0 0 0 0 0 0 0 0 0 0 0 0 0 0 0 0 0 0 0 0 0 0 0 0 0 0 0 0 0 0 0 0 0 0 0 0 0 0 0 0 0 0 1 0 0 0 0 0 0 0 0 0 0 0 0 0 0 0 0 0 0 0 0 0 0 0 0 0 0 0 0 0 0 0 0 0 0 0 0 0 0 0 0 0 0 0 0 0 0 0 0 0 0 0 0 0 0 0 0 0 0]
[3509716981511334293322752128012356867124427222350567356041646885786706982481658846393660647523571555401921055391512973296323808112874530666968181553948167473848329038800935812319153030781405816751647593992926481368311150573304318076959609496921513102123659455668662100338154237024641841116560423612182569035977010702284795249823164182 0 0 0 0 0 0 0 0 0 0 0 0 0 0 0 0 0 0 0 0 0 0 0 0 0 0 0 0 0 0 0 0 0 0 0 0 0 0 0 0 0 0 0 0 0 0 0 0 0 0 0 1 0 0 0 0 0 0 0 0 0 0 0 0 0 0 0 0 0 0 0 0 0 0 0 0 0 0 0 0 0 0 0 0 0 0 0 0 0 0 0 0 0 0 0 0 0 0 0 0 0 0 0 0 0 0 0 0 0]
[1295316824909592546392745334672564009212975130806667939740687253676653130391773777014700876897462298197729625642790381353166782145306326285904090356000228286599059929911032230988391465626102581851589105151876222010791873697693911349289232306840925803985043662261928095004093181705766526306854668949368209298768292946055902190270807775 0 0 0 0 0 0 0 0 0 0 0 0 0 0 0 0 0 0 0 0 0 0 0 0 0 0 0 0 0 0 0 0 0 0 0 0 0 0 0 0 0 0 0 0 0 0 0 0 0 0 0 0 1 0 0 0 0 0 0 0 0 0 0 0 0 0 0 0 0 0 0 0 0 0 0 0 0 0 0 0 0 0 0 0 0 0 0 0 0 0 0 0 0 0 0 0 0 0 0 0 0 0 0 0 0 0 0 0 0]
[895281681717321342535565085091818090451403351935525173059652450894973611217932686106089050548349284119058705525985865272481408582795173666921469200484533583472658207114647211343054509719706271361056480745320517065775942372337630186888854400265247602954259865535542967063840038402529081383947216978179464156574643636673227728267462738 0 0 0 0 0 0 0 0 0 0 0 0 0 0 0 0 0 0 0 0 0 0 0 0 0 0 0 0 0 0 0 0 0 0 0 0 0 0 0 0 0 0 0 0 0 0 0 0 0 0 0 0 0 1 0 0 0 0 0 0 0 0 0 0 0 0 0 0 0 0 0 0 0 0 0 0 0 0 0 0 0 0 0 0 0 0 0 0 0 0 0 0 0 0 0 0 0 0 0 0 0 0 0 0 0 0 0 0 0]
[2207989433774728032604958335836829884429795325467468781549887228075496910287159179317686233189158599963504443029014209023144550570355729726385844993957520393182034775357359262440674398735915118106427570259260578723420512189950541924256002282439183129830622478429417189434386439211598786038115823516718849023013744762871945061566583633 0 0 0 0 0 0 0 0 0 0 0 0 0 0 0 0 0 0 0 0 0 0 0 0 0 0 0 0 0 0 0 0 0 0 0 0 0 0 0 0 0 0 0 0 0 0 0 0 0 0 0 0 0 0 1 0 0 0 0 0 0 0 0 0 0 0 0 0 0 0 0 0 0 0 0 0 0 0 0 0 0 0 0 0 0 0 0 0 0 0 0 0 0 0 0 0 0 0 0 0 0 0 0 0 0 0 0 0 0]
[3272694115840325000160315118843066199853727987841502546704607525793149081193607374093500425420902055682836780689088250322745464210143745585523471647960683566417112780953632669630986156649486686185263723442017438073120281357783504731909690860707698536568283160573594443631301308989296130453952475871261064466350765879576618199902820749 0 0 0 0 0 0 0 0 0 0 0 0 0 0 0 0 0 0 0 0 0 0 0 0 0 0 0 0 0 0 0 0 0 0 0 0 0 0 0 0 0 0 0 0 0 0 0 0 0 0 0 0 0 0 0 1 0 0 0 0 0 0 0 0 0 0 0 0 0 0 0 0 0 0 0 0 0 0 0 0 0 0 0 0 0 0 0 0 0 0 0 0 0 0 0 0 0 0 0 0 0 0 0 0 0 0 0 0 0]
[8614764387027699958966641169251430040390712001967043235677359916480719902693987581524895756576335760358910028737218106814601657585460062459413197321147852180484971758451103834422601618375041853967381080957439744176397713088557229718759582180947866621036139712537675175825615416379742635290440862363764670008600183432908231237180861067 0 0 0 0 0 0 0 0 0 0 0 0 0 0 0 0 0 0 0 0 0 0 0 0 0 0 0 0 0 0 0 0 0 0 0 0 0 0 0 0 0 0 0 0 0 0 0 0 0 0 0 0 0 0 0 0 1 0 0 0 0 0 0 0 0 0 0 0 0 0 0 0 0 0 0 0 0 0 0 0 0 0 0 0 0 0 0 0 0 0 0 0 0 0 0 0 0 0 0 0 0 0 0 0 0 0 0 0 0]
[5662390767958283884047578669503268291602650216227952634797526214176272916617146594231673125467645498558812876927517030085762281808151688432428658071297931190251152252771300048028233841436289893926569491742225370632327454600385887067027025189667010509540354210763772415587424455099323170917985369200134908787187649605678538002611775918 0 0 0 0 0 0 0 0 0 0 0 0 0 0 0 0 0 0 0 0 0 0 0 0 0 0 0 0 0 0 0 0 0 0 0 0 0 0 0 0 0 0 0 0 0 0 0 0 0 0 0 0 0 0 0 0 0 1 0 0 0 0 0 0 0 0 0 0 0 0 0 0 0 0 0 0 0 0 0 0 0 0 0 0 0 0 0 0 0 0 0 0 0 0 0 0 0 0 0 0 0 0 0 0 0 0 0 0 0]
[5128331505126825455567630070448929713865731838094744183344917411181634160462279400876532902591421142737008627934532289340660430824521592565217000381220544064725278081997347057423241706776006890876007441749104890040051936848306475108312436614792923453384410648724622064698856301195659196036822943083631200965905820881765996466856575291 0 0 0 0 0 0 0 0 0 0 0 0 0 0 0 0 0 0 0 0 0 0 0 0 0 0 0 0 0 0 0 0 0 0 0 0 0 0 0 0 0 0 0 0 0 0 0 0 0 0 0 0 0 0 0 0 0 0 1 0 0 0 0 0 0 0 0 0 0 0 0 0 0 0 0 0 0 0 0 0 0 0 0 0 0 0 0 0 0 0 0 0 0 0 0 0 0 0 0 0 0 0 0 0 0 0 0 0 0]
[6824400921249632552283477569581663661748615545807327026495429707296249096282701254686489835355493199179234120678604468366582973498730338204553625587533667609898516766859465176095327945467848847380630906891033291897946274141236760377406309030251730817708907142122225525904175831483722223523215938410003251141075591440304211203507054942 0 0 0 0 0 0 0 0 0 0 0 0 0 0 0 0 0 0 0 0 0 0 0 0 0 0 0 0 0 0 0 0 0 0 0 0 0 0 0 0 0 0 0 0 0 0 0 0 0 0 0 0 0 0 0 0 0 0 0 1 0 0 0 0 0 0 0 0 0 0 0 0 0 0 0 0 0 0 0 0 0 0 0 0 0 0 0 0 0 0 0 0 0 0 0 0 0 0 0 0 0 0 0 0 0 0 0 0 0]
[8265372478365899408914102808276622231641811800089300838171868709624917951884848534108172777264046051244670263368508914747651129075391502313278894380837920617318260628769377363276124242949240579469912103009900895421582212834012617581113914568011673928636075790538190211157604555975667218179372437205493744536760872906461786645762552933 0 0 0 0 0 0 0 0 0 0 0 0 0 0 0 0 0 0 0 0 0 0 0 0 0 0 0 0 0 0 0 0 0 0 0 0 0 0 0 0 0 0 0 0 0 0 0 0 0 0 0 0 0 0 0 0 0 0 0 0 1 0 0 0 0 0 0 0 0 0 0 0 0 0 0 0 0 0 0 0 0 0 0 0 0 0 0 0 0 0 0 0 0 0 0 0 0 0 0 0 0 0 0 0 0 0 0 0 0]
[5439275383851267014232775872002150444039560140127710862202896725964606593968595408762782968699292029623453693932324239224749577053015247615155161867369620108068026924360926042108851282440816695988855162324605435726911869083870522873804265697742264170268209482978919267470934637224858116970231108452399516395442226086452562071616421761 0 0 0 0 0 0 0 0 0 0 0 0 0 0 0 0 0 0 0 0 0 0 0 0 0 0 0 0 0 0 0 0 0 0 0 0 0 0 0 0 0 0 0 0 0 0 0 0 0 0 0 0 0 0 0 0 0 0 0 0 0 1 0 0 0 0 0 0 0 0 0 0 0 0 0 0 0 0 0 0 0 0 0 0 0 0 0 0 0 0 0 0 0 0 0 0 0 0 0 0 0 0 0 0 0 0 0 0 0]
[8018884405493243326902769442969834592461487455451895553849482190445560606961163073147728948000701038983939328648728787205148663943176157930112787945515540530554750289258954511310908382918061707344677418303845198398855168587794315042489957443505267142861923570248683501790056187314020969185138324901226942077515186126875781206630223581 0 0 0 0 0 0 0 0 0 0 0 0 0 0 0 0 0 0 0 0 0 0 0 0 0 0 0 0 0 0 0 0 0 0 0 0 0 0 0 0 0 0 0 0 0 0 0 0 0 0 0 0 0 0 0 0 0 0 0 0 0 0 1 0 0 0 0 0 0 0 0 0 0 0 0 0 0 0 0 0 0 0 0 0 0 0 0 0 0 0 0 0 0 0 0 0 0 0 0 0 0 0 0 0 0 0 0 0 0]
[5267159936219024064275912945597349829997164518482559235746697654033679253057274598751995560166853463638214455985997851151846115244299085896013994880062568995774461563736202984624817038838847151454852926144323577271033848186774844611330949230329264060792941078376624552995851669262818099246100209125411360135722881139678487339941535958 0 0 0 0 0 0 0 0 0 0 0 0 0 0 0 0 0 0 0 0 0 0 0 0 0 0 0 0 0 0 0 0 0 0 0 0 0 0 0 0 0 0 0 0 0 0 0 0 0 0 0 0 0 0 0 0 0 0 0 0 0 0 0 1 0 0 0 0 0 0 0 0 0 0 0 0 0 0 0 0 0 0 0 0 0 0 0 0 0 0 0 0 0 0 0 0 0 0 0 0 0 0 0 0 0 0 0 0 0]
[6765111253388836082409495282680614670358895668120257013280723495762831416805903227616324129159351524348275417461182263784587763367151097670356354062288525896054296939851275432076289609038597141484143516525685288092461006935592963242369299501431418889336647879085331770540853947746708101590680702870540109223168696113339140040207028280 0 0 0 0 0 0 0 0 0 0 0 0 0 0 0 0 0 0 0 0 0 0 0 0 0 0 0 0 0 0 0 0 0 0 0 0 0 0 0 0 0 0 0 0 0 0 0 0 0 0 0 0 0 0 0 0 0 0 0 0 0 0 0 0 1 0 0 0 0 0 0 0 0 0 0 0 0 0 0 0 0 0 0 0 0 0 0 0 0 0 0 0 0 0 0 0 0 0 0 0 0 0 0 0 0 0 0 0 0]
[7092402861938951518161920152471917086759683807528399497411842382134658787926513792002626787458169717520080355104892586048932270717178366551061642145617944335773079637760699850538256637689382591225580399302590057288293985598486532848341216205869495374799628032363236413683766473049682578388526200208626758805849945855353742953347014192 0 0 0 0 0 0 0 0 0 0 0 0 0 0 0 0 0 0 0 0 0 0 0 0 0 0 0 0 0 0 0 0 0 0 0 0 0 0 0 0 0 0 0 0 0 0 0 0 0 0 0 0 0 0 0 0 0 0 0 0 0 0 0 0 0 1 0 0 0 0 0 0 0 0 0 0 0 0 0 0 0 0 0 0 0 0 0 0 0 0 0 0 0 0 0 0 0 0 0 0 0 0 0 0 0 0 0 0 0]
[9761983001895805623341148566747914648437590973375750848614195480656974524179615688239576656696625238854888282959887781876477945361097327001882708947864420908787803627530071928786239117484154143138677117457006901234074508336432742004477801272924659649798285200082155030280248368145040972079897120415090411919851954766290998895891854237 0 0 0 0 0 0 0 0 0 0 0 0 0 0 0 0 0 0 0 0 0 0 0 0 0 0 0 0 0 0 0 0 0 0 0 0 0 0 0 0 0 0 0 0 0 0 0 0 0 0 0 0 0 0 0 0 0 0 0 0 0 0 0 0 0 0 1 0 0 0 0 0 0 0 0 0 0 0 0 0 0 0 0 0 0 0 0 0 0 0 0 0 0 0 0 0 0 0 0 0 0 0 0 0 0 0 0 0 0]
[3864705685362497968143951096859126741296811022536401226719359002569851922455046083989721176599038780069000162567395579245937733229026103981118388827406938330043175786460084924317512608626172111809453089569678453785672311428915399023717806340443522595097769083691582064123175158534894671334247899686324419331111255250474049938101845046 0 0 0 0 0 0 0 0 0 0 0 0 0 0 0 0 0 0 0 0 0 0 0 0 0 0 0 0 0 0 0 0 0 0 0 0 0 0 0 0 0 0 0 0 0 0 0 0 0 0 0 0 0 0 0 0 0 0 0 0 0 0 0 0 0 0 0 1 0 0 0 0 0 0 0 0 0 0 0 0 0 0 0 0 0 0 0 0 0 0 0 0 0 0 0 0 0 0 0 0 0 0 0 0 0 0 0 0 0]
[993357656649731011759819249807918789669085696072823664255038613512740145578985087153123302988226609133768138341124160223070186334550320758516443532762790675067167676842599549087836487109055903657963735546858789333358658018946862149206585662914498679174658878168347212026355742440720143329727442004672280285203765778627062132514698298 0 0 0 0 0 0 0 0 0 0 0 0 0 0 0 0 0 0 0 0 0 0 0 0 0 0 0 0 0 0 0 0 0 0 0 0 0 0 0 0 0 0 0 0 0 0 0 0 0 0 0 0 0 0 0 0 0 0 0 0 0 0 0 0 0 0 0 0 1 0 0 0 0 0 0 0 0 0 0 0 0 0 0 0 0 0 0 0 0 0 0 0 0 0 0 0 0 0 0 0 0 0 0 0 0 0 0 0 0]
[8167237549561053434254384071389620041255187986654121787102622158775035988928392966366357062369710105485169721359647985919690780601742141201835089912590686085932448670756619080784224960409109277074406574699856664933972552671347466856884414016998123418805844078253762494626825142147414277688317692303239097949074417525683364696900986801 0 0 0 0 0 0 0 0 0 0 0 0 0 0 0 0 0 0 0 0 0 0 0 0 0 0 0 0 0 0 0 0 0 0 0 0 0 0 0 0 0 0 0 0 0 0 0 0 0 0 0 0 0 0 0 0 0 0 0 0 0 0 0 0 0 0 0 0 0 1 0 0 0 0 0 0 0 0 0 0 0 0 0 0 0 0 0 0 0 0 0 0 0 0 0 0 0 0 0 0 0 0 0 0 0 0 0 0 0]
[9980652139614331143800484646579993740916345732711068972753506247186928445569188559419377203093605624756180352655678829693495140293291994965734106193096051418001161034845897039240547953527346628939914080119297986978699266286803041812079018985565414815088243242979491852121696984627897885415987240856029273674417614488940134802523639913 0 0 0 0 0 0 0 0 0 0 0 0 0 0 0 0 0 0 0 0 0 0 0 0 0 0 0 0 0 0 0 0 0 0 0 0 0 0 0 0 0 0 0 0 0 0 0 0 0 0 0 0 0 0 0 0 0 0 0 0 0 0 0 0 0 0 0 0 0 0 1 0 0 0 0 0 0 0 0 0 0 0 0 0 0 0 0 0 0 0 0 0 0 0 0 0 0 0 0 0 0 0 0 0 0 0 0 0 0]
[8130220986469555979615490552490657814516034342159526145246054758456497963454906224371320857367736379702198589392868496261429617453865251202164939793194182273103358835653891440209666002900277415842172043096955320834388815308332920511664470891545807526939367377592985279663592306602257261934977113278214575507271615638969867919881496175 0 0 0 0 0 0 0 0 0 0 0 0 0 0 0 0 0 0 0 0 0 0 0 0 0 0 0 0 0 0 0 0 0 0 0 0 0 0 0 0 0 0 0 0 0 0 0 0 0 0 0 0 0 0 0 0 0 0 0 0 0 0 0 0 0 0 0 0 0 0 0 1 0 0 0 0 0 0 0 0 0 0 0 0 0 0 0 0 0 0 0 0 0 0 0 0 0 0 0 0 0 0 0 0 0 0 0 0 0]
[4609806702782452305358084413273279981242505676878147127128275673393946851783563749138133932400084331163457765331678474070821446088570245469708733041532020044131550852190197730084557488263954219119130549384780717399801325374705777956736660162079527080509559746547451666598793456239931043944811706351887848177672308184773527872634024648 0 0 0 0 0 0 0 0 0 0 0 0 0 0 0 0 0 0 0 0 0 0 0 0 0 0 0 0 0 0 0 0 0 0 0 0 0 0 0 0 0 0 0 0 0 0 0 0 0 0 0 0 0 0 0 0 0 0 0 0 0 0 0 0 0 0 0 0 0 0 0 0 1 0 0 0 0 0 0 0 0 0 0 0 0 0 0 0 0 0 0 0 0 0 0 0 0 0 0 0 0 0 0 0 0 0 0 0 0]
[10151614883142366342813013830368763786185081855773575600156946535148201243465367492094713580822232370174882294707131540439024402838451081873640540907373274336166039108792275683657228697561512414964539323571225349800391274554683752797817439820151734403948618068652416141620319312678580498116625985239835809728727582100581549919646432406 0 0 0 0 0 0 0 0 0 0 0 0 0 0 0 0 0 0 0 0 0 0 0 0 0 0 0 0 0 0 0 0 0 0 0 0 0 0 0 0 0 0 0 0 0 0 0 0 0 0 0 0 0 0 0 0 0 0 0 0 0 0 0 0 0 0 0 0 0 0 0 0 0 1 0 0 0 0 0 0 0 0 0 0 0 0 0 0 0 0 0 0 0 0 0 0 0 0 0 0 0 0 0 0 0 0 0 0 0]
[3797238160327907651463187981022747283663328195479069396240144513135578972958027856478540203761846612264129616795611281837574029389798321325251531887164933106596107920815670999217755156381416848924652156912794771736618366482469761699844357350602923252308907581948731253102961513480865238750861439217308817155256635944899746581439282783 0 0 0 0 0 0 0 0 0 0 0 0 0 0 0 0 0 0 0 0 0 0 0 0 0 0 0 0 0 0 0 0 0 0 0 0 0 0 0 0 0 0 0 0 0 0 0 0 0 0 0 0 0 0 0 0 0 0 0 0 0 0 0 0 0 0 0 0 0 0 0 0 0 0 1 0 0 0 0 0 0 0 0 0 0 0 0 0 0 0 0 0 0 0 0 0 0 0 0 0 0 0 0 0 0 0 0 0 0]
[8120847391913785015231350189099098740413239363442047534614587127982990335713054979620227968713490288825209075396011109647831678283518893607062885091717739793421365039345188359294920557552785895920800070603001619643018063104528073984205930424441491098438146015372712432225464872074133704594686042361963111439916072858495659476856835453 0 0 0 0 0 0 0 0 0 0 0 0 0 0 0 0 0 0 0 0 0 0 0 0 0 0 0 0 0 0 0 0 0 0 0 0 0 0 0 0 0 0 0 0 0 0 0 0 0 0 0 0 0 0 0 0 0 0 0 0 0 0 0 0 0 0 0 0 0 0 0 0 0 0 0 1 0 0 0 0 0 0 0 0 0 0 0 0 0 0 0 0 0 0 0 0 0 0 0 0 0 0 0 0 0 0 0 0 0]
[2183335767122195221102142828762469256168799688668001591427416415367121626854848290928343438758572817488939758757777681304334875633114508336573605799645958094691768961162065119328070089069142574933645034154189373472969353900325964379309409576525363071665959211052210988560405425627640600109056637289308993778182170445701754492396961254 0 0 0 0 0 0 0 0 0 0 0 0 0 0 0 0 0 0 0 0 0 0 0 0 0 0 0 0 0 0 0 0 0 0 0 0 0 0 0 0 0 0 0 0 0 0 0 0 0 0 0 0 0 0 0 0 0 0 0 0 0 0 0 0 0 0 0 0 0 0 0 0 0 0 0 0 1 0 0 0 0 0 0 0 0 0 0 0 0 0 0 0 0 0 0 0 0 0 0 0 0 0 0 0 0 0 0 0 0]
[10394200703737026441936949906970016838129791863714938164482978332319037657388454703634587378313105542549114289896036103822758722962381984701496043486428279180123784051935626319736691465913377030973541817021777861849071842123841538878980782988666953737289782483945524473029572814780246618850101754742165268676037011996871103564635240001 0 0 0 0 0 0 0 0 0 0 0 0 0 0 0 0 0 0 0 0 0 0 0 0 0 0 0 0 0 0 0 0 0 0 0 0 0 0 0 0 0 0 0 0 0 0 0 0 0 0 0 0 0 0 0 0 0 0 0 0 0 0 0 0 0 0 0 0 0 0 0 0 0 0 0 0 0 1 0 0 0 0 0 0 0 0 0 0 0 0 0 0 0 0 0 0 0 0 0 0 0 0 0 0 0 0 0 0 0]
[11260032733787389845623518249835384718365754044127376991225766313528592308834966497701890271988767732102198827044343854084325200215423402249155739766915219650392863795850454933139805299356437401689827600439141027421130949202572928208172716589812356759650148250873862867501125871180425791636721466462007424693717287185104836092822010042 0 0 0 0 0 0 0 0 0 0 0 0 0 0 0 0 0 0 0 0 0 0 0 0 0 0 0 0 0 0 0 0 0 0 0 0 0 0 0 0 0 0 0 0 0 0 0 0 0 0 0 0 0 0 0 0 0 0 0 0 0 0 0 0 0 0 0 0 0 0 0 0 0 0 0 0 0 0 1 0 0 0 0 0 0 0 0 0 0 0 0 0 0 0 0 0 0 0 0 0 0 0 0 0 0 0 0 0 0]
[8328967369364368567040758423207019452585484883280848608810912535334634256102701126132500124624362076126505894400814586579839108791281293867899873507187479731433310093772784161749383507200386113431035788161657037676686544384483979268391278281739392621082185224811445972622066017518141739345757013357283178743066922114050623956185305291 0 0 0 0 0 0 0 0 0 0 0 0 0 0 0 0 0 0 0 0 0 0 0 0 0 0 0 0 0 0 0 0 0 0 0 0 0 0 0 0 0 0 0 0 0 0 0 0 0 0 0 0 0 0 0 0 0 0 0 0 0 0 0 0 0 0 0 0 0 0 0 0 0 0 0 0 0 0 0 1 0 0 0 0 0 0 0 0 0 0 0 0 0 0 0 0 0 0 0 0 0 0 0 0 0 0 0 0 0]
[8212967864886927020149642627579656182793927805249631858602414158032164470988305202694776601294004820349395937248304247714241658805894539683750368315013777164585645345549996892178120726921761451220455077792718032468938863365759578108306954981416388815185923393366906296608584558081982635988752791015482993663536285612753838887469623184 0 0 0 0 0 0 0 0 0 0 0 0 0 0 0 0 0 0 0 0 0 0 0 0 0 0 0 0 0 0 0 0 0 0 0 0 0 0 0 0 0 0 0 0 0 0 0 0 0 0 0 0 0 0 0 0 0 0 0 0 0 0 0 0 0 0 0 0 0 0 0 0 0 0 0 0 0 0 0 0 1 0 0 0 0 0 0 0 0 0 0 0 0 0 0 0 0 0 0 0 0 0 0 0 0 0 0 0 0]
[3428995426358879454843745557612214736655492304704015512554876676942463255894647885054264439434582008007713318107189235743119137675233451306435661916628117819719276269085246709835756316761110815240944362429926253668491173017654070782082806545338105392907500944308067800229741760640371969931959860206562283116231645734842886135401124346 0 0 0 0 0 0 0 0 0 0 0 0 0 0 0 0 0 0 0 0 0 0 0 0 0 0 0 0 0 0 0 0 0 0 0 0 0 0 0 0 0 0 0 0 0 0 0 0 0 0 0 0 0 0 0 0 0 0 0 0 0 0 0 0 0 0 0 0 0 0 0 0 0 0 0 0 0 0 0 0 0 1 0 0 0 0 0 0 0 0 0 0 0 0 0 0 0 0 0 0 0 0 0 0 0 0 0 0 0]
[10195534550356209991897628364740450938626420452229927211942965104261981695725002808478368820755521755901422097614205091899123710478280302779479656650759900552411614321128171819611150893634387394789412560529429907769146367414748447606556077672546717151523365640467362461499979257594438815062212554258126886114025619706913500076342115731 0 0 0 0 0 0 0 0 0 0 0 0 0 0 0 0 0 0 0 0 0 0 0 0 0 0 0 0 0 0 0 0 0 0 0 0 0 0 0 0 0 0 0 0 0 0 0 0 0 0 0 0 0 0 0 0 0 0 0 0 0 0 0 0 0 0 0 0 0 0 0 0 0 0 0 0 0 0 0 0 0 0 1 0 0 0 0 0 0 0 0 0 0 0 0 0 0 0 0 0 0 0 0 0 0 0 0 0 0]
[859909509551949201141583071154506758619736836217043260123286883447660360231288038520152969483568432935385104791479933761010326688107368046104537503790032391309795494096721579308640902809368338702126584376704838930150528118008713641841941125783260859164260650017971942092528099834291324538106458083681843342679296352940818385068526685 0 0 0 0 0 0 0 0 0 0 0 0 0 0 0 0 0 0 0 0 0 0 0 0 0 0 0 0 0 0 0 0 0 0 0 0 0 0 0 0 0 0 0 0 0 0 0 0 0 0 0 0 0 0 0 0 0 0 0 0 0 0 0 0 0 0 0 0 0 0 0 0 0 0 0 0 0 0 0 0 0 0 0 1 0 0 0 0 0 0 0 0 0 0 0 0 0 0 0 0 0 0 0 0 0 0 0 0 0]
[5848189408605151102513634005583607826585369985110322173704646085146966817006201321748102003417725502254748219012194573744626585660168493027938567290746882964832345609182536013368093442126647214444983265843656382576741437158866449337077596330856012271335321326776875699314566770107917700208124175744704513904843972082017344517122216324 0 0 0 0 0 0 0 0 0 0 0 0 0 0 0 0 0 0 0 0 0 0 0 0 0 0 0 0 0 0 0 0 0 0 0 0 0 0 0 0 0 0 0 0 0 0 0 0 0 0 0 0 0 0 0 0 0 0 0 0 0 0 0 0 0 0 0 0 0 0 0 0 0 0 0 0 0 0 0 0 0 0 0 0 1 0 0 0 0 0 0 0 0 0 0 0 0 0 0 0 0 0 0 0 0 0 0 0 0]
[9466315183397513561453492690724425211747066196371086428939655867529509843865851480045433853725847382002467317261536611991051762279346916770476750730104920719028642158186829469208261056395604114961262521084395625701878470455554988004665222766280259808280442596589530017389011793038821893219601964405940119328005903402350639365055575252 0 0 0 0 0 0 0 0 0 0 0 0 0 0 0 0 0 0 0 0 0 0 0 0 0 0 0 0 0 0 0 0 0 0 0 0 0 0 0 0 0 0 0 0 0 0 0 0 0 0 0 0 0 0 0 0 0 0 0 0 0 0 0 0 0 0 0 0 0 0 0 0 0 0 0 0 0 0 0 0 0 0 0 0 0 1 0 0 0 0 0 0 0 0 0 0 0 0 0 0 0 0 0 0 0 0 0 0 0]
[1108401192752499089309324142092292889196817178413365112950786515202941039987548932600466610434449928864749641489166706701497111552847723975558041513078500960879366486714195561324484337085835011400158664681505673577363458893906534787816969010463271888151385754280280510297163994894374351518597684067278869757669008647026258338682112429 0 0 0 0 0 0 0 0 0 0 0 0 0 0 0 0 0 0 0 0 0 0 0 0 0 0 0 0 0 0 0 0 0 0 0 0 0 0 0 0 0 0 0 0 0 0 0 0 0 0 0 0 0 0 0 0 0 0 0 0 0 0 0 0 0 0 0 0 0 0 0 0 0 0 0 0 0 0 0 0 0 0 0 0 0 0 1 0 0 0 0 0 0 0 0 0 0 0 0 0 0 0 0 0 0 0 0 0 0]
[9195206492827380633677447410731356004477648117430366460433512893984730732635070820471284191643123058989239579976513166368309605244852575841909086305040555980889405909890519243312701660528805899135725949803500849994682867576924805122068314969796822104066848508106250068742364982496700514686269202300594660607453796030718322918717166073 0 0 0 0 0 0 0 0 0 0 0 0 0 0 0 0 0 0 0 0 0 0 0 0 0 0 0 0 0 0 0 0 0 0 0 0 0 0 0 0 0 0 0 0 0 0 0 0 0 0 0 0 0 0 0 0 0 0 0 0 0 0 0 0 0 0 0 0 0 0 0 0 0 0 0 0 0 0 0 0 0 0 0 0 0 0 0 1 0 0 0 0 0 0 0 0 0 0 0 0 0 0 0 0 0 0 0 0 0]
[6619556722233531236297157029497775808497187675320411264296468212981636729117076254384715496526749872104203138540567757668986324983399285807713419598387227901037928641060735842420008081417531958860991012915641747431342142375241519848954738554477285118425137378625334960305235068505329264105464716849785284024327107909965639850881943302 0 0 0 0 0 0 0 0 0 0 0 0 0 0 0 0 0 0 0 0 0 0 0 0 0 0 0 0 0 0 0 0 0 0 0 0 0 0 0 0 0 0 0 0 0 0 0 0 0 0 0 0 0 0 0 0 0 0 0 0 0 0 0 0 0 0 0 0 0 0 0 0 0 0 0 0 0 0 0 0 0 0 0 0 0 0 0 0 1 0 0 0 0 0 0 0 0 0 0 0 0 0 0 0 0 0 0 0 0]
[6593564602987419844230754647517885592011620842589579179439208960178164415295551842433517001403035743850916327494771394447278817597428562707261195441878052653692672767619578061046714561737760179012342755482147135597196737361308472667195767947095661695221480298258117015893416019534094813773296940373079762293455698947760538653293338724 0 0 0 0 0 0 0 0 0 0 0 0 0 0 0 0 0 0 0 0 0 0 0 0 0 0 0 0 0 0 0 0 0 0 0 0 0 0 0 0 0 0 0 0 0 0 0 0 0 0 0 0 0 0 0 0 0 0 0 0 0 0 0 0 0 0 0 0 0 0 0 0 0 0 0 0 0 0 0 0 0 0 0 0 0 0 0 0 0 1 0 0 0 0 0 0 0 0 0 0 0 0 0 0 0 0 0 0 0]
[3104059252709274146152474720182507682669821282880611480965702399978446061215239939100703322359595052175618652732689450384506685255563055705524857908354849423541279379931259008888881457729414050527009705768941662432790934567112137619313133415448410131597577661776535989410037213757282887150276888789785135974607287129815125514343865252 0 0 0 0 0 0 0 0 0 0 0 0 0 0 0 0 0 0 0 0 0 0 0 0 0 0 0 0 0 0 0 0 0 0 0 0 0 0 0 0 0 0 0 0 0 0 0 0 0 0 0 0 0 0 0 0 0 0 0 0 0 0 0 0 0 0 0 0 0 0 0 0 0 0 0 0 0 0 0 0 0 0 0 0 0 0 0 0 0 0 1 0 0 0 0 0 0 0 0 0 0 0 0 0 0 0 0 0 0]
[2963599974904416592112596671580958640039666532230495878754449453734195552481686766414145060017602238771454057664758967936424182955390367980129491703561126506866426387721796062216935401649906492077290200282335258632452689151683426697365031884708736682222281350054231988772586367339933816480788863160813625640927505640442286392317176528 0 0 0 0 0 0 0 0 0 0 0 0 0 0 0 0 0 0 0 0 0 0 0 0 0 0 0 0 0 0 0 0 0 0 0 0 0 0 0 0 0 0 0 0 0 0 0 0 0 0 0 0 0 0 0 0 0 0 0 0 0 0 0 0 0 0 0 0 0 0 0 0 0 0 0 0 0 0 0 0 0 0 0 0 0 0 0 0 0 0 0 1 0 0 0 0 0 0 0 0 0 0 0 0 0 0 0 0 0]
[1620845374112212215507860380352694775835399172145861094639207896320727459220941466786320834451998508862651420894336111824679964594125524245869749031635749086282843315421090579259568744772401667307793664340960719434527445887359923479799029076483621277458402456068975064072451225676949490776373458320222705743683695698634749578796653979 0 0 0 0 0 0 0 0 0 0 0 0 0 0 0 0 0 0 0 0 0 0 0 0 0 0 0 0 0 0 0 0 0 0 0 0 0 0 0 0 0 0 0 0 0 0 0 0 0 0 0 0 0 0 0 0 0 0 0 0 0 0 0 0 0 0 0 0 0 0 0 0 0 0 0 0 0 0 0 0 0 0 0 0 0 0 0 0 0 0 0 0 1 0 0 0 0 0 0 0 0 0 0 0 0 0 0 0 0]
[6705545539791618575693034307504895670899845228841019786757804450529902646512004471819331548827321509279759119643184137410472008535154416832110757074616907430468811728738845322393357054729891778932782669788868174004658318299899875261707370393006955486020698000750338164035737811619473473489029138096098319620957998873435309031274272499 0 0 0 0 0 0 0 0 0 0 0 0 0 0 0 0 0 0 0 0 0 0 0 0 0 0 0 0 0 0 0 0 0 0 0 0 0 0 0 0 0 0 0 0 0 0 0 0 0 0 0 0 0 0 0 0 0 0 0 0 0 0 0 0 0 0 0 0 0 0 0 0 0 0 0 0 0 0 0 0 0 0 0 0 0 0 0 0 0 0 0 0 0 1 0 0 0 0 0 0 0 0 0 0 0 0 0 0 0]
[9842693874059575079054514262073971151889303063094715057361269636741938460612855665185482685508758815720895418490994501647177400989395976359537497801927500065106255317947320172787597078937653422296432704932038302057438388148322621618313294128028317295321028267930446066358374061563516829781451123227434264697937622012883158666320817602 0 0 0 0 0 0 0 0 0 0 0 0 0 0 0 0 0 0 0 0 0 0 0 0 0 0 0 0 0 0 0 0 0 0 0 0 0 0 0 0 0 0 0 0 0 0 0 0 0 0 0 0 0 0 0 0 0 0 0 0 0 0 0 0 0 0 0 0 0 0 0 0 0 0 0 0 0 0 0 0 0 0 0 0 0 0 0 0 0 0 0 0 0 0 1 0 0 0 0 0 0 0 0 0 0 0 0 0 0]
[3115062121856339352554829647285469725369377026691902289929877826162573176709412570848882829201798475121526822203399301160346836472767960559831802781517479946536751499496286091816770118607458138143455622615657672771109233286942114646443429744206578301088213323774006197274286329227751493553787590718338288224732983525496993299713904620 0 0 0 0 0 0 0 0 0 0 0 0 0 0 0 0 0 0 0 0 0 0 0 0 0 0 0 0 0 0 0 0 0 0 0 0 0 0 0 0 0 0 0 0 0 0 0 0 0 0 0 0 0 0 0 0 0 0 0 0 0 0 0 0 0 0 0 0 0 0 0 0 0 0 0 0 0 0 0 0 0 0 0 0 0 0 0 0 0 0 0 0 0 0 0 1 0 0 0 0 0 0 0 0 0 0 0 0 0]
[3861969109371189030640776291145207675701872731061301687140709351098182558986392532014013018720271290516443244088214921860843444913710394564134885835324402389184985187084711273889434656809155255537763801723875873329609037329296735620432344960148212768033274440368886460593391412074778892979905251201498062394700218639363681466691993631 0 0 0 0 0 0 0 0 0 0 0 0 0 0 0 0 0 0 0 0 0 0 0 0 0 0 0 0 0 0 0 0 0 0 0 0 0 0 0 0 0 0 0 0 0 0 0 0 0 0 0 0 0 0 0 0 0 0 0 0 0 0 0 0 0 0 0 0 0 0 0 0 0 0 0 0 0 0 0 0 0 0 0 0 0 0 0 0 0 0 0 0 0 0 0 0 1 0 0 0 0 0 0 0 0 0 0 0 0]
[5358722647847797947735993585354299057942117700839858125865052506150017633009031434866427572642434015417768306820368569357806756008489100022741694871673759975826891791915457238850285299299534002094512842870459840663446388498430280370219492064278108619372372384873748345303143100966237553616702157026740598102592151136742725153907716507 0 0 0 0 0 0 0 0 0 0 0 0 0 0 0 0 0 0 0 0 0 0 0 0 0 0 0 0 0 0 0 0 0 0 0 0 0 0 0 0 0 0 0 0 0 0 0 0 0 0 0 0 0 0 0 0 0 0 0 0 0 0 0 0 0 0 0 0 0 0 0 0 0 0 0 0 0 0 0 0 0 0 0 0 0 0 0 0 0 0 0 0 0 0 0 0 0 1 0 0 0 0 0 0 0 0 0 0 0]
[9433065863725613169339953765326152969516528276538429575237255153896279997293523999221098152342092100144678061876472901274196271163580465448165511162496564088396087269448507594098539148837389413992703850619219974388171185901791634421840600495166951181920779227760069554738919009503984275368138118912706758176164268161009262137916596266 0 0 0 0 0 0 0 0 0 0 0 0 0 0 0 0 0 0 0 0 0 0 0 0 0 0 0 0 0 0 0 0 0 0 0 0 0 0 0 0 0 0 0 0 0 0 0 0 0 0 0 0 0 0 0 0 0 0 0 0 0 0 0 0 0 0 0 0 0 0 0 0 0 0 0 0 0 0 0 0 0 0 0 0 0 0 0 0 0 0 0 0 0 0 0 0 0 0 1 0 0 0 0 0 0 0 0 0 0]
[3056418961331829047669016565887788874100218313192892904313041781168869868121346281653392787222233160204078623648769865235319700169401324922105394142408804268724142878542777036126317412030455941552780990999103751507575143964456597848983617037922319832667544543506890397469480993149490752216769833382452099389041835894719227079189425047 0 0 0 0 0 0 0 0 0 0 0 0 0 0 0 0 0 0 0 0 0 0 0 0 0 0 0 0 0 0 0 0 0 0 0 0 0 0 0 0 0 0 0 0 0 0 0 0 0 0 0 0 0 0 0 0 0 0 0 0 0 0 0 0 0 0 0 0 0 0 0 0 0 0 0 0 0 0 0 0 0 0 0 0 0 0 0 0 0 0 0 0 0 0 0 0 0 0 0 1 0 0 0 0 0 0 0 0 0]
[3178927555895208869088620997134106492615464501919050880154519487646103679981052903438728771932440149824400383804480212900703668583335040694585411208134534821389907796638559293949022195092031523271840242832903690378787350267877240314317716535546793065126095335937227748254643310630802966723940228046474987538668570599467330851358455110 0 0 0 0 0 0 0 0 0 0 0 0 0 0 0 0 0 0 0 0 0 0 0 0 0 0 0 0 0 0 0 0 0 0 0 0 0 0 0 0 0 0 0 0 0 0 0 0 0 0 0 0 0 0 0 0 0 0 0 0 0 0 0 0 0 0 0 0 0 0 0 0 0 0 0 0 0 0 0 0 0 0 0 0 0 0 0 0 0 0 0 0 0 0 0 0 0 0 0 0 1 0 0 0 0 0 0 0 0]
[5405335970235045927872544390922832798392386847056649842324814074561103514173727434348370107931615306362691333728838363661157047740717354933599170506388304320206346827725179282487022160581778610704316989884590974313391256811706414289360149865911078404821418419893190375321363528809350070946878667577202070859169741344438279390433716915 0 0 0 0 0 0 0 0 0 0 0 0 0 0 0 0 0 0 0 0 0 0 0 0 0 0 0 0 0 0 0 0 0 0 0 0 0 0 0 0 0 0 0 0 0 0 0 0 0 0 0 0 0 0 0 0 0 0 0 0 0 0 0 0 0 0 0 0 0 0 0 0 0 0 0 0 0 0 0 0 0 0 0 0 0 0 0 0 0 0 0 0 0 0 0 0 0 0 0 0 0 1 0 0 0 0 0 0 0]
[2142625876615468721295932130765878893636660170729646350657855790632508819764056337519847773066295162066288365606383075689332601902126984171216226566815364040236257329805044938083680355359438961717862287998737365858418482424102777371983705810407922843076181637263312870099090399772501113411704978632517769320587716368118969387673550906 0 0 0 0 0 0 0 0 0 0 0 0 0 0 0 0 0 0 0 0 0 0 0 0 0 0 0 0 0 0 0 0 0 0 0 0 0 0 0 0 0 0 0 0 0 0 0 0 0 0 0 0 0 0 0 0 0 0 0 0 0 0 0 0 0 0 0 0 0 0 0 0 0 0 0 0 0 0 0 0 0 0 0 0 0 0 0 0 0 0 0 0 0 0 0 0 0 0 0 0 0 0 1 0 0 0 0 0 0]
[8651860015656079030623036754582947793480039542015270828619536156349194152993596450077102272226277893023367938481000184125176196377040483732809344482457794694395276380658940271248791155525322313635914181531762233748667936854298249084662534072126822097199596676470549767403099384757856681557993247204246547834177580271732560762813120310 0 0 0 0 0 0 0 0 0 0 0 0 0 0 0 0 0 0 0 0 0 0 0 0 0 0 0 0 0 0 0 0 0 0 0 0 0 0 0 0 0 0 0 0 0 0 0 0 0 0 0 0 0 0 0 0 0 0 0 0 0 0 0 0 0 0 0 0 0 0 0 0 0 0 0 0 0 0 0 0 0 0 0 0 0 0 0 0 0 0 0 0 0 0 0 0 0 0 0 0 0 0 0 1 0 0 0 0 0]
[2125255743042788934975133662435221452256302517857817928319518868221584889458411768334332618336582322223249436920862243279423871426341577964637406568765842348017896222963030811054841680285785760914768556981534793586105988193636801778200993409963269755663041213834950171552412376334469697891585555994457998749112048453593764292315758208 0 0 0 0 0 0 0 0 0 0 0 0 0 0 0 0 0 0 0 0 0 0 0 0 0 0 0 0 0 0 0 0 0 0 0 0 0 0 0 0 0 0 0 0 0 0 0 0 0 0 0 0 0 0 0 0 0 0 0 0 0 0 0 0 0 0 0 0 0 0 0 0 0 0 0 0 0 0 0 0 0 0 0 0 0 0 0 0 0 0 0 0 0 0 0 0 0 0 0 0 0 0 0 0 1 0 0 0 0]
[5712586855757197145372038189708735586221955878203914431587302439637243496607043913384301678249801910801277155243881647923655538882724247586191643161645654736374475837358142290473077793379080070616070636828670337960506573060442482417161900253496635367162592379449451862517285011038868292729740941595042966385374396931113410313098799286 0 0 0 0 0 0 0 0 0 0 0 0 0 0 0 0 0 0 0 0 0 0 0 0 0 0 0 0 0 0 0 0 0 0 0 0 0 0 0 0 0 0 0 0 0 0 0 0 0 0 0 0 0 0 0 0 0 0 0 0 0 0 0 0 0 0 0 0 0 0 0 0 0 0 0 0 0 0 0 0 0 0 0 0 0 0 0 0 0 0 0 0 0 0 0 0 0 0 0 0 0 0 0 0 0 1 0 0 0]
[5160440698316512970405059057957550489587303398417388203321982045912789758237462497516626390248159489410863536203950030445728634202851890383910523919024517831458339423643024131647509348093567626685742386883128631258527751364571064333134505739364524609054051182353548815167205571066937253865963454235820185553522025195167670130863772793 0 0 0 0 0 0 0 0 0 0 0 0 0 0 0 0 0 0 0 0 0 0 0 0 0 0 0 0 0 0 0 0 0 0 0 0 0 0 0 0 0 0 0 0 0 0 0 0 0 0 0 0 0 0 0 0 0 0 0 0 0 0 0 0 0 0 0 0 0 0 0 0 0 0 0 0 0 0 0 0 0 0 0 0 0 0 0 0 0 0 0 0 0 0 0 0 0 0 0 0 0 0 0 0 0 0 1 0 0]
[9580428729669616312105362147464583007323409097737754500576325462505708523199816691872227551710122159798842089192327599933144546493053304224132616028295425855539988120818552108452310057417715272634347604042198260626667893926539439853416693428076126990251608821678202193172747292796893176817081790121409264782626671994473480968149736311 0 0 0 0 0 0 0 0 0 0 0 0 0 0 0 0 0 0 0 0 0 0 0 0 0 0 0 0 0 0 0 0 0 0 0 0 0 0 0 0 0 0 0 0 0 0 0 0 0 0 0 0 0 0 0 0 0 0 0 0 0 0 0 0 0 0 0 0 0 0 0 0 0 0 0 0 0 0 0 0 0 0 0 0 0 0 0 0 0 0 0 0 0 0 0 0 0 0 0 0 0 0 0 0 0 0 0 1 0]
[10631620032384972750449438823731726474490209972516901009405943859644169199857031132025608996234630583753542072297290808101480057348101114767341038906795191400338581815699047992423402099830519147276456590343132354171697001303797693258944982581366196724683736666489134521040003353278418491431724957019717249868668998728520748499554076462 0 0 0 0 0 0 0 0 0 0 0 0 0 0 0 0 0 0 0 0 0 0 0 0 0 0 0 0 0 0 0 0 0 0 0 0 0 0 0 0 0 0 0 0 0 0 0 0 0 0 0 0 0 0 0 0 0 0 0 0 0 0 0 0 0 0 0 0 0 0 0 0 0 0 0 0 0 0 0 0 0 0 0 0 0 0 0 0 0 0 0 0 0 0 0 0 0 0 0 0 0 0 0 0 0 0 0 0 1]
]
