[[4348988188423712034352196676164068778398159434666975033725632097121740059169401932137993916511040729413441904638808444439572090318140309190428886783316960002440752522916317259967430697898103159753971 0 0 0 0 0 0 0 0 0 0 0 0 0 0 0 0 0 0 0 0 0 0 0 0 0 0 0 0 0 0 0 0 0 0 0 0 0 0 0 0 0 0 0 0 0 0 0 0 0 0 0 0 0 0 0 0 0 0 0 0 0 0 0 0 0]
[2192252267806527830813557080646252273814511856793462832212188473867609306401631645299858398496315257989082842223682262858280876197433832810203681380293791223920274616365876176421697773645165691741041 1 0 0 0 0 0 0 0 0 0 0 0 0 0 0 0 0 0 0 0 0 0 0 0 0 0 0 0 0 0 0 0 0 0 0 0 0 0 0 0 0 0 0 0 0 0 0 0 0 0 0 0 0 0 0 0 0 0 0 0 0 0 0 0 0]
[529846213430814342244262240482896957170767806071017736715433733590008620525662944444034499594507174749197474958120059742242780204897498270400467982190904173084461986949300084979030641412216304954031 0 1 0 0 0 0 0 0 0 0 0 0 0 0 0 0 0 0 0 0 0 0 0 0 0 0 0 0 0 0 0 0 0 0 0 0 0 0 0 0 0 0 0 0 0 0 0 0 0 0 0 0 0 0 0 0 0 0 0 0 0 0 0 0 0]
[1831069539172175526064701738473787872808012371369670049403513232639956996623270226246985847338435188700328243799465673770046288349247704631471541161251206205359175269263494542286701182563376211480928 0 0 1 0 0 0 0 0 0 0 0 0 0 0 0 0 0 0 0 0 0 0 0 0 0 0 0 0 0 0 0 0 0 0 0 0 0 0 0 0 0 0 0 0 0 0 0 0 0 0 0 0 0 0 0 0 0 0 0 0 0 0 0 0 0]
[1197854304515616427209811861826105911682109183751965413659080742275982120229404604755412693020521085623241209548924329654607319986852369349112949142774992469987487727565434971987792639029860473199468 0 0 0 1 0 0 0 0 0 0 0 0 0 0 0 0 0 0 0 0 0 0 0 0 0 0 0 0 0 0 0 0 0 0 0 0 0 0 0 0 0 0 0 0 0 0 0 0 0 0 0 0 0 0 0 0 0 0 0 0 0 0 0 0 0]
[4000483962297281812044468274310761957753486442529547048832172474941663174458707438300583748863162372347133394622104192101840840028739509403413195643039388283602513735705585382012479510389239386814729 0 0 0 0 1 0 0 0 0 0 0 0 0 0 0 0 0 0 0 0 0 0 0 0 0 0 0 0 0 0 0 0 0 0 0 0 0 0 0 0 0 0 0 0 0 0 0 0 0 0 0 0 0 0 0 0 0 0 0 0 0 0 0 0 0]
[2652555728470064413908229514832055447819128938423516697320058722531178397197068586006983497861711021993938622599860022811859211142996835653191509045971307455053811678805657458354035167932609004187928 0 0 0 0 0 1 0 0 0 0 0 0 0 0 0 0 0 0 0 0 0 0 0 0 0 0 0 0 0 0 0 0 0 0 0 0 0 0 0 0 0 0 0 0 0 0 0 0 0 0 0 0 0 0 0 0 0 0 0 0 0 0 0 0 0]
[492838595250897492706517884763060542941078164159720197074006033969537566480239897660490592569124381224149676157098783465856690969583585863604768673790091514868493385031507631570838810738928578681969 0 0 0 0 0 0 1 0 0 0 0 0 0 0 0 0 0 0 0 0 0 0 0 0 0 0 0 0 0 0 0 0 0 0 0 0 0 0 0 0 0 0 0 0 0 0 0 0 0 0 0 0 0 0 0 0 0 0 0 0 0 0 0 0 0]
[3223753855510594900740499611149170057673304326316117177392078807620207584931433762992128510035382793465514148102677703963495138581532515095014535875088488641879263943708397916925762526719568938331661 0 0 0 0 0 0 0 1 0 0 0 0 0 0 0 0 0 0 0 0 0 0 0 0 0 0 0 0 0 0 0 0 0 0 0 0 0 0 0 0 0 0 0 0 0 0 0 0 0 0 0 0 0 0 0 0 0 0 0 0 0 0 0 0 0]
[1887695335685854838836517513457251000326306577404477797307705455017282329241260492855400007533185310337028060923668785797806328683108626833310165595143729898102274943234985851307034290190961162409652 0 0 0 0 0 0 0 0 1 0 0 0 0 0 0 0 0 0 0 0 0 0 0 0 0 0 0 0 0 0 0 0 0 0 0 0 0 0 0 0 0 0 0 0 0 0 0 0 0 0 0 0 0 0 0 0 0 0 0 0 0 0 0 0 0]
[3179745375197427564402889697219053789396571213327172301949588866667776907627747828980021548859502273854290253352919567313256348917835306165547628230920808725215615900194061315479054950090849895131949 0 0 0 0 0 0 0 0 0 1 0 0 0 0 0 0 0 0 0 0 0 0 0 0 0 0 0 0 0 0 0 0 0 0 0 0 0 0 0 0 0 0 0 0 0 0 0 0 0 0 0 0 0 0 0 0 0 0 0 0 0 0 0 0 0]
[271975910223327850478364617891641197754292282180792029720952479051953809989191048909865307354824314508484753816417810479096345821813981432535880531614936013603088067393398980547832881250637469593668 0 0 0 0 0 0 0 0 0 0 1 0 0 0 0 0 0 0 0 0 0 0 0 0 0 0 0 0 0 0 0 0 0 0 0 0 0 0 0 0 0 0 0 0 0 0 0 0 0 0 0 0 0 0 0 0 0 0 0 0 0 0 0 0 0]
[3500876544720311809716634826791060477431380657541906274809822603336058122058302907982050572274028634239689767624419692493403460511915651615342242393881014725332253170382153113005528982712351455078960 0 0 0 0 0 0 0 0 0 0 0 1 0 0 0 0 0 0 0 0 0 0 0 0 0 0 0 0 0 0 0 0 0 0 0 0 0 0 0 0 0 0 0 0 0 0 0 0 0 0 0 0 0 0 0 0 0 0 0 0 0 0 0 0 0]
[3093119828925013139391657364002707061290847146376385935126889334241149906598680166617398704038868515034711616812310485227691266410441108936337524435173763373864507200156495327245224474694111906839201 0 0 0 0 0 0 0 0 0 0 0 0 1 0 0 0 0 0 0 0 0 0 0 0 0 0 0 0 0 0 0 0 0 0 0 0 0 0 0 0 0 0 0 0 0 0 0 0 0 0 0 0 0 0 0 0 0 0 0 0 0 0 0 0 0]
[967784669678575556054471675817167445931029027049428005519675149332911035362114701827419868099252976403988223933316845552400685771323726371289360856421390928646862136578317515639649211983260304822169 0 0 0 0 0 0 0 0 0 0 0 0 0 1 0 0 0 0 0 0 0 0 0 0 0 0 0 0 0 0 0 0 0 0 0 0 0 0 0 0 0 0 0 0 0 0 0 0 0 0 0 0 0 0 0 0 0 0 0 0 0 0 0 0 0]
[4182658639216830404972386582663269568909020798842471051507718230952289219716942087223719005615147787559512774469299302061286862022004402571163295574776409674256597937272431134261626372326992210341746 0 0 0 0 0 0 0 0 0 0 0 0 0 0 1 0 0 0 0 0 0 0 0 0 0 0 0 0 0 0 0 0 0 0 0 0 0 0 0 0 0 0 0 0 0 0 0 0 0 0 0 0 0 0 0 0 0 0 0 0 0 0 0 0 0]
[3980125570591216779287434816658509829338371114176395755176788868077429253236613267324514409884451061918691976080739393599708282894235009243651144864848722728755535829879664186927594997919028869356362 0 0 0 0 0 0 0 0 0 0 0 0 0 0 0 1 0 0 0 0 0 0 0 0 0 0 0 0 0 0 0 0 0 0 0 0 0 0 0 0 0 0 0 0 0 0 0 0 0 0 0 0 0 0 0 0 0 0 0 0 0 0 0 0 0]
[795523447318811945838724032357506575783202007528950290509556024062927116384703896003933317510347306566362938054959816345571916007013019795692411731634188546437542323254733407686279725387232850612272 0 0 0 0 0 0 0 0 0 0 0 0 0 0 0 0 1 0 0 0 0 0 0 0 0 0 0 0 0 0 0 0 0 0 0 0 0 0 0 0 0 0 0 0 0 0 0 0 0 0 0 0 0 0 0 0 0 0 0 0 0 0 0 0 0]
[2253932144787061842719778011868666446467300091777008537952188110269650044102891272851193397813937619796159409661338380196620942452526620953159304015117821360469762344547826030084349236749712760688047 0 0 0 0 0 0 0 0 0 0 0 0 0 0 0 0 0 1 0 0 0 0 0 0 0 0 0 0 0 0 0 0 0 0 0 0 0 0 0 0 0 0 0 0 0 0 0 0 0 0 0 0 0 0 0 0 0 0 0 0 0 0 0 0 0]
[3362045850584356802451026849696193953312974602000832119132340561649254416625312179180099592813716223638442948074783926051546440212294775331919891613228907178679763275608233470853810659400752123361773 0 0 0 0 0 0 0 0 0 0 0 0 0 0 0 0 0 0 1 0 0 0 0 0 0 0 0 0 0 0 0 0 0 0 0 0 0 0 0 0 0 0 0 0 0 0 0 0 0 0 0 0 0 0 0 0 0 0 0 0 0 0 0 0 0]
[1969466192037438021146968828498665191170693312051348920205870716177833471337264576060857536522230222586769036762283455511628220753358430545719242953035782934070855611382368979429111446202825564270935 0 0 0 0 0 0 0 0 0 0 0 0 0 0 0 0 0 0 0 1 0 0 0 0 0 0 0 0 0 0 0 0 0 0 0 0 0 0 0 0 0 0 0 0 0 0 0 0 0 0 0 0 0 0 0 0 0 0 0 0 0 0 0 0 0]
[3092947834279476725878529540469448482472748380636683947018779341792330296436151509450942656299611684450107842639534842007283568636677950364735407495357277774898324943542790026878627440860837738968555 0 0 0 0 0 0 0 0 0 0 0 0 0 0 0 0 0 0 0 0 1 0 0 0 0 0 0 0 0 0 0 0 0 0 0 0 0 0 0 0 0 0 0 0 0 0 0 0 0 0 0 0 0 0 0 0 0 0 0 0 0 0 0 0 0]
[1132359466765479591429027383969299214919361433049446888200915505126904154655749256040661230782747758582912474316491108546061738087948649669881085724567358001696485540426935359020440130015606882249091 0 0 0 0 0 0 0 0 0 0 0 0 0 0 0 0 0 0 0 0 0 1 0 0 0 0 0 0 0 0 0 0 0 0 0 0 0 0 0 0 0 0 0 0 0 0 0 0 0 0 0 0 0 0 0 0 0 0 0 0 0 0 0 0 0]
[1442140241146402826784540196476524493245647984759438105752263009124113865681927889642567795350924098876906614309474856184699963296011624363609019009851189398921797194588799072490616939270482368761202 0 0 0 0 0 0 0 0 0 0 0 0 0 0 0 0 0 0 0 0 0 0 1 0 0 0 0 0 0 0 0 0 0 0 0 0 0 0 0 0 0 0 0 0 0 0 0 0 0 0 0 0 0 0 0 0 0 0 0 0 0 0 0 0 0]
[3829597393047674273206951828270364340694131032151443347091382668261085820141984035791832829915182067103468161779419338899784923019883896109475495605196908150801854585311285063791495612932728363562563 0 0 0 0 0 0 0 0 0 0 0 0 0 0 0 0 0 0 0 0 0 0 0 1 0 0 0 0 0 0 0 0 0 0 0 0 0 0 0 0 0 0 0 0 0 0 0 0 0 0 0 0 0 0 0 0 0 0 0 0 0 0 0 0 0]
[55728465583067673163510882801167937799554990272845011427270968381154086852002222700839801516420061562978195245093118114867935429289008234786323343724313318525967403869636998737746387164702754527498 0 0 0 0 0 0 0 0 0 0 0 0 0 0 0 0 0 0 0 0 0 0 0 0 1 0 0 0 0 0 0 0 0 0 0 0 0 0 0 0 0 0 0 0 0 0 0 0 0 0 0 0 0 0 0 0 0 0 0 0 0 0 0 0 0]
[343503244723066129548373107088395229106992143233328454976952614720564529292506072656500128700778725947354483175319805524323920271347835076934899385171855583187139437667453315091581190876336015738784 0 0 0 0 0 0 0 0 0 0 0 0 0 0 0 0 0 0 0 0 0 0 0 0 0 1 0 0 0 0 0 0 0 0 0 0 0 0 0 0 0 0 0 0 0 0 0 0 0 0 0 0 0 0 0 0 0 0 0 0 0 0 0 0 0]
[1682668057803363238950416282428999924035668591636669076106909303297971644802459006564723011787493177952221134705638212778878987124288390715476841201018072736364087239275480324939320847711867361830947 0 0 0 0 0 0 0 0 0 0 0 0 0 0 0 0 0 0 0 0 0 0 0 0 0 0 1 0 0 0 0 0 0 0 0 0 0 0 0 0 0 0 0 0 0 0 0 0 0 0 0 0 0 0 0 0 0 0 0 0 0 0 0 0 0]
[4251728128204168843440665801052418684667758444396392210493780200880492176125339476483260060149702661349504320850286203618292748360121338797113438659022835507499969142242814309850127378050239163708286 0 0 0 0 0 0 0 0 0 0 0 0 0 0 0 0 0 0 0 0 0 0 0 0 0 0 0 1 0 0 0 0 0 0 0 0 0 0 0 0 0 0 0 0 0 0 0 0 0 0 0 0 0 0 0 0 0 0 0 0 0 0 0 0 0]
[3366253668722259739132449083097045198929787641238205017740325067431995487998730583484985718005924280091890877174810987291547057876342709684241570910684066028607267423229885490237396068543827978146002 0 0 0 0 0 0 0 0 0 0 0 0 0 0 0 0 0 0 0 0 0 0 0 0 0 0 0 0 1 0 0 0 0 0 0 0 0 0 0 0 0 0 0 0 0 0 0 0 0 0 0 0 0 0 0 0 0 0 0 0 0 0 0 0 0]
[1408547348551047545455125032386464123929749589104916656611506165844813800486000207362504443440434443373003644593921748845540798280537252842245568103539049843077439121372489830915287857378674399054426 0 0 0 0 0 0 0 0 0 0 0 0 0 0 0 0 0 0 0 0 0 0 0 0 0 0 0 0 0 1 0 0 0 0 0 0 0 0 0 0 0 0 0 0 0 0 0 0 0 0 0 0 0 0 0 0 0 0 0 0 0 0 0 0 0]
[367467808546314321875629373318651606913821443145910778278395314386130014238248233435928764243682263711629041433984726657874211665060004920907872520100586890031070337681090972944375531618343274522396 0 0 0 0 0 0 0 0 0 0 0 0 0 0 0 0 0 0 0 0 0 0 0 0 0 0 0 0 0 0 1 0 0 0 0 0 0 0 0 0 0 0 0 0 0 0 0 0 0 0 0 0 0 0 0 0 0 0 0 0 0 0 0 0 0]
[2282505336061088130075490778301614244241258178000220368065068346513337076946090916914303057349731049323934219699461611091333319817741972838747017575331834725089588672025421411010699131016579157602614 0 0 0 0 0 0 0 0 0 0 0 0 0 0 0 0 0 0 0 0 0 0 0 0 0 0 0 0 0 0 0 1 0 0 0 0 0 0 0 0 0 0 0 0 0 0 0 0 0 0 0 0 0 0 0 0 0 0 0 0 0 0 0 0 0]
[2255010669739810117271672464979727185279722557593458482401948437284604367074121264766035348124709878500938111666048712314219617852009941314055739904288019674637071815758685222176945155174350970675921 0 0 0 0 0 0 0 0 0 0 0 0 0 0 0 0 0 0 0 0 0 0 0 0 0 0 0 0 0 0 0 0 1 0 0 0 0 0 0 0 0 0 0 0 0 0 0 0 0 0 0 0 0 0 0 0 0 0 0 0 0 0 0 0 0]
[379373393464635189193430634482236166534743593889317025503329087280817180642373433167375638666869431929042618284206600114027739029064724360769338156306281074029734482617315271869945075482171062994919 0 0 0 0 0 0 0 0 0 0 0 0 0 0 0 0 0 0 0 0 0 0 0 0 0 0 0 0 0 0 0 0 0 1 0 0 0 0 0 0 0 0 0 0 0 0 0 0 0 0 0 0 0 0 0 0 0 0 0 0 0 0 0 0 0]
[314405676611194450784685574465602188442775134403794119840007868020305496104410605293683324260648482162549266662368470382049038286106878543002340683954311452902354716249730300628283925723015215409553 0 0 0 0 0 0 0 0 0 0 0 0 0 0 0 0 0 0 0 0 0 0 0 0 0 0 0 0 0 0 0 0 0 0 1 0 0 0 0 0 0 0 0 0 0 0 0 0 0 0 0 0 0 0 0 0 0 0 0 0 0 0 0 0 0]
[2627270533544353793603216755983206044170247941492119812662951763869994910657607370547022535791195730017963188918805617662026923597648551382956392188337813030782754947078699647552669653717117331411939 0 0 0 0 0 0 0 0 0 0 0 0 0 0 0 0 0 0 0 0 0 0 0 0 0 0 0 0 0 0 0 0 0 0 0 1 0 0 0 0 0 0 0 0 0 0 0 0 0 0 0 0 0 0 0 0 0 0 0 0 0 0 0 0 0]
[1624062739474294448974298532105894661322259585949001491177439624858958312721835453966178298747476354967358564353059954064012599978652633363675479789844762495904873230191509363174201327564244576537919 0 0 0 0 0 0 0 0 0 0 0 0 0 0 0 0 0 0 0 0 0 0 0 0 0 0 0 0 0 0 0 0 0 0 0 0 1 0 0 0 0 0 0 0 0 0 0 0 0 0 0 0 0 0 0 0 0 0 0 0 0 0 0 0 0]
[922537088349225747188537063096738443463366491058314091190988809590137886059285891140638807295449245463244758992354814742012949571036110197831617580268348077592681417091451051803379129786046466022187 0 0 0 0 0 0 0 0 0 0 0 0 0 0 0 0 0 0 0 0 0 0 0 0 0 0 0 0 0 0 0 0 0 0 0 0 0 1 0 0 0 0 0 0 0 0 0 0 0 0 0 0 0 0 0 0 0 0 0 0 0 0 0 0 0]
[656862365163487133541979988175649980269565010624629605938753257153604282556763852242100323202957459268214173680470599554908744916506231546772088021702219793725363689945911624613733952350682381023777 0 0 0 0 0 0 0 0 0 0 0 0 0 0 0 0 0 0 0 0 0 0 0 0 0 0 0 0 0 0 0 0 0 0 0 0 0 0 1 0 0 0 0 0 0 0 0 0 0 0 0 0 0 0 0 0 0 0 0 0 0 0 0 0 0]
[4025129424813737383939344299167149703893485697675439012941963625911159479176471241807295394799210383217895370656257640618333501002612795396062784855042086000108720920710491598281393458443398902242619 0 0 0 0 0 0 0 0 0 0 0 0 0 0 0 0 0 0 0 0 0 0 0 0 0 0 0 0 0 0 0 0 0 0 0 0 0 0 0 1 0 0 0 0 0 0 0 0 0 0 0 0 0 0 0 0 0 0 0 0 0 0 0 0 0]
[3670174201850957200406967494263116620954629886580006160762085925113220705322339128240267193665920756248813921867328375102204112372732581923797171542871725082575355421437438698379034562486907251113430 0 0 0 0 0 0 0 0 0 0 0 0 0 0 0 0 0 0 0 0 0 0 0 0 0 0 0 0 0 0 0 0 0 0 0 0 0 0 0 0 1 0 0 0 0 0 0 0 0 0 0 0 0 0 0 0 0 0 0 0 0 0 0 0 0]
[1784067396029699636115353335962776906725420022578906294685871134261351504749459148873847854897233819479953894078175536963034688046511886273581854383174501719660312709177718667554354983059262918978007 0 0 0 0 0 0 0 0 0 0 0 0 0 0 0 0 0 0 0 0 0 0 0 0 0 0 0 0 0 0 0 0 0 0 0 0 0 0 0 0 0 1 0 0 0 0 0 0 0 0 0 0 0 0 0 0 0 0 0 0 0 0 0 0 0]
[1276903797829905055401657615036906609725792009558151928830883955312090669708510494975969622910007672433703697503047395341677036516863297164919458041244711617389168828418125377984716373220362003569700 0 0 0 0 0 0 0 0 0 0 0 0 0 0 0 0 0 0 0 0 0 0 0 0 0 0 0 0 0 0 0 0 0 0 0 0 0 0 0 0 0 0 1 0 0 0 0 0 0 0 0 0 0 0 0 0 0 0 0 0 0 0 0 0 0]
[723228342983655022309477087009560282958052921092147144509801777420665983482586872580932250087219950682005919654349070582773907898268843505438565798468990611147476278089492703211297208454187759690002 0 0 0 0 0 0 0 0 0 0 0 0 0 0 0 0 0 0 0 0 0 0 0 0 0 0 0 0 0 0 0 0 0 0 0 0 0 0 0 0 0 0 0 1 0 0 0 0 0 0 0 0 0 0 0 0 0 0 0 0 0 0 0 0 0]
[1897447039451448174621662122526640974943933475995429829548369191934130404113048400692752751308186887535132336552075243773901084409766933054261416501819367574826846179901269284696131128366027082453407 0 0 0 0 0 0 0 0 0 0 0 0 0 0 0 0 0 0 0 0 0 0 0 0 0 0 0 0 0 0 0 0 0 0 0 0 0 0 0 0 0 0 0 0 1 0 0 0 0 0 0 0 0 0 0 0 0 0 0 0 0 0 0 0 0]
[4083779752904006782849954567422941650106185012009886508776178922515196412996221390554256941270793834388963670606487077018433613900362681031945781446718064281832735241819906156505720292480407005496977 0 0 0 0 0 0 0 0 0 0 0 0 0 0 0 0 0 0 0 0 0 0 0 0 0 0 0 0 0 0 0 0 0 0 0 0 0 0 0 0 0 0 0 0 0 1 0 0 0 0 0 0 0 0 0 0 0 0 0 0 0 0 0 0 0]
[2783242104992830118670783274200926936975590154336755581153320634005902117680761004921007498924474117293337573213399731631187362484066127685128314218726432965794183244191495520928791699158101330108974 0 0 0 0 0 0 0 0 0 0 0 0 0 0 0 0 0 0 0 0 0 0 0 0 0 0 0 0 0 0 0 0 0 0 0 0 0 0 0 0 0 0 0 0 0 0 1 0 0 0 0 0 0 0 0 0 0 0 0 0 0 0 0 0 0]
[2914376610839730232276838062622633659840366770810779667774717264217477403408209447365195424558871326401409185074407376336357400988894076961661879767046842047073071571125445996327907133832406693271481 0 0 0 0 0 0 0 0 0 0 0 0 0 0 0 0 0 0 0 0 0 0 0 0 0 0 0 0 0 0 0 0 0 0 0 0 0 0 0 0 0 0 0 0 0 0 0 1 0 0 0 0 0 0 0 0 0 0 0 0 0 0 0 0 0]
[653808778768151358503866897790823931353412546102324009922600185898798313927492689689840855739739222322194764086562079391496773215645416514040663169303002348161103907553511234340074707326855719613676 0 0 0 0 0 0 0 0 0 0 0 0 0 0 0 0 0 0 0 0 0 0 0 0 0 0 0 0 0 0 0 0 0 0 0 0 0 0 0 0 0 0 0 0 0 0 0 0 1 0 0 0 0 0 0 0 0 0 0 0 0 0 0 0 0]
[3726162814537427080214988624119589425587898290144338790599189269420160600385954306007719383117621870321637680235054016084953799056347641880316280324646473316554518753309224599829539138111746950463681 0 0 0 0 0 0 0 0 0 0 0 0 0 0 0 0 0 0 0 0 0 0 0 0 0 0 0 0 0 0 0 0 0 0 0 0 0 0 0 0 0 0 0 0 0 0 0 0 0 1 0 0 0 0 0 0 0 0 0 0 0 0 0 0 0]
[1048561885981673467933762653616479093543628640511887710518419491147100544918941322589761121443051624942997072637860438540729557477578190403959529978259434182787644719278293169077757109062056046970616 0 0 0 0 0 0 0 0 0 0 0 0 0 0 0 0 0 0 0 0 0 0 0 0 0 0 0 0 0 0 0 0 0 0 0 0 0 0 0 0 0 0 0 0 0 0 0 0 0 0 1 0 0 0 0 0 0 0 0 0 0 0 0 0 0]
[713045986536999810953242399210226074861836833173417808352776355979973518210994163572593388145667710602979696813768951004255314853925597138015358301594672896644274172467312139012911000667996034326178 0 0 0 0 0 0 0 0 0 0 0 0 0 0 0 0 0 0 0 0 0 0 0 0 0 0 0 0 0 0 0 0 0 0 0 0 0 0 0 0 0 0 0 0 0 0 0 0 0 0 0 1 0 0 0 0 0 0 0 0 0 0 0 0 0]
[1083526826820236892756150874257186649126699635234934440242967413528992634525287704456134705011343890824992846315706011582967886094858398774156292148609617645220227667987091547224260111644477973513300 0 0 0 0 0 0 0 0 0 0 0 0 0 0 0 0 0 0 0 0 0 0 0 0 0 0 0 0 0 0 0 0 0 0 0 0 0 0 0 0 0 0 0 0 0 0 0 0 0 0 0 0 1 0 0 0 0 0 0 0 0 0 0 0 0]
[688961101243801550594007869336673338170417719445582984942576380766643854901536822281336896355866189420495341619423379992113604400970741271138617010469021369064275909461316893630344050686577630958525 0 0 0 0 0 0 0 0 0 0 0 0 0 0 0 0 0 0 0 0 0 0 0 0 0 0 0 0 0 0 0 0 0 0 0 0 0 0 0 0 0 0 0 0 0 0 0 0 0 0 0 0 0 1 0 0 0 0 0 0 0 0 0 0 0]
[1681408429057645221100878914618044117622119662744586425398941573290329754186940162785696646751624140474570025383027230518037335280935439372341861791704895466045106223738803259075566896325446963975709 0 0 0 0 0 0 0 0 0 0 0 0 0 0 0 0 0 0 0 0 0 0 0 0 0 0 0 0 0 0 0 0 0 0 0 0 0 0 0 0 0 0 0 0 0 0 0 0 0 0 0 0 0 0 1 0 0 0 0 0 0 0 0 0 0]
[2105182917518706356321679239684902298375657796016977272428501460069834665405939611082584609825137770409442512393466253281435089030619262326478890382206280879195670294476447587346801749772761278737073 0 0 0 0 0 0 0 0 0 0 0 0 0 0 0 0 0 0 0 0 0 0 0 0 0 0 0 0 0 0 0 0 0 0 0 0 0 0 0 0 0 0 0 0 0 0 0 0 0 0 0 0 0 0 0 1 0 0 0 0 0 0 0 0 0]
[4220324909377136218166482494979689593554358178189855747103062814707523652141096221219098356079612571243360095789521182026481280990820349958988789912500960401109188665593521808289008453640835517967733 0 0 0 0 0 0 0 0 0 0 0 0 0 0 0 0 0 0 0 0 0 0 0 0 0 0 0 0 0 0 0 0 0 0 0 0 0 0 0 0 0 0 0 0 0 0 0 0 0 0 0 0 0 0 0 0 1 0 0 0 0 0 0 0 0]
[4259956584318809872560089087897063637578031799403348741183218983656623072059723005758420406626460128537690698023934891713750504073923259888064684802607946916453088915549737854373155634370655912121658 0 0 0 0 0 0 0 0 0 0 0 0 0 0 0 0 0 0 0 0 0 0 0 0 0 0 0 0 0 0 0 0 0 0 0 0 0 0 0 0 0 0 0 0 0 0 0 0 0 0 0 0 0 0 0 0 0 1 0 0 0 0 0 0 0]
[4257926188745748732378818250715623554174241782358803927148660127028611141093062353978146476473809344694254070864969874033658458896514191806946654781084511167614557668041290060661362452252008979473827 0 0 0 0 0 0 0 0 0 0 0 0 0 0 0 0 0 0 0 0 0 0 0 0 0 0 0 0 0 0 0 0 0 0 0 0 0 0 0 0 0 0 0 0 0 0 0 0 0 0 0 0 0 0 0 0 0 0 1 0 0 0 0 0 0]
[1180324004036762916621596419270101773689306565466252569729557396072018100125544313928904108648204154275591830428973844625123049511019915227613360820186264365054263034472045884332638044481522752342906 0 0 0 0 0 0 0 0 0 0 0 0 0 0 0 0 0 0 0 0 0 0 0 0 0 0 0 0 0 0 0 0 0 0 0 0 0 0 0 0 0 0 0 0 0 0 0 0 0 0 0 0 0 0 0 0 0 0 0 1 0 0 0 0 0]
[595348267800088251650582953372864401337491466186782508885109148145984529089534640707157421796486557021058028305184715513361080492141731475459786348753049943398742776081950280855529906734961215645260 0 0 0 0 0 0 0 0 0 0 0 0 0 0 0 0 0 0 0 0 0 0 0 0 0 0 0 0 0 0 0 0 0 0 0 0 0 0 0 0 0 0 0 0 0 0 0 0 0 0 0 0 0 0 0 0 0 0 0 0 1 0 0 0 0]
[1906474312429630007971738426431932828207360271777423175883511637155718234749107472361845489457440841471627037553399494951876430264614276561243757809512654230359377851501875766573070889760076353956457 0 0 0 0 0 0 0 0 0 0 0 0 0 0 0 0 0 0 0 0 0 0 0 0 0 0 0 0 0 0 0 0 0 0 0 0 0 0 0 0 0 0 0 0 0 0 0 0 0 0 0 0 0 0 0 0 0 0 0 0 0 1 0 0 0]
[23088427166940593976966765094786982295499902785529678144258971385616318582528353965634905659151227856958213080783616983588169921689992545306375156008749391777555394424226463342683962423999816144498 0 0 0 0 0 0 0 0 0 0 0 0 0 0 0 0 0 0 0 0 0 0 0 0 0 0 0 0 0 0 0 0 0 0 0 0 0 0 0 0 0 0 0 0 0 0 0 0 0 0 0 0 0 0 0 0 0 0 0 0 0 0 1 0 0]
[2716957685843350261927022376732579181200120218107756404744470030345441111338596412646350237163955232054299670727789702762897174606733969663695899966322640210354779802088349082181123319853621262538594 0 0 0 0 0 0 0 0 0 0 0 0 0 0 0 0 0 0 0 0 0 0 0 0 0 0 0 0 0 0 0 0 0 0 0 0 0 0 0 0 0 0 0 0 0 0 0 0 0 0 0 0 0 0 0 0 0 0 0 0 0 0 0 1 0]
[2105078057039938900725845021913248225308908887146250617472779162086383226471602869148686867468232626596483266537281074881158719381227687276963003607957391060642486432638979906976744634381423553232873 0 0 0 0 0 0 0 0 0 0 0 0 0 0 0 0 0 0 0 0 0 0 0 0 0 0 0 0 0 0 0 0 0 0 0 0 0 0 0 0 0 0 0 0 0 0 0 0 0 0 0 0 0 0 0 0 0 0 0 0 0 0 0 0 1]
]
