[[7961264309016673450513518854605595465289065787927505207874057375411726524144298962604217417089635401989294264373899970375045969382631360691061864573479754401877190998848288108860391487066266054140856616895448100185355558379418256947372840236168451832718357648155501 0 0 0 0 0 0 0 0 0 0 0 0 0 0 0 0 0 0 0 0 0 0 0 0 0 0 0 0 0 0 0 0 0 0 0 0 0 0 0 0 0 0 0 0 0 0 0 0 0 0 0 0 0 0 0 0 0 0 0 0 0 0 0 0 0 0 0 0 0 0 0 0 0 0 0 0 0 0 0 0 0 0 0 0 0 0 0]
[7785234240590671859427963285602907524736448947932282254172789157018473879699121678676564525828926834443398757172452122205041753184949694386239990094306532973461671199478655756914911921454746696743890098701947924484567617243685952460044049866873831334880969625963016 1 0 0 0 0 0 0 0 0 0 0 0 0 0 0 0 0 0 0 0 0 0 0 0 0 0 0 0 0 0 0 0 0 0 0 0 0 0 0 0 0 0 0 0 0 0 0 0 0 0 0 0 0 0 0 0 0 0 0 0 0 0 0 0 0 0 0 0 0 0 0 0 0 0 0 0 0 0 0 0 0 0 0 0 0 0 0]
[4806711887010863734687754895123266851471807877613857659307972744340315608810577920885186420320878421365332659231737534687883333716213060995760329053133179900105818526069519677655236299669363473832463504817252987028107998417265761933626046800017694748235751223267972 0 1 0 0 0 0 0 0 0 0 0 0 0 0 0 0 0 0 0 0 0 0 0 0 0 0 0 0 0 0 0 0 0 0 0 0 0 0 0 0 0 0 0 0 0 0 0 0 0 0 0 0 0 0 0 0 0 0 0 0 0 0 0 0 0 0 0 0 0 0 0 0 0 0 0 0 0 0 0 0 0 0 0 0 0 0 0]
[3553809063873452313416231345312768951250132616401793708672621121875418301757458722174994454645502820981884832367847147746410830761331392401540293552390873796984918087213382630436586241990872633072446801188878775308413774544653247661695876008245310071529630196809407 0 0 1 0 0 0 0 0 0 0 0 0 0 0 0 0 0 0 0 0 0 0 0 0 0 0 0 0 0 0 0 0 0 0 0 0 0 0 0 0 0 0 0 0 0 0 0 0 0 0 0 0 0 0 0 0 0 0 0 0 0 0 0 0 0 0 0 0 0 0 0 0 0 0 0 0 0 0 0 0 0 0 0 0 0 0 0]
[3781058006829339006980807886146533948146149877687965200967105242371401544057857797855673975293346840380495807127106810465950764634832038468332723507144475689017104459161959028221071522668094198487444617437819548232105218310702634393093696956698643515215539555944944 0 0 0 1 0 0 0 0 0 0 0 0 0 0 0 0 0 0 0 0 0 0 0 0 0 0 0 0 0 0 0 0 0 0 0 0 0 0 0 0 0 0 0 0 0 0 0 0 0 0 0 0 0 0 0 0 0 0 0 0 0 0 0 0 0 0 0 0 0 0 0 0 0 0 0 0 0 0 0 0 0 0 0 0 0 0 0]
[2785669816700603935319488658943527541712643330996046281618146232776054258839915842823227514495174368104120615475339740790126918321804399820412364202997178278518586433758073865747200934586078799525069012867469213395798763563703173264003707891125451256500527060446059 0 0 0 0 1 0 0 0 0 0 0 0 0 0 0 0 0 0 0 0 0 0 0 0 0 0 0 0 0 0 0 0 0 0 0 0 0 0 0 0 0 0 0 0 0 0 0 0 0 0 0 0 0 0 0 0 0 0 0 0 0 0 0 0 0 0 0 0 0 0 0 0 0 0 0 0 0 0 0 0 0 0 0 0 0 0 0]
[6733196948372658815863264838819220060392091880354473928076815037041424408871803271927401600197326567326185250319401710992576895948845086541429817422152748901388096522247902737109349920829916785879282140725114970951192271729412955067999205985544258133070302602947482 0 0 0 0 0 1 0 0 0 0 0 0 0 0 0 0 0 0 0 0 0 0 0 0 0 0 0 0 0 0 0 0 0 0 0 0 0 0 0 0 0 0 0 0 0 0 0 0 0 0 0 0 0 0 0 0 0 0 0 0 0 0 0 0 0 0 0 0 0 0 0 0 0 0 0 0 0 0 0 0 0 0 0 0 0 0 0]
[452368383699840951891828358742136701257000864525776043186576926973571935543288394011928151887464273207186663706818732527949449034284025335566938639904863733774366213946335993003310683978727488984337731849910678266819017638664634267021025345894650498025951483029724 0 0 0 0 0 0 1 0 0 0 0 0 0 0 0 0 0 0 0 0 0 0 0 0 0 0 0 0 0 0 0 0 0 0 0 0 0 0 0 0 0 0 0 0 0 0 0 0 0 0 0 0 0 0 0 0 0 0 0 0 0 0 0 0 0 0 0 0 0 0 0 0 0 0 0 0 0 0 0 0 0 0 0 0 0 0 0]
[3347431662594022388271814346570515455060720818648677811531617428282742663408955025823070909168595650701620630461104498896733489808562480900731032155483347593042589835712192396607682570985521599949982848816509878335561611427452581535886975973295719809132154753420377 0 0 0 0 0 0 0 1 0 0 0 0 0 0 0 0 0 0 0 0 0 0 0 0 0 0 0 0 0 0 0 0 0 0 0 0 0 0 0 0 0 0 0 0 0 0 0 0 0 0 0 0 0 0 0 0 0 0 0 0 0 0 0 0 0 0 0 0 0 0 0 0 0 0 0 0 0 0 0 0 0 0 0 0 0 0 0]
[4355213507645347753701817158959609707315412427080429962642972686961939610240934181910265070716310340341280737890647976512182044747535252135341535869506709720918305069209435640279089563938143069436878426402226959811146850128003733428598989195046510692388972670335574 0 0 0 0 0 0 0 0 1 0 0 0 0 0 0 0 0 0 0 0 0 0 0 0 0 0 0 0 0 0 0 0 0 0 0 0 0 0 0 0 0 0 0 0 0 0 0 0 0 0 0 0 0 0 0 0 0 0 0 0 0 0 0 0 0 0 0 0 0 0 0 0 0 0 0 0 0 0 0 0 0 0 0 0 0 0 0]
[766913159379434723078513081231842173482475514916153997922903385055563903805990317384891151151061684453425660309740029997277648116462051279469739970374954628257191419331692847366044173422132500427481190680256921047545697363129458368872716324462546153978985391677754 0 0 0 0 0 0 0 0 0 1 0 0 0 0 0 0 0 0 0 0 0 0 0 0 0 0 0 0 0 0 0 0 0 0 0 0 0 0 0 0 0 0 0 0 0 0 0 0 0 0 0 0 0 0 0 0 0 0 0 0 0 0 0 0 0 0 0 0 0 0 0 0 0 0 0 0 0 0 0 0 0 0 0 0 0 0 0]
[265394365072985229418539468663523063752133197582643309369377087077893887018833849853362899769185053185397591648068187473556297367658897130133474829011471598059817462335656057687373085638589529897321175074516410605795824182776918335121236453465001429052611209631368 0 0 0 0 0 0 0 0 0 0 1 0 0 0 0 0 0 0 0 0 0 0 0 0 0 0 0 0 0 0 0 0 0 0 0 0 0 0 0 0 0 0 0 0 0 0 0 0 0 0 0 0 0 0 0 0 0 0 0 0 0 0 0 0 0 0 0 0 0 0 0 0 0 0 0 0 0 0 0 0 0 0 0 0 0 0 0]
[2493648394139414358344725425929929507756987077567384957835835496122616361218747243091711182919396057439301336774140294727125672665166367101733044151854472609476779860070520403585887141974628537284310152592856221469453938301260244938024848827595809893321182324348213 0 0 0 0 0 0 0 0 0 0 0 1 0 0 0 0 0 0 0 0 0 0 0 0 0 0 0 0 0 0 0 0 0 0 0 0 0 0 0 0 0 0 0 0 0 0 0 0 0 0 0 0 0 0 0 0 0 0 0 0 0 0 0 0 0 0 0 0 0 0 0 0 0 0 0 0 0 0 0 0 0 0 0 0 0 0 0]
[4575333325423241985405118406897314541451777043400748105245210268581768188765697815185540192872306012303179063692775268346316599717081991883830314580964890785340481127259626127150336367667448014928400527600712415655913516813882522411757631759158620139252748248748394 0 0 0 0 0 0 0 0 0 0 0 0 1 0 0 0 0 0 0 0 0 0 0 0 0 0 0 0 0 0 0 0 0 0 0 0 0 0 0 0 0 0 0 0 0 0 0 0 0 0 0 0 0 0 0 0 0 0 0 0 0 0 0 0 0 0 0 0 0 0 0 0 0 0 0 0 0 0 0 0 0 0 0 0 0 0 0]
[5998311933590939730222674614930637218038045933223313755513103349750798235338302788754210121581711079723838065002105910397329608710043143554482508780393433818574239704524410457941988293396479651998698557930960742259179548916999817248971530306578860628299120635132402 0 0 0 0 0 0 0 0 0 0 0 0 0 1 0 0 0 0 0 0 0 0 0 0 0 0 0 0 0 0 0 0 0 0 0 0 0 0 0 0 0 0 0 0 0 0 0 0 0 0 0 0 0 0 0 0 0 0 0 0 0 0 0 0 0 0 0 0 0 0 0 0 0 0 0 0 0 0 0 0 0 0 0 0 0 0 0]
[5366933577645213304013081952798047260225143857182494971508868216373230753127807572591412704870815215546498866633547296286074169166567830211286633049563108780392951715789032896600867715661195854207945708780934506214705171714041742944782802536772632488680797971150934 0 0 0 0 0 0 0 0 0 0 0 0 0 0 1 0 0 0 0 0 0 0 0 0 0 0 0 0 0 0 0 0 0 0 0 0 0 0 0 0 0 0 0 0 0 0 0 0 0 0 0 0 0 0 0 0 0 0 0 0 0 0 0 0 0 0 0 0 0 0 0 0 0 0 0 0 0 0 0 0 0 0 0 0 0 0 0]
[4762513103490863670953802934789065014802782317177335950708488670899114937036951738173504484850653634729957994019059422673935068575733684341584884299233565881594436305339161438180732630132628862275774244872890737914086719900178700381723683937418474716784225329106906 0 0 0 0 0 0 0 0 0 0 0 0 0 0 0 1 0 0 0 0 0 0 0 0 0 0 0 0 0 0 0 0 0 0 0 0 0 0 0 0 0 0 0 0 0 0 0 0 0 0 0 0 0 0 0 0 0 0 0 0 0 0 0 0 0 0 0 0 0 0 0 0 0 0 0 0 0 0 0 0 0 0 0 0 0 0 0]
[7305464404829307898826310472694839319291872891948805501061917220852941157370236583812087387761274092285364475055854450723516950281558143684587401561917223375285776847639004629200657098469497633490728117167460616192128325313394687607618356365980534004935489424996053 0 0 0 0 0 0 0 0 0 0 0 0 0 0 0 0 1 0 0 0 0 0 0 0 0 0 0 0 0 0 0 0 0 0 0 0 0 0 0 0 0 0 0 0 0 0 0 0 0 0 0 0 0 0 0 0 0 0 0 0 0 0 0 0 0 0 0 0 0 0 0 0 0 0 0 0 0 0 0 0 0 0 0 0 0 0 0]
[5485276517283157297194636455520444894681138430589821734050224027409578926264398781626251565991932877245367279229824374060005808362631700730157811478219842081805369393459381132723760828444982716177575552036138056391762858183635860847924885263986624217086068137543062 0 0 0 0 0 0 0 0 0 0 0 0 0 0 0 0 0 1 0 0 0 0 0 0 0 0 0 0 0 0 0 0 0 0 0 0 0 0 0 0 0 0 0 0 0 0 0 0 0 0 0 0 0 0 0 0 0 0 0 0 0 0 0 0 0 0 0 0 0 0 0 0 0 0 0 0 0 0 0 0 0 0 0 0 0 0 0]
[69427952570632854705707848195314223510397662095407148306707442181218593432956676816850510831247808806453386667426412354451722062481964197852654304326275442615337347032839631913313489779291957188736045141941015635256154316760782075798709489992408918430472626584505 0 0 0 0 0 0 0 0 0 0 0 0 0 0 0 0 0 0 1 0 0 0 0 0 0 0 0 0 0 0 0 0 0 0 0 0 0 0 0 0 0 0 0 0 0 0 0 0 0 0 0 0 0 0 0 0 0 0 0 0 0 0 0 0 0 0 0 0 0 0 0 0 0 0 0 0 0 0 0 0 0 0 0 0 0 0 0]
[4912174470861385826058409905149308745811647251518554776206648971447318818433482258203960680930160832808707038964957453340310514861237666638724824280991117728889379563791039946403844483951440341596467355269872140308559564763496668896914695513964210463738667461555000 0 0 0 0 0 0 0 0 0 0 0 0 0 0 0 0 0 0 0 1 0 0 0 0 0 0 0 0 0 0 0 0 0 0 0 0 0 0 0 0 0 0 0 0 0 0 0 0 0 0 0 0 0 0 0 0 0 0 0 0 0 0 0 0 0 0 0 0 0 0 0 0 0 0 0 0 0 0 0 0 0 0 0 0 0 0 0]
[1824220633045766153570509465575032655045121621478639226689587167629925169699697572974681852773536209351451621540257921541466328469274506983416879655262478853830531404810334903645957740532819604159822551906528045043349756301724478233782477943582676725262363839527154 0 0 0 0 0 0 0 0 0 0 0 0 0 0 0 0 0 0 0 0 1 0 0 0 0 0 0 0 0 0 0 0 0 0 0 0 0 0 0 0 0 0 0 0 0 0 0 0 0 0 0 0 0 0 0 0 0 0 0 0 0 0 0 0 0 0 0 0 0 0 0 0 0 0 0 0 0 0 0 0 0 0 0 0 0 0 0]
[5473356860207475649648269090614382527381121072787750486625776258013391607851863491051521888494564690879111084361638830375447450206110157212332724380311640085748008677822768043724564812825277716572420700085672587213740520745778315042792199245976849296770839887343444 0 0 0 0 0 0 0 0 0 0 0 0 0 0 0 0 0 0 0 0 0 1 0 0 0 0 0 0 0 0 0 0 0 0 0 0 0 0 0 0 0 0 0 0 0 0 0 0 0 0 0 0 0 0 0 0 0 0 0 0 0 0 0 0 0 0 0 0 0 0 0 0 0 0 0 0 0 0 0 0 0 0 0 0 0 0 0]
[621722167550724419417883978636438011441710854435895237101818575860521775920222037639133314076114891112633247313960918496101128975596280782511527655726915461434087625761756900091921691805988998496461317158165419825932849661860799071375036952139527031254083452166468 0 0 0 0 0 0 0 0 0 0 0 0 0 0 0 0 0 0 0 0 0 0 1 0 0 0 0 0 0 0 0 0 0 0 0 0 0 0 0 0 0 0 0 0 0 0 0 0 0 0 0 0 0 0 0 0 0 0 0 0 0 0 0 0 0 0 0 0 0 0 0 0 0 0 0 0 0 0 0 0 0 0 0 0 0 0 0]
[7131602967988101300121250239709438343765219426786086394965975411956654832977710749728158454435522560597046361989139458011927607246194766469469046520964463248604083296718894509336177332471767342622520840011066226282599378199690551262655141548816759751404123521457559 0 0 0 0 0 0 0 0 0 0 0 0 0 0 0 0 0 0 0 0 0 0 0 1 0 0 0 0 0 0 0 0 0 0 0 0 0 0 0 0 0 0 0 0 0 0 0 0 0 0 0 0 0 0 0 0 0 0 0 0 0 0 0 0 0 0 0 0 0 0 0 0 0 0 0 0 0 0 0 0 0 0 0 0 0 0 0]
[2506792980810646774740257308225171131910319876536230508938557157218776103300961144623459486685487533664775087881979393845532257103520339375121087807390477950279056664124328402278935786163650674469587470206227933367813914759282379708409758066629988284004023553181260 0 0 0 0 0 0 0 0 0 0 0 0 0 0 0 0 0 0 0 0 0 0 0 0 1 0 0 0 0 0 0 0 0 0 0 0 0 0 0 0 0 0 0 0 0 0 0 0 0 0 0 0 0 0 0 0 0 0 0 0 0 0 0 0 0 0 0 0 0 0 0 0 0 0 0 0 0 0 0 0 0 0 0 0 0 0 0]
[4923208622449861721484666967625572948566442475973451405672143548989493088814198474533623213133291881167786575339972797437866318072476865864051256472476417739232320976560668413210250635721035839428662029964254226451780245233581902603011237385422009177885730883665198 0 0 0 0 0 0 0 0 0 0 0 0 0 0 0 0 0 0 0 0 0 0 0 0 0 1 0 0 0 0 0 0 0 0 0 0 0 0 0 0 0 0 0 0 0 0 0 0 0 0 0 0 0 0 0 0 0 0 0 0 0 0 0 0 0 0 0 0 0 0 0 0 0 0 0 0 0 0 0 0 0 0 0 0 0 0 0]
[4224261021252201804380275754798979162461467699117198056478753549342572186209220019327380922442342206686024681625539805942961221848628427862151051774423400577557709806963532760304361662658277815171179392722093044218385707545416367017607824701714027997156494156334721 0 0 0 0 0 0 0 0 0 0 0 0 0 0 0 0 0 0 0 0 0 0 0 0 0 0 1 0 0 0 0 0 0 0 0 0 0 0 0 0 0 0 0 0 0 0 0 0 0 0 0 0 0 0 0 0 0 0 0 0 0 0 0 0 0 0 0 0 0 0 0 0 0 0 0 0 0 0 0 0 0 0 0 0 0 0 0]
[6555007220418482016911965624326045188832277444250912741687813801841882995815006938194735296032633115058010069081589176603899855414251722104690686492734882173208577858015337561350465851062849860100806803432892684546407351044040302951169965358466828156271615923483911 0 0 0 0 0 0 0 0 0 0 0 0 0 0 0 0 0 0 0 0 0 0 0 0 0 0 0 1 0 0 0 0 0 0 0 0 0 0 0 0 0 0 0 0 0 0 0 0 0 0 0 0 0 0 0 0 0 0 0 0 0 0 0 0 0 0 0 0 0 0 0 0 0 0 0 0 0 0 0 0 0 0 0 0 0 0 0]
[7411428998220833810884127590188446765606007703086354729023418744796035584902867029536485027412195240466407121873736913794692939426418230820324193238789512140239822047028824968174163492497720857356523215945787399644774715763096093000773497513910577308516967628283695 0 0 0 0 0 0 0 0 0 0 0 0 0 0 0 0 0 0 0 0 0 0 0 0 0 0 0 0 1 0 0 0 0 0 0 0 0 0 0 0 0 0 0 0 0 0 0 0 0 0 0 0 0 0 0 0 0 0 0 0 0 0 0 0 0 0 0 0 0 0 0 0 0 0 0 0 0 0 0 0 0 0 0 0 0 0 0]
[734642577917592059596823602251257166458110037817422022899116475891478849904216268789456852526279675652081875473154587331336673502561582478423569939296087878860139666209268777463985501888665141283598288465648967389197328518227222523149208482053475059141320915970580 0 0 0 0 0 0 0 0 0 0 0 0 0 0 0 0 0 0 0 0 0 0 0 0 0 0 0 0 0 1 0 0 0 0 0 0 0 0 0 0 0 0 0 0 0 0 0 0 0 0 0 0 0 0 0 0 0 0 0 0 0 0 0 0 0 0 0 0 0 0 0 0 0 0 0 0 0 0 0 0 0 0 0 0 0 0 0]
[4956163413361967036660891502107108777385741881567227218016963788219239739697686721733690040146375373986881861084739124879144919684324611873972665728445690831289731493958799091145935747653363488582799427985590759144342704937726708480267975659132582392817385145793509 0 0 0 0 0 0 0 0 0 0 0 0 0 0 0 0 0 0 0 0 0 0 0 0 0 0 0 0 0 0 1 0 0 0 0 0 0 0 0 0 0 0 0 0 0 0 0 0 0 0 0 0 0 0 0 0 0 0 0 0 0 0 0 0 0 0 0 0 0 0 0 0 0 0 0 0 0 0 0 0 0 0 0 0 0 0 0]
[1560344720709552285466636977062036728959879553423603638079903352654111500769899561160973489111903197032415705295275845969075146186285685084124338009744782664867763386897424310744797337044514751604054965215250792731824253861097035044317847146291039945259543102243646 0 0 0 0 0 0 0 0 0 0 0 0 0 0 0 0 0 0 0 0 0 0 0 0 0 0 0 0 0 0 0 1 0 0 0 0 0 0 0 0 0 0 0 0 0 0 0 0 0 0 0 0 0 0 0 0 0 0 0 0 0 0 0 0 0 0 0 0 0 0 0 0 0 0 0 0 0 0 0 0 0 0 0 0 0 0 0]
[2971428426734219000946619681978553507893446485050318587595267569255365589596979407858245409106602859591976408348477512141764820322461057697711231341839921330797812092640019911963068669230376480099831298918753414120416876353066027359707584119471179718827895599708842 0 0 0 0 0 0 0 0 0 0 0 0 0 0 0 0 0 0 0 0 0 0 0 0 0 0 0 0 0 0 0 0 1 0 0 0 0 0 0 0 0 0 0 0 0 0 0 0 0 0 0 0 0 0 0 0 0 0 0 0 0 0 0 0 0 0 0 0 0 0 0 0 0 0 0 0 0 0 0 0 0 0 0 0 0 0 0]
[450643379089461422847034517277897562134391587720736166548330558233914890977102250210027666720940776716724004223688481530801571383164446297268307645824332879861219675729375821438227523348749998358712844974293850679238347064028323337646651727733633855296059005439362 0 0 0 0 0 0 0 0 0 0 0 0 0 0 0 0 0 0 0 0 0 0 0 0 0 0 0 0 0 0 0 0 0 1 0 0 0 0 0 0 0 0 0 0 0 0 0 0 0 0 0 0 0 0 0 0 0 0 0 0 0 0 0 0 0 0 0 0 0 0 0 0 0 0 0 0 0 0 0 0 0 0 0 0 0 0 0]
[5534443230276715820089587073244511008697076353685960109042234586254951199435331097776101100932940826097002422154467041644705185944715301685879169442920915924144637374561242983686613045599836132276597429331333510981619527396776898224310938949316147808616642750767358 0 0 0 0 0 0 0 0 0 0 0 0 0 0 0 0 0 0 0 0 0 0 0 0 0 0 0 0 0 0 0 0 0 0 1 0 0 0 0 0 0 0 0 0 0 0 0 0 0 0 0 0 0 0 0 0 0 0 0 0 0 0 0 0 0 0 0 0 0 0 0 0 0 0 0 0 0 0 0 0 0 0 0 0 0 0 0]
[7846426863789095555024734983256118195443538911993329590124646487369989061325089407624017828222740895257795189442210862940036644386324228948023126606826921594179541947630899373919693177952641369529315876414189710470203577457869182733833312773880726117070097777599687 0 0 0 0 0 0 0 0 0 0 0 0 0 0 0 0 0 0 0 0 0 0 0 0 0 0 0 0 0 0 0 0 0 0 0 1 0 0 0 0 0 0 0 0 0 0 0 0 0 0 0 0 0 0 0 0 0 0 0 0 0 0 0 0 0 0 0 0 0 0 0 0 0 0 0 0 0 0 0 0 0 0 0 0 0 0 0]
[137301185914006628822123116041042071551417393916396003517285044518134387389310226704755460741323776609564748055035683997465329748950888593025865533947912900908507465744945879987777938306261418159058524328795104836858141449519075893529738849857597337859773059607646 0 0 0 0 0 0 0 0 0 0 0 0 0 0 0 0 0 0 0 0 0 0 0 0 0 0 0 0 0 0 0 0 0 0 0 0 1 0 0 0 0 0 0 0 0 0 0 0 0 0 0 0 0 0 0 0 0 0 0 0 0 0 0 0 0 0 0 0 0 0 0 0 0 0 0 0 0 0 0 0 0 0 0 0 0 0 0]
[346671069290303114653860805829967831629543252950556392587133100026939289461314366898649662156294965508380805646106380872497409219221107699619131352654975127413019058809537814691364981986949642183234447085927453595496878248313819807479020862426536831089620304641973 0 0 0 0 0 0 0 0 0 0 0 0 0 0 0 0 0 0 0 0 0 0 0 0 0 0 0 0 0 0 0 0 0 0 0 0 0 1 0 0 0 0 0 0 0 0 0 0 0 0 0 0 0 0 0 0 0 0 0 0 0 0 0 0 0 0 0 0 0 0 0 0 0 0 0 0 0 0 0 0 0 0 0 0 0 0 0]
[4329634594867008004684103563548634865306035119379678619034204024362480349542096608165187957451067767324115467396554069775064946911907287719586157056261004571296803051261954474677962154621779676060049823940375725100398765688094934167662202681394418467531008169660150 0 0 0 0 0 0 0 0 0 0 0 0 0 0 0 0 0 0 0 0 0 0 0 0 0 0 0 0 0 0 0 0 0 0 0 0 0 0 1 0 0 0 0 0 0 0 0 0 0 0 0 0 0 0 0 0 0 0 0 0 0 0 0 0 0 0 0 0 0 0 0 0 0 0 0 0 0 0 0 0 0 0 0 0 0 0 0]
[3196873325006055923499524288925175576517169766622462087294881817194152757316144084879209723660543226373724880764582946974745039131457747493740895664544839689156802592797278319481496590987600035369344171822544485857965176008444170821438507833762858161470292784411951 0 0 0 0 0 0 0 0 0 0 0 0 0 0 0 0 0 0 0 0 0 0 0 0 0 0 0 0 0 0 0 0 0 0 0 0 0 0 0 1 0 0 0 0 0 0 0 0 0 0 0 0 0 0 0 0 0 0 0 0 0 0 0 0 0 0 0 0 0 0 0 0 0 0 0 0 0 0 0 0 0 0 0 0 0 0 0]
[7234723706556184531777862815517663356685315298681015765786004607769054637697710004568723302297391223820290340653443152906102516611528915760312280960014336542927021750999060878023438910336939563072674327499270585430238124878511710540841879702919973071482535589494839 0 0 0 0 0 0 0 0 0 0 0 0 0 0 0 0 0 0 0 0 0 0 0 0 0 0 0 0 0 0 0 0 0 0 0 0 0 0 0 0 1 0 0 0 0 0 0 0 0 0 0 0 0 0 0 0 0 0 0 0 0 0 0 0 0 0 0 0 0 0 0 0 0 0 0 0 0 0 0 0 0 0 0 0 0 0 0]
[6500193284364675029312268695277621122372910772792560971816241256434096446056978680418425153615800536742941841142940811153950740478365317008673868805454530534908220860626748046065842850697450401099406402899016244717509212223841396850179350190314185982009271946934672 0 0 0 0 0 0 0 0 0 0 0 0 0 0 0 0 0 0 0 0 0 0 0 0 0 0 0 0 0 0 0 0 0 0 0 0 0 0 0 0 0 1 0 0 0 0 0 0 0 0 0 0 0 0 0 0 0 0 0 0 0 0 0 0 0 0 0 0 0 0 0 0 0 0 0 0 0 0 0 0 0 0 0 0 0 0 0]
[6503824773616267568248017654126609174283940238391947531950263848581940890339219267776215228383859282153129981666422711043757148158342291851379986281927914151099939370072087815050240634317142285437201187179693128014467248260540359902958591773812051636493945689552118 0 0 0 0 0 0 0 0 0 0 0 0 0 0 0 0 0 0 0 0 0 0 0 0 0 0 0 0 0 0 0 0 0 0 0 0 0 0 0 0 0 0 1 0 0 0 0 0 0 0 0 0 0 0 0 0 0 0 0 0 0 0 0 0 0 0 0 0 0 0 0 0 0 0 0 0 0 0 0 0 0 0 0 0 0 0 0]
[2073785365796414899621490480789242264385425276183092134690620202843463934973150682242007440475934026752544383201491980790633789753834867137740315313626471779261703731220161208832545648088076670180263656989350884394149011875782622120945978106045871612939110241224118 0 0 0 0 0 0 0 0 0 0 0 0 0 0 0 0 0 0 0 0 0 0 0 0 0 0 0 0 0 0 0 0 0 0 0 0 0 0 0 0 0 0 0 1 0 0 0 0 0 0 0 0 0 0 0 0 0 0 0 0 0 0 0 0 0 0 0 0 0 0 0 0 0 0 0 0 0 0 0 0 0 0 0 0 0 0 0]
[2247374578026630994728069376288733107502556698210731010704844965374348881255425135978694268686338585680611776687285047873992376812315883136961936170763424526411513019122253395071998919294796033107927577800614527745665631141005954930135407530867765060927751874926325 0 0 0 0 0 0 0 0 0 0 0 0 0 0 0 0 0 0 0 0 0 0 0 0 0 0 0 0 0 0 0 0 0 0 0 0 0 0 0 0 0 0 0 0 1 0 0 0 0 0 0 0 0 0 0 0 0 0 0 0 0 0 0 0 0 0 0 0 0 0 0 0 0 0 0 0 0 0 0 0 0 0 0 0 0 0 0]
[4547248027296541678921979360609843296035968496663448781513411838043294979208054049332519992585506674142796782829355503399941019790868740020198986061138686114852768852121637492493939119192130471636027129632239155103214439219701504678341837365755328166451251549689979 0 0 0 0 0 0 0 0 0 0 0 0 0 0 0 0 0 0 0 0 0 0 0 0 0 0 0 0 0 0 0 0 0 0 0 0 0 0 0 0 0 0 0 0 0 1 0 0 0 0 0 0 0 0 0 0 0 0 0 0 0 0 0 0 0 0 0 0 0 0 0 0 0 0 0 0 0 0 0 0 0 0 0 0 0 0 0]
[3513950101143567191091971425058135206518087637064244686560227473812643413459548505528765972839347301486721442541658840920103936756400341147123851846368711632131061922619664808142514299608311150850322613373109324263577013526556172688545311802987440734667884084488965 0 0 0 0 0 0 0 0 0 0 0 0 0 0 0 0 0 0 0 0 0 0 0 0 0 0 0 0 0 0 0 0 0 0 0 0 0 0 0 0 0 0 0 0 0 0 1 0 0 0 0 0 0 0 0 0 0 0 0 0 0 0 0 0 0 0 0 0 0 0 0 0 0 0 0 0 0 0 0 0 0 0 0 0 0 0 0]
[5248422426488279448435161004712097615431072201286656354271170346022181204833705889533948559809474419769529793561880526830660543798175331637473640336722605545685633746204433945154207283767455093955815605232372953930034620786842938993189160833350945625354058316024049 0 0 0 0 0 0 0 0 0 0 0 0 0 0 0 0 0 0 0 0 0 0 0 0 0 0 0 0 0 0 0 0 0 0 0 0 0 0 0 0 0 0 0 0 0 0 0 1 0 0 0 0 0 0 0 0 0 0 0 0 0 0 0 0 0 0 0 0 0 0 0 0 0 0 0 0 0 0 0 0 0 0 0 0 0 0 0]
[2983314353882765600382418054992914299739303470158853756904431103979506113483675340635738406447305127872692749768940232935206966906215154301794190551472066571700838637702984965239361248115112267399462202007429204234396258548406669963564680646856095079283604418804429 0 0 0 0 0 0 0 0 0 0 0 0 0 0 0 0 0 0 0 0 0 0 0 0 0 0 0 0 0 0 0 0 0 0 0 0 0 0 0 0 0 0 0 0 0 0 0 0 1 0 0 0 0 0 0 0 0 0 0 0 0 0 0 0 0 0 0 0 0 0 0 0 0 0 0 0 0 0 0 0 0 0 0 0 0 0 0]
[2346939023631736532520186756621539578993810974291308931636928898653134534538782037373125728446922499934390598001189602367075888650467878771717353323111225471188112218347416649677488935445033360422462525849514259669754763270173627834077558636851462834256018616056090 0 0 0 0 0 0 0 0 0 0 0 0 0 0 0 0 0 0 0 0 0 0 0 0 0 0 0 0 0 0 0 0 0 0 0 0 0 0 0 0 0 0 0 0 0 0 0 0 0 1 0 0 0 0 0 0 0 0 0 0 0 0 0 0 0 0 0 0 0 0 0 0 0 0 0 0 0 0 0 0 0 0 0 0 0 0 0]
[4898493769140336075804090488508699237630602201206395645542988770294172191265122452599805936017928013592340246710210090051885731422018567141708929336679233338549841503134400562755610032591262075700793981951711063106003169033414691320323196251218105692911140010417411 0 0 0 0 0 0 0 0 0 0 0 0 0 0 0 0 0 0 0 0 0 0 0 0 0 0 0 0 0 0 0 0 0 0 0 0 0 0 0 0 0 0 0 0 0 0 0 0 0 0 1 0 0 0 0 0 0 0 0 0 0 0 0 0 0 0 0 0 0 0 0 0 0 0 0 0 0 0 0 0 0 0 0 0 0 0 0]
[6660965568694442408614390919342464785948101383412283132701116540697716629231964961097973147528528072074646040568042771430984019844185875395471677661452486199051418974149862587340100693409957628611102967686241427849006413136219064081324907745429977327558059268740543 0 0 0 0 0 0 0 0 0 0 0 0 0 0 0 0 0 0 0 0 0 0 0 0 0 0 0 0 0 0 0 0 0 0 0 0 0 0 0 0 0 0 0 0 0 0 0 0 0 0 0 1 0 0 0 0 0 0 0 0 0 0 0 0 0 0 0 0 0 0 0 0 0 0 0 0 0 0 0 0 0 0 0 0 0 0 0]
[1818534844097115332151204955220655175620943875488560178263064737863445578322716338797970867657983707252365088256779551908584133140560297592472036832707980527533660675119626835620702041449467326465306369758518481129879256639243979469002734188387181054483365640928820 0 0 0 0 0 0 0 0 0 0 0 0 0 0 0 0 0 0 0 0 0 0 0 0 0 0 0 0 0 0 0 0 0 0 0 0 0 0 0 0 0 0 0 0 0 0 0 0 0 0 0 0 1 0 0 0 0 0 0 0 0 0 0 0 0 0 0 0 0 0 0 0 0 0 0 0 0 0 0 0 0 0 0 0 0 0 0]
[2078390889386255436160506172875729645726941745455937012068660292770997850004766098383048984585824390234878645718470412289389808030645314118312281712135998359575812252893651490388673763908224474856542316312216603170939134412322737642902507729703824770575283536210672 0 0 0 0 0 0 0 0 0 0 0 0 0 0 0 0 0 0 0 0 0 0 0 0 0 0 0 0 0 0 0 0 0 0 0 0 0 0 0 0 0 0 0 0 0 0 0 0 0 0 0 0 0 1 0 0 0 0 0 0 0 0 0 0 0 0 0 0 0 0 0 0 0 0 0 0 0 0 0 0 0 0 0 0 0 0 0]
[3648086881792977336812956223668174554043224204440140644865149284953203069347625478635499705197030586915177498484765221953507694306009571618442738617693388581191918448398227433951683779087883734351553918561155239860213925004626856868410091362508162081971728301879495 0 0 0 0 0 0 0 0 0 0 0 0 0 0 0 0 0 0 0 0 0 0 0 0 0 0 0 0 0 0 0 0 0 0 0 0 0 0 0 0 0 0 0 0 0 0 0 0 0 0 0 0 0 0 1 0 0 0 0 0 0 0 0 0 0 0 0 0 0 0 0 0 0 0 0 0 0 0 0 0 0 0 0 0 0 0 0]
[5696198239299038303310546333498582446824956640963444477989881346246084895389641453384125968900664185225690392085193936667140282829045109127359979038822272456763965891847518586691254742760624017461864207564941625201609927003008926471217510339128632090464125897454851 0 0 0 0 0 0 0 0 0 0 0 0 0 0 0 0 0 0 0 0 0 0 0 0 0 0 0 0 0 0 0 0 0 0 0 0 0 0 0 0 0 0 0 0 0 0 0 0 0 0 0 0 0 0 0 1 0 0 0 0 0 0 0 0 0 0 0 0 0 0 0 0 0 0 0 0 0 0 0 0 0 0 0 0 0 0 0]
[149509064087085549358895936257090003809496293663303765487037605667749635550518251237315091343538564851782222890762752007638248306021548425113075423656487748853470883948357959515130144411653233292734900519345540864279212913731326259742889083356832061930514926504671 0 0 0 0 0 0 0 0 0 0 0 0 0 0 0 0 0 0 0 0 0 0 0 0 0 0 0 0 0 0 0 0 0 0 0 0 0 0 0 0 0 0 0 0 0 0 0 0 0 0 0 0 0 0 0 0 1 0 0 0 0 0 0 0 0 0 0 0 0 0 0 0 0 0 0 0 0 0 0 0 0 0 0 0 0 0 0]
[1744752170180137421349625916518064069894153728477327167267956622686625046743571737440037555299866906950776051342708800004129585240832983683412140090346145594064853033148790121815201101508577148597294882592756616339106008154352356649889815770556656143264762432682547 0 0 0 0 0 0 0 0 0 0 0 0 0 0 0 0 0 0 0 0 0 0 0 0 0 0 0 0 0 0 0 0 0 0 0 0 0 0 0 0 0 0 0 0 0 0 0 0 0 0 0 0 0 0 0 0 0 1 0 0 0 0 0 0 0 0 0 0 0 0 0 0 0 0 0 0 0 0 0 0 0 0 0 0 0 0 0]
[3866656088684042885577912299716982422804259366025631204607134542308762740510170638371181868031149770075455319344843128315371153669743274110596683865862964450462230928280042377946380707226160010289553879594288036564046406805215976060327563151784486094585168954185848 0 0 0 0 0 0 0 0 0 0 0 0 0 0 0 0 0 0 0 0 0 0 0 0 0 0 0 0 0 0 0 0 0 0 0 0 0 0 0 0 0 0 0 0 0 0 0 0 0 0 0 0 0 0 0 0 0 0 1 0 0 0 0 0 0 0 0 0 0 0 0 0 0 0 0 0 0 0 0 0 0 0 0 0 0 0 0]
[5537024263364445493342941624139921033485158331551410570126326236568168689755460775754322831928145994963712739122816783953766302475090706211508762625347878618274394636194336209338769643806846150723969117188855954327836774888325960498486179641958157960870264415256668 0 0 0 0 0 0 0 0 0 0 0 0 0 0 0 0 0 0 0 0 0 0 0 0 0 0 0 0 0 0 0 0 0 0 0 0 0 0 0 0 0 0 0 0 0 0 0 0 0 0 0 0 0 0 0 0 0 0 0 1 0 0 0 0 0 0 0 0 0 0 0 0 0 0 0 0 0 0 0 0 0 0 0 0 0 0 0]
[7262361183600461218444741557219512550115889097202323393699115863705154634864032985144631288878863341128310522644783840053756924191309855338156759259012778241234006079113123919223840483925690515391476021599892554331039625149114911549055301675524621929803473434514909 0 0 0 0 0 0 0 0 0 0 0 0 0 0 0 0 0 0 0 0 0 0 0 0 0 0 0 0 0 0 0 0 0 0 0 0 0 0 0 0 0 0 0 0 0 0 0 0 0 0 0 0 0 0 0 0 0 0 0 0 1 0 0 0 0 0 0 0 0 0 0 0 0 0 0 0 0 0 0 0 0 0 0 0 0 0 0]
[3840551135201914089717625731267876459034817759665063716456034248362262751221265896489047903941673996681383308331429908194696301322893692713306060010344498603883367294943165527748257852675024160255087309017459940891184822846644426096971618387466450907717871952087239 0 0 0 0 0 0 0 0 0 0 0 0 0 0 0 0 0 0 0 0 0 0 0 0 0 0 0 0 0 0 0 0 0 0 0 0 0 0 0 0 0 0 0 0 0 0 0 0 0 0 0 0 0 0 0 0 0 0 0 0 0 1 0 0 0 0 0 0 0 0 0 0 0 0 0 0 0 0 0 0 0 0 0 0 0 0 0]
[4365260826372332100271497920252226702424824110472221935994980723622925568887024026552576768365703779020814954667154369203755053174427741684494918432355733796059580421935104132410265639302279234443058692314069377241225655745213148950741000442818148914814405036070953 0 0 0 0 0 0 0 0 0 0 0 0 0 0 0 0 0 0 0 0 0 0 0 0 0 0 0 0 0 0 0 0 0 0 0 0 0 0 0 0 0 0 0 0 0 0 0 0 0 0 0 0 0 0 0 0 0 0 0 0 0 0 1 0 0 0 0 0 0 0 0 0 0 0 0 0 0 0 0 0 0 0 0 0 0 0 0]
[5862492266298055882290729315738644116179768608378610757363995143951073755890098091292445516633500359944765622325600146350255871164424929725416471971035791648642589332551259672402760517259632486184266822808612002275410712921815843475028676423141061580562630998641938 0 0 0 0 0 0 0 0 0 0 0 0 0 0 0 0 0 0 0 0 0 0 0 0 0 0 0 0 0 0 0 0 0 0 0 0 0 0 0 0 0 0 0 0 0 0 0 0 0 0 0 0 0 0 0 0 0 0 0 0 0 0 0 1 0 0 0 0 0 0 0 0 0 0 0 0 0 0 0 0 0 0 0 0 0 0 0]
[2763822746726479154208460709611407811357117302489752198379607040613292545181082520172728527390852657349697835725126052294261220595605835609189041435629723881228408001256049510824888341985724623238269476573717611839928113515255308801116824867073897094527020557146748 0 0 0 0 0 0 0 0 0 0 0 0 0 0 0 0 0 0 0 0 0 0 0 0 0 0 0 0 0 0 0 0 0 0 0 0 0 0 0 0 0 0 0 0 0 0 0 0 0 0 0 0 0 0 0 0 0 0 0 0 0 0 0 0 1 0 0 0 0 0 0 0 0 0 0 0 0 0 0 0 0 0 0 0 0 0 0]
[1177699935769095368234671685968262075842850793408972339238097781767831070800435936963486574935062117630328596370939133128411919160002705153427016180478919984008152946934461770930531928574655890127438956305974119823791933847834929784846484837523786641150050604014569 0 0 0 0 0 0 0 0 0 0 0 0 0 0 0 0 0 0 0 0 0 0 0 0 0 0 0 0 0 0 0 0 0 0 0 0 0 0 0 0 0 0 0 0 0 0 0 0 0 0 0 0 0 0 0 0 0 0 0 0 0 0 0 0 0 1 0 0 0 0 0 0 0 0 0 0 0 0 0 0 0 0 0 0 0 0 0]
[4923021923964034207519576966470337894025905820226242259130036199478525004383883961915486165990027462691106144918276865570084131133312604669375132290974753632970964731680810873828920153231526825450694356251268508437086215027256598816610030261492243306661517134952163 0 0 0 0 0 0 0 0 0 0 0 0 0 0 0 0 0 0 0 0 0 0 0 0 0 0 0 0 0 0 0 0 0 0 0 0 0 0 0 0 0 0 0 0 0 0 0 0 0 0 0 0 0 0 0 0 0 0 0 0 0 0 0 0 0 0 1 0 0 0 0 0 0 0 0 0 0 0 0 0 0 0 0 0 0 0 0]
[4221430606524241502489939709216297991853797957340035651035355469367140042002015074539749050396002796050008894809313057793761029286458535727003466728107347619131767866938009334013502470229161058859585533610099484769921751983057539617245623000688988424866708313205050 0 0 0 0 0 0 0 0 0 0 0 0 0 0 0 0 0 0 0 0 0 0 0 0 0 0 0 0 0 0 0 0 0 0 0 0 0 0 0 0 0 0 0 0 0 0 0 0 0 0 0 0 0 0 0 0 0 0 0 0 0 0 0 0 0 0 0 1 0 0 0 0 0 0 0 0 0 0 0 0 0 0 0 0 0 0 0]
[1578479575834502023134607602905302796956860080768344144622991128169209238211558729865015519321374163853280346890724161288080893959394474427502076763260096440076772326302439081358024283010173646378935963031679309064544610589343262288549402993432105948710202812598804 0 0 0 0 0 0 0 0 0 0 0 0 0 0 0 0 0 0 0 0 0 0 0 0 0 0 0 0 0 0 0 0 0 0 0 0 0 0 0 0 0 0 0 0 0 0 0 0 0 0 0 0 0 0 0 0 0 0 0 0 0 0 0 0 0 0 0 0 1 0 0 0 0 0 0 0 0 0 0 0 0 0 0 0 0 0 0]
[4997521827315567162189772381423429801893444219670137200467504252344901605313729560121404816050925458772893767165910781906816215973723935364715507177131127397387324343320262371200571580386084400830227635243648967030700593850845167091664568260318500162372812252899026 0 0 0 0 0 0 0 0 0 0 0 0 0 0 0 0 0 0 0 0 0 0 0 0 0 0 0 0 0 0 0 0 0 0 0 0 0 0 0 0 0 0 0 0 0 0 0 0 0 0 0 0 0 0 0 0 0 0 0 0 0 0 0 0 0 0 0 0 0 1 0 0 0 0 0 0 0 0 0 0 0 0 0 0 0 0 0]
[648538594624830442107408253331663992433083231477795332094805356855952298342565661299720474178997728616351148006854205031211402935977125179986837653702246104001595026103804685663444375098490536935134746029280366322059822056355664494588812157839737152903538814822687 0 0 0 0 0 0 0 0 0 0 0 0 0 0 0 0 0 0 0 0 0 0 0 0 0 0 0 0 0 0 0 0 0 0 0 0 0 0 0 0 0 0 0 0 0 0 0 0 0 0 0 0 0 0 0 0 0 0 0 0 0 0 0 0 0 0 0 0 0 0 1 0 0 0 0 0 0 0 0 0 0 0 0 0 0 0 0]
[6593120883878294738934048085896742663819738521727552419901801454613286602446966351678520326620669885055247785857055082905620108577011976531138514373937116311901078649338071791116127987641174291454554400214388491195373781999931609569601308134588569306561709093466249 0 0 0 0 0 0 0 0 0 0 0 0 0 0 0 0 0 0 0 0 0 0 0 0 0 0 0 0 0 0 0 0 0 0 0 0 0 0 0 0 0 0 0 0 0 0 0 0 0 0 0 0 0 0 0 0 0 0 0 0 0 0 0 0 0 0 0 0 0 0 0 1 0 0 0 0 0 0 0 0 0 0 0 0 0 0 0]
[2459092311926900817280422850407772232359368373298606467836961260751653995555958387790466259026742406478370461633772263296812888827464408946864333029084652501007005259004299402129134345951910615360376325170599410787990010637520129522601313702604886837232697528847433 0 0 0 0 0 0 0 0 0 0 0 0 0 0 0 0 0 0 0 0 0 0 0 0 0 0 0 0 0 0 0 0 0 0 0 0 0 0 0 0 0 0 0 0 0 0 0 0 0 0 0 0 0 0 0 0 0 0 0 0 0 0 0 0 0 0 0 0 0 0 0 0 1 0 0 0 0 0 0 0 0 0 0 0 0 0 0]
[429875621272423020769132430365244836806413347220311065575450990327735524660820637029716009663145593647059446585056533962632208362590218222421765705870989732183467341720565093709516362609015915672569887242292959805861097830885349843916016879261400258079153313099126 0 0 0 0 0 0 0 0 0 0 0 0 0 0 0 0 0 0 0 0 0 0 0 0 0 0 0 0 0 0 0 0 0 0 0 0 0 0 0 0 0 0 0 0 0 0 0 0 0 0 0 0 0 0 0 0 0 0 0 0 0 0 0 0 0 0 0 0 0 0 0 0 0 1 0 0 0 0 0 0 0 0 0 0 0 0 0]
[6291844548599625756472804667059013664813482364851104799824333532946985404536239819657871467086527722939391194550629850868269282555625830537243781832746574947865805613551273726035153919230331868410250986126195300863630215182389279543816633792697048434710912951453094 0 0 0 0 0 0 0 0 0 0 0 0 0 0 0 0 0 0 0 0 0 0 0 0 0 0 0 0 0 0 0 0 0 0 0 0 0 0 0 0 0 0 0 0 0 0 0 0 0 0 0 0 0 0 0 0 0 0 0 0 0 0 0 0 0 0 0 0 0 0 0 0 0 0 1 0 0 0 0 0 0 0 0 0 0 0 0]
[6484369882088715261817045506709235202729939064914968541004209592275541978667062437131665643619060936355445910071970078431046114493815226723777696578016471129717623488651925155345035132725986728421106964520670827131216089069409155230340790744641442770073908784072424 0 0 0 0 0 0 0 0 0 0 0 0 0 0 0 0 0 0 0 0 0 0 0 0 0 0 0 0 0 0 0 0 0 0 0 0 0 0 0 0 0 0 0 0 0 0 0 0 0 0 0 0 0 0 0 0 0 0 0 0 0 0 0 0 0 0 0 0 0 0 0 0 0 0 0 1 0 0 0 0 0 0 0 0 0 0 0]
[6934338806307402823659740705322048806469001755053679140147654806092425478196490557868108219191212391627928531454990829901225478550335687688724193806100018526059971934904882138608727345051116330315986135583556558018034042775491203221246186289838209101569983253472513 0 0 0 0 0 0 0 0 0 0 0 0 0 0 0 0 0 0 0 0 0 0 0 0 0 0 0 0 0 0 0 0 0 0 0 0 0 0 0 0 0 0 0 0 0 0 0 0 0 0 0 0 0 0 0 0 0 0 0 0 0 0 0 0 0 0 0 0 0 0 0 0 0 0 0 0 1 0 0 0 0 0 0 0 0 0 0]
[987596513534706669951329128895380986232930681357126022960986681261441189260582209673054054275877636816071076720284677707389181842713599368895619501756999472340966907776777147842747837861382709717106549240436794302548303227201631890040894901630660709598552854090143 0 0 0 0 0 0 0 0 0 0 0 0 0 0 0 0 0 0 0 0 0 0 0 0 0 0 0 0 0 0 0 0 0 0 0 0 0 0 0 0 0 0 0 0 0 0 0 0 0 0 0 0 0 0 0 0 0 0 0 0 0 0 0 0 0 0 0 0 0 0 0 0 0 0 0 0 0 1 0 0 0 0 0 0 0 0 0]
[7475447818954131432458203378399015492267044685018572611079601574600304689861754477147030917932601750317292221589860419024279707057862440035912095169959925993244109298784149258264070173545160671500071568225048249298162659628369132783081397555843278449115989739111667 0 0 0 0 0 0 0 0 0 0 0 0 0 0 0 0 0 0 0 0 0 0 0 0 0 0 0 0 0 0 0 0 0 0 0 0 0 0 0 0 0 0 0 0 0 0 0 0 0 0 0 0 0 0 0 0 0 0 0 0 0 0 0 0 0 0 0 0 0 0 0 0 0 0 0 0 0 0 1 0 0 0 0 0 0 0 0]
[2379913554790627611393093981744473454493479905915112896253354822608833094477193028899804343893725444605651203011706713318675561370526531673264539170680536484451915606001164844230161166480893430141112555342298262681343647709011860586377385067652663829537387990300109 0 0 0 0 0 0 0 0 0 0 0 0 0 0 0 0 0 0 0 0 0 0 0 0 0 0 0 0 0 0 0 0 0 0 0 0 0 0 0 0 0 0 0 0 0 0 0 0 0 0 0 0 0 0 0 0 0 0 0 0 0 0 0 0 0 0 0 0 0 0 0 0 0 0 0 0 0 0 0 1 0 0 0 0 0 0 0]
[5678628428484418091819947684646170901305445217501344003584117807942769465166124423972425198308296868918653329708391453707601203191784569198227245419284129450993998660749685934646100847360584464242015093587438198184708941947669201854602759137240357265993583989890127 0 0 0 0 0 0 0 0 0 0 0 0 0 0 0 0 0 0 0 0 0 0 0 0 0 0 0 0 0 0 0 0 0 0 0 0 0 0 0 0 0 0 0 0 0 0 0 0 0 0 0 0 0 0 0 0 0 0 0 0 0 0 0 0 0 0 0 0 0 0 0 0 0 0 0 0 0 0 0 0 1 0 0 0 0 0 0]
[7747023543940297820390662902006570914689071220765735514163973786666738688280731142560839006171678023533219642650099795976279037122939363598280372841970476997143512577847084905481446846374883665552395468300362217575742064509800096415529670315820188732761832525042584 0 0 0 0 0 0 0 0 0 0 0 0 0 0 0 0 0 0 0 0 0 0 0 0 0 0 0 0 0 0 0 0 0 0 0 0 0 0 0 0 0 0 0 0 0 0 0 0 0 0 0 0 0 0 0 0 0 0 0 0 0 0 0 0 0 0 0 0 0 0 0 0 0 0 0 0 0 0 0 0 0 1 0 0 0 0 0]
[4183673209064123889194589648389025523914777242571172526984474280535835649903865505265451875919103144810221375829623670617467140963757093184966282103160546332050599998916993359128776957011978573108858910928371150738742707575515228178683027148951823669645379424824323 0 0 0 0 0 0 0 0 0 0 0 0 0 0 0 0 0 0 0 0 0 0 0 0 0 0 0 0 0 0 0 0 0 0 0 0 0 0 0 0 0 0 0 0 0 0 0 0 0 0 0 0 0 0 0 0 0 0 0 0 0 0 0 0 0 0 0 0 0 0 0 0 0 0 0 0 0 0 0 0 0 0 1 0 0 0 0]
[660310265462601950167536373858878580904982942322943185739950054696973451908061729850452310555358142715154172397549553225907979038078713250253229873956384020631168158066478341502143377177419928277493976824595951662531926765214692409754428728157061926505367756042747 0 0 0 0 0 0 0 0 0 0 0 0 0 0 0 0 0 0 0 0 0 0 0 0 0 0 0 0 0 0 0 0 0 0 0 0 0 0 0 0 0 0 0 0 0 0 0 0 0 0 0 0 0 0 0 0 0 0 0 0 0 0 0 0 0 0 0 0 0 0 0 0 0 0 0 0 0 0 0 0 0 0 0 1 0 0 0]
[2333387218788819286450825235194141151972589012836472275712644438873317716172048756569075525329117495296611334663891467997911631366945992688960353761213270576780937826961069763415494943442602604322660420621638835703817880726840639192519513912398522588306718116019225 0 0 0 0 0 0 0 0 0 0 0 0 0 0 0 0 0 0 0 0 0 0 0 0 0 0 0 0 0 0 0 0 0 0 0 0 0 0 0 0 0 0 0 0 0 0 0 0 0 0 0 0 0 0 0 0 0 0 0 0 0 0 0 0 0 0 0 0 0 0 0 0 0 0 0 0 0 0 0 0 0 0 0 0 1 0 0]
[2503223755031077828404552097338773587177409908729632975525941657040188101454645058799301415868832570931109367411251420344658895229051422910291502228648542954572335508035680436516908746714406735414901735709897457014508093147982085384432594059900677059093111111088847 0 0 0 0 0 0 0 0 0 0 0 0 0 0 0 0 0 0 0 0 0 0 0 0 0 0 0 0 0 0 0 0 0 0 0 0 0 0 0 0 0 0 0 0 0 0 0 0 0 0 0 0 0 0 0 0 0 0 0 0 0 0 0 0 0 0 0 0 0 0 0 0 0 0 0 0 0 0 0 0 0 0 0 0 0 1 0]
[2068173608811768161103850847400511883832648004645460602400028320692396419997800781735921923428687476646301987184874898714916011309464921375204348050367981801250865225051697191568566663008869912084759206784450970318118761470736188639099729642575918742556028574186145 0 0 0 0 0 0 0 0 0 0 0 0 0 0 0 0 0 0 0 0 0 0 0 0 0 0 0 0 0 0 0 0 0 0 0 0 0 0 0 0 0 0 0 0 0 0 0 0 0 0 0 0 0 0 0 0 0 0 0 0 0 0 0 0 0 0 0 0 0 0 0 0 0 0 0 0 0 0 0 0 0 0 0 0 0 0 1]
]
