[[2948401571643892775050791632405475067645821458257409197512120356728837492808435510830204432512947400945037713100969385952498427021217034114360190487199389616634543878862110917473717052317748434775336681097267161275163 0 0 0 0 0 0 0 0 0 0 0 0 0 0 0 0 0 0 0 0 0 0 0 0 0 0 0 0 0 0 0 0 0 0 0 0 0 0 0 0 0 0 0 0 0 0 0 0 0 0 0 0 0 0 0 0 0 0 0 0 0 0 0 0 0 0 0 0 0 0 0]
[533362188200764850608430889060202773838684928304366644491964957878529907252485616204827293087014271246410273809979457468121274212038631952257501115459968258915404133278266764988147956862353287080108439675853891748321 1 0 0 0 0 0 0 0 0 0 0 0 0 0 0 0 0 0 0 0 0 0 0 0 0 0 0 0 0 0 0 0 0 0 0 0 0 0 0 0 0 0 0 0 0 0 0 0 0 0 0 0 0 0 0 0 0 0 0 0 0 0 0 0 0 0 0 0 0 0 0]
[1494896552641390193385875535276154995221785194981327514921068482843618897175469221292919899928587755343379683621616092132736135613051413766973690000522217411915985551696983930478048822858834737621129528826457374664132 0 1 0 0 0 0 0 0 0 0 0 0 0 0 0 0 0 0 0 0 0 0 0 0 0 0 0 0 0 0 0 0 0 0 0 0 0 0 0 0 0 0 0 0 0 0 0 0 0 0 0 0 0 0 0 0 0 0 0 0 0 0 0 0 0 0 0 0 0 0 0]
[278748134933405231147365756356646889047424629225821200681317660386035493283177416137282591254338504234521050953415365440696923712206561222422250872217555118317287128455226777611879712803506603114641163591346798597788 0 0 1 0 0 0 0 0 0 0 0 0 0 0 0 0 0 0 0 0 0 0 0 0 0 0 0 0 0 0 0 0 0 0 0 0 0 0 0 0 0 0 0 0 0 0 0 0 0 0 0 0 0 0 0 0 0 0 0 0 0 0 0 0 0 0 0 0 0 0 0]
[1693933091750559526359035559431229269568079959645902425805487031499772435404945055813723451278310384818767694715809433362793759614263737634345568507521830055064399109705174323842990136526115868328840195382646649229529 0 0 0 1 0 0 0 0 0 0 0 0 0 0 0 0 0 0 0 0 0 0 0 0 0 0 0 0 0 0 0 0 0 0 0 0 0 0 0 0 0 0 0 0 0 0 0 0 0 0 0 0 0 0 0 0 0 0 0 0 0 0 0 0 0 0 0 0 0 0 0]
[534553491295833791288034827106526267704185981450443648192777706685558223788863804319477323518395731896756597408280634063096430484271498318345135191297551330211329221392075375516636383398840788741409264469685385508640 0 0 0 0 1 0 0 0 0 0 0 0 0 0 0 0 0 0 0 0 0 0 0 0 0 0 0 0 0 0 0 0 0 0 0 0 0 0 0 0 0 0 0 0 0 0 0 0 0 0 0 0 0 0 0 0 0 0 0 0 0 0 0 0 0 0 0 0 0 0 0]
[1330511739274329829163160356580145060642752916978619308978565014931822312859550678991524677984663075910155789120411061298091819392244877789789346840046746265582824766850760533450375761231939893650686797254605470999107 0 0 0 0 0 1 0 0 0 0 0 0 0 0 0 0 0 0 0 0 0 0 0 0 0 0 0 0 0 0 0 0 0 0 0 0 0 0 0 0 0 0 0 0 0 0 0 0 0 0 0 0 0 0 0 0 0 0 0 0 0 0 0 0 0 0 0 0 0 0 0]
[214538581726097427774069234501734445168441912723716516134855394037807462684344456672400186220826205304426084954514753482795659426951386541931934331935935493098689330897120264006079913135723800275131112771543637859291 0 0 0 0 0 0 1 0 0 0 0 0 0 0 0 0 0 0 0 0 0 0 0 0 0 0 0 0 0 0 0 0 0 0 0 0 0 0 0 0 0 0 0 0 0 0 0 0 0 0 0 0 0 0 0 0 0 0 0 0 0 0 0 0 0 0 0 0 0 0 0]
[857902731743487935466646930817655683172275792240322326884208228954727386213669911809862659886276077075199263678283525630057340436326413915403829394631651180892112801113406053242737191367950810698595558077302121137433 0 0 0 0 0 0 0 1 0 0 0 0 0 0 0 0 0 0 0 0 0 0 0 0 0 0 0 0 0 0 0 0 0 0 0 0 0 0 0 0 0 0 0 0 0 0 0 0 0 0 0 0 0 0 0 0 0 0 0 0 0 0 0 0 0 0 0 0 0 0 0]
[409492544894141827716657987703452912623884994708270098602082743235932038983324857133896417456179259942534282264293596928228736263494460067040508753164326802263827865265814259797814551626476453493805716796064117103187 0 0 0 0 0 0 0 0 1 0 0 0 0 0 0 0 0 0 0 0 0 0 0 0 0 0 0 0 0 0 0 0 0 0 0 0 0 0 0 0 0 0 0 0 0 0 0 0 0 0 0 0 0 0 0 0 0 0 0 0 0 0 0 0 0 0 0 0 0 0 0]
[2024546519772440000653973979564248829230297214975823831562359904487783869773203227509631066518654076698267294547978020047317693731624000234215674749535254089307839979990941134022700826134011786270036942368783510536114 0 0 0 0 0 0 0 0 0 1 0 0 0 0 0 0 0 0 0 0 0 0 0 0 0 0 0 0 0 0 0 0 0 0 0 0 0 0 0 0 0 0 0 0 0 0 0 0 0 0 0 0 0 0 0 0 0 0 0 0 0 0 0 0 0 0 0 0 0 0 0]
[2531179911899766579599657648278040220497141954710110300423202450474143561679972775345573371547437247034602571134185089295289521045906112638022864978757114307046647486171959094804520741596832796687853853149921024014610 0 0 0 0 0 0 0 0 0 0 1 0 0 0 0 0 0 0 0 0 0 0 0 0 0 0 0 0 0 0 0 0 0 0 0 0 0 0 0 0 0 0 0 0 0 0 0 0 0 0 0 0 0 0 0 0 0 0 0 0 0 0 0 0 0 0 0 0 0 0 0]
[1530197059504381885164701600764821671660161890810523750415762087444794923363441563183990082913681683211226556636227004364492058397351617275474171161367012420060356164594331814515647427342592756059784664728250111767310 0 0 0 0 0 0 0 0 0 0 0 1 0 0 0 0 0 0 0 0 0 0 0 0 0 0 0 0 0 0 0 0 0 0 0 0 0 0 0 0 0 0 0 0 0 0 0 0 0 0 0 0 0 0 0 0 0 0 0 0 0 0 0 0 0 0 0 0 0 0 0]
[114606101882908262978697572778348474281066865516728613853188105648913830964078235461427775188251755912248401079685610637153955276233663549902088327844511988113247056550469656915238457218146783955140731176675720861208 0 0 0 0 0 0 0 0 0 0 0 0 1 0 0 0 0 0 0 0 0 0 0 0 0 0 0 0 0 0 0 0 0 0 0 0 0 0 0 0 0 0 0 0 0 0 0 0 0 0 0 0 0 0 0 0 0 0 0 0 0 0 0 0 0 0 0 0 0 0 0]
[2596156546066895490257524400639028250283660026756140943130153918243910496876051791181598266594610522092921721038025340423046980609960385097288155363800957133546500331257388547255999046827615352900224014934238972780805 0 0 0 0 0 0 0 0 0 0 0 0 0 1 0 0 0 0 0 0 0 0 0 0 0 0 0 0 0 0 0 0 0 0 0 0 0 0 0 0 0 0 0 0 0 0 0 0 0 0 0 0 0 0 0 0 0 0 0 0 0 0 0 0 0 0 0 0 0 0 0]
[1052964550044201701293611065928560678435162643521973622400537032995980829232963095979759295338933066045949931159607760579341847927133449625520548281381325360327281474926738402037857768334414497988810567858744404938910 0 0 0 0 0 0 0 0 0 0 0 0 0 0 1 0 0 0 0 0 0 0 0 0 0 0 0 0 0 0 0 0 0 0 0 0 0 0 0 0 0 0 0 0 0 0 0 0 0 0 0 0 0 0 0 0 0 0 0 0 0 0 0 0 0 0 0 0 0 0 0]
[2636371599410430910460423381415816104674487277144659396543670837461300822237568755098026679457095672486124106777903659166475350355611138057387058715374610824081075584055476149720321985996604295551429787559877058887785 0 0 0 0 0 0 0 0 0 0 0 0 0 0 0 1 0 0 0 0 0 0 0 0 0 0 0 0 0 0 0 0 0 0 0 0 0 0 0 0 0 0 0 0 0 0 0 0 0 0 0 0 0 0 0 0 0 0 0 0 0 0 0 0 0 0 0 0 0 0 0]
[950690757183945960819847848337593616773446514046358619942171340391309731771928008957643278331292971946325722857195741565081278919469369683108445722069286616715731772972090127758076458616678784854752202907482199774322 0 0 0 0 0 0 0 0 0 0 0 0 0 0 0 0 1 0 0 0 0 0 0 0 0 0 0 0 0 0 0 0 0 0 0 0 0 0 0 0 0 0 0 0 0 0 0 0 0 0 0 0 0 0 0 0 0 0 0 0 0 0 0 0 0 0 0 0 0 0 0]
[287990417094121246075702563900043710338660357101825909870900330541187746565463085768857154274173859041260900469259399511961420661111560436738201073107482630897493379261259453393192189662740100463314024663583615330143 0 0 0 0 0 0 0 0 0 0 0 0 0 0 0 0 0 1 0 0 0 0 0 0 0 0 0 0 0 0 0 0 0 0 0 0 0 0 0 0 0 0 0 0 0 0 0 0 0 0 0 0 0 0 0 0 0 0 0 0 0 0 0 0 0 0 0 0 0 0 0]
[98439186622547752677211371203048459002660258278732232830430429073555276582789771615614440608740200078271322840486651377839973493535552462663549170144653341821798818919113229592717150827643997898789489110242525187109 0 0 0 0 0 0 0 0 0 0 0 0 0 0 0 0 0 0 1 0 0 0 0 0 0 0 0 0 0 0 0 0 0 0 0 0 0 0 0 0 0 0 0 0 0 0 0 0 0 0 0 0 0 0 0 0 0 0 0 0 0 0 0 0 0 0 0 0 0 0 0]
[1537999088557622456012549439526151009965696484196177491619766488507835986965434324993105088654506120894620415630250657538446780309635748183205272925012240015898992786940850670473745295293479492867978307105901484326960 0 0 0 0 0 0 0 0 0 0 0 0 0 0 0 0 0 0 0 1 0 0 0 0 0 0 0 0 0 0 0 0 0 0 0 0 0 0 0 0 0 0 0 0 0 0 0 0 0 0 0 0 0 0 0 0 0 0 0 0 0 0 0 0 0 0 0 0 0 0 0]
[2630581961660960658529865189643032389852233701443211276757337468455748702510419972199452109511827903380612775883593904431937995849603113050558289950265249398471993917380260926988095096643878922280583494886867282166215 0 0 0 0 0 0 0 0 0 0 0 0 0 0 0 0 0 0 0 0 1 0 0 0 0 0 0 0 0 0 0 0 0 0 0 0 0 0 0 0 0 0 0 0 0 0 0 0 0 0 0 0 0 0 0 0 0 0 0 0 0 0 0 0 0 0 0 0 0 0 0]
[461763372294469333283575066872152729663528112436058949855668484894267936732177306304255132854917482800715674251133224496963415966196576818475846084153219992123626676355647306560693899927466049659428371513875962603982 0 0 0 0 0 0 0 0 0 0 0 0 0 0 0 0 0 0 0 0 0 1 0 0 0 0 0 0 0 0 0 0 0 0 0 0 0 0 0 0 0 0 0 0 0 0 0 0 0 0 0 0 0 0 0 0 0 0 0 0 0 0 0 0 0 0 0 0 0 0 0]
[183182512540051894490351030786201339842830285267022414347710157768927869504905612976117647555423481457290705019296148838238936249016299356448534612748224141066297870428452398429379033197584512677308840633269562321228 0 0 0 0 0 0 0 0 0 0 0 0 0 0 0 0 0 0 0 0 0 0 1 0 0 0 0 0 0 0 0 0 0 0 0 0 0 0 0 0 0 0 0 0 0 0 0 0 0 0 0 0 0 0 0 0 0 0 0 0 0 0 0 0 0 0 0 0 0 0 0]
[273080831145845663129501496092194863212177391440065213771031829377822882756079532023825750494632580127941527208519704131751587274017783535699697712389696647088620430706806567706579817742171167017345677738568589402434 0 0 0 0 0 0 0 0 0 0 0 0 0 0 0 0 0 0 0 0 0 0 0 1 0 0 0 0 0 0 0 0 0 0 0 0 0 0 0 0 0 0 0 0 0 0 0 0 0 0 0 0 0 0 0 0 0 0 0 0 0 0 0 0 0 0 0 0 0 0 0]
[512209775042819986791301756244183711267918660217212497236063581456021250587970986139900681366200764048923620294961641063064070119672480616853308666066864475100211885943226241414816589424743117844714910956340855321615 0 0 0 0 0 0 0 0 0 0 0 0 0 0 0 0 0 0 0 0 0 0 0 0 1 0 0 0 0 0 0 0 0 0 0 0 0 0 0 0 0 0 0 0 0 0 0 0 0 0 0 0 0 0 0 0 0 0 0 0 0 0 0 0 0 0 0 0 0 0 0]
[671989368824824757535163089969390218869201525284854497564559460930964593812385400402039716038797909406812969978948686582558545935559040102229068644778356538885158818241645577938512306383112976557685409698786747969452 0 0 0 0 0 0 0 0 0 0 0 0 0 0 0 0 0 0 0 0 0 0 0 0 0 1 0 0 0 0 0 0 0 0 0 0 0 0 0 0 0 0 0 0 0 0 0 0 0 0 0 0 0 0 0 0 0 0 0 0 0 0 0 0 0 0 0 0 0 0 0]
[328561539906775430890511565737663171895610024200493154453257434242207628661047392707840518687013957649150693105920345269092495853510357716640337074320270720140956603325941727678193234483382170011773645906449514034474 0 0 0 0 0 0 0 0 0 0 0 0 0 0 0 0 0 0 0 0 0 0 0 0 0 0 1 0 0 0 0 0 0 0 0 0 0 0 0 0 0 0 0 0 0 0 0 0 0 0 0 0 0 0 0 0 0 0 0 0 0 0 0 0 0 0 0 0 0 0 0]
[2651443684373079328765859872053939850488556154493324235450434656967333550913387989932947896950736247267636949982931884808285459362278896701535088431008040075141635030145156483685967176431712909594731587077667659496413 0 0 0 0 0 0 0 0 0 0 0 0 0 0 0 0 0 0 0 0 0 0 0 0 0 0 0 1 0 0 0 0 0 0 0 0 0 0 0 0 0 0 0 0 0 0 0 0 0 0 0 0 0 0 0 0 0 0 0 0 0 0 0 0 0 0 0 0 0 0 0]
[222638701643005151467680274810727191231168204576517562279871925057876717379475728765983243629367862183159899217148060979649655331716650934068434107285880393267326592312827994080812700802862412984425069255377231972625 0 0 0 0 0 0 0 0 0 0 0 0 0 0 0 0 0 0 0 0 0 0 0 0 0 0 0 0 1 0 0 0 0 0 0 0 0 0 0 0 0 0 0 0 0 0 0 0 0 0 0 0 0 0 0 0 0 0 0 0 0 0 0 0 0 0 0 0 0 0 0]
[2869787777058710971313053543068394220266724187518902809532363882597110723877454178262674695879623965077780505948960640349402335866837721167447347333209148523074475256051684025131643829034834297817373062135117927584489 0 0 0 0 0 0 0 0 0 0 0 0 0 0 0 0 0 0 0 0 0 0 0 0 0 0 0 0 0 1 0 0 0 0 0 0 0 0 0 0 0 0 0 0 0 0 0 0 0 0 0 0 0 0 0 0 0 0 0 0 0 0 0 0 0 0 0 0 0 0 0]
[1614204522701161252939798316480561709837885828912918269418600588532307197216424142945155624809813459930155477642098229086405865693871244949930814767533569837084895900532064331593872858767125166958720142977344592094085 0 0 0 0 0 0 0 0 0 0 0 0 0 0 0 0 0 0 0 0 0 0 0 0 0 0 0 0 0 0 1 0 0 0 0 0 0 0 0 0 0 0 0 0 0 0 0 0 0 0 0 0 0 0 0 0 0 0 0 0 0 0 0 0 0 0 0 0 0 0 0]
[1341057886471231409014848951492436756369785440632792573248786641654469376202488289171699243765643097306152143792031865649056240419281936579624563933892304464733920185326220377456868089770373886312172236155819041953962 0 0 0 0 0 0 0 0 0 0 0 0 0 0 0 0 0 0 0 0 0 0 0 0 0 0 0 0 0 0 0 1 0 0 0 0 0 0 0 0 0 0 0 0 0 0 0 0 0 0 0 0 0 0 0 0 0 0 0 0 0 0 0 0 0 0 0 0 0 0 0]
[786130461633292733405697198811693912869026910433146436784335421467790473000563765150323708808028150884561275673001234792893810997669058913038299917822649571687849497333730226286860549980153068449511726462547849402029 0 0 0 0 0 0 0 0 0 0 0 0 0 0 0 0 0 0 0 0 0 0 0 0 0 0 0 0 0 0 0 0 1 0 0 0 0 0 0 0 0 0 0 0 0 0 0 0 0 0 0 0 0 0 0 0 0 0 0 0 0 0 0 0 0 0 0 0 0 0 0]
[824638127282375534059550385502398363518616405977336927213589208936682478961457625096256140818873872598661882915757167775770736933685912358959981840969419470259926638135154715920255148331964063635425394039812044395379 0 0 0 0 0 0 0 0 0 0 0 0 0 0 0 0 0 0 0 0 0 0 0 0 0 0 0 0 0 0 0 0 0 1 0 0 0 0 0 0 0 0 0 0 0 0 0 0 0 0 0 0 0 0 0 0 0 0 0 0 0 0 0 0 0 0 0 0 0 0 0]
[115623422889049817407092849513645990740747684394204153567566426739615366685142090613184539434466361009374534159614815982686522599990403616829559082767388214067676318135851035624201320049024110467644628943886304236820 0 0 0 0 0 0 0 0 0 0 0 0 0 0 0 0 0 0 0 0 0 0 0 0 0 0 0 0 0 0 0 0 0 0 1 0 0 0 0 0 0 0 0 0 0 0 0 0 0 0 0 0 0 0 0 0 0 0 0 0 0 0 0 0 0 0 0 0 0 0 0]
[1756230686823345453285639249070257932660659336958796371401305456362384828586808720092684616163932693589255282276346806500742841506429570587771372784205163302932768728080017040796917393610518219596090791519669309877272 0 0 0 0 0 0 0 0 0 0 0 0 0 0 0 0 0 0 0 0 0 0 0 0 0 0 0 0 0 0 0 0 0 0 0 1 0 0 0 0 0 0 0 0 0 0 0 0 0 0 0 0 0 0 0 0 0 0 0 0 0 0 0 0 0 0 0 0 0 0 0]
[2187174182166494639547857863678487603923505929544036856132616624297179455758032384706952712230070503269565501576889366884045572139080296177509099536730368904033500816095083870368766125762765125352780067977829203904065 0 0 0 0 0 0 0 0 0 0 0 0 0 0 0 0 0 0 0 0 0 0 0 0 0 0 0 0 0 0 0 0 0 0 0 0 1 0 0 0 0 0 0 0 0 0 0 0 0 0 0 0 0 0 0 0 0 0 0 0 0 0 0 0 0 0 0 0 0 0 0]
[1595280981837229122561040009498774330075812933071811355914413269697957315119613168000412986861657846572222804109800572206325828444679297878117694696251919512952056816613854204492550361082510489974874257589836050449626 0 0 0 0 0 0 0 0 0 0 0 0 0 0 0 0 0 0 0 0 0 0 0 0 0 0 0 0 0 0 0 0 0 0 0 0 0 1 0 0 0 0 0 0 0 0 0 0 0 0 0 0 0 0 0 0 0 0 0 0 0 0 0 0 0 0 0 0 0 0 0]
[1255603454143120882042151710167210460055842859447269501635696468636299232916549201738337990993913561839874175427281754692984141655816076783088752541670149072735636814576606218609085916970600361622508742765327451147947 0 0 0 0 0 0 0 0 0 0 0 0 0 0 0 0 0 0 0 0 0 0 0 0 0 0 0 0 0 0 0 0 0 0 0 0 0 0 1 0 0 0 0 0 0 0 0 0 0 0 0 0 0 0 0 0 0 0 0 0 0 0 0 0 0 0 0 0 0 0 0]
[1760892995578762475138074891775545532083825200012341461766417074996157202395707150877856937516098485508219097425115854036886413406959196167858781356230937759113828007608536189937235447831725047444554462895151191962207 0 0 0 0 0 0 0 0 0 0 0 0 0 0 0 0 0 0 0 0 0 0 0 0 0 0 0 0 0 0 0 0 0 0 0 0 0 0 0 1 0 0 0 0 0 0 0 0 0 0 0 0 0 0 0 0 0 0 0 0 0 0 0 0 0 0 0 0 0 0 0]
[900369582405046535093939162226942282982179208180477943166832728059739736139900015028799184310111984855492177312393177725880102604082251848612878142719048046453467596743234143902293460761623666853037488792350597111284 0 0 0 0 0 0 0 0 0 0 0 0 0 0 0 0 0 0 0 0 0 0 0 0 0 0 0 0 0 0 0 0 0 0 0 0 0 0 0 0 1 0 0 0 0 0 0 0 0 0 0 0 0 0 0 0 0 0 0 0 0 0 0 0 0 0 0 0 0 0 0]
[2922408786853305454334090766289554652511494849833971965219813159565955914421891306194530604795774793840779134715306024558888501363058492889188071289607977956824865596417986205648400256652755648151189608445393187402619 0 0 0 0 0 0 0 0 0 0 0 0 0 0 0 0 0 0 0 0 0 0 0 0 0 0 0 0 0 0 0 0 0 0 0 0 0 0 0 0 0 1 0 0 0 0 0 0 0 0 0 0 0 0 0 0 0 0 0 0 0 0 0 0 0 0 0 0 0 0 0]
[1894824735442382524717778008667335225049470717792352648637592757569849599705567081130041286127578224487025859634854224214204613217505166065144019873952454012400723294455121686616829362413679037981033551677543668220403 0 0 0 0 0 0 0 0 0 0 0 0 0 0 0 0 0 0 0 0 0 0 0 0 0 0 0 0 0 0 0 0 0 0 0 0 0 0 0 0 0 0 1 0 0 0 0 0 0 0 0 0 0 0 0 0 0 0 0 0 0 0 0 0 0 0 0 0 0 0 0]
[2698890524605106498710698114016037130611817319033051143768662875460292177963564428331663679890291871518469243293926269753008474561657792159894870156481466999398194904237480888200235043166426273537780991322845920705964 0 0 0 0 0 0 0 0 0 0 0 0 0 0 0 0 0 0 0 0 0 0 0 0 0 0 0 0 0 0 0 0 0 0 0 0 0 0 0 0 0 0 0 1 0 0 0 0 0 0 0 0 0 0 0 0 0 0 0 0 0 0 0 0 0 0 0 0 0 0 0]
[2082479659337987179205881236328630176669358749732654269093435767734492532289727807083487318587548024072333759160338798862641644557686870294953644333575708217995611890540612314616619635154708253686508213549271311097467 0 0 0 0 0 0 0 0 0 0 0 0 0 0 0 0 0 0 0 0 0 0 0 0 0 0 0 0 0 0 0 0 0 0 0 0 0 0 0 0 0 0 0 0 1 0 0 0 0 0 0 0 0 0 0 0 0 0 0 0 0 0 0 0 0 0 0 0 0 0 0]
[640293689175661094871543204215603985010057616910704226746270233035915436030216054510478379935468571802328963654780546597851024298141601483998740279429439849147545389770870246355015377618962804630332437649006656416346 0 0 0 0 0 0 0 0 0 0 0 0 0 0 0 0 0 0 0 0 0 0 0 0 0 0 0 0 0 0 0 0 0 0 0 0 0 0 0 0 0 0 0 0 0 1 0 0 0 0 0 0 0 0 0 0 0 0 0 0 0 0 0 0 0 0 0 0 0 0 0]
[1650929092459450224940884851767601179728925523864828677910517727538629621336036504297174851489967175087803508716985855542225791679627412015940219727553536179253082889405832286672677623106593545636688094442783287505655 0 0 0 0 0 0 0 0 0 0 0 0 0 0 0 0 0 0 0 0 0 0 0 0 0 0 0 0 0 0 0 0 0 0 0 0 0 0 0 0 0 0 0 0 0 0 1 0 0 0 0 0 0 0 0 0 0 0 0 0 0 0 0 0 0 0 0 0 0 0 0]
[2105599536342968340960733505618197748482737278762917138670707693003001459649492221891324427445506657707368251213608669848316172460720335001449391334034424002496072863996312045324189827362952066300840036364007649553023 0 0 0 0 0 0 0 0 0 0 0 0 0 0 0 0 0 0 0 0 0 0 0 0 0 0 0 0 0 0 0 0 0 0 0 0 0 0 0 0 0 0 0 0 0 0 0 1 0 0 0 0 0 0 0 0 0 0 0 0 0 0 0 0 0 0 0 0 0 0 0]
[1481455866788934369705336327717865388186923493722608537200987610851424741601430527885240267361467701839966785473574022592552857336866978013220833155295000050177347263035136422687255668800139993657143750706274262756655 0 0 0 0 0 0 0 0 0 0 0 0 0 0 0 0 0 0 0 0 0 0 0 0 0 0 0 0 0 0 0 0 0 0 0 0 0 0 0 0 0 0 0 0 0 0 0 0 1 0 0 0 0 0 0 0 0 0 0 0 0 0 0 0 0 0 0 0 0 0 0]
[2262930013020041561669161262108990723033477092885312346678588698332677943380231868476302444386368663409796062380975278077822232930844395960123304099036961399187422458255053854613939841229958980187328599320808650641571 0 0 0 0 0 0 0 0 0 0 0 0 0 0 0 0 0 0 0 0 0 0 0 0 0 0 0 0 0 0 0 0 0 0 0 0 0 0 0 0 0 0 0 0 0 0 0 0 0 1 0 0 0 0 0 0 0 0 0 0 0 0 0 0 0 0 0 0 0 0 0]
[2847057065606232682171688165747823752322577917261785168204980190468107745583541581735096410120719950846245846474810354449559886347080719974183069032175505713031814266143736386005701373452732158190805996272793700176861 0 0 0 0 0 0 0 0 0 0 0 0 0 0 0 0 0 0 0 0 0 0 0 0 0 0 0 0 0 0 0 0 0 0 0 0 0 0 0 0 0 0 0 0 0 0 0 0 0 0 1 0 0 0 0 0 0 0 0 0 0 0 0 0 0 0 0 0 0 0 0]
[1997005419753751696745624574279107987883220676759198769900729921057871349802461282305135845068397563500612655689507554848508854763532252468580699662014739998321253766254965726642363415905577167383918563495648451881980 0 0 0 0 0 0 0 0 0 0 0 0 0 0 0 0 0 0 0 0 0 0 0 0 0 0 0 0 0 0 0 0 0 0 0 0 0 0 0 0 0 0 0 0 0 0 0 0 0 0 0 1 0 0 0 0 0 0 0 0 0 0 0 0 0 0 0 0 0 0 0]
[1004066168556633126013244593409031675832815676302866591570821827889178179643100392049518455252537894439834495046587266570273731627635586829191308528956553763386147855982804769462992452606428491874689305684561396866108 0 0 0 0 0 0 0 0 0 0 0 0 0 0 0 0 0 0 0 0 0 0 0 0 0 0 0 0 0 0 0 0 0 0 0 0 0 0 0 0 0 0 0 0 0 0 0 0 0 0 0 0 1 0 0 0 0 0 0 0 0 0 0 0 0 0 0 0 0 0 0]
[647346891275650026121403272518027856668610580932458632712550048767703921478206781052713619412734798527676048707676307868895086980096143332426199120229389568914356009564549446395309404231025969663712868756028614332831 0 0 0 0 0 0 0 0 0 0 0 0 0 0 0 0 0 0 0 0 0 0 0 0 0 0 0 0 0 0 0 0 0 0 0 0 0 0 0 0 0 0 0 0 0 0 0 0 0 0 0 0 0 1 0 0 0 0 0 0 0 0 0 0 0 0 0 0 0 0 0]
[24804669745926898891814346544457347326419174886296402922854435075359929358064499711583512255680523263435535081541675362535401382154862991906358402089411526155115815974212133897218260560257842870492294554837080973709 0 0 0 0 0 0 0 0 0 0 0 0 0 0 0 0 0 0 0 0 0 0 0 0 0 0 0 0 0 0 0 0 0 0 0 0 0 0 0 0 0 0 0 0 0 0 0 0 0 0 0 0 0 0 1 0 0 0 0 0 0 0 0 0 0 0 0 0 0 0 0]
[1244032217275825751922920801738776171127571196806945719633701185695151236808429570547769163560685316680984800433210423736368386420224729128044333056184126198825082740704225038187714076759894885628076410004871527224729 0 0 0 0 0 0 0 0 0 0 0 0 0 0 0 0 0 0 0 0 0 0 0 0 0 0 0 0 0 0 0 0 0 0 0 0 0 0 0 0 0 0 0 0 0 0 0 0 0 0 0 0 0 0 0 1 0 0 0 0 0 0 0 0 0 0 0 0 0 0 0]
[510181172416905587023676214219786933723177707185951786932065217674735685607798137857918782073155454390569179123375518310689633416211933645741090831856612784592690929146871251578457323138060048499047488143207024967414 0 0 0 0 0 0 0 0 0 0 0 0 0 0 0 0 0 0 0 0 0 0 0 0 0 0 0 0 0 0 0 0 0 0 0 0 0 0 0 0 0 0 0 0 0 0 0 0 0 0 0 0 0 0 0 0 1 0 0 0 0 0 0 0 0 0 0 0 0 0 0]
[2801798603759108015963324679291048730030051226560754570452827145418134569367249911833722542468406170636479400929685480213167541553400916274800073974092049233626408390758115973715576930054379170589764488465624868351178 0 0 0 0 0 0 0 0 0 0 0 0 0 0 0 0 0 0 0 0 0 0 0 0 0 0 0 0 0 0 0 0 0 0 0 0 0 0 0 0 0 0 0 0 0 0 0 0 0 0 0 0 0 0 0 0 0 1 0 0 0 0 0 0 0 0 0 0 0 0 0]
[114974785085988637840537932605926082764444200554797361006534181978644228645610256270596147161382066939145596185394602018869651132753453833842084229872815923834784374521935031964596744423741865528129637853863393559852 0 0 0 0 0 0 0 0 0 0 0 0 0 0 0 0 0 0 0 0 0 0 0 0 0 0 0 0 0 0 0 0 0 0 0 0 0 0 0 0 0 0 0 0 0 0 0 0 0 0 0 0 0 0 0 0 0 0 1 0 0 0 0 0 0 0 0 0 0 0 0]
[794176748979964445168699489694641397392198708026810965291725549270811939215629228019393636125046779773245369362710369529939098806654434743418188761659798718550542766124452123456064224558900355860108265635926225442488 0 0 0 0 0 0 0 0 0 0 0 0 0 0 0 0 0 0 0 0 0 0 0 0 0 0 0 0 0 0 0 0 0 0 0 0 0 0 0 0 0 0 0 0 0 0 0 0 0 0 0 0 0 0 0 0 0 0 0 1 0 0 0 0 0 0 0 0 0 0 0]
[2584130489510565815488684487048300057581941192352815392126006598340201189514176481925453073053456031128277608470151240565056402096719730592529218245846989208078385606613835910326194943731010219665920793298997244812848 0 0 0 0 0 0 0 0 0 0 0 0 0 0 0 0 0 0 0 0 0 0 0 0 0 0 0 0 0 0 0 0 0 0 0 0 0 0 0 0 0 0 0 0 0 0 0 0 0 0 0 0 0 0 0 0 0 0 0 0 1 0 0 0 0 0 0 0 0 0 0]
[458673490381662156005763694010559567674373755017187541257559640061919049785069631217766096050461719769272014831505138701988159517676129504076856412889267761216953803962981440227114015035558085526331774172559508024384 0 0 0 0 0 0 0 0 0 0 0 0 0 0 0 0 0 0 0 0 0 0 0 0 0 0 0 0 0 0 0 0 0 0 0 0 0 0 0 0 0 0 0 0 0 0 0 0 0 0 0 0 0 0 0 0 0 0 0 0 0 1 0 0 0 0 0 0 0 0 0]
[277566396200488442818742944089065808221372453773598795505821623723394102584771350808687455317287091479322445754700809130871172916703410552864546579426762294681749653607206439737585374133876969569162512525614236294322 0 0 0 0 0 0 0 0 0 0 0 0 0 0 0 0 0 0 0 0 0 0 0 0 0 0 0 0 0 0 0 0 0 0 0 0 0 0 0 0 0 0 0 0 0 0 0 0 0 0 0 0 0 0 0 0 0 0 0 0 0 0 1 0 0 0 0 0 0 0 0]
[1643210658046054069612161361083818546751170946271497479489354978194023312481281296395790114485088043565209171986701558474914640824653073228561260145032127913851736779131417375333988871958133731006503394107211042942357 0 0 0 0 0 0 0 0 0 0 0 0 0 0 0 0 0 0 0 0 0 0 0 0 0 0 0 0 0 0 0 0 0 0 0 0 0 0 0 0 0 0 0 0 0 0 0 0 0 0 0 0 0 0 0 0 0 0 0 0 0 0 0 1 0 0 0 0 0 0 0]
[1129395711125599022014006163892354986642960660937857054521061692985786514400848546558963054026836815709402098354916342664187674709381179951518564819437894146573986478105858041793509956593370295926178816790144519267228 0 0 0 0 0 0 0 0 0 0 0 0 0 0 0 0 0 0 0 0 0 0 0 0 0 0 0 0 0 0 0 0 0 0 0 0 0 0 0 0 0 0 0 0 0 0 0 0 0 0 0 0 0 0 0 0 0 0 0 0 0 0 0 0 1 0 0 0 0 0 0]
[180582615817131383375784467569735388857483757832246101203216803040225855083956769419893931587569352889745711465874942311137750324892708460086657416158197270330470893033342748276490851739210728946463033087750585009600 0 0 0 0 0 0 0 0 0 0 0 0 0 0 0 0 0 0 0 0 0 0 0 0 0 0 0 0 0 0 0 0 0 0 0 0 0 0 0 0 0 0 0 0 0 0 0 0 0 0 0 0 0 0 0 0 0 0 0 0 0 0 0 0 0 1 0 0 0 0 0]
[1865780686855222030383419682152248062086646987584666101928799963614062794008956317865288336062117753510592920268915889820620897483489167857101616778868736676756183250199090333901386760325255872601987780024188922588898 0 0 0 0 0 0 0 0 0 0 0 0 0 0 0 0 0 0 0 0 0 0 0 0 0 0 0 0 0 0 0 0 0 0 0 0 0 0 0 0 0 0 0 0 0 0 0 0 0 0 0 0 0 0 0 0 0 0 0 0 0 0 0 0 0 0 1 0 0 0 0]
[1250933077452723497559654341904579252152086057150208074966714133236444855965027080822715736160338079264641243601966891261322193104302475771685615712160288147223624725667233464225573705494498577904026599522436426724432 0 0 0 0 0 0 0 0 0 0 0 0 0 0 0 0 0 0 0 0 0 0 0 0 0 0 0 0 0 0 0 0 0 0 0 0 0 0 0 0 0 0 0 0 0 0 0 0 0 0 0 0 0 0 0 0 0 0 0 0 0 0 0 0 0 0 0 1 0 0 0]
[2731847186781106859262201474693967573388332107748149940324423363449342162520187152086587289672737245297646554844041399888453327038407114764486355407948746108781242937299653591790678957805278412498999466797541973248097 0 0 0 0 0 0 0 0 0 0 0 0 0 0 0 0 0 0 0 0 0 0 0 0 0 0 0 0 0 0 0 0 0 0 0 0 0 0 0 0 0 0 0 0 0 0 0 0 0 0 0 0 0 0 0 0 0 0 0 0 0 0 0 0 0 0 0 0 1 0 0]
[18838271747644069965775029860724125943178703472970064753434731240528225553263121118333662023439865485504302220797437676306767685180472764211822860809327215146304053059977458389411569987782613347783659087755693697723 0 0 0 0 0 0 0 0 0 0 0 0 0 0 0 0 0 0 0 0 0 0 0 0 0 0 0 0 0 0 0 0 0 0 0 0 0 0 0 0 0 0 0 0 0 0 0 0 0 0 0 0 0 0 0 0 0 0 0 0 0 0 0 0 0 0 0 0 0 1 0]
[1790523298397885071257176951510731853591176325291525429380071553615399996453971632308707696000790731960815913659468941692622991206220466057693613135898772876298948028839936492535360930338302016869321828414605627946617 0 0 0 0 0 0 0 0 0 0 0 0 0 0 0 0 0 0 0 0 0 0 0 0 0 0 0 0 0 0 0 0 0 0 0 0 0 0 0 0 0 0 0 0 0 0 0 0 0 0 0 0 0 0 0 0 0 0 0 0 0 0 0 0 0 0 0 0 0 0 1]
]
