[[3302100354747509616695263163773316457331322344253944444483678005277120674555483415444791732995140477337193712887101051757077088979459888404199852777134050369511364315981203132824359131297813356853494883547 0 0 0 0 0 0 0 0 0 0 0 0 0 0 0 0 0 0 0 0 0 0 0 0 0 0 0 0 0 0 0 0 0 0 0 0 0 0 0 0 0 0 0 0 0 0 0 0 0 0 0 0 0 0 0 0 0 0 0 0 0 0 0 0 0 0 0]
[2750016233819144500566366568499729635157627821968801484673945309202595637954701402982153303005648491151354494986416503974344707584154316354031139988260868877138188115829056904333618701048520654578172243463 1 0 0 0 0 0 0 0 0 0 0 0 0 0 0 0 0 0 0 0 0 0 0 0 0 0 0 0 0 0 0 0 0 0 0 0 0 0 0 0 0 0 0 0 0 0 0 0 0 0 0 0 0 0 0 0 0 0 0 0 0 0 0 0 0 0 0]
[1871294374934478850612122487632741067394714062186554464682654642575092608264183145700431174747532576677697226468120141522336867057689132012536756589683440869340177287377533918779120728568943219331940008322 0 1 0 0 0 0 0 0 0 0 0 0 0 0 0 0 0 0 0 0 0 0 0 0 0 0 0 0 0 0 0 0 0 0 0 0 0 0 0 0 0 0 0 0 0 0 0 0 0 0 0 0 0 0 0 0 0 0 0 0 0 0 0 0 0 0 0]
[3064167068467482302138290463431007893219557982526606362405039004916150812183550469751192396993179674356745603739793106988676062762566028474672894525618295945341402292407012993319297508454440507595873867398 0 0 1 0 0 0 0 0 0 0 0 0 0 0 0 0 0 0 0 0 0 0 0 0 0 0 0 0 0 0 0 0 0 0 0 0 0 0 0 0 0 0 0 0 0 0 0 0 0 0 0 0 0 0 0 0 0 0 0 0 0 0 0 0 0 0 0]
[2514805937169091154752798625358734184109273133049411923354793473425303791103776333253516945503313395134511456090001698854833412117387448554489352730974794010147393638332164105971491765509765943798598043457 0 0 0 1 0 0 0 0 0 0 0 0 0 0 0 0 0 0 0 0 0 0 0 0 0 0 0 0 0 0 0 0 0 0 0 0 0 0 0 0 0 0 0 0 0 0 0 0 0 0 0 0 0 0 0 0 0 0 0 0 0 0 0 0 0 0 0]
[2447602206584459332802907149173155049992233757352814386093493102287533875016887639152569837476626071564814553737399182908572326556847916903230702240094975824167058079798246989537604435034657098256433208656 0 0 0 0 1 0 0 0 0 0 0 0 0 0 0 0 0 0 0 0 0 0 0 0 0 0 0 0 0 0 0 0 0 0 0 0 0 0 0 0 0 0 0 0 0 0 0 0 0 0 0 0 0 0 0 0 0 0 0 0 0 0 0 0 0 0 0]
[3034210087416428852602614562929182636745460565182586370598172929789871186856160214651744903248926310508557157382317946982893294368359096814936918204313514824387659658605628088484072948260054879258826962192 0 0 0 0 0 1 0 0 0 0 0 0 0 0 0 0 0 0 0 0 0 0 0 0 0 0 0 0 0 0 0 0 0 0 0 0 0 0 0 0 0 0 0 0 0 0 0 0 0 0 0 0 0 0 0 0 0 0 0 0 0 0 0 0 0 0 0]
[3100998915024585175324539146019919380576403193707826170080742782937684831956397144970926287480245002640981417506276010159249403944843010159045909278337127476252340637386855232856240271003541876457902663367 0 0 0 0 0 0 1 0 0 0 0 0 0 0 0 0 0 0 0 0 0 0 0 0 0 0 0 0 0 0 0 0 0 0 0 0 0 0 0 0 0 0 0 0 0 0 0 0 0 0 0 0 0 0 0 0 0 0 0 0 0 0 0 0 0 0 0]
[2560957730773467589940664914856251248622809768365191590229208050498626506759224655089719619382765120704929337850919541646388810723769098055644809328278828611186596199264296971154413602473822231051703125510 0 0 0 0 0 0 0 1 0 0 0 0 0 0 0 0 0 0 0 0 0 0 0 0 0 0 0 0 0 0 0 0 0 0 0 0 0 0 0 0 0 0 0 0 0 0 0 0 0 0 0 0 0 0 0 0 0 0 0 0 0 0 0 0 0 0 0]
[2013035917784444241071708514401276909656581889310216678848514449993304018202009323134103278562974116445406203298997224621974500294189375727199865413224045172291993455197976966126354324625779135539655649429 0 0 0 0 0 0 0 0 1 0 0 0 0 0 0 0 0 0 0 0 0 0 0 0 0 0 0 0 0 0 0 0 0 0 0 0 0 0 0 0 0 0 0 0 0 0 0 0 0 0 0 0 0 0 0 0 0 0 0 0 0 0 0 0 0 0 0]
[1811335418924559770122837199909109357939521478689672475556868422483992055560659360112971123545174245969258537675421419945637642134355860331522308997197988761759532094067552058865448335060675491860153469484 0 0 0 0 0 0 0 0 0 1 0 0 0 0 0 0 0 0 0 0 0 0 0 0 0 0 0 0 0 0 0 0 0 0 0 0 0 0 0 0 0 0 0 0 0 0 0 0 0 0 0 0 0 0 0 0 0 0 0 0 0 0 0 0 0 0 0]
[2705598386271468882814219319017595356249021593684955951383490616066261823037333243316488219331135112191519980933605885123928006029465245290052310060888773713201075021050988150774556966016846870701880969673 0 0 0 0 0 0 0 0 0 0 1 0 0 0 0 0 0 0 0 0 0 0 0 0 0 0 0 0 0 0 0 0 0 0 0 0 0 0 0 0 0 0 0 0 0 0 0 0 0 0 0 0 0 0 0 0 0 0 0 0 0 0 0 0 0 0 0]
[2453258091808604939182484011292064142063201791031689570928049989108241783870647809069011396337338738769347802257087753745424358621323534743892628107171937110898088710306390866183137336574835364718748435307 0 0 0 0 0 0 0 0 0 0 0 1 0 0 0 0 0 0 0 0 0 0 0 0 0 0 0 0 0 0 0 0 0 0 0 0 0 0 0 0 0 0 0 0 0 0 0 0 0 0 0 0 0 0 0 0 0 0 0 0 0 0 0 0 0 0 0]
[2163746488982987993028282969022780474118646883254940801246764460720899728204052417103662312707039908505445090180803483696197626345019123264119168539083599062826254571296518968226659467586444807052068744295 0 0 0 0 0 0 0 0 0 0 0 0 1 0 0 0 0 0 0 0 0 0 0 0 0 0 0 0 0 0 0 0 0 0 0 0 0 0 0 0 0 0 0 0 0 0 0 0 0 0 0 0 0 0 0 0 0 0 0 0 0 0 0 0 0 0 0]
[2871706578427579138869063631438928924656834262267764254773459965735197136105014424448960538771737899091403557977384699134555962892620456762720569290541621333115872797398709943224722666206201981419787658780 0 0 0 0 0 0 0 0 0 0 0 0 0 1 0 0 0 0 0 0 0 0 0 0 0 0 0 0 0 0 0 0 0 0 0 0 0 0 0 0 0 0 0 0 0 0 0 0 0 0 0 0 0 0 0 0 0 0 0 0 0 0 0 0 0 0 0]
[2728746903009161169534092397510498516949074322155272693953100467648548848834851380602503220291238972978790117092268521968914684550763432528709170940714774886464543632570607325709641723567382804557179402809 0 0 0 0 0 0 0 0 0 0 0 0 0 0 1 0 0 0 0 0 0 0 0 0 0 0 0 0 0 0 0 0 0 0 0 0 0 0 0 0 0 0 0 0 0 0 0 0 0 0 0 0 0 0 0 0 0 0 0 0 0 0 0 0 0 0 0]
[2004479896087775744204872853814594286227346338930993328921006708721440874363742577145221323420725622967080268291943330626679893528179637992377078313948433583385976055308061977159030365822200040909643274949 0 0 0 0 0 0 0 0 0 0 0 0 0 0 0 1 0 0 0 0 0 0 0 0 0 0 0 0 0 0 0 0 0 0 0 0 0 0 0 0 0 0 0 0 0 0 0 0 0 0 0 0 0 0 0 0 0 0 0 0 0 0 0 0 0 0 0]
[811136505395072168059054484957137879501016605696686065700405131297327194876082376877221582379547096998576371483329470903793601628028872099801109223952597086857824007085451112541254957031821713686678567273 0 0 0 0 0 0 0 0 0 0 0 0 0 0 0 0 1 0 0 0 0 0 0 0 0 0 0 0 0 0 0 0 0 0 0 0 0 0 0 0 0 0 0 0 0 0 0 0 0 0 0 0 0 0 0 0 0 0 0 0 0 0 0 0 0 0 0]
[2073674706079136005544792041079657167291196788843158655138778038601661972624913619542371610164303522352384552464771077569476877315343885017565677497598291287368465257708713577066227510707883495587543923983 0 0 0 0 0 0 0 0 0 0 0 0 0 0 0 0 0 1 0 0 0 0 0 0 0 0 0 0 0 0 0 0 0 0 0 0 0 0 0 0 0 0 0 0 0 0 0 0 0 0 0 0 0 0 0 0 0 0 0 0 0 0 0 0 0 0 0]
[1194783591638034961644057418599541298871057802828022720799394354146034074159581613693592232425664924361483469769913508435120961312660512607275278848014837616560210272583929420489697518970626345572341491831 0 0 0 0 0 0 0 0 0 0 0 0 0 0 0 0 0 0 1 0 0 0 0 0 0 0 0 0 0 0 0 0 0 0 0 0 0 0 0 0 0 0 0 0 0 0 0 0 0 0 0 0 0 0 0 0 0 0 0 0 0 0 0 0 0 0 0]
[3084683312936780957850098506286265527354270815312199555396445424537130887350576525332942722716595316205349926696378110107482935798437170350053819858786609562179242801770289668585855588609744291613962103118 0 0 0 0 0 0 0 0 0 0 0 0 0 0 0 0 0 0 0 1 0 0 0 0 0 0 0 0 0 0 0 0 0 0 0 0 0 0 0 0 0 0 0 0 0 0 0 0 0 0 0 0 0 0 0 0 0 0 0 0 0 0 0 0 0 0 0]
[1096238773582219603451568171738267199129686989794346839824142626172072361659164565311237414087620780535033295142699923126363578012726126493608929616806549876931015653997779449729215092645760157671161182210 0 0 0 0 0 0 0 0 0 0 0 0 0 0 0 0 0 0 0 0 1 0 0 0 0 0 0 0 0 0 0 0 0 0 0 0 0 0 0 0 0 0 0 0 0 0 0 0 0 0 0 0 0 0 0 0 0 0 0 0 0 0 0 0 0 0 0]
[2093048477389043229696949415975438865145185853498224614470020935731702063213558936030951184835752215784533495708825955120383753218524007047069480811271045267087660899243208832758219629488377082806142412984 0 0 0 0 0 0 0 0 0 0 0 0 0 0 0 0 0 0 0 0 0 1 0 0 0 0 0 0 0 0 0 0 0 0 0 0 0 0 0 0 0 0 0 0 0 0 0 0 0 0 0 0 0 0 0 0 0 0 0 0 0 0 0 0 0 0 0]
[701700987076628570805146093393110800882217986461712200179374884645379079959543627657350113344002269325115792364776437629910579262308788191845877525237262126140597963074857586833142527648970373710831973825 0 0 0 0 0 0 0 0 0 0 0 0 0 0 0 0 0 0 0 0 0 0 1 0 0 0 0 0 0 0 0 0 0 0 0 0 0 0 0 0 0 0 0 0 0 0 0 0 0 0 0 0 0 0 0 0 0 0 0 0 0 0 0 0 0 0 0]
[1033527372073673338512591997332560665160173710961174159321767437461151753958795140891568855596707940391043520435153620490252738983931874774852489177451485042328460147862857326536022712841626015826933732980 0 0 0 0 0 0 0 0 0 0 0 0 0 0 0 0 0 0 0 0 0 0 0 1 0 0 0 0 0 0 0 0 0 0 0 0 0 0 0 0 0 0 0 0 0 0 0 0 0 0 0 0 0 0 0 0 0 0 0 0 0 0 0 0 0 0 0]
[433550390769324955718203395009627348489084571104476693922500294742195829278343630585484850039062348222433932108100382814654063443164673568977568696523128495642370853782839539836511817514590062375217286704 0 0 0 0 0 0 0 0 0 0 0 0 0 0 0 0 0 0 0 0 0 0 0 0 1 0 0 0 0 0 0 0 0 0 0 0 0 0 0 0 0 0 0 0 0 0 0 0 0 0 0 0 0 0 0 0 0 0 0 0 0 0 0 0 0 0 0]
[2594094353327089634552789356083449426305886087548449112924477134052727174259541855586843573992451687350830755839311813971224553090496139714096030589292811635606061095042226604347587858291505083612663179376 0 0 0 0 0 0 0 0 0 0 0 0 0 0 0 0 0 0 0 0 0 0 0 0 0 1 0 0 0 0 0 0 0 0 0 0 0 0 0 0 0 0 0 0 0 0 0 0 0 0 0 0 0 0 0 0 0 0 0 0 0 0 0 0 0 0 0]
[1142144952783164630359577938826099015940769767151178891867793528428280966133431692462430351265549916374445367504458429418740340954577896957741734542900152646080990201013551864736761114584809316953563966321 0 0 0 0 0 0 0 0 0 0 0 0 0 0 0 0 0 0 0 0 0 0 0 0 0 0 1 0 0 0 0 0 0 0 0 0 0 0 0 0 0 0 0 0 0 0 0 0 0 0 0 0 0 0 0 0 0 0 0 0 0 0 0 0 0 0 0]
[25423235690184085601604958733426153415349107012351398851487473642453633418713409276473098726168595862665826600008570962089697665272659801198079088032014092648176690403880005334826197546162806608620864765 0 0 0 0 0 0 0 0 0 0 0 0 0 0 0 0 0 0 0 0 0 0 0 0 0 0 0 1 0 0 0 0 0 0 0 0 0 0 0 0 0 0 0 0 0 0 0 0 0 0 0 0 0 0 0 0 0 0 0 0 0 0 0 0 0 0 0]
[515207274411692018788554121996423866983741101205220738773490083403176504213752724701271682635080111693510757567010484334070739389806666509264848094007108406482307506801533474048219357901202810293665682736 0 0 0 0 0 0 0 0 0 0 0 0 0 0 0 0 0 0 0 0 0 0 0 0 0 0 0 0 1 0 0 0 0 0 0 0 0 0 0 0 0 0 0 0 0 0 0 0 0 0 0 0 0 0 0 0 0 0 0 0 0 0 0 0 0 0 0]
[2602880212603505499548116378371909649693470942842230270327374585152425845111334793665790752635990049711592720608294049673214806270898915282800968086236717990085867263973276039955831323264627584529990059159 0 0 0 0 0 0 0 0 0 0 0 0 0 0 0 0 0 0 0 0 0 0 0 0 0 0 0 0 0 1 0 0 0 0 0 0 0 0 0 0 0 0 0 0 0 0 0 0 0 0 0 0 0 0 0 0 0 0 0 0 0 0 0 0 0 0 0]
[904411146515435760367950065029960644553451595570955302537966542768875025784662163235775833439928370443112200334811162150076311031040939124181657002066399552212058776091232312096317006024704962754171123364 0 0 0 0 0 0 0 0 0 0 0 0 0 0 0 0 0 0 0 0 0 0 0 0 0 0 0 0 0 0 1 0 0 0 0 0 0 0 0 0 0 0 0 0 0 0 0 0 0 0 0 0 0 0 0 0 0 0 0 0 0 0 0 0 0 0 0]
[1101509307734198656120333074702589838209755375345309457579083303108328088131377647596603106344306851057654308403105656033433943073769302687164753238035472290201203095446183478935936650981784498523083131438 0 0 0 0 0 0 0 0 0 0 0 0 0 0 0 0 0 0 0 0 0 0 0 0 0 0 0 0 0 0 0 1 0 0 0 0 0 0 0 0 0 0 0 0 0 0 0 0 0 0 0 0 0 0 0 0 0 0 0 0 0 0 0 0 0 0 0]
[3240078361165848029265998193423134818637403933331047073537256874210508711046253480230640050565145379022189959973056938712315722923019394232366252578535529569283442653797034450539015337902123725502722837654 0 0 0 0 0 0 0 0 0 0 0 0 0 0 0 0 0 0 0 0 0 0 0 0 0 0 0 0 0 0 0 0 1 0 0 0 0 0 0 0 0 0 0 0 0 0 0 0 0 0 0 0 0 0 0 0 0 0 0 0 0 0 0 0 0 0 0]
[1472699415632094169906274928791341973658048711664874404160781148747284856097523164028605867401733714427195972108469525865818965012459305013537054296227558645184241261442336792886795352699520129025958452875 0 0 0 0 0 0 0 0 0 0 0 0 0 0 0 0 0 0 0 0 0 0 0 0 0 0 0 0 0 0 0 0 0 1 0 0 0 0 0 0 0 0 0 0 0 0 0 0 0 0 0 0 0 0 0 0 0 0 0 0 0 0 0 0 0 0 0]
[2585567466563539048510855190107432586525390187627550599637198073550352491223486260459033543571450641838127840806281075985719576617311336762087060714106086589096790592936113109569464693371967756410462935698 0 0 0 0 0 0 0 0 0 0 0 0 0 0 0 0 0 0 0 0 0 0 0 0 0 0 0 0 0 0 0 0 0 0 1 0 0 0 0 0 0 0 0 0 0 0 0 0 0 0 0 0 0 0 0 0 0 0 0 0 0 0 0 0 0 0 0]
[230525077649695087604842622040202979281256943531367216935816236612525459786969700032464074052229619118409500864767345893104469563479740193844942294424913004096872836150170322725204429437507529986425028963 0 0 0 0 0 0 0 0 0 0 0 0 0 0 0 0 0 0 0 0 0 0 0 0 0 0 0 0 0 0 0 0 0 0 0 1 0 0 0 0 0 0 0 0 0 0 0 0 0 0 0 0 0 0 0 0 0 0 0 0 0 0 0 0 0 0 0]
[2959570366905897984802327162819529826942856665258280725172667680476222052946507357861155034327855660824054938142321915303038890702705240236296494304064150522560521222503298474691389949235035925089170631718 0 0 0 0 0 0 0 0 0 0 0 0 0 0 0 0 0 0 0 0 0 0 0 0 0 0 0 0 0 0 0 0 0 0 0 0 1 0 0 0 0 0 0 0 0 0 0 0 0 0 0 0 0 0 0 0 0 0 0 0 0 0 0 0 0 0 0]
[2541836256996118052537659931196839889893161666966358789725103117632091792659311403036486604764725338361655239523301925604083671936670700304573902141673664232115399217324303840247383955631481121043274125827 0 0 0 0 0 0 0 0 0 0 0 0 0 0 0 0 0 0 0 0 0 0 0 0 0 0 0 0 0 0 0 0 0 0 0 0 0 1 0 0 0 0 0 0 0 0 0 0 0 0 0 0 0 0 0 0 0 0 0 0 0 0 0 0 0 0 0]
[3210428544238466576899668594158023263200464264040717071895340611110955754426229275947541697049204742302500248258977152792262998222194184040664874274839493147853928479260265203724753702609710301878516499285 0 0 0 0 0 0 0 0 0 0 0 0 0 0 0 0 0 0 0 0 0 0 0 0 0 0 0 0 0 0 0 0 0 0 0 0 0 0 1 0 0 0 0 0 0 0 0 0 0 0 0 0 0 0 0 0 0 0 0 0 0 0 0 0 0 0 0]
[3037202116002076895803852122719747639923533227562164062529225664594536675469196096176207493415488524326962816035808166489018206663508669582011813729451525296365536757143321270221476735154605489575529252624 0 0 0 0 0 0 0 0 0 0 0 0 0 0 0 0 0 0 0 0 0 0 0 0 0 0 0 0 0 0 0 0 0 0 0 0 0 0 0 1 0 0 0 0 0 0 0 0 0 0 0 0 0 0 0 0 0 0 0 0 0 0 0 0 0 0 0]
[2740641404475165338766267484486616218857592751973177174396610675267435538555600747630363344682512894967812557019087922731314212522347887477746841788894531591041460608101054783113299944104340275409350774315 0 0 0 0 0 0 0 0 0 0 0 0 0 0 0 0 0 0 0 0 0 0 0 0 0 0 0 0 0 0 0 0 0 0 0 0 0 0 0 0 1 0 0 0 0 0 0 0 0 0 0 0 0 0 0 0 0 0 0 0 0 0 0 0 0 0 0]
[260828644894472944775836061688677029588944585145194328139533196352654631993248665620100492184727906632242203063808572794160354696526912399266192954711620359440242579332513964145563782426631179080450891119 0 0 0 0 0 0 0 0 0 0 0 0 0 0 0 0 0 0 0 0 0 0 0 0 0 0 0 0 0 0 0 0 0 0 0 0 0 0 0 0 0 1 0 0 0 0 0 0 0 0 0 0 0 0 0 0 0 0 0 0 0 0 0 0 0 0 0]
[519092039948133001997023642950404648023688445722087843005475450817908812015193693275266255523055228301902073265561057290013492538126303574010440481626309980174336474109458660852044986654206022481886943925 0 0 0 0 0 0 0 0 0 0 0 0 0 0 0 0 0 0 0 0 0 0 0 0 0 0 0 0 0 0 0 0 0 0 0 0 0 0 0 0 0 0 1 0 0 0 0 0 0 0 0 0 0 0 0 0 0 0 0 0 0 0 0 0 0 0 0]
[3165732630659055993730710957204073447460770329554020887200082378160288032773284341717633816193868899609207396502962954293034503590323736911866794998804991253034894376716703079409599291018749158892240820117 0 0 0 0 0 0 0 0 0 0 0 0 0 0 0 0 0 0 0 0 0 0 0 0 0 0 0 0 0 0 0 0 0 0 0 0 0 0 0 0 0 0 0 1 0 0 0 0 0 0 0 0 0 0 0 0 0 0 0 0 0 0 0 0 0 0 0]
[3191718586202241530515083082957992495417955868743165238228436033775780561045050780233811540944030929441854229393923684001610726823429623502416147389388778464885784982453778214146710140905350477220029252841 0 0 0 0 0 0 0 0 0 0 0 0 0 0 0 0 0 0 0 0 0 0 0 0 0 0 0 0 0 0 0 0 0 0 0 0 0 0 0 0 0 0 0 0 1 0 0 0 0 0 0 0 0 0 0 0 0 0 0 0 0 0 0 0 0 0 0]
[2485164781814411011822326510818578718473539010570626068659157553631328756569611469194407943690618226574567601164204991145397712451884618923172378884099404720027874775305529071202115399213388646241127082403 0 0 0 0 0 0 0 0 0 0 0 0 0 0 0 0 0 0 0 0 0 0 0 0 0 0 0 0 0 0 0 0 0 0 0 0 0 0 0 0 0 0 0 0 0 1 0 0 0 0 0 0 0 0 0 0 0 0 0 0 0 0 0 0 0 0 0]
[1940517410975463648637949550212754653459123955320195159549045795800539125041434862603459987647604844902346414455668521445688095541381389882639235792431875051487487512507186635459921249689715693685796517243 0 0 0 0 0 0 0 0 0 0 0 0 0 0 0 0 0 0 0 0 0 0 0 0 0 0 0 0 0 0 0 0 0 0 0 0 0 0 0 0 0 0 0 0 0 0 1 0 0 0 0 0 0 0 0 0 0 0 0 0 0 0 0 0 0 0 0]
[1077779404249324003692957124153080455160746387328010712661180445540399607312423481050333841779128408988902666111365857795565107524625473731702238390132050937026399403785857186495789140274229606102021993782 0 0 0 0 0 0 0 0 0 0 0 0 0 0 0 0 0 0 0 0 0 0 0 0 0 0 0 0 0 0 0 0 0 0 0 0 0 0 0 0 0 0 0 0 0 0 0 1 0 0 0 0 0 0 0 0 0 0 0 0 0 0 0 0 0 0 0]
[105170744077649929247252352808776285590146520260237751878097489844536813494490061534727627267952417982334578372079335474959773270321993948172292285903955425632403914281054988493907803060543134073054085150 0 0 0 0 0 0 0 0 0 0 0 0 0 0 0 0 0 0 0 0 0 0 0 0 0 0 0 0 0 0 0 0 0 0 0 0 0 0 0 0 0 0 0 0 0 0 0 0 1 0 0 0 0 0 0 0 0 0 0 0 0 0 0 0 0 0 0]
[1793505967942329969583702193762875083316717128029387766531644609097293663780888363058356917794069993988473434172292831012869891893116709583464300110954012758088334996031205589634397190439492590189169469719 0 0 0 0 0 0 0 0 0 0 0 0 0 0 0 0 0 0 0 0 0 0 0 0 0 0 0 0 0 0 0 0 0 0 0 0 0 0 0 0 0 0 0 0 0 0 0 0 0 1 0 0 0 0 0 0 0 0 0 0 0 0 0 0 0 0 0]
[113510307239356251344617749922592348165184404164977116053709225791266605403497018619920208686479814792581978325658758525267177475865099235621372618456571035531649078652059197357334678423051103501857029593 0 0 0 0 0 0 0 0 0 0 0 0 0 0 0 0 0 0 0 0 0 0 0 0 0 0 0 0 0 0 0 0 0 0 0 0 0 0 0 0 0 0 0 0 0 0 0 0 0 0 1 0 0 0 0 0 0 0 0 0 0 0 0 0 0 0 0]
[1222730506633915966786899673987539519014475267796109643761662778959276954986859509875302197683078190695719980471614409211357700373894878801843794704987837535953493383725616730134673029423790236638033810059 0 0 0 0 0 0 0 0 0 0 0 0 0 0 0 0 0 0 0 0 0 0 0 0 0 0 0 0 0 0 0 0 0 0 0 0 0 0 0 0 0 0 0 0 0 0 0 0 0 0 0 1 0 0 0 0 0 0 0 0 0 0 0 0 0 0 0]
[2532845309587083422678567008351460325596829286408132777293356134205458814664937204456592930213872375707508792684950159565125803454457522090938855281552987529729949420534286061585469935311614207717618676669 0 0 0 0 0 0 0 0 0 0 0 0 0 0 0 0 0 0 0 0 0 0 0 0 0 0 0 0 0 0 0 0 0 0 0 0 0 0 0 0 0 0 0 0 0 0 0 0 0 0 0 0 1 0 0 0 0 0 0 0 0 0 0 0 0 0 0]
[1693613333197634402926822747452031337193373862219981014863027267181284988476263816357505492053472292914052517815960675921510002021086497918228577205618983049635648637832240169918068241672040939617535431329 0 0 0 0 0 0 0 0 0 0 0 0 0 0 0 0 0 0 0 0 0 0 0 0 0 0 0 0 0 0 0 0 0 0 0 0 0 0 0 0 0 0 0 0 0 0 0 0 0 0 0 0 0 1 0 0 0 0 0 0 0 0 0 0 0 0 0]
[1635201549693683303506645691837873561810966542396854505134858379862321162513752423290280122748831522308295086668268609815353529592097581220526991169578743713193209968507965732857886068303382773905026139635 0 0 0 0 0 0 0 0 0 0 0 0 0 0 0 0 0 0 0 0 0 0 0 0 0 0 0 0 0 0 0 0 0 0 0 0 0 0 0 0 0 0 0 0 0 0 0 0 0 0 0 0 0 0 1 0 0 0 0 0 0 0 0 0 0 0 0]
[866636968097936630827202374508846906030630782069212711383437395344709213001543926890010934883001765444941946709794486970040864329262820912737760152457611633194779275569277608387176781595811178396361163950 0 0 0 0 0 0 0 0 0 0 0 0 0 0 0 0 0 0 0 0 0 0 0 0 0 0 0 0 0 0 0 0 0 0 0 0 0 0 0 0 0 0 0 0 0 0 0 0 0 0 0 0 0 0 0 1 0 0 0 0 0 0 0 0 0 0 0]
[2643771280063534145597069687451168825708873114740207590038923272264504885561020778573183709975012077948496063253624485231904830998590893030220145410284554754557059509944035694826640958648209734401249287167 0 0 0 0 0 0 0 0 0 0 0 0 0 0 0 0 0 0 0 0 0 0 0 0 0 0 0 0 0 0 0 0 0 0 0 0 0 0 0 0 0 0 0 0 0 0 0 0 0 0 0 0 0 0 0 0 1 0 0 0 0 0 0 0 0 0 0]
[2598347112008628690593666507334847865729775302727211881664114757147272378162807561728132089708805884029667776940894882701102980199714716149007581793564433053031400058881629373940008247764032399255516548043 0 0 0 0 0 0 0 0 0 0 0 0 0 0 0 0 0 0 0 0 0 0 0 0 0 0 0 0 0 0 0 0 0 0 0 0 0 0 0 0 0 0 0 0 0 0 0 0 0 0 0 0 0 0 0 0 0 1 0 0 0 0 0 0 0 0 0]
[492118094952442296946095135269202312572327024272128538733704196097654986312639908727746480269856222961501596804153009038984142411422176728722985617345167279489086835476672372573382652388683759045458782285 0 0 0 0 0 0 0 0 0 0 0 0 0 0 0 0 0 0 0 0 0 0 0 0 0 0 0 0 0 0 0 0 0 0 0 0 0 0 0 0 0 0 0 0 0 0 0 0 0 0 0 0 0 0 0 0 0 0 1 0 0 0 0 0 0 0 0]
[1156182777847821990723283016932114744170773579193375216452311251901262602494195227473123941080024312522236715165465174529015576805100227115149946249382897719323200075460796033667213465296006909804727504383 0 0 0 0 0 0 0 0 0 0 0 0 0 0 0 0 0 0 0 0 0 0 0 0 0 0 0 0 0 0 0 0 0 0 0 0 0 0 0 0 0 0 0 0 0 0 0 0 0 0 0 0 0 0 0 0 0 0 0 1 0 0 0 0 0 0 0]
[1099851731686335898737817200819768139754308696504892960023128945914854528644196668930268176977041542314178804124457856492110877318605943956261572193004878912472277861721580618777657648373627977919433852921 0 0 0 0 0 0 0 0 0 0 0 0 0 0 0 0 0 0 0 0 0 0 0 0 0 0 0 0 0 0 0 0 0 0 0 0 0 0 0 0 0 0 0 0 0 0 0 0 0 0 0 0 0 0 0 0 0 0 0 0 1 0 0 0 0 0 0]
[234586562272599058283172209340992187033372711660499026073814213364569868881373051472057745707216710276624814576947341445657171831207820906784278158420815170370616516210173620390935459649634322752302073364 0 0 0 0 0 0 0 0 0 0 0 0 0 0 0 0 0 0 0 0 0 0 0 0 0 0 0 0 0 0 0 0 0 0 0 0 0 0 0 0 0 0 0 0 0 0 0 0 0 0 0 0 0 0 0 0 0 0 0 0 0 1 0 0 0 0 0]
[1157009513317917177635018457283491078118723667864730790161316804484487061616436986442862366976783304524483679605802114188242350267263724978926575825075217440408594670222892279609852416777465088026955898389 0 0 0 0 0 0 0 0 0 0 0 0 0 0 0 0 0 0 0 0 0 0 0 0 0 0 0 0 0 0 0 0 0 0 0 0 0 0 0 0 0 0 0 0 0 0 0 0 0 0 0 0 0 0 0 0 0 0 0 0 0 0 1 0 0 0 0]
[1072669261027923653691644778143315125283888216581468106873220067052468372996494336002716486104898480149719281612611679109449147010080047128297972197246417365150069374235509963527501830849479012682054989935 0 0 0 0 0 0 0 0 0 0 0 0 0 0 0 0 0 0 0 0 0 0 0 0 0 0 0 0 0 0 0 0 0 0 0 0 0 0 0 0 0 0 0 0 0 0 0 0 0 0 0 0 0 0 0 0 0 0 0 0 0 0 0 1 0 0 0]
[2185184881309362143499800786724613766735769956188803950032914836262251327711564086847662566433095220271963556294230350149705061040156665620931711387984106772634658361359792980101676892423654159702154804486 0 0 0 0 0 0 0 0 0 0 0 0 0 0 0 0 0 0 0 0 0 0 0 0 0 0 0 0 0 0 0 0 0 0 0 0 0 0 0 0 0 0 0 0 0 0 0 0 0 0 0 0 0 0 0 0 0 0 0 0 0 0 0 0 1 0 0]
[3262401013391698997245872773280142803409333694961429502495992995496351365569565939917265262081869978499875872025128913298952481071801754342188173922569014356092592983377017423482373709990075485529200692547 0 0 0 0 0 0 0 0 0 0 0 0 0 0 0 0 0 0 0 0 0 0 0 0 0 0 0 0 0 0 0 0 0 0 0 0 0 0 0 0 0 0 0 0 0 0 0 0 0 0 0 0 0 0 0 0 0 0 0 0 0 0 0 0 0 1 0]
[103864930109615333645654795313039780842729313139919237857667377960912614726973992118903577109734716840477751052570738010364175370531878014367586163878434991438744610277658748088728321968092790167749126167 0 0 0 0 0 0 0 0 0 0 0 0 0 0 0 0 0 0 0 0 0 0 0 0 0 0 0 0 0 0 0 0 0 0 0 0 0 0 0 0 0 0 0 0 0 0 0 0 0 0 0 0 0 0 0 0 0 0 0 0 0 0 0 0 0 0 1]
]
