[[5303000960600112004186309561905319057757039321745480394602314146533044425726365243006201715885462193316726775995894890259386228882647010053720621373197830855256069317308726265445607216402014680303973649698496818447729545683136064964626500928278529493351 0 0 0 0 0 0 0 0 0 0 0 0 0 0 0 0 0 0 0 0 0 0 0 0 0 0 0 0 0 0 0 0 0 0 0 0 0 0 0 0 0 0 0 0 0 0 0 0 0 0 0 0 0 0 0 0 0 0 0 0 0 0 0 0 0 0 0 0 0 0 0 0 0 0 0 0 0 0 0 0 0 0 0]
[162437600155800294629768450570655610484122551955456187104953707288836235556943103168043462503096776468175030436974897505853489708391411305885758188472148291485583068342760652484698488718372494107201275444947200253380306363929956801797238584512674346290 1 0 0 0 0 0 0 0 0 0 0 0 0 0 0 0 0 0 0 0 0 0 0 0 0 0 0 0 0 0 0 0 0 0 0 0 0 0 0 0 0 0 0 0 0 0 0 0 0 0 0 0 0 0 0 0 0 0 0 0 0 0 0 0 0 0 0 0 0 0 0 0 0 0 0 0 0 0 0 0 0 0 0]
[4717989808352533449541658819228583813242958060826411563882498802042869131997030799256939269708538366006412585127168954312982832119402080272313726358096591698399985255497469141686015424152940678882071815436858725309946829961257123132179878524679736692707 0 1 0 0 0 0 0 0 0 0 0 0 0 0 0 0 0 0 0 0 0 0 0 0 0 0 0 0 0 0 0 0 0 0 0 0 0 0 0 0 0 0 0 0 0 0 0 0 0 0 0 0 0 0 0 0 0 0 0 0 0 0 0 0 0 0 0 0 0 0 0 0 0 0 0 0 0 0 0 0 0 0 0]
[57404145586989543365442077490975198718846240584823235548343246333329672426891166308120545797478286714734768017072803225239881520425436218492916412701956486695571005629895835941988277333027350993049579602634331959632646530876433851165123428699214292376 0 0 1 0 0 0 0 0 0 0 0 0 0 0 0 0 0 0 0 0 0 0 0 0 0 0 0 0 0 0 0 0 0 0 0 0 0 0 0 0 0 0 0 0 0 0 0 0 0 0 0 0 0 0 0 0 0 0 0 0 0 0 0 0 0 0 0 0 0 0 0 0 0 0 0 0 0 0 0 0 0 0 0]
[384797496053919717103488044317156092698958063381270594305728909239188602913644895416284715751810189004218835849747594535498455584362285455916918465932817344613501912958874423264675849816671593576124549286205183116750062618574097687536247102850288095934 0 0 0 1 0 0 0 0 0 0 0 0 0 0 0 0 0 0 0 0 0 0 0 0 0 0 0 0 0 0 0 0 0 0 0 0 0 0 0 0 0 0 0 0 0 0 0 0 0 0 0 0 0 0 0 0 0 0 0 0 0 0 0 0 0 0 0 0 0 0 0 0 0 0 0 0 0 0 0 0 0 0 0]
[2996567193389074884940776892344873376826368210731735313228762922955607004829763426434563423249402515374373925312051782955556872017928717551920587345705436021716982167226425024027808102372664683189297916913179930940670498634050187115881632990913557075417 0 0 0 0 1 0 0 0 0 0 0 0 0 0 0 0 0 0 0 0 0 0 0 0 0 0 0 0 0 0 0 0 0 0 0 0 0 0 0 0 0 0 0 0 0 0 0 0 0 0 0 0 0 0 0 0 0 0 0 0 0 0 0 0 0 0 0 0 0 0 0 0 0 0 0 0 0 0 0 0 0 0 0]
[3474598531945405592443933825328462823428030670020353853516262269494297632684660494987740308304795455929616378185977014234624892575997738130949088693523622204247258393818087584920438892643352067823044876204070722193033250788262704716669299746648078266697 0 0 0 0 0 1 0 0 0 0 0 0 0 0 0 0 0 0 0 0 0 0 0 0 0 0 0 0 0 0 0 0 0 0 0 0 0 0 0 0 0 0 0 0 0 0 0 0 0 0 0 0 0 0 0 0 0 0 0 0 0 0 0 0 0 0 0 0 0 0 0 0 0 0 0 0 0 0 0 0 0 0 0]
[1764450490086879506874685633610359349752474886064102828769507008206067565605708179939703169317227982088591865564818448038119548091234790789364314733267678622366058176863937269698352288871135262158680503696600450682275040923587301842542518576572428046484 0 0 0 0 0 0 1 0 0 0 0 0 0 0 0 0 0 0 0 0 0 0 0 0 0 0 0 0 0 0 0 0 0 0 0 0 0 0 0 0 0 0 0 0 0 0 0 0 0 0 0 0 0 0 0 0 0 0 0 0 0 0 0 0 0 0 0 0 0 0 0 0 0 0 0 0 0 0 0 0 0 0 0]
[343953596491796923274079670807486813655933114420119046619687125758653824750037541472770448742258552989072636008760146656661327573941689867344193689264543698732527800906526705634039800830504986207920197218243223495374623193232052382534633283766040984647 0 0 0 0 0 0 0 1 0 0 0 0 0 0 0 0 0 0 0 0 0 0 0 0 0 0 0 0 0 0 0 0 0 0 0 0 0 0 0 0 0 0 0 0 0 0 0 0 0 0 0 0 0 0 0 0 0 0 0 0 0 0 0 0 0 0 0 0 0 0 0 0 0 0 0 0 0 0 0 0 0 0 0]
[3297899899035302933439172699556144182871883939396495953955534611284082060836544152574591909447433047882089827557828418924694075076118952643429440522423705028946426009488401521868346511305093091514711857305764625627642906687535877090951012313486806337176 0 0 0 0 0 0 0 0 1 0 0 0 0 0 0 0 0 0 0 0 0 0 0 0 0 0 0 0 0 0 0 0 0 0 0 0 0 0 0 0 0 0 0 0 0 0 0 0 0 0 0 0 0 0 0 0 0 0 0 0 0 0 0 0 0 0 0 0 0 0 0 0 0 0 0 0 0 0 0 0 0 0 0]
[1242282034133817124823951417787435029854336136979665832877922842196485523983490148052321406388270656070064351796000699061320321144185388340671388873178173874947286833272049880271868076172208092326312369060415836042190392500995985686605451783165672574160 0 0 0 0 0 0 0 0 0 1 0 0 0 0 0 0 0 0 0 0 0 0 0 0 0 0 0 0 0 0 0 0 0 0 0 0 0 0 0 0 0 0 0 0 0 0 0 0 0 0 0 0 0 0 0 0 0 0 0 0 0 0 0 0 0 0 0 0 0 0 0 0 0 0 0 0 0 0 0 0 0 0 0]
[99392928713302889323466364724331721684165868261771930928435548896332066538656247776307330403007189972266543687933356603252167180660917522454130162937248697292227113466837044797253225512894741219762270560407010028326991714287030952178268071508897370849 0 0 0 0 0 0 0 0 0 0 1 0 0 0 0 0 0 0 0 0 0 0 0 0 0 0 0 0 0 0 0 0 0 0 0 0 0 0 0 0 0 0 0 0 0 0 0 0 0 0 0 0 0 0 0 0 0 0 0 0 0 0 0 0 0 0 0 0 0 0 0 0 0 0 0 0 0 0 0 0 0 0 0]
[4345752043437259612504583855526986595322070141074965189153112133085113945916238856193658094618580423260124245909347213276075742481331874951425374850185830140880705519514198534823398711157568178201606906932307914510650818633169722943352172926433218264227 0 0 0 0 0 0 0 0 0 0 0 1 0 0 0 0 0 0 0 0 0 0 0 0 0 0 0 0 0 0 0 0 0 0 0 0 0 0 0 0 0 0 0 0 0 0 0 0 0 0 0 0 0 0 0 0 0 0 0 0 0 0 0 0 0 0 0 0 0 0 0 0 0 0 0 0 0 0 0 0 0 0 0]
[5298545748882419577257647069395505404188745187596641272172843738621764464856568883119779435100263300228319964891568311854343793538152003963376505788673535301951954749233335980489284387023960211060798365954700201755167465748413100609195901397850421128649 0 0 0 0 0 0 0 0 0 0 0 0 1 0 0 0 0 0 0 0 0 0 0 0 0 0 0 0 0 0 0 0 0 0 0 0 0 0 0 0 0 0 0 0 0 0 0 0 0 0 0 0 0 0 0 0 0 0 0 0 0 0 0 0 0 0 0 0 0 0 0 0 0 0 0 0 0 0 0 0 0 0 0]
[4115636356178625263112966043220513225845104124087572266767079102992563365720890932850050721721663973060425151036901970419267439946511815832376411996081762998175247204007847414370579634075923796445748237090905706651093881100835033435155267586780903860920 0 0 0 0 0 0 0 0 0 0 0 0 0 1 0 0 0 0 0 0 0 0 0 0 0 0 0 0 0 0 0 0 0 0 0 0 0 0 0 0 0 0 0 0 0 0 0 0 0 0 0 0 0 0 0 0 0 0 0 0 0 0 0 0 0 0 0 0 0 0 0 0 0 0 0 0 0 0 0 0 0 0 0]
[4029912621514275081452689698601576011128204531082750908984270626690430431124824049031750307847411199835135644721707188557621687379465185739846712175526431976830827292491670098801007017593986425688660168089483196580535012631152866011857199044538942904113 0 0 0 0 0 0 0 0 0 0 0 0 0 0 1 0 0 0 0 0 0 0 0 0 0 0 0 0 0 0 0 0 0 0 0 0 0 0 0 0 0 0 0 0 0 0 0 0 0 0 0 0 0 0 0 0 0 0 0 0 0 0 0 0 0 0 0 0 0 0 0 0 0 0 0 0 0 0 0 0 0 0 0]
[1930801330938554852722883142625642612502020159772680184961701508117303427693929833731337800605335704455975716114670472833850967292142305093956557436635477970193911723283934066538936493604473324957576001804560802370571375898282154956491511043847865413435 0 0 0 0 0 0 0 0 0 0 0 0 0 0 0 1 0 0 0 0 0 0 0 0 0 0 0 0 0 0 0 0 0 0 0 0 0 0 0 0 0 0 0 0 0 0 0 0 0 0 0 0 0 0 0 0 0 0 0 0 0 0 0 0 0 0 0 0 0 0 0 0 0 0 0 0 0 0 0 0 0 0 0]
[3079176209662596616338795414033357572073769150848185601473543872508740846069024079109746317617566066860482024757492147239014745919843390503303512999021592696426339662548196900389990434041818924764029096902595801534618399901289848130744367180069275488671 0 0 0 0 0 0 0 0 0 0 0 0 0 0 0 0 1 0 0 0 0 0 0 0 0 0 0 0 0 0 0 0 0 0 0 0 0 0 0 0 0 0 0 0 0 0 0 0 0 0 0 0 0 0 0 0 0 0 0 0 0 0 0 0 0 0 0 0 0 0 0 0 0 0 0 0 0 0 0 0 0 0 0]
[151214514602229731029941788094847822752577707105837012266848943811928208705912292025125477003941576796216942848715995887520598223167488454765223965884314858532898353701945543058930900325882038651303561747793805396242978898657542131226833424216243970070 0 0 0 0 0 0 0 0 0 0 0 0 0 0 0 0 0 1 0 0 0 0 0 0 0 0 0 0 0 0 0 0 0 0 0 0 0 0 0 0 0 0 0 0 0 0 0 0 0 0 0 0 0 0 0 0 0 0 0 0 0 0 0 0 0 0 0 0 0 0 0 0 0 0 0 0 0 0 0 0 0 0 0]
[5026456777757400551252417906688385969912119068844213867677246794741068673233936674701524903401556974426928238747735921997478776972271414347264395423753472755066697135782639101253852276060731819533588679684714002185413613563833206132581224765131220231595 0 0 0 0 0 0 0 0 0 0 0 0 0 0 0 0 0 0 1 0 0 0 0 0 0 0 0 0 0 0 0 0 0 0 0 0 0 0 0 0 0 0 0 0 0 0 0 0 0 0 0 0 0 0 0 0 0 0 0 0 0 0 0 0 0 0 0 0 0 0 0 0 0 0 0 0 0 0 0 0 0 0 0]
[4682391609094870333356036582529448956978733181726618229265472507178161185912800716940341206370084748123408422704009699767721707740552804270178634351553547866661842883859657965641814641002993068935358497382888723910210563973860715413739401722403334135556 0 0 0 0 0 0 0 0 0 0 0 0 0 0 0 0 0 0 0 1 0 0 0 0 0 0 0 0 0 0 0 0 0 0 0 0 0 0 0 0 0 0 0 0 0 0 0 0 0 0 0 0 0 0 0 0 0 0 0 0 0 0 0 0 0 0 0 0 0 0 0 0 0 0 0 0 0 0 0 0 0 0 0]
[1841978519149019382912727452193243290004980481480041865396639462379864440741745391804466138318220469578770695471946604605762826860166783991955154608455186209847836682242035002007383151437193401942956605927591875329293149822419795313233693498499283304845 0 0 0 0 0 0 0 0 0 0 0 0 0 0 0 0 0 0 0 0 1 0 0 0 0 0 0 0 0 0 0 0 0 0 0 0 0 0 0 0 0 0 0 0 0 0 0 0 0 0 0 0 0 0 0 0 0 0 0 0 0 0 0 0 0 0 0 0 0 0 0 0 0 0 0 0 0 0 0 0 0 0 0]
[5022817871458083123457289626068754319262060005571546858471303841357095826872381607417692030373644603739180279994612808640226588868568488132556495252898796723585150997000239125705894779656443027721508113581409890760398851160077400082462911487033620029406 0 0 0 0 0 0 0 0 0 0 0 0 0 0 0 0 0 0 0 0 0 1 0 0 0 0 0 0 0 0 0 0 0 0 0 0 0 0 0 0 0 0 0 0 0 0 0 0 0 0 0 0 0 0 0 0 0 0 0 0 0 0 0 0 0 0 0 0 0 0 0 0 0 0 0 0 0 0 0 0 0 0 0]
[1053241587873292425135493113558305466442953189664181471170219804074407444791997485245432008559044999421501388688128680321352150437216687190650028163284150225071129280047110343091142176854163145307152973166821391519327673090111436202995850854433882979442 0 0 0 0 0 0 0 0 0 0 0 0 0 0 0 0 0 0 0 0 0 0 1 0 0 0 0 0 0 0 0 0 0 0 0 0 0 0 0 0 0 0 0 0 0 0 0 0 0 0 0 0 0 0 0 0 0 0 0 0 0 0 0 0 0 0 0 0 0 0 0 0 0 0 0 0 0 0 0 0 0 0 0]
[4847793783503935445042147368493903754803142779941340825202902037335310114859335438622431770558281456808343025184469871113329066798625334226828414388142562357467587230385718872307535545517777105283885581708631546422469762113534221751408794766457402628076 0 0 0 0 0 0 0 0 0 0 0 0 0 0 0 0 0 0 0 0 0 0 0 1 0 0 0 0 0 0 0 0 0 0 0 0 0 0 0 0 0 0 0 0 0 0 0 0 0 0 0 0 0 0 0 0 0 0 0 0 0 0 0 0 0 0 0 0 0 0 0 0 0 0 0 0 0 0 0 0 0 0 0]
[2479522022931677001634540680349694122681354415652875411248308886199400494860122899135055033218083093788519299175881444982908887272096575262801766771047430419536215399385060055596428163490790255322920021190267534640776011727870201118943712231165814219198 0 0 0 0 0 0 0 0 0 0 0 0 0 0 0 0 0 0 0 0 0 0 0 0 1 0 0 0 0 0 0 0 0 0 0 0 0 0 0 0 0 0 0 0 0 0 0 0 0 0 0 0 0 0 0 0 0 0 0 0 0 0 0 0 0 0 0 0 0 0 0 0 0 0 0 0 0 0 0 0 0 0 0]
[4909980353873011312945386273106581970633971428422586603519097794077394295896379344659346736592164636713646657026621200692066144552645901410030582712920413712630625251319514213127573115598770097533525701479079473165796480557061058796140459257267390566404 0 0 0 0 0 0 0 0 0 0 0 0 0 0 0 0 0 0 0 0 0 0 0 0 0 1 0 0 0 0 0 0 0 0 0 0 0 0 0 0 0 0 0 0 0 0 0 0 0 0 0 0 0 0 0 0 0 0 0 0 0 0 0 0 0 0 0 0 0 0 0 0 0 0 0 0 0 0 0 0 0 0 0]
[3207281588325967753434534143633925545111312121431226968057802947489319820652098935623990984735584333135579303381529862094361928236379094916646883712752526531581533618362407097991206183472844293511342755995078855874627129489486800160320452931277610341611 0 0 0 0 0 0 0 0 0 0 0 0 0 0 0 0 0 0 0 0 0 0 0 0 0 0 1 0 0 0 0 0 0 0 0 0 0 0 0 0 0 0 0 0 0 0 0 0 0 0 0 0 0 0 0 0 0 0 0 0 0 0 0 0 0 0 0 0 0 0 0 0 0 0 0 0 0 0 0 0 0 0 0]
[1624416115235156135369756182730447076522148504628443156125864545648205392703123210775388034606982610224629418793200922489021409352067079758942902015321805470598591177398925633447107427318499387032882102359617398001084335081590298810276225254737251415535 0 0 0 0 0 0 0 0 0 0 0 0 0 0 0 0 0 0 0 0 0 0 0 0 0 0 0 1 0 0 0 0 0 0 0 0 0 0 0 0 0 0 0 0 0 0 0 0 0 0 0 0 0 0 0 0 0 0 0 0 0 0 0 0 0 0 0 0 0 0 0 0 0 0 0 0 0 0 0 0 0 0 0]
[913597640517807589691144973378993019992700782209536999363291386720357714714004329943016718140303006667710884344390376638299237210755867338895679071053062455714002632060837350116477174281421802819647546126771954764436343761700678508245181349215680182844 0 0 0 0 0 0 0 0 0 0 0 0 0 0 0 0 0 0 0 0 0 0 0 0 0 0 0 0 1 0 0 0 0 0 0 0 0 0 0 0 0 0 0 0 0 0 0 0 0 0 0 0 0 0 0 0 0 0 0 0 0 0 0 0 0 0 0 0 0 0 0 0 0 0 0 0 0 0 0 0 0 0 0]
[1560740251782311166227252349282720095563048264020152326183815883368289657046743529583218371312492117177686285230343108451578741184534324966201103544231908505847976100631044484280637772313681928671881101493973438570410047694252991163507316744082182063130 0 0 0 0 0 0 0 0 0 0 0 0 0 0 0 0 0 0 0 0 0 0 0 0 0 0 0 0 0 1 0 0 0 0 0 0 0 0 0 0 0 0 0 0 0 0 0 0 0 0 0 0 0 0 0 0 0 0 0 0 0 0 0 0 0 0 0 0 0 0 0 0 0 0 0 0 0 0 0 0 0 0 0]
[4083296688944426448513888291425641247575848051559438393237690641156402183109923834997175057899131930538306880780203531595049511060766717444375640392265974498408640139978244615439910812020160464075501087903396293419106834146593989225351862406809816769076 0 0 0 0 0 0 0 0 0 0 0 0 0 0 0 0 0 0 0 0 0 0 0 0 0 0 0 0 0 0 1 0 0 0 0 0 0 0 0 0 0 0 0 0 0 0 0 0 0 0 0 0 0 0 0 0 0 0 0 0 0 0 0 0 0 0 0 0 0 0 0 0 0 0 0 0 0 0 0 0 0 0 0]
[599593919283711209823977224923593142991588615575970253732399802114211419112918268199916624125901005722146389617726674236671471140577465434260961106563083601572828292551705995582155760575826361931513036145218141040562586822745258698357936294610014797627 0 0 0 0 0 0 0 0 0 0 0 0 0 0 0 0 0 0 0 0 0 0 0 0 0 0 0 0 0 0 0 1 0 0 0 0 0 0 0 0 0 0 0 0 0 0 0 0 0 0 0 0 0 0 0 0 0 0 0 0 0 0 0 0 0 0 0 0 0 0 0 0 0 0 0 0 0 0 0 0 0 0 0]
[2054317378189551249420445821002813586417546524099047376346709799093684320567243112041963259561146227645970703786094109514383310123001226816974972598956632486981358537875168278205703884439254395722933556277859231333777557963747958560775234362701601233137 0 0 0 0 0 0 0 0 0 0 0 0 0 0 0 0 0 0 0 0 0 0 0 0 0 0 0 0 0 0 0 0 1 0 0 0 0 0 0 0 0 0 0 0 0 0 0 0 0 0 0 0 0 0 0 0 0 0 0 0 0 0 0 0 0 0 0 0 0 0 0 0 0 0 0 0 0 0 0 0 0 0 0]
[3388907977105108887584013388175331436543807321685538103109019116610417190266364675106815262065052845773128921300355606226472137223328344091078042917292203816336457415325943218126598840487963905856230459094652411994468012785100623575020342630138086494415 0 0 0 0 0 0 0 0 0 0 0 0 0 0 0 0 0 0 0 0 0 0 0 0 0 0 0 0 0 0 0 0 0 1 0 0 0 0 0 0 0 0 0 0 0 0 0 0 0 0 0 0 0 0 0 0 0 0 0 0 0 0 0 0 0 0 0 0 0 0 0 0 0 0 0 0 0 0 0 0 0 0 0]
[3053942901370651939022166307768311332173990979252742199913584843736497787873261380307301631320220057545420503518034777361159512577396764005417994021825272428862585626669046703987220444321929992222861167685089367015240136102281315856274553023308462009508 0 0 0 0 0 0 0 0 0 0 0 0 0 0 0 0 0 0 0 0 0 0 0 0 0 0 0 0 0 0 0 0 0 0 1 0 0 0 0 0 0 0 0 0 0 0 0 0 0 0 0 0 0 0 0 0 0 0 0 0 0 0 0 0 0 0 0 0 0 0 0 0 0 0 0 0 0 0 0 0 0 0 0]
[3999499716825007119819079205677452043661672275981796433665803379833818504482016171571711457201004070927993924658340770596267080634644639973665935725818427546483675732085809745621290081958614186299332083771238773042661195649796765759719120769704367948149 0 0 0 0 0 0 0 0 0 0 0 0 0 0 0 0 0 0 0 0 0 0 0 0 0 0 0 0 0 0 0 0 0 0 0 1 0 0 0 0 0 0 0 0 0 0 0 0 0 0 0 0 0 0 0 0 0 0 0 0 0 0 0 0 0 0 0 0 0 0 0 0 0 0 0 0 0 0 0 0 0 0 0]
[4521792208211589886105008921773837825781672333155981269696127384459103075713893399178062663041041824188581676174187941138474680438260118818780231821163073146787603218759356908785746286786543612921478889070649267499381300278778977878318525370884391371846 0 0 0 0 0 0 0 0 0 0 0 0 0 0 0 0 0 0 0 0 0 0 0 0 0 0 0 0 0 0 0 0 0 0 0 0 1 0 0 0 0 0 0 0 0 0 0 0 0 0 0 0 0 0 0 0 0 0 0 0 0 0 0 0 0 0 0 0 0 0 0 0 0 0 0 0 0 0 0 0 0 0 0]
[3572621946002649795689098531503226882751737619254866496745651648072458391111955339162105916244816724197222723635557206019546661447415598157584742001200462340672166511476402617422362441120696332411078247926639380057911966276082015105398855829349861096386 0 0 0 0 0 0 0 0 0 0 0 0 0 0 0 0 0 0 0 0 0 0 0 0 0 0 0 0 0 0 0 0 0 0 0 0 0 1 0 0 0 0 0 0 0 0 0 0 0 0 0 0 0 0 0 0 0 0 0 0 0 0 0 0 0 0 0 0 0 0 0 0 0 0 0 0 0 0 0 0 0 0 0]
[4058035205948755136710350579294575201046986355739261573952515254018695714666264998854253850555509185364264532046558817792209846024795627262591908249667065959790257733219363882995450562233026178449787535410970867463791406401086865273135411622977045458812 0 0 0 0 0 0 0 0 0 0 0 0 0 0 0 0 0 0 0 0 0 0 0 0 0 0 0 0 0 0 0 0 0 0 0 0 0 0 1 0 0 0 0 0 0 0 0 0 0 0 0 0 0 0 0 0 0 0 0 0 0 0 0 0 0 0 0 0 0 0 0 0 0 0 0 0 0 0 0 0 0 0 0]
[4961217332620477426133041896574165469202098854023004875322973516174925650206950683825447572933410467541909066295988181474803121749368263937042031908439162276348262603683239056164820717958039970727459545669712684797921557213593072169593887987858380760701 0 0 0 0 0 0 0 0 0 0 0 0 0 0 0 0 0 0 0 0 0 0 0 0 0 0 0 0 0 0 0 0 0 0 0 0 0 0 0 1 0 0 0 0 0 0 0 0 0 0 0 0 0 0 0 0 0 0 0 0 0 0 0 0 0 0 0 0 0 0 0 0 0 0 0 0 0 0 0 0 0 0 0]
[2455476718292378601195953057164701871912004374936183265366376954132614026587023749086557156004381392069201222013488693372616988891768198893440904558640775955074091180892123198462156188404510713528016018996440148307061091616634655425580356969672965208172 0 0 0 0 0 0 0 0 0 0 0 0 0 0 0 0 0 0 0 0 0 0 0 0 0 0 0 0 0 0 0 0 0 0 0 0 0 0 0 0 1 0 0 0 0 0 0 0 0 0 0 0 0 0 0 0 0 0 0 0 0 0 0 0 0 0 0 0 0 0 0 0 0 0 0 0 0 0 0 0 0 0 0]
[1235530200945170665209205751028072814340493799252616230696392734860790192320600553284411359532554869401971045072624637685574422176847248613695991505776689072526811157329613188846674482709578535774043253623307020882811449844976195738377876243985552479377 0 0 0 0 0 0 0 0 0 0 0 0 0 0 0 0 0 0 0 0 0 0 0 0 0 0 0 0 0 0 0 0 0 0 0 0 0 0 0 0 0 1 0 0 0 0 0 0 0 0 0 0 0 0 0 0 0 0 0 0 0 0 0 0 0 0 0 0 0 0 0 0 0 0 0 0 0 0 0 0 0 0 0]
[3890541420716903071581924432832444052959965469154276010790593970589699003232312833384623578116465263333285301155509862413512007021241924491371199942274447860844318920260447100965177298537350589601590175693811578368080500226289045251737224631822423697091 0 0 0 0 0 0 0 0 0 0 0 0 0 0 0 0 0 0 0 0 0 0 0 0 0 0 0 0 0 0 0 0 0 0 0 0 0 0 0 0 0 0 1 0 0 0 0 0 0 0 0 0 0 0 0 0 0 0 0 0 0 0 0 0 0 0 0 0 0 0 0 0 0 0 0 0 0 0 0 0 0 0 0]
[2858760420316529934069625982532847750190057584296005925119224163260331946049889074891262391338278596221609847345315416646282674944014774284278746986892109029016685399285283155916770335629880007224014631920779117147180836786290990944898278486653181130103 0 0 0 0 0 0 0 0 0 0 0 0 0 0 0 0 0 0 0 0 0 0 0 0 0 0 0 0 0 0 0 0 0 0 0 0 0 0 0 0 0 0 0 1 0 0 0 0 0 0 0 0 0 0 0 0 0 0 0 0 0 0 0 0 0 0 0 0 0 0 0 0 0 0 0 0 0 0 0 0 0 0 0]
[4938146011135432682927595788605862240216925325151701427894181779124117456722622534077893236109866951019902814047551208397593756873560110062260814096360804659614843692258754302064258591161296668730689217126198619737111480279360422246515960294635769392659 0 0 0 0 0 0 0 0 0 0 0 0 0 0 0 0 0 0 0 0 0 0 0 0 0 0 0 0 0 0 0 0 0 0 0 0 0 0 0 0 0 0 0 0 1 0 0 0 0 0 0 0 0 0 0 0 0 0 0 0 0 0 0 0 0 0 0 0 0 0 0 0 0 0 0 0 0 0 0 0 0 0 0]
[2568942541150143414013913304371134338400367110123239380995790431107294169309426386286853044661723098831884276686400278911672223252519428597584277158911479428695909251446104210808824124921191442598155756839909234547658051211262372848378492978154891842784 0 0 0 0 0 0 0 0 0 0 0 0 0 0 0 0 0 0 0 0 0 0 0 0 0 0 0 0 0 0 0 0 0 0 0 0 0 0 0 0 0 0 0 0 0 1 0 0 0 0 0 0 0 0 0 0 0 0 0 0 0 0 0 0 0 0 0 0 0 0 0 0 0 0 0 0 0 0 0 0 0 0 0]
[2309057708718874684073951943231358296030701573510225990325712359203444830470097077484832874189370569829609293016093034355446041818955911523845020570989071244336843494714671721451479506150596053117752517108693737112624931787681961986872353088584929895044 0 0 0 0 0 0 0 0 0 0 0 0 0 0 0 0 0 0 0 0 0 0 0 0 0 0 0 0 0 0 0 0 0 0 0 0 0 0 0 0 0 0 0 0 0 0 1 0 0 0 0 0 0 0 0 0 0 0 0 0 0 0 0 0 0 0 0 0 0 0 0 0 0 0 0 0 0 0 0 0 0 0 0]
[265957757372323934467788813351523641644981026232455027917176499805871252666850648435266907341142056527455683711976825362434245491330484256443786160854577149369785417992149105874953958983794025507400686073482405261460900832066716249900605161163020489352 0 0 0 0 0 0 0 0 0 0 0 0 0 0 0 0 0 0 0 0 0 0 0 0 0 0 0 0 0 0 0 0 0 0 0 0 0 0 0 0 0 0 0 0 0 0 0 1 0 0 0 0 0 0 0 0 0 0 0 0 0 0 0 0 0 0 0 0 0 0 0 0 0 0 0 0 0 0 0 0 0 0 0]
[3222031066390245145564628350369193584346524453409117796934514314925108865644577677872010994423410692533857992163690401069883990268156415076551229393799316100191002639351333626353950763109424907299430717343206123007052598631212262023558790416687914388389 0 0 0 0 0 0 0 0 0 0 0 0 0 0 0 0 0 0 0 0 0 0 0 0 0 0 0 0 0 0 0 0 0 0 0 0 0 0 0 0 0 0 0 0 0 0 0 0 1 0 0 0 0 0 0 0 0 0 0 0 0 0 0 0 0 0 0 0 0 0 0 0 0 0 0 0 0 0 0 0 0 0 0]
[3314924254658464470068439842666537207568185176585354145191443769362129777630286998358765461510512723065673139813871280723298410622685682091115875317039162778603866346094127963394992522566102407379332788940703245679417163209646099241518430842407721992846 0 0 0 0 0 0 0 0 0 0 0 0 0 0 0 0 0 0 0 0 0 0 0 0 0 0 0 0 0 0 0 0 0 0 0 0 0 0 0 0 0 0 0 0 0 0 0 0 0 1 0 0 0 0 0 0 0 0 0 0 0 0 0 0 0 0 0 0 0 0 0 0 0 0 0 0 0 0 0 0 0 0 0]
[3962150879422310342479907321272298347324797401041850509426213513014945356502309191301088083571138906517271902655456380263547686298151353182889242165311058788413353392968267097234487733197735578488473029378402358597652511534660388412714670046833325144663 0 0 0 0 0 0 0 0 0 0 0 0 0 0 0 0 0 0 0 0 0 0 0 0 0 0 0 0 0 0 0 0 0 0 0 0 0 0 0 0 0 0 0 0 0 0 0 0 0 0 1 0 0 0 0 0 0 0 0 0 0 0 0 0 0 0 0 0 0 0 0 0 0 0 0 0 0 0 0 0 0 0 0]
[3189778267466578964657825315973329434332159584245358250066066094937039009200458836321433798282727511578532468969651133279532844916274175808661163134535064698828668719569773519254835872054957079938258849233430914881076156224105578791057696437415949813015 0 0 0 0 0 0 0 0 0 0 0 0 0 0 0 0 0 0 0 0 0 0 0 0 0 0 0 0 0 0 0 0 0 0 0 0 0 0 0 0 0 0 0 0 0 0 0 0 0 0 0 1 0 0 0 0 0 0 0 0 0 0 0 0 0 0 0 0 0 0 0 0 0 0 0 0 0 0 0 0 0 0 0]
[4604981335172353883560145830926775951075245180696864894433873186106131795189094416582454388102764778335178220406291781767238204305427112919453563423446690830968409579689980814372061391748802438091344163311944483876650347967172066501255314700078533076575 0 0 0 0 0 0 0 0 0 0 0 0 0 0 0 0 0 0 0 0 0 0 0 0 0 0 0 0 0 0 0 0 0 0 0 0 0 0 0 0 0 0 0 0 0 0 0 0 0 0 0 0 1 0 0 0 0 0 0 0 0 0 0 0 0 0 0 0 0 0 0 0 0 0 0 0 0 0 0 0 0 0 0]
[1175832343476649546959204551161087840241668481921308221503838014893228515839067374781807248702138257665536744328190565462935006458523634090783933854549372723659872392360411933223343855796972491963665960870909429227731781832920301798989377976695426509833 0 0 0 0 0 0 0 0 0 0 0 0 0 0 0 0 0 0 0 0 0 0 0 0 0 0 0 0 0 0 0 0 0 0 0 0 0 0 0 0 0 0 0 0 0 0 0 0 0 0 0 0 0 1 0 0 0 0 0 0 0 0 0 0 0 0 0 0 0 0 0 0 0 0 0 0 0 0 0 0 0 0 0]
[4675820750108013762400189238590897399613916512105049387255885519628619847364055779806691515786492079151946005872779059239752609706502617843147401281613419131966615889538871059936757203876008784931278263018460994055103398992250679023713796036028032483718 0 0 0 0 0 0 0 0 0 0 0 0 0 0 0 0 0 0 0 0 0 0 0 0 0 0 0 0 0 0 0 0 0 0 0 0 0 0 0 0 0 0 0 0 0 0 0 0 0 0 0 0 0 0 1 0 0 0 0 0 0 0 0 0 0 0 0 0 0 0 0 0 0 0 0 0 0 0 0 0 0 0 0]
[1579344036951904286384508749353404481721864428182133100856927523807632528565036174506852246258895069288699510030999003614983630933996873345046051249878106865615883923652612185433216746824760625924911623900593677080059615282041828591809428194518391617674 0 0 0 0 0 0 0 0 0 0 0 0 0 0 0 0 0 0 0 0 0 0 0 0 0 0 0 0 0 0 0 0 0 0 0 0 0 0 0 0 0 0 0 0 0 0 0 0 0 0 0 0 0 0 0 1 0 0 0 0 0 0 0 0 0 0 0 0 0 0 0 0 0 0 0 0 0 0 0 0 0 0 0]
[813618241505578636184659195176356909604840923474684024113335537366265974585097760022343212244979969784371346542048010061788268961464498507206732260902362567509845258917747598009889187407173944428836085261539712022289541508315431998491570340746795047931 0 0 0 0 0 0 0 0 0 0 0 0 0 0 0 0 0 0 0 0 0 0 0 0 0 0 0 0 0 0 0 0 0 0 0 0 0 0 0 0 0 0 0 0 0 0 0 0 0 0 0 0 0 0 0 0 1 0 0 0 0 0 0 0 0 0 0 0 0 0 0 0 0 0 0 0 0 0 0 0 0 0 0]
[413427235233245681174220356815636513144250148044992919805111356002148954830045798667224754362089216899624794288787175550796518745773169412358930969299225455278283036063320001278877966086510056678244201059240796527024641201918499109518956948056293939741 0 0 0 0 0 0 0 0 0 0 0 0 0 0 0 0 0 0 0 0 0 0 0 0 0 0 0 0 0 0 0 0 0 0 0 0 0 0 0 0 0 0 0 0 0 0 0 0 0 0 0 0 0 0 0 0 0 1 0 0 0 0 0 0 0 0 0 0 0 0 0 0 0 0 0 0 0 0 0 0 0 0 0]
[4366865823409652727010915429861304137003692323051695912372856225924963595425424616161464910539161382614108859762019809991370341580560952675156540769598442621184350789757376059775027237780725829359712488917319936096862401313934338020723653710416803476606 0 0 0 0 0 0 0 0 0 0 0 0 0 0 0 0 0 0 0 0 0 0 0 0 0 0 0 0 0 0 0 0 0 0 0 0 0 0 0 0 0 0 0 0 0 0 0 0 0 0 0 0 0 0 0 0 0 0 1 0 0 0 0 0 0 0 0 0 0 0 0 0 0 0 0 0 0 0 0 0 0 0 0]
[4317264713988017319702874918711659079341080273851659101119599224801229500304113051618499386261379645230041651928875850608312473326844029912908260100033859999558526271349683731708478670214309663214174063362226924463204821291041737404716514876132868838468 0 0 0 0 0 0 0 0 0 0 0 0 0 0 0 0 0 0 0 0 0 0 0 0 0 0 0 0 0 0 0 0 0 0 0 0 0 0 0 0 0 0 0 0 0 0 0 0 0 0 0 0 0 0 0 0 0 0 0 1 0 0 0 0 0 0 0 0 0 0 0 0 0 0 0 0 0 0 0 0 0 0 0]
[3333261288699006465289338892240107509896303529570129569732309162831193332492121326744398959790652202875341274746458686684022363389316825831909176776182822500951460101430465289811970207275124521653697639997951954869671433410066765962683642210268640045597 0 0 0 0 0 0 0 0 0 0 0 0 0 0 0 0 0 0 0 0 0 0 0 0 0 0 0 0 0 0 0 0 0 0 0 0 0 0 0 0 0 0 0 0 0 0 0 0 0 0 0 0 0 0 0 0 0 0 0 0 1 0 0 0 0 0 0 0 0 0 0 0 0 0 0 0 0 0 0 0 0 0 0]
[4037798009783677881788726055430093190011356825508673386578656119531778609784609974535824761151350252433370598834324347394394587798632361662827275652849172492453536512068147681920325804197158481940342716147123615164309772859847779374946236737032989012962 0 0 0 0 0 0 0 0 0 0 0 0 0 0 0 0 0 0 0 0 0 0 0 0 0 0 0 0 0 0 0 0 0 0 0 0 0 0 0 0 0 0 0 0 0 0 0 0 0 0 0 0 0 0 0 0 0 0 0 0 0 1 0 0 0 0 0 0 0 0 0 0 0 0 0 0 0 0 0 0 0 0 0]
[2906432236403738547672401413355519370353303459126540788905556972752473828294316354279523573410960867284169155028955945559850895868951772865515229557303320229999483908855881743489647979909848869902181274292894383349869740249094616739343533492027949944959 0 0 0 0 0 0 0 0 0 0 0 0 0 0 0 0 0 0 0 0 0 0 0 0 0 0 0 0 0 0 0 0 0 0 0 0 0 0 0 0 0 0 0 0 0 0 0 0 0 0 0 0 0 0 0 0 0 0 0 0 0 0 1 0 0 0 0 0 0 0 0 0 0 0 0 0 0 0 0 0 0 0 0]
[1878296316001019734701999813455795114755214449950399113305906821736719311242021849697375907130382421080909069672709473981716533846530496784642621439508838690377569418622655120854186768005389366338522015542170881253803946166706953584843619417770523592611 0 0 0 0 0 0 0 0 0 0 0 0 0 0 0 0 0 0 0 0 0 0 0 0 0 0 0 0 0 0 0 0 0 0 0 0 0 0 0 0 0 0 0 0 0 0 0 0 0 0 0 0 0 0 0 0 0 0 0 0 0 0 0 1 0 0 0 0 0 0 0 0 0 0 0 0 0 0 0 0 0 0 0]
[666570537750575422226247103895725814885328511047953256663943311771314001526411828605018789376340513479045857367898262629607972597442285386524271341252066331378348303570402023711395178286348888855780008655054821383635258937008654105240681987447725290771 0 0 0 0 0 0 0 0 0 0 0 0 0 0 0 0 0 0 0 0 0 0 0 0 0 0 0 0 0 0 0 0 0 0 0 0 0 0 0 0 0 0 0 0 0 0 0 0 0 0 0 0 0 0 0 0 0 0 0 0 0 0 0 0 1 0 0 0 0 0 0 0 0 0 0 0 0 0 0 0 0 0 0]
[297202022758015045139547955781149967262873287258367650924409102601917231090053369758654384707624972645036982831721194079312331718810495682192126036137880675873186032069027605725185663932339263608299238762692440111088292715993359526006498906628334927939 0 0 0 0 0 0 0 0 0 0 0 0 0 0 0 0 0 0 0 0 0 0 0 0 0 0 0 0 0 0 0 0 0 0 0 0 0 0 0 0 0 0 0 0 0 0 0 0 0 0 0 0 0 0 0 0 0 0 0 0 0 0 0 0 0 1 0 0 0 0 0 0 0 0 0 0 0 0 0 0 0 0 0]
[1509961420262125815454776468200290625090758896368808474283320849266284873647445917383998523472023308341756172548091043129364043144608662127310268231071553261881361654073837565460858318577697750075755708517193421938998858163174510552767852509618497402491 0 0 0 0 0 0 0 0 0 0 0 0 0 0 0 0 0 0 0 0 0 0 0 0 0 0 0 0 0 0 0 0 0 0 0 0 0 0 0 0 0 0 0 0 0 0 0 0 0 0 0 0 0 0 0 0 0 0 0 0 0 0 0 0 0 0 1 0 0 0 0 0 0 0 0 0 0 0 0 0 0 0 0]
[140650244209484129395767475434093364637009787981286220117362779438581150652663973245933034492269556492774955659322239478667981094846571851071643070737679770864726618164985792198388723633855347699751589623347540171453879493350385493588693837716181757813 0 0 0 0 0 0 0 0 0 0 0 0 0 0 0 0 0 0 0 0 0 0 0 0 0 0 0 0 0 0 0 0 0 0 0 0 0 0 0 0 0 0 0 0 0 0 0 0 0 0 0 0 0 0 0 0 0 0 0 0 0 0 0 0 0 0 0 1 0 0 0 0 0 0 0 0 0 0 0 0 0 0 0]
[406946506598273301445076606172975839432061986924390436279673958934201255365356286759782985384454283779445897051620504056386434850378561170360825726822295437505183136357782508559325167756120210838873971863929576955377675003118496428234345414312576753955 0 0 0 0 0 0 0 0 0 0 0 0 0 0 0 0 0 0 0 0 0 0 0 0 0 0 0 0 0 0 0 0 0 0 0 0 0 0 0 0 0 0 0 0 0 0 0 0 0 0 0 0 0 0 0 0 0 0 0 0 0 0 0 0 0 0 0 0 1 0 0 0 0 0 0 0 0 0 0 0 0 0 0]
[411480009069829974328033373001708770721333307502084636833591615313048081026017278462761354675401307046720876093479171357262467021513775326826115504519219264837823413350293508754131150840846892779525882275621310076349257545020934785123521823227174997031 0 0 0 0 0 0 0 0 0 0 0 0 0 0 0 0 0 0 0 0 0 0 0 0 0 0 0 0 0 0 0 0 0 0 0 0 0 0 0 0 0 0 0 0 0 0 0 0 0 0 0 0 0 0 0 0 0 0 0 0 0 0 0 0 0 0 0 0 0 1 0 0 0 0 0 0 0 0 0 0 0 0 0]
[1496284518218644858953499820768127653919970245818186867584032574529145041395239001718084027041166581067091072974646341487400925737287608522607653636533307241935424604271386893269091164164086212462802185447028800766622391563115213168278488261603183111651 0 0 0 0 0 0 0 0 0 0 0 0 0 0 0 0 0 0 0 0 0 0 0 0 0 0 0 0 0 0 0 0 0 0 0 0 0 0 0 0 0 0 0 0 0 0 0 0 0 0 0 0 0 0 0 0 0 0 0 0 0 0 0 0 0 0 0 0 0 0 1 0 0 0 0 0 0 0 0 0 0 0 0]
[3851974861039969123354496552447848429513496393953912982849886905990667632574623421733864887492046827698896461206580003607544357953074751763651400486394199667065941697451504271679370352844842073438157741944625511732763824313262726288707632830603613474576 0 0 0 0 0 0 0 0 0 0 0 0 0 0 0 0 0 0 0 0 0 0 0 0 0 0 0 0 0 0 0 0 0 0 0 0 0 0 0 0 0 0 0 0 0 0 0 0 0 0 0 0 0 0 0 0 0 0 0 0 0 0 0 0 0 0 0 0 0 0 0 1 0 0 0 0 0 0 0 0 0 0 0]
[3706116687543033411319069677506696223946281672409756357944844142804604712868028868101017022023861723032425337896760064606077742032857707251309054566131813036758147184560928057021164967834299815567342207287096630880854330928083068650653342541137970518482 0 0 0 0 0 0 0 0 0 0 0 0 0 0 0 0 0 0 0 0 0 0 0 0 0 0 0 0 0 0 0 0 0 0 0 0 0 0 0 0 0 0 0 0 0 0 0 0 0 0 0 0 0 0 0 0 0 0 0 0 0 0 0 0 0 0 0 0 0 0 0 0 1 0 0 0 0 0 0 0 0 0 0]
[5003651534772190773793438022697779151060836855670430413686368313480390954640011837960497069039109583725816139745725444021424222465121266994432475746372043128873268456759372151153292618177444579623899077788487472640801249614045517506022974835999609377301 0 0 0 0 0 0 0 0 0 0 0 0 0 0 0 0 0 0 0 0 0 0 0 0 0 0 0 0 0 0 0 0 0 0 0 0 0 0 0 0 0 0 0 0 0 0 0 0 0 0 0 0 0 0 0 0 0 0 0 0 0 0 0 0 0 0 0 0 0 0 0 0 0 1 0 0 0 0 0 0 0 0 0]
[4104791442214692000091215277777283974220643655520981078486335418455176206019899861143510385562806144968039979899892354692364870716632058062148625396301346991135949635110308613273812475823686280178425085600150020954215222447644933214262332786418592747452 0 0 0 0 0 0 0 0 0 0 0 0 0 0 0 0 0 0 0 0 0 0 0 0 0 0 0 0 0 0 0 0 0 0 0 0 0 0 0 0 0 0 0 0 0 0 0 0 0 0 0 0 0 0 0 0 0 0 0 0 0 0 0 0 0 0 0 0 0 0 0 0 0 0 1 0 0 0 0 0 0 0 0]
[2022789192751161888576992964842571459718648772450352739985309088201359694363844053097630030663403084830857768308548918714529922150338051494182016053820882750788821090878046612013293870037155418132833667940700547735363162584606030179410217717939145122139 0 0 0 0 0 0 0 0 0 0 0 0 0 0 0 0 0 0 0 0 0 0 0 0 0 0 0 0 0 0 0 0 0 0 0 0 0 0 0 0 0 0 0 0 0 0 0 0 0 0 0 0 0 0 0 0 0 0 0 0 0 0 0 0 0 0 0 0 0 0 0 0 0 0 0 1 0 0 0 0 0 0 0]
[4694603810122145360075749874430766772706356030738225833400576503644555837334765780213517719232987491161564484693139976460854950948550311348161110492870929370743922719021601443816123495574702895771455181701444776067844427595292691445400165773100283984618 0 0 0 0 0 0 0 0 0 0 0 0 0 0 0 0 0 0 0 0 0 0 0 0 0 0 0 0 0 0 0 0 0 0 0 0 0 0 0 0 0 0 0 0 0 0 0 0 0 0 0 0 0 0 0 0 0 0 0 0 0 0 0 0 0 0 0 0 0 0 0 0 0 0 0 0 1 0 0 0 0 0 0]
[3151094656121298984594583596892129050164839469997862912800122359511134893324098546499813649170796848355065064814525976991305844462249834988080568072987977069054094828796022410814731512269327871989632336163035616927000893310821436046557562041655750953371 0 0 0 0 0 0 0 0 0 0 0 0 0 0 0 0 0 0 0 0 0 0 0 0 0 0 0 0 0 0 0 0 0 0 0 0 0 0 0 0 0 0 0 0 0 0 0 0 0 0 0 0 0 0 0 0 0 0 0 0 0 0 0 0 0 0 0 0 0 0 0 0 0 0 0 0 0 1 0 0 0 0 0]
[770388355881602497181231952341643393409429280359427569455237696068472506129306006857789191744978610372559624826563057132503016290693779215282900015302540184478391931969064539638364276462046896690070816938897437711092035252644108492164865831373138208962 0 0 0 0 0 0 0 0 0 0 0 0 0 0 0 0 0 0 0 0 0 0 0 0 0 0 0 0 0 0 0 0 0 0 0 0 0 0 0 0 0 0 0 0 0 0 0 0 0 0 0 0 0 0 0 0 0 0 0 0 0 0 0 0 0 0 0 0 0 0 0 0 0 0 0 0 0 0 1 0 0 0 0]
[3254890718907292489556117519620870929300457417663760663562617708291958023575273524644392384469750010781179142834645373529971196891300839069290418193517507362383822057570070330912129490591429592356815668802869389619394996028546827784013250607901714747790 0 0 0 0 0 0 0 0 0 0 0 0 0 0 0 0 0 0 0 0 0 0 0 0 0 0 0 0 0 0 0 0 0 0 0 0 0 0 0 0 0 0 0 0 0 0 0 0 0 0 0 0 0 0 0 0 0 0 0 0 0 0 0 0 0 0 0 0 0 0 0 0 0 0 0 0 0 0 0 1 0 0 0]
[4590490307021516479873499605857627922326656852127282308087532762666275906137982205934162313381684543726236926029646817764828846412482288705043200200075182728684678861183503149544920895163828773610286040237801298306546182110667423987385613324264510413150 0 0 0 0 0 0 0 0 0 0 0 0 0 0 0 0 0 0 0 0 0 0 0 0 0 0 0 0 0 0 0 0 0 0 0 0 0 0 0 0 0 0 0 0 0 0 0 0 0 0 0 0 0 0 0 0 0 0 0 0 0 0 0 0 0 0 0 0 0 0 0 0 0 0 0 0 0 0 0 0 1 0 0]
[925204513844146988403119493504438811041280687587248528415396259011301681224598382542024516118779061239548205924627583234952270250919912540123191298212801583324158377096218278664387143843869253423585092271606540694110104894223050774294567714884607853977 0 0 0 0 0 0 0 0 0 0 0 0 0 0 0 0 0 0 0 0 0 0 0 0 0 0 0 0 0 0 0 0 0 0 0 0 0 0 0 0 0 0 0 0 0 0 0 0 0 0 0 0 0 0 0 0 0 0 0 0 0 0 0 0 0 0 0 0 0 0 0 0 0 0 0 0 0 0 0 0 0 1 0]
[3223718475747428869351213646876030130650488946354245741724200788579948059182748350643813360435079914656723560104177125988458872344088665623298916565648878786053607354840625198430701332080706411862978602091013549623525061227210595481996379342339527046544 0 0 0 0 0 0 0 0 0 0 0 0 0 0 0 0 0 0 0 0 0 0 0 0 0 0 0 0 0 0 0 0 0 0 0 0 0 0 0 0 0 0 0 0 0 0 0 0 0 0 0 0 0 0 0 0 0 0 0 0 0 0 0 0 0 0 0 0 0 0 0 0 0 0 0 0 0 0 0 0 0 0 1]
]
