[[5398054144833225048976007486046855865047554575795206384555906080622657285292048328815590683831450699163489867725796479955673502230522303840596753788523340423023669553233871514235211933996500296012603221835700565637314847918885851601597001919941987218803 0 0 0 0 0 0 0 0 0 0 0 0 0 0 0 0 0 0 0 0 0 0 0 0 0 0 0 0 0 0 0 0 0 0 0 0 0 0 0 0 0 0 0 0 0 0 0 0 0 0 0 0 0 0 0 0 0 0 0 0 0 0 0 0 0 0 0 0 0 0 0 0 0 0 0 0 0 0 0 0 0 0 0]
[1580433217099711708873628335709381081863639966542648709741627716064577098862664387157974062651892786604627444562869020247817228687024190560026544933209637834953949743578899048337106009695281815500279671978185357962182495229229095194278363780410138216965 1 0 0 0 0 0 0 0 0 0 0 0 0 0 0 0 0 0 0 0 0 0 0 0 0 0 0 0 0 0 0 0 0 0 0 0 0 0 0 0 0 0 0 0 0 0 0 0 0 0 0 0 0 0 0 0 0 0 0 0 0 0 0 0 0 0 0 0 0 0 0 0 0 0 0 0 0 0 0 0 0 0 0]
[1956075412354572714600673928036631341447087699052808622886475187051595905510032032789612311193658606163338342923536673955202490882620822933046565277295739356079348729259874918498471882697301454313261402602218666078852663688869308428347302288689052082923 0 1 0 0 0 0 0 0 0 0 0 0 0 0 0 0 0 0 0 0 0 0 0 0 0 0 0 0 0 0 0 0 0 0 0 0 0 0 0 0 0 0 0 0 0 0 0 0 0 0 0 0 0 0 0 0 0 0 0 0 0 0 0 0 0 0 0 0 0 0 0 0 0 0 0 0 0 0 0 0 0 0 0]
[3018967995700000473957236984373570705204733904151640589920636091349833056436006069410849763194417500751675907929965692852085355286284919231486935892157432113297291237464752517967015640576346021311487160233810933421464215287775863993540428910451156769603 0 0 1 0 0 0 0 0 0 0 0 0 0 0 0 0 0 0 0 0 0 0 0 0 0 0 0 0 0 0 0 0 0 0 0 0 0 0 0 0 0 0 0 0 0 0 0 0 0 0 0 0 0 0 0 0 0 0 0 0 0 0 0 0 0 0 0 0 0 0 0 0 0 0 0 0 0 0 0 0 0 0 0]
[1537330467843721764679955340500310207373464308141306890310537875812509435081102123448026847144157476706866315985331980514353055588544606142610676628667990533358314519539897468968522571371930601922353550338870819669891254605442826321229865762048978245345 0 0 0 1 0 0 0 0 0 0 0 0 0 0 0 0 0 0 0 0 0 0 0 0 0 0 0 0 0 0 0 0 0 0 0 0 0 0 0 0 0 0 0 0 0 0 0 0 0 0 0 0 0 0 0 0 0 0 0 0 0 0 0 0 0 0 0 0 0 0 0 0 0 0 0 0 0 0 0 0 0 0 0]
[483755831855219820589394882377484682634526327388126190954913329782802022090434395238389880431377671571241425678669968478649726531600502383387485996537674553040869150971657846449011104620544305791941882285139090222248290481571323485234750175338628954460 0 0 0 0 1 0 0 0 0 0 0 0 0 0 0 0 0 0 0 0 0 0 0 0 0 0 0 0 0 0 0 0 0 0 0 0 0 0 0 0 0 0 0 0 0 0 0 0 0 0 0 0 0 0 0 0 0 0 0 0 0 0 0 0 0 0 0 0 0 0 0 0 0 0 0 0 0 0 0 0 0 0 0]
[91187616511429019619304858979814228479130657028742322368785693096963931942176478060330780703508087498657974955611186549628497816057402570277737855208006648027644442021393995501880466765065146378486557013334310659649481146448676001130953610867489691948 0 0 0 0 0 1 0 0 0 0 0 0 0 0 0 0 0 0 0 0 0 0 0 0 0 0 0 0 0 0 0 0 0 0 0 0 0 0 0 0 0 0 0 0 0 0 0 0 0 0 0 0 0 0 0 0 0 0 0 0 0 0 0 0 0 0 0 0 0 0 0 0 0 0 0 0 0 0 0 0 0 0 0]
[3774714567753269984582408196008306851507072799268199881883562404907349887877077838366647748112449264646985185764101987456442681755705045968749381185989864069486863640086326715390114246994368487205986551974592167082224133517697283191078556260512924288786 0 0 0 0 0 0 1 0 0 0 0 0 0 0 0 0 0 0 0 0 0 0 0 0 0 0 0 0 0 0 0 0 0 0 0 0 0 0 0 0 0 0 0 0 0 0 0 0 0 0 0 0 0 0 0 0 0 0 0 0 0 0 0 0 0 0 0 0 0 0 0 0 0 0 0 0 0 0 0 0 0 0 0]
[871934569546083842316438891195505591664352748077179235315056869069169014629019417420098624170738624372197344230112431152431922635195460033497907192736878542790052658382057936244394561058623486016979117684059247985440727811925566979141368370244695741393 0 0 0 0 0 0 0 1 0 0 0 0 0 0 0 0 0 0 0 0 0 0 0 0 0 0 0 0 0 0 0 0 0 0 0 0 0 0 0 0 0 0 0 0 0 0 0 0 0 0 0 0 0 0 0 0 0 0 0 0 0 0 0 0 0 0 0 0 0 0 0 0 0 0 0 0 0 0 0 0 0 0 0]
[720251124755110277620826205887670237144246120967459918876955103914142103596443670063807410279355144841229055621250725736988348948638660301836592313119159671014123094155055847107876949215962016853782246633466458216698410862880413791630736478486934517348 0 0 0 0 0 0 0 0 1 0 0 0 0 0 0 0 0 0 0 0 0 0 0 0 0 0 0 0 0 0 0 0 0 0 0 0 0 0 0 0 0 0 0 0 0 0 0 0 0 0 0 0 0 0 0 0 0 0 0 0 0 0 0 0 0 0 0 0 0 0 0 0 0 0 0 0 0 0 0 0 0 0 0]
[683063052640683199568832830620786897043300611163096426439363158251159480622943424909668790147323078169298018454146888112639757538087957396427827993648872610169375252360808749560005787206429799680772785921216338754980547112258581060398668588345357316818 0 0 0 0 0 0 0 0 0 1 0 0 0 0 0 0 0 0 0 0 0 0 0 0 0 0 0 0 0 0 0 0 0 0 0 0 0 0 0 0 0 0 0 0 0 0 0 0 0 0 0 0 0 0 0 0 0 0 0 0 0 0 0 0 0 0 0 0 0 0 0 0 0 0 0 0 0 0 0 0 0 0 0]
[2398950474427351479715906807459654170103356099270982845752180245428550684910570527011853860716807121611550808825648807858334110569483888662521921917275751077237577546558596887145373363666106062518187390986083417957497204498439286230340153019185637001849 0 0 0 0 0 0 0 0 0 0 1 0 0 0 0 0 0 0 0 0 0 0 0 0 0 0 0 0 0 0 0 0 0 0 0 0 0 0 0 0 0 0 0 0 0 0 0 0 0 0 0 0 0 0 0 0 0 0 0 0 0 0 0 0 0 0 0 0 0 0 0 0 0 0 0 0 0 0 0 0 0 0 0]
[4511651259879714868836771130904623082035535119156669412443113516136945923746493512452259168462120354088147685668719852735775315024190622762357199335029209176149304450659668231175406133310034059348345800881534176939760846646763988870045315909269157666809 0 0 0 0 0 0 0 0 0 0 0 1 0 0 0 0 0 0 0 0 0 0 0 0 0 0 0 0 0 0 0 0 0 0 0 0 0 0 0 0 0 0 0 0 0 0 0 0 0 0 0 0 0 0 0 0 0 0 0 0 0 0 0 0 0 0 0 0 0 0 0 0 0 0 0 0 0 0 0 0 0 0 0]
[2710268115148813760512028150915522674540246191859515670484007639034726808976176145513383942429280576926637430499982039309775035348126816777548863874938651675064077531246083205617201190569008088504215167928896591188815642139756067556080530547335776377668 0 0 0 0 0 0 0 0 0 0 0 0 1 0 0 0 0 0 0 0 0 0 0 0 0 0 0 0 0 0 0 0 0 0 0 0 0 0 0 0 0 0 0 0 0 0 0 0 0 0 0 0 0 0 0 0 0 0 0 0 0 0 0 0 0 0 0 0 0 0 0 0 0 0 0 0 0 0 0 0 0 0 0]
[1488413093313438450365335728852200192710970878442927609135933182479238523577125813710469079899210670227108948813181535034763408551330785488820886982367465304596715388111819203559451793898875447873430616429608398813589959598100019304721753819328589476607 0 0 0 0 0 0 0 0 0 0 0 0 0 1 0 0 0 0 0 0 0 0 0 0 0 0 0 0 0 0 0 0 0 0 0 0 0 0 0 0 0 0 0 0 0 0 0 0 0 0 0 0 0 0 0 0 0 0 0 0 0 0 0 0 0 0 0 0 0 0 0 0 0 0 0 0 0 0 0 0 0 0 0]
[2505663516623713091894914450171895841617275566796029072873178035045291832563251756680149215749129264004618686238956402833509752217991379900652150439786224290086124609451699808271252910647572780376592282901621261138422456311636276188477812534507936238668 0 0 0 0 0 0 0 0 0 0 0 0 0 0 1 0 0 0 0 0 0 0 0 0 0 0 0 0 0 0 0 0 0 0 0 0 0 0 0 0 0 0 0 0 0 0 0 0 0 0 0 0 0 0 0 0 0 0 0 0 0 0 0 0 0 0 0 0 0 0 0 0 0 0 0 0 0 0 0 0 0 0 0]
[2776230410306892629232858550820513765655147258091179948157251929178489834133842967451107034287276167282916883388290314267626404690790026875978344308954827791571791116181093369501018360086598232131188692762175912565805674367132941406414833459179744180044 0 0 0 0 0 0 0 0 0 0 0 0 0 0 0 1 0 0 0 0 0 0 0 0 0 0 0 0 0 0 0 0 0 0 0 0 0 0 0 0 0 0 0 0 0 0 0 0 0 0 0 0 0 0 0 0 0 0 0 0 0 0 0 0 0 0 0 0 0 0 0 0 0 0 0 0 0 0 0 0 0 0 0]
[2553892390495089520848588204257689729855509932239398659936835609330701084380747261430527454741702244745989791525067367396869740486794782707825434616672829912787229255243003965555863885685708143579626176759174221383514193628372711950497544750519234262444 0 0 0 0 0 0 0 0 0 0 0 0 0 0 0 0 1 0 0 0 0 0 0 0 0 0 0 0 0 0 0 0 0 0 0 0 0 0 0 0 0 0 0 0 0 0 0 0 0 0 0 0 0 0 0 0 0 0 0 0 0 0 0 0 0 0 0 0 0 0 0 0 0 0 0 0 0 0 0 0 0 0 0]
[1607564538516458278275591131148960779086480759146107026987297179103396164711229348130789304044076008050649695150035963497737733011428190434021559794848116612098132232970293099434625478512120398698499771394634520564501402772281224730223673180630653038071 0 0 0 0 0 0 0 0 0 0 0 0 0 0 0 0 0 1 0 0 0 0 0 0 0 0 0 0 0 0 0 0 0 0 0 0 0 0 0 0 0 0 0 0 0 0 0 0 0 0 0 0 0 0 0 0 0 0 0 0 0 0 0 0 0 0 0 0 0 0 0 0 0 0 0 0 0 0 0 0 0 0 0]
[2321908859268206303143264642597508484308477889913794744356758714933533325680850091786747260084739623649368557111881916823038288856545956829943791086394838407491349011990166154898213400684851039839760849375920525371435489542257291783350593118415977909317 0 0 0 0 0 0 0 0 0 0 0 0 0 0 0 0 0 0 1 0 0 0 0 0 0 0 0 0 0 0 0 0 0 0 0 0 0 0 0 0 0 0 0 0 0 0 0 0 0 0 0 0 0 0 0 0 0 0 0 0 0 0 0 0 0 0 0 0 0 0 0 0 0 0 0 0 0 0 0 0 0 0 0]
[4965055129586865139412707148055353325989320641632129869023472042266547879186627335033940572295276202595014935319336499321581422102798174835522777635989870987084003034285168103041287708329450209518893148347708761763815606428425519674999637928975433875741 0 0 0 0 0 0 0 0 0 0 0 0 0 0 0 0 0 0 0 1 0 0 0 0 0 0 0 0 0 0 0 0 0 0 0 0 0 0 0 0 0 0 0 0 0 0 0 0 0 0 0 0 0 0 0 0 0 0 0 0 0 0 0 0 0 0 0 0 0 0 0 0 0 0 0 0 0 0 0 0 0 0 0]
[5170616162504170878271980766681975685698004619991204982043876026056523565509849229674067703760955916914157885708244153246040457548941672821340187384631528297092281219024633852341001543434483372210977326383836575698897895736861745893481492432781991498627 0 0 0 0 0 0 0 0 0 0 0 0 0 0 0 0 0 0 0 0 1 0 0 0 0 0 0 0 0 0 0 0 0 0 0 0 0 0 0 0 0 0 0 0 0 0 0 0 0 0 0 0 0 0 0 0 0 0 0 0 0 0 0 0 0 0 0 0 0 0 0 0 0 0 0 0 0 0 0 0 0 0 0]
[3459664561338589146624184713715838216941760452731117127644607194620932200641275629889186855008812109121252855463904280174202688595380798809014310432837125183032278351503528864288015859594407576051560584256977831065198452327808453430114547042750934756187 0 0 0 0 0 0 0 0 0 0 0 0 0 0 0 0 0 0 0 0 0 1 0 0 0 0 0 0 0 0 0 0 0 0 0 0 0 0 0 0 0 0 0 0 0 0 0 0 0 0 0 0 0 0 0 0 0 0 0 0 0 0 0 0 0 0 0 0 0 0 0 0 0 0 0 0 0 0 0 0 0 0 0]
[3247601524103933847929252581560711936564365792859337844051357733103496369875150907758973600977710992159804595825030626769449572820704822061653399252734943913365113154337270666223551549869142537169109413040424471495988868621310135851673417593401084220471 0 0 0 0 0 0 0 0 0 0 0 0 0 0 0 0 0 0 0 0 0 0 1 0 0 0 0 0 0 0 0 0 0 0 0 0 0 0 0 0 0 0 0 0 0 0 0 0 0 0 0 0 0 0 0 0 0 0 0 0 0 0 0 0 0 0 0 0 0 0 0 0 0 0 0 0 0 0 0 0 0 0 0]
[2555128076945180106455518762444613688758825057290327056862480279153129062845493030638242446463016243761879287906133996902457723408022736128834201812908565975862435137341757977214535659466560789449997874209028738924827462224664946341534250790781500303073 0 0 0 0 0 0 0 0 0 0 0 0 0 0 0 0 0 0 0 0 0 0 0 1 0 0 0 0 0 0 0 0 0 0 0 0 0 0 0 0 0 0 0 0 0 0 0 0 0 0 0 0 0 0 0 0 0 0 0 0 0 0 0 0 0 0 0 0 0 0 0 0 0 0 0 0 0 0 0 0 0 0 0]
[2840399818962093703291555833584102175043748119482467571159937676676143752844333025726122892597879731215526851066152393353729380126395253328380914388082756263294938095703123695457510869146493816180279845766444098814318173156857795935982140060936761602783 0 0 0 0 0 0 0 0 0 0 0 0 0 0 0 0 0 0 0 0 0 0 0 0 1 0 0 0 0 0 0 0 0 0 0 0 0 0 0 0 0 0 0 0 0 0 0 0 0 0 0 0 0 0 0 0 0 0 0 0 0 0 0 0 0 0 0 0 0 0 0 0 0 0 0 0 0 0 0 0 0 0 0]
[437564834170076408048094566146725408223749885466078204476199432087272766248650510264871439401362358207412638989725788226213710290897265670566485164265793396409673085800554537868389522184492269149710794368100136606335820889995451717767221946024983503320 0 0 0 0 0 0 0 0 0 0 0 0 0 0 0 0 0 0 0 0 0 0 0 0 0 1 0 0 0 0 0 0 0 0 0 0 0 0 0 0 0 0 0 0 0 0 0 0 0 0 0 0 0 0 0 0 0 0 0 0 0 0 0 0 0 0 0 0 0 0 0 0 0 0 0 0 0 0 0 0 0 0 0]
[3174349978640806208057545654978991147271024627947181225535447003867723497363890119764092829240980646770225117330498611002193179999096908332068140067704957087120271978978003296103301734282858615264279658319665987710920862001290635450487338254187755909980 0 0 0 0 0 0 0 0 0 0 0 0 0 0 0 0 0 0 0 0 0 0 0 0 0 0 1 0 0 0 0 0 0 0 0 0 0 0 0 0 0 0 0 0 0 0 0 0 0 0 0 0 0 0 0 0 0 0 0 0 0 0 0 0 0 0 0 0 0 0 0 0 0 0 0 0 0 0 0 0 0 0 0]
[982797188790242278641285878919004283021616416453517133719964686707409095633472915446073145962884036597547945647970752807497105016343919990177811847248041137545138535779213451451549582769869224769301175969005873043604672302799274711677047696000601288395 0 0 0 0 0 0 0 0 0 0 0 0 0 0 0 0 0 0 0 0 0 0 0 0 0 0 0 1 0 0 0 0 0 0 0 0 0 0 0 0 0 0 0 0 0 0 0 0 0 0 0 0 0 0 0 0 0 0 0 0 0 0 0 0 0 0 0 0 0 0 0 0 0 0 0 0 0 0 0 0 0 0 0]
[3480458889056745124997811107814850638439825396435206544131834640313993635092191253146796714706910015902107463592509322941310177751812026278987009625754928313422324399216927001857810292076278832044054379701778591742979899436269682848884388769663428062317 0 0 0 0 0 0 0 0 0 0 0 0 0 0 0 0 0 0 0 0 0 0 0 0 0 0 0 0 1 0 0 0 0 0 0 0 0 0 0 0 0 0 0 0 0 0 0 0 0 0 0 0 0 0 0 0 0 0 0 0 0 0 0 0 0 0 0 0 0 0 0 0 0 0 0 0 0 0 0 0 0 0 0]
[3475333182978346990451681343814047453780229703365905545368185411469485502129998614328897978156842046978535480935439463791294702132619216796806652394752695777007011053878560915218554566248356832363825636971263783003150917250088215563743783530290758483295 0 0 0 0 0 0 0 0 0 0 0 0 0 0 0 0 0 0 0 0 0 0 0 0 0 0 0 0 0 1 0 0 0 0 0 0 0 0 0 0 0 0 0 0 0 0 0 0 0 0 0 0 0 0 0 0 0 0 0 0 0 0 0 0 0 0 0 0 0 0 0 0 0 0 0 0 0 0 0 0 0 0 0]
[2128882183898340243348816896158218275674135303599413361319206437122423851974448117828651250256782266971334276654089838715811772913274495686889136350228499715277742298944920279663614414748110473360806216934760751190604448465461453489117819850926947514364 0 0 0 0 0 0 0 0 0 0 0 0 0 0 0 0 0 0 0 0 0 0 0 0 0 0 0 0 0 0 1 0 0 0 0 0 0 0 0 0 0 0 0 0 0 0 0 0 0 0 0 0 0 0 0 0 0 0 0 0 0 0 0 0 0 0 0 0 0 0 0 0 0 0 0 0 0 0 0 0 0 0 0]
[556912368122529680529752167390787486705381958196566455104377596931386589753844719805234204691712627220231029405294391417001264539049963387608259754844712742033741094405021627541176518002840840500987149116320629977216737000113469103731817635061822134339 0 0 0 0 0 0 0 0 0 0 0 0 0 0 0 0 0 0 0 0 0 0 0 0 0 0 0 0 0 0 0 1 0 0 0 0 0 0 0 0 0 0 0 0 0 0 0 0 0 0 0 0 0 0 0 0 0 0 0 0 0 0 0 0 0 0 0 0 0 0 0 0 0 0 0 0 0 0 0 0 0 0 0]
[2893297842228927363311831518604070678961251672077781681064914741432043892290183921502923973278799648359684724529883092938776032959500775701080538967014709878012379832286514974566666182923121097860858564103531281474104821266223080603584565841330450685641 0 0 0 0 0 0 0 0 0 0 0 0 0 0 0 0 0 0 0 0 0 0 0 0 0 0 0 0 0 0 0 0 1 0 0 0 0 0 0 0 0 0 0 0 0 0 0 0 0 0 0 0 0 0 0 0 0 0 0 0 0 0 0 0 0 0 0 0 0 0 0 0 0 0 0 0 0 0 0 0 0 0 0]
[657199007998734304147266507300761609111711201943056064754972814095676204911844398096643057100713784402590897220678650147316402983812796414747106766855391142075207522612280329090008369800753963210259094369720628707918442373062869154106884336198053500465 0 0 0 0 0 0 0 0 0 0 0 0 0 0 0 0 0 0 0 0 0 0 0 0 0 0 0 0 0 0 0 0 0 1 0 0 0 0 0 0 0 0 0 0 0 0 0 0 0 0 0 0 0 0 0 0 0 0 0 0 0 0 0 0 0 0 0 0 0 0 0 0 0 0 0 0 0 0 0 0 0 0 0]
[2686976701139476100181181431524619586816603238643218442159198904661514790925595157830425038290589389829895439937267566970060203877801934157935064549770242880621163667713797834751821021860525636757253864624280221382717975389300449845013291685705916309481 0 0 0 0 0 0 0 0 0 0 0 0 0 0 0 0 0 0 0 0 0 0 0 0 0 0 0 0 0 0 0 0 0 0 1 0 0 0 0 0 0 0 0 0 0 0 0 0 0 0 0 0 0 0 0 0 0 0 0 0 0 0 0 0 0 0 0 0 0 0 0 0 0 0 0 0 0 0 0 0 0 0 0]
[5327546640993054426758202978343524525655039143113528903778870474264202232820429093769529611191510991658462573294417788982338502141674531046068290440525341640815112037855094889956871837834644441526256354567150011718450396403415401556353215964534852101485 0 0 0 0 0 0 0 0 0 0 0 0 0 0 0 0 0 0 0 0 0 0 0 0 0 0 0 0 0 0 0 0 0 0 0 1 0 0 0 0 0 0 0 0 0 0 0 0 0 0 0 0 0 0 0 0 0 0 0 0 0 0 0 0 0 0 0 0 0 0 0 0 0 0 0 0 0 0 0 0 0 0 0]
[4068289164257051000206390636810397314080030237045330384539839713300949437434009006007265070476278459235121430144364397291047813785068980679427501691430079785276820168746481143880377338951116073844472453806935957839626864778357670640438660486146473896245 0 0 0 0 0 0 0 0 0 0 0 0 0 0 0 0 0 0 0 0 0 0 0 0 0 0 0 0 0 0 0 0 0 0 0 0 1 0 0 0 0 0 0 0 0 0 0 0 0 0 0 0 0 0 0 0 0 0 0 0 0 0 0 0 0 0 0 0 0 0 0 0 0 0 0 0 0 0 0 0 0 0 0]
[4427404315634236632860941529906990734141985111366274758121867740735277229820284766531374240953962141897021824562923128148932590361092673140208128026329869999933628758733035657319895297989062077522319860824881091974970722003602752416967622665212380674438 0 0 0 0 0 0 0 0 0 0 0 0 0 0 0 0 0 0 0 0 0 0 0 0 0 0 0 0 0 0 0 0 0 0 0 0 0 1 0 0 0 0 0 0 0 0 0 0 0 0 0 0 0 0 0 0 0 0 0 0 0 0 0 0 0 0 0 0 0 0 0 0 0 0 0 0 0 0 0 0 0 0 0]
[1361835149418025135594656125416498194868957363708474690148134642743888623642575623371481843042690399987583897080399123754341474409312882563734570473818194965754500256816443782881564978572153299932625049016533402517978189567779963694967577966052956164183 0 0 0 0 0 0 0 0 0 0 0 0 0 0 0 0 0 0 0 0 0 0 0 0 0 0 0 0 0 0 0 0 0 0 0 0 0 0 1 0 0 0 0 0 0 0 0 0 0 0 0 0 0 0 0 0 0 0 0 0 0 0 0 0 0 0 0 0 0 0 0 0 0 0 0 0 0 0 0 0 0 0 0]
[2340432600523996080342581602803456577834985565975093874633302052355946780399708996897558871920306535775864584957268432498547542308655403789609327477882392496423379126917383341307328135133831712995299389427630187500277150855457684828863142252848125539154 0 0 0 0 0 0 0 0 0 0 0 0 0 0 0 0 0 0 0 0 0 0 0 0 0 0 0 0 0 0 0 0 0 0 0 0 0 0 0 1 0 0 0 0 0 0 0 0 0 0 0 0 0 0 0 0 0 0 0 0 0 0 0 0 0 0 0 0 0 0 0 0 0 0 0 0 0 0 0 0 0 0 0]
[507130199590697479422634424469846671915511318286601769467450440270172052151013752790925949646595645212268901155208392501042193502451444786212080062763009423727273508747815090557615256162940735524468575226066208859582448547729473752850931657580279082986 0 0 0 0 0 0 0 0 0 0 0 0 0 0 0 0 0 0 0 0 0 0 0 0 0 0 0 0 0 0 0 0 0 0 0 0 0 0 0 0 1 0 0 0 0 0 0 0 0 0 0 0 0 0 0 0 0 0 0 0 0 0 0 0 0 0 0 0 0 0 0 0 0 0 0 0 0 0 0 0 0 0 0]
[1407291972074427799401583381456762712915365195223760141307918837300916115884189357776374201225633854411434053921103045878235889284153886358966287077062335682620112437583096496010856548976675905963772428067371606775006606656808171614558906242534356197178 0 0 0 0 0 0 0 0 0 0 0 0 0 0 0 0 0 0 0 0 0 0 0 0 0 0 0 0 0 0 0 0 0 0 0 0 0 0 0 0 0 1 0 0 0 0 0 0 0 0 0 0 0 0 0 0 0 0 0 0 0 0 0 0 0 0 0 0 0 0 0 0 0 0 0 0 0 0 0 0 0 0 0]
[3170138006654711182773612150247396658592964133849304121379287152004502728817441878130132679870865958062065044518081067013967537664441501924023176523507739253016263536039445966345410094299906790236979262506423140427553641633273895577730023945924317566508 0 0 0 0 0 0 0 0 0 0 0 0 0 0 0 0 0 0 0 0 0 0 0 0 0 0 0 0 0 0 0 0 0 0 0 0 0 0 0 0 0 0 1 0 0 0 0 0 0 0 0 0 0 0 0 0 0 0 0 0 0 0 0 0 0 0 0 0 0 0 0 0 0 0 0 0 0 0 0 0 0 0 0]
[4838987820906833610661303834239044327628626831537161101423625662350087315393176206890105124930162679691859585259325677698935764431969052593175326225283694262897594749600250026765266950121000680338463692864871509250508735518267259737463451061995245874656 0 0 0 0 0 0 0 0 0 0 0 0 0 0 0 0 0 0 0 0 0 0 0 0 0 0 0 0 0 0 0 0 0 0 0 0 0 0 0 0 0 0 0 1 0 0 0 0 0 0 0 0 0 0 0 0 0 0 0 0 0 0 0 0 0 0 0 0 0 0 0 0 0 0 0 0 0 0 0 0 0 0 0]
[3805354001712278441529845486322051910383412366792595346738800046434953507794272159536438279584868149905772846111941022526182550586708281443581086389833589632629755093736885692406688132155632809396869370425853249648836898650835012057195750147929270356761 0 0 0 0 0 0 0 0 0 0 0 0 0 0 0 0 0 0 0 0 0 0 0 0 0 0 0 0 0 0 0 0 0 0 0 0 0 0 0 0 0 0 0 0 1 0 0 0 0 0 0 0 0 0 0 0 0 0 0 0 0 0 0 0 0 0 0 0 0 0 0 0 0 0 0 0 0 0 0 0 0 0 0]
[3817350385814510148294561803298686247116823829223928078837485176440700472838190342452381453089282849677249020684810844028827784539503393602000140209973907871123903210002254175410810411347047856100216126250746544307386352028458342546222338262727140000677 0 0 0 0 0 0 0 0 0 0 0 0 0 0 0 0 0 0 0 0 0 0 0 0 0 0 0 0 0 0 0 0 0 0 0 0 0 0 0 0 0 0 0 0 0 1 0 0 0 0 0 0 0 0 0 0 0 0 0 0 0 0 0 0 0 0 0 0 0 0 0 0 0 0 0 0 0 0 0 0 0 0 0]
[2077419157813763363477455360467771745236215524423589716149975477381413804287655459051144771813784967701222151824270686652535986076510601934420481967790950247529629131456346853528442461314984076921644191515726480569388862248402592132678160135442258712041 0 0 0 0 0 0 0 0 0 0 0 0 0 0 0 0 0 0 0 0 0 0 0 0 0 0 0 0 0 0 0 0 0 0 0 0 0 0 0 0 0 0 0 0 0 0 1 0 0 0 0 0 0 0 0 0 0 0 0 0 0 0 0 0 0 0 0 0 0 0 0 0 0 0 0 0 0 0 0 0 0 0 0]
[344053456714078373299242620634736487434915423859092542427943388314751440743838210162283456137242488881998450994935460465087012771197523869344302496767104813574205930755050115510305934224327999101371087438206250005585966250848711334698521668477040702379 0 0 0 0 0 0 0 0 0 0 0 0 0 0 0 0 0 0 0 0 0 0 0 0 0 0 0 0 0 0 0 0 0 0 0 0 0 0 0 0 0 0 0 0 0 0 0 1 0 0 0 0 0 0 0 0 0 0 0 0 0 0 0 0 0 0 0 0 0 0 0 0 0 0 0 0 0 0 0 0 0 0 0]
[1195719384057137086708527978199182614210642874552166943112215568530851941181629649509849315869518796822118553257993108048624418743281345040077558111721111208887867929098974284141129491392024796473390980043973661575909203235240899781974706337722944742546 0 0 0 0 0 0 0 0 0 0 0 0 0 0 0 0 0 0 0 0 0 0 0 0 0 0 0 0 0 0 0 0 0 0 0 0 0 0 0 0 0 0 0 0 0 0 0 0 1 0 0 0 0 0 0 0 0 0 0 0 0 0 0 0 0 0 0 0 0 0 0 0 0 0 0 0 0 0 0 0 0 0 0]
[1539278921141909594432820001575933640279649766392988986072727728588308745856479822684173318085974779986054046166651602684706528479225486138034459208261317322407848884948810710994671180005873059282501298260481631728092908964002844932239272544233697121519 0 0 0 0 0 0 0 0 0 0 0 0 0 0 0 0 0 0 0 0 0 0 0 0 0 0 0 0 0 0 0 0 0 0 0 0 0 0 0 0 0 0 0 0 0 0 0 0 0 1 0 0 0 0 0 0 0 0 0 0 0 0 0 0 0 0 0 0 0 0 0 0 0 0 0 0 0 0 0 0 0 0 0]
[4448229951733047308553786476628144915232179499148871620982375719959267196099110453673184113320307855857820827239096063647840139312660224478703573088706930872066355263018930587134808522591855813955478716624033850472986336603680199680309673471681835113181 0 0 0 0 0 0 0 0 0 0 0 0 0 0 0 0 0 0 0 0 0 0 0 0 0 0 0 0 0 0 0 0 0 0 0 0 0 0 0 0 0 0 0 0 0 0 0 0 0 0 1 0 0 0 0 0 0 0 0 0 0 0 0 0 0 0 0 0 0 0 0 0 0 0 0 0 0 0 0 0 0 0 0]
[18914792491149030172288891968574588232025608313461468766445254358633287498930572113114270864625610318627293178582031104040760508911889267277287500581583408173351212317383608791132936199235687037997499740519667777946580631771038847852852223448784086665 0 0 0 0 0 0 0 0 0 0 0 0 0 0 0 0 0 0 0 0 0 0 0 0 0 0 0 0 0 0 0 0 0 0 0 0 0 0 0 0 0 0 0 0 0 0 0 0 0 0 0 1 0 0 0 0 0 0 0 0 0 0 0 0 0 0 0 0 0 0 0 0 0 0 0 0 0 0 0 0 0 0 0]
[4490759742297958974517881604156775397435393338797762942048527997708780667993137535647383194827203278093701746257129854400007746681235407617834248403563907555245490543035655883098993659171302462084121579471441801942870903413166737060394182834210967863807 0 0 0 0 0 0 0 0 0 0 0 0 0 0 0 0 0 0 0 0 0 0 0 0 0 0 0 0 0 0 0 0 0 0 0 0 0 0 0 0 0 0 0 0 0 0 0 0 0 0 0 0 1 0 0 0 0 0 0 0 0 0 0 0 0 0 0 0 0 0 0 0 0 0 0 0 0 0 0 0 0 0 0]
[4124822619493977101892774654817708213931473264118012879814996489953748072420687026089671174998965630562783847305025992123536025039883159502010853623251612711013809016436988951325936469136887068676382431781020060640709473603238843952292631413920558670333 0 0 0 0 0 0 0 0 0 0 0 0 0 0 0 0 0 0 0 0 0 0 0 0 0 0 0 0 0 0 0 0 0 0 0 0 0 0 0 0 0 0 0 0 0 0 0 0 0 0 0 0 0 1 0 0 0 0 0 0 0 0 0 0 0 0 0 0 0 0 0 0 0 0 0 0 0 0 0 0 0 0 0]
[115027621558813726058889493695589480756685548136859211301307893563380896637631070784934612203492183949710514876262734668293342513108888766736138474338287580661415840748053860767894311789942733357232450689411282812214454738625511281432347506311752174690 0 0 0 0 0 0 0 0 0 0 0 0 0 0 0 0 0 0 0 0 0 0 0 0 0 0 0 0 0 0 0 0 0 0 0 0 0 0 0 0 0 0 0 0 0 0 0 0 0 0 0 0 0 0 1 0 0 0 0 0 0 0 0 0 0 0 0 0 0 0 0 0 0 0 0 0 0 0 0 0 0 0 0]
[2008274708356427868456325926724054669104176606842718414867355838759484200585057442815849659229662162340510335358736250493623826949828189814799378738109988834439668026619495146271593937947364785177454205000262150222000192240657496074511010114225409015301 0 0 0 0 0 0 0 0 0 0 0 0 0 0 0 0 0 0 0 0 0 0 0 0 0 0 0 0 0 0 0 0 0 0 0 0 0 0 0 0 0 0 0 0 0 0 0 0 0 0 0 0 0 0 0 1 0 0 0 0 0 0 0 0 0 0 0 0 0 0 0 0 0 0 0 0 0 0 0 0 0 0 0]
[2580991575536095430475305637129241008803751403918967355634470183621613550649210865929898445504812862957506640029306507784154427460833811981089510038642460362729134079307939453705858767117076719949898769760239033816199260238665582838317055260310346172784 0 0 0 0 0 0 0 0 0 0 0 0 0 0 0 0 0 0 0 0 0 0 0 0 0 0 0 0 0 0 0 0 0 0 0 0 0 0 0 0 0 0 0 0 0 0 0 0 0 0 0 0 0 0 0 0 1 0 0 0 0 0 0 0 0 0 0 0 0 0 0 0 0 0 0 0 0 0 0 0 0 0 0]
[2535940850846904127057658725821053630701855633049119608877352367183481806650881398955628618265359334976577411029821240419084736058938486962667881689225677189309708904891613020360095274946325175686506006355154349329492344940659640497568984114433019984087 0 0 0 0 0 0 0 0 0 0 0 0 0 0 0 0 0 0 0 0 0 0 0 0 0 0 0 0 0 0 0 0 0 0 0 0 0 0 0 0 0 0 0 0 0 0 0 0 0 0 0 0 0 0 0 0 0 1 0 0 0 0 0 0 0 0 0 0 0 0 0 0 0 0 0 0 0 0 0 0 0 0 0]
[803841707053588257301104087176169954954208694528068091761641899945343118217981989714799597791761273819070028905350704014474815155689914525371623918317617138311883049945358447812096260421984047739490025048636860639105122666941171280856866402642120121877 0 0 0 0 0 0 0 0 0 0 0 0 0 0 0 0 0 0 0 0 0 0 0 0 0 0 0 0 0 0 0 0 0 0 0 0 0 0 0 0 0 0 0 0 0 0 0 0 0 0 0 0 0 0 0 0 0 0 1 0 0 0 0 0 0 0 0 0 0 0 0 0 0 0 0 0 0 0 0 0 0 0 0]
[1041460153731118017148608442796461112412946982167678151889622109532859733627543506521955049821600180050041223347491844026462300998834267688722214022615781671351848199935769008768257843680061379749681298653949104009172873543959127560843523533141534914528 0 0 0 0 0 0 0 0 0 0 0 0 0 0 0 0 0 0 0 0 0 0 0 0 0 0 0 0 0 0 0 0 0 0 0 0 0 0 0 0 0 0 0 0 0 0 0 0 0 0 0 0 0 0 0 0 0 0 0 1 0 0 0 0 0 0 0 0 0 0 0 0 0 0 0 0 0 0 0 0 0 0 0]
[4443592106247206599940536577672339340685463079858636031520474473754904781218265991398624648455785794806637607729507698057841488467080226010332036754871210892332721337308901039461471301251655796596681968033105584768233149609624600230846614420841804276035 0 0 0 0 0 0 0 0 0 0 0 0 0 0 0 0 0 0 0 0 0 0 0 0 0 0 0 0 0 0 0 0 0 0 0 0 0 0 0 0 0 0 0 0 0 0 0 0 0 0 0 0 0 0 0 0 0 0 0 0 1 0 0 0 0 0 0 0 0 0 0 0 0 0 0 0 0 0 0 0 0 0 0]
[3526318486382194936562847061291499362758041166564604949985535020784946339452575660527404228034266695959843218941925317691992495618604521011921205613441362171632202364343223140381901567641243546949459851920083799851949030721661104099329572587795156444508 0 0 0 0 0 0 0 0 0 0 0 0 0 0 0 0 0 0 0 0 0 0 0 0 0 0 0 0 0 0 0 0 0 0 0 0 0 0 0 0 0 0 0 0 0 0 0 0 0 0 0 0 0 0 0 0 0 0 0 0 0 1 0 0 0 0 0 0 0 0 0 0 0 0 0 0 0 0 0 0 0 0 0]
[348421607984712559898177501239029582244051134024653522819583752270264740900386966247565015365303017738802295874856223169315380596577109991513401816955582413629593200887649041903511992336756262886372428527203040669821220793726934583938445707650822570293 0 0 0 0 0 0 0 0 0 0 0 0 0 0 0 0 0 0 0 0 0 0 0 0 0 0 0 0 0 0 0 0 0 0 0 0 0 0 0 0 0 0 0 0 0 0 0 0 0 0 0 0 0 0 0 0 0 0 0 0 0 0 1 0 0 0 0 0 0 0 0 0 0 0 0 0 0 0 0 0 0 0 0]
[3707424680386370413923271113698453892612492688759556027429785871505715251844509966522722143631090631896414378785878311565374411190554470720113697193148782012637571679758319290441910801191064518136322612652899190940284371380067125455727624558507825367775 0 0 0 0 0 0 0 0 0 0 0 0 0 0 0 0 0 0 0 0 0 0 0 0 0 0 0 0 0 0 0 0 0 0 0 0 0 0 0 0 0 0 0 0 0 0 0 0 0 0 0 0 0 0 0 0 0 0 0 0 0 0 0 1 0 0 0 0 0 0 0 0 0 0 0 0 0 0 0 0 0 0 0]
[3283345686857623554887200998033286400344950901689560197016022178332478076897686973033076505579943496653547103533801227191283055222564562057999124057241539817105834423672525038428463795724195157461552240444599220278356237388155431561071357520315522407558 0 0 0 0 0 0 0 0 0 0 0 0 0 0 0 0 0 0 0 0 0 0 0 0 0 0 0 0 0 0 0 0 0 0 0 0 0 0 0 0 0 0 0 0 0 0 0 0 0 0 0 0 0 0 0 0 0 0 0 0 0 0 0 0 1 0 0 0 0 0 0 0 0 0 0 0 0 0 0 0 0 0 0]
[1540061119130022562544642635161282818700102228700429183734144344014936660540867940738411733468801587131090705568122064251687151943322584628112313798943917088978977894269166103577948204788357432756309719377254743342988594421056281098079437041033187242995 0 0 0 0 0 0 0 0 0 0 0 0 0 0 0 0 0 0 0 0 0 0 0 0 0 0 0 0 0 0 0 0 0 0 0 0 0 0 0 0 0 0 0 0 0 0 0 0 0 0 0 0 0 0 0 0 0 0 0 0 0 0 0 0 0 1 0 0 0 0 0 0 0 0 0 0 0 0 0 0 0 0 0]
[1706530285924979860364968602025056845051195891612675460749270779442639975650255054398238936585254749274961248425489945023891675480720969591981367349211355750563791579268696181171298546635572478144952963138834595051446936271937951384635674056244774743132 0 0 0 0 0 0 0 0 0 0 0 0 0 0 0 0 0 0 0 0 0 0 0 0 0 0 0 0 0 0 0 0 0 0 0 0 0 0 0 0 0 0 0 0 0 0 0 0 0 0 0 0 0 0 0 0 0 0 0 0 0 0 0 0 0 0 1 0 0 0 0 0 0 0 0 0 0 0 0 0 0 0 0]
[727348060267824212402234579823482668108609327955403509663321524827524857891203682766343091160250551317865285649623599683871334157811157148670277682397876152085381357313960884191936626986975040561913515697540429328037340495684645302238686099967861679143 0 0 0 0 0 0 0 0 0 0 0 0 0 0 0 0 0 0 0 0 0 0 0 0 0 0 0 0 0 0 0 0 0 0 0 0 0 0 0 0 0 0 0 0 0 0 0 0 0 0 0 0 0 0 0 0 0 0 0 0 0 0 0 0 0 0 0 1 0 0 0 0 0 0 0 0 0 0 0 0 0 0 0]
[5219945744987413731389731921001969398156566091310483876045210545450041483113296477699733094569996919158136978116054043370669105570524156555911834615683502307913674676024974594879269308564579705696858984045812566414373385867555957821275655120476007435204 0 0 0 0 0 0 0 0 0 0 0 0 0 0 0 0 0 0 0 0 0 0 0 0 0 0 0 0 0 0 0 0 0 0 0 0 0 0 0 0 0 0 0 0 0 0 0 0 0 0 0 0 0 0 0 0 0 0 0 0 0 0 0 0 0 0 0 0 1 0 0 0 0 0 0 0 0 0 0 0 0 0 0]
[2029316059337513843896784727490903696759496807691774303232237793980805205000609506391538216927530986613736711141152126745233409674728718963428525305450804722283580117092375240259851255276393964394411312702403250305966575879975446450683022548411664819907 0 0 0 0 0 0 0 0 0 0 0 0 0 0 0 0 0 0 0 0 0 0 0 0 0 0 0 0 0 0 0 0 0 0 0 0 0 0 0 0 0 0 0 0 0 0 0 0 0 0 0 0 0 0 0 0 0 0 0 0 0 0 0 0 0 0 0 0 0 1 0 0 0 0 0 0 0 0 0 0 0 0 0]
[2677286939489090287455630685437569906199192672560370410604749437497475918132852730353414938560460910691572932475469103376253958170245774396803145831625540651644592359180256416994796011166826442843256265915220442904277935180807642886561630106284578868883 0 0 0 0 0 0 0 0 0 0 0 0 0 0 0 0 0 0 0 0 0 0 0 0 0 0 0 0 0 0 0 0 0 0 0 0 0 0 0 0 0 0 0 0 0 0 0 0 0 0 0 0 0 0 0 0 0 0 0 0 0 0 0 0 0 0 0 0 0 0 1 0 0 0 0 0 0 0 0 0 0 0 0]
[4850884206772311341614420647524628904382172418745385990176214797328959097721162791107143452119348565732888757550413047824467493801462405743544171595921367327639676050573176114697803687392242691168577367107858680961434487162186754504380662377671636221910 0 0 0 0 0 0 0 0 0 0 0 0 0 0 0 0 0 0 0 0 0 0 0 0 0 0 0 0 0 0 0 0 0 0 0 0 0 0 0 0 0 0 0 0 0 0 0 0 0 0 0 0 0 0 0 0 0 0 0 0 0 0 0 0 0 0 0 0 0 0 0 1 0 0 0 0 0 0 0 0 0 0 0]
[518211614569928739884323571893984664927770053177161352651128464880305440330357076430132923956924486235233904876514576870717236756023105495648084506090163092968440216635050197860813259848796140887775599294403291508878852547688799917163876929350012721016 0 0 0 0 0 0 0 0 0 0 0 0 0 0 0 0 0 0 0 0 0 0 0 0 0 0 0 0 0 0 0 0 0 0 0 0 0 0 0 0 0 0 0 0 0 0 0 0 0 0 0 0 0 0 0 0 0 0 0 0 0 0 0 0 0 0 0 0 0 0 0 0 1 0 0 0 0 0 0 0 0 0 0]
[227331024310777300269814744865697005145653608014261075775909182685654436404514715831239533878342106023283263040562275801061229605728829677641059141056542777318518627879675666132764067950903158496267576974425421409525713271779132452451732643321972246861 0 0 0 0 0 0 0 0 0 0 0 0 0 0 0 0 0 0 0 0 0 0 0 0 0 0 0 0 0 0 0 0 0 0 0 0 0 0 0 0 0 0 0 0 0 0 0 0 0 0 0 0 0 0 0 0 0 0 0 0 0 0 0 0 0 0 0 0 0 0 0 0 0 1 0 0 0 0 0 0 0 0 0]
[4269848366185949085134899617832526706117426115084677971744557066876120691680228181188066644982824096065138536176440458759373118469382235830283265834588767731008142024118692333224536959407474893657994623760169083078770143830055593665245872529122063889582 0 0 0 0 0 0 0 0 0 0 0 0 0 0 0 0 0 0 0 0 0 0 0 0 0 0 0 0 0 0 0 0 0 0 0 0 0 0 0 0 0 0 0 0 0 0 0 0 0 0 0 0 0 0 0 0 0 0 0 0 0 0 0 0 0 0 0 0 0 0 0 0 0 0 1 0 0 0 0 0 0 0 0]
[4045268544214740632457112675255269395825670925710682354786313251980573739045780932409012172380039800309862456575746945672740407566836488496406362317399790585534444009979642079913172956919772079336402745102793993534457191173296772109384735543497962035277 0 0 0 0 0 0 0 0 0 0 0 0 0 0 0 0 0 0 0 0 0 0 0 0 0 0 0 0 0 0 0 0 0 0 0 0 0 0 0 0 0 0 0 0 0 0 0 0 0 0 0 0 0 0 0 0 0 0 0 0 0 0 0 0 0 0 0 0 0 0 0 0 0 0 0 1 0 0 0 0 0 0 0]
[492431769400073898379834168754729303443300993891920777230899644579887443655745547484856207327462501380995705924120873902881411423717384779024458254322142350915065208309932936416345901931675723130229036239940074410780767759283160458672342888919162662460 0 0 0 0 0 0 0 0 0 0 0 0 0 0 0 0 0 0 0 0 0 0 0 0 0 0 0 0 0 0 0 0 0 0 0 0 0 0 0 0 0 0 0 0 0 0 0 0 0 0 0 0 0 0 0 0 0 0 0 0 0 0 0 0 0 0 0 0 0 0 0 0 0 0 0 0 1 0 0 0 0 0 0]
[5342225217262614725810521926228642384839853953183802076342735610912082297048051635230222883043955720537138035079917723159783470561114475383276155621401666503709427476593350581615379407220565723663067802393940686645225717120496508536675341990124889818691 0 0 0 0 0 0 0 0 0 0 0 0 0 0 0 0 0 0 0 0 0 0 0 0 0 0 0 0 0 0 0 0 0 0 0 0 0 0 0 0 0 0 0 0 0 0 0 0 0 0 0 0 0 0 0 0 0 0 0 0 0 0 0 0 0 0 0 0 0 0 0 0 0 0 0 0 0 1 0 0 0 0 0]
[1193661321828444792307963281975295494565523197836256525697463273406539043245328601558422436326185205005030562094592784316533241020785665251227844843826783613127679107689096836746317250671947886609847099531665779728131475971179972445543068591949125156022 0 0 0 0 0 0 0 0 0 0 0 0 0 0 0 0 0 0 0 0 0 0 0 0 0 0 0 0 0 0 0 0 0 0 0 0 0 0 0 0 0 0 0 0 0 0 0 0 0 0 0 0 0 0 0 0 0 0 0 0 0 0 0 0 0 0 0 0 0 0 0 0 0 0 0 0 0 0 1 0 0 0 0]
[223115022784184705143842496107954205853606806250115218115529442709814262214520508877750870533945125253073600903018457044544969744778810235700700086543627466213663032297377373306220511734851602708727342913466834972789717114644499858805072049325060731308 0 0 0 0 0 0 0 0 0 0 0 0 0 0 0 0 0 0 0 0 0 0 0 0 0 0 0 0 0 0 0 0 0 0 0 0 0 0 0 0 0 0 0 0 0 0 0 0 0 0 0 0 0 0 0 0 0 0 0 0 0 0 0 0 0 0 0 0 0 0 0 0 0 0 0 0 0 0 0 1 0 0 0]
[1628197532155442906633016893631553497479458284357117054689666764489819696990001211020317649626705220884590571667247769480093581335241515020808553521357906026935444112409678313810347571191508552423968051384375490024468023380750008968230070281601100308685 0 0 0 0 0 0 0 0 0 0 0 0 0 0 0 0 0 0 0 0 0 0 0 0 0 0 0 0 0 0 0 0 0 0 0 0 0 0 0 0 0 0 0 0 0 0 0 0 0 0 0 0 0 0 0 0 0 0 0 0 0 0 0 0 0 0 0 0 0 0 0 0 0 0 0 0 0 0 0 0 1 0 0]
[1458511746903638290387389232315894839822133808132504420139936830527742466926426987226870821083435472514954928259807288942224776351559800084902682818209688856659274796200490959946500161799109256131223707565884923565621735197930471038032109502980314794196 0 0 0 0 0 0 0 0 0 0 0 0 0 0 0 0 0 0 0 0 0 0 0 0 0 0 0 0 0 0 0 0 0 0 0 0 0 0 0 0 0 0 0 0 0 0 0 0 0 0 0 0 0 0 0 0 0 0 0 0 0 0 0 0 0 0 0 0 0 0 0 0 0 0 0 0 0 0 0 0 0 1 0]
[4738216975533534927174247491402753657294826976048291417766992224191387188588389430910195727973818367299341761290482351927222314781202763798125002797889947260846240886881842594781074719432387947747567924472289034997644226873140909010369685054417764113926 0 0 0 0 0 0 0 0 0 0 0 0 0 0 0 0 0 0 0 0 0 0 0 0 0 0 0 0 0 0 0 0 0 0 0 0 0 0 0 0 0 0 0 0 0 0 0 0 0 0 0 0 0 0 0 0 0 0 0 0 0 0 0 0 0 0 0 0 0 0 0 0 0 0 0 0 0 0 0 0 0 0 1]
]
