[[2888169804972140414849027328458916488337865355104582556494866930459064075297777460094018766707162009609545343410083502210253903593833901332801401770632066561537140338575166360506717481433949692179 0 0 0 0 0 0 0 0 0 0 0 0 0 0 0 0 0 0 0 0 0 0 0 0 0 0 0 0 0 0 0 0 0 0 0 0 0 0 0 0 0 0 0 0 0 0 0 0 0 0 0 0 0 0 0 0 0 0 0 0 0 0 0 0]
[1855406383639740379667079925828889141798590477636380669010241179137671081512631454279513892955132000055605310745462490943052231898432489565098935504202346781239586934020440453492804015239587841289 1 0 0 0 0 0 0 0 0 0 0 0 0 0 0 0 0 0 0 0 0 0 0 0 0 0 0 0 0 0 0 0 0 0 0 0 0 0 0 0 0 0 0 0 0 0 0 0 0 0 0 0 0 0 0 0 0 0 0 0 0 0 0 0]
[2413185216221843735830672874041941834891500150483072745593722029051389442259254778717703496988007295925708781918894431756142728083859183898437223742878842267300009473485153305354811853567106696412 0 1 0 0 0 0 0 0 0 0 0 0 0 0 0 0 0 0 0 0 0 0 0 0 0 0 0 0 0 0 0 0 0 0 0 0 0 0 0 0 0 0 0 0 0 0 0 0 0 0 0 0 0 0 0 0 0 0 0 0 0 0 0 0]
[2069992020214609229212456631119017921385382739189386595080670124719791733283071706901268084322040608000917221359949252238472288369801597689540657926726519111330269878975357408589779680071937751713 0 0 1 0 0 0 0 0 0 0 0 0 0 0 0 0 0 0 0 0 0 0 0 0 0 0 0 0 0 0 0 0 0 0 0 0 0 0 0 0 0 0 0 0 0 0 0 0 0 0 0 0 0 0 0 0 0 0 0 0 0 0 0 0]
[2494962726658078033022985064297529832052534673739720603157446764464935033197497617501165916910947831563698342589460060473055118402267248381100257174770392745550723249722567502021143790114014245103 0 0 0 1 0 0 0 0 0 0 0 0 0 0 0 0 0 0 0 0 0 0 0 0 0 0 0 0 0 0 0 0 0 0 0 0 0 0 0 0 0 0 0 0 0 0 0 0 0 0 0 0 0 0 0 0 0 0 0 0 0 0 0 0]
[709182753398761568388677345199776870767266153042721768106485155189895706628209835412933079352475522692387164528504662440015576968484059083658952270893279205119252271424164904495134138049851575960 0 0 0 0 1 0 0 0 0 0 0 0 0 0 0 0 0 0 0 0 0 0 0 0 0 0 0 0 0 0 0 0 0 0 0 0 0 0 0 0 0 0 0 0 0 0 0 0 0 0 0 0 0 0 0 0 0 0 0 0 0 0 0 0]
[1825362764374406956948692746678730419354585892171973882473938342581763911719639351865098081309898630026902983538292918212679958869028889013725673836671647638827814430128654264000126034826675886841 0 0 0 0 0 1 0 0 0 0 0 0 0 0 0 0 0 0 0 0 0 0 0 0 0 0 0 0 0 0 0 0 0 0 0 0 0 0 0 0 0 0 0 0 0 0 0 0 0 0 0 0 0 0 0 0 0 0 0 0 0 0 0 0]
[86688755243271903429763661712701716760873615673432648784168543656899728335576877666198678119352185663231049907721051484399682429157419621914775894917572672321252494790957924303822635566841103727 0 0 0 0 0 0 1 0 0 0 0 0 0 0 0 0 0 0 0 0 0 0 0 0 0 0 0 0 0 0 0 0 0 0 0 0 0 0 0 0 0 0 0 0 0 0 0 0 0 0 0 0 0 0 0 0 0 0 0 0 0 0 0 0]
[555437301441047765149624461071948304609444201440161911930895734583015409242940972946378364258359170387039369727956200287368642092182368531289128720954190874300086925140817746684710533653352531779 0 0 0 0 0 0 0 1 0 0 0 0 0 0 0 0 0 0 0 0 0 0 0 0 0 0 0 0 0 0 0 0 0 0 0 0 0 0 0 0 0 0 0 0 0 0 0 0 0 0 0 0 0 0 0 0 0 0 0 0 0 0 0 0]
[2062078817973714339291273056333602849591499955816222689475515366126337409439570242529883800188985305515949851914858663157542475716284509753858175020795959362706204304829001830971850397740158480147 0 0 0 0 0 0 0 0 1 0 0 0 0 0 0 0 0 0 0 0 0 0 0 0 0 0 0 0 0 0 0 0 0 0 0 0 0 0 0 0 0 0 0 0 0 0 0 0 0 0 0 0 0 0 0 0 0 0 0 0 0 0 0 0]
[906676875286415945431306856699106849976129243277366455912760626324508409354953385411910748509775205341546276917737565700188129676022246109612609721454460978531524622598800739710578341257405549330 0 0 0 0 0 0 0 0 0 1 0 0 0 0 0 0 0 0 0 0 0 0 0 0 0 0 0 0 0 0 0 0 0 0 0 0 0 0 0 0 0 0 0 0 0 0 0 0 0 0 0 0 0 0 0 0 0 0 0 0 0 0 0 0]
[1794362782433162224391769876450961180323192065440268197660950546546361360879577889199606000934967131388832260625580360590419566454155806821947550259696091404696415307783696582996511964774959496441 0 0 0 0 0 0 0 0 0 0 1 0 0 0 0 0 0 0 0 0 0 0 0 0 0 0 0 0 0 0 0 0 0 0 0 0 0 0 0 0 0 0 0 0 0 0 0 0 0 0 0 0 0 0 0 0 0 0 0 0 0 0 0 0]
[2295234023935917300419855932692743659849500155962806419076135864236217060317792914339962797683679411122352948728598590592466735525691311672975637355684157889926946483693713601221967816587240466049 0 0 0 0 0 0 0 0 0 0 0 1 0 0 0 0 0 0 0 0 0 0 0 0 0 0 0 0 0 0 0 0 0 0 0 0 0 0 0 0 0 0 0 0 0 0 0 0 0 0 0 0 0 0 0 0 0 0 0 0 0 0 0 0]
[2036484301122839077518658119195949429801105784080223364194791510681023250840803820338920885634160952832554652755594729338353437497017446235252068524461316590940851123851484569268412416954064469590 0 0 0 0 0 0 0 0 0 0 0 0 1 0 0 0 0 0 0 0 0 0 0 0 0 0 0 0 0 0 0 0 0 0 0 0 0 0 0 0 0 0 0 0 0 0 0 0 0 0 0 0 0 0 0 0 0 0 0 0 0 0 0 0]
[2133304314821984851773103450032072885402654875796357035070206201863403833227302648065385634122510644970283387726985862223480075392311073015238430709836037889413944255681296854710528521018482585117 0 0 0 0 0 0 0 0 0 0 0 0 0 1 0 0 0 0 0 0 0 0 0 0 0 0 0 0 0 0 0 0 0 0 0 0 0 0 0 0 0 0 0 0 0 0 0 0 0 0 0 0 0 0 0 0 0 0 0 0 0 0 0 0]
[2666254267573705591872919244783889635411444370595607706207173040261548910265929364886433544996813116046806622128688774916732674747914300762462186735072841704087733599354632763812434326726711704841 0 0 0 0 0 0 0 0 0 0 0 0 0 0 1 0 0 0 0 0 0 0 0 0 0 0 0 0 0 0 0 0 0 0 0 0 0 0 0 0 0 0 0 0 0 0 0 0 0 0 0 0 0 0 0 0 0 0 0 0 0 0 0 0]
[2731284267415925823476733214109543496163607121011730383089388359813853529042255131505961383720455476315848520931483450719253745891014492984620941566890235806086248516957796608161967847864067436847 0 0 0 0 0 0 0 0 0 0 0 0 0 0 0 1 0 0 0 0 0 0 0 0 0 0 0 0 0 0 0 0 0 0 0 0 0 0 0 0 0 0 0 0 0 0 0 0 0 0 0 0 0 0 0 0 0 0 0 0 0 0 0 0]
[1144350914631145776588430097502838886354739796522194480690558929157350356215853366386961720592422579058749274402042991657909723367976314110294431009457355081366701323702145537560132447133889894192 0 0 0 0 0 0 0 0 0 0 0 0 0 0 0 0 1 0 0 0 0 0 0 0 0 0 0 0 0 0 0 0 0 0 0 0 0 0 0 0 0 0 0 0 0 0 0 0 0 0 0 0 0 0 0 0 0 0 0 0 0 0 0 0]
[1393688032170427792936734034278038750605341136222255354929914411160506812170490469409225524231896592561983323957429610539864022272327402640396189605707540145126211180583381846135445912516499166770 0 0 0 0 0 0 0 0 0 0 0 0 0 0 0 0 0 1 0 0 0 0 0 0 0 0 0 0 0 0 0 0 0 0 0 0 0 0 0 0 0 0 0 0 0 0 0 0 0 0 0 0 0 0 0 0 0 0 0 0 0 0 0 0]
[45111607367671067218929139563932101918757468468158316707787142098246936873763752598197430549849910342691663074942084771832416028206951957110103232266634041253713142347796226044866755817548040594 0 0 0 0 0 0 0 0 0 0 0 0 0 0 0 0 0 0 1 0 0 0 0 0 0 0 0 0 0 0 0 0 0 0 0 0 0 0 0 0 0 0 0 0 0 0 0 0 0 0 0 0 0 0 0 0 0 0 0 0 0 0 0 0]
[2727535029125380933528510436058940347971783303069466686484649846407381329465736042857726678629350240531322244002305605495561532162712287883496670111708441172846648426871353534392061346200540050434 0 0 0 0 0 0 0 0 0 0 0 0 0 0 0 0 0 0 0 1 0 0 0 0 0 0 0 0 0 0 0 0 0 0 0 0 0 0 0 0 0 0 0 0 0 0 0 0 0 0 0 0 0 0 0 0 0 0 0 0 0 0 0 0]
[1273054841645699006397349482396558276314454031688909622856668216893590514400284829139688991255156542536709974463870032296952467261459705108274773981133585008050723585317663839161853247143264282944 0 0 0 0 0 0 0 0 0 0 0 0 0 0 0 0 0 0 0 0 1 0 0 0 0 0 0 0 0 0 0 0 0 0 0 0 0 0 0 0 0 0 0 0 0 0 0 0 0 0 0 0 0 0 0 0 0 0 0 0 0 0 0 0]
[97639142683376333458010193158210534901535166987101323680079817447760320900893984255211853497393246923418766504073448916189901064328675312996774541025828667843288633242361840254510923939438119138 0 0 0 0 0 0 0 0 0 0 0 0 0 0 0 0 0 0 0 0 0 1 0 0 0 0 0 0 0 0 0 0 0 0 0 0 0 0 0 0 0 0 0 0 0 0 0 0 0 0 0 0 0 0 0 0 0 0 0 0 0 0 0 0]
[780184166778789468755457510214933203519674590387808824183396837058305657682427094581902860874210683790510477762850596800521920821246150130155026581660150839269509948313385784783147393956515857272 0 0 0 0 0 0 0 0 0 0 0 0 0 0 0 0 0 0 0 0 0 0 1 0 0 0 0 0 0 0 0 0 0 0 0 0 0 0 0 0 0 0 0 0 0 0 0 0 0 0 0 0 0 0 0 0 0 0 0 0 0 0 0 0]
[1150652155360943794979663070939478436025591828986501185163457804088045211347061545516061912885670338596541715662873171309143715215631315986184360101824901393473591241881950073459711718187369386296 0 0 0 0 0 0 0 0 0 0 0 0 0 0 0 0 0 0 0 0 0 0 0 1 0 0 0 0 0 0 0 0 0 0 0 0 0 0 0 0 0 0 0 0 0 0 0 0 0 0 0 0 0 0 0 0 0 0 0 0 0 0 0 0]
[2290834474959181671839011883296831926908838137013515169917262368049292380567755525131464601289517701633561688242507224526495762355258323709619966026595870477379740001925851960358901337684335551128 0 0 0 0 0 0 0 0 0 0 0 0 0 0 0 0 0 0 0 0 0 0 0 0 1 0 0 0 0 0 0 0 0 0 0 0 0 0 0 0 0 0 0 0 0 0 0 0 0 0 0 0 0 0 0 0 0 0 0 0 0 0 0 0]
[2520610405932354880428916408232625588244541891801535951664955876421698239095314409629160154137353555032699267698157259607078819631513422829466022573430983330873474600619008128029857632187905667676 0 0 0 0 0 0 0 0 0 0 0 0 0 0 0 0 0 0 0 0 0 0 0 0 0 1 0 0 0 0 0 0 0 0 0 0 0 0 0 0 0 0 0 0 0 0 0 0 0 0 0 0 0 0 0 0 0 0 0 0 0 0 0 0]
[1220722968319242803947325380679162817324513999580707232536347051713633917574714560186435886040636372217706171892354050763102323384752275193133171162962508679312402999132213662232596113730999866844 0 0 0 0 0 0 0 0 0 0 0 0 0 0 0 0 0 0 0 0 0 0 0 0 0 0 1 0 0 0 0 0 0 0 0 0 0 0 0 0 0 0 0 0 0 0 0 0 0 0 0 0 0 0 0 0 0 0 0 0 0 0 0 0]
[2739149058789173674051523087276527160756932970274352822898478529377629336566381231946213135665566481635579950801334361819915028053898330543545490710105257502372698055404873675736828224998345162603 0 0 0 0 0 0 0 0 0 0 0 0 0 0 0 0 0 0 0 0 0 0 0 0 0 0 0 1 0 0 0 0 0 0 0 0 0 0 0 0 0 0 0 0 0 0 0 0 0 0 0 0 0 0 0 0 0 0 0 0 0 0 0 0]
[2058551968286896356365772453660076844454597909720992892084606420330441094558411033258568710674912136262150548228214643433234723925459646560375364511976704217730815924992301958280273419955390669120 0 0 0 0 0 0 0 0 0 0 0 0 0 0 0 0 0 0 0 0 0 0 0 0 0 0 0 0 1 0 0 0 0 0 0 0 0 0 0 0 0 0 0 0 0 0 0 0 0 0 0 0 0 0 0 0 0 0 0 0 0 0 0 0]
[65890760653120553239827805578368903629956511236926434459528136915070495482037422832149239635675660256133101767668188463667310412221527371166204409118831865834150727322646705624424233976133920470 0 0 0 0 0 0 0 0 0 0 0 0 0 0 0 0 0 0 0 0 0 0 0 0 0 0 0 0 0 1 0 0 0 0 0 0 0 0 0 0 0 0 0 0 0 0 0 0 0 0 0 0 0 0 0 0 0 0 0 0 0 0 0 0]
[1530071771681413306326212265019442036179894213901339450234592272908598362150244195784905166478968072731670707840948625200119331465120689435279820560155750331229751637058322462530778081522295626838 0 0 0 0 0 0 0 0 0 0 0 0 0 0 0 0 0 0 0 0 0 0 0 0 0 0 0 0 0 0 1 0 0 0 0 0 0 0 0 0 0 0 0 0 0 0 0 0 0 0 0 0 0 0 0 0 0 0 0 0 0 0 0 0]
[2064447739534217562797817862651714043949216939795972842377215375190272757796547102453367851218489033107138192089285307158897380917023293623263487483250436551811523770589148646912608688863034162160 0 0 0 0 0 0 0 0 0 0 0 0 0 0 0 0 0 0 0 0 0 0 0 0 0 0 0 0 0 0 0 1 0 0 0 0 0 0 0 0 0 0 0 0 0 0 0 0 0 0 0 0 0 0 0 0 0 0 0 0 0 0 0 0]
[2701088619670279996566857280292126657401636836511338455705050912742957518494264726780593189187805485484177437819014097047339265221680631840437518351730158979970891760560461052227861870124251507359 0 0 0 0 0 0 0 0 0 0 0 0 0 0 0 0 0 0 0 0 0 0 0 0 0 0 0 0 0 0 0 0 1 0 0 0 0 0 0 0 0 0 0 0 0 0 0 0 0 0 0 0 0 0 0 0 0 0 0 0 0 0 0 0]
[675395606362414937417070876355925823912416671592825909705253644434270695262513836289325078597518289554111735383050550994167119980482739277178865035414608511776747697454783038667546506752697279612 0 0 0 0 0 0 0 0 0 0 0 0 0 0 0 0 0 0 0 0 0 0 0 0 0 0 0 0 0 0 0 0 0 1 0 0 0 0 0 0 0 0 0 0 0 0 0 0 0 0 0 0 0 0 0 0 0 0 0 0 0 0 0 0]
[524574615176161653995485927064831982408231942941469540232952486453249922230625096429891155990897124542950163548182436253269497745203241020544808415226727665097011547116542617583391371644660686135 0 0 0 0 0 0 0 0 0 0 0 0 0 0 0 0 0 0 0 0 0 0 0 0 0 0 0 0 0 0 0 0 0 0 1 0 0 0 0 0 0 0 0 0 0 0 0 0 0 0 0 0 0 0 0 0 0 0 0 0 0 0 0 0]
[16119508482973480663993637177064804372020914422091183248216298506242049955809301177285903087895916082610479357037386771670041148038299742031906168417612912654377921812774890914284246324448028161 0 0 0 0 0 0 0 0 0 0 0 0 0 0 0 0 0 0 0 0 0 0 0 0 0 0 0 0 0 0 0 0 0 0 0 1 0 0 0 0 0 0 0 0 0 0 0 0 0 0 0 0 0 0 0 0 0 0 0 0 0 0 0 0]
[259055500469228929018041485221908172945558617992193703444868391152493013378497709946750058401848396712680986195341534195836283608006197258566934028129908110093020603853205054439110229115656384706 0 0 0 0 0 0 0 0 0 0 0 0 0 0 0 0 0 0 0 0 0 0 0 0 0 0 0 0 0 0 0 0 0 0 0 0 1 0 0 0 0 0 0 0 0 0 0 0 0 0 0 0 0 0 0 0 0 0 0 0 0 0 0 0]
[717166497221807931857625344726509021929061419366077367116830377864464028942694285546343101004627924294514618706341809581193078270158724029920001409532820916057404056258790689108968269057555437674 0 0 0 0 0 0 0 0 0 0 0 0 0 0 0 0 0 0 0 0 0 0 0 0 0 0 0 0 0 0 0 0 0 0 0 0 0 1 0 0 0 0 0 0 0 0 0 0 0 0 0 0 0 0 0 0 0 0 0 0 0 0 0 0]
[1828767831861332258800008590974225694736221293468585686205263421329280792709835377993810264711053098049373748928853722907380749154752944400307217801177515768818841249920560913720177630400861840272 0 0 0 0 0 0 0 0 0 0 0 0 0 0 0 0 0 0 0 0 0 0 0 0 0 0 0 0 0 0 0 0 0 0 0 0 0 0 1 0 0 0 0 0 0 0 0 0 0 0 0 0 0 0 0 0 0 0 0 0 0 0 0 0]
[1109869526943162878876713062168101749081420995247001559874735644675484695445930255361985329533950716162825603564649951429527659299294566216605666097421702607517047302115120384952830829432605372353 0 0 0 0 0 0 0 0 0 0 0 0 0 0 0 0 0 0 0 0 0 0 0 0 0 0 0 0 0 0 0 0 0 0 0 0 0 0 0 1 0 0 0 0 0 0 0 0 0 0 0 0 0 0 0 0 0 0 0 0 0 0 0 0]
[172955447190255958360376443614004791196620755862660096448592648407131495522885366081981915437640293832900909308814375170194794220830527601264760020162177255217145937538515953883505292704826402479 0 0 0 0 0 0 0 0 0 0 0 0 0 0 0 0 0 0 0 0 0 0 0 0 0 0 0 0 0 0 0 0 0 0 0 0 0 0 0 0 1 0 0 0 0 0 0 0 0 0 0 0 0 0 0 0 0 0 0 0 0 0 0 0]
[2356741924481570913999427903682930424289773764734843614231635710636621022585631738083953750438525521169361350980669170930990413324526944847125052419095576590429421919626025998639178073576734449168 0 0 0 0 0 0 0 0 0 0 0 0 0 0 0 0 0 0 0 0 0 0 0 0 0 0 0 0 0 0 0 0 0 0 0 0 0 0 0 0 0 1 0 0 0 0 0 0 0 0 0 0 0 0 0 0 0 0 0 0 0 0 0 0]
[802457408847200751519042674470519686206301681466660546290802553524372506896983182092572185745724967143620904449361989155507509999013683752217699287612597390119204094285861123024255694525135912123 0 0 0 0 0 0 0 0 0 0 0 0 0 0 0 0 0 0 0 0 0 0 0 0 0 0 0 0 0 0 0 0 0 0 0 0 0 0 0 0 0 0 1 0 0 0 0 0 0 0 0 0 0 0 0 0 0 0 0 0 0 0 0 0]
[1467783003057131644589748755023985915849578644550475276671878267224335321523842840817432698258897235895179631526542462683317940300574553275322907948158352126928735883031206167819872708785585801708 0 0 0 0 0 0 0 0 0 0 0 0 0 0 0 0 0 0 0 0 0 0 0 0 0 0 0 0 0 0 0 0 0 0 0 0 0 0 0 0 0 0 0 1 0 0 0 0 0 0 0 0 0 0 0 0 0 0 0 0 0 0 0 0]
[1423367479629904145934487198008905805670901234993873852678891405464350516067655112261975885697024501870027844052508058965838916390531319203717160635290045446964062370185000388612329875067326734454 0 0 0 0 0 0 0 0 0 0 0 0 0 0 0 0 0 0 0 0 0 0 0 0 0 0 0 0 0 0 0 0 0 0 0 0 0 0 0 0 0 0 0 0 1 0 0 0 0 0 0 0 0 0 0 0 0 0 0 0 0 0 0 0]
[983064281831526963364549843614986459148651229806443181386403779526645166296219726593800602685590751640253369342920477674819558842791428398909962974807825062444569481682797948532634247958797804599 0 0 0 0 0 0 0 0 0 0 0 0 0 0 0 0 0 0 0 0 0 0 0 0 0 0 0 0 0 0 0 0 0 0 0 0 0 0 0 0 0 0 0 0 0 1 0 0 0 0 0 0 0 0 0 0 0 0 0 0 0 0 0 0]
[2231543524505503508261209228149118923693599835865982364111657800614383895400256018864355324155332575412827566383516450455441249010318164938086361141957296473874651654001764355355810930843035039873 0 0 0 0 0 0 0 0 0 0 0 0 0 0 0 0 0 0 0 0 0 0 0 0 0 0 0 0 0 0 0 0 0 0 0 0 0 0 0 0 0 0 0 0 0 0 1 0 0 0 0 0 0 0 0 0 0 0 0 0 0 0 0 0]
[703188490751610890074027824383165724269304809585477854769126684259435121400896887849195975657140833556223441243052958287299871993155671685343348990094261615859219625740311144617609388932911121225 0 0 0 0 0 0 0 0 0 0 0 0 0 0 0 0 0 0 0 0 0 0 0 0 0 0 0 0 0 0 0 0 0 0 0 0 0 0 0 0 0 0 0 0 0 0 0 1 0 0 0 0 0 0 0 0 0 0 0 0 0 0 0 0]
[2743167790027165542663427209841608803047596365416788068947669796237112591720270613031976420410486522790163202852041682993751196924379275322844966034322909825773559008417314630285050435977921538938 0 0 0 0 0 0 0 0 0 0 0 0 0 0 0 0 0 0 0 0 0 0 0 0 0 0 0 0 0 0 0 0 0 0 0 0 0 0 0 0 0 0 0 0 0 0 0 0 1 0 0 0 0 0 0 0 0 0 0 0 0 0 0 0]
[477443429105684301859226609441925521554336025188497436317363898618564400834499916883450426806864858756691112537268578902008239855646185483191617603515133813333625424863117983438820153176162954658 0 0 0 0 0 0 0 0 0 0 0 0 0 0 0 0 0 0 0 0 0 0 0 0 0 0 0 0 0 0 0 0 0 0 0 0 0 0 0 0 0 0 0 0 0 0 0 0 0 1 0 0 0 0 0 0 0 0 0 0 0 0 0 0]
[1558339503441552911306111474464656579977168582500214556503710747127772500103917344039560121086487365642487623532316425448509846848802079047416627586166778250050823372280007796722265911482748487362 0 0 0 0 0 0 0 0 0 0 0 0 0 0 0 0 0 0 0 0 0 0 0 0 0 0 0 0 0 0 0 0 0 0 0 0 0 0 0 0 0 0 0 0 0 0 0 0 0 0 1 0 0 0 0 0 0 0 0 0 0 0 0 0]
[1163757626683774423158460087712056433596951146827864723202683810311379603838969985125043645908536128609305135884041018448710462379152140438475173675262439885565246551048577305456668680079431527043 0 0 0 0 0 0 0 0 0 0 0 0 0 0 0 0 0 0 0 0 0 0 0 0 0 0 0 0 0 0 0 0 0 0 0 0 0 0 0 0 0 0 0 0 0 0 0 0 0 0 0 1 0 0 0 0 0 0 0 0 0 0 0 0]
[154897710883756372068172149929749935515589175326035798406223499721933234238893953873712085781594228628892969969979701827210619090811551405949959713437602957165358743772185942344822538706139265812 0 0 0 0 0 0 0 0 0 0 0 0 0 0 0 0 0 0 0 0 0 0 0 0 0 0 0 0 0 0 0 0 0 0 0 0 0 0 0 0 0 0 0 0 0 0 0 0 0 0 0 0 1 0 0 0 0 0 0 0 0 0 0 0]
[1563715016301689091749871194552522753171555272506917177359081304250726270447562065251432470468709756435712982113844677401170342540947964937159113435616233188316544765265807205037169113715815961400 0 0 0 0 0 0 0 0 0 0 0 0 0 0 0 0 0 0 0 0 0 0 0 0 0 0 0 0 0 0 0 0 0 0 0 0 0 0 0 0 0 0 0 0 0 0 0 0 0 0 0 0 0 1 0 0 0 0 0 0 0 0 0 0]
[1873210795852153870818438963601436909448208709595754502885438018844505745263880607921491710595760353399797374491152051921207287539155105413142907111531355584475355868186943597718044811621827940739 0 0 0 0 0 0 0 0 0 0 0 0 0 0 0 0 0 0 0 0 0 0 0 0 0 0 0 0 0 0 0 0 0 0 0 0 0 0 0 0 0 0 0 0 0 0 0 0 0 0 0 0 0 0 1 0 0 0 0 0 0 0 0 0]
[1777038704836605219862416385425196018469894545000121471865024282800278840131174538507017273265556496361082941410198292079281992986689590922139953831450664605520507884899338495519445966346360323582 0 0 0 0 0 0 0 0 0 0 0 0 0 0 0 0 0 0 0 0 0 0 0 0 0 0 0 0 0 0 0 0 0 0 0 0 0 0 0 0 0 0 0 0 0 0 0 0 0 0 0 0 0 0 0 1 0 0 0 0 0 0 0 0]
[1065024786945532283526059255096421955072097872187125981388155970689523924277790659095510120755494788787892561935604446604417247343650501742431334545558263331923816304957714744759567887929896898198 0 0 0 0 0 0 0 0 0 0 0 0 0 0 0 0 0 0 0 0 0 0 0 0 0 0 0 0 0 0 0 0 0 0 0 0 0 0 0 0 0 0 0 0 0 0 0 0 0 0 0 0 0 0 0 0 1 0 0 0 0 0 0 0]
[2584977364207489017101510833603524255222541667832350809951077299298874469344379612606395915960204473164491842802301369454352709756659484944291036368758213454821773691297454326169351269145678099224 0 0 0 0 0 0 0 0 0 0 0 0 0 0 0 0 0 0 0 0 0 0 0 0 0 0 0 0 0 0 0 0 0 0 0 0 0 0 0 0 0 0 0 0 0 0 0 0 0 0 0 0 0 0 0 0 0 1 0 0 0 0 0 0]
[1532147846194576102023038832219956299123816949799864712478050370114053968050431774312377056464661598407207170828151590454772685199706588210393388416320125054767152401751249504010153710886737180246 0 0 0 0 0 0 0 0 0 0 0 0 0 0 0 0 0 0 0 0 0 0 0 0 0 0 0 0 0 0 0 0 0 0 0 0 0 0 0 0 0 0 0 0 0 0 0 0 0 0 0 0 0 0 0 0 0 0 1 0 0 0 0 0]
[1836273140497488137115765826852056433323574425535047812864377607369370517070399268229713772203918614043818191184474216745232245250159512556823310631023160964024745327803951317241253493278178360476 0 0 0 0 0 0 0 0 0 0 0 0 0 0 0 0 0 0 0 0 0 0 0 0 0 0 0 0 0 0 0 0 0 0 0 0 0 0 0 0 0 0 0 0 0 0 0 0 0 0 0 0 0 0 0 0 0 0 0 1 0 0 0 0]
[938246070711331972964585461691744485399137789479929249411755726426647383036176023684487330004684386355218126168222169746556748259992767008404065667159455163306640019028762609571662660101084766331 0 0 0 0 0 0 0 0 0 0 0 0 0 0 0 0 0 0 0 0 0 0 0 0 0 0 0 0 0 0 0 0 0 0 0 0 0 0 0 0 0 0 0 0 0 0 0 0 0 0 0 0 0 0 0 0 0 0 0 0 1 0 0 0]
[2585364422270195038790323883511738835716080704162942806804749698803854263398595751414175475232066799938517659826943402288461079241800200224931894812390296848961102707234371251057785069706623735652 0 0 0 0 0 0 0 0 0 0 0 0 0 0 0 0 0 0 0 0 0 0 0 0 0 0 0 0 0 0 0 0 0 0 0 0 0 0 0 0 0 0 0 0 0 0 0 0 0 0 0 0 0 0 0 0 0 0 0 0 0 1 0 0]
[402958193628674890229464707793148218725213610897030156300465816228863139917415737538035008924103125554169030616000958988778972090976591951211076905325291877989748246741972691376979336790486985237 0 0 0 0 0 0 0 0 0 0 0 0 0 0 0 0 0 0 0 0 0 0 0 0 0 0 0 0 0 0 0 0 0 0 0 0 0 0 0 0 0 0 0 0 0 0 0 0 0 0 0 0 0 0 0 0 0 0 0 0 0 0 1 0]
[2055660008874615883322213000031244677555767242328959033494594715602959012948328890721066208906306893214599432052870172026333790387978873908759086154900987796765926317879422648429951833052390295908 0 0 0 0 0 0 0 0 0 0 0 0 0 0 0 0 0 0 0 0 0 0 0 0 0 0 0 0 0 0 0 0 0 0 0 0 0 0 0 0 0 0 0 0 0 0 0 0 0 0 0 0 0 0 0 0 0 0 0 0 0 0 0 1]
]
