[[10479850350691173593193753487549343046682451381193718072046981514938879770772314096418222025733296418718998864314024448442600473127630324338526014053309249822901011175105866348298972347599764321129569678204164951977638852524827570746879522838718171954577386132966693443578359915234867325992436281766469909820653478047 0 0 0 0 0 0 0 0 0 0 0 0 0 0 0 0 0 0 0 0 0 0 0 0 0 0 0 0 0 0 0 0 0 0 0 0 0 0 0 0 0 0 0 0 0 0 0 0 0 0 0 0 0 0 0 0 0 0 0 0 0 0 0 0 0 0 0 0 0 0 0 0 0 0 0 0 0 0 0 0 0 0 0 0 0 0 0 0 0 0 0 0 0 0 0 0 0 0 0 0 0 0 0 0]
[6121668301310280604127072486784645330890024792530742229734098197434362968737210957560917202792352417878514286188428996250646235983916416814831887385874786702057302619111767222070201768363484905022265926326021073289652293804940954343670801817301767476510515775556381131370054977635910294861356357242292241149582466502 1 0 0 0 0 0 0 0 0 0 0 0 0 0 0 0 0 0 0 0 0 0 0 0 0 0 0 0 0 0 0 0 0 0 0 0 0 0 0 0 0 0 0 0 0 0 0 0 0 0 0 0 0 0 0 0 0 0 0 0 0 0 0 0 0 0 0 0 0 0 0 0 0 0 0 0 0 0 0 0 0 0 0 0 0 0 0 0 0 0 0 0 0 0 0 0 0 0 0 0 0 0 0 0]
[3257675191926090635772672970317244259237406431948579523499960296451990106995236429731007037900311348566029750320193565023521739229981329252401488261676132488377337678012982475765509692589668750421304766244313314395688019116873691888536627357734055019131240918599301042980611469974094504040000699485922755883289309600 0 1 0 0 0 0 0 0 0 0 0 0 0 0 0 0 0 0 0 0 0 0 0 0 0 0 0 0 0 0 0 0 0 0 0 0 0 0 0 0 0 0 0 0 0 0 0 0 0 0 0 0 0 0 0 0 0 0 0 0 0 0 0 0 0 0 0 0 0 0 0 0 0 0 0 0 0 0 0 0 0 0 0 0 0 0 0 0 0 0 0 0 0 0 0 0 0 0 0 0 0 0 0 0]
[2574024139112194237917721904686283056615193368231881123148625280219089981537658161242343087279789236550878110941462185215758923919089970112096826976036323534440878769176312613922260191544166227673216763553069846871607279897489033001629009198089320478495407288298649928442776548137468932765623512030751967544216232576 0 0 1 0 0 0 0 0 0 0 0 0 0 0 0 0 0 0 0 0 0 0 0 0 0 0 0 0 0 0 0 0 0 0 0 0 0 0 0 0 0 0 0 0 0 0 0 0 0 0 0 0 0 0 0 0 0 0 0 0 0 0 0 0 0 0 0 0 0 0 0 0 0 0 0 0 0 0 0 0 0 0 0 0 0 0 0 0 0 0 0 0 0 0 0 0 0 0 0 0 0 0 0 0]
[3664980817232510992278046536873611890601612244741626123331151536977038006626605068650307567992915273720544618266593185137152061224941132434012771493812869937779018286412930817369355018133615256582448004874432048228509542481663199711836096674012528847918351053776596229607142006984280436482057848456359763225683817531 0 0 0 1 0 0 0 0 0 0 0 0 0 0 0 0 0 0 0 0 0 0 0 0 0 0 0 0 0 0 0 0 0 0 0 0 0 0 0 0 0 0 0 0 0 0 0 0 0 0 0 0 0 0 0 0 0 0 0 0 0 0 0 0 0 0 0 0 0 0 0 0 0 0 0 0 0 0 0 0 0 0 0 0 0 0 0 0 0 0 0 0 0 0 0 0 0 0 0 0 0 0 0 0]
[6812328472391074287835361693740507620752172574775602422605942193843650595163871617444359529200749821890494744420910802787627753592446581306751130440178127126075919849730063679117262659454795725171502869348308400304116285755941499326216425905648221745942535268033272104825916511023020451810788445589309064686974831449 0 0 0 0 1 0 0 0 0 0 0 0 0 0 0 0 0 0 0 0 0 0 0 0 0 0 0 0 0 0 0 0 0 0 0 0 0 0 0 0 0 0 0 0 0 0 0 0 0 0 0 0 0 0 0 0 0 0 0 0 0 0 0 0 0 0 0 0 0 0 0 0 0 0 0 0 0 0 0 0 0 0 0 0 0 0 0 0 0 0 0 0 0 0 0 0 0 0 0 0 0 0 0 0]
[8061377625107365435799748684032797350979837202769032470049746203121109646093421130461367216232664770343677382576268545464052963550570257835285536094035853488286755224912489451817190939660780635298993893239826953439052701573906112613417329426587815390004105525712796454157402612956348853596886957221062744982172539538 0 0 0 0 0 1 0 0 0 0 0 0 0 0 0 0 0 0 0 0 0 0 0 0 0 0 0 0 0 0 0 0 0 0 0 0 0 0 0 0 0 0 0 0 0 0 0 0 0 0 0 0 0 0 0 0 0 0 0 0 0 0 0 0 0 0 0 0 0 0 0 0 0 0 0 0 0 0 0 0 0 0 0 0 0 0 0 0 0 0 0 0 0 0 0 0 0 0 0 0 0 0 0 0]
[2269420884227079985365964788662602212138467434679032033364899353082624022549293577903936456832772264946621693751138163633093320984451571003649563786398812453671664012021373936781943182790900973718749604801905796972646546383702905941997447257935706485888278771442047259047211722704550501849301170253639341777455182543 0 0 0 0 0 0 1 0 0 0 0 0 0 0 0 0 0 0 0 0 0 0 0 0 0 0 0 0 0 0 0 0 0 0 0 0 0 0 0 0 0 0 0 0 0 0 0 0 0 0 0 0 0 0 0 0 0 0 0 0 0 0 0 0 0 0 0 0 0 0 0 0 0 0 0 0 0 0 0 0 0 0 0 0 0 0 0 0 0 0 0 0 0 0 0 0 0 0 0 0 0 0 0 0]
[9299869169644090938574893436571116259642709869887010010664299540671028743875080018315842896923413571550611174770668787115954918095739128553865080445337276341701063431121207840607933059462736070826258126016721368774038074639168954062829688833680935563841830738456546319936735948796833210691668232768363756269989934660 0 0 0 0 0 0 0 1 0 0 0 0 0 0 0 0 0 0 0 0 0 0 0 0 0 0 0 0 0 0 0 0 0 0 0 0 0 0 0 0 0 0 0 0 0 0 0 0 0 0 0 0 0 0 0 0 0 0 0 0 0 0 0 0 0 0 0 0 0 0 0 0 0 0 0 0 0 0 0 0 0 0 0 0 0 0 0 0 0 0 0 0 0 0 0 0 0 0 0 0 0 0 0 0]
[7342976020707941002003519303121704135496568191724519592960169625898204700030784819460244996063540067556108440908040031614783174533606321675785888113680999778827003654864377761226556497599992542898039267988886959259509181021211417960972613272383564133230712620416884232670562127790492788087153627353130991239395924761 0 0 0 0 0 0 0 0 1 0 0 0 0 0 0 0 0 0 0 0 0 0 0 0 0 0 0 0 0 0 0 0 0 0 0 0 0 0 0 0 0 0 0 0 0 0 0 0 0 0 0 0 0 0 0 0 0 0 0 0 0 0 0 0 0 0 0 0 0 0 0 0 0 0 0 0 0 0 0 0 0 0 0 0 0 0 0 0 0 0 0 0 0 0 0 0 0 0 0 0 0 0 0 0]
[3643390598956970228750301496568421393660916347404492273168071902524754036918757350915633708629814722031990145891255002940628280753381956315571581889343175066368353482380643385670735840976368105846107608536831540118009449637528473382984657688707914008215337568624569183196734521390795154932190861233251918258672911442 0 0 0 0 0 0 0 0 0 1 0 0 0 0 0 0 0 0 0 0 0 0 0 0 0 0 0 0 0 0 0 0 0 0 0 0 0 0 0 0 0 0 0 0 0 0 0 0 0 0 0 0 0 0 0 0 0 0 0 0 0 0 0 0 0 0 0 0 0 0 0 0 0 0 0 0 0 0 0 0 0 0 0 0 0 0 0 0 0 0 0 0 0 0 0 0 0 0 0 0 0 0 0 0]
[2455478958139370405620339009503625579028427914120860789021894159758432571633393919587422230525577704212612883121456828064580740303836735408555369022304772026161022036241702877678609350613384820775260829709863747946283983606470631369448205492246374021467772210305033400631149401997445634714040258084213795715427997286 0 0 0 0 0 0 0 0 0 0 1 0 0 0 0 0 0 0 0 0 0 0 0 0 0 0 0 0 0 0 0 0 0 0 0 0 0 0 0 0 0 0 0 0 0 0 0 0 0 0 0 0 0 0 0 0 0 0 0 0 0 0 0 0 0 0 0 0 0 0 0 0 0 0 0 0 0 0 0 0 0 0 0 0 0 0 0 0 0 0 0 0 0 0 0 0 0 0 0 0 0 0 0 0]
[8043344318576427972233454102796718016903344530399540881401235317665439340568509913091796849261480232291380721633926625577529652729354579606418873945571029488754667236032617416920025593238611137382229541716439636423782960727492339258871952775295308476830970426906744411623733896239691677616891565865715617073809077269 0 0 0 0 0 0 0 0 0 0 0 1 0 0 0 0 0 0 0 0 0 0 0 0 0 0 0 0 0 0 0 0 0 0 0 0 0 0 0 0 0 0 0 0 0 0 0 0 0 0 0 0 0 0 0 0 0 0 0 0 0 0 0 0 0 0 0 0 0 0 0 0 0 0 0 0 0 0 0 0 0 0 0 0 0 0 0 0 0 0 0 0 0 0 0 0 0 0 0 0 0 0 0 0]
[8585598776654026708328610177919442961060287385227436798787161465765927201289363273111596140079125979416148744948820682510146091988066294678798335910565275384570172514499156336784646062408666669232260338497688070916892637370540853168595640181109700869111216039400072169064495311541214759706773232614527595106860990356 0 0 0 0 0 0 0 0 0 0 0 0 1 0 0 0 0 0 0 0 0 0 0 0 0 0 0 0 0 0 0 0 0 0 0 0 0 0 0 0 0 0 0 0 0 0 0 0 0 0 0 0 0 0 0 0 0 0 0 0 0 0 0 0 0 0 0 0 0 0 0 0 0 0 0 0 0 0 0 0 0 0 0 0 0 0 0 0 0 0 0 0 0 0 0 0 0 0 0 0 0 0 0 0]
[178895391806446683452104290560203402147696172146405122548549526483997515488609321345214115292664265899444522993104312620598030507562555111514780045886772653940561551664968335518678015688884487535090620078231595371413532117409253000603402931061541474044939687436580621881593021633398344007802216584906899610916825797 0 0 0 0 0 0 0 0 0 0 0 0 0 1 0 0 0 0 0 0 0 0 0 0 0 0 0 0 0 0 0 0 0 0 0 0 0 0 0 0 0 0 0 0 0 0 0 0 0 0 0 0 0 0 0 0 0 0 0 0 0 0 0 0 0 0 0 0 0 0 0 0 0 0 0 0 0 0 0 0 0 0 0 0 0 0 0 0 0 0 0 0 0 0 0 0 0 0 0 0 0 0 0 0]
[2864229366742484399690131043181327673632581517874482509030402837388991440686305332896907500161466790968767902571579265720287972507715672976733791194197163191476640407378696180891813309179163527484293108485252690973849741672330821424782565109121487217225046355898751047082886485593285571863632176673609921046373853073 0 0 0 0 0 0 0 0 0 0 0 0 0 0 1 0 0 0 0 0 0 0 0 0 0 0 0 0 0 0 0 0 0 0 0 0 0 0 0 0 0 0 0 0 0 0 0 0 0 0 0 0 0 0 0 0 0 0 0 0 0 0 0 0 0 0 0 0 0 0 0 0 0 0 0 0 0 0 0 0 0 0 0 0 0 0 0 0 0 0 0 0 0 0 0 0 0 0 0 0 0 0 0 0]
[3043922470644818139302630772618590334043217094072402852686807973473273924078062155438854518693967770633363474053406003952059845211667695919786495618081186638869171235896575687913328391474680640401452868942363696747680827327078633897422331028902859321619323513403869731021429259254267955179618318736494578314869839618 0 0 0 0 0 0 0 0 0 0 0 0 0 0 0 1 0 0 0 0 0 0 0 0 0 0 0 0 0 0 0 0 0 0 0 0 0 0 0 0 0 0 0 0 0 0 0 0 0 0 0 0 0 0 0 0 0 0 0 0 0 0 0 0 0 0 0 0 0 0 0 0 0 0 0 0 0 0 0 0 0 0 0 0 0 0 0 0 0 0 0 0 0 0 0 0 0 0 0 0 0 0 0 0]
[7919646135449233161068173612741389774580334283878928834073069187105388930422048912265869207554371378353550186263035315275005320673509998713703916996324042946681014847836777968245557351273594658931501690164525551662724977477830337293086131357090345492118818509645010207197004258247812622263385480727961555888948264860 0 0 0 0 0 0 0 0 0 0 0 0 0 0 0 0 1 0 0 0 0 0 0 0 0 0 0 0 0 0 0 0 0 0 0 0 0 0 0 0 0 0 0 0 0 0 0 0 0 0 0 0 0 0 0 0 0 0 0 0 0 0 0 0 0 0 0 0 0 0 0 0 0 0 0 0 0 0 0 0 0 0 0 0 0 0 0 0 0 0 0 0 0 0 0 0 0 0 0 0 0 0 0 0]
[6439779196153770165522212122666821840742561527072629603741139207971514729038920269699515333651067241704355067886441917426902545683323543738904890380056936036154052142622911592707317867094147296009528772024631092735111321122694484059042988069351211884478060888870548025453634527594254678393215330896049918885202504293 0 0 0 0 0 0 0 0 0 0 0 0 0 0 0 0 0 1 0 0 0 0 0 0 0 0 0 0 0 0 0 0 0 0 0 0 0 0 0 0 0 0 0 0 0 0 0 0 0 0 0 0 0 0 0 0 0 0 0 0 0 0 0 0 0 0 0 0 0 0 0 0 0 0 0 0 0 0 0 0 0 0 0 0 0 0 0 0 0 0 0 0 0 0 0 0 0 0 0 0 0 0 0 0]
[5721034810941152684721219499674745104191064447004161027028558072013152780794607613047412404738204208449075371561363495171611130833829783765716716785812319434108388140823041700368819703797081544642719838105912502413457221335032642720527374906859892264187112653305267316284655675268442517783386923799724052816811971968 0 0 0 0 0 0 0 0 0 0 0 0 0 0 0 0 0 0 1 0 0 0 0 0 0 0 0 0 0 0 0 0 0 0 0 0 0 0 0 0 0 0 0 0 0 0 0 0 0 0 0 0 0 0 0 0 0 0 0 0 0 0 0 0 0 0 0 0 0 0 0 0 0 0 0 0 0 0 0 0 0 0 0 0 0 0 0 0 0 0 0 0 0 0 0 0 0 0 0 0 0 0 0 0]
[5956917549182552482271520865414371089562222363088988586632198776375121049513153177968056435371021308250764370920522269426568410207429604345888246930892055728437112982299546085926463212887885500164187913743846318944759081296177627061409524092200157283987193696345549285630436921566880977079714518896590656791709520900 0 0 0 0 0 0 0 0 0 0 0 0 0 0 0 0 0 0 0 1 0 0 0 0 0 0 0 0 0 0 0 0 0 0 0 0 0 0 0 0 0 0 0 0 0 0 0 0 0 0 0 0 0 0 0 0 0 0 0 0 0 0 0 0 0 0 0 0 0 0 0 0 0 0 0 0 0 0 0 0 0 0 0 0 0 0 0 0 0 0 0 0 0 0 0 0 0 0 0 0 0 0 0 0]
[7676591018081508609795413776153218169926792655409320364135365598083263789144561444859327605263072893017359076349979537203785406939897594423912208014396091859218719032012155685529301817294010377847833714037051767575881760816606326365039424637683322231595769089859592534560279596638530581597916620225661548767451026405 0 0 0 0 0 0 0 0 0 0 0 0 0 0 0 0 0 0 0 0 1 0 0 0 0 0 0 0 0 0 0 0 0 0 0 0 0 0 0 0 0 0 0 0 0 0 0 0 0 0 0 0 0 0 0 0 0 0 0 0 0 0 0 0 0 0 0 0 0 0 0 0 0 0 0 0 0 0 0 0 0 0 0 0 0 0 0 0 0 0 0 0 0 0 0 0 0 0 0 0 0 0 0 0]
[390178967365754598532004615109543209604932440037001136850460005331218760600123542346555135283447542514614647812689623861609529217126095028917494052476937703979353080197034600726779493089649791239035725977854102983581027908425875178719775441946732599124065038169795631677654115437342421035433453057510495634701303189 0 0 0 0 0 0 0 0 0 0 0 0 0 0 0 0 0 0 0 0 0 1 0 0 0 0 0 0 0 0 0 0 0 0 0 0 0 0 0 0 0 0 0 0 0 0 0 0 0 0 0 0 0 0 0 0 0 0 0 0 0 0 0 0 0 0 0 0 0 0 0 0 0 0 0 0 0 0 0 0 0 0 0 0 0 0 0 0 0 0 0 0 0 0 0 0 0 0 0 0 0 0 0 0]
[935914666030474413938554540470646995895519318358563845202304919164598253178933931340519577652055382306377226230539954938660102668965309325089648582893154079552757721334874950195719476620761562782297716600415727145949049931580485721361765236796209950893251456679994068995593291709276254307665208946984626660314794116 0 0 0 0 0 0 0 0 0 0 0 0 0 0 0 0 0 0 0 0 0 0 1 0 0 0 0 0 0 0 0 0 0 0 0 0 0 0 0 0 0 0 0 0 0 0 0 0 0 0 0 0 0 0 0 0 0 0 0 0 0 0 0 0 0 0 0 0 0 0 0 0 0 0 0 0 0 0 0 0 0 0 0 0 0 0 0 0 0 0 0 0 0 0 0 0 0 0 0 0 0 0 0 0]
[4058851722845150203343132478106056876084655232543906111788895672115861450737374427006420424011480313856840802184708842360561828117994146107819787667346683500285492255961182996802321842184395963352585826011897484930413785792503863332570269398297470197002376939490693033664921289841157976254880915282715188933698557338 0 0 0 0 0 0 0 0 0 0 0 0 0 0 0 0 0 0 0 0 0 0 0 1 0 0 0 0 0 0 0 0 0 0 0 0 0 0 0 0 0 0 0 0 0 0 0 0 0 0 0 0 0 0 0 0 0 0 0 0 0 0 0 0 0 0 0 0 0 0 0 0 0 0 0 0 0 0 0 0 0 0 0 0 0 0 0 0 0 0 0 0 0 0 0 0 0 0 0 0 0 0 0 0]
[2492276393438208566258420153214298972741851355294650242016303113834167239296473865593876168271782033070689088498317009313089146284225458572914991932119103659940939031828344032987794791958424969272878493630360810158561815193561384979505833463548118774379230356390256113757880135858988645816816445604002586501199549788 0 0 0 0 0 0 0 0 0 0 0 0 0 0 0 0 0 0 0 0 0 0 0 0 1 0 0 0 0 0 0 0 0 0 0 0 0 0 0 0 0 0 0 0 0 0 0 0 0 0 0 0 0 0 0 0 0 0 0 0 0 0 0 0 0 0 0 0 0 0 0 0 0 0 0 0 0 0 0 0 0 0 0 0 0 0 0 0 0 0 0 0 0 0 0 0 0 0 0 0 0 0 0 0]
[2203363051455572764363317670244988309695750164017872630031411123659889558314893504619537424970608095693661547070928002242959257265420575460936645979617743452698972928995536698573056671352336150334337263681402130310733482076349899039767756078556174958486224008369411602162210167761612474511938589357376884854891674392 0 0 0 0 0 0 0 0 0 0 0 0 0 0 0 0 0 0 0 0 0 0 0 0 0 1 0 0 0 0 0 0 0 0 0 0 0 0 0 0 0 0 0 0 0 0 0 0 0 0 0 0 0 0 0 0 0 0 0 0 0 0 0 0 0 0 0 0 0 0 0 0 0 0 0 0 0 0 0 0 0 0 0 0 0 0 0 0 0 0 0 0 0 0 0 0 0 0 0 0 0 0 0 0]
[587731799949735672850663287151850890969515941736622180422886006863770238794933830397088550034789613181991446431000025672979938504390971117219277982578704657004254288708138734359481741108728932438966736814587222801267276732498451395085569114529153514988482866677384592312859549323071740082052219754677302408116428736 0 0 0 0 0 0 0 0 0 0 0 0 0 0 0 0 0 0 0 0 0 0 0 0 0 0 1 0 0 0 0 0 0 0 0 0 0 0 0 0 0 0 0 0 0 0 0 0 0 0 0 0 0 0 0 0 0 0 0 0 0 0 0 0 0 0 0 0 0 0 0 0 0 0 0 0 0 0 0 0 0 0 0 0 0 0 0 0 0 0 0 0 0 0 0 0 0 0 0 0 0 0 0 0]
[3631351164660639454670631915968877780199644645249126513132942133316256606948314535231178322760726940755871825363294844956818852159823463883929003715062983665562851361466427521479406183081485324109423965335712543537894513958514916710494351454017128049118900439591103335228061455705186201393384385956882247526082605266 0 0 0 0 0 0 0 0 0 0 0 0 0 0 0 0 0 0 0 0 0 0 0 0 0 0 0 1 0 0 0 0 0 0 0 0 0 0 0 0 0 0 0 0 0 0 0 0 0 0 0 0 0 0 0 0 0 0 0 0 0 0 0 0 0 0 0 0 0 0 0 0 0 0 0 0 0 0 0 0 0 0 0 0 0 0 0 0 0 0 0 0 0 0 0 0 0 0 0 0 0 0 0 0]
[9473783484073427207243305961798236380771978398621382995565637887912563671652838985843576784406568305637696741666568564869518372083248873722867728847361199061908966992115821587405062875281716830346227817910735587504103586163816130854043152229322148507581809683450967305861935724226332365903990425275007048750736409385 0 0 0 0 0 0 0 0 0 0 0 0 0 0 0 0 0 0 0 0 0 0 0 0 0 0 0 0 1 0 0 0 0 0 0 0 0 0 0 0 0 0 0 0 0 0 0 0 0 0 0 0 0 0 0 0 0 0 0 0 0 0 0 0 0 0 0 0 0 0 0 0 0 0 0 0 0 0 0 0 0 0 0 0 0 0 0 0 0 0 0 0 0 0 0 0 0 0 0 0 0 0 0 0]
[7694336096623910621189410033252001154031034465063664770862215309278293265001081707882539721628174612569397915799155796647307731352922462667111371620692500346730133653321398183730548264176230125458869543917375942605866435216036005342942650725084009130308628443460050156295176616316463817812582200011921945038919091422 0 0 0 0 0 0 0 0 0 0 0 0 0 0 0 0 0 0 0 0 0 0 0 0 0 0 0 0 0 1 0 0 0 0 0 0 0 0 0 0 0 0 0 0 0 0 0 0 0 0 0 0 0 0 0 0 0 0 0 0 0 0 0 0 0 0 0 0 0 0 0 0 0 0 0 0 0 0 0 0 0 0 0 0 0 0 0 0 0 0 0 0 0 0 0 0 0 0 0 0 0 0 0 0]
[4975778904453377690940383518426518969390872586419712112185281550887099873340984901861125379648423928809476688171841313359414022234137166999206446546708771795080376037862073642553638588494015830915066163609094184195841768589736166349704474481868248634815463966271065761254121656290975526517978912789705913469228172329 0 0 0 0 0 0 0 0 0 0 0 0 0 0 0 0 0 0 0 0 0 0 0 0 0 0 0 0 0 0 1 0 0 0 0 0 0 0 0 0 0 0 0 0 0 0 0 0 0 0 0 0 0 0 0 0 0 0 0 0 0 0 0 0 0 0 0 0 0 0 0 0 0 0 0 0 0 0 0 0 0 0 0 0 0 0 0 0 0 0 0 0 0 0 0 0 0 0 0 0 0 0 0 0]
[1949204780418614999297753699912456360421357171647389229968924106554097813851064893041565912935179159101634688447313400975075926385139367397095145641777566133461599167642886434745759293812451176367289777212261095696489894731934829433853928348390777316655067545962780049112295593558365950701250850051382071219899345935 0 0 0 0 0 0 0 0 0 0 0 0 0 0 0 0 0 0 0 0 0 0 0 0 0 0 0 0 0 0 0 1 0 0 0 0 0 0 0 0 0 0 0 0 0 0 0 0 0 0 0 0 0 0 0 0 0 0 0 0 0 0 0 0 0 0 0 0 0 0 0 0 0 0 0 0 0 0 0 0 0 0 0 0 0 0 0 0 0 0 0 0 0 0 0 0 0 0 0 0 0 0 0 0]
[5475862941268359401089809589203201927402103248453679177930717327217638550590172700098304774493872265914772687503412206940794132887931409479418427626929034316793807972705278219567589393908170036254019534617520458204825114051175798052644949336939333983227632607962280343468026596314191380252161416894910063979242796896 0 0 0 0 0 0 0 0 0 0 0 0 0 0 0 0 0 0 0 0 0 0 0 0 0 0 0 0 0 0 0 0 1 0 0 0 0 0 0 0 0 0 0 0 0 0 0 0 0 0 0 0 0 0 0 0 0 0 0 0 0 0 0 0 0 0 0 0 0 0 0 0 0 0 0 0 0 0 0 0 0 0 0 0 0 0 0 0 0 0 0 0 0 0 0 0 0 0 0 0 0 0 0 0]
[10261037812684497261180047077380524237511072758154966345749923510685949136262218056579861717198664095544377049615031493410782820643316950400877892498250530532482546681747987001424025386613631335938399945961606912007991509611780482096093419808784983895600285680099963637695151056402410090356724442959841767386939185291 0 0 0 0 0 0 0 0 0 0 0 0 0 0 0 0 0 0 0 0 0 0 0 0 0 0 0 0 0 0 0 0 0 1 0 0 0 0 0 0 0 0 0 0 0 0 0 0 0 0 0 0 0 0 0 0 0 0 0 0 0 0 0 0 0 0 0 0 0 0 0 0 0 0 0 0 0 0 0 0 0 0 0 0 0 0 0 0 0 0 0 0 0 0 0 0 0 0 0 0 0 0 0 0]
[5762819380277641592159235686401089810595651339595632215232128221671583950310934630776016527168732380947763778491679546534918355284530561217415933330697200231599715963520620721666183049021870215672936352071151681971562396613228385329499918272631241411627252940135731453667843050567903413462925081264087277855493403142 0 0 0 0 0 0 0 0 0 0 0 0 0 0 0 0 0 0 0 0 0 0 0 0 0 0 0 0 0 0 0 0 0 0 1 0 0 0 0 0 0 0 0 0 0 0 0 0 0 0 0 0 0 0 0 0 0 0 0 0 0 0 0 0 0 0 0 0 0 0 0 0 0 0 0 0 0 0 0 0 0 0 0 0 0 0 0 0 0 0 0 0 0 0 0 0 0 0 0 0 0 0 0 0]
[2163722048938907840039099965503604940596846713956369143163550876112480286384657213440454417441401361536790994356450359458875568767033765256639147898510003243102264511020059396795847432277975122959858578979197881092948880805289076026218649750568431200065578424074282775711519984977365351937955386770421832903932366637 0 0 0 0 0 0 0 0 0 0 0 0 0 0 0 0 0 0 0 0 0 0 0 0 0 0 0 0 0 0 0 0 0 0 0 1 0 0 0 0 0 0 0 0 0 0 0 0 0 0 0 0 0 0 0 0 0 0 0 0 0 0 0 0 0 0 0 0 0 0 0 0 0 0 0 0 0 0 0 0 0 0 0 0 0 0 0 0 0 0 0 0 0 0 0 0 0 0 0 0 0 0 0 0]
[6294185265402662061960135477798376498532715237595173512430858828545963213086312878195190366576389180828049731638304805113770052686129220863096683799599414625389834251002113967542360006551632536127686481322784598114868747157884674894169889612894848655489871712373089970803373939227240820879139133006938641382693402283 0 0 0 0 0 0 0 0 0 0 0 0 0 0 0 0 0 0 0 0 0 0 0 0 0 0 0 0 0 0 0 0 0 0 0 0 1 0 0 0 0 0 0 0 0 0 0 0 0 0 0 0 0 0 0 0 0 0 0 0 0 0 0 0 0 0 0 0 0 0 0 0 0 0 0 0 0 0 0 0 0 0 0 0 0 0 0 0 0 0 0 0 0 0 0 0 0 0 0 0 0 0 0 0]
[3779540232558213335620363274446394497116567787731463313474872920039390911334375251522240930020813059583553743020976767062707792901252904606916124763302679090473641102804548445809822378930983596045309930177367479316009516430247611314892942862298896170349627253314814924072639268594920482486926556163381481547376147117 0 0 0 0 0 0 0 0 0 0 0 0 0 0 0 0 0 0 0 0 0 0 0 0 0 0 0 0 0 0 0 0 0 0 0 0 0 1 0 0 0 0 0 0 0 0 0 0 0 0 0 0 0 0 0 0 0 0 0 0 0 0 0 0 0 0 0 0 0 0 0 0 0 0 0 0 0 0 0 0 0 0 0 0 0 0 0 0 0 0 0 0 0 0 0 0 0 0 0 0 0 0 0 0]
[548768715033086153064242409839334398139860833969632886929488133838719879978139728952072696328532085772030973543865215211853106236604299327349034064686541804113515714898230961265480031039474384462636763850658596518884285589454861252456166099854691805359682320233124304187380064817914640740321828019694539899249106852 0 0 0 0 0 0 0 0 0 0 0 0 0 0 0 0 0 0 0 0 0 0 0 0 0 0 0 0 0 0 0 0 0 0 0 0 0 0 1 0 0 0 0 0 0 0 0 0 0 0 0 0 0 0 0 0 0 0 0 0 0 0 0 0 0 0 0 0 0 0 0 0 0 0 0 0 0 0 0 0 0 0 0 0 0 0 0 0 0 0 0 0 0 0 0 0 0 0 0 0 0 0 0 0]
[9279606422285577217451016161950291752786568332762554224869304644764477405159545062906475436419448874348787549364771662414150872491472356168200001097058773715072174179397883434439534960549303830257389683675858622441766348922492389081901089293960382518802147902366549608495536593775213626990962004668504718609019429443 0 0 0 0 0 0 0 0 0 0 0 0 0 0 0 0 0 0 0 0 0 0 0 0 0 0 0 0 0 0 0 0 0 0 0 0 0 0 0 1 0 0 0 0 0 0 0 0 0 0 0 0 0 0 0 0 0 0 0 0 0 0 0 0 0 0 0 0 0 0 0 0 0 0 0 0 0 0 0 0 0 0 0 0 0 0 0 0 0 0 0 0 0 0 0 0 0 0 0 0 0 0 0 0]
[8106073582983477227987662480509988600805326168554361610340073327574831671161306020130388588394466095709703046302972256139491691803243534417180339640909689937021049498809652079974176121547354506306559331582993516247380463996054033038717101560796609221911713942374508247595041458075540101759564582646288557415288345158 0 0 0 0 0 0 0 0 0 0 0 0 0 0 0 0 0 0 0 0 0 0 0 0 0 0 0 0 0 0 0 0 0 0 0 0 0 0 0 0 1 0 0 0 0 0 0 0 0 0 0 0 0 0 0 0 0 0 0 0 0 0 0 0 0 0 0 0 0 0 0 0 0 0 0 0 0 0 0 0 0 0 0 0 0 0 0 0 0 0 0 0 0 0 0 0 0 0 0 0 0 0 0 0]
[10281023438868389704759286963465805051147981760314175262491294196762596245701181883575433502640638115088583615923449161863920970718503278700174325905134945402419309538190178491014128901872026906688607473629048834735852953082265642596219986469686034446195033689511426169654259631572392543986861365141348767869726353432 0 0 0 0 0 0 0 0 0 0 0 0 0 0 0 0 0 0 0 0 0 0 0 0 0 0 0 0 0 0 0 0 0 0 0 0 0 0 0 0 0 1 0 0 0 0 0 0 0 0 0 0 0 0 0 0 0 0 0 0 0 0 0 0 0 0 0 0 0 0 0 0 0 0 0 0 0 0 0 0 0 0 0 0 0 0 0 0 0 0 0 0 0 0 0 0 0 0 0 0 0 0 0 0]
[8684172938134324326609615172376043970814635856472058889200909046868617152249778643645664500767783021073347336565404657489333500596741543718534529877783895664714642242245386631436316852561863653201273343032266848787792326168101899437070410517051392366193074457438699253468521887112811598092472362851086208130122362777 0 0 0 0 0 0 0 0 0 0 0 0 0 0 0 0 0 0 0 0 0 0 0 0 0 0 0 0 0 0 0 0 0 0 0 0 0 0 0 0 0 0 1 0 0 0 0 0 0 0 0 0 0 0 0 0 0 0 0 0 0 0 0 0 0 0 0 0 0 0 0 0 0 0 0 0 0 0 0 0 0 0 0 0 0 0 0 0 0 0 0 0 0 0 0 0 0 0 0 0 0 0 0 0]
[7146797341529803354034324381467729441052088279756318761003174795589553700707891298823529271164819358755868692234330085654088081960915416537167676172389399308942984755792837024441031733604603262453908060953837994575965535330907084498383312052013814641086957485629357029240403201933711253796604017501103790999760388087 0 0 0 0 0 0 0 0 0 0 0 0 0 0 0 0 0 0 0 0 0 0 0 0 0 0 0 0 0 0 0 0 0 0 0 0 0 0 0 0 0 0 0 1 0 0 0 0 0 0 0 0 0 0 0 0 0 0 0 0 0 0 0 0 0 0 0 0 0 0 0 0 0 0 0 0 0 0 0 0 0 0 0 0 0 0 0 0 0 0 0 0 0 0 0 0 0 0 0 0 0 0 0 0]
[9325764566092472251524725963775859806245054982640264325131918527895307811364965876762898648682433259622817280516047287673616979344727374385785653399522793477467150659826370343209910905629337407652631278273311111477276522091682166174510818556741746612702374968510659613732063614164011837817002705504418654405633141302 0 0 0 0 0 0 0 0 0 0 0 0 0 0 0 0 0 0 0 0 0 0 0 0 0 0 0 0 0 0 0 0 0 0 0 0 0 0 0 0 0 0 0 0 1 0 0 0 0 0 0 0 0 0 0 0 0 0 0 0 0 0 0 0 0 0 0 0 0 0 0 0 0 0 0 0 0 0 0 0 0 0 0 0 0 0 0 0 0 0 0 0 0 0 0 0 0 0 0 0 0 0 0 0]
[4084595943550127240097731269842502117359237630475596017869043873245209390675553745282470152261769800308320372777620753237952818791967590127264444252055445046954400442893985156960668879881587289081526880173038872014578239981950914435380539089413744189748110552713016482332033774164424622912498638589107415153926349813 0 0 0 0 0 0 0 0 0 0 0 0 0 0 0 0 0 0 0 0 0 0 0 0 0 0 0 0 0 0 0 0 0 0 0 0 0 0 0 0 0 0 0 0 0 1 0 0 0 0 0 0 0 0 0 0 0 0 0 0 0 0 0 0 0 0 0 0 0 0 0 0 0 0 0 0 0 0 0 0 0 0 0 0 0 0 0 0 0 0 0 0 0 0 0 0 0 0 0 0 0 0 0 0]
[5109000378127688748391742586540105064221268602628804052126221242130295667396464482422759513831966882882586313818442101470355312429527652075397491716934344888090851529669204446748118974840599911621944798028762175301365879765489614799679428111880132100071396295852672931931456719216303103606890754961769763537898995424 0 0 0 0 0 0 0 0 0 0 0 0 0 0 0 0 0 0 0 0 0 0 0 0 0 0 0 0 0 0 0 0 0 0 0 0 0 0 0 0 0 0 0 0 0 0 1 0 0 0 0 0 0 0 0 0 0 0 0 0 0 0 0 0 0 0 0 0 0 0 0 0 0 0 0 0 0 0 0 0 0 0 0 0 0 0 0 0 0 0 0 0 0 0 0 0 0 0 0 0 0 0 0 0]
[10316581736255086759953244206840575724846981698333043714489046532902211250441649636223728941895441625275765516466054911916657642064093876731325151059596646612654021389113460255315305418239046869506979247937371438385302663791326575525500849977910392663712174900983973743414041056302614476583384206648510651176480021979 0 0 0 0 0 0 0 0 0 0 0 0 0 0 0 0 0 0 0 0 0 0 0 0 0 0 0 0 0 0 0 0 0 0 0 0 0 0 0 0 0 0 0 0 0 0 0 1 0 0 0 0 0 0 0 0 0 0 0 0 0 0 0 0 0 0 0 0 0 0 0 0 0 0 0 0 0 0 0 0 0 0 0 0 0 0 0 0 0 0 0 0 0 0 0 0 0 0 0 0 0 0 0 0]
[4193966545935669224319628063489906759851616912330592887443977943191436616947169043303698007073527360529386180210072262244099372154470766634580320699004784551449683629533478524596466988665908649209621999209359677648305988150485916027219246957213606786523996509068592040758861821009502609815827229443769298389584993952 0 0 0 0 0 0 0 0 0 0 0 0 0 0 0 0 0 0 0 0 0 0 0 0 0 0 0 0 0 0 0 0 0 0 0 0 0 0 0 0 0 0 0 0 0 0 0 0 1 0 0 0 0 0 0 0 0 0 0 0 0 0 0 0 0 0 0 0 0 0 0 0 0 0 0 0 0 0 0 0 0 0 0 0 0 0 0 0 0 0 0 0 0 0 0 0 0 0 0 0 0 0 0 0]
[7395509059933634857457222569978026047658151601847461099167226458044801495946419219402377213896964326997048155310436481883118753088455160909321926184444977380379342517442099016398040536135806849533892189815175118537686736933674544996097573907583015670782935110434864884470573188088253021819805513399747882824611178314 0 0 0 0 0 0 0 0 0 0 0 0 0 0 0 0 0 0 0 0 0 0 0 0 0 0 0 0 0 0 0 0 0 0 0 0 0 0 0 0 0 0 0 0 0 0 0 0 0 1 0 0 0 0 0 0 0 0 0 0 0 0 0 0 0 0 0 0 0 0 0 0 0 0 0 0 0 0 0 0 0 0 0 0 0 0 0 0 0 0 0 0 0 0 0 0 0 0 0 0 0 0 0 0]
[6042329099648196175648918464749748961965240360589218850865889850258701151796604191514207654007408746039213516920286280549530525086331620953031314626878172268283426424045490744229780331941154585070228348921191106543865182312096695522670926790851492360265403305353563289838388623025607996752585628518885788897650653936 0 0 0 0 0 0 0 0 0 0 0 0 0 0 0 0 0 0 0 0 0 0 0 0 0 0 0 0 0 0 0 0 0 0 0 0 0 0 0 0 0 0 0 0 0 0 0 0 0 0 1 0 0 0 0 0 0 0 0 0 0 0 0 0 0 0 0 0 0 0 0 0 0 0 0 0 0 0 0 0 0 0 0 0 0 0 0 0 0 0 0 0 0 0 0 0 0 0 0 0 0 0 0 0]
[2756145548506824520986925952265179756699014275411284887804182619976196651409893705943940890036153870112644856923910462179430782722403976556774576147016739526773536475569987649561811280256732024784361545927301381251470458260663714920256814518767219542492206447498725669423804288938894790315827506571069056664914267357 0 0 0 0 0 0 0 0 0 0 0 0 0 0 0 0 0 0 0 0 0 0 0 0 0 0 0 0 0 0 0 0 0 0 0 0 0 0 0 0 0 0 0 0 0 0 0 0 0 0 0 1 0 0 0 0 0 0 0 0 0 0 0 0 0 0 0 0 0 0 0 0 0 0 0 0 0 0 0 0 0 0 0 0 0 0 0 0 0 0 0 0 0 0 0 0 0 0 0 0 0 0 0 0]
[176496023564824476603724008495053505723500588066751388759088306838786306930895696365357826144455281796084937238809077734436929762903119690117490923939817141167336337877885802158944954025296025063788892404474379383031763928310161254044693828336600861184054964256088421635125954041882950695573344718038942170161099606 0 0 0 0 0 0 0 0 0 0 0 0 0 0 0 0 0 0 0 0 0 0 0 0 0 0 0 0 0 0 0 0 0 0 0 0 0 0 0 0 0 0 0 0 0 0 0 0 0 0 0 0 1 0 0 0 0 0 0 0 0 0 0 0 0 0 0 0 0 0 0 0 0 0 0 0 0 0 0 0 0 0 0 0 0 0 0 0 0 0 0 0 0 0 0 0 0 0 0 0 0 0 0 0]
[5315833338294032693353243119006523348348882573223951787779228163799601965499234312360058141180155455842254130136672761200629633093798396360085037693269537738083889377369874052194356478555058972261459587475543652846756924440234335222494581139712555205945152649292769239057267601180813767690706993057856674597473532350 0 0 0 0 0 0 0 0 0 0 0 0 0 0 0 0 0 0 0 0 0 0 0 0 0 0 0 0 0 0 0 0 0 0 0 0 0 0 0 0 0 0 0 0 0 0 0 0 0 0 0 0 0 1 0 0 0 0 0 0 0 0 0 0 0 0 0 0 0 0 0 0 0 0 0 0 0 0 0 0 0 0 0 0 0 0 0 0 0 0 0 0 0 0 0 0 0 0 0 0 0 0 0 0]
[4547412292239408947716193596028309604851145573640816158503345677007386220593390716325969301041007450444670029509743923963852780905251442417081055125597229295286932332017523704988253880847717454614412193032506681478201836716028261847431368765727019061589674462470958163394185105340555721971807756921630824205830803552 0 0 0 0 0 0 0 0 0 0 0 0 0 0 0 0 0 0 0 0 0 0 0 0 0 0 0 0 0 0 0 0 0 0 0 0 0 0 0 0 0 0 0 0 0 0 0 0 0 0 0 0 0 0 1 0 0 0 0 0 0 0 0 0 0 0 0 0 0 0 0 0 0 0 0 0 0 0 0 0 0 0 0 0 0 0 0 0 0 0 0 0 0 0 0 0 0 0 0 0 0 0 0 0]
[4484728284344440574465884799210446612838053956137201645612830762635422034611696299491562274296047166672286323652278656259237832044123737286170837750607745251316237596763034172565091513835995717124199117363699742184401478516597082001974189886231455830276617174121477567583206626663413678298071326253470586314935450055 0 0 0 0 0 0 0 0 0 0 0 0 0 0 0 0 0 0 0 0 0 0 0 0 0 0 0 0 0 0 0 0 0 0 0 0 0 0 0 0 0 0 0 0 0 0 0 0 0 0 0 0 0 0 0 1 0 0 0 0 0 0 0 0 0 0 0 0 0 0 0 0 0 0 0 0 0 0 0 0 0 0 0 0 0 0 0 0 0 0 0 0 0 0 0 0 0 0 0 0 0 0 0 0]
[6357880256737395206708965299931338485540443146673196587989381447756658997672234811752769739259220858586882308163828911193883466602932989179202711097459127613742612934115204411830023204481190278550811521521379007836894478641555462860187398307064952296911533026317187452427951276890116614735535817935084700123178278717 0 0 0 0 0 0 0 0 0 0 0 0 0 0 0 0 0 0 0 0 0 0 0 0 0 0 0 0 0 0 0 0 0 0 0 0 0 0 0 0 0 0 0 0 0 0 0 0 0 0 0 0 0 0 0 0 1 0 0 0 0 0 0 0 0 0 0 0 0 0 0 0 0 0 0 0 0 0 0 0 0 0 0 0 0 0 0 0 0 0 0 0 0 0 0 0 0 0 0 0 0 0 0 0]
[5625903670058369025666639442794823039977202510979940496207234418857677834771993827747227612845788541530608783648201529914799741204362494670659612817668653291374752074748771223154431717487490336295268655917891381100012863278321649898338499028125511448136441081542323511850150175661375167712076721691728855479734274498 0 0 0 0 0 0 0 0 0 0 0 0 0 0 0 0 0 0 0 0 0 0 0 0 0 0 0 0 0 0 0 0 0 0 0 0 0 0 0 0 0 0 0 0 0 0 0 0 0 0 0 0 0 0 0 0 0 1 0 0 0 0 0 0 0 0 0 0 0 0 0 0 0 0 0 0 0 0 0 0 0 0 0 0 0 0 0 0 0 0 0 0 0 0 0 0 0 0 0 0 0 0 0 0]
[1058931851797247413436930694986370709673754166803930754433611401994974019789747063867870827354383117198232333852730288217856395191910227397680391829957455994320483618546678887293448728578411376101794347758330686043807184180979030335537603981387908197758555084992134226906799707851860695348425819434582371362570577846 0 0 0 0 0 0 0 0 0 0 0 0 0 0 0 0 0 0 0 0 0 0 0 0 0 0 0 0 0 0 0 0 0 0 0 0 0 0 0 0 0 0 0 0 0 0 0 0 0 0 0 0 0 0 0 0 0 0 1 0 0 0 0 0 0 0 0 0 0 0 0 0 0 0 0 0 0 0 0 0 0 0 0 0 0 0 0 0 0 0 0 0 0 0 0 0 0 0 0 0 0 0 0 0]
[5643259384917061934613387937445374862007541220206400031901263804909118667213771064175160257137363414482260723402277019420624380326746419526695317086773118761711443952872118980807745675099799028073173624831411195965379579441713391226437241954476587202272146785507010581515095071176594226140039220816736173507887147506 0 0 0 0 0 0 0 0 0 0 0 0 0 0 0 0 0 0 0 0 0 0 0 0 0 0 0 0 0 0 0 0 0 0 0 0 0 0 0 0 0 0 0 0 0 0 0 0 0 0 0 0 0 0 0 0 0 0 0 1 0 0 0 0 0 0 0 0 0 0 0 0 0 0 0 0 0 0 0 0 0 0 0 0 0 0 0 0 0 0 0 0 0 0 0 0 0 0 0 0 0 0 0 0]
[2625968280611493325062900203923877467722211992811588543093904496961327239503059749419175946394475781995449533174963643949727915490904292841068767328442378563191222445253866855695289608030911092625074439205630674598293029440257452409510183749746223857089029882219789181700231317136580923538800347822702816182949733718 0 0 0 0 0 0 0 0 0 0 0 0 0 0 0 0 0 0 0 0 0 0 0 0 0 0 0 0 0 0 0 0 0 0 0 0 0 0 0 0 0 0 0 0 0 0 0 0 0 0 0 0 0 0 0 0 0 0 0 0 1 0 0 0 0 0 0 0 0 0 0 0 0 0 0 0 0 0 0 0 0 0 0 0 0 0 0 0 0 0 0 0 0 0 0 0 0 0 0 0 0 0 0 0]
[8917908537906348314117005983566577298610756767482133444704287810600013660101058902411543424929065709786114360172370080718025772242433390957595811553480915506708585017576859157086908591244491077039986630985839907648481251617628603713351050699832329228217178326491168428138385959739199910676471068160588893338186517034 0 0 0 0 0 0 0 0 0 0 0 0 0 0 0 0 0 0 0 0 0 0 0 0 0 0 0 0 0 0 0 0 0 0 0 0 0 0 0 0 0 0 0 0 0 0 0 0 0 0 0 0 0 0 0 0 0 0 0 0 0 1 0 0 0 0 0 0 0 0 0 0 0 0 0 0 0 0 0 0 0 0 0 0 0 0 0 0 0 0 0 0 0 0 0 0 0 0 0 0 0 0 0 0]
[6988678232112880044915824055099710658550852411137423785182996077350728767120799701303118670207907960822710327685512519726421519543818659108391007037582903270499841399647843101212623619417560102397622938345342900381908727087326050312192797648212290192959832461382396933141072441560857062787443100024197658634474744325 0 0 0 0 0 0 0 0 0 0 0 0 0 0 0 0 0 0 0 0 0 0 0 0 0 0 0 0 0 0 0 0 0 0 0 0 0 0 0 0 0 0 0 0 0 0 0 0 0 0 0 0 0 0 0 0 0 0 0 0 0 0 1 0 0 0 0 0 0 0 0 0 0 0 0 0 0 0 0 0 0 0 0 0 0 0 0 0 0 0 0 0 0 0 0 0 0 0 0 0 0 0 0 0]
[9801506106922747715851125655021154258193771558037355666922874449323280613124354887111770544265961301765785792240905523818596313517955870226294209980777939715330855982324697941982845590746446780739264459076131030812907189795304868126475883028179319243569179755581932387010425195706520345691112023320864248281273396110 0 0 0 0 0 0 0 0 0 0 0 0 0 0 0 0 0 0 0 0 0 0 0 0 0 0 0 0 0 0 0 0 0 0 0 0 0 0 0 0 0 0 0 0 0 0 0 0 0 0 0 0 0 0 0 0 0 0 0 0 0 0 0 1 0 0 0 0 0 0 0 0 0 0 0 0 0 0 0 0 0 0 0 0 0 0 0 0 0 0 0 0 0 0 0 0 0 0 0 0 0 0 0 0]
[4981576008509902881814071477797458022319188649505309216837022485191468940791869963537787230890297607176225698759006773407597047626661224819980184126229835498491001609604728672055665671958021376234071703477446678281985670437548056135696232303499186395029687857575865103624362979031278960502524211678159016438927205960 0 0 0 0 0 0 0 0 0 0 0 0 0 0 0 0 0 0 0 0 0 0 0 0 0 0 0 0 0 0 0 0 0 0 0 0 0 0 0 0 0 0 0 0 0 0 0 0 0 0 0 0 0 0 0 0 0 0 0 0 0 0 0 0 1 0 0 0 0 0 0 0 0 0 0 0 0 0 0 0 0 0 0 0 0 0 0 0 0 0 0 0 0 0 0 0 0 0 0 0 0 0 0 0]
[2528365336535196961365577549826253942846547349861405147212369733420441728896762837357865502385251599369720065234784990814113546209704660255000164167637775060086917667050717356339757205000486591261732024289304799540248698920478840816320513716010075692056528044381162203117551215844635602060898246626693187024441917150 0 0 0 0 0 0 0 0 0 0 0 0 0 0 0 0 0 0 0 0 0 0 0 0 0 0 0 0 0 0 0 0 0 0 0 0 0 0 0 0 0 0 0 0 0 0 0 0 0 0 0 0 0 0 0 0 0 0 0 0 0 0 0 0 0 1 0 0 0 0 0 0 0 0 0 0 0 0 0 0 0 0 0 0 0 0 0 0 0 0 0 0 0 0 0 0 0 0 0 0 0 0 0 0]
[3206440913208551115601489366167974351135836066629176015961647846433576987481881715934690708661885697042602406086632862256154635321652388827471864571351336223957658952136489927112151612450067517007859960603115063166935417871631215398535748121704427435357732358395557874432579573329187720766370350945373230196260172455 0 0 0 0 0 0 0 0 0 0 0 0 0 0 0 0 0 0 0 0 0 0 0 0 0 0 0 0 0 0 0 0 0 0 0 0 0 0 0 0 0 0 0 0 0 0 0 0 0 0 0 0 0 0 0 0 0 0 0 0 0 0 0 0 0 0 1 0 0 0 0 0 0 0 0 0 0 0 0 0 0 0 0 0 0 0 0 0 0 0 0 0 0 0 0 0 0 0 0 0 0 0 0 0]
[6455235753453995181986577874922287502525887476006206052590775726357865367723497928974027420943271152406062807815565330739024548662716975414353593065151535023004432851664136283916766867312659156717963870671659324081553296856282065411739189883210959425967926892138048906550072334930071463345899689062654924708597325950 0 0 0 0 0 0 0 0 0 0 0 0 0 0 0 0 0 0 0 0 0 0 0 0 0 0 0 0 0 0 0 0 0 0 0 0 0 0 0 0 0 0 0 0 0 0 0 0 0 0 0 0 0 0 0 0 0 0 0 0 0 0 0 0 0 0 0 1 0 0 0 0 0 0 0 0 0 0 0 0 0 0 0 0 0 0 0 0 0 0 0 0 0 0 0 0 0 0 0 0 0 0 0 0]
[4792135843638670303817365332879778548422449565764514761480887765490832229563736162519062513525631514501448134646842177287579355388307559889097236390862339168070808811690972813012570866939003942185829526130403544912419209210392413944590365566708238542415441671598450490671426130718797772661624428426049192352245882502 0 0 0 0 0 0 0 0 0 0 0 0 0 0 0 0 0 0 0 0 0 0 0 0 0 0 0 0 0 0 0 0 0 0 0 0 0 0 0 0 0 0 0 0 0 0 0 0 0 0 0 0 0 0 0 0 0 0 0 0 0 0 0 0 0 0 0 0 1 0 0 0 0 0 0 0 0 0 0 0 0 0 0 0 0 0 0 0 0 0 0 0 0 0 0 0 0 0 0 0 0 0 0 0]
[5270505461742149848145005236035458949701670087463667472365627710190700262804375339444789528158924012469629976834379159542825692087937944208000717078057531626808983043123633618496168372171314142359384275323163214457767003077672824302138059439874354941582359896664372946218893973895946935441214006175663309057549524961 0 0 0 0 0 0 0 0 0 0 0 0 0 0 0 0 0 0 0 0 0 0 0 0 0 0 0 0 0 0 0 0 0 0 0 0 0 0 0 0 0 0 0 0 0 0 0 0 0 0 0 0 0 0 0 0 0 0 0 0 0 0 0 0 0 0 0 0 0 1 0 0 0 0 0 0 0 0 0 0 0 0 0 0 0 0 0 0 0 0 0 0 0 0 0 0 0 0 0 0 0 0 0 0]
[3283051760899159175588063082604767443600577529743225196062468943313340869776422090983505417113976744702747075483735628221770637570675786707657234268682694148112035175871335568986196983397219493565753332876611655288054160661656096142900978615067822312160216918678949764031455360410064664251642794080318145457252497013 0 0 0 0 0 0 0 0 0 0 0 0 0 0 0 0 0 0 0 0 0 0 0 0 0 0 0 0 0 0 0 0 0 0 0 0 0 0 0 0 0 0 0 0 0 0 0 0 0 0 0 0 0 0 0 0 0 0 0 0 0 0 0 0 0 0 0 0 0 0 1 0 0 0 0 0 0 0 0 0 0 0 0 0 0 0 0 0 0 0 0 0 0 0 0 0 0 0 0 0 0 0 0 0]
[8612115553451743335860190676366929335239074214030854682047629950459313390681503988266186178866302690438159337091623797734860187736438317142720971887598579559757058791780480034004499998462435066263525900885263453009932255264669798554594649382728964606688706358099593093913780205692805363990684724736413202083698911480 0 0 0 0 0 0 0 0 0 0 0 0 0 0 0 0 0 0 0 0 0 0 0 0 0 0 0 0 0 0 0 0 0 0 0 0 0 0 0 0 0 0 0 0 0 0 0 0 0 0 0 0 0 0 0 0 0 0 0 0 0 0 0 0 0 0 0 0 0 0 0 1 0 0 0 0 0 0 0 0 0 0 0 0 0 0 0 0 0 0 0 0 0 0 0 0 0 0 0 0 0 0 0 0]
[1821919180817209896537533170625343132534003716904732403198443180141699316489339120768169198989087059501268642270799307155916569300698360033031428578909657378471548229357545879591720735080749401927565230534124340498353989894369561397771335686044892550659007626947387670410051960627962755867910793094560464456951259785 0 0 0 0 0 0 0 0 0 0 0 0 0 0 0 0 0 0 0 0 0 0 0 0 0 0 0 0 0 0 0 0 0 0 0 0 0 0 0 0 0 0 0 0 0 0 0 0 0 0 0 0 0 0 0 0 0 0 0 0 0 0 0 0 0 0 0 0 0 0 0 0 1 0 0 0 0 0 0 0 0 0 0 0 0 0 0 0 0 0 0 0 0 0 0 0 0 0 0 0 0 0 0 0]
[4030164847617363630837442808900561250016997110141077924747819677121427741410269383024479690297677033103437109431753573856743254428840787073521594686669545445489138690552061598839670777029945938329631070239304276228636418887339585533495266991817149615421492277762265385983526421205679337918948646638649455457675514416 0 0 0 0 0 0 0 0 0 0 0 0 0 0 0 0 0 0 0 0 0 0 0 0 0 0 0 0 0 0 0 0 0 0 0 0 0 0 0 0 0 0 0 0 0 0 0 0 0 0 0 0 0 0 0 0 0 0 0 0 0 0 0 0 0 0 0 0 0 0 0 0 0 1 0 0 0 0 0 0 0 0 0 0 0 0 0 0 0 0 0 0 0 0 0 0 0 0 0 0 0 0 0 0]
[3248879432949900924140305681173280845229946056247856051720197501909465955418752302291863670146154546226309194190467430813283726953988263668789988903670998918857576527136578883286027329455561217812031505620897633485828392582330646341591744494117552598346682672052718238259602237421122892733657058267939149214424654364 0 0 0 0 0 0 0 0 0 0 0 0 0 0 0 0 0 0 0 0 0 0 0 0 0 0 0 0 0 0 0 0 0 0 0 0 0 0 0 0 0 0 0 0 0 0 0 0 0 0 0 0 0 0 0 0 0 0 0 0 0 0 0 0 0 0 0 0 0 0 0 0 0 0 1 0 0 0 0 0 0 0 0 0 0 0 0 0 0 0 0 0 0 0 0 0 0 0 0 0 0 0 0 0]
[2890467497048199829380836741514353091707545889855852110581200256255801054427206486081938838066972170017368418877070103251860480241758556769264987918636267922491708686409758217142187968754925122311688225091249567189482170546438905504788752107266926861785470064017676600501041248814478575033391148268841994307538169721 0 0 0 0 0 0 0 0 0 0 0 0 0 0 0 0 0 0 0 0 0 0 0 0 0 0 0 0 0 0 0 0 0 0 0 0 0 0 0 0 0 0 0 0 0 0 0 0 0 0 0 0 0 0 0 0 0 0 0 0 0 0 0 0 0 0 0 0 0 0 0 0 0 0 0 1 0 0 0 0 0 0 0 0 0 0 0 0 0 0 0 0 0 0 0 0 0 0 0 0 0 0 0 0]
[6843474670688109436133600515207091498051881346791636847909607046696980313461255131110256940462458358493091968622584930467093482329582962636630186365436670417834462759390055939868275806354425308780969483893912488780845630515622098626641523276477994632359586037445177839422970953999546733830301488176894534352583907708 0 0 0 0 0 0 0 0 0 0 0 0 0 0 0 0 0 0 0 0 0 0 0 0 0 0 0 0 0 0 0 0 0 0 0 0 0 0 0 0 0 0 0 0 0 0 0 0 0 0 0 0 0 0 0 0 0 0 0 0 0 0 0 0 0 0 0 0 0 0 0 0 0 0 0 0 1 0 0 0 0 0 0 0 0 0 0 0 0 0 0 0 0 0 0 0 0 0 0 0 0 0 0 0]
[5766183224450755377847935909263703134975520564757004233953124066742740205077837543444288544192836252037506082324230609865729048385630139956373595709364629857681538752722030099892358142855009528296232421565729537612501057947214684608348686916648227627226114085821034167696641580633984143449141231041948423398869402858 0 0 0 0 0 0 0 0 0 0 0 0 0 0 0 0 0 0 0 0 0 0 0 0 0 0 0 0 0 0 0 0 0 0 0 0 0 0 0 0 0 0 0 0 0 0 0 0 0 0 0 0 0 0 0 0 0 0 0 0 0 0 0 0 0 0 0 0 0 0 0 0 0 0 0 0 0 1 0 0 0 0 0 0 0 0 0 0 0 0 0 0 0 0 0 0 0 0 0 0 0 0 0 0]
[3606936232578650288641242247068976041641513254970294626453567357325845963684067722207153818971021428557784960617824759643768777318483153721229297169675581236995758485855926314069707415310996288682975423460191899932815158449236948993590543463215418240937050306721472187634701730052277477515477097724258192970866991943 0 0 0 0 0 0 0 0 0 0 0 0 0 0 0 0 0 0 0 0 0 0 0 0 0 0 0 0 0 0 0 0 0 0 0 0 0 0 0 0 0 0 0 0 0 0 0 0 0 0 0 0 0 0 0 0 0 0 0 0 0 0 0 0 0 0 0 0 0 0 0 0 0 0 0 0 0 0 1 0 0 0 0 0 0 0 0 0 0 0 0 0 0 0 0 0 0 0 0 0 0 0 0 0]
[6084764343539471538173471570485186579487136105295855283663855173696114361739891162722089243769988452916408188652787510194949272205859998173881027404038157494538963118615691760899111966070863541204088194929215048513618577691250418636633645510835426838345823778015661273023103570479709300767666553252937129954722388347 0 0 0 0 0 0 0 0 0 0 0 0 0 0 0 0 0 0 0 0 0 0 0 0 0 0 0 0 0 0 0 0 0 0 0 0 0 0 0 0 0 0 0 0 0 0 0 0 0 0 0 0 0 0 0 0 0 0 0 0 0 0 0 0 0 0 0 0 0 0 0 0 0 0 0 0 0 0 0 1 0 0 0 0 0 0 0 0 0 0 0 0 0 0 0 0 0 0 0 0 0 0 0 0]
[331010099497380907537277168725937685880089695558592971356234935645344005808935604615270870743530495714388605447648886934427826768097162228422861323446858571015592970826146626860287415552711844000879363692619165888323288236867252170320144017485376197125442102183058602560677210200035992316654921338691599364958958808 0 0 0 0 0 0 0 0 0 0 0 0 0 0 0 0 0 0 0 0 0 0 0 0 0 0 0 0 0 0 0 0 0 0 0 0 0 0 0 0 0 0 0 0 0 0 0 0 0 0 0 0 0 0 0 0 0 0 0 0 0 0 0 0 0 0 0 0 0 0 0 0 0 0 0 0 0 0 0 0 1 0 0 0 0 0 0 0 0 0 0 0 0 0 0 0 0 0 0 0 0 0 0 0]
[5172997860542895919249584030703327410400259404166905274952138699571893365954552986239790227417122970450885855805624561350972173771690508809109899887693654999265102896128384963655066834420446545237671494603711209850533648599435675708618282208959165770826117220530504551936877029314625481407296079770712648360025877439 0 0 0 0 0 0 0 0 0 0 0 0 0 0 0 0 0 0 0 0 0 0 0 0 0 0 0 0 0 0 0 0 0 0 0 0 0 0 0 0 0 0 0 0 0 0 0 0 0 0 0 0 0 0 0 0 0 0 0 0 0 0 0 0 0 0 0 0 0 0 0 0 0 0 0 0 0 0 0 0 0 1 0 0 0 0 0 0 0 0 0 0 0 0 0 0 0 0 0 0 0 0 0 0]
[4720070173412770166058509600903692939670163215238493482882966081502039369900476119897896836167744466673347055621399980481098717615818500783060189033648382337713790625888921120814831614804383725931721307893664985116928069290455254659988054735991960002440419970908603414334230572543988579456811635813053937787053078636 0 0 0 0 0 0 0 0 0 0 0 0 0 0 0 0 0 0 0 0 0 0 0 0 0 0 0 0 0 0 0 0 0 0 0 0 0 0 0 0 0 0 0 0 0 0 0 0 0 0 0 0 0 0 0 0 0 0 0 0 0 0 0 0 0 0 0 0 0 0 0 0 0 0 0 0 0 0 0 0 0 0 1 0 0 0 0 0 0 0 0 0 0 0 0 0 0 0 0 0 0 0 0 0]
[7190484588057989185925879497851311090782014183302621339432831188354871162206078350809493778754016040292983335851474275040488513212126255071619646389813345205899739941421717319089523038593274525795391247542248108591314699022178381420391353335484852459493411079001521434129405798480104042250181878719799197177788256971 0 0 0 0 0 0 0 0 0 0 0 0 0 0 0 0 0 0 0 0 0 0 0 0 0 0 0 0 0 0 0 0 0 0 0 0 0 0 0 0 0 0 0 0 0 0 0 0 0 0 0 0 0 0 0 0 0 0 0 0 0 0 0 0 0 0 0 0 0 0 0 0 0 0 0 0 0 0 0 0 0 0 0 1 0 0 0 0 0 0 0 0 0 0 0 0 0 0 0 0 0 0 0 0]
[6870308788707040521027214844285409693670980810900175591134116319597343577317651235779300508524043292972233276957925701007622070765921174943230387783406260692685279705577937835125698218966133176037778238675549824928896262420087533180060432732257402338662214987622497830338472226643077117203767699368966014100251717502 0 0 0 0 0 0 0 0 0 0 0 0 0 0 0 0 0 0 0 0 0 0 0 0 0 0 0 0 0 0 0 0 0 0 0 0 0 0 0 0 0 0 0 0 0 0 0 0 0 0 0 0 0 0 0 0 0 0 0 0 0 0 0 0 0 0 0 0 0 0 0 0 0 0 0 0 0 0 0 0 0 0 0 0 1 0 0 0 0 0 0 0 0 0 0 0 0 0 0 0 0 0 0 0]
[888338679680061691698508572204098862566635748535830173194687971107712406013521086132748159515668719655632543955097320062294087841348691595737983349284818178886099899595940827248348180293066438801429053729758715384418948129771445037434259822800763449824786509228247643807333402971566794220518381767227516612350001351 0 0 0 0 0 0 0 0 0 0 0 0 0 0 0 0 0 0 0 0 0 0 0 0 0 0 0 0 0 0 0 0 0 0 0 0 0 0 0 0 0 0 0 0 0 0 0 0 0 0 0 0 0 0 0 0 0 0 0 0 0 0 0 0 0 0 0 0 0 0 0 0 0 0 0 0 0 0 0 0 0 0 0 0 0 1 0 0 0 0 0 0 0 0 0 0 0 0 0 0 0 0 0 0]
[3213673480645298611826806021243271786900852761861281808184272831481951548690978523153698178031106079391299271043364660296455408581766612596989916554873801718497037456612832644154995327476298683006134758109964138610503059214214670813472760322585288596612563406967556338413277899736210275628481727749281081880735286769 0 0 0 0 0 0 0 0 0 0 0 0 0 0 0 0 0 0 0 0 0 0 0 0 0 0 0 0 0 0 0 0 0 0 0 0 0 0 0 0 0 0 0 0 0 0 0 0 0 0 0 0 0 0 0 0 0 0 0 0 0 0 0 0 0 0 0 0 0 0 0 0 0 0 0 0 0 0 0 0 0 0 0 0 0 0 1 0 0 0 0 0 0 0 0 0 0 0 0 0 0 0 0 0]
[3716929288552087003195703983546281856700891977075519983209615221571567784823228280450261708711127967123812868290695902933159518241456827068416178046937377488599847416865992807745673115039737703626173032903803818655261762306452723471040617078867056815203199356779807849102287311457773075462426214296308320005483392676 0 0 0 0 0 0 0 0 0 0 0 0 0 0 0 0 0 0 0 0 0 0 0 0 0 0 0 0 0 0 0 0 0 0 0 0 0 0 0 0 0 0 0 0 0 0 0 0 0 0 0 0 0 0 0 0 0 0 0 0 0 0 0 0 0 0 0 0 0 0 0 0 0 0 0 0 0 0 0 0 0 0 0 0 0 0 0 1 0 0 0 0 0 0 0 0 0 0 0 0 0 0 0 0]
[7945233140377484151077778436223754603249086580544382306259905185114363284879646532017178910506822185060474430853973960499399103918021403963967028748547576025069004859150406485921529544452182614340670281166723606560726700064745797893535076754835129214419488038314484379556930583175351113693552640640739844037085812238 0 0 0 0 0 0 0 0 0 0 0 0 0 0 0 0 0 0 0 0 0 0 0 0 0 0 0 0 0 0 0 0 0 0 0 0 0 0 0 0 0 0 0 0 0 0 0 0 0 0 0 0 0 0 0 0 0 0 0 0 0 0 0 0 0 0 0 0 0 0 0 0 0 0 0 0 0 0 0 0 0 0 0 0 0 0 0 0 1 0 0 0 0 0 0 0 0 0 0 0 0 0 0 0]
[7202592091228810376931747756481742447098767432721626635241485892964746080646342002488312440359914598596907647694021532902142552181820317664487685841344209138931471697788879460939232813938205446733470642937496036327206633463565714197665876239116659730752740091345411528413075386722584042614536486305876688933214051255 0 0 0 0 0 0 0 0 0 0 0 0 0 0 0 0 0 0 0 0 0 0 0 0 0 0 0 0 0 0 0 0 0 0 0 0 0 0 0 0 0 0 0 0 0 0 0 0 0 0 0 0 0 0 0 0 0 0 0 0 0 0 0 0 0 0 0 0 0 0 0 0 0 0 0 0 0 0 0 0 0 0 0 0 0 0 0 0 0 1 0 0 0 0 0 0 0 0 0 0 0 0 0 0]
[10464530087246609516466014035021838004938012322680833557260262316712047870083533430414982252256464054752196164573467600793605389420123079027356548128545221195488777296451030967249507107173246062210042077121399520254459504115778487811263648017094477313169457300004297078444421758491864175166994591094813032428724058348 0 0 0 0 0 0 0 0 0 0 0 0 0 0 0 0 0 0 0 0 0 0 0 0 0 0 0 0 0 0 0 0 0 0 0 0 0 0 0 0 0 0 0 0 0 0 0 0 0 0 0 0 0 0 0 0 0 0 0 0 0 0 0 0 0 0 0 0 0 0 0 0 0 0 0 0 0 0 0 0 0 0 0 0 0 0 0 0 0 0 1 0 0 0 0 0 0 0 0 0 0 0 0 0]
[879734321860244951867914364345813922103655128240868219001009674061778595797391802279170939186940186066912320347853838865068628413811823442123530277400600591790204032824243758740296907328925838421893838927341355868536614159649845443561933692579917903818716122501176108332159236479120421387189434348172429376147618935 0 0 0 0 0 0 0 0 0 0 0 0 0 0 0 0 0 0 0 0 0 0 0 0 0 0 0 0 0 0 0 0 0 0 0 0 0 0 0 0 0 0 0 0 0 0 0 0 0 0 0 0 0 0 0 0 0 0 0 0 0 0 0 0 0 0 0 0 0 0 0 0 0 0 0 0 0 0 0 0 0 0 0 0 0 0 0 0 0 0 0 1 0 0 0 0 0 0 0 0 0 0 0 0]
[7708896498188652789630035462137661388099445968435420594068780861150184087321285982491380935634201819481166427845501397548454367230911602914569129667036486033817624814666918570953331049284496188948427268199544687085424859579024801761266106124949848987210088717684355878554083624184055174738103252349918996710329987321 0 0 0 0 0 0 0 0 0 0 0 0 0 0 0 0 0 0 0 0 0 0 0 0 0 0 0 0 0 0 0 0 0 0 0 0 0 0 0 0 0 0 0 0 0 0 0 0 0 0 0 0 0 0 0 0 0 0 0 0 0 0 0 0 0 0 0 0 0 0 0 0 0 0 0 0 0 0 0 0 0 0 0 0 0 0 0 0 0 0 0 0 1 0 0 0 0 0 0 0 0 0 0 0]
[2012622320150999965682351321117231723080431571244710988244748908459974746170560445299235618630796139016747870804698043726001836791714770150960612277772437370311460185596214952483398071726523644266289945485933166807720002622244072248975017175001123410579913396195741136691833298251996151330231896161885900948306325811 0 0 0 0 0 0 0 0 0 0 0 0 0 0 0 0 0 0 0 0 0 0 0 0 0 0 0 0 0 0 0 0 0 0 0 0 0 0 0 0 0 0 0 0 0 0 0 0 0 0 0 0 0 0 0 0 0 0 0 0 0 0 0 0 0 0 0 0 0 0 0 0 0 0 0 0 0 0 0 0 0 0 0 0 0 0 0 0 0 0 0 0 0 1 0 0 0 0 0 0 0 0 0 0]
[4019669685717899776736781671824371640126913899807506782754302404155246986682017355915513192554762817344428818434829014050907833506520953710533083947342213854520497316054320418757560510864077476426219126124447357889254595637015595259653070956800476184336171241688658369596039529274296869857312369066605330934940400704 0 0 0 0 0 0 0 0 0 0 0 0 0 0 0 0 0 0 0 0 0 0 0 0 0 0 0 0 0 0 0 0 0 0 0 0 0 0 0 0 0 0 0 0 0 0 0 0 0 0 0 0 0 0 0 0 0 0 0 0 0 0 0 0 0 0 0 0 0 0 0 0 0 0 0 0 0 0 0 0 0 0 0 0 0 0 0 0 0 0 0 0 0 0 1 0 0 0 0 0 0 0 0 0]
[4803092963316628432432538559983259822577561814880580405074628706127137958304048325728310951494241782476645723607402687389574183058708121403903859251119550870465796554946761113355692513619322112871805140536382217652422320534669032003584487088613634772484481676131175083183688702321037676984304573771000181585239413685 0 0 0 0 0 0 0 0 0 0 0 0 0 0 0 0 0 0 0 0 0 0 0 0 0 0 0 0 0 0 0 0 0 0 0 0 0 0 0 0 0 0 0 0 0 0 0 0 0 0 0 0 0 0 0 0 0 0 0 0 0 0 0 0 0 0 0 0 0 0 0 0 0 0 0 0 0 0 0 0 0 0 0 0 0 0 0 0 0 0 0 0 0 0 0 1 0 0 0 0 0 0 0 0]
[4613196299756057264065118112469612204482915306997488465002609429942503366107695728285577948393523676898415277843192775766025177409507151181739127792615104188902668443472016039822214928452731090116225253774702829866596652645090082964638905848358413843316674435885071817834022465707222245854859826291861623311137631335 0 0 0 0 0 0 0 0 0 0 0 0 0 0 0 0 0 0 0 0 0 0 0 0 0 0 0 0 0 0 0 0 0 0 0 0 0 0 0 0 0 0 0 0 0 0 0 0 0 0 0 0 0 0 0 0 0 0 0 0 0 0 0 0 0 0 0 0 0 0 0 0 0 0 0 0 0 0 0 0 0 0 0 0 0 0 0 0 0 0 0 0 0 0 0 0 1 0 0 0 0 0 0 0]
[2696489515399772353179397009526205538579307503475543886968817979262202501538791264002859460131348544694983655456942770737913008544671694292750688238180650284774916612378364100681457149150944971323026794935836244647363278497697768268168982688210261514933470080651016194147307824815935592819949500878661419349161192311 0 0 0 0 0 0 0 0 0 0 0 0 0 0 0 0 0 0 0 0 0 0 0 0 0 0 0 0 0 0 0 0 0 0 0 0 0 0 0 0 0 0 0 0 0 0 0 0 0 0 0 0 0 0 0 0 0 0 0 0 0 0 0 0 0 0 0 0 0 0 0 0 0 0 0 0 0 0 0 0 0 0 0 0 0 0 0 0 0 0 0 0 0 0 0 0 0 1 0 0 0 0 0 0]
[8205058578962420338939884961436973929649472475163738940976208762429370770626476752073691502343152073021170321324372425929348684958250491203013113959798321770204979834784311863465770743093405517664978130752890443290850090686442601152884667464714903372918672775049288210811121429565236419952819928203411983676085081790 0 0 0 0 0 0 0 0 0 0 0 0 0 0 0 0 0 0 0 0 0 0 0 0 0 0 0 0 0 0 0 0 0 0 0 0 0 0 0 0 0 0 0 0 0 0 0 0 0 0 0 0 0 0 0 0 0 0 0 0 0 0 0 0 0 0 0 0 0 0 0 0 0 0 0 0 0 0 0 0 0 0 0 0 0 0 0 0 0 0 0 0 0 0 0 0 0 0 1 0 0 0 0 0]
[3735905961209572564213239097084250605611141905168028959723330846323597828670416874317375447809418913164492866228724190303741444824240769354112868850102578533542519401928225321872541702208092637637590057625769841606479561474118064076302232828827115217570203578041518026081579694925183781788016938195546670988632871047 0 0 0 0 0 0 0 0 0 0 0 0 0 0 0 0 0 0 0 0 0 0 0 0 0 0 0 0 0 0 0 0 0 0 0 0 0 0 0 0 0 0 0 0 0 0 0 0 0 0 0 0 0 0 0 0 0 0 0 0 0 0 0 0 0 0 0 0 0 0 0 0 0 0 0 0 0 0 0 0 0 0 0 0 0 0 0 0 0 0 0 0 0 0 0 0 0 0 0 1 0 0 0 0]
[2466829166280995298066329177951677568727916652836629771115445992384388936346645397084161600277876175749858218202631753887026529152725117563971756038185390630354170396473915762786659568239076858139423392980894441999987125878651275440467744177987093167649719832686538427976481025788317665044347995479405514211996729124 0 0 0 0 0 0 0 0 0 0 0 0 0 0 0 0 0 0 0 0 0 0 0 0 0 0 0 0 0 0 0 0 0 0 0 0 0 0 0 0 0 0 0 0 0 0 0 0 0 0 0 0 0 0 0 0 0 0 0 0 0 0 0 0 0 0 0 0 0 0 0 0 0 0 0 0 0 0 0 0 0 0 0 0 0 0 0 0 0 0 0 0 0 0 0 0 0 0 0 0 1 0 0 0]
[8871375380728409774777056143256930922722700450052438729349040020876269305530384796761017994744039283151455390648237069322865248140992746900034540680156180752820088307468993829274614122579104262327419466777558441046158205746402415893275711219558641270849973336724522952101386164315663717870500518457268176968661852669 0 0 0 0 0 0 0 0 0 0 0 0 0 0 0 0 0 0 0 0 0 0 0 0 0 0 0 0 0 0 0 0 0 0 0 0 0 0 0 0 0 0 0 0 0 0 0 0 0 0 0 0 0 0 0 0 0 0 0 0 0 0 0 0 0 0 0 0 0 0 0 0 0 0 0 0 0 0 0 0 0 0 0 0 0 0 0 0 0 0 0 0 0 0 0 0 0 0 0 0 0 1 0 0]
[1929450524560903840206318946191511944616976717409028651441898193666235721162950635135243706509189186178331277676432969265539026041117267361130773199297641055937251766001156458259674018856148505188864629014294289465003996559360847994853459469886066990749732115874071077743254384977383112632782862812156563109010807778 0 0 0 0 0 0 0 0 0 0 0 0 0 0 0 0 0 0 0 0 0 0 0 0 0 0 0 0 0 0 0 0 0 0 0 0 0 0 0 0 0 0 0 0 0 0 0 0 0 0 0 0 0 0 0 0 0 0 0 0 0 0 0 0 0 0 0 0 0 0 0 0 0 0 0 0 0 0 0 0 0 0 0 0 0 0 0 0 0 0 0 0 0 0 0 0 0 0 0 0 0 0 1 0]
[4731247777456537504041993804893582545798954301700165584780475832041619653407873239033249454744904144447605636976652330790035143862443354466239166827624809303929756533310488147375759663480372194224674609744678482893745894720770493136976784667527106465723905165943783653471773484760241430934832182834987801282228932363 0 0 0 0 0 0 0 0 0 0 0 0 0 0 0 0 0 0 0 0 0 0 0 0 0 0 0 0 0 0 0 0 0 0 0 0 0 0 0 0 0 0 0 0 0 0 0 0 0 0 0 0 0 0 0 0 0 0 0 0 0 0 0 0 0 0 0 0 0 0 0 0 0 0 0 0 0 0 0 0 0 0 0 0 0 0 0 0 0 0 0 0 0 0 0 0 0 0 0 0 0 0 0 1]
]
