[[8583992813242704361517202874784622542894561483160459617005547992165179180249730948394283858533507023341126906599831177505858612205796795315344332243188987594112839055037599885365130089337294118812352367179456300282933473676084309929622915530362151195082721452489285882787298891134129442731725798082981336679640250825273 0 0 0 0 0 0 0 0 0 0 0 0 0 0 0 0 0 0 0 0 0 0 0 0 0 0 0 0 0 0 0 0 0 0 0 0 0 0 0 0 0 0 0 0 0 0 0 0 0 0 0 0 0 0 0 0 0 0 0 0 0 0 0 0 0 0 0 0 0 0 0 0 0 0 0 0 0 0 0 0 0 0 0 0 0 0 0 0 0 0 0 0 0 0 0 0 0 0 0 0 0 0 0 0 0]
[5132825347807392711799803485065122873854009557834016069857296384334360503474842564253964828083337564490977469627065619361903989791591471510434307474906317001351077464147242719016375627252711299989290420388688564994752692935442872961829168270142370693112369838125268192694935418876606778377253834982739801105209206541484 1 0 0 0 0 0 0 0 0 0 0 0 0 0 0 0 0 0 0 0 0 0 0 0 0 0 0 0 0 0 0 0 0 0 0 0 0 0 0 0 0 0 0 0 0 0 0 0 0 0 0 0 0 0 0 0 0 0 0 0 0 0 0 0 0 0 0 0 0 0 0 0 0 0 0 0 0 0 0 0 0 0 0 0 0 0 0 0 0 0 0 0 0 0 0 0 0 0 0 0 0 0 0 0 0]
[472665461955989761805127717661693388821653223004787530278910645211270240446783524390732373479666832508093846702838520820416663707747448429741377475714373851927283767171717095555270406097887758516644371252053422675482508589313438711667468943079574121283995122836114355001299048603091966483495855253201678244779412071843 0 1 0 0 0 0 0 0 0 0 0 0 0 0 0 0 0 0 0 0 0 0 0 0 0 0 0 0 0 0 0 0 0 0 0 0 0 0 0 0 0 0 0 0 0 0 0 0 0 0 0 0 0 0 0 0 0 0 0 0 0 0 0 0 0 0 0 0 0 0 0 0 0 0 0 0 0 0 0 0 0 0 0 0 0 0 0 0 0 0 0 0 0 0 0 0 0 0 0 0 0 0 0 0 0]
[1597029253042714740106517188242211528972792814028054053539479387999272816952368965822733661892615345165880362915879710947664041496794132381562836543111091697227417994621808233712909909804826671591083257701631680975085704073341516752002119025656148513428739089191207959324525974759052475634086862186064332524881511297505 0 0 1 0 0 0 0 0 0 0 0 0 0 0 0 0 0 0 0 0 0 0 0 0 0 0 0 0 0 0 0 0 0 0 0 0 0 0 0 0 0 0 0 0 0 0 0 0 0 0 0 0 0 0 0 0 0 0 0 0 0 0 0 0 0 0 0 0 0 0 0 0 0 0 0 0 0 0 0 0 0 0 0 0 0 0 0 0 0 0 0 0 0 0 0 0 0 0 0 0 0 0 0 0 0]
[1462356032311903010119729651556051521814010911529644820915685959591096030125392386628093655787615529368883937456558229113827099452313171844592460551848507499114292980434568955761914982193299491081720165527149216578448662762266571409099836471705772293804632516058559541795790830435711612399159464337839782775033735101218 0 0 0 1 0 0 0 0 0 0 0 0 0 0 0 0 0 0 0 0 0 0 0 0 0 0 0 0 0 0 0 0 0 0 0 0 0 0 0 0 0 0 0 0 0 0 0 0 0 0 0 0 0 0 0 0 0 0 0 0 0 0 0 0 0 0 0 0 0 0 0 0 0 0 0 0 0 0 0 0 0 0 0 0 0 0 0 0 0 0 0 0 0 0 0 0 0 0 0 0 0 0 0 0 0]
[6798105080096010883838258208444405986391242552052178438616163331411067866681882356462927696114871021521642191982625669136158228688573865027188797056268809438932099238954434358453596263709927330519882411522976358317511737697918905524236416678730161025727793719744183867534549072156731697048097630450157124179388050829489 0 0 0 0 1 0 0 0 0 0 0 0 0 0 0 0 0 0 0 0 0 0 0 0 0 0 0 0 0 0 0 0 0 0 0 0 0 0 0 0 0 0 0 0 0 0 0 0 0 0 0 0 0 0 0 0 0 0 0 0 0 0 0 0 0 0 0 0 0 0 0 0 0 0 0 0 0 0 0 0 0 0 0 0 0 0 0 0 0 0 0 0 0 0 0 0 0 0 0 0 0 0 0 0 0]
[6562504279693695186290878995355758318111393330317046462961768172683992344222085275977335791428816899179312289921565743976509612862322250984633863547149318349500840733940129203619028448093151279146689261194757589463902254894487760462421798232726968752507716034022871230796532452367949712139487574846420900009529335484280 0 0 0 0 0 1 0 0 0 0 0 0 0 0 0 0 0 0 0 0 0 0 0 0 0 0 0 0 0 0 0 0 0 0 0 0 0 0 0 0 0 0 0 0 0 0 0 0 0 0 0 0 0 0 0 0 0 0 0 0 0 0 0 0 0 0 0 0 0 0 0 0 0 0 0 0 0 0 0 0 0 0 0 0 0 0 0 0 0 0 0 0 0 0 0 0 0 0 0 0 0 0 0 0 0]
[1255293610646037308824685966479653415692566242672564896719837277278598172966948283632704274481520238446264905995816278343014682265121907909168512059687627878228119857279595991352215957689699431954201431422703681709510357002878257178560137094078511766583810952226913666591958190574281888522879320696132476120596409202689 0 0 0 0 0 0 1 0 0 0 0 0 0 0 0 0 0 0 0 0 0 0 0 0 0 0 0 0 0 0 0 0 0 0 0 0 0 0 0 0 0 0 0 0 0 0 0 0 0 0 0 0 0 0 0 0 0 0 0 0 0 0 0 0 0 0 0 0 0 0 0 0 0 0 0 0 0 0 0 0 0 0 0 0 0 0 0 0 0 0 0 0 0 0 0 0 0 0 0 0 0 0 0 0 0]
[7047719834269962448510409080963286500598042885236620584658113335555486010725448126395440718353756916296249443242436518415167021071395474901308625683157941103518656890842046073905249828606899803081061853245919597006648223925457972412970288745826111703389971570015863564223497817961695101393612719148759732549742760847211 0 0 0 0 0 0 0 1 0 0 0 0 0 0 0 0 0 0 0 0 0 0 0 0 0 0 0 0 0 0 0 0 0 0 0 0 0 0 0 0 0 0 0 0 0 0 0 0 0 0 0 0 0 0 0 0 0 0 0 0 0 0 0 0 0 0 0 0 0 0 0 0 0 0 0 0 0 0 0 0 0 0 0 0 0 0 0 0 0 0 0 0 0 0 0 0 0 0 0 0 0 0 0 0 0]
[3273904073370490782517793985333303386215400178135587435863128641429495399120886311771891364822835230051146494107156660584979340734945608104597803873921801840221303177754615895170834390513863086513970602019097519806814630792147168180056101963226310729779481247732601963485734756671380599273326328480366169134274721442325 0 0 0 0 0 0 0 0 1 0 0 0 0 0 0 0 0 0 0 0 0 0 0 0 0 0 0 0 0 0 0 0 0 0 0 0 0 0 0 0 0 0 0 0 0 0 0 0 0 0 0 0 0 0 0 0 0 0 0 0 0 0 0 0 0 0 0 0 0 0 0 0 0 0 0 0 0 0 0 0 0 0 0 0 0 0 0 0 0 0 0 0 0 0 0 0 0 0 0 0 0 0 0 0 0]
[8212605999210129551918177954054531240082051982875547739201201505941166024103113632598825894924516267077559874891657674881116279942493578623915734188271672678131642991729575445599740297591859220795718638246007334546869749268339251803031323345821452992839931855997607136096314046657868911369445424829379263862393325778934 0 0 0 0 0 0 0 0 0 1 0 0 0 0 0 0 0 0 0 0 0 0 0 0 0 0 0 0 0 0 0 0 0 0 0 0 0 0 0 0 0 0 0 0 0 0 0 0 0 0 0 0 0 0 0 0 0 0 0 0 0 0 0 0 0 0 0 0 0 0 0 0 0 0 0 0 0 0 0 0 0 0 0 0 0 0 0 0 0 0 0 0 0 0 0 0 0 0 0 0 0 0 0 0 0]
[4441234170505425610395623093989054027418765062986134578858802892092133374117169436430599113952665597153329246482506181178620858412134725386895601738173362235701480244432801954539767324135931672897377322010336508667509867553573513894701319529031828873620757960280330863664860754730308955603399805393284233341251503077579 0 0 0 0 0 0 0 0 0 0 1 0 0 0 0 0 0 0 0 0 0 0 0 0 0 0 0 0 0 0 0 0 0 0 0 0 0 0 0 0 0 0 0 0 0 0 0 0 0 0 0 0 0 0 0 0 0 0 0 0 0 0 0 0 0 0 0 0 0 0 0 0 0 0 0 0 0 0 0 0 0 0 0 0 0 0 0 0 0 0 0 0 0 0 0 0 0 0 0 0 0 0 0 0 0]
[2507486430841169548505469949791651871210343627671399808524722027101893809347692730290645971396827254497741651534880918091058278918064767937879360854288319035788932363213358217909163421288234777408396245143981594737512542619146774875351424127829641205911724876780884979214144139954882752221237445563317107403973654412072 0 0 0 0 0 0 0 0 0 0 0 1 0 0 0 0 0 0 0 0 0 0 0 0 0 0 0 0 0 0 0 0 0 0 0 0 0 0 0 0 0 0 0 0 0 0 0 0 0 0 0 0 0 0 0 0 0 0 0 0 0 0 0 0 0 0 0 0 0 0 0 0 0 0 0 0 0 0 0 0 0 0 0 0 0 0 0 0 0 0 0 0 0 0 0 0 0 0 0 0 0 0 0 0 0]
[3244898063036240148678967452698236133666558208078255661443905672837899325551173741620223533290571272039727406157166780202394763591345047557076752362579974739423458348142883761239057541768641318657754422382100126888355309847729364795076530579298308500202432364242393376487205898776430191994984184081752796281916358883468 0 0 0 0 0 0 0 0 0 0 0 0 1 0 0 0 0 0 0 0 0 0 0 0 0 0 0 0 0 0 0 0 0 0 0 0 0 0 0 0 0 0 0 0 0 0 0 0 0 0 0 0 0 0 0 0 0 0 0 0 0 0 0 0 0 0 0 0 0 0 0 0 0 0 0 0 0 0 0 0 0 0 0 0 0 0 0 0 0 0 0 0 0 0 0 0 0 0 0 0 0 0 0 0 0]
[2846174305023089839761058418461612788486907888323822085639786818619090581245429868696834163242435682309174843408914435974218475909163960546806165719229045610007278923710327368333800258131629994869216220561846971700928758496692537630808516466923186896494712558124511608782871014458441792345086172767634437303000629451549 0 0 0 0 0 0 0 0 0 0 0 0 0 1 0 0 0 0 0 0 0 0 0 0 0 0 0 0 0 0 0 0 0 0 0 0 0 0 0 0 0 0 0 0 0 0 0 0 0 0 0 0 0 0 0 0 0 0 0 0 0 0 0 0 0 0 0 0 0 0 0 0 0 0 0 0 0 0 0 0 0 0 0 0 0 0 0 0 0 0 0 0 0 0 0 0 0 0 0 0 0 0 0 0 0]
[88114770206040543520928838667320357659865973834490978887396214165543140867312736064346497433497672241410016968215615436442913747558355206238407902099304033154701647708951461254872167271446978676259154714535925724975864128854584708272582765946492010446384775839759483150082272642984535299987654425940115352361206002681 0 0 0 0 0 0 0 0 0 0 0 0 0 0 1 0 0 0 0 0 0 0 0 0 0 0 0 0 0 0 0 0 0 0 0 0 0 0 0 0 0 0 0 0 0 0 0 0 0 0 0 0 0 0 0 0 0 0 0 0 0 0 0 0 0 0 0 0 0 0 0 0 0 0 0 0 0 0 0 0 0 0 0 0 0 0 0 0 0 0 0 0 0 0 0 0 0 0 0 0 0 0 0 0 0]
[6371655600045901036261548618329193492148208806813321984203050085986071733551510808668388829786357730240573894301286275947125688471510890899950806465215000987438497541636867100016144189964989746782840166581758885851813794364776005309468586053962620839373675350170144130082344463250014939698621371654843384996266050394520 0 0 0 0 0 0 0 0 0 0 0 0 0 0 0 1 0 0 0 0 0 0 0 0 0 0 0 0 0 0 0 0 0 0 0 0 0 0 0 0 0 0 0 0 0 0 0 0 0 0 0 0 0 0 0 0 0 0 0 0 0 0 0 0 0 0 0 0 0 0 0 0 0 0 0 0 0 0 0 0 0 0 0 0 0 0 0 0 0 0 0 0 0 0 0 0 0 0 0 0 0 0 0 0 0]
[7034408964165443748209412415431314098876173406707872973535895271443221020844043319643559158611167564239965086851693838602258112228289849644249066212156418842845740815155231149659646136718623486907302472417934796132744116880074746087512600160281947212871395340675132140096673274496937833931024310450351035131075773742779 0 0 0 0 0 0 0 0 0 0 0 0 0 0 0 0 1 0 0 0 0 0 0 0 0 0 0 0 0 0 0 0 0 0 0 0 0 0 0 0 0 0 0 0 0 0 0 0 0 0 0 0 0 0 0 0 0 0 0 0 0 0 0 0 0 0 0 0 0 0 0 0 0 0 0 0 0 0 0 0 0 0 0 0 0 0 0 0 0 0 0 0 0 0 0 0 0 0 0 0 0 0 0 0 0]
[2596130071018495499551765294890784922866055334102296986733897265311099771738685432892626602808943751846924308335952583861951904568825649780482412460126277067985584588368322146563890037014030099643793762395412911995128289774819756588266346022065808606317767608948884360854154717285890114273534553548562831242247148560042 0 0 0 0 0 0 0 0 0 0 0 0 0 0 0 0 0 1 0 0 0 0 0 0 0 0 0 0 0 0 0 0 0 0 0 0 0 0 0 0 0 0 0 0 0 0 0 0 0 0 0 0 0 0 0 0 0 0 0 0 0 0 0 0 0 0 0 0 0 0 0 0 0 0 0 0 0 0 0 0 0 0 0 0 0 0 0 0 0 0 0 0 0 0 0 0 0 0 0 0 0 0 0 0 0]
[212009770772193530842703789748639861116111372567931129771414968966296788872494576929383720595902021723601854486519227995874916811672050651757174279031431236555271194036708581522548970765938175216486094620863894247226041062179380016603083107408796255506562493903595216503431689856447466441970629768523702048156731289590 0 0 0 0 0 0 0 0 0 0 0 0 0 0 0 0 0 0 1 0 0 0 0 0 0 0 0 0 0 0 0 0 0 0 0 0 0 0 0 0 0 0 0 0 0 0 0 0 0 0 0 0 0 0 0 0 0 0 0 0 0 0 0 0 0 0 0 0 0 0 0 0 0 0 0 0 0 0 0 0 0 0 0 0 0 0 0 0 0 0 0 0 0 0 0 0 0 0 0 0 0 0 0 0 0]
[6634249563836381958000858566541576944183458978000837340128061896219073679465887156444696070776076991168508644385266108480183164825268065005932276396772075786790321056708494628863725795524206017914873763766808169789952284604547885111798645613080319530243277188683048074096601806145121279183503479832637172260287496336866 0 0 0 0 0 0 0 0 0 0 0 0 0 0 0 0 0 0 0 1 0 0 0 0 0 0 0 0 0 0 0 0 0 0 0 0 0 0 0 0 0 0 0 0 0 0 0 0 0 0 0 0 0 0 0 0 0 0 0 0 0 0 0 0 0 0 0 0 0 0 0 0 0 0 0 0 0 0 0 0 0 0 0 0 0 0 0 0 0 0 0 0 0 0 0 0 0 0 0 0 0 0 0 0 0]
[259072545030268977138979865021500863844246400058417768555600307765409342893693710075888429008393400544424166588085375818122956660549464713814260091426014246374616398722034807611485285262904251219078087178505846258181553721947421414392356078243539367526391725514949535765107278107919559664101362990953880736942427891336 0 0 0 0 0 0 0 0 0 0 0 0 0 0 0 0 0 0 0 0 1 0 0 0 0 0 0 0 0 0 0 0 0 0 0 0 0 0 0 0 0 0 0 0 0 0 0 0 0 0 0 0 0 0 0 0 0 0 0 0 0 0 0 0 0 0 0 0 0 0 0 0 0 0 0 0 0 0 0 0 0 0 0 0 0 0 0 0 0 0 0 0 0 0 0 0 0 0 0 0 0 0 0 0 0]
[3350216705461194880631701256060129051944463638815773557892675714937452712683475023234841501039375921208202265175481025142714535256624461720519180314235907554033433477241138995899146168867988084492313774905842606889705608705995020473460639321041601419375079061694958415159098698749422943865824422824357728525217980349570 0 0 0 0 0 0 0 0 0 0 0 0 0 0 0 0 0 0 0 0 0 1 0 0 0 0 0 0 0 0 0 0 0 0 0 0 0 0 0 0 0 0 0 0 0 0 0 0 0 0 0 0 0 0 0 0 0 0 0 0 0 0 0 0 0 0 0 0 0 0 0 0 0 0 0 0 0 0 0 0 0 0 0 0 0 0 0 0 0 0 0 0 0 0 0 0 0 0 0 0 0 0 0 0 0]
[5322240654233701575055709664106141364406625809787968686949828717917465740750023968342353085969359956598160561949393960623979849984989230441006223801780529065196133984988631109343924437466270705315863453740015101025191698174626205354447944077480232030825358174307442673263768241794782384971241835227893870667327373615446 0 0 0 0 0 0 0 0 0 0 0 0 0 0 0 0 0 0 0 0 0 0 1 0 0 0 0 0 0 0 0 0 0 0 0 0 0 0 0 0 0 0 0 0 0 0 0 0 0 0 0 0 0 0 0 0 0 0 0 0 0 0 0 0 0 0 0 0 0 0 0 0 0 0 0 0 0 0 0 0 0 0 0 0 0 0 0 0 0 0 0 0 0 0 0 0 0 0 0 0 0 0 0 0 0]
[6532168520002363113454661542130405570974352856497172366571732931434878818335193220491154410785420035248829878435722777879815472496760191994416223327754728841988364767160749764745146711526476301149299640298422892314517757943347479571344093651699086233245143020523056649854144904299825045147641438739996408921315307239836 0 0 0 0 0 0 0 0 0 0 0 0 0 0 0 0 0 0 0 0 0 0 0 1 0 0 0 0 0 0 0 0 0 0 0 0 0 0 0 0 0 0 0 0 0 0 0 0 0 0 0 0 0 0 0 0 0 0 0 0 0 0 0 0 0 0 0 0 0 0 0 0 0 0 0 0 0 0 0 0 0 0 0 0 0 0 0 0 0 0 0 0 0 0 0 0 0 0 0 0 0 0 0 0 0]
[7609427354368012323047780803934003260600013119171232434485066644453648111178966542583625963048592651101350581886648802578163605823947773004129142432389762139373817776599473755761335569485011402945739472080978544848359066215248303020180343836899091547723513736357219331265055075916387618623464259833968024316081015135945 0 0 0 0 0 0 0 0 0 0 0 0 0 0 0 0 0 0 0 0 0 0 0 0 1 0 0 0 0 0 0 0 0 0 0 0 0 0 0 0 0 0 0 0 0 0 0 0 0 0 0 0 0 0 0 0 0 0 0 0 0 0 0 0 0 0 0 0 0 0 0 0 0 0 0 0 0 0 0 0 0 0 0 0 0 0 0 0 0 0 0 0 0 0 0 0 0 0 0 0 0 0 0 0 0]
[7363391499877006710306561168959034594181622558109712947038252089950687881809274354578556690996464302811561439054249011349045186368620171495714145648496678437123336754709950035655935358226060174138295906926581652463525663722093864499887201703061706521958833360888724410190323383519730933191393610467081342408163463282301 0 0 0 0 0 0 0 0 0 0 0 0 0 0 0 0 0 0 0 0 0 0 0 0 0 1 0 0 0 0 0 0 0 0 0 0 0 0 0 0 0 0 0 0 0 0 0 0 0 0 0 0 0 0 0 0 0 0 0 0 0 0 0 0 0 0 0 0 0 0 0 0 0 0 0 0 0 0 0 0 0 0 0 0 0 0 0 0 0 0 0 0 0 0 0 0 0 0 0 0 0 0 0 0 0]
[919615793140272807800178765139493240464650653324062831101718132162022861580268074458119372559681083025884541921291790222387865482690663791873473573166477062718604494455958125177585997905142710348542196349696641593706196760777537636331081313483334692529299965828039481073044326825466816454133864380392056753534598807103 0 0 0 0 0 0 0 0 0 0 0 0 0 0 0 0 0 0 0 0 0 0 0 0 0 0 1 0 0 0 0 0 0 0 0 0 0 0 0 0 0 0 0 0 0 0 0 0 0 0 0 0 0 0 0 0 0 0 0 0 0 0 0 0 0 0 0 0 0 0 0 0 0 0 0 0 0 0 0 0 0 0 0 0 0 0 0 0 0 0 0 0 0 0 0 0 0 0 0 0 0 0 0 0 0]
[7590990868530901848414252176563387375483824160922484168794799846511132921833832024023681594824477513133937654047138847629205485109863415552501727998582792907975034730136618015323499630146134985785076509014905610314268862915799371160830812753831057902827131533201713431646743942373815686849355268115919403287296473435831 0 0 0 0 0 0 0 0 0 0 0 0 0 0 0 0 0 0 0 0 0 0 0 0 0 0 0 1 0 0 0 0 0 0 0 0 0 0 0 0 0 0 0 0 0 0 0 0 0 0 0 0 0 0 0 0 0 0 0 0 0 0 0 0 0 0 0 0 0 0 0 0 0 0 0 0 0 0 0 0 0 0 0 0 0 0 0 0 0 0 0 0 0 0 0 0 0 0 0 0 0 0 0 0 0]
[1196940994473411583376571181546943684035555140069886133199932301395777280607624562682008190596397908300460668181638222035870632530013854272326251486329232681647602056942509953542006054671492035938598420149939148402005714497641378195192710364217076153638453655222186925872300295019636575101372447780584182928152168314140 0 0 0 0 0 0 0 0 0 0 0 0 0 0 0 0 0 0 0 0 0 0 0 0 0 0 0 0 1 0 0 0 0 0 0 0 0 0 0 0 0 0 0 0 0 0 0 0 0 0 0 0 0 0 0 0 0 0 0 0 0 0 0 0 0 0 0 0 0 0 0 0 0 0 0 0 0 0 0 0 0 0 0 0 0 0 0 0 0 0 0 0 0 0 0 0 0 0 0 0 0 0 0 0 0]
[4938687733623015114864519099370306011440333709471579309644080354038662522520296527654789903314322968899873169292300556851199814145848615055879422659516796483272365897152479227264189126607685278639179241086028078696975389893254660685518926658751465709613131214443753128218710891293333534414071403613854789901061173412722 0 0 0 0 0 0 0 0 0 0 0 0 0 0 0 0 0 0 0 0 0 0 0 0 0 0 0 0 0 1 0 0 0 0 0 0 0 0 0 0 0 0 0 0 0 0 0 0 0 0 0 0 0 0 0 0 0 0 0 0 0 0 0 0 0 0 0 0 0 0 0 0 0 0 0 0 0 0 0 0 0 0 0 0 0 0 0 0 0 0 0 0 0 0 0 0 0 0 0 0 0 0 0 0 0]
[1884246750676328970579279267306669885851567548285593878651497919260960049538781652603465799718877342737367729703333514751493047424299823910623370261952914154295926588514906656992428996615517007422664862678081257554841453943965372110244020909255980756395296249631100201211560949227130357208107709131642783373592384414984 0 0 0 0 0 0 0 0 0 0 0 0 0 0 0 0 0 0 0 0 0 0 0 0 0 0 0 0 0 0 1 0 0 0 0 0 0 0 0 0 0 0 0 0 0 0 0 0 0 0 0 0 0 0 0 0 0 0 0 0 0 0 0 0 0 0 0 0 0 0 0 0 0 0 0 0 0 0 0 0 0 0 0 0 0 0 0 0 0 0 0 0 0 0 0 0 0 0 0 0 0 0 0 0 0]
[5406926202038006772738503475939261505334027961495381112315817126169612181385677726576163874765037012720288369857012001263506585151700010786196784424871503757331129081001114127887302209760782290778983973590698897595261715531373908826123633945861090717272065495861581038825872618673239287340062274200049444203835395744675 0 0 0 0 0 0 0 0 0 0 0 0 0 0 0 0 0 0 0 0 0 0 0 0 0 0 0 0 0 0 0 1 0 0 0 0 0 0 0 0 0 0 0 0 0 0 0 0 0 0 0 0 0 0 0 0 0 0 0 0 0 0 0 0 0 0 0 0 0 0 0 0 0 0 0 0 0 0 0 0 0 0 0 0 0 0 0 0 0 0 0 0 0 0 0 0 0 0 0 0 0 0 0 0 0]
[5256143928394901978430481632545360101824639848802113388231305633290438430956151674667046288882996681626107066969005976969203847582831449994848885196203237513471650424181150164737964777993609405090786878176483494353901635315315478645365998774034027695771710230571276121393890624442857002824220651723152051137493885559672 0 0 0 0 0 0 0 0 0 0 0 0 0 0 0 0 0 0 0 0 0 0 0 0 0 0 0 0 0 0 0 0 1 0 0 0 0 0 0 0 0 0 0 0 0 0 0 0 0 0 0 0 0 0 0 0 0 0 0 0 0 0 0 0 0 0 0 0 0 0 0 0 0 0 0 0 0 0 0 0 0 0 0 0 0 0 0 0 0 0 0 0 0 0 0 0 0 0 0 0 0 0 0 0 0]
[379268122823008786218218528533035028500456481640077621727245195459950700885159581662134544198305615795971272163628352366950995997484966708775007660826326207737495888692733112743128125991482443215299946850331049051536570137445322464165769074658247678474142241431588656853129223979390801473595124893948962987920577797214 0 0 0 0 0 0 0 0 0 0 0 0 0 0 0 0 0 0 0 0 0 0 0 0 0 0 0 0 0 0 0 0 0 1 0 0 0 0 0 0 0 0 0 0 0 0 0 0 0 0 0 0 0 0 0 0 0 0 0 0 0 0 0 0 0 0 0 0 0 0 0 0 0 0 0 0 0 0 0 0 0 0 0 0 0 0 0 0 0 0 0 0 0 0 0 0 0 0 0 0 0 0 0 0 0]
[6385404488169015506106193121236654316312861794782881874509018814819520764401917260494726702931292787988610585497728203932805934303192568036461145386267612916069294997451022525375704345172855370289718648404807268867562318088581180645317677154439219914082429723678266196639301363708975334005595157236810860967016920577397 0 0 0 0 0 0 0 0 0 0 0 0 0 0 0 0 0 0 0 0 0 0 0 0 0 0 0 0 0 0 0 0 0 0 1 0 0 0 0 0 0 0 0 0 0 0 0 0 0 0 0 0 0 0 0 0 0 0 0 0 0 0 0 0 0 0 0 0 0 0 0 0 0 0 0 0 0 0 0 0 0 0 0 0 0 0 0 0 0 0 0 0 0 0 0 0 0 0 0 0 0 0 0 0 0]
[2082271404019008316955224486761017236293250669471609072337739746305581207521612923733204532877245295647816140871749001938374763499231569836390881281708304975123591470393711826223734972226770331274691854129705098595251202688321492854262611946372093278121453890141224633456805114342232295807277159072689132223253272131613 0 0 0 0 0 0 0 0 0 0 0 0 0 0 0 0 0 0 0 0 0 0 0 0 0 0 0 0 0 0 0 0 0 0 0 1 0 0 0 0 0 0 0 0 0 0 0 0 0 0 0 0 0 0 0 0 0 0 0 0 0 0 0 0 0 0 0 0 0 0 0 0 0 0 0 0 0 0 0 0 0 0 0 0 0 0 0 0 0 0 0 0 0 0 0 0 0 0 0 0 0 0 0 0 0]
[5448752632944359871506090253922628944212609435447369973773185099810489848520107609738420039548939030110531111574447241262586882544189733155610730686071607168371784583175884744441896109835588490665699785932210281822892452737379738696141418339483854543393289319129392626947467843920426111824586703914635571759382150831814 0 0 0 0 0 0 0 0 0 0 0 0 0 0 0 0 0 0 0 0 0 0 0 0 0 0 0 0 0 0 0 0 0 0 0 0 1 0 0 0 0 0 0 0 0 0 0 0 0 0 0 0 0 0 0 0 0 0 0 0 0 0 0 0 0 0 0 0 0 0 0 0 0 0 0 0 0 0 0 0 0 0 0 0 0 0 0 0 0 0 0 0 0 0 0 0 0 0 0 0 0 0 0 0 0]
[806947990382369054081655876567135187913698254274992197502972576929252083924921790554068506426695316095361698429095284490630674457790122588223661285586983757365556874942234472701523577495910266009999289593225340523009708299131645042301246479777788390353642658433215545292202597626354788976265211164214028854242375446779 0 0 0 0 0 0 0 0 0 0 0 0 0 0 0 0 0 0 0 0 0 0 0 0 0 0 0 0 0 0 0 0 0 0 0 0 0 1 0 0 0 0 0 0 0 0 0 0 0 0 0 0 0 0 0 0 0 0 0 0 0 0 0 0 0 0 0 0 0 0 0 0 0 0 0 0 0 0 0 0 0 0 0 0 0 0 0 0 0 0 0 0 0 0 0 0 0 0 0 0 0 0 0 0 0]
[5061166556919171785149219253203866716657901631724872451042624379599615882295209548430225294997535763461198913309819944177580934540452322974208589692939639152599284445887576495593206796552887771529309498512851456350939245684385640615647871301122190632738268122016162993779155646239332780329760949912698977782640138560556 0 0 0 0 0 0 0 0 0 0 0 0 0 0 0 0 0 0 0 0 0 0 0 0 0 0 0 0 0 0 0 0 0 0 0 0 0 0 1 0 0 0 0 0 0 0 0 0 0 0 0 0 0 0 0 0 0 0 0 0 0 0 0 0 0 0 0 0 0 0 0 0 0 0 0 0 0 0 0 0 0 0 0 0 0 0 0 0 0 0 0 0 0 0 0 0 0 0 0 0 0 0 0 0 0]
[1509382991166168292947262881879701034500676212449697054715111548283156638414373082473068801957277963258493454621162882171196361297355576898989671945195277477091711309910279089264709899464211081989181765627858342821207627543317345851839861234880608034021997052284604246975978444288056436716065649008867734006224434005493 0 0 0 0 0 0 0 0 0 0 0 0 0 0 0 0 0 0 0 0 0 0 0 0 0 0 0 0 0 0 0 0 0 0 0 0 0 0 0 1 0 0 0 0 0 0 0 0 0 0 0 0 0 0 0 0 0 0 0 0 0 0 0 0 0 0 0 0 0 0 0 0 0 0 0 0 0 0 0 0 0 0 0 0 0 0 0 0 0 0 0 0 0 0 0 0 0 0 0 0 0 0 0 0 0]
[7433025133898851424656370706878351198378510194544251674345597294655845659178629965835769622625888470207405070768286795602436504831504673953369359691777987190417612795053328017051834325862018860201408095326925708347032498720417804383094252239216068259739960916418892358216756948580853624578662721934911023465991626164444 0 0 0 0 0 0 0 0 0 0 0 0 0 0 0 0 0 0 0 0 0 0 0 0 0 0 0 0 0 0 0 0 0 0 0 0 0 0 0 0 1 0 0 0 0 0 0 0 0 0 0 0 0 0 0 0 0 0 0 0 0 0 0 0 0 0 0 0 0 0 0 0 0 0 0 0 0 0 0 0 0 0 0 0 0 0 0 0 0 0 0 0 0 0 0 0 0 0 0 0 0 0 0 0 0]
[3053641993100714003246230218893983799845434392783447591504600951715340679961576460874437575184786540005221080910612075476103472786059126816028753267605241401044263947457670515843898605171952288259741217301540297722937299246398548218633211896187217297490628708000771894434454318383387145797461898554049952287811775389207 0 0 0 0 0 0 0 0 0 0 0 0 0 0 0 0 0 0 0 0 0 0 0 0 0 0 0 0 0 0 0 0 0 0 0 0 0 0 0 0 0 1 0 0 0 0 0 0 0 0 0 0 0 0 0 0 0 0 0 0 0 0 0 0 0 0 0 0 0 0 0 0 0 0 0 0 0 0 0 0 0 0 0 0 0 0 0 0 0 0 0 0 0 0 0 0 0 0 0 0 0 0 0 0 0]
[6199436235106806974745428046963553678249335786900670891722892602922811820841860589770496246859576394259583450250146819004125433878831881318351801060950871281842723340768576471115019676647801386249112311507697244325400640585619243607793762325574744739552372203772724821530932168606210084654642414566161358485071247404157 0 0 0 0 0 0 0 0 0 0 0 0 0 0 0 0 0 0 0 0 0 0 0 0 0 0 0 0 0 0 0 0 0 0 0 0 0 0 0 0 0 0 1 0 0 0 0 0 0 0 0 0 0 0 0 0 0 0 0 0 0 0 0 0 0 0 0 0 0 0 0 0 0 0 0 0 0 0 0 0 0 0 0 0 0 0 0 0 0 0 0 0 0 0 0 0 0 0 0 0 0 0 0 0 0]
[6769637878230777984465965165399953520279879951104333771538841290315639497651967860058110962576391889550881102829137289615318344842423451817117386833450214086466268703093681981438319361194424706941665673578736803903368194676783291024624459429763665412340521745358746620288594479404776868985207539731601556193890478183087 0 0 0 0 0 0 0 0 0 0 0 0 0 0 0 0 0 0 0 0 0 0 0 0 0 0 0 0 0 0 0 0 0 0 0 0 0 0 0 0 0 0 0 1 0 0 0 0 0 0 0 0 0 0 0 0 0 0 0 0 0 0 0 0 0 0 0 0 0 0 0 0 0 0 0 0 0 0 0 0 0 0 0 0 0 0 0 0 0 0 0 0 0 0 0 0 0 0 0 0 0 0 0 0 0]
[1871019976287932556202673755056215480824258654282208061784204578829697336580994333686434829816681556058566488173449318049552032645397279338691509044922448020991362850334809365095181653137365624571208173231445146892119765251355232947496136484190419036699737360518421123057406773196226867778230673968209239498205130881236 0 0 0 0 0 0 0 0 0 0 0 0 0 0 0 0 0 0 0 0 0 0 0 0 0 0 0 0 0 0 0 0 0 0 0 0 0 0 0 0 0 0 0 0 1 0 0 0 0 0 0 0 0 0 0 0 0 0 0 0 0 0 0 0 0 0 0 0 0 0 0 0 0 0 0 0 0 0 0 0 0 0 0 0 0 0 0 0 0 0 0 0 0 0 0 0 0 0 0 0 0 0 0 0 0]
[3201872736634955190020029140638810861537031435607786082346972360295930771138441768660987860724081068789966842791994958977293628310881569467947869407659546217800769168090401489080011519385812501462672651849384591473537711892757089143492320363407623037230443967407095197278855118488501581719435147675087609173840173698631 0 0 0 0 0 0 0 0 0 0 0 0 0 0 0 0 0 0 0 0 0 0 0 0 0 0 0 0 0 0 0 0 0 0 0 0 0 0 0 0 0 0 0 0 0 1 0 0 0 0 0 0 0 0 0 0 0 0 0 0 0 0 0 0 0 0 0 0 0 0 0 0 0 0 0 0 0 0 0 0 0 0 0 0 0 0 0 0 0 0 0 0 0 0 0 0 0 0 0 0 0 0 0 0 0]
[5974144861936864754113818024087577922206278410735053985261455340239676774855421197915198520502563386731858742052853764071075189301057636117994037734830592040932648912625282842570057971807344377095758883953318248947828481017540523305250500208733532099924105626081867564446203086789982748648888454670477585229427607665163 0 0 0 0 0 0 0 0 0 0 0 0 0 0 0 0 0 0 0 0 0 0 0 0 0 0 0 0 0 0 0 0 0 0 0 0 0 0 0 0 0 0 0 0 0 0 1 0 0 0 0 0 0 0 0 0 0 0 0 0 0 0 0 0 0 0 0 0 0 0 0 0 0 0 0 0 0 0 0 0 0 0 0 0 0 0 0 0 0 0 0 0 0 0 0 0 0 0 0 0 0 0 0 0 0]
[2537439359229773546831827476224345105623135101992404567277836079223384666278336090814128648803547308943781320592464101138194369136611360255175789228086972966905524386532868104839949318591038725743223292098337440729671580630959457253852403367441507203275358314592051383930323139977220556424540880959956896395612300572279 0 0 0 0 0 0 0 0 0 0 0 0 0 0 0 0 0 0 0 0 0 0 0 0 0 0 0 0 0 0 0 0 0 0 0 0 0 0 0 0 0 0 0 0 0 0 0 1 0 0 0 0 0 0 0 0 0 0 0 0 0 0 0 0 0 0 0 0 0 0 0 0 0 0 0 0 0 0 0 0 0 0 0 0 0 0 0 0 0 0 0 0 0 0 0 0 0 0 0 0 0 0 0 0 0]
[3107725908298832098984929758657742726133080341273317520754697661773747347034982068433389703001594831318210293133451020102953916420674461683493199522946007190044675601150371441133325733728487815470437075950033630086168475560541269249950194495052158075304870841290217413041068511552799750654297638727656174153844680569126 0 0 0 0 0 0 0 0 0 0 0 0 0 0 0 0 0 0 0 0 0 0 0 0 0 0 0 0 0 0 0 0 0 0 0 0 0 0 0 0 0 0 0 0 0 0 0 0 1 0 0 0 0 0 0 0 0 0 0 0 0 0 0 0 0 0 0 0 0 0 0 0 0 0 0 0 0 0 0 0 0 0 0 0 0 0 0 0 0 0 0 0 0 0 0 0 0 0 0 0 0 0 0 0 0]
[779494047999517892414687945855355648040544541327400597619296190777057666097096415242847293623130196470173245360437271509742805496882730517828441432519855192044799927693559772109862006621676669624470530283245604475366900467631551885131363164869681640924251351405701588622925237241817219874178083242126044902811308859297 0 0 0 0 0 0 0 0 0 0 0 0 0 0 0 0 0 0 0 0 0 0 0 0 0 0 0 0 0 0 0 0 0 0 0 0 0 0 0 0 0 0 0 0 0 0 0 0 0 1 0 0 0 0 0 0 0 0 0 0 0 0 0 0 0 0 0 0 0 0 0 0 0 0 0 0 0 0 0 0 0 0 0 0 0 0 0 0 0 0 0 0 0 0 0 0 0 0 0 0 0 0 0 0 0]
[3281776983287093746992480007445742024194089506515652429890070973074307527603190128623821683254111557805451351730761783701392593850255348222144030710006773529504327052483162887995878988607430414593619801879813076601515850355839703373666088579429637977929238048972213103986391348779679694596546867820991619853770280510280 0 0 0 0 0 0 0 0 0 0 0 0 0 0 0 0 0 0 0 0 0 0 0 0 0 0 0 0 0 0 0 0 0 0 0 0 0 0 0 0 0 0 0 0 0 0 0 0 0 0 1 0 0 0 0 0 0 0 0 0 0 0 0 0 0 0 0 0 0 0 0 0 0 0 0 0 0 0 0 0 0 0 0 0 0 0 0 0 0 0 0 0 0 0 0 0 0 0 0 0 0 0 0 0 0]
[7024180995873296511925975470654698255764780419027039883390685227691572371065224879679279314021548057753440641179603184435956786724199025014302969310651762785906032824679457273627517119297864666097095941162594941541434909012812940572222480276920434227728453636749590746500329431086189504853863868051795040718138516375350 0 0 0 0 0 0 0 0 0 0 0 0 0 0 0 0 0 0 0 0 0 0 0 0 0 0 0 0 0 0 0 0 0 0 0 0 0 0 0 0 0 0 0 0 0 0 0 0 0 0 0 1 0 0 0 0 0 0 0 0 0 0 0 0 0 0 0 0 0 0 0 0 0 0 0 0 0 0 0 0 0 0 0 0 0 0 0 0 0 0 0 0 0 0 0 0 0 0 0 0 0 0 0 0 0]
[4109042741987293355743393889743482721845982233337371957787776814988915466766884640918948568163014032158246519772784413412557218971014957473923959035163571799774339949189789793815645144890750461912593895857205429109384961013645255082101953170839123005843067621103356745056194675202037441785221694488717131752181245783766 0 0 0 0 0 0 0 0 0 0 0 0 0 0 0 0 0 0 0 0 0 0 0 0 0 0 0 0 0 0 0 0 0 0 0 0 0 0 0 0 0 0 0 0 0 0 0 0 0 0 0 0 1 0 0 0 0 0 0 0 0 0 0 0 0 0 0 0 0 0 0 0 0 0 0 0 0 0 0 0 0 0 0 0 0 0 0 0 0 0 0 0 0 0 0 0 0 0 0 0 0 0 0 0 0]
[8499981421758081265306023879556784927623203895948297873327287854138402608605922650244332333355975387950680197425157178579461237308015319451863924098326472003148137558566034332643714215849726316161741298457660725852840255124693167214316595285940425672507440968127161374256636337083037127704420739896281956914373049335516 0 0 0 0 0 0 0 0 0 0 0 0 0 0 0 0 0 0 0 0 0 0 0 0 0 0 0 0 0 0 0 0 0 0 0 0 0 0 0 0 0 0 0 0 0 0 0 0 0 0 0 0 0 1 0 0 0 0 0 0 0 0 0 0 0 0 0 0 0 0 0 0 0 0 0 0 0 0 0 0 0 0 0 0 0 0 0 0 0 0 0 0 0 0 0 0 0 0 0 0 0 0 0 0 0]
[4896913773787911237463656386922864487200534357997882778933106183749089969745329981431985765612485446656609503332241842856210942939821405640557908321635811255153047558767067166284381361081020799607725740106339451569086762274706977031065515547446823195134062888575430642369819315289659231818142326642575182154948374483518 0 0 0 0 0 0 0 0 0 0 0 0 0 0 0 0 0 0 0 0 0 0 0 0 0 0 0 0 0 0 0 0 0 0 0 0 0 0 0 0 0 0 0 0 0 0 0 0 0 0 0 0 0 0 1 0 0 0 0 0 0 0 0 0 0 0 0 0 0 0 0 0 0 0 0 0 0 0 0 0 0 0 0 0 0 0 0 0 0 0 0 0 0 0 0 0 0 0 0 0 0 0 0 0 0]
[806251150598201907407026103009918216839222168769799957282232812622194388694676732846315038460546079069594889500120312311059033808225572482764511032156672961652090477786906204441851424890275954476533767109597319541673027566665880523458998735844451185228845063221500315958286874931141600736668635226216297205488718906762 0 0 0 0 0 0 0 0 0 0 0 0 0 0 0 0 0 0 0 0 0 0 0 0 0 0 0 0 0 0 0 0 0 0 0 0 0 0 0 0 0 0 0 0 0 0 0 0 0 0 0 0 0 0 0 1 0 0 0 0 0 0 0 0 0 0 0 0 0 0 0 0 0 0 0 0 0 0 0 0 0 0 0 0 0 0 0 0 0 0 0 0 0 0 0 0 0 0 0 0 0 0 0 0 0]
[6438715924198162104953951776341890378286613320049562848768047479906527284704304013028356706483796090171845987955487466996975905810754354324554466168760850586777201806876687572573400672316542264102117068439272450081754324238865683672686590669877000352504948326501223138484294583349662632899344227084146247451197212774286 0 0 0 0 0 0 0 0 0 0 0 0 0 0 0 0 0 0 0 0 0 0 0 0 0 0 0 0 0 0 0 0 0 0 0 0 0 0 0 0 0 0 0 0 0 0 0 0 0 0 0 0 0 0 0 0 1 0 0 0 0 0 0 0 0 0 0 0 0 0 0 0 0 0 0 0 0 0 0 0 0 0 0 0 0 0 0 0 0 0 0 0 0 0 0 0 0 0 0 0 0 0 0 0 0]
[4491066564124698094957694955690922909100959225288260232822001298624833504912750233468662555021784251119989432364968483439876781602046709361826088553478050502717645750769820801606945189515225213165486112044023428227459196939505177697570762446165932220515886383306147410801183235062111092234119007168490972976506429416957 0 0 0 0 0 0 0 0 0 0 0 0 0 0 0 0 0 0 0 0 0 0 0 0 0 0 0 0 0 0 0 0 0 0 0 0 0 0 0 0 0 0 0 0 0 0 0 0 0 0 0 0 0 0 0 0 0 1 0 0 0 0 0 0 0 0 0 0 0 0 0 0 0 0 0 0 0 0 0 0 0 0 0 0 0 0 0 0 0 0 0 0 0 0 0 0 0 0 0 0 0 0 0 0 0]
[2664993957289411348078219984816216661498077087103369513555301726973096286900533094600420414936053402870809794258931787359278027881598557445784483042404533673356935622805620677388877271660670693611165798701824770728334587119136287747067316274723223674689663877029120779710220975245549219718647708104026152256398964463627 0 0 0 0 0 0 0 0 0 0 0 0 0 0 0 0 0 0 0 0 0 0 0 0 0 0 0 0 0 0 0 0 0 0 0 0 0 0 0 0 0 0 0 0 0 0 0 0 0 0 0 0 0 0 0 0 0 0 1 0 0 0 0 0 0 0 0 0 0 0 0 0 0 0 0 0 0 0 0 0 0 0 0 0 0 0 0 0 0 0 0 0 0 0 0 0 0 0 0 0 0 0 0 0 0]
[5161203282897035594582370634913527072076860832779335314248082344383826908065072961527601778305863077077473823637430149358911029038358045167526955335879230739923483032052965983502608946531652249098565651640611427571075063055846795653525482141524846118765712258557629234739640783275058443753279895366399434965912020911025 0 0 0 0 0 0 0 0 0 0 0 0 0 0 0 0 0 0 0 0 0 0 0 0 0 0 0 0 0 0 0 0 0 0 0 0 0 0 0 0 0 0 0 0 0 0 0 0 0 0 0 0 0 0 0 0 0 0 0 1 0 0 0 0 0 0 0 0 0 0 0 0 0 0 0 0 0 0 0 0 0 0 0 0 0 0 0 0 0 0 0 0 0 0 0 0 0 0 0 0 0 0 0 0 0]
[3616813992096214714996468114500648610736600377385219581585908767563990545703681950989254548886252277815187285375541440935246403048896559022824968517748485893512809331490024067994320633079307735589342067081831863666646701521401357395353188604803613648660754721045610240546614422129044842341883320974990844454193324144473 0 0 0 0 0 0 0 0 0 0 0 0 0 0 0 0 0 0 0 0 0 0 0 0 0 0 0 0 0 0 0 0 0 0 0 0 0 0 0 0 0 0 0 0 0 0 0 0 0 0 0 0 0 0 0 0 0 0 0 0 1 0 0 0 0 0 0 0 0 0 0 0 0 0 0 0 0 0 0 0 0 0 0 0 0 0 0 0 0 0 0 0 0 0 0 0 0 0 0 0 0 0 0 0 0]
[4279224313172175803950600037818252071401223179671110432881193970957790662340143991982305944415404635033234912359451220765427162659373262750966118430474449960709338440108954760153127810123621075507228592812659858169322254610515784149722945913827824401908300443041426134930364259971079867010698471609118948198955500104990 0 0 0 0 0 0 0 0 0 0 0 0 0 0 0 0 0 0 0 0 0 0 0 0 0 0 0 0 0 0 0 0 0 0 0 0 0 0 0 0 0 0 0 0 0 0 0 0 0 0 0 0 0 0 0 0 0 0 0 0 0 1 0 0 0 0 0 0 0 0 0 0 0 0 0 0 0 0 0 0 0 0 0 0 0 0 0 0 0 0 0 0 0 0 0 0 0 0 0 0 0 0 0 0 0]
[5146919616485632999990290749469734145113667541404228283547224184233386096342489606259719727446142409730243451548608465485919654469995051400425783739655372124361238300041127071810180418237372377581602440708001802091131041409761644881067886251414566299051005402861757660074144545672272699643951539888609332975577865143116 0 0 0 0 0 0 0 0 0 0 0 0 0 0 0 0 0 0 0 0 0 0 0 0 0 0 0 0 0 0 0 0 0 0 0 0 0 0 0 0 0 0 0 0 0 0 0 0 0 0 0 0 0 0 0 0 0 0 0 0 0 0 1 0 0 0 0 0 0 0 0 0 0 0 0 0 0 0 0 0 0 0 0 0 0 0 0 0 0 0 0 0 0 0 0 0 0 0 0 0 0 0 0 0 0]
[3781649956438165451367724337117842716301543560188273728438912233637573727114867775194439214973024127072147818323933337315782507765944011548020851526726415379369152672800793064525827260994559875405161419217776474002883863676781794195768054400666939226810007058311849022329802682160195365152223103698544418347176717396243 0 0 0 0 0 0 0 0 0 0 0 0 0 0 0 0 0 0 0 0 0 0 0 0 0 0 0 0 0 0 0 0 0 0 0 0 0 0 0 0 0 0 0 0 0 0 0 0 0 0 0 0 0 0 0 0 0 0 0 0 0 0 0 1 0 0 0 0 0 0 0 0 0 0 0 0 0 0 0 0 0 0 0 0 0 0 0 0 0 0 0 0 0 0 0 0 0 0 0 0 0 0 0 0 0]
[237753152570056161447184101576566730816149791997743578959504163537757056104344534529490987505987901870339517698450726342507190169432553244492244459828775220780666497004827130928139771396131639597082708310090085975348654447710345628766862730785538695500777537809043363923480827382133964002438648586371876174370039548454 0 0 0 0 0 0 0 0 0 0 0 0 0 0 0 0 0 0 0 0 0 0 0 0 0 0 0 0 0 0 0 0 0 0 0 0 0 0 0 0 0 0 0 0 0 0 0 0 0 0 0 0 0 0 0 0 0 0 0 0 0 0 0 0 1 0 0 0 0 0 0 0 0 0 0 0 0 0 0 0 0 0 0 0 0 0 0 0 0 0 0 0 0 0 0 0 0 0 0 0 0 0 0 0 0]
[7980225675444934570980654684042074042447694787123067023552318973898906497451834079898193232120487206944658020342750781044732128011222399564412365225270153078930418044061640244828169316569023402843162110901995735061544317233277920519238485118158224741152625133359700919653203522892082623847231569923711433740592151678976 0 0 0 0 0 0 0 0 0 0 0 0 0 0 0 0 0 0 0 0 0 0 0 0 0 0 0 0 0 0 0 0 0 0 0 0 0 0 0 0 0 0 0 0 0 0 0 0 0 0 0 0 0 0 0 0 0 0 0 0 0 0 0 0 0 1 0 0 0 0 0 0 0 0 0 0 0 0 0 0 0 0 0 0 0 0 0 0 0 0 0 0 0 0 0 0 0 0 0 0 0 0 0 0 0]
[3300100669055806693387126454934597667199609274014367407434260274971611098097614740943670476160911734150528064397289405647907162352961221792322685858420941806892205849245444303270329667087247275580011182643277468361224199298160788401734501306765653120502645855221991530086371601521850365023844553027028303229124537310597 0 0 0 0 0 0 0 0 0 0 0 0 0 0 0 0 0 0 0 0 0 0 0 0 0 0 0 0 0 0 0 0 0 0 0 0 0 0 0 0 0 0 0 0 0 0 0 0 0 0 0 0 0 0 0 0 0 0 0 0 0 0 0 0 0 0 1 0 0 0 0 0 0 0 0 0 0 0 0 0 0 0 0 0 0 0 0 0 0 0 0 0 0 0 0 0 0 0 0 0 0 0 0 0 0]
[1782813215311383482871107153787464788812215413486644118226829899390444860253003788958513870677124936197933042674180414220554085407640188634818579693847944394316892355782512780494875267672237794298248149042628305842599063883895746315591321430221008114134320620857931431546630243411880537544610409081834012822061196805682 0 0 0 0 0 0 0 0 0 0 0 0 0 0 0 0 0 0 0 0 0 0 0 0 0 0 0 0 0 0 0 0 0 0 0 0 0 0 0 0 0 0 0 0 0 0 0 0 0 0 0 0 0 0 0 0 0 0 0 0 0 0 0 0 0 0 0 1 0 0 0 0 0 0 0 0 0 0 0 0 0 0 0 0 0 0 0 0 0 0 0 0 0 0 0 0 0 0 0 0 0 0 0 0 0]
[8218444892777477622651762583270007052151775143644093617672419421706083342191113619715747173715860015491887759261464595456671596039372905173927592536927120933033547505944548477850555407958595958970117529579916710733399372194737247730165851469646329475595909129272583503383032919389332483081804848930003752043601908715620 0 0 0 0 0 0 0 0 0 0 0 0 0 0 0 0 0 0 0 0 0 0 0 0 0 0 0 0 0 0 0 0 0 0 0 0 0 0 0 0 0 0 0 0 0 0 0 0 0 0 0 0 0 0 0 0 0 0 0 0 0 0 0 0 0 0 0 0 1 0 0 0 0 0 0 0 0 0 0 0 0 0 0 0 0 0 0 0 0 0 0 0 0 0 0 0 0 0 0 0 0 0 0 0 0]
[7735153842990986013087249785640786767098672087515177992075357261827887956276463081639323288578796510395000291600529744725877956400592244141597450918202314425309437907594943354473224980413812164755935543089511241756945757910780203815170991443926992819377701942397085727262191212358124630820544275581683158936121084460560 0 0 0 0 0 0 0 0 0 0 0 0 0 0 0 0 0 0 0 0 0 0 0 0 0 0 0 0 0 0 0 0 0 0 0 0 0 0 0 0 0 0 0 0 0 0 0 0 0 0 0 0 0 0 0 0 0 0 0 0 0 0 0 0 0 0 0 0 0 1 0 0 0 0 0 0 0 0 0 0 0 0 0 0 0 0 0 0 0 0 0 0 0 0 0 0 0 0 0 0 0 0 0 0 0]
[4007151821799172519413950961459987239355307313337331589821733774248648732299571293988613401871883449052049356505791901039051851449589671644243227300369988699746369592202669936726379254659947903654683763136821709640040558303455268953154762803274036586060478481338015715668527149671777187407998568937861680260259634596018 0 0 0 0 0 0 0 0 0 0 0 0 0 0 0 0 0 0 0 0 0 0 0 0 0 0 0 0 0 0 0 0 0 0 0 0 0 0 0 0 0 0 0 0 0 0 0 0 0 0 0 0 0 0 0 0 0 0 0 0 0 0 0 0 0 0 0 0 0 0 1 0 0 0 0 0 0 0 0 0 0 0 0 0 0 0 0 0 0 0 0 0 0 0 0 0 0 0 0 0 0 0 0 0 0]
[8337886321478777117730666382628522308469371728634016879101836077747148936284188262868006120113901282098023088714366954956358513441978310581823275850580492827170175352020599037249818454164655102688694049930069664308427998434833231834503596597159140582764093749966823682358137187191993846438433801853892605510603923784463 0 0 0 0 0 0 0 0 0 0 0 0 0 0 0 0 0 0 0 0 0 0 0 0 0 0 0 0 0 0 0 0 0 0 0 0 0 0 0 0 0 0 0 0 0 0 0 0 0 0 0 0 0 0 0 0 0 0 0 0 0 0 0 0 0 0 0 0 0 0 0 1 0 0 0 0 0 0 0 0 0 0 0 0 0 0 0 0 0 0 0 0 0 0 0 0 0 0 0 0 0 0 0 0 0]
[1600177138534872070021837608175936723519370417904129120828747660308078846647379278800293500536942797391766759812238456219401167027233225818986208842017171781439585437195722318451051665433685033218217573082923708901440043485620903104499173674683506806707337038579197056959087246666194209963266384204303641665344234607897 0 0 0 0 0 0 0 0 0 0 0 0 0 0 0 0 0 0 0 0 0 0 0 0 0 0 0 0 0 0 0 0 0 0 0 0 0 0 0 0 0 0 0 0 0 0 0 0 0 0 0 0 0 0 0 0 0 0 0 0 0 0 0 0 0 0 0 0 0 0 0 0 1 0 0 0 0 0 0 0 0 0 0 0 0 0 0 0 0 0 0 0 0 0 0 0 0 0 0 0 0 0 0 0 0]
[3457713857916737262011369549909015386912058816515849048389109061788791415180282898920814013841024046707461337961963078622708011179414044840925604382906191534013590149659522295934694857720059719215564019449509466857293142567628190576665091918206425866617040588944811253134949128983250763024281433553927498337502231115263 0 0 0 0 0 0 0 0 0 0 0 0 0 0 0 0 0 0 0 0 0 0 0 0 0 0 0 0 0 0 0 0 0 0 0 0 0 0 0 0 0 0 0 0 0 0 0 0 0 0 0 0 0 0 0 0 0 0 0 0 0 0 0 0 0 0 0 0 0 0 0 0 0 1 0 0 0 0 0 0 0 0 0 0 0 0 0 0 0 0 0 0 0 0 0 0 0 0 0 0 0 0 0 0 0]
[6944306089462478233390534857993593088320516290720962439737713800749891939195712925085740747201047469343971616965237617064770934767543192359639788677927053600322904942507498625639629041763404224347352215465159473326141701790123718836343480739918913010124393480885452903490832065486555136220565993232652778680050263888035 0 0 0 0 0 0 0 0 0 0 0 0 0 0 0 0 0 0 0 0 0 0 0 0 0 0 0 0 0 0 0 0 0 0 0 0 0 0 0 0 0 0 0 0 0 0 0 0 0 0 0 0 0 0 0 0 0 0 0 0 0 0 0 0 0 0 0 0 0 0 0 0 0 0 1 0 0 0 0 0 0 0 0 0 0 0 0 0 0 0 0 0 0 0 0 0 0 0 0 0 0 0 0 0 0]
[2663903824843997478881471925456806601937227685989988752435181066060852938393576675466953955371926424140799794976020079797437774182590693344573854694265513846937092389636023806876042624179601118972029786945907078536886160316282310769770581440657636014877161430582168765199391820286196068989955715272078458377676709880273 0 0 0 0 0 0 0 0 0 0 0 0 0 0 0 0 0 0 0 0 0 0 0 0 0 0 0 0 0 0 0 0 0 0 0 0 0 0 0 0 0 0 0 0 0 0 0 0 0 0 0 0 0 0 0 0 0 0 0 0 0 0 0 0 0 0 0 0 0 0 0 0 0 0 0 1 0 0 0 0 0 0 0 0 0 0 0 0 0 0 0 0 0 0 0 0 0 0 0 0 0 0 0 0 0]
[6004807112776215898753309967958870430008131148832409233866535871330692364651939680388912961480714288778823727586709613996427343387657519105652604597968574705887803869065283836793464116186973332270212560125498513235705491752132163960994534200431050120621381054808089033397362820630725125970015712282096636883185562421913 0 0 0 0 0 0 0 0 0 0 0 0 0 0 0 0 0 0 0 0 0 0 0 0 0 0 0 0 0 0 0 0 0 0 0 0 0 0 0 0 0 0 0 0 0 0 0 0 0 0 0 0 0 0 0 0 0 0 0 0 0 0 0 0 0 0 0 0 0 0 0 0 0 0 0 0 1 0 0 0 0 0 0 0 0 0 0 0 0 0 0 0 0 0 0 0 0 0 0 0 0 0 0 0 0]
[3273962694154632960104176203670961796274336099905133565934720248690133744409685130086511166301949014546072274186214849346268688651457879840846751443815502656048312095235602556128992169313442286327413789566728348313448320967728077296794775333016613180544003878041011213340471719019047096440239737343656448289957473764202 0 0 0 0 0 0 0 0 0 0 0 0 0 0 0 0 0 0 0 0 0 0 0 0 0 0 0 0 0 0 0 0 0 0 0 0 0 0 0 0 0 0 0 0 0 0 0 0 0 0 0 0 0 0 0 0 0 0 0 0 0 0 0 0 0 0 0 0 0 0 0 0 0 0 0 0 0 1 0 0 0 0 0 0 0 0 0 0 0 0 0 0 0 0 0 0 0 0 0 0 0 0 0 0 0]
[3288870727981404076195675529395631212044556538064641782462978022034344020147290052022892871582630061179653667027175735684320032738780024758115804246033262612561943053189865578494809702900981909973636310987713408843519570952586978357233934161040021640801735802317528185822963688613750781858030045597752941252937395194309 0 0 0 0 0 0 0 0 0 0 0 0 0 0 0 0 0 0 0 0 0 0 0 0 0 0 0 0 0 0 0 0 0 0 0 0 0 0 0 0 0 0 0 0 0 0 0 0 0 0 0 0 0 0 0 0 0 0 0 0 0 0 0 0 0 0 0 0 0 0 0 0 0 0 0 0 0 0 1 0 0 0 0 0 0 0 0 0 0 0 0 0 0 0 0 0 0 0 0 0 0 0 0 0 0]
[5111805688537958194271752811544610095957183888656636136034351077599822289920000660401143528132366246180131676293048617793044671357391612575573852344856879833514429766246228315519339827429171057689926383289077504902862068427551131503885760430215061173787480489696302127191365581751402519312026786103888740025276575708404 0 0 0 0 0 0 0 0 0 0 0 0 0 0 0 0 0 0 0 0 0 0 0 0 0 0 0 0 0 0 0 0 0 0 0 0 0 0 0 0 0 0 0 0 0 0 0 0 0 0 0 0 0 0 0 0 0 0 0 0 0 0 0 0 0 0 0 0 0 0 0 0 0 0 0 0 0 0 0 1 0 0 0 0 0 0 0 0 0 0 0 0 0 0 0 0 0 0 0 0 0 0 0 0 0]
[5529618680080946750488495132762906600229823542986289907753944513694105775169733809125416823584776208200668897677567777185071977694215170400682217017807117882052613725775436881569266374030201905094820775523033563858383894400499738904124850246045042160919831383176933157276583005553667531341203792889142449729307229107062 0 0 0 0 0 0 0 0 0 0 0 0 0 0 0 0 0 0 0 0 0 0 0 0 0 0 0 0 0 0 0 0 0 0 0 0 0 0 0 0 0 0 0 0 0 0 0 0 0 0 0 0 0 0 0 0 0 0 0 0 0 0 0 0 0 0 0 0 0 0 0 0 0 0 0 0 0 0 0 0 1 0 0 0 0 0 0 0 0 0 0 0 0 0 0 0 0 0 0 0 0 0 0 0 0]
[6468720551403357451781981217521483232052066487245130141760188168778104109608141212489596509185157703903830349003739221821363930271816849685420684455982548108958980288039099064545387092700507268848123155992107986761940921737263524786711020216577261495704409120263170516999634133730988432551875030767027386570507364554214 0 0 0 0 0 0 0 0 0 0 0 0 0 0 0 0 0 0 0 0 0 0 0 0 0 0 0 0 0 0 0 0 0 0 0 0 0 0 0 0 0 0 0 0 0 0 0 0 0 0 0 0 0 0 0 0 0 0 0 0 0 0 0 0 0 0 0 0 0 0 0 0 0 0 0 0 0 0 0 0 0 1 0 0 0 0 0 0 0 0 0 0 0 0 0 0 0 0 0 0 0 0 0 0 0]
[6926654621189597932605933746743753291256954476987760624018691439784266977238504926176970393803878504252299865544256767457104608312359236691450532645973382565403964100880523689534063747969319252904584133057706952504205489287119715879480523348321764763293661327614156913444802076416248432711166855464079819605524734151800 0 0 0 0 0 0 0 0 0 0 0 0 0 0 0 0 0 0 0 0 0 0 0 0 0 0 0 0 0 0 0 0 0 0 0 0 0 0 0 0 0 0 0 0 0 0 0 0 0 0 0 0 0 0 0 0 0 0 0 0 0 0 0 0 0 0 0 0 0 0 0 0 0 0 0 0 0 0 0 0 0 0 1 0 0 0 0 0 0 0 0 0 0 0 0 0 0 0 0 0 0 0 0 0 0]
[6695854385677238663890111659502838943794752400140775311962319186162760142826327910342688328299205818362847523411141739895138051667365034942196024877518075388345288759092225158460681532531554657664397560714349658752075334105798711339934761189900186714404606021642465543586586215749981040660552101616750434954907419723612 0 0 0 0 0 0 0 0 0 0 0 0 0 0 0 0 0 0 0 0 0 0 0 0 0 0 0 0 0 0 0 0 0 0 0 0 0 0 0 0 0 0 0 0 0 0 0 0 0 0 0 0 0 0 0 0 0 0 0 0 0 0 0 0 0 0 0 0 0 0 0 0 0 0 0 0 0 0 0 0 0 0 0 1 0 0 0 0 0 0 0 0 0 0 0 0 0 0 0 0 0 0 0 0 0]
[8311346240747917606627123701815100292168553542754474508045248910384137718905289207093339945136122895197735299370527185572398159520513699811001424746299997772577057581868271222064448955301995766398201897868366965581289977801123630974910310883229968349898765258398371129195597225421072733519875277048897304560449206811469 0 0 0 0 0 0 0 0 0 0 0 0 0 0 0 0 0 0 0 0 0 0 0 0 0 0 0 0 0 0 0 0 0 0 0 0 0 0 0 0 0 0 0 0 0 0 0 0 0 0 0 0 0 0 0 0 0 0 0 0 0 0 0 0 0 0 0 0 0 0 0 0 0 0 0 0 0 0 0 0 0 0 0 0 1 0 0 0 0 0 0 0 0 0 0 0 0 0 0 0 0 0 0 0 0]
[2835872549751664157394742689195420675065090044594632024069738963417642927282689633778030901666288977650211729352949880955020994834531995747407116121564531166055792234468677005664397336923034556664074293996985143956587143224520775701309351154708591336844347562453509561274011554011817325860647062596385800891003456748803 0 0 0 0 0 0 0 0 0 0 0 0 0 0 0 0 0 0 0 0 0 0 0 0 0 0 0 0 0 0 0 0 0 0 0 0 0 0 0 0 0 0 0 0 0 0 0 0 0 0 0 0 0 0 0 0 0 0 0 0 0 0 0 0 0 0 0 0 0 0 0 0 0 0 0 0 0 0 0 0 0 0 0 0 0 1 0 0 0 0 0 0 0 0 0 0 0 0 0 0 0 0 0 0 0]
[4860409452261159558084812883386310016750787082767542591774994176091201563869532524097533723690283144545826341243307834393849910597694568033354245759102526799492523339969808441988632034503627811338658207187440892682350734557951333954809715699208642296299974535578005383934554704887467498086750015241403480483167282765601 0 0 0 0 0 0 0 0 0 0 0 0 0 0 0 0 0 0 0 0 0 0 0 0 0 0 0 0 0 0 0 0 0 0 0 0 0 0 0 0 0 0 0 0 0 0 0 0 0 0 0 0 0 0 0 0 0 0 0 0 0 0 0 0 0 0 0 0 0 0 0 0 0 0 0 0 0 0 0 0 0 0 0 0 0 0 1 0 0 0 0 0 0 0 0 0 0 0 0 0 0 0 0 0 0]
[1268623803785365032994528219344062924159548333631908233777055552285306272362814426254712914560402470626816535872551600542803451443470360249653786634712388977106510630228376705248948203290775156610607664959465678483508148834356583810342799464194434521717014124479462475414157556752357686560352709424886563673546121816701 0 0 0 0 0 0 0 0 0 0 0 0 0 0 0 0 0 0 0 0 0 0 0 0 0 0 0 0 0 0 0 0 0 0 0 0 0 0 0 0 0 0 0 0 0 0 0 0 0 0 0 0 0 0 0 0 0 0 0 0 0 0 0 0 0 0 0 0 0 0 0 0 0 0 0 0 0 0 0 0 0 0 0 0 0 0 0 1 0 0 0 0 0 0 0 0 0 0 0 0 0 0 0 0 0]
[1105105269831619331384626079402611326324064742444264649704563305386235153058164242188080142873198086828993469289253180401132318300577803720839878384329354102388474468330887758669355875200854771687433157912586279233244552426957530356159833727004653272950482179574907161211894962772203244401200031959570150912621604538680 0 0 0 0 0 0 0 0 0 0 0 0 0 0 0 0 0 0 0 0 0 0 0 0 0 0 0 0 0 0 0 0 0 0 0 0 0 0 0 0 0 0 0 0 0 0 0 0 0 0 0 0 0 0 0 0 0 0 0 0 0 0 0 0 0 0 0 0 0 0 0 0 0 0 0 0 0 0 0 0 0 0 0 0 0 0 0 0 1 0 0 0 0 0 0 0 0 0 0 0 0 0 0 0 0]
[1975890738880284425411648658628397665601429005349628042797633601128464889707722474733147102181948977133033894439592031755786566674326540480712526566726731180735953146633901590699293073441008629332991604246305161151996038181144699808684861186191937780114873467790157895998722544584680329273250776670429632863415374000545 0 0 0 0 0 0 0 0 0 0 0 0 0 0 0 0 0 0 0 0 0 0 0 0 0 0 0 0 0 0 0 0 0 0 0 0 0 0 0 0 0 0 0 0 0 0 0 0 0 0 0 0 0 0 0 0 0 0 0 0 0 0 0 0 0 0 0 0 0 0 0 0 0 0 0 0 0 0 0 0 0 0 0 0 0 0 0 0 0 1 0 0 0 0 0 0 0 0 0 0 0 0 0 0 0]
[8278569360105596322948606097297225701232569861753648809924518458229826657689083149100360349130495696401025470732044643943888824510033423654170657119558315078405502545070938780964497251909963520849341297734465141869556274692425629385335209007473137423180021058743538546986404282924774822615863187627476040125527260374220 0 0 0 0 0 0 0 0 0 0 0 0 0 0 0 0 0 0 0 0 0 0 0 0 0 0 0 0 0 0 0 0 0 0 0 0 0 0 0 0 0 0 0 0 0 0 0 0 0 0 0 0 0 0 0 0 0 0 0 0 0 0 0 0 0 0 0 0 0 0 0 0 0 0 0 0 0 0 0 0 0 0 0 0 0 0 0 0 0 0 1 0 0 0 0 0 0 0 0 0 0 0 0 0 0]
[1024111102632284552683792455377136222320682421947562736450992997871613953933854936183264782380852751184599687023921514917027552082770141667541311500647371758959193982094141431591632199710783150298681590445443425697956205374550420354648691457972201516951685846229234767727064213262641649857659204438113557006313155125273 0 0 0 0 0 0 0 0 0 0 0 0 0 0 0 0 0 0 0 0 0 0 0 0 0 0 0 0 0 0 0 0 0 0 0 0 0 0 0 0 0 0 0 0 0 0 0 0 0 0 0 0 0 0 0 0 0 0 0 0 0 0 0 0 0 0 0 0 0 0 0 0 0 0 0 0 0 0 0 0 0 0 0 0 0 0 0 0 0 0 0 1 0 0 0 0 0 0 0 0 0 0 0 0 0]
[6186754311199358413133949469001900857743989048968399111840310096649670211727383401763974730844292329566131244800995536475562632147101570153615629152852600304008789374496340602665049219008618512026337094179534652804093771534948010078855341645171038282245445243060524161611947112662125951820828387787696636118254469850986 0 0 0 0 0 0 0 0 0 0 0 0 0 0 0 0 0 0 0 0 0 0 0 0 0 0 0 0 0 0 0 0 0 0 0 0 0 0 0 0 0 0 0 0 0 0 0 0 0 0 0 0 0 0 0 0 0 0 0 0 0 0 0 0 0 0 0 0 0 0 0 0 0 0 0 0 0 0 0 0 0 0 0 0 0 0 0 0 0 0 0 0 1 0 0 0 0 0 0 0 0 0 0 0 0]
[460873120369133919423174233640279957577260575980072259543783518593135329419948171845758479431811672984435618014499329131126210819184881292959410564295178474963636474128694448763504434290563098202935154688584431370051735880505585162438636767493650142087872412764100838069551568867721550276413991680172623769185696803256 0 0 0 0 0 0 0 0 0 0 0 0 0 0 0 0 0 0 0 0 0 0 0 0 0 0 0 0 0 0 0 0 0 0 0 0 0 0 0 0 0 0 0 0 0 0 0 0 0 0 0 0 0 0 0 0 0 0 0 0 0 0 0 0 0 0 0 0 0 0 0 0 0 0 0 0 0 0 0 0 0 0 0 0 0 0 0 0 0 0 0 0 0 1 0 0 0 0 0 0 0 0 0 0 0]
[839546410091115242270185848230481214514661024289996373656215479829266923495938723213442928760660405876934559450872751847807383122166559751140083683506482065616054547690536451388782896597800989667393645321852612558841544217612242357473407252796153517891706022396535857269379033034316711187331924694665332930977187051889 0 0 0 0 0 0 0 0 0 0 0 0 0 0 0 0 0 0 0 0 0 0 0 0 0 0 0 0 0 0 0 0 0 0 0 0 0 0 0 0 0 0 0 0 0 0 0 0 0 0 0 0 0 0 0 0 0 0 0 0 0 0 0 0 0 0 0 0 0 0 0 0 0 0 0 0 0 0 0 0 0 0 0 0 0 0 0 0 0 0 0 0 0 0 1 0 0 0 0 0 0 0 0 0 0]
[4555865727691124298803754191936905447266480236547058740635750042342044895770099841460119140908340336712170117055510702923525129970541580164550710340840698801164806725167574367833875487147047982878359658059957943769191576968056451505756675665338234433196700619543991864132917845585956882996024357676690375324646465502622 0 0 0 0 0 0 0 0 0 0 0 0 0 0 0 0 0 0 0 0 0 0 0 0 0 0 0 0 0 0 0 0 0 0 0 0 0 0 0 0 0 0 0 0 0 0 0 0 0 0 0 0 0 0 0 0 0 0 0 0 0 0 0 0 0 0 0 0 0 0 0 0 0 0 0 0 0 0 0 0 0 0 0 0 0 0 0 0 0 0 0 0 0 0 0 1 0 0 0 0 0 0 0 0 0]
[8042577139848671232960027439656637833089953636946525866281678504342286764478712698997948714048500767562346506187923956560833733464881294782967660651848047858321924746483205566437476993258919991495654708038900993149652495231621526927105012588223076223796174072084648766826950395112286647867681405340074752769606458964196 0 0 0 0 0 0 0 0 0 0 0 0 0 0 0 0 0 0 0 0 0 0 0 0 0 0 0 0 0 0 0 0 0 0 0 0 0 0 0 0 0 0 0 0 0 0 0 0 0 0 0 0 0 0 0 0 0 0 0 0 0 0 0 0 0 0 0 0 0 0 0 0 0 0 0 0 0 0 0 0 0 0 0 0 0 0 0 0 0 0 0 0 0 0 0 0 1 0 0 0 0 0 0 0 0]
[2619446184384266220292796275402034578238155735383419371854496048208193447589818483382390583222881874669853205829365698869744155878797182449324550543828637816659560580153210168834400368134615776886457166751603052761848392364509524238895719440497674592785938272194233180108335006529151391554570676363627093279397989945628 0 0 0 0 0 0 0 0 0 0 0 0 0 0 0 0 0 0 0 0 0 0 0 0 0 0 0 0 0 0 0 0 0 0 0 0 0 0 0 0 0 0 0 0 0 0 0 0 0 0 0 0 0 0 0 0 0 0 0 0 0 0 0 0 0 0 0 0 0 0 0 0 0 0 0 0 0 0 0 0 0 0 0 0 0 0 0 0 0 0 0 0 0 0 0 0 0 1 0 0 0 0 0 0 0]
[1211245678356276968134792719432307971267049887689354375391816567123368052580145577808678329371664306123694834936470312086559214514542689513612291309734197807355560165192495753036897189612734691884412404394673388789844141614171497445324902151656097330092008567983046365135304924021437461819479811729309720980642165386040 0 0 0 0 0 0 0 0 0 0 0 0 0 0 0 0 0 0 0 0 0 0 0 0 0 0 0 0 0 0 0 0 0 0 0 0 0 0 0 0 0 0 0 0 0 0 0 0 0 0 0 0 0 0 0 0 0 0 0 0 0 0 0 0 0 0 0 0 0 0 0 0 0 0 0 0 0 0 0 0 0 0 0 0 0 0 0 0 0 0 0 0 0 0 0 0 0 0 1 0 0 0 0 0 0]
[2237827816786837590892624029923429750593682747343554170457938018121443995713515380673717342514380287758953977120281602285441516149807779833268201848983453210067425594223538589124744237879329173318659621333718088003185469706152743392726174846495939606115689649059621772137093360768722907486934831331406685805678759968487 0 0 0 0 0 0 0 0 0 0 0 0 0 0 0 0 0 0 0 0 0 0 0 0 0 0 0 0 0 0 0 0 0 0 0 0 0 0 0 0 0 0 0 0 0 0 0 0 0 0 0 0 0 0 0 0 0 0 0 0 0 0 0 0 0 0 0 0 0 0 0 0 0 0 0 0 0 0 0 0 0 0 0 0 0 0 0 0 0 0 0 0 0 0 0 0 0 0 0 1 0 0 0 0 0]
[5601995305684590314401907389481609074950865197317734221923221315329565241767414869923956791268086168514405162253309356861954075563699294232460820485485800902587833408914171540015387173236625108020810604799229940997608977581038043855612009832602025120577796474113590080557655893052402685997409971099689511914478987693093 0 0 0 0 0 0 0 0 0 0 0 0 0 0 0 0 0 0 0 0 0 0 0 0 0 0 0 0 0 0 0 0 0 0 0 0 0 0 0 0 0 0 0 0 0 0 0 0 0 0 0 0 0 0 0 0 0 0 0 0 0 0 0 0 0 0 0 0 0 0 0 0 0 0 0 0 0 0 0 0 0 0 0 0 0 0 0 0 0 0 0 0 0 0 0 0 0 0 0 0 1 0 0 0 0]
[7419257726109293424651690501182523764939436614283638335494304626741327738268427818673277769941805409912191408200904042707401960796408674837377503847534506464686424480817794543294336250968320991039871695374331397007076258794467406929326082164320203309191512155956581450697424079126882744316642495063009390045394668904098 0 0 0 0 0 0 0 0 0 0 0 0 0 0 0 0 0 0 0 0 0 0 0 0 0 0 0 0 0 0 0 0 0 0 0 0 0 0 0 0 0 0 0 0 0 0 0 0 0 0 0 0 0 0 0 0 0 0 0 0 0 0 0 0 0 0 0 0 0 0 0 0 0 0 0 0 0 0 0 0 0 0 0 0 0 0 0 0 0 0 0 0 0 0 0 0 0 0 0 0 0 1 0 0 0]
[1524084400729353707214293915494889781564234806132765456130558751666625022853642757703199540112265918974640301719403954257919072181362992157396741416476032474724320565428779403433702808383097565619527765661314136016184649160675223582460197371158542851101592496174195784577312136717671703471512981904391990294226720615216 0 0 0 0 0 0 0 0 0 0 0 0 0 0 0 0 0 0 0 0 0 0 0 0 0 0 0 0 0 0 0 0 0 0 0 0 0 0 0 0 0 0 0 0 0 0 0 0 0 0 0 0 0 0 0 0 0 0 0 0 0 0 0 0 0 0 0 0 0 0 0 0 0 0 0 0 0 0 0 0 0 0 0 0 0 0 0 0 0 0 0 0 0 0 0 0 0 0 0 0 0 0 1 0 0]
[2116242077801833039892832761914972605922729042792807521065505183882525816588991543074799768351906192805470673281011733716232294812424103719508089736089537030872157477909033013326487549413711099239678950937852496184234207474162090612832401538106943243783678476095215167430166212453506034297264632737504091264793612671285 0 0 0 0 0 0 0 0 0 0 0 0 0 0 0 0 0 0 0 0 0 0 0 0 0 0 0 0 0 0 0 0 0 0 0 0 0 0 0 0 0 0 0 0 0 0 0 0 0 0 0 0 0 0 0 0 0 0 0 0 0 0 0 0 0 0 0 0 0 0 0 0 0 0 0 0 0 0 0 0 0 0 0 0 0 0 0 0 0 0 0 0 0 0 0 0 0 0 0 0 0 0 0 1 0]
[1192465999990199674765901461135435793996152317173267193178595580910376555520231547028161128112239078324033771957978885923665386564358223924225203669129063042036039714105053116033153955476822407640322680384342723873025092177163890208923146236047799633030020223913668014732529391064767812159017771684495339299057533679580 0 0 0 0 0 0 0 0 0 0 0 0 0 0 0 0 0 0 0 0 0 0 0 0 0 0 0 0 0 0 0 0 0 0 0 0 0 0 0 0 0 0 0 0 0 0 0 0 0 0 0 0 0 0 0 0 0 0 0 0 0 0 0 0 0 0 0 0 0 0 0 0 0 0 0 0 0 0 0 0 0 0 0 0 0 0 0 0 0 0 0 0 0 0 0 0 0 0 0 0 0 0 0 0 1]
]
