[[3331376937102890002508819243500055743836227873611615033283515496319524488790201893486284248627948528851214345783166918797594429570472830659429652044856589251332218811452147737 0 0 0 0 0 0 0 0 0 0 0 0 0 0 0 0 0 0 0 0 0 0 0 0 0 0 0 0 0 0 0 0 0 0 0 0 0 0 0 0 0 0 0 0 0 0 0 0 0 0 0 0 0 0 0 0 0]
[1186159388026209440655308533556096864462920982947558380282719270652162072216434955017149354221127894738878401107574125345103617335710184069509622424143418702507695390952470654 1 0 0 0 0 0 0 0 0 0 0 0 0 0 0 0 0 0 0 0 0 0 0 0 0 0 0 0 0 0 0 0 0 0 0 0 0 0 0 0 0 0 0 0 0 0 0 0 0 0 0 0 0 0 0 0 0]
[534664376460215802440299823749819590540859035165505123065924060355237509918146761718752190081036075334565126748196769882955216008894921084156107716179435994887739740303117423 0 1 0 0 0 0 0 0 0 0 0 0 0 0 0 0 0 0 0 0 0 0 0 0 0 0 0 0 0 0 0 0 0 0 0 0 0 0 0 0 0 0 0 0 0 0 0 0 0 0 0 0 0 0 0 0 0]
[7715419145072052080630335517678105571250865079698429630330783445823433203884842971028165666138162480963962850097616553638321115865173584567280428206710039918786106848405575 0 0 1 0 0 0 0 0 0 0 0 0 0 0 0 0 0 0 0 0 0 0 0 0 0 0 0 0 0 0 0 0 0 0 0 0 0 0 0 0 0 0 0 0 0 0 0 0 0 0 0 0 0 0 0 0 0]
[1748684877623278640560316301563037160845763883752007959263449011325967060874365632239980096062251572175873504996721311420809184075224035194697263660049184392626565835231634845 0 0 0 1 0 0 0 0 0 0 0 0 0 0 0 0 0 0 0 0 0 0 0 0 0 0 0 0 0 0 0 0 0 0 0 0 0 0 0 0 0 0 0 0 0 0 0 0 0 0 0 0 0 0 0 0 0]
[1899073036483914570028640671955989514225634440668385906245442034563779813574091463338857369157987483326451932548552957774256287923466545407391048346353909453493061435636118790 0 0 0 0 1 0 0 0 0 0 0 0 0 0 0 0 0 0 0 0 0 0 0 0 0 0 0 0 0 0 0 0 0 0 0 0 0 0 0 0 0 0 0 0 0 0 0 0 0 0 0 0 0 0 0 0 0]
[2601271172506814973834947967473425809462820340019815933927272080639841619551014786987800305346896836434632643801911597043191184616038378221175427200231442287131730352993221460 0 0 0 0 0 1 0 0 0 0 0 0 0 0 0 0 0 0 0 0 0 0 0 0 0 0 0 0 0 0 0 0 0 0 0 0 0 0 0 0 0 0 0 0 0 0 0 0 0 0 0 0 0 0 0 0 0]
[40849584433438235974493761107987859282058458473195195367164208704146960115448204881026891913324264099574876817404519193844620289956427819724162597124897400173502361766805498 0 0 0 0 0 0 1 0 0 0 0 0 0 0 0 0 0 0 0 0 0 0 0 0 0 0 0 0 0 0 0 0 0 0 0 0 0 0 0 0 0 0 0 0 0 0 0 0 0 0 0 0 0 0 0 0 0]
[1636555644697449239877419600261661987160969376200215701208763735873465646878857022472706333468538755237972779044536982755368064207207227996421957672762068955906110824716379338 0 0 0 0 0 0 0 1 0 0 0 0 0 0 0 0 0 0 0 0 0 0 0 0 0 0 0 0 0 0 0 0 0 0 0 0 0 0 0 0 0 0 0 0 0 0 0 0 0 0 0 0 0 0 0 0 0]
[538212360628366671017646002531273516497906437375290737223042161891566169514850241523050544551845661489508015820594625394970042362279432983835105253586789465143812518481931624 0 0 0 0 0 0 0 0 1 0 0 0 0 0 0 0 0 0 0 0 0 0 0 0 0 0 0 0 0 0 0 0 0 0 0 0 0 0 0 0 0 0 0 0 0 0 0 0 0 0 0 0 0 0 0 0 0]
[10824426389791885831291613826129644837090609497617175827051775724431328086610931301081612973171551603399620053088596827922563470382615476631638670234318970501243397593552148 0 0 0 0 0 0 0 0 0 1 0 0 0 0 0 0 0 0 0 0 0 0 0 0 0 0 0 0 0 0 0 0 0 0 0 0 0 0 0 0 0 0 0 0 0 0 0 0 0 0 0 0 0 0 0 0 0]
[806220292587509113501169890720170056546939472267118098247817089621180108562238276329080733671087640337961100371853168313591259844393589561178527548043748144622369312015662175 0 0 0 0 0 0 0 0 0 0 1 0 0 0 0 0 0 0 0 0 0 0 0 0 0 0 0 0 0 0 0 0 0 0 0 0 0 0 0 0 0 0 0 0 0 0 0 0 0 0 0 0 0 0 0 0 0]
[2004899750145671460803134492725135362715992817768498566537202467942119294279023473860692578625050712903808660892885513236137710901620298255549065463310886547599481052977834646 0 0 0 0 0 0 0 0 0 0 0 1 0 0 0 0 0 0 0 0 0 0 0 0 0 0 0 0 0 0 0 0 0 0 0 0 0 0 0 0 0 0 0 0 0 0 0 0 0 0 0 0 0 0 0 0 0]
[1367640732494530333625765603006544751251684397643515887532621328016747959874707039714197867853990985107004828347100572238279964651328188976930310031158380559898457582183179171 0 0 0 0 0 0 0 0 0 0 0 0 1 0 0 0 0 0 0 0 0 0 0 0 0 0 0 0 0 0 0 0 0 0 0 0 0 0 0 0 0 0 0 0 0 0 0 0 0 0 0 0 0 0 0 0 0]
[1101219132788627168763477432723974671567145651068489123528710643648757637810514408067652439967431672443427011174402680125415750498891442529788428883614316958025911160167838434 0 0 0 0 0 0 0 0 0 0 0 0 0 1 0 0 0 0 0 0 0 0 0 0 0 0 0 0 0 0 0 0 0 0 0 0 0 0 0 0 0 0 0 0 0 0 0 0 0 0 0 0 0 0 0 0 0]
[1464612905325990679766652796185632876512837827828546073232158375608401783784525363592941813539062074500617325533589032018347398178926138738075483463811704984318873888650823365 0 0 0 0 0 0 0 0 0 0 0 0 0 0 1 0 0 0 0 0 0 0 0 0 0 0 0 0 0 0 0 0 0 0 0 0 0 0 0 0 0 0 0 0 0 0 0 0 0 0 0 0 0 0 0 0 0]
[965835764638474308065565393825644225484431632692717498860295516003737458003568931228756762643309140058766010055433543857807215604254347691649951975866660791908607149584236600 0 0 0 0 0 0 0 0 0 0 0 0 0 0 0 1 0 0 0 0 0 0 0 0 0 0 0 0 0 0 0 0 0 0 0 0 0 0 0 0 0 0 0 0 0 0 0 0 0 0 0 0 0 0 0 0 0]
[3007148916939805021742183549389553729473920753219765111017695639030554840234563391961480240396671383395250673509561047127979907548937029857146529051634743676548658273525202486 0 0 0 0 0 0 0 0 0 0 0 0 0 0 0 0 1 0 0 0 0 0 0 0 0 0 0 0 0 0 0 0 0 0 0 0 0 0 0 0 0 0 0 0 0 0 0 0 0 0 0 0 0 0 0 0 0]
[294524930941796691865650827792197011123173736828583472594908314313861699571999386217306423866353819546802615923830668637093038158698478483561908534649489968958818892256142870 0 0 0 0 0 0 0 0 0 0 0 0 0 0 0 0 0 1 0 0 0 0 0 0 0 0 0 0 0 0 0 0 0 0 0 0 0 0 0 0 0 0 0 0 0 0 0 0 0 0 0 0 0 0 0 0 0]
[2306263233839107088631335097309002679225752952127478424484814233608782785327291904734026368841378541249234086622658747620151663584129298524440253555420452966846108929206824966 0 0 0 0 0 0 0 0 0 0 0 0 0 0 0 0 0 0 1 0 0 0 0 0 0 0 0 0 0 0 0 0 0 0 0 0 0 0 0 0 0 0 0 0 0 0 0 0 0 0 0 0 0 0 0 0 0]
[2840103211044059251205932555523842440043768005245567461156728297551874717534837621746535805618528363813828358422771360329346185566558156154478485432008666078582334759459659407 0 0 0 0 0 0 0 0 0 0 0 0 0 0 0 0 0 0 0 1 0 0 0 0 0 0 0 0 0 0 0 0 0 0 0 0 0 0 0 0 0 0 0 0 0 0 0 0 0 0 0 0 0 0 0 0 0]
[1419103028660065436808936467347058047485488898173060845512470722306809110585731863585774105315551848493360133657340521497179722980786402101635377904475467075320371736361566948 0 0 0 0 0 0 0 0 0 0 0 0 0 0 0 0 0 0 0 0 1 0 0 0 0 0 0 0 0 0 0 0 0 0 0 0 0 0 0 0 0 0 0 0 0 0 0 0 0 0 0 0 0 0 0 0 0]
[488797493267412632502201588619891513868165051270445280102928562716815810844208375415186561427405402008465064070229988185214915389624732203899598336465433039010306112437030231 0 0 0 0 0 0 0 0 0 0 0 0 0 0 0 0 0 0 0 0 0 1 0 0 0 0 0 0 0 0 0 0 0 0 0 0 0 0 0 0 0 0 0 0 0 0 0 0 0 0 0 0 0 0 0 0 0]
[253939996889714967957387911714880774298859893229057415708479060313942951849626401651644442092809299528805510927617942320961180807394151938984621887147543965779362427031257635 0 0 0 0 0 0 0 0 0 0 0 0 0 0 0 0 0 0 0 0 0 0 1 0 0 0 0 0 0 0 0 0 0 0 0 0 0 0 0 0 0 0 0 0 0 0 0 0 0 0 0 0 0 0 0 0 0]
[2142441804985678795507494287521953919938359846728322823856220875344574934058756985945379660474140183721114999562683784623570805782065380493899069146060343131452395793092128851 0 0 0 0 0 0 0 0 0 0 0 0 0 0 0 0 0 0 0 0 0 0 0 1 0 0 0 0 0 0 0 0 0 0 0 0 0 0 0 0 0 0 0 0 0 0 0 0 0 0 0 0 0 0 0 0 0]
[1749088300192082866831099323737460472711368347417598940768787328233857492134099067836276489710255837537205884989146733452610652111938559084140117607158359091140102382217008449 0 0 0 0 0 0 0 0 0 0 0 0 0 0 0 0 0 0 0 0 0 0 0 0 1 0 0 0 0 0 0 0 0 0 0 0 0 0 0 0 0 0 0 0 0 0 0 0 0 0 0 0 0 0 0 0 0]
[2186472574734141944428456205765235586309497033813759415836252628782534121166907886620009501022281166106945955345171773730274828202899833768713152835551424140933522800310933430 0 0 0 0 0 0 0 0 0 0 0 0 0 0 0 0 0 0 0 0 0 0 0 0 0 1 0 0 0 0 0 0 0 0 0 0 0 0 0 0 0 0 0 0 0 0 0 0 0 0 0 0 0 0 0 0 0]
[22837751902262137009481986320675794201820946763254896161340641730245483219134043803354726131658244032127237685448983417076867560013790373566802846159004719187264203396745717 0 0 0 0 0 0 0 0 0 0 0 0 0 0 0 0 0 0 0 0 0 0 0 0 0 0 1 0 0 0 0 0 0 0 0 0 0 0 0 0 0 0 0 0 0 0 0 0 0 0 0 0 0 0 0 0 0]
[1245418976981762637602194734451310194900209718707069341254328679216901755730745858494232257979172239593921807733620932837677574990722573281015901608451692237314929080758902587 0 0 0 0 0 0 0 0 0 0 0 0 0 0 0 0 0 0 0 0 0 0 0 0 0 0 0 1 0 0 0 0 0 0 0 0 0 0 0 0 0 0 0 0 0 0 0 0 0 0 0 0 0 0 0 0 0]
[204818551953565422425054188006861197270053326373948020242717605634178798891049746291276377088828703428607607240200192971153802807813725275975032788603200609898240175257676112 0 0 0 0 0 0 0 0 0 0 0 0 0 0 0 0 0 0 0 0 0 0 0 0 0 0 0 0 1 0 0 0 0 0 0 0 0 0 0 0 0 0 0 0 0 0 0 0 0 0 0 0 0 0 0 0 0]
[2195125061297764428611453505677335641510900241146538761460414825918403188359793880619563583657601133773039622407579927872502819838665459591073454702723716074182808889881076640 0 0 0 0 0 0 0 0 0 0 0 0 0 0 0 0 0 0 0 0 0 0 0 0 0 0 0 0 0 1 0 0 0 0 0 0 0 0 0 0 0 0 0 0 0 0 0 0 0 0 0 0 0 0 0 0 0]
[3270428552753967424089525641008803914548200395822687738374432154034739551674670293022597597027469885906024976816449050048890998033761177314433552812769491702147641198046041426 0 0 0 0 0 0 0 0 0 0 0 0 0 0 0 0 0 0 0 0 0 0 0 0 0 0 0 0 0 0 1 0 0 0 0 0 0 0 0 0 0 0 0 0 0 0 0 0 0 0 0 0 0 0 0 0 0]
[420024998567180957327040449778843863550897917836065591909867316633999179710063666620515548957790305003526417444815050407802684489017220552428464919197488076881582732853196996 0 0 0 0 0 0 0 0 0 0 0 0 0 0 0 0 0 0 0 0 0 0 0 0 0 0 0 0 0 0 0 1 0 0 0 0 0 0 0 0 0 0 0 0 0 0 0 0 0 0 0 0 0 0 0 0 0]
[838216058630400021769105123395324088413274442658467190101117454785448980603985950096602045831913267447516386418748437628443008319800838326044631225171930899160078737403660483 0 0 0 0 0 0 0 0 0 0 0 0 0 0 0 0 0 0 0 0 0 0 0 0 0 0 0 0 0 0 0 0 1 0 0 0 0 0 0 0 0 0 0 0 0 0 0 0 0 0 0 0 0 0 0 0 0]
[1244093977475979418726782681875616037823520815083082274446575956050002711490097991372083972044094130165077303124059114053254294762651856683143065844102661472737171975934994712 0 0 0 0 0 0 0 0 0 0 0 0 0 0 0 0 0 0 0 0 0 0 0 0 0 0 0 0 0 0 0 0 0 1 0 0 0 0 0 0 0 0 0 0 0 0 0 0 0 0 0 0 0 0 0 0 0]
[1709219194092673958930114383962284312350794426312471744469187486574182806478878506753951822317114721580507677832632885467847493647304772402543873265906159073621204349892366810 0 0 0 0 0 0 0 0 0 0 0 0 0 0 0 0 0 0 0 0 0 0 0 0 0 0 0 0 0 0 0 0 0 0 1 0 0 0 0 0 0 0 0 0 0 0 0 0 0 0 0 0 0 0 0 0 0]
[2378203978725253652027542874184606276373051653824275899344237664799853630682637508144693378002876736558649468984221150795210727781906786321027530625931762677675211999080891816 0 0 0 0 0 0 0 0 0 0 0 0 0 0 0 0 0 0 0 0 0 0 0 0 0 0 0 0 0 0 0 0 0 0 0 1 0 0 0 0 0 0 0 0 0 0 0 0 0 0 0 0 0 0 0 0 0]
[183004596186983593586396359952557362276621760704278067945515133511558253887715704043061579143470951564825155746442676748783907699688410085860299498036710651748552209886243966 0 0 0 0 0 0 0 0 0 0 0 0 0 0 0 0 0 0 0 0 0 0 0 0 0 0 0 0 0 0 0 0 0 0 0 0 1 0 0 0 0 0 0 0 0 0 0 0 0 0 0 0 0 0 0 0 0]
[2033058620107789797708218247815388302837509506431398570315136574538632264904954686931216756665318676874323792051765815732520583549537077846870712978765559224071271861360796549 0 0 0 0 0 0 0 0 0 0 0 0 0 0 0 0 0 0 0 0 0 0 0 0 0 0 0 0 0 0 0 0 0 0 0 0 0 1 0 0 0 0 0 0 0 0 0 0 0 0 0 0 0 0 0 0 0]
[1675783722342857221082062002561804551177649810567286143524826156696655915605284518969558282231010179091701105468536875496797772555463301216281533334851335647705951916582487682 0 0 0 0 0 0 0 0 0 0 0 0 0 0 0 0 0 0 0 0 0 0 0 0 0 0 0 0 0 0 0 0 0 0 0 0 0 0 1 0 0 0 0 0 0 0 0 0 0 0 0 0 0 0 0 0 0]
[1624363957386383280315745183682480799211162859139952417328499534486663568054404396108749028647561210648080780723481737167599009419083940519926206084946880434582122119557731850 0 0 0 0 0 0 0 0 0 0 0 0 0 0 0 0 0 0 0 0 0 0 0 0 0 0 0 0 0 0 0 0 0 0 0 0 0 0 0 1 0 0 0 0 0 0 0 0 0 0 0 0 0 0 0 0 0]
[1931152594994184571356384615975496331557055854562609995087386301745460538945742148940177540098043926878680564015961413516766829913021333994639102773149911163692083550567238834 0 0 0 0 0 0 0 0 0 0 0 0 0 0 0 0 0 0 0 0 0 0 0 0 0 0 0 0 0 0 0 0 0 0 0 0 0 0 0 0 1 0 0 0 0 0 0 0 0 0 0 0 0 0 0 0 0]
[1176765954117917196548557019884721109125319958830806920875644440068918597670053427063508639579697960990762032227973091824627004282326595474735893362896183620733905778119823400 0 0 0 0 0 0 0 0 0 0 0 0 0 0 0 0 0 0 0 0 0 0 0 0 0 0 0 0 0 0 0 0 0 0 0 0 0 0 0 0 0 1 0 0 0 0 0 0 0 0 0 0 0 0 0 0 0]
[1996633948725434651399545191762805833057708732859134382016176597711272316306486708758036409829264113167657896200997487032061859093194284231153233556996722756033683991023944208 0 0 0 0 0 0 0 0 0 0 0 0 0 0 0 0 0 0 0 0 0 0 0 0 0 0 0 0 0 0 0 0 0 0 0 0 0 0 0 0 0 0 1 0 0 0 0 0 0 0 0 0 0 0 0 0 0]
[3272878177337402113919468603244978126146819011668459741492962187668557885517003843128275396098869981831477902249181068229617584975151256550718602835018849679947439657570150713 0 0 0 0 0 0 0 0 0 0 0 0 0 0 0 0 0 0 0 0 0 0 0 0 0 0 0 0 0 0 0 0 0 0 0 0 0 0 0 0 0 0 0 1 0 0 0 0 0 0 0 0 0 0 0 0 0]
[1830095530233553264948304019084774686079441619911213119959142647593016474402596877985210277314534683659488213485343976790161455680728505286979198873908185376355882689821364027 0 0 0 0 0 0 0 0 0 0 0 0 0 0 0 0 0 0 0 0 0 0 0 0 0 0 0 0 0 0 0 0 0 0 0 0 0 0 0 0 0 0 0 0 1 0 0 0 0 0 0 0 0 0 0 0 0]
[1742621048850455540745880633598917455862578494785840632045599217524166867051201203258778754226848136070175534204962268349514954053618892470356755477869268968816670799462286461 0 0 0 0 0 0 0 0 0 0 0 0 0 0 0 0 0 0 0 0 0 0 0 0 0 0 0 0 0 0 0 0 0 0 0 0 0 0 0 0 0 0 0 0 0 1 0 0 0 0 0 0 0 0 0 0 0]
[662820516785586750876292331719967274985281823852216868876761624230582350449462785519165962428035679762394046045233098967154435285399190660160844028999163612303135428472449321 0 0 0 0 0 0 0 0 0 0 0 0 0 0 0 0 0 0 0 0 0 0 0 0 0 0 0 0 0 0 0 0 0 0 0 0 0 0 0 0 0 0 0 0 0 0 1 0 0 0 0 0 0 0 0 0 0]
[1484134978408630748297567549000196006503441470453830846429752428642251466270741381513588965655500242362521100900414865724589373524789665264362989039577906958797380553969706387 0 0 0 0 0 0 0 0 0 0 0 0 0 0 0 0 0 0 0 0 0 0 0 0 0 0 0 0 0 0 0 0 0 0 0 0 0 0 0 0 0 0 0 0 0 0 0 1 0 0 0 0 0 0 0 0 0]
[2749745984325987415289991958685125271514937590487022294451338072260107078828086206460818615156228289074365356247737767025493306172372849774737284438203573370094956815487024451 0 0 0 0 0 0 0 0 0 0 0 0 0 0 0 0 0 0 0 0 0 0 0 0 0 0 0 0 0 0 0 0 0 0 0 0 0 0 0 0 0 0 0 0 0 0 0 0 1 0 0 0 0 0 0 0 0]
[2404216803398264693346687315100503144488199728856207542010663173483902025624531250685769462723779189600885028316796636593663190002330177895410269719605060182768873764285200336 0 0 0 0 0 0 0 0 0 0 0 0 0 0 0 0 0 0 0 0 0 0 0 0 0 0 0 0 0 0 0 0 0 0 0 0 0 0 0 0 0 0 0 0 0 0 0 0 0 1 0 0 0 0 0 0 0]
[1866825426265946172896613054211112232611401759166609100272837169764221850940442830746257120844319236667267387143947481768060582719628037221728535374532704193568080837765137266 0 0 0 0 0 0 0 0 0 0 0 0 0 0 0 0 0 0 0 0 0 0 0 0 0 0 0 0 0 0 0 0 0 0 0 0 0 0 0 0 0 0 0 0 0 0 0 0 0 0 1 0 0 0 0 0 0]
[791454220370693081364238859833699891523132746894656170834210235188937705107951264518697887701715833600393644972099910287926429807232768756904853064172296804955749175376356294 0 0 0 0 0 0 0 0 0 0 0 0 0 0 0 0 0 0 0 0 0 0 0 0 0 0 0 0 0 0 0 0 0 0 0 0 0 0 0 0 0 0 0 0 0 0 0 0 0 0 0 1 0 0 0 0 0]
[240116416544721029975743642702425284856027618425638948581054753505816923794882598339394215412417742183084855683829942491357782120930687900686981978638406626311122331657324756 0 0 0 0 0 0 0 0 0 0 0 0 0 0 0 0 0 0 0 0 0 0 0 0 0 0 0 0 0 0 0 0 0 0 0 0 0 0 0 0 0 0 0 0 0 0 0 0 0 0 0 0 1 0 0 0 0]
[2680680943050658878482208506414683570502960158520454742714593482605721974305722720381175464609736049969363029653120708477158125736012165104570744410331073241574861559809977457 0 0 0 0 0 0 0 0 0 0 0 0 0 0 0 0 0 0 0 0 0 0 0 0 0 0 0 0 0 0 0 0 0 0 0 0 0 0 0 0 0 0 0 0 0 0 0 0 0 0 0 0 0 1 0 0 0]
[2456640266506138226703316863055994303383676576590917556853997876269718726517789859184324476794017686369368605668237374959007870940020340012184695996988036989844440737362916001 0 0 0 0 0 0 0 0 0 0 0 0 0 0 0 0 0 0 0 0 0 0 0 0 0 0 0 0 0 0 0 0 0 0 0 0 0 0 0 0 0 0 0 0 0 0 0 0 0 0 0 0 0 0 1 0 0]
[156342648043879594781921129869612080435427129936783146100420422742311088821149685379676168308579939714889013419914700614753533783562096667751955201317142540779557840969750391 0 0 0 0 0 0 0 0 0 0 0 0 0 0 0 0 0 0 0 0 0 0 0 0 0 0 0 0 0 0 0 0 0 0 0 0 0 0 0 0 0 0 0 0 0 0 0 0 0 0 0 0 0 0 0 1 0]
[1312715902057058832886222241119898725098957078759840049759128556397951762857030003311448851084984229761569313237158188258751841701823130042720502402455186895399467295064705359 0 0 0 0 0 0 0 0 0 0 0 0 0 0 0 0 0 0 0 0 0 0 0 0 0 0 0 0 0 0 0 0 0 0 0 0 0 0 0 0 0 0 0 0 0 0 0 0 0 0 0 0 0 0 0 0 1]
]
