[[5476713719913066141181186332038366586253485081946527333092938781760870959539702671478241496395579391388345419506478152053233712001602910186672321538417126268079374396745270304340382341044994892919997144567481420240477 0 0 0 0 0 0 0 0 0 0 0 0 0 0 0 0 0 0 0 0 0 0 0 0 0 0 0 0 0 0 0 0 0 0 0 0 0 0 0 0 0 0 0 0 0 0 0 0 0 0 0 0 0 0 0 0 0 0 0 0 0 0 0 0 0 0 0 0 0 0 0]
[2325254794759671474405824547847407901935679522133488630055106418238279558468178883249767707613732414093853955953406487143896120479074198217598078638654518401041980905347516859677063046509610516162562846642258186436043 1 0 0 0 0 0 0 0 0 0 0 0 0 0 0 0 0 0 0 0 0 0 0 0 0 0 0 0 0 0 0 0 0 0 0 0 0 0 0 0 0 0 0 0 0 0 0 0 0 0 0 0 0 0 0 0 0 0 0 0 0 0 0 0 0 0 0 0 0 0 0]
[2463461047781834125121415946154844006432158400510419662563621115461617243651747654704797181361449050763177065078341948901520106099537086449099366774781657215680304022375202730725954468007071714538426133312261037746926 0 1 0 0 0 0 0 0 0 0 0 0 0 0 0 0 0 0 0 0 0 0 0 0 0 0 0 0 0 0 0 0 0 0 0 0 0 0 0 0 0 0 0 0 0 0 0 0 0 0 0 0 0 0 0 0 0 0 0 0 0 0 0 0 0 0 0 0 0 0 0]
[2953916934879347613219598298404444693955109595899653190182821629097474310485098419370467740088300073269407048805229415914416610515933454113729328910038763755959660860320773256228012369432736337732095894575601043063650 0 0 1 0 0 0 0 0 0 0 0 0 0 0 0 0 0 0 0 0 0 0 0 0 0 0 0 0 0 0 0 0 0 0 0 0 0 0 0 0 0 0 0 0 0 0 0 0 0 0 0 0 0 0 0 0 0 0 0 0 0 0 0 0 0 0 0 0 0 0 0]
[927899204873470067685906940955213405822534765604678553837735132987390149257205722160571782172788008371412898551090147216838921470585805120230668550214459144747350009034999451158288780945644955886631719469717845493515 0 0 0 1 0 0 0 0 0 0 0 0 0 0 0 0 0 0 0 0 0 0 0 0 0 0 0 0 0 0 0 0 0 0 0 0 0 0 0 0 0 0 0 0 0 0 0 0 0 0 0 0 0 0 0 0 0 0 0 0 0 0 0 0 0 0 0 0 0 0 0]
[3038006366521818285379256169802063976773518229787836437943874984235293604277541047988440053682167772910839763841264926694181941492587242314403367481952326524046536076007437439688484287565354067896548916959064144606293 0 0 0 0 1 0 0 0 0 0 0 0 0 0 0 0 0 0 0 0 0 0 0 0 0 0 0 0 0 0 0 0 0 0 0 0 0 0 0 0 0 0 0 0 0 0 0 0 0 0 0 0 0 0 0 0 0 0 0 0 0 0 0 0 0 0 0 0 0 0 0]
[2014374511738243961905708954371566794583323183236373140986148371368349841084774187186861964287048653485746835862487826134675637275620143065813897997804504494279599290665863013809944937643923762481709323441569464502037 0 0 0 0 0 1 0 0 0 0 0 0 0 0 0 0 0 0 0 0 0 0 0 0 0 0 0 0 0 0 0 0 0 0 0 0 0 0 0 0 0 0 0 0 0 0 0 0 0 0 0 0 0 0 0 0 0 0 0 0 0 0 0 0 0 0 0 0 0 0 0]
[3552065327705893893006642670797623094535825115262478836374034870975220295887092735375782010309507756590718463437289125971019575221663105898866018320656426094173082997545031140977668771868840065337817620655158297796764 0 0 0 0 0 0 1 0 0 0 0 0 0 0 0 0 0 0 0 0 0 0 0 0 0 0 0 0 0 0 0 0 0 0 0 0 0 0 0 0 0 0 0 0 0 0 0 0 0 0 0 0 0 0 0 0 0 0 0 0 0 0 0 0 0 0 0 0 0 0 0]
[963419819648259803145581392714479808362940353682171378852074650741158230550335089286483374890531644365284196728903717305505164219801573748456663545396815810994423839059546135107404208936551467791806544374283906942965 0 0 0 0 0 0 0 1 0 0 0 0 0 0 0 0 0 0 0 0 0 0 0 0 0 0 0 0 0 0 0 0 0 0 0 0 0 0 0 0 0 0 0 0 0 0 0 0 0 0 0 0 0 0 0 0 0 0 0 0 0 0 0 0 0 0 0 0 0 0 0]
[2271764562616516733611725518087573891084557308163214825186163236098915899523753133282489315625975607470294643593522819524069983303890753840715288336168850460322394683914331176051962313253054119983010535592511249944818 0 0 0 0 0 0 0 0 1 0 0 0 0 0 0 0 0 0 0 0 0 0 0 0 0 0 0 0 0 0 0 0 0 0 0 0 0 0 0 0 0 0 0 0 0 0 0 0 0 0 0 0 0 0 0 0 0 0 0 0 0 0 0 0 0 0 0 0 0 0 0]
[967306017484329968903455004806201967988028561029808021400226739544796168786296876609867370317333308483000137211612019637226524531525751152570558301567188692458069405003113373186622459849884536984071475144668037258871 0 0 0 0 0 0 0 0 0 1 0 0 0 0 0 0 0 0 0 0 0 0 0 0 0 0 0 0 0 0 0 0 0 0 0 0 0 0 0 0 0 0 0 0 0 0 0 0 0 0 0 0 0 0 0 0 0 0 0 0 0 0 0 0 0 0 0 0 0 0 0]
[1434599816641966240503557725389277034050926521921812346817165289956498209970252807883237866167023667133020080015496005639064722471437892780732301615292288712554781352457536965934516349443053926455836172266245936047785 0 0 0 0 0 0 0 0 0 0 1 0 0 0 0 0 0 0 0 0 0 0 0 0 0 0 0 0 0 0 0 0 0 0 0 0 0 0 0 0 0 0 0 0 0 0 0 0 0 0 0 0 0 0 0 0 0 0 0 0 0 0 0 0 0 0 0 0 0 0 0]
[4995010913227678550978695924811460997241956398352138177687732464583921426050094538879273671011388422008640754189003112312151766837934552212944430691428021297633758849473628283030088903289012869988729395666412078423172 0 0 0 0 0 0 0 0 0 0 0 1 0 0 0 0 0 0 0 0 0 0 0 0 0 0 0 0 0 0 0 0 0 0 0 0 0 0 0 0 0 0 0 0 0 0 0 0 0 0 0 0 0 0 0 0 0 0 0 0 0 0 0 0 0 0 0 0 0 0 0]
[4203696571016150559092883734776217251374635457185253532657034493905922960017116531283792165182243829233560349921065761939804882293030103256581106904572785707507421314214839486127551498596696995029853047469777024065359 0 0 0 0 0 0 0 0 0 0 0 0 1 0 0 0 0 0 0 0 0 0 0 0 0 0 0 0 0 0 0 0 0 0 0 0 0 0 0 0 0 0 0 0 0 0 0 0 0 0 0 0 0 0 0 0 0 0 0 0 0 0 0 0 0 0 0 0 0 0 0]
[5055557497986861541571983216585439545018106974828354503787969187485660314798834297926529167009579572435773317251654583845267929947995259568005638345683406708851236590715555740045867259133851449041790631287556268623784 0 0 0 0 0 0 0 0 0 0 0 0 0 1 0 0 0 0 0 0 0 0 0 0 0 0 0 0 0 0 0 0 0 0 0 0 0 0 0 0 0 0 0 0 0 0 0 0 0 0 0 0 0 0 0 0 0 0 0 0 0 0 0 0 0 0 0 0 0 0 0]
[487685035096506336163849408696360284638789271467501760094248475683420956154174387062062283709444618632098238748844924581026560722338131240765155125198988370028260669324729416382532891682717294993790408292968536763819 0 0 0 0 0 0 0 0 0 0 0 0 0 0 1 0 0 0 0 0 0 0 0 0 0 0 0 0 0 0 0 0 0 0 0 0 0 0 0 0 0 0 0 0 0 0 0 0 0 0 0 0 0 0 0 0 0 0 0 0 0 0 0 0 0 0 0 0 0 0 0]
[2033539940421452751579013070962027154189380217349310426630271360946478031947566963600035659377165317389454644345178593679080069934994721140374618768376020532129889790782989455152572559110093596807242191341207746775144 0 0 0 0 0 0 0 0 0 0 0 0 0 0 0 1 0 0 0 0 0 0 0 0 0 0 0 0 0 0 0 0 0 0 0 0 0 0 0 0 0 0 0 0 0 0 0 0 0 0 0 0 0 0 0 0 0 0 0 0 0 0 0 0 0 0 0 0 0 0 0]
[1903677420589080525153936277722678726354859275554423427579951273975518960037384127961005754121926767470630000694880973173556748073989715992987706373982736187448575906563855131620577317177212646885565420076795342485102 0 0 0 0 0 0 0 0 0 0 0 0 0 0 0 0 1 0 0 0 0 0 0 0 0 0 0 0 0 0 0 0 0 0 0 0 0 0 0 0 0 0 0 0 0 0 0 0 0 0 0 0 0 0 0 0 0 0 0 0 0 0 0 0 0 0 0 0 0 0 0]
[5171693480014724724871222034649041873938430301890374822029466990038134914584551710592602579939094350329912925159584650294611066843694662719448632196414610686401260745143826536486139411451548331397235016219581259405119 0 0 0 0 0 0 0 0 0 0 0 0 0 0 0 0 0 1 0 0 0 0 0 0 0 0 0 0 0 0 0 0 0 0 0 0 0 0 0 0 0 0 0 0 0 0 0 0 0 0 0 0 0 0 0 0 0 0 0 0 0 0 0 0 0 0 0 0 0 0 0]
[1702904392704213256585438223978722914570672513221660115074147419400486410565950027343925702952466605986686540386538513050292033095097437877572812802897390663461484559546102134043033659782180727034793874585972614071029 0 0 0 0 0 0 0 0 0 0 0 0 0 0 0 0 0 0 1 0 0 0 0 0 0 0 0 0 0 0 0 0 0 0 0 0 0 0 0 0 0 0 0 0 0 0 0 0 0 0 0 0 0 0 0 0 0 0 0 0 0 0 0 0 0 0 0 0 0 0 0]
[1302118745735957344325642986040105113929702647293054351736500939321232805488070367314674600454987399068022701335034991652286747933353821688446279098024570984923190335067460864625709736772616409774972184567348445917735 0 0 0 0 0 0 0 0 0 0 0 0 0 0 0 0 0 0 0 1 0 0 0 0 0 0 0 0 0 0 0 0 0 0 0 0 0 0 0 0 0 0 0 0 0 0 0 0 0 0 0 0 0 0 0 0 0 0 0 0 0 0 0 0 0 0 0 0 0 0 0]
[2210912509514845550332948604900729295959084515957699510861699177642118699223122337596796080966168269501704066210193391395336810212808578767801510801333850138249503627719730362273426851152056366181633665910251820646193 0 0 0 0 0 0 0 0 0 0 0 0 0 0 0 0 0 0 0 0 1 0 0 0 0 0 0 0 0 0 0 0 0 0 0 0 0 0 0 0 0 0 0 0 0 0 0 0 0 0 0 0 0 0 0 0 0 0 0 0 0 0 0 0 0 0 0 0 0 0 0]
[1445419130843893372259183302675519444611351254193560685501628771729321287043203012711856949723966208555193887817333352147674728318614955588543300504954146223153650733864383429783113786090342388969510935078325260104344 0 0 0 0 0 0 0 0 0 0 0 0 0 0 0 0 0 0 0 0 0 1 0 0 0 0 0 0 0 0 0 0 0 0 0 0 0 0 0 0 0 0 0 0 0 0 0 0 0 0 0 0 0 0 0 0 0 0 0 0 0 0 0 0 0 0 0 0 0 0 0]
[1983250431140725010854611438489221742998131470835432374950418296574940518581535174990850943564061491026594802330482587853977442947306476823483063920172636127912592079667524800543752394977023708865539500974305130718408 0 0 0 0 0 0 0 0 0 0 0 0 0 0 0 0 0 0 0 0 0 0 1 0 0 0 0 0 0 0 0 0 0 0 0 0 0 0 0 0 0 0 0 0 0 0 0 0 0 0 0 0 0 0 0 0 0 0 0 0 0 0 0 0 0 0 0 0 0 0 0]
[3948733805718133985676084334475614023997358844027796229850212383373578308121332175814537595774222496969423656612893661455238611442766548703447758215640877600068745706850814844430908828005216001572273737122812687379008 0 0 0 0 0 0 0 0 0 0 0 0 0 0 0 0 0 0 0 0 0 0 0 1 0 0 0 0 0 0 0 0 0 0 0 0 0 0 0 0 0 0 0 0 0 0 0 0 0 0 0 0 0 0 0 0 0 0 0 0 0 0 0 0 0 0 0 0 0 0 0]
[1421787737194883939706611462855255837430520821745096971408798388352142447384170567582319320825570100120002907477317750211583401384094844958029519500729667608968438929222883530960936995793873277343671415385346642065291 0 0 0 0 0 0 0 0 0 0 0 0 0 0 0 0 0 0 0 0 0 0 0 0 1 0 0 0 0 0 0 0 0 0 0 0 0 0 0 0 0 0 0 0 0 0 0 0 0 0 0 0 0 0 0 0 0 0 0 0 0 0 0 0 0 0 0 0 0 0 0]
[1600897598437162452989136318030557599590817395802911767004342044190991098845405452837214648985779710811637148941616126686707596181868875569702462588007545722389959851967914711889659300516558181257820555557773545402173 0 0 0 0 0 0 0 0 0 0 0 0 0 0 0 0 0 0 0 0 0 0 0 0 0 1 0 0 0 0 0 0 0 0 0 0 0 0 0 0 0 0 0 0 0 0 0 0 0 0 0 0 0 0 0 0 0 0 0 0 0 0 0 0 0 0 0 0 0 0 0]
[380836495645769421295789034183959421586128075082323455409545169780960730470947665686606372249660636208469209970529311382307078449025674134878784726303832881236723312203663732298050394886085379419503713613832364882060 0 0 0 0 0 0 0 0 0 0 0 0 0 0 0 0 0 0 0 0 0 0 0 0 0 0 1 0 0 0 0 0 0 0 0 0 0 0 0 0 0 0 0 0 0 0 0 0 0 0 0 0 0 0 0 0 0 0 0 0 0 0 0 0 0 0 0 0 0 0 0]
[332111907046407081542846962459782095249873684262772696985734376378082266741548476452593692868867727352128297854699010515706401586782278288949432251971545232905353104270109924335340680061962984593198543612861451559906 0 0 0 0 0 0 0 0 0 0 0 0 0 0 0 0 0 0 0 0 0 0 0 0 0 0 0 1 0 0 0 0 0 0 0 0 0 0 0 0 0 0 0 0 0 0 0 0 0 0 0 0 0 0 0 0 0 0 0 0 0 0 0 0 0 0 0 0 0 0 0]
[2396700366417126284675257545453718027954243284303462193993457560950218842308843974415368279863261006092576369505050071894836569962467057946844106558761841642676856631844139596321417975688658824670806504059611362554719 0 0 0 0 0 0 0 0 0 0 0 0 0 0 0 0 0 0 0 0 0 0 0 0 0 0 0 0 1 0 0 0 0 0 0 0 0 0 0 0 0 0 0 0 0 0 0 0 0 0 0 0 0 0 0 0 0 0 0 0 0 0 0 0 0 0 0 0 0 0 0]
[757633570934509171510971976026969095122710171844914869933203648346611483674579694168648105002438538415527312448973401444222742583688005218737288690532836088619505423274973475214292778976723216273790795879035942157826 0 0 0 0 0 0 0 0 0 0 0 0 0 0 0 0 0 0 0 0 0 0 0 0 0 0 0 0 0 1 0 0 0 0 0 0 0 0 0 0 0 0 0 0 0 0 0 0 0 0 0 0 0 0 0 0 0 0 0 0 0 0 0 0 0 0 0 0 0 0 0]
[4035553581554526936705708828359020331917956141859469554836909084481552146716036939217706149610292137517839437814026992285132461577621266051414737511382252138790053658589541679481248652357706186554644600888787597307194 0 0 0 0 0 0 0 0 0 0 0 0 0 0 0 0 0 0 0 0 0 0 0 0 0 0 0 0 0 0 1 0 0 0 0 0 0 0 0 0 0 0 0 0 0 0 0 0 0 0 0 0 0 0 0 0 0 0 0 0 0 0 0 0 0 0 0 0 0 0 0]
[3104666070956212851662543870699086169448135672097904396141644387009456900200862843645361300084104023959465365412369349436431675363391290304971746472645878778245922216728987774414494735245080879382715457256139081014816 0 0 0 0 0 0 0 0 0 0 0 0 0 0 0 0 0 0 0 0 0 0 0 0 0 0 0 0 0 0 0 1 0 0 0 0 0 0 0 0 0 0 0 0 0 0 0 0 0 0 0 0 0 0 0 0 0 0 0 0 0 0 0 0 0 0 0 0 0 0 0]
[2286808467402425423861198899328317277926982484641716200844290727672287953830856222159871477027179882009907097803855829259874961419097142723916819102345421655747666378504357500082402868588970824722154161704059869932865 0 0 0 0 0 0 0 0 0 0 0 0 0 0 0 0 0 0 0 0 0 0 0 0 0 0 0 0 0 0 0 0 1 0 0 0 0 0 0 0 0 0 0 0 0 0 0 0 0 0 0 0 0 0 0 0 0 0 0 0 0 0 0 0 0 0 0 0 0 0 0]
[1265069043920438436008793757764817552673177645793320987039893311301876672791003452835123262336276354503252846117165543677445779673605118558321821839299487911227526382448600035794273183843446466443656526988441998042921 0 0 0 0 0 0 0 0 0 0 0 0 0 0 0 0 0 0 0 0 0 0 0 0 0 0 0 0 0 0 0 0 0 1 0 0 0 0 0 0 0 0 0 0 0 0 0 0 0 0 0 0 0 0 0 0 0 0 0 0 0 0 0 0 0 0 0 0 0 0 0]
[4784746222764174067857138801912481255235444760446330384957625582923406921688961498838246109408286589942279632421142648969210517685010915212074091636985573187400988997255039366423139392265506835442586892857423466185374 0 0 0 0 0 0 0 0 0 0 0 0 0 0 0 0 0 0 0 0 0 0 0 0 0 0 0 0 0 0 0 0 0 0 1 0 0 0 0 0 0 0 0 0 0 0 0 0 0 0 0 0 0 0 0 0 0 0 0 0 0 0 0 0 0 0 0 0 0 0 0]
[5137444531263933091508714491148737178195378736402236792966678759093353002263385441125974105612960201149851202464386392316629999490440627073107111376066238354402261833543094659209197739541078239104750534850354907300147 0 0 0 0 0 0 0 0 0 0 0 0 0 0 0 0 0 0 0 0 0 0 0 0 0 0 0 0 0 0 0 0 0 0 0 1 0 0 0 0 0 0 0 0 0 0 0 0 0 0 0 0 0 0 0 0 0 0 0 0 0 0 0 0 0 0 0 0 0 0 0]
[5422794174197496017319692463626263970944411384895956387085061268298734859785050259834195665052841805767677001362542612689286042120280586774663976989725363151024284823041264922222356304640543292399480563450011935760729 0 0 0 0 0 0 0 0 0 0 0 0 0 0 0 0 0 0 0 0 0 0 0 0 0 0 0 0 0 0 0 0 0 0 0 0 1 0 0 0 0 0 0 0 0 0 0 0 0 0 0 0 0 0 0 0 0 0 0 0 0 0 0 0 0 0 0 0 0 0 0]
[2786221304394093087293379269512466278958311023652839327452274914259944929245950968008327081655741921785439783690726571426775660741932776754439175587083300736489164270712248004594037989466554579654177543685457497164800 0 0 0 0 0 0 0 0 0 0 0 0 0 0 0 0 0 0 0 0 0 0 0 0 0 0 0 0 0 0 0 0 0 0 0 0 0 1 0 0 0 0 0 0 0 0 0 0 0 0 0 0 0 0 0 0 0 0 0 0 0 0 0 0 0 0 0 0 0 0 0]
[3545767035849291065430012979674255961462264369489470483551140722129294668131922279136450599720633100395759150838240659049794980665469251003968549972326958101517245302122439452177748170695053866893971680793663585709906 0 0 0 0 0 0 0 0 0 0 0 0 0 0 0 0 0 0 0 0 0 0 0 0 0 0 0 0 0 0 0 0 0 0 0 0 0 0 1 0 0 0 0 0 0 0 0 0 0 0 0 0 0 0 0 0 0 0 0 0 0 0 0 0 0 0 0 0 0 0 0]
[2049686576475610303396987556452337518762856421924903532231210864771299645339286427364081221537596756816202090590521997715151568354515416703174234270862205291644153006699362158589014014851976301343769094721052811910589 0 0 0 0 0 0 0 0 0 0 0 0 0 0 0 0 0 0 0 0 0 0 0 0 0 0 0 0 0 0 0 0 0 0 0 0 0 0 0 1 0 0 0 0 0 0 0 0 0 0 0 0 0 0 0 0 0 0 0 0 0 0 0 0 0 0 0 0 0 0 0]
[3138007231452819759016429859272001118457547205937115484171790343177768700200875808404295734086995395425841586585890028694266137624524408901234273999992544138927310844633594202865279196674893889858363921544626060750141 0 0 0 0 0 0 0 0 0 0 0 0 0 0 0 0 0 0 0 0 0 0 0 0 0 0 0 0 0 0 0 0 0 0 0 0 0 0 0 0 1 0 0 0 0 0 0 0 0 0 0 0 0 0 0 0 0 0 0 0 0 0 0 0 0 0 0 0 0 0 0]
[170531804549688853414293625956239122353547328264264859629773966918822935061159077125028414362289129739453645766378238766846037282895469847877518762716064615456420111884216108416825358246024270629206412845660729040789 0 0 0 0 0 0 0 0 0 0 0 0 0 0 0 0 0 0 0 0 0 0 0 0 0 0 0 0 0 0 0 0 0 0 0 0 0 0 0 0 0 1 0 0 0 0 0 0 0 0 0 0 0 0 0 0 0 0 0 0 0 0 0 0 0 0 0 0 0 0 0]
[126931550490958435882705008700712884638972221103640879697316491779743025341762611626111875552494984261801907910854624265748013756233433427668874065537572442519899261426851605354482351993975677364503185095349783259656 0 0 0 0 0 0 0 0 0 0 0 0 0 0 0 0 0 0 0 0 0 0 0 0 0 0 0 0 0 0 0 0 0 0 0 0 0 0 0 0 0 0 1 0 0 0 0 0 0 0 0 0 0 0 0 0 0 0 0 0 0 0 0 0 0 0 0 0 0 0 0]
[5395912358695891360215283734937348374105028806398134679151729898176775349480693710323163753630456878267401264198900168867758600185102471975059154750663573769701221657803227416468943338137275292585345468884001081705229 0 0 0 0 0 0 0 0 0 0 0 0 0 0 0 0 0 0 0 0 0 0 0 0 0 0 0 0 0 0 0 0 0 0 0 0 0 0 0 0 0 0 0 1 0 0 0 0 0 0 0 0 0 0 0 0 0 0 0 0 0 0 0 0 0 0 0 0 0 0 0]
[1121570532783976181525104077305881194285101473856283680741998855132296233926719050355667797194512052379306061792996447187195810116106781736495418113518674796263870223354415091526278057246417141896347827601210544471045 0 0 0 0 0 0 0 0 0 0 0 0 0 0 0 0 0 0 0 0 0 0 0 0 0 0 0 0 0 0 0 0 0 0 0 0 0 0 0 0 0 0 0 0 1 0 0 0 0 0 0 0 0 0 0 0 0 0 0 0 0 0 0 0 0 0 0 0 0 0 0]
[1872211216103685032388388618476860287610382626484913138758423607697599192332187369091819050052692161984447634596822997751312873710965370999524107953988120606177509763746888923713218565347292069294970613206486190302963 0 0 0 0 0 0 0 0 0 0 0 0 0 0 0 0 0 0 0 0 0 0 0 0 0 0 0 0 0 0 0 0 0 0 0 0 0 0 0 0 0 0 0 0 0 1 0 0 0 0 0 0 0 0 0 0 0 0 0 0 0 0 0 0 0 0 0 0 0 0 0]
[2746100311091392683566286321669662572422296700015579532482381539999751944430429751905242187792417778597507790535420319481370996233333300789318904406309078757030583492835604408956950407355488559745472831238100962018426 0 0 0 0 0 0 0 0 0 0 0 0 0 0 0 0 0 0 0 0 0 0 0 0 0 0 0 0 0 0 0 0 0 0 0 0 0 0 0 0 0 0 0 0 0 0 1 0 0 0 0 0 0 0 0 0 0 0 0 0 0 0 0 0 0 0 0 0 0 0 0]
[4630009432189534469864372347597811003503893857284023010629659196512782341137132614406685256951791321444505666619408575902523008003595841565272971841423539076952935673726820091148483748583718796666283776163514068521502 0 0 0 0 0 0 0 0 0 0 0 0 0 0 0 0 0 0 0 0 0 0 0 0 0 0 0 0 0 0 0 0 0 0 0 0 0 0 0 0 0 0 0 0 0 0 0 1 0 0 0 0 0 0 0 0 0 0 0 0 0 0 0 0 0 0 0 0 0 0 0]
[95984750654739803967362862509762360808348014066089817879193448218717445795019315516425060960504480985040960356651150430445059651085658432823331979081806622620316066981816706978584064195080035727499073604498859536392 0 0 0 0 0 0 0 0 0 0 0 0 0 0 0 0 0 0 0 0 0 0 0 0 0 0 0 0 0 0 0 0 0 0 0 0 0 0 0 0 0 0 0 0 0 0 0 0 1 0 0 0 0 0 0 0 0 0 0 0 0 0 0 0 0 0 0 0 0 0 0]
[4177134835568377826558832136655770644618733917863229339378648429404624425420369933649066943916606966357408935868925677333280601940397689104882152920072358959541026194596109151891398221005864211210403346981184469793717 0 0 0 0 0 0 0 0 0 0 0 0 0 0 0 0 0 0 0 0 0 0 0 0 0 0 0 0 0 0 0 0 0 0 0 0 0 0 0 0 0 0 0 0 0 0 0 0 0 1 0 0 0 0 0 0 0 0 0 0 0 0 0 0 0 0 0 0 0 0 0]
[1939137522235194842393062069557944441386370426914111043333572471018528485887146202865239371239142937694899288953407669750065325687256880591426906014021582538020631115504028334234956640340572027042846628915287817115828 0 0 0 0 0 0 0 0 0 0 0 0 0 0 0 0 0 0 0 0 0 0 0 0 0 0 0 0 0 0 0 0 0 0 0 0 0 0 0 0 0 0 0 0 0 0 0 0 0 0 1 0 0 0 0 0 0 0 0 0 0 0 0 0 0 0 0 0 0 0 0]
[1692195724123124541969587785395150213549579123173876376261060249153741270473567899833734604082525758535902950607185474278869060943540843536063910401705312229651802407452726674282035664308483177401367341629919446830989 0 0 0 0 0 0 0 0 0 0 0 0 0 0 0 0 0 0 0 0 0 0 0 0 0 0 0 0 0 0 0 0 0 0 0 0 0 0 0 0 0 0 0 0 0 0 0 0 0 0 0 1 0 0 0 0 0 0 0 0 0 0 0 0 0 0 0 0 0 0 0]
[2826274955231782635388733328043580339084213439970202786023751105340433760349648190571051847908448564039647152937930029003089658126987029212917505351950673295553572944206992870168715741047138175823518735384604684159257 0 0 0 0 0 0 0 0 0 0 0 0 0 0 0 0 0 0 0 0 0 0 0 0 0 0 0 0 0 0 0 0 0 0 0 0 0 0 0 0 0 0 0 0 0 0 0 0 0 0 0 0 1 0 0 0 0 0 0 0 0 0 0 0 0 0 0 0 0 0 0]
[660528224235611846589449441858890602483534281780141255864116105990049915747182492962421328648658874906359622938133624201115018335644614033961742987938970850418327720270382452170590560461351580525456377694026884996147 0 0 0 0 0 0 0 0 0 0 0 0 0 0 0 0 0 0 0 0 0 0 0 0 0 0 0 0 0 0 0 0 0 0 0 0 0 0 0 0 0 0 0 0 0 0 0 0 0 0 0 0 0 1 0 0 0 0 0 0 0 0 0 0 0 0 0 0 0 0 0]
[3545363493772382274931865880012149378250503662458548994349686980398655962207266417576867591972072442480499007243766130596517019762860644010497007725119135164643189272509005456665756952534998741543854716104528237502215 0 0 0 0 0 0 0 0 0 0 0 0 0 0 0 0 0 0 0 0 0 0 0 0 0 0 0 0 0 0 0 0 0 0 0 0 0 0 0 0 0 0 0 0 0 0 0 0 0 0 0 0 0 0 1 0 0 0 0 0 0 0 0 0 0 0 0 0 0 0 0]
[3204190575250270460832392685200353057685411037489602160876857512226608562514926424686686042414004512196099101250375448242879470206473100932269039181040482589788637932693327160930334075748430424173018174773433237273792 0 0 0 0 0 0 0 0 0 0 0 0 0 0 0 0 0 0 0 0 0 0 0 0 0 0 0 0 0 0 0 0 0 0 0 0 0 0 0 0 0 0 0 0 0 0 0 0 0 0 0 0 0 0 0 1 0 0 0 0 0 0 0 0 0 0 0 0 0 0 0]
[1001226429728298139686798207507928642693365236137046914561092375614596054621641294342167784677101841168440153650257773520704574938542393512330881115876229788130172401886959189687897483035739480879862624788486569023014 0 0 0 0 0 0 0 0 0 0 0 0 0 0 0 0 0 0 0 0 0 0 0 0 0 0 0 0 0 0 0 0 0 0 0 0 0 0 0 0 0 0 0 0 0 0 0 0 0 0 0 0 0 0 0 0 1 0 0 0 0 0 0 0 0 0 0 0 0 0 0]
[2726816582776853627477809965700358754656419382418282955616562953088312101469298624487849173571652747902260726168800870144667344654992495146472939134572443618383159155737649409063310428540313326490671793392788759403946 0 0 0 0 0 0 0 0 0 0 0 0 0 0 0 0 0 0 0 0 0 0 0 0 0 0 0 0 0 0 0 0 0 0 0 0 0 0 0 0 0 0 0 0 0 0 0 0 0 0 0 0 0 0 0 0 0 1 0 0 0 0 0 0 0 0 0 0 0 0 0]
[905277151756156536039899478407341479989923084669918899248219663980982934756209943665605318466985179374246244854746616453574529090210418689083803033336827159565203792532977194865977865907908575618388503814629807688615 0 0 0 0 0 0 0 0 0 0 0 0 0 0 0 0 0 0 0 0 0 0 0 0 0 0 0 0 0 0 0 0 0 0 0 0 0 0 0 0 0 0 0 0 0 0 0 0 0 0 0 0 0 0 0 0 0 0 1 0 0 0 0 0 0 0 0 0 0 0 0]
[3466450401625240421081816517759502047383637953765282236194163287393968886201707844503801627918108813010996407133693357857390674258120560597269968318764148002426858809074161358952186164837069456273401438002682314318454 0 0 0 0 0 0 0 0 0 0 0 0 0 0 0 0 0 0 0 0 0 0 0 0 0 0 0 0 0 0 0 0 0 0 0 0 0 0 0 0 0 0 0 0 0 0 0 0 0 0 0 0 0 0 0 0 0 0 0 1 0 0 0 0 0 0 0 0 0 0 0]
[1981255369668517476612084467191230239766791821963600007937220074080027930699936397472481386989919143352029172510043745620975131933286742097715034675944524690033834335904787642304986117983307314847157447589398642889826 0 0 0 0 0 0 0 0 0 0 0 0 0 0 0 0 0 0 0 0 0 0 0 0 0 0 0 0 0 0 0 0 0 0 0 0 0 0 0 0 0 0 0 0 0 0 0 0 0 0 0 0 0 0 0 0 0 0 0 0 1 0 0 0 0 0 0 0 0 0 0]
[181001694186023208529525109873902425773559577410384260291247395683999855645307872769115369362100990021139436117667510039557485385664142146489515211183967358351145091478420519766817798967450095510120898362248998914561 0 0 0 0 0 0 0 0 0 0 0 0 0 0 0 0 0 0 0 0 0 0 0 0 0 0 0 0 0 0 0 0 0 0 0 0 0 0 0 0 0 0 0 0 0 0 0 0 0 0 0 0 0 0 0 0 0 0 0 0 0 1 0 0 0 0 0 0 0 0 0]
[609899077723181306495137477067125192141317812025800132851800175080692049656022286785342290722622306502208607828254727584501050326155286789037277657785159889291122186721967711131388025072856087646321938362576029366069 0 0 0 0 0 0 0 0 0 0 0 0 0 0 0 0 0 0 0 0 0 0 0 0 0 0 0 0 0 0 0 0 0 0 0 0 0 0 0 0 0 0 0 0 0 0 0 0 0 0 0 0 0 0 0 0 0 0 0 0 0 0 1 0 0 0 0 0 0 0 0]
[2491276584963992548683229912971108636970289499239375105258861328522203073623810609289917018507386110980552365776077442094856532612582475785615733270739556078058555406414349785290998414228906937712344845890257066112726 0 0 0 0 0 0 0 0 0 0 0 0 0 0 0 0 0 0 0 0 0 0 0 0 0 0 0 0 0 0 0 0 0 0 0 0 0 0 0 0 0 0 0 0 0 0 0 0 0 0 0 0 0 0 0 0 0 0 0 0 0 0 0 1 0 0 0 0 0 0 0]
[3609552835398456209310173587220061605351343031250326349733239848591694995370866203908121588859674900793844390053171477823957464761171900367149827049645780017278124615338333720203898854926473398777623214198188381029353 0 0 0 0 0 0 0 0 0 0 0 0 0 0 0 0 0 0 0 0 0 0 0 0 0 0 0 0 0 0 0 0 0 0 0 0 0 0 0 0 0 0 0 0 0 0 0 0 0 0 0 0 0 0 0 0 0 0 0 0 0 0 0 0 1 0 0 0 0 0 0]
[408503730098219936523513291651574098154051431682681843173680793134529170353777671712935517148245763811765494329581729014422990203402535208262903485047623472636405547443646224904820620251573248417042527134392160268468 0 0 0 0 0 0 0 0 0 0 0 0 0 0 0 0 0 0 0 0 0 0 0 0 0 0 0 0 0 0 0 0 0 0 0 0 0 0 0 0 0 0 0 0 0 0 0 0 0 0 0 0 0 0 0 0 0 0 0 0 0 0 0 0 0 1 0 0 0 0 0]
[3551228094583125211363204251044512133036118343839884235907929605710738099785962119215657993816053249873886961922950104707998391443910970063753193606256817264407235501587763873432649537107256774454880467174364220051038 0 0 0 0 0 0 0 0 0 0 0 0 0 0 0 0 0 0 0 0 0 0 0 0 0 0 0 0 0 0 0 0 0 0 0 0 0 0 0 0 0 0 0 0 0 0 0 0 0 0 0 0 0 0 0 0 0 0 0 0 0 0 0 0 0 0 1 0 0 0 0]
[2723021879373576826096364030201876331377904807447252401296814402027209300757832527889284442066195167532414445635838369632925269813721799472158071279877063739945850819644918526158665890474554224269231636686818577999493 0 0 0 0 0 0 0 0 0 0 0 0 0 0 0 0 0 0 0 0 0 0 0 0 0 0 0 0 0 0 0 0 0 0 0 0 0 0 0 0 0 0 0 0 0 0 0 0 0 0 0 0 0 0 0 0 0 0 0 0 0 0 0 0 0 0 0 1 0 0 0]
[32198097750628576362480767745707857814004469021863961327092457539260456040443654128004338035736038119857364485314719308637646168814145979863717243933351133271947319807110428700816680276110913542215324765085118562253 0 0 0 0 0 0 0 0 0 0 0 0 0 0 0 0 0 0 0 0 0 0 0 0 0 0 0 0 0 0 0 0 0 0 0 0 0 0 0 0 0 0 0 0 0 0 0 0 0 0 0 0 0 0 0 0 0 0 0 0 0 0 0 0 0 0 0 0 1 0 0]
[3735250781611329325494208953961289353820057825047361542381606023706970108001178415827937225746574103072767352948786666017143990644236196378578274609123552746127480892083503614982618753271125466819488432210820029142223 0 0 0 0 0 0 0 0 0 0 0 0 0 0 0 0 0 0 0 0 0 0 0 0 0 0 0 0 0 0 0 0 0 0 0 0 0 0 0 0 0 0 0 0 0 0 0 0 0 0 0 0 0 0 0 0 0 0 0 0 0 0 0 0 0 0 0 0 0 1 0]
[626107645463049712647669846471440951060387896478013740358535729631898561506214250887935012345082138821204363023564623045097875453467017240140194485598599499892401659474504096652244714504822301795008794027281395049973 0 0 0 0 0 0 0 0 0 0 0 0 0 0 0 0 0 0 0 0 0 0 0 0 0 0 0 0 0 0 0 0 0 0 0 0 0 0 0 0 0 0 0 0 0 0 0 0 0 0 0 0 0 0 0 0 0 0 0 0 0 0 0 0 0 0 0 0 0 0 1]
]
