[[6181412512017682953895533861550227317841415260525770377673789390403059310898503815698434478790550079981006019218804639553835793982020250933895935159473266830484794805355801368077007261233983622135784953305781949290853536042622854843815053793 0 0 0 0 0 0 0 0 0 0 0 0 0 0 0 0 0 0 0 0 0 0 0 0 0 0 0 0 0 0 0 0 0 0 0 0 0 0 0 0 0 0 0 0 0 0 0 0 0 0 0 0 0 0 0 0 0 0 0 0 0 0 0 0 0 0 0 0 0 0 0 0 0 0 0 0 0 0 0]
[3192530391676676412523248319476708623362548316395838019222928331007068706494464441845652117736251376664184657477847018343829749349374711735891239615857754823449008356272057856812986559761451785994489422362967111494888950725194621504978382218 1 0 0 0 0 0 0 0 0 0 0 0 0 0 0 0 0 0 0 0 0 0 0 0 0 0 0 0 0 0 0 0 0 0 0 0 0 0 0 0 0 0 0 0 0 0 0 0 0 0 0 0 0 0 0 0 0 0 0 0 0 0 0 0 0 0 0 0 0 0 0 0 0 0 0 0 0 0 0]
[77555563399343506005426462253557861530054830445304164652069866982530768795696720782998483996774351345163124277802886252599410552904449037650172109218582861881858467756648694688739290643471877306771523520844483282972593260359037399998523002 0 1 0 0 0 0 0 0 0 0 0 0 0 0 0 0 0 0 0 0 0 0 0 0 0 0 0 0 0 0 0 0 0 0 0 0 0 0 0 0 0 0 0 0 0 0 0 0 0 0 0 0 0 0 0 0 0 0 0 0 0 0 0 0 0 0 0 0 0 0 0 0 0 0 0 0 0 0 0]
[728689575480763618074386071142338219178568765260931897209983365351054747230016299537701090665037122583189812497252327664125356790142767444519301673771422397937308152868598094055912489462815331104124345039178666993871394096069106357181033625 0 0 1 0 0 0 0 0 0 0 0 0 0 0 0 0 0 0 0 0 0 0 0 0 0 0 0 0 0 0 0 0 0 0 0 0 0 0 0 0 0 0 0 0 0 0 0 0 0 0 0 0 0 0 0 0 0 0 0 0 0 0 0 0 0 0 0 0 0 0 0 0 0 0 0 0 0 0 0]
[5073951798996034401495337008635094803024344738721229607257301667193645117448090840610411906912990601640257216024945986581749937055372117734565114243059270668640710005879330941761374480446239134066251887381921178395510569266286697636336826974 0 0 0 1 0 0 0 0 0 0 0 0 0 0 0 0 0 0 0 0 0 0 0 0 0 0 0 0 0 0 0 0 0 0 0 0 0 0 0 0 0 0 0 0 0 0 0 0 0 0 0 0 0 0 0 0 0 0 0 0 0 0 0 0 0 0 0 0 0 0 0 0 0 0 0 0 0 0 0]
[2428821243983077036898949585041172550419992773007391410805818002194323543066237972734310494844352346362752621716389948582160019225692343481493463134965812744058731686522681669437433457104620725411798431482061258042763324258031627622523541257 0 0 0 0 1 0 0 0 0 0 0 0 0 0 0 0 0 0 0 0 0 0 0 0 0 0 0 0 0 0 0 0 0 0 0 0 0 0 0 0 0 0 0 0 0 0 0 0 0 0 0 0 0 0 0 0 0 0 0 0 0 0 0 0 0 0 0 0 0 0 0 0 0 0 0 0 0 0 0]
[4947188581047670911600884874539469924025210260446254834957666897236105600994550531970244106506063662164515997495024080187343405975864874913065239517049726601687741793175527224482203367943560497167427971138889303212629565441094655188191031709 0 0 0 0 0 1 0 0 0 0 0 0 0 0 0 0 0 0 0 0 0 0 0 0 0 0 0 0 0 0 0 0 0 0 0 0 0 0 0 0 0 0 0 0 0 0 0 0 0 0 0 0 0 0 0 0 0 0 0 0 0 0 0 0 0 0 0 0 0 0 0 0 0 0 0 0 0 0 0]
[69945224504910214892922291341179604602310507499025798907081292167973477572399309983555508851322495701222485823117417128499205188229499285264884890800097947094341175741192319652162788594816156645282027982001328763767558631879179891722528446 0 0 0 0 0 0 1 0 0 0 0 0 0 0 0 0 0 0 0 0 0 0 0 0 0 0 0 0 0 0 0 0 0 0 0 0 0 0 0 0 0 0 0 0 0 0 0 0 0 0 0 0 0 0 0 0 0 0 0 0 0 0 0 0 0 0 0 0 0 0 0 0 0 0 0 0 0 0 0]
[5694310945179334100275935893589037561112701854514935920068448487280059539005126711147620799743311957625348448891974603097474013006662120880825835482250402133282284882969831104414872130992257219408662283302695795909703910062465024560644346661 0 0 0 0 0 0 0 1 0 0 0 0 0 0 0 0 0 0 0 0 0 0 0 0 0 0 0 0 0 0 0 0 0 0 0 0 0 0 0 0 0 0 0 0 0 0 0 0 0 0 0 0 0 0 0 0 0 0 0 0 0 0 0 0 0 0 0 0 0 0 0 0 0 0 0 0 0 0 0]
[2032724289258500692460223415677026592905242766706963983802874583815586949003827962757334701690119099250789465300144500840742600296926230704522324061688696070331289890869575141263510290108858196272830925006697473765398853284887798628126099432 0 0 0 0 0 0 0 0 1 0 0 0 0 0 0 0 0 0 0 0 0 0 0 0 0 0 0 0 0 0 0 0 0 0 0 0 0 0 0 0 0 0 0 0 0 0 0 0 0 0 0 0 0 0 0 0 0 0 0 0 0 0 0 0 0 0 0 0 0 0 0 0 0 0 0 0 0 0 0]
[1832431315518611389709902426069799699414881746877770997359775155038805634881601102607333067728054112246578413275668824139641743605042949683216470167395357191033287801945435963030844565253524077700075620750284797062951687875804275577438893269 0 0 0 0 0 0 0 0 0 1 0 0 0 0 0 0 0 0 0 0 0 0 0 0 0 0 0 0 0 0 0 0 0 0 0 0 0 0 0 0 0 0 0 0 0 0 0 0 0 0 0 0 0 0 0 0 0 0 0 0 0 0 0 0 0 0 0 0 0 0 0 0 0 0 0 0 0 0 0]
[3061265557705013651536359347368668739275745328575535902963309335773932349210311408896329093918063851868624086061331959055076385052735111269713816188362512402727578203783986379367146115181831807082042291770451745719972476992950490625157060578 0 0 0 0 0 0 0 0 0 0 1 0 0 0 0 0 0 0 0 0 0 0 0 0 0 0 0 0 0 0 0 0 0 0 0 0 0 0 0 0 0 0 0 0 0 0 0 0 0 0 0 0 0 0 0 0 0 0 0 0 0 0 0 0 0 0 0 0 0 0 0 0 0 0 0 0 0 0 0]
[5418903996022522905641716818758795495704162123633631772247062890725007075841574367049279562400057251892026179354623558154980483470318866572924661732574461021028429623339748947037404906829484412436603034901659409670436803626011973531891320935 0 0 0 0 0 0 0 0 0 0 0 1 0 0 0 0 0 0 0 0 0 0 0 0 0 0 0 0 0 0 0 0 0 0 0 0 0 0 0 0 0 0 0 0 0 0 0 0 0 0 0 0 0 0 0 0 0 0 0 0 0 0 0 0 0 0 0 0 0 0 0 0 0 0 0 0 0 0 0]
[5787775595347199174484026926624548172805245650082158701983364182702976677862440407726225654570202864596283205208941320563653444194425976098979482882077455515972735205856662084016606032535794226273460275077378122491824944651067338424314244006 0 0 0 0 0 0 0 0 0 0 0 0 1 0 0 0 0 0 0 0 0 0 0 0 0 0 0 0 0 0 0 0 0 0 0 0 0 0 0 0 0 0 0 0 0 0 0 0 0 0 0 0 0 0 0 0 0 0 0 0 0 0 0 0 0 0 0 0 0 0 0 0 0 0 0 0 0 0 0]
[586950902716297165774113569092295246683131761250506154278049896312079099800747538574417661216979787918941794433122832871422473555140469669687746057468204648304886046267815486138331951131174720518585694047896615287886088091160939677989145204 0 0 0 0 0 0 0 0 0 0 0 0 0 1 0 0 0 0 0 0 0 0 0 0 0 0 0 0 0 0 0 0 0 0 0 0 0 0 0 0 0 0 0 0 0 0 0 0 0 0 0 0 0 0 0 0 0 0 0 0 0 0 0 0 0 0 0 0 0 0 0 0 0 0 0 0 0 0 0]
[1281809318907017481383825485566756221598282532509333420722464919095959018934590412889677967206987335746576697153806405358458609453434161158842377586576847203267444082620727177298303066082374062918352033809928817012991804876498016515494101184 0 0 0 0 0 0 0 0 0 0 0 0 0 0 1 0 0 0 0 0 0 0 0 0 0 0 0 0 0 0 0 0 0 0 0 0 0 0 0 0 0 0 0 0 0 0 0 0 0 0 0 0 0 0 0 0 0 0 0 0 0 0 0 0 0 0 0 0 0 0 0 0 0 0 0 0 0 0 0]
[1342078792621314815192386971648319698328769463802591037666952324983682502664706948116612682085503491446294144882452739185640493118981178563693812594310541160612819539629765169118265268297073983599215157883656415763710398004958291872214745623 0 0 0 0 0 0 0 0 0 0 0 0 0 0 0 1 0 0 0 0 0 0 0 0 0 0 0 0 0 0 0 0 0 0 0 0 0 0 0 0 0 0 0 0 0 0 0 0 0 0 0 0 0 0 0 0 0 0 0 0 0 0 0 0 0 0 0 0 0 0 0 0 0 0 0 0 0 0 0]
[4366322980134645712006343135815942286283294833945691389812535643961916181898075591998729052057502914472312284564461635688754159565374032636817469227073099804584463418720353561756654498872055335526781384404342633659697224903060995642161100787 0 0 0 0 0 0 0 0 0 0 0 0 0 0 0 0 1 0 0 0 0 0 0 0 0 0 0 0 0 0 0 0 0 0 0 0 0 0 0 0 0 0 0 0 0 0 0 0 0 0 0 0 0 0 0 0 0 0 0 0 0 0 0 0 0 0 0 0 0 0 0 0 0 0 0 0 0 0 0]
[4134439407487855686169724592091966715820575092341398991025518979215018684662822907816365060731948798337081154957812854018616515496497101163263183576747547588885924762510795614876665145164878401961045173267179428748501163575420411653138374791 0 0 0 0 0 0 0 0 0 0 0 0 0 0 0 0 0 1 0 0 0 0 0 0 0 0 0 0 0 0 0 0 0 0 0 0 0 0 0 0 0 0 0 0 0 0 0 0 0 0 0 0 0 0 0 0 0 0 0 0 0 0 0 0 0 0 0 0 0 0 0 0 0 0 0 0 0 0 0]
[872631028213573918609159490306774183147346915810958482046136825259349685994914533844715885633872231446250682592993708733913476002312697422043325208746601104357297426536007808536588698708456167725179624013171503838667164074252530457178045284 0 0 0 0 0 0 0 0 0 0 0 0 0 0 0 0 0 0 1 0 0 0 0 0 0 0 0 0 0 0 0 0 0 0 0 0 0 0 0 0 0 0 0 0 0 0 0 0 0 0 0 0 0 0 0 0 0 0 0 0 0 0 0 0 0 0 0 0 0 0 0 0 0 0 0 0 0 0 0]
[152686598187722687844420281818041504172526567289818057777332340549946560440118233288689644643101765466006325181445198701109234923594374420379460463287378925978709226649889210389507930005602849429738355728170908366377329884229095616844729000 0 0 0 0 0 0 0 0 0 0 0 0 0 0 0 0 0 0 0 1 0 0 0 0 0 0 0 0 0 0 0 0 0 0 0 0 0 0 0 0 0 0 0 0 0 0 0 0 0 0 0 0 0 0 0 0 0 0 0 0 0 0 0 0 0 0 0 0 0 0 0 0 0 0 0 0 0 0 0]
[3723772502469131762974030402292209347157576205780615001587681516903867307147592979398901444126382093304790524790156985375168818768518142884590555764174351577812616970247952026981701066817833483034582587380521565104194266055243368654860443638 0 0 0 0 0 0 0 0 0 0 0 0 0 0 0 0 0 0 0 0 1 0 0 0 0 0 0 0 0 0 0 0 0 0 0 0 0 0 0 0 0 0 0 0 0 0 0 0 0 0 0 0 0 0 0 0 0 0 0 0 0 0 0 0 0 0 0 0 0 0 0 0 0 0 0 0 0 0 0]
[1623302505832760094594308395264608938146613965422671703485379485226689738863115609623372739613609144682902196297788019926179726402369562134809997104402229292192116224938897124397514215772844085808468418773336045920862021507387974799981459062 0 0 0 0 0 0 0 0 0 0 0 0 0 0 0 0 0 0 0 0 0 1 0 0 0 0 0 0 0 0 0 0 0 0 0 0 0 0 0 0 0 0 0 0 0 0 0 0 0 0 0 0 0 0 0 0 0 0 0 0 0 0 0 0 0 0 0 0 0 0 0 0 0 0 0 0 0 0 0]
[4679525667894661048594078844128535631409085083270509564860859905627387715618493586720903344247272553297797096514744686736661916402618481685247915257060283823491926461648301236499227875737605565899000188513218215882017494332106720463433418510 0 0 0 0 0 0 0 0 0 0 0 0 0 0 0 0 0 0 0 0 0 0 1 0 0 0 0 0 0 0 0 0 0 0 0 0 0 0 0 0 0 0 0 0 0 0 0 0 0 0 0 0 0 0 0 0 0 0 0 0 0 0 0 0 0 0 0 0 0 0 0 0 0 0 0 0 0 0 0]
[148170745496843443077713705850376166978537817350622350150005637856025716890904593432116334667894902366233140418011709481241074822705721307431256307515518449580599410804743974935714617090654639828180231863280710526357155427503935631529889036 0 0 0 0 0 0 0 0 0 0 0 0 0 0 0 0 0 0 0 0 0 0 0 1 0 0 0 0 0 0 0 0 0 0 0 0 0 0 0 0 0 0 0 0 0 0 0 0 0 0 0 0 0 0 0 0 0 0 0 0 0 0 0 0 0 0 0 0 0 0 0 0 0 0 0 0 0 0 0]
[3739879503860735391878327970032941007800390641869791376408514265339156877819900883971408344419690425619358652461615567189621235779282462246252911098334669634420086737225532127864558680395606680846341825869075253427399386460340122024157881013 0 0 0 0 0 0 0 0 0 0 0 0 0 0 0 0 0 0 0 0 0 0 0 0 1 0 0 0 0 0 0 0 0 0 0 0 0 0 0 0 0 0 0 0 0 0 0 0 0 0 0 0 0 0 0 0 0 0 0 0 0 0 0 0 0 0 0 0 0 0 0 0 0 0 0 0 0 0 0]
[2837681408426067931085103663427772570361529245535211484725537591682585887292072753533389990530694503926234432939689936909295812905908003172357977200442074977859632317535108309966723515199253751305126087931190469922841962772880440485545994756 0 0 0 0 0 0 0 0 0 0 0 0 0 0 0 0 0 0 0 0 0 0 0 0 0 1 0 0 0 0 0 0 0 0 0 0 0 0 0 0 0 0 0 0 0 0 0 0 0 0 0 0 0 0 0 0 0 0 0 0 0 0 0 0 0 0 0 0 0 0 0 0 0 0 0 0 0 0 0]
[4567088282353062493672111913953195724391247824903407328403568854086981762611236895869607275185371447594335128237342126443648729310745158898976542138700399561072051203802760214660543630601866161646863347550919472063857535169742963590006701071 0 0 0 0 0 0 0 0 0 0 0 0 0 0 0 0 0 0 0 0 0 0 0 0 0 0 1 0 0 0 0 0 0 0 0 0 0 0 0 0 0 0 0 0 0 0 0 0 0 0 0 0 0 0 0 0 0 0 0 0 0 0 0 0 0 0 0 0 0 0 0 0 0 0 0 0 0 0 0]
[1013150805295909128840003565238581332989547888580822897025657584008487894870122511639031731110057426211466112685835409865049802339460400670389223677110397268843193426340695894958312576920518675139808969937590535938024627552119593236399874083 0 0 0 0 0 0 0 0 0 0 0 0 0 0 0 0 0 0 0 0 0 0 0 0 0 0 0 1 0 0 0 0 0 0 0 0 0 0 0 0 0 0 0 0 0 0 0 0 0 0 0 0 0 0 0 0 0 0 0 0 0 0 0 0 0 0 0 0 0 0 0 0 0 0 0 0 0 0 0]
[5551002029555259696442171797980598523595077024444730324713247589975132748497437006019950951730824340279717812982125828713654087428980856490030779226292939350847226185606877879595140969989718196260280342946443141354367436171064088576037873462 0 0 0 0 0 0 0 0 0 0 0 0 0 0 0 0 0 0 0 0 0 0 0 0 0 0 0 0 1 0 0 0 0 0 0 0 0 0 0 0 0 0 0 0 0 0 0 0 0 0 0 0 0 0 0 0 0 0 0 0 0 0 0 0 0 0 0 0 0 0 0 0 0 0 0 0 0 0 0]
[5686096004257175534501303392284479125813674033471790683909545621402449148720764063599927814449186305578476066205556166927688691432217837912828566646596848315000700495213773408023172555959771633129930611700601773280459157493545775910511982047 0 0 0 0 0 0 0 0 0 0 0 0 0 0 0 0 0 0 0 0 0 0 0 0 0 0 0 0 0 1 0 0 0 0 0 0 0 0 0 0 0 0 0 0 0 0 0 0 0 0 0 0 0 0 0 0 0 0 0 0 0 0 0 0 0 0 0 0 0 0 0 0 0 0 0 0 0 0 0]
[79679092610759960078616911168390989096788057248890920082331290870441184803414269793495332522977015527814252977331526479566601467924071686596079224371469333167765771891541218737090340602202422891194143542989978949204109499194758715661180266 0 0 0 0 0 0 0 0 0 0 0 0 0 0 0 0 0 0 0 0 0 0 0 0 0 0 0 0 0 0 1 0 0 0 0 0 0 0 0 0 0 0 0 0 0 0 0 0 0 0 0 0 0 0 0 0 0 0 0 0 0 0 0 0 0 0 0 0 0 0 0 0 0 0 0 0 0 0 0]
[1004802515004909646490839936310420623208739954941016719643284289207957691976899128834406765672229035541066335558252359549051957461387205436801341038023861261342483015147696168970974673982190623309524118043434805365079315345614782429564908948 0 0 0 0 0 0 0 0 0 0 0 0 0 0 0 0 0 0 0 0 0 0 0 0 0 0 0 0 0 0 0 1 0 0 0 0 0 0 0 0 0 0 0 0 0 0 0 0 0 0 0 0 0 0 0 0 0 0 0 0 0 0 0 0 0 0 0 0 0 0 0 0 0 0 0 0 0 0 0]
[71067021261297753476796429892403471025565019738452479498996297736694406346543976141408247280194029340719421732291655446366320499922664240585196167230671195039840188274375377128248967145525409336026680301194723509157335089435190863147439050 0 0 0 0 0 0 0 0 0 0 0 0 0 0 0 0 0 0 0 0 0 0 0 0 0 0 0 0 0 0 0 0 1 0 0 0 0 0 0 0 0 0 0 0 0 0 0 0 0 0 0 0 0 0 0 0 0 0 0 0 0 0 0 0 0 0 0 0 0 0 0 0 0 0 0 0 0 0 0]
[5359461604825752201238586950885480110192389177706003376820227402669953477957232637203291308414433028619986669903347368999275430950034161080791608122883322291567158231415758412240989587752592329143398589286046117798902156166768657538219554227 0 0 0 0 0 0 0 0 0 0 0 0 0 0 0 0 0 0 0 0 0 0 0 0 0 0 0 0 0 0 0 0 0 1 0 0 0 0 0 0 0 0 0 0 0 0 0 0 0 0 0 0 0 0 0 0 0 0 0 0 0 0 0 0 0 0 0 0 0 0 0 0 0 0 0 0 0 0 0]
[1597046284789664469649872372176364806329981317535491115468520520450505626664662969923170879228271692820157738104943227380074607480806613949082019054092908805935407983705028763736726787647077951499360570372075681272357357829145215241999024466 0 0 0 0 0 0 0 0 0 0 0 0 0 0 0 0 0 0 0 0 0 0 0 0 0 0 0 0 0 0 0 0 0 0 1 0 0 0 0 0 0 0 0 0 0 0 0 0 0 0 0 0 0 0 0 0 0 0 0 0 0 0 0 0 0 0 0 0 0 0 0 0 0 0 0 0 0 0 0]
[4041496277754969408615705567816478523429787659721765330916694717158801423290033643252094443224165888919661371065360000744889679428091367933636921001388055540565157527521913533831977507958017598170409197212143090366192099526761160805719640119 0 0 0 0 0 0 0 0 0 0 0 0 0 0 0 0 0 0 0 0 0 0 0 0 0 0 0 0 0 0 0 0 0 0 0 1 0 0 0 0 0 0 0 0 0 0 0 0 0 0 0 0 0 0 0 0 0 0 0 0 0 0 0 0 0 0 0 0 0 0 0 0 0 0 0 0 0 0 0]
[3338682966445812147261371730355539023760308521723842642187909963103468471871915783705403472238209698962981902966226548573208654272783515345051585833887803977548356831234892758022017459681624042988982730177008277719085813896056563558868874779 0 0 0 0 0 0 0 0 0 0 0 0 0 0 0 0 0 0 0 0 0 0 0 0 0 0 0 0 0 0 0 0 0 0 0 0 1 0 0 0 0 0 0 0 0 0 0 0 0 0 0 0 0 0 0 0 0 0 0 0 0 0 0 0 0 0 0 0 0 0 0 0 0 0 0 0 0 0 0]
[4873416834460731891484553555811799129834811606215836830209556497115111004094082912476523188296880417141620240605077265578323797388861345538411646294169371477931893515119509236777627364082050219799092871286047925757830756031256826087314475228 0 0 0 0 0 0 0 0 0 0 0 0 0 0 0 0 0 0 0 0 0 0 0 0 0 0 0 0 0 0 0 0 0 0 0 0 0 1 0 0 0 0 0 0 0 0 0 0 0 0 0 0 0 0 0 0 0 0 0 0 0 0 0 0 0 0 0 0 0 0 0 0 0 0 0 0 0 0 0]
[3671991238136971837622413029600017196214358145285826275274806075062950223327491780175554736408118859841487335073483205435272016567328001791306088316148771774710066318583882803389299651082521348639780514800393718655143520219153071085680206976 0 0 0 0 0 0 0 0 0 0 0 0 0 0 0 0 0 0 0 0 0 0 0 0 0 0 0 0 0 0 0 0 0 0 0 0 0 0 1 0 0 0 0 0 0 0 0 0 0 0 0 0 0 0 0 0 0 0 0 0 0 0 0 0 0 0 0 0 0 0 0 0 0 0 0 0 0 0 0]
[4992489559276972442038253794539127967237594705326026834394797302773518273502823045878324313663944691565925416415652698626061172744255529430097340134170239647761576498534382148698172867191148794099502070520002500515370425313907105124889340581 0 0 0 0 0 0 0 0 0 0 0 0 0 0 0 0 0 0 0 0 0 0 0 0 0 0 0 0 0 0 0 0 0 0 0 0 0 0 0 1 0 0 0 0 0 0 0 0 0 0 0 0 0 0 0 0 0 0 0 0 0 0 0 0 0 0 0 0 0 0 0 0 0 0 0 0 0 0 0]
[4527098266916518179208807593050310411451696760359157086694368998932821129065253787641812500428597740908855772221599646224778940002371308430761373123412192851329351367710824338153481034835279744070133361453963969661122507635632244529841406674 0 0 0 0 0 0 0 0 0 0 0 0 0 0 0 0 0 0 0 0 0 0 0 0 0 0 0 0 0 0 0 0 0 0 0 0 0 0 0 0 1 0 0 0 0 0 0 0 0 0 0 0 0 0 0 0 0 0 0 0 0 0 0 0 0 0 0 0 0 0 0 0 0 0 0 0 0 0 0]
[382839330207527705260237041781919006207568110209356741461467496276206122964937573719607491391924602702166961075833112042928181558023251972942031801427261684364227421219087782540215509521570325795340701640086609098449614351319064989762688994 0 0 0 0 0 0 0 0 0 0 0 0 0 0 0 0 0 0 0 0 0 0 0 0 0 0 0 0 0 0 0 0 0 0 0 0 0 0 0 0 0 1 0 0 0 0 0 0 0 0 0 0 0 0 0 0 0 0 0 0 0 0 0 0 0 0 0 0 0 0 0 0 0 0 0 0 0 0 0]
[3871453782853624060712849932018950361354793843339283812626819438053827981359554742815310366671014762666474774809607127836056446316442185815458869192747244187061619568508727915743678596346657038116609719621532672663331312579765989316151423875 0 0 0 0 0 0 0 0 0 0 0 0 0 0 0 0 0 0 0 0 0 0 0 0 0 0 0 0 0 0 0 0 0 0 0 0 0 0 0 0 0 0 1 0 0 0 0 0 0 0 0 0 0 0 0 0 0 0 0 0 0 0 0 0 0 0 0 0 0 0 0 0 0 0 0 0 0 0 0]
[758039110929660321599159146526422196667629042872431764545178923940458068941871781924448051211652450804168527981915975290269239071651099128574869861925748237032392695492451239074373831570081876635306084864656923290452435558361818916779558458 0 0 0 0 0 0 0 0 0 0 0 0 0 0 0 0 0 0 0 0 0 0 0 0 0 0 0 0 0 0 0 0 0 0 0 0 0 0 0 0 0 0 0 1 0 0 0 0 0 0 0 0 0 0 0 0 0 0 0 0 0 0 0 0 0 0 0 0 0 0 0 0 0 0 0 0 0 0 0]
[2437940683998243422825954533399589994877565753230120243481134103970579513481047743679617748065732030043596312583600007849496104735634368722297379269536244413271450061701148373152966475043506241975823940940682819880950497367145093177718372069 0 0 0 0 0 0 0 0 0 0 0 0 0 0 0 0 0 0 0 0 0 0 0 0 0 0 0 0 0 0 0 0 0 0 0 0 0 0 0 0 0 0 0 0 1 0 0 0 0 0 0 0 0 0 0 0 0 0 0 0 0 0 0 0 0 0 0 0 0 0 0 0 0 0 0 0 0 0 0]
[1866639381367029381353102490852322206281238997593519495396656061332537389902096331858185341376802207045340796063002767824424702710578173807121541044171988796649243800590340406739299206786053068352460302185727131534019171188249929912965948780 0 0 0 0 0 0 0 0 0 0 0 0 0 0 0 0 0 0 0 0 0 0 0 0 0 0 0 0 0 0 0 0 0 0 0 0 0 0 0 0 0 0 0 0 0 1 0 0 0 0 0 0 0 0 0 0 0 0 0 0 0 0 0 0 0 0 0 0 0 0 0 0 0 0 0 0 0 0 0]
[5522437716332190993205022252376348513777499588032534598261696752366748779763936681845128208370736415296004554035948108064774649674354205258964136178675499310462085557410860546996895679510582628395911132522353281298448931433913236299072024134 0 0 0 0 0 0 0 0 0 0 0 0 0 0 0 0 0 0 0 0 0 0 0 0 0 0 0 0 0 0 0 0 0 0 0 0 0 0 0 0 0 0 0 0 0 0 1 0 0 0 0 0 0 0 0 0 0 0 0 0 0 0 0 0 0 0 0 0 0 0 0 0 0 0 0 0 0 0 0]
[2512679475752650300013617452068693810843760890364253040298401228830447321427424146708523362155452335623472448405445978728690444766558617430992282727889914158974758797378533696732714976927068697741912978691056728451106447125138530243315139724 0 0 0 0 0 0 0 0 0 0 0 0 0 0 0 0 0 0 0 0 0 0 0 0 0 0 0 0 0 0 0 0 0 0 0 0 0 0 0 0 0 0 0 0 0 0 0 1 0 0 0 0 0 0 0 0 0 0 0 0 0 0 0 0 0 0 0 0 0 0 0 0 0 0 0 0 0 0 0]
[3962102395370615771206103912203439907071935613864170553081789153048261576922087032017529667488472892316343281254075869053950653962644737252642050677282127672376128410892619672858321213922234797087931021126955722006054992152849567388601066863 0 0 0 0 0 0 0 0 0 0 0 0 0 0 0 0 0 0 0 0 0 0 0 0 0 0 0 0 0 0 0 0 0 0 0 0 0 0 0 0 0 0 0 0 0 0 0 0 1 0 0 0 0 0 0 0 0 0 0 0 0 0 0 0 0 0 0 0 0 0 0 0 0 0 0 0 0 0 0]
[41367771494990414307825872609675591321057903231548533217464103679269250881165769090897493261417502724705666894225397372671293527195634798717040773044211479441033933475828152005257349694137251186499490566273914478901549239363055852192518806 0 0 0 0 0 0 0 0 0 0 0 0 0 0 0 0 0 0 0 0 0 0 0 0 0 0 0 0 0 0 0 0 0 0 0 0 0 0 0 0 0 0 0 0 0 0 0 0 0 1 0 0 0 0 0 0 0 0 0 0 0 0 0 0 0 0 0 0 0 0 0 0 0 0 0 0 0 0 0]
[4194532657582869866378089235330624805310753777759745038384177701560970088441098105372207107461654922645403594689702476010133511215956396680451761709585928612596913019200595313100793383282934222252716709830874725962191290684926990583442913174 0 0 0 0 0 0 0 0 0 0 0 0 0 0 0 0 0 0 0 0 0 0 0 0 0 0 0 0 0 0 0 0 0 0 0 0 0 0 0 0 0 0 0 0 0 0 0 0 0 0 1 0 0 0 0 0 0 0 0 0 0 0 0 0 0 0 0 0 0 0 0 0 0 0 0 0 0 0 0]
[1574462629560049240544914040250226865999247090625116939551363666070066343903017089669408675254413379039869092543721629019449124209129732040480937607230894280337899034038257182449008321561575381765855899057781619773421810907971374534099377115 0 0 0 0 0 0 0 0 0 0 0 0 0 0 0 0 0 0 0 0 0 0 0 0 0 0 0 0 0 0 0 0 0 0 0 0 0 0 0 0 0 0 0 0 0 0 0 0 0 0 0 1 0 0 0 0 0 0 0 0 0 0 0 0 0 0 0 0 0 0 0 0 0 0 0 0 0 0 0]
[4257075150753494903078665247091580386204017523089521699178953921057882888280542727647419892516758509304626258307660389812807966177893359272500820559654399413419865466465733301288620476305414259903876794977556371832709309579216863199664444752 0 0 0 0 0 0 0 0 0 0 0 0 0 0 0 0 0 0 0 0 0 0 0 0 0 0 0 0 0 0 0 0 0 0 0 0 0 0 0 0 0 0 0 0 0 0 0 0 0 0 0 0 1 0 0 0 0 0 0 0 0 0 0 0 0 0 0 0 0 0 0 0 0 0 0 0 0 0 0]
[4053741970504855610921163780787218080028264533619376773274413647115798441787142977507601704809227186055609638570507513101353419844003489713844261117293821543585486439883130375124279570053797665534778151986074971354455196962083944002550598765 0 0 0 0 0 0 0 0 0 0 0 0 0 0 0 0 0 0 0 0 0 0 0 0 0 0 0 0 0 0 0 0 0 0 0 0 0 0 0 0 0 0 0 0 0 0 0 0 0 0 0 0 0 1 0 0 0 0 0 0 0 0 0 0 0 0 0 0 0 0 0 0 0 0 0 0 0 0 0]
[5000874097661502563839413474073434624814105147330929394532773071740309225052340657608011094101722032370270065875905953467687116118489327605967800853280030680736520101224766312451723242244399851498816456175006751843185804271902053835658472175 0 0 0 0 0 0 0 0 0 0 0 0 0 0 0 0 0 0 0 0 0 0 0 0 0 0 0 0 0 0 0 0 0 0 0 0 0 0 0 0 0 0 0 0 0 0 0 0 0 0 0 0 0 0 1 0 0 0 0 0 0 0 0 0 0 0 0 0 0 0 0 0 0 0 0 0 0 0 0]
[1094113053444166724052436966046418315926973332053970106271673842469895684800210199408549726413447820422632858205806132456599326412056804378354064832695640290751567909279712363512252971659191610336931713335111576528681293513636490374759916950 0 0 0 0 0 0 0 0 0 0 0 0 0 0 0 0 0 0 0 0 0 0 0 0 0 0 0 0 0 0 0 0 0 0 0 0 0 0 0 0 0 0 0 0 0 0 0 0 0 0 0 0 0 0 0 1 0 0 0 0 0 0 0 0 0 0 0 0 0 0 0 0 0 0 0 0 0 0 0]
[2963858051099377385267163246299658483586205003371216692213371178875950331586573959085655251527047166081624925325972196376594052818917507755713888864036759106098205542391099021933763853341433591495375461147350390823880243534518972084277578453 0 0 0 0 0 0 0 0 0 0 0 0 0 0 0 0 0 0 0 0 0 0 0 0 0 0 0 0 0 0 0 0 0 0 0 0 0 0 0 0 0 0 0 0 0 0 0 0 0 0 0 0 0 0 0 0 1 0 0 0 0 0 0 0 0 0 0 0 0 0 0 0 0 0 0 0 0 0 0]
[5444089804687756041566003292939623372742000270335371695107773450322498032860135598353340356872295122598993612429452148816940290929984969310878670768033942836328005502908069765512361947994231148133726611588801869663498662825439295937945150368 0 0 0 0 0 0 0 0 0 0 0 0 0 0 0 0 0 0 0 0 0 0 0 0 0 0 0 0 0 0 0 0 0 0 0 0 0 0 0 0 0 0 0 0 0 0 0 0 0 0 0 0 0 0 0 0 0 1 0 0 0 0 0 0 0 0 0 0 0 0 0 0 0 0 0 0 0 0 0]
[1708908432427291602327663520172420431063021280091919358551036313600819761878100403406485862892916807164961165342889331640951659026083410917944825899418361607654699108653180999603778956925561882333448658248781115321157545429668891228087163130 0 0 0 0 0 0 0 0 0 0 0 0 0 0 0 0 0 0 0 0 0 0 0 0 0 0 0 0 0 0 0 0 0 0 0 0 0 0 0 0 0 0 0 0 0 0 0 0 0 0 0 0 0 0 0 0 0 0 1 0 0 0 0 0 0 0 0 0 0 0 0 0 0 0 0 0 0 0 0]
[2620367963205202592448878683906400842353709782495811790213707189136609810456827437621960484725493785091900154002241470470567813048750297853424040698933933712626365671096602537468985370728928474939718920588580376698734262922043839059901136634 0 0 0 0 0 0 0 0 0 0 0 0 0 0 0 0 0 0 0 0 0 0 0 0 0 0 0 0 0 0 0 0 0 0 0 0 0 0 0 0 0 0 0 0 0 0 0 0 0 0 0 0 0 0 0 0 0 0 0 1 0 0 0 0 0 0 0 0 0 0 0 0 0 0 0 0 0 0 0]
[5650002244714627559288929719507893190927785941100212265993355767863019529070442008553505567676841715519341780713094698815128065919117746961996423395948232753691944768812044708540506022000635975426481889587193023850911217470643693858008136921 0 0 0 0 0 0 0 0 0 0 0 0 0 0 0 0 0 0 0 0 0 0 0 0 0 0 0 0 0 0 0 0 0 0 0 0 0 0 0 0 0 0 0 0 0 0 0 0 0 0 0 0 0 0 0 0 0 0 0 0 1 0 0 0 0 0 0 0 0 0 0 0 0 0 0 0 0 0 0]
[2465243126503032046838175702702985903552706035139864715705667081449097770116314108103893702272670992648356341102469634191750086564008133178025263421475251648338292980859550018547319812820702641113646692284837336044751253831585927007643726870 0 0 0 0 0 0 0 0 0 0 0 0 0 0 0 0 0 0 0 0 0 0 0 0 0 0 0 0 0 0 0 0 0 0 0 0 0 0 0 0 0 0 0 0 0 0 0 0 0 0 0 0 0 0 0 0 0 0 0 0 0 1 0 0 0 0 0 0 0 0 0 0 0 0 0 0 0 0 0]
[494045504677477734682245913372473909811069931280697160403052579340948459455087345628875969158294492184707550079961833241251879991339138902051778613988549880447266212261690717211943152568458609460918383656857042221686846668281778317703837304 0 0 0 0 0 0 0 0 0 0 0 0 0 0 0 0 0 0 0 0 0 0 0 0 0 0 0 0 0 0 0 0 0 0 0 0 0 0 0 0 0 0 0 0 0 0 0 0 0 0 0 0 0 0 0 0 0 0 0 0 0 0 1 0 0 0 0 0 0 0 0 0 0 0 0 0 0 0 0]
[4835809108399030778646121620866143393444282799151448624727070539846257233343986423099858541902887117027964900742291321032175604592300242114828182437558097984209998736463373839188601053908157036956071622005675937322974669825322613044837010872 0 0 0 0 0 0 0 0 0 0 0 0 0 0 0 0 0 0 0 0 0 0 0 0 0 0 0 0 0 0 0 0 0 0 0 0 0 0 0 0 0 0 0 0 0 0 0 0 0 0 0 0 0 0 0 0 0 0 0 0 0 0 0 1 0 0 0 0 0 0 0 0 0 0 0 0 0 0 0]
[5717016883131128690805723642387963821386650188334528704827192184176554087675016303973821164011985143554204561483946928243895825006560297297051926218292940111087708095098533186730111501386265928387598773582369974834968846551859911936445930983 0 0 0 0 0 0 0 0 0 0 0 0 0 0 0 0 0 0 0 0 0 0 0 0 0 0 0 0 0 0 0 0 0 0 0 0 0 0 0 0 0 0 0 0 0 0 0 0 0 0 0 0 0 0 0 0 0 0 0 0 0 0 0 0 1 0 0 0 0 0 0 0 0 0 0 0 0 0 0]
[926468745541797450698585814208867006164592288935935477648180183443759207121063375756455312945612152652721602315335682070415861225840921384879077275946138822549289493225043026150852899895294834080311411031081006560288784397146795160865128974 0 0 0 0 0 0 0 0 0 0 0 0 0 0 0 0 0 0 0 0 0 0 0 0 0 0 0 0 0 0 0 0 0 0 0 0 0 0 0 0 0 0 0 0 0 0 0 0 0 0 0 0 0 0 0 0 0 0 0 0 0 0 0 0 0 1 0 0 0 0 0 0 0 0 0 0 0 0 0]
[4363912330002400693400382845161189123352148209099764795614726013743956272901127582029911658718505765617144214987698361084245616934691338540046480888735172221338532432274561888464312140915997941844345076822780777677307578042997060335980579739 0 0 0 0 0 0 0 0 0 0 0 0 0 0 0 0 0 0 0 0 0 0 0 0 0 0 0 0 0 0 0 0 0 0 0 0 0 0 0 0 0 0 0 0 0 0 0 0 0 0 0 0 0 0 0 0 0 0 0 0 0 0 0 0 0 0 1 0 0 0 0 0 0 0 0 0 0 0 0]
[3793293706426062712294166866057486653484085677702643605239218119925417426854077166068210372075693246016822396610880067406800851936950022059163610059253802695692548105259398129435304788367445344351284130495011323940972656812376411144859291605 0 0 0 0 0 0 0 0 0 0 0 0 0 0 0 0 0 0 0 0 0 0 0 0 0 0 0 0 0 0 0 0 0 0 0 0 0 0 0 0 0 0 0 0 0 0 0 0 0 0 0 0 0 0 0 0 0 0 0 0 0 0 0 0 0 0 0 1 0 0 0 0 0 0 0 0 0 0 0]
[5199205232436677759268732448081499536455253308380822514083193266976075088851671134900364699680815479255685631536949285678175069767152816646954150643220095913098996556724507997272326506635536070887211810454967384221106889905309633292156232354 0 0 0 0 0 0 0 0 0 0 0 0 0 0 0 0 0 0 0 0 0 0 0 0 0 0 0 0 0 0 0 0 0 0 0 0 0 0 0 0 0 0 0 0 0 0 0 0 0 0 0 0 0 0 0 0 0 0 0 0 0 0 0 0 0 0 0 0 1 0 0 0 0 0 0 0 0 0 0]
[2588855062195537253909571341144370978727471440551340412222830918923491372080843925836849566266994944423987527420757731736551220677647643719830139535014945161123139866796895665947826156540853406704281649326407413912866325218716260258005665605 0 0 0 0 0 0 0 0 0 0 0 0 0 0 0 0 0 0 0 0 0 0 0 0 0 0 0 0 0 0 0 0 0 0 0 0 0 0 0 0 0 0 0 0 0 0 0 0 0 0 0 0 0 0 0 0 0 0 0 0 0 0 0 0 0 0 0 0 0 1 0 0 0 0 0 0 0 0 0]
[684218475360184330974252985679734921964728062515989060671048450956760822426764296381702548993882845735305318539332668049181870587944386201186146906964203884399374570612284754846358152108852779461720280065069212149101249826741503440764504081 0 0 0 0 0 0 0 0 0 0 0 0 0 0 0 0 0 0 0 0 0 0 0 0 0 0 0 0 0 0 0 0 0 0 0 0 0 0 0 0 0 0 0 0 0 0 0 0 0 0 0 0 0 0 0 0 0 0 0 0 0 0 0 0 0 0 0 0 0 0 1 0 0 0 0 0 0 0 0]
[2776873372484543329396164144075812321125242526494547740074409474047188928480127313819008525915795504273803176990178184144684622770948636558342795634713393631280903377886022746785123849784393955217774556389603785791911252323003027138895886411 0 0 0 0 0 0 0 0 0 0 0 0 0 0 0 0 0 0 0 0 0 0 0 0 0 0 0 0 0 0 0 0 0 0 0 0 0 0 0 0 0 0 0 0 0 0 0 0 0 0 0 0 0 0 0 0 0 0 0 0 0 0 0 0 0 0 0 0 0 0 0 1 0 0 0 0 0 0 0]
[3188864970447615162521075804746890431742444084557261891514048323271179139481646267310029345981686215087318132862754302667652263437060392366467659007972077621413631869757194723732111377607198774435562065618234817053925310606790364870528663727 0 0 0 0 0 0 0 0 0 0 0 0 0 0 0 0 0 0 0 0 0 0 0 0 0 0 0 0 0 0 0 0 0 0 0 0 0 0 0 0 0 0 0 0 0 0 0 0 0 0 0 0 0 0 0 0 0 0 0 0 0 0 0 0 0 0 0 0 0 0 0 0 1 0 0 0 0 0 0]
[916455551283611780093097022405140473932062689146346759916330876823534346060362685820057526125202554115021090105509826569098279526542786190024786065189049143161642742081102879678471246661226016597958016657090668509960816199112383511393860621 0 0 0 0 0 0 0 0 0 0 0 0 0 0 0 0 0 0 0 0 0 0 0 0 0 0 0 0 0 0 0 0 0 0 0 0 0 0 0 0 0 0 0 0 0 0 0 0 0 0 0 0 0 0 0 0 0 0 0 0 0 0 0 0 0 0 0 0 0 0 0 0 0 1 0 0 0 0 0]
[4151918297674138163822678177596981489662077121881569592788005311067686241778629208823854830834609881914860044405135556683972224958558244032273140604265205949853216310966948731526590650783365389595588493197309032113416790195919236818047351932 0 0 0 0 0 0 0 0 0 0 0 0 0 0 0 0 0 0 0 0 0 0 0 0 0 0 0 0 0 0 0 0 0 0 0 0 0 0 0 0 0 0 0 0 0 0 0 0 0 0 0 0 0 0 0 0 0 0 0 0 0 0 0 0 0 0 0 0 0 0 0 0 0 0 1 0 0 0 0]
[3743898251745928367959535785522324199912448006278222298553035115246756388810894332215986069060595469753067447730393374353932115134811480571412067285706440991497893032251913317561506125046974119988803897777137441971385666469057312596552248929 0 0 0 0 0 0 0 0 0 0 0 0 0 0 0 0 0 0 0 0 0 0 0 0 0 0 0 0 0 0 0 0 0 0 0 0 0 0 0 0 0 0 0 0 0 0 0 0 0 0 0 0 0 0 0 0 0 0 0 0 0 0 0 0 0 0 0 0 0 0 0 0 0 0 0 1 0 0 0]
[5413694927816487236991036984625633549316857096034477658792646667903249013909901010220179332813335490299952489377758398216797890512402156830813251437011355300750716188033659205472216774233990196010514350229598615003506867287240340698241240968 0 0 0 0 0 0 0 0 0 0 0 0 0 0 0 0 0 0 0 0 0 0 0 0 0 0 0 0 0 0 0 0 0 0 0 0 0 0 0 0 0 0 0 0 0 0 0 0 0 0 0 0 0 0 0 0 0 0 0 0 0 0 0 0 0 0 0 0 0 0 0 0 0 0 0 0 1 0 0]
[1649416692606740280896433661724224393706838873331271552778991033698727862146358992824132173612150261696391250821935249142108855707551177741843692059502371779494729630195899703799109231877808353470385445435069265462500284081228135154577904123 0 0 0 0 0 0 0 0 0 0 0 0 0 0 0 0 0 0 0 0 0 0 0 0 0 0 0 0 0 0 0 0 0 0 0 0 0 0 0 0 0 0 0 0 0 0 0 0 0 0 0 0 0 0 0 0 0 0 0 0 0 0 0 0 0 0 0 0 0 0 0 0 0 0 0 0 0 1 0]
[2975362296638320594383665897714329841231955553902872604741766648038106757612376895251833622662655005077018552194656158533085038802027750192989089183161018872720830904076278368995786810828379020948064398697603604455804064829340255031515589224 0 0 0 0 0 0 0 0 0 0 0 0 0 0 0 0 0 0 0 0 0 0 0 0 0 0 0 0 0 0 0 0 0 0 0 0 0 0 0 0 0 0 0 0 0 0 0 0 0 0 0 0 0 0 0 0 0 0 0 0 0 0 0 0 0 0 0 0 0 0 0 0 0 0 0 0 0 0 1]
]
