[[5735409377978690332798947244846869839417445216613590434590972616830641317655096471783260503410976803048705145681404332831568531519104189670810190986021663275926920764845292610336918307129128173853452956327230035688865868343073124789202388382862504429734351218107989934566186200138421209726970909 0 0 0 0 0 0 0 0 0 0 0 0 0 0 0 0 0 0 0 0 0 0 0 0 0 0 0 0 0 0 0 0 0 0 0 0 0 0 0 0 0 0 0 0 0 0 0 0 0 0 0 0 0 0 0 0 0 0 0 0 0 0 0 0 0 0 0 0 0 0 0 0 0 0 0 0 0 0 0 0 0 0 0 0 0 0 0 0 0 0 0 0 0 0 0 0 0]
[96659639525329820038596215202136385549468552160343636884374028089451835881900629538311796233720017304412003168939435909688139724273156634799257839631048876729339733168192524867256877100989603111646778157102015144721840840714840619178307668991152441426234205865034735368641678368945057013755651 1 0 0 0 0 0 0 0 0 0 0 0 0 0 0 0 0 0 0 0 0 0 0 0 0 0 0 0 0 0 0 0 0 0 0 0 0 0 0 0 0 0 0 0 0 0 0 0 0 0 0 0 0 0 0 0 0 0 0 0 0 0 0 0 0 0 0 0 0 0 0 0 0 0 0 0 0 0 0 0 0 0 0 0 0 0 0 0 0 0 0 0 0 0 0 0 0]
[5473667476169955671334609454144877359735896525953439074559492136603970587597007131519227600842008429862169645776274146064223799969961276319828501407943754285508790688706349464181881580216550362709860339083951368058019101882530821392244796464744413064100125836018746913085226320313942184502746925 0 1 0 0 0 0 0 0 0 0 0 0 0 0 0 0 0 0 0 0 0 0 0 0 0 0 0 0 0 0 0 0 0 0 0 0 0 0 0 0 0 0 0 0 0 0 0 0 0 0 0 0 0 0 0 0 0 0 0 0 0 0 0 0 0 0 0 0 0 0 0 0 0 0 0 0 0 0 0 0 0 0 0 0 0 0 0 0 0 0 0 0 0 0 0 0 0]
[1398991260276057868359834920272629614331534680957337020254393669587801051589106804853268070152318701149530579870301526051696584498199882667919573188982255701730437143435506769952455748384816537990347222214054019991657327681651458594640627289126634295723272035659836889579547127208879368141941904 0 0 1 0 0 0 0 0 0 0 0 0 0 0 0 0 0 0 0 0 0 0 0 0 0 0 0 0 0 0 0 0 0 0 0 0 0 0 0 0 0 0 0 0 0 0 0 0 0 0 0 0 0 0 0 0 0 0 0 0 0 0 0 0 0 0 0 0 0 0 0 0 0 0 0 0 0 0 0 0 0 0 0 0 0 0 0 0 0 0 0 0 0 0 0 0 0]
[4958184922250530719719619347318136723362603443514514775763342461107074872142626979417675599281026574261206676346200053556019070523556838054728496542986674271504818570702948074358830585455303344613400479071610272058573740941397404341948552520244162733426071613507955112202052800352446548428373492 0 0 0 1 0 0 0 0 0 0 0 0 0 0 0 0 0 0 0 0 0 0 0 0 0 0 0 0 0 0 0 0 0 0 0 0 0 0 0 0 0 0 0 0 0 0 0 0 0 0 0 0 0 0 0 0 0 0 0 0 0 0 0 0 0 0 0 0 0 0 0 0 0 0 0 0 0 0 0 0 0 0 0 0 0 0 0 0 0 0 0 0 0 0 0 0 0]
[3033099971492434503458886101619847102272650342596735563568048291076473384840346142453510243874837164306300247495085348762315828356502948870684861717289456049273056137888363618266487209010316017429564103585421981666287409979372682484022871877190294145445807686123572612210272906981042515791256992 0 0 0 0 1 0 0 0 0 0 0 0 0 0 0 0 0 0 0 0 0 0 0 0 0 0 0 0 0 0 0 0 0 0 0 0 0 0 0 0 0 0 0 0 0 0 0 0 0 0 0 0 0 0 0 0 0 0 0 0 0 0 0 0 0 0 0 0 0 0 0 0 0 0 0 0 0 0 0 0 0 0 0 0 0 0 0 0 0 0 0 0 0 0 0 0 0]
[2434760544949110266388977595204484136122154888003032741811106368028778832426398023632362096644741777723373050293074570305024370199556933537900228733555525968404772336149487842879068265788702271078088462392455609034538530383602651850331903945646624422217864546136558934190178670337748629249525679 0 0 0 0 0 1 0 0 0 0 0 0 0 0 0 0 0 0 0 0 0 0 0 0 0 0 0 0 0 0 0 0 0 0 0 0 0 0 0 0 0 0 0 0 0 0 0 0 0 0 0 0 0 0 0 0 0 0 0 0 0 0 0 0 0 0 0 0 0 0 0 0 0 0 0 0 0 0 0 0 0 0 0 0 0 0 0 0 0 0 0 0 0 0 0 0 0]
[3167904832495227844993593272825076666976600445746105330343708382249600145911572587223833596335976822571565658151720912973568943893409097013525209582263044623518120940594182874286013903400073748510520587083357399515250629423485822232323990048696336241763232994761817501655508307997718600467383066 0 0 0 0 0 0 1 0 0 0 0 0 0 0 0 0 0 0 0 0 0 0 0 0 0 0 0 0 0 0 0 0 0 0 0 0 0 0 0 0 0 0 0 0 0 0 0 0 0 0 0 0 0 0 0 0 0 0 0 0 0 0 0 0 0 0 0 0 0 0 0 0 0 0 0 0 0 0 0 0 0 0 0 0 0 0 0 0 0 0 0 0 0 0 0 0 0]
[4425022329154912915174654483283706894551315815057327507961376839695367466165492665545938408667187183651873432053411148284782025788408277529120376401675727647731915107555292697470135165947432291729459045353066408267379597242223551122464757554207177369184875398093783803870104162574141365844078561 0 0 0 0 0 0 0 1 0 0 0 0 0 0 0 0 0 0 0 0 0 0 0 0 0 0 0 0 0 0 0 0 0 0 0 0 0 0 0 0 0 0 0 0 0 0 0 0 0 0 0 0 0 0 0 0 0 0 0 0 0 0 0 0 0 0 0 0 0 0 0 0 0 0 0 0 0 0 0 0 0 0 0 0 0 0 0 0 0 0 0 0 0 0 0 0 0]
[1006703717026749610614364900254173070525403263471169047571003318532165597083147751749421660432994598237733972654653344828338428305959762455028948210256019859775519460256582905205246478262567058555502227643687005364281549013526780785459241064808536051321477216188457373631742760767936659905666920 0 0 0 0 0 0 0 0 1 0 0 0 0 0 0 0 0 0 0 0 0 0 0 0 0 0 0 0 0 0 0 0 0 0 0 0 0 0 0 0 0 0 0 0 0 0 0 0 0 0 0 0 0 0 0 0 0 0 0 0 0 0 0 0 0 0 0 0 0 0 0 0 0 0 0 0 0 0 0 0 0 0 0 0 0 0 0 0 0 0 0 0 0 0 0 0 0]
[5641694697843721846824831034777768017924977308694457284029959821882277518369585260997668728390902640874525382284590470392642033532817248338111505761395573697606223159308152589772061943316607278463531294610578558168634759839548316695809183398089251222295129681023169907983353657621974627127929332 0 0 0 0 0 0 0 0 0 1 0 0 0 0 0 0 0 0 0 0 0 0 0 0 0 0 0 0 0 0 0 0 0 0 0 0 0 0 0 0 0 0 0 0 0 0 0 0 0 0 0 0 0 0 0 0 0 0 0 0 0 0 0 0 0 0 0 0 0 0 0 0 0 0 0 0 0 0 0 0 0 0 0 0 0 0 0 0 0 0 0 0 0 0 0 0 0]
[209984384062238602186186323373484018489555121621525410168305840234173498724381356586494656179947354191810851708196403013877365299547228662793959107160231060806484727981209507608485887423810560152003008104245369290130987580771857060140901557601618296441461521925778231023877479003854301983427983 0 0 0 0 0 0 0 0 0 0 1 0 0 0 0 0 0 0 0 0 0 0 0 0 0 0 0 0 0 0 0 0 0 0 0 0 0 0 0 0 0 0 0 0 0 0 0 0 0 0 0 0 0 0 0 0 0 0 0 0 0 0 0 0 0 0 0 0 0 0 0 0 0 0 0 0 0 0 0 0 0 0 0 0 0 0 0 0 0 0 0 0 0 0 0 0 0]
[134731915985197826639524688128141805613480379091656480031810153339871256543873660138945209039232922826021065552580228197691094608520475198129082498271280382939390355333488149575705900810253130008805133924051899479439125071584419250739190611063102460419857838021410572274586610497617023779274592 0 0 0 0 0 0 0 0 0 0 0 1 0 0 0 0 0 0 0 0 0 0 0 0 0 0 0 0 0 0 0 0 0 0 0 0 0 0 0 0 0 0 0 0 0 0 0 0 0 0 0 0 0 0 0 0 0 0 0 0 0 0 0 0 0 0 0 0 0 0 0 0 0 0 0 0 0 0 0 0 0 0 0 0 0 0 0 0 0 0 0 0 0 0 0 0 0]
[4171671690431178976210797154942012150400004810659796121232467284723742111394232182842273266925416331564214843664321137944991269333279768251862881535940018862962949998416060616469715731673725900257648753637562478976724000983577682546716281724850310000802013613382580013068266686457556359581826947 0 0 0 0 0 0 0 0 0 0 0 0 1 0 0 0 0 0 0 0 0 0 0 0 0 0 0 0 0 0 0 0 0 0 0 0 0 0 0 0 0 0 0 0 0 0 0 0 0 0 0 0 0 0 0 0 0 0 0 0 0 0 0 0 0 0 0 0 0 0 0 0 0 0 0 0 0 0 0 0 0 0 0 0 0 0 0 0 0 0 0 0 0 0 0 0 0]
[1794026587359720745197764935544648269302022606240641003583872873529212125889337325213315927368260609825559067038685506336281026158661622402130123720813541591339493663151542946645116472267574465823290255409873089025585186667248493651035371610700436886385358724205695789649339872634380641955303791 0 0 0 0 0 0 0 0 0 0 0 0 0 1 0 0 0 0 0 0 0 0 0 0 0 0 0 0 0 0 0 0 0 0 0 0 0 0 0 0 0 0 0 0 0 0 0 0 0 0 0 0 0 0 0 0 0 0 0 0 0 0 0 0 0 0 0 0 0 0 0 0 0 0 0 0 0 0 0 0 0 0 0 0 0 0 0 0 0 0 0 0 0 0 0 0 0]
[258707966022839327375557077374659160389207713023401945193331047100512763950283231456963043725929389960670533724189190087340601243969546572888339771750725552790954203077214138379329741059027219839360839767869114308164035628451186337977963595011479725375043470852252741257470465351125287046042533 0 0 0 0 0 0 0 0 0 0 0 0 0 0 1 0 0 0 0 0 0 0 0 0 0 0 0 0 0 0 0 0 0 0 0 0 0 0 0 0 0 0 0 0 0 0 0 0 0 0 0 0 0 0 0 0 0 0 0 0 0 0 0 0 0 0 0 0 0 0 0 0 0 0 0 0 0 0 0 0 0 0 0 0 0 0 0 0 0 0 0 0 0 0 0 0 0]
[689871543088042072645620941766088034777864093010859010923887108087822089597344464415048972005783866856650450651710774978583439731695737789381258902033389877537195155524593880101386012559288290679716113419797889890146232709697455104843749836031345031211995905158424661204839430493356202986697138 0 0 0 0 0 0 0 0 0 0 0 0 0 0 0 1 0 0 0 0 0 0 0 0 0 0 0 0 0 0 0 0 0 0 0 0 0 0 0 0 0 0 0 0 0 0 0 0 0 0 0 0 0 0 0 0 0 0 0 0 0 0 0 0 0 0 0 0 0 0 0 0 0 0 0 0 0 0 0 0 0 0 0 0 0 0 0 0 0 0 0 0 0 0 0 0 0]
[3952730765164858681930101621967023707325392160853793000133805390143281946641570694827817041934562202385736322031443306134135092444455945922609204742859302264459626549694321837242313413646209774521483789963090525891415480866226760552026561641249297308795627478684666555110770909028536682083707055 0 0 0 0 0 0 0 0 0 0 0 0 0 0 0 0 1 0 0 0 0 0 0 0 0 0 0 0 0 0 0 0 0 0 0 0 0 0 0 0 0 0 0 0 0 0 0 0 0 0 0 0 0 0 0 0 0 0 0 0 0 0 0 0 0 0 0 0 0 0 0 0 0 0 0 0 0 0 0 0 0 0 0 0 0 0 0 0 0 0 0 0 0 0 0 0 0]
[1262619690651568862247089006979916364781150144478602911059463690578292964542132835817773763857647424686161830636479513744938399767974572960927273092513059923577456191250870169621879382598742283981212410478476330489964161207379348788837544183594800273187544225784598884119231988420211240327204575 0 0 0 0 0 0 0 0 0 0 0 0 0 0 0 0 0 1 0 0 0 0 0 0 0 0 0 0 0 0 0 0 0 0 0 0 0 0 0 0 0 0 0 0 0 0 0 0 0 0 0 0 0 0 0 0 0 0 0 0 0 0 0 0 0 0 0 0 0 0 0 0 0 0 0 0 0 0 0 0 0 0 0 0 0 0 0 0 0 0 0 0 0 0 0 0 0]
[5093222970100332941440133448997288692310972695310125102222275920314791732226944816841209578884800704524063211980562095057357971338642469815557917575730752794764141619952039671173660562075729692566899174049939011831663398262682559145207032521065788980723872987161180157231543733477639998247922192 0 0 0 0 0 0 0 0 0 0 0 0 0 0 0 0 0 0 1 0 0 0 0 0 0 0 0 0 0 0 0 0 0 0 0 0 0 0 0 0 0 0 0 0 0 0 0 0 0 0 0 0 0 0 0 0 0 0 0 0 0 0 0 0 0 0 0 0 0 0 0 0 0 0 0 0 0 0 0 0 0 0 0 0 0 0 0 0 0 0 0 0 0 0 0 0 0]
[3780123472954698715767214381121551696810016784652564192632778744699117888874024844702437266696146350071024480586882408735853316219037904178448102580934216368847894578551075157669399370632636515997668568058055705288574395604160622942596908602178910264222684384987278278875180778158995620478093057 0 0 0 0 0 0 0 0 0 0 0 0 0 0 0 0 0 0 0 1 0 0 0 0 0 0 0 0 0 0 0 0 0 0 0 0 0 0 0 0 0 0 0 0 0 0 0 0 0 0 0 0 0 0 0 0 0 0 0 0 0 0 0 0 0 0 0 0 0 0 0 0 0 0 0 0 0 0 0 0 0 0 0 0 0 0 0 0 0 0 0 0 0 0 0 0 0]
[1925615793879625772711249416745050963000068010569735799456311249641558660257279496897206879747738189964790538152021456299491263966628232661234854695586956486757687051050981319111840052860644630192173992020872383281880815895568094704820996370049545583536828025579665719540296720738557843507648050 0 0 0 0 0 0 0 0 0 0 0 0 0 0 0 0 0 0 0 0 1 0 0 0 0 0 0 0 0 0 0 0 0 0 0 0 0 0 0 0 0 0 0 0 0 0 0 0 0 0 0 0 0 0 0 0 0 0 0 0 0 0 0 0 0 0 0 0 0 0 0 0 0 0 0 0 0 0 0 0 0 0 0 0 0 0 0 0 0 0 0 0 0 0 0 0 0]
[5182417989207166059042843635342488123918950201952679401953202099387133556625570180526884143436544347209279116426134658273929035693046138684472527526660506455904930614094793855849175982133388173075489852159187096221607154041976472010012102768885019606825974692693448462753684499878362968517995307 0 0 0 0 0 0 0 0 0 0 0 0 0 0 0 0 0 0 0 0 0 1 0 0 0 0 0 0 0 0 0 0 0 0 0 0 0 0 0 0 0 0 0 0 0 0 0 0 0 0 0 0 0 0 0 0 0 0 0 0 0 0 0 0 0 0 0 0 0 0 0 0 0 0 0 0 0 0 0 0 0 0 0 0 0 0 0 0 0 0 0 0 0 0 0 0 0]
[3338788351158852550253463800032587851221059337383614679507513058003355745310788995173608055011691534761606792208990337967218833193287101447395751799016455828893108768481714760608147528612010876266533185533966966974854232637755699021663378359997509643231395762533961916305749312044599279329388155 0 0 0 0 0 0 0 0 0 0 0 0 0 0 0 0 0 0 0 0 0 0 1 0 0 0 0 0 0 0 0 0 0 0 0 0 0 0 0 0 0 0 0 0 0 0 0 0 0 0 0 0 0 0 0 0 0 0 0 0 0 0 0 0 0 0 0 0 0 0 0 0 0 0 0 0 0 0 0 0 0 0 0 0 0 0 0 0 0 0 0 0 0 0 0 0 0]
[3737803662008881026121232699984437009974696119188802908546145137602831542716853862527210027700099226198141070006096295802243760702579620128522070175755207486344759594617379019653073271742703470745959833620330508223613827187255270140002616850028662003760990983983277773500255233449031142112901973 0 0 0 0 0 0 0 0 0 0 0 0 0 0 0 0 0 0 0 0 0 0 0 1 0 0 0 0 0 0 0 0 0 0 0 0 0 0 0 0 0 0 0 0 0 0 0 0 0 0 0 0 0 0 0 0 0 0 0 0 0 0 0 0 0 0 0 0 0 0 0 0 0 0 0 0 0 0 0 0 0 0 0 0 0 0 0 0 0 0 0 0 0 0 0 0 0]
[775966777691725871285133811971717712176243268547894199794510216910296964786583990418443621984449334951108815596120572899761823059857705392524209425499086019729253579885567483170149702242527877625026147719366594267615136729422514914561735382611230079325660083114475752284818752240862650142187382 0 0 0 0 0 0 0 0 0 0 0 0 0 0 0 0 0 0 0 0 0 0 0 0 1 0 0 0 0 0 0 0 0 0 0 0 0 0 0 0 0 0 0 0 0 0 0 0 0 0 0 0 0 0 0 0 0 0 0 0 0 0 0 0 0 0 0 0 0 0 0 0 0 0 0 0 0 0 0 0 0 0 0 0 0 0 0 0 0 0 0 0 0 0 0 0 0]
[3681697243161878771746851267636016004690799950120959197248324699712950628309513195627171225467116341968995135641579122606889402827856108402020294396663837862888179710463370748669872439920255046053472644575066337098796232049329860217548214362403417788205556177679996661725357457586939649068499697 0 0 0 0 0 0 0 0 0 0 0 0 0 0 0 0 0 0 0 0 0 0 0 0 0 1 0 0 0 0 0 0 0 0 0 0 0 0 0 0 0 0 0 0 0 0 0 0 0 0 0 0 0 0 0 0 0 0 0 0 0 0 0 0 0 0 0 0 0 0 0 0 0 0 0 0 0 0 0 0 0 0 0 0 0 0 0 0 0 0 0 0 0 0 0 0 0]
[4879972105208193595810993669793013651169851521908471389040324467258215024957800585035204029834851710491822688179902127029895444764552132312708389587666691108779338004767849180161219440944802518530029279326062139244948806058934874836807759507698367972555669695915768677695784919523670653123123625 0 0 0 0 0 0 0 0 0 0 0 0 0 0 0 0 0 0 0 0 0 0 0 0 0 0 1 0 0 0 0 0 0 0 0 0 0 0 0 0 0 0 0 0 0 0 0 0 0 0 0 0 0 0 0 0 0 0 0 0 0 0 0 0 0 0 0 0 0 0 0 0 0 0 0 0 0 0 0 0 0 0 0 0 0 0 0 0 0 0 0 0 0 0 0 0 0]
[3228681854300243887308906372484371128316005151776673972638729912786205030114863794873805606291168562866005408277688352520311005969075399194416952603052932296718119057174308179741363189217709855356512062164014715210721218669248719311999379713082802905685492352636313614941849272617530078613039275 0 0 0 0 0 0 0 0 0 0 0 0 0 0 0 0 0 0 0 0 0 0 0 0 0 0 0 1 0 0 0 0 0 0 0 0 0 0 0 0 0 0 0 0 0 0 0 0 0 0 0 0 0 0 0 0 0 0 0 0 0 0 0 0 0 0 0 0 0 0 0 0 0 0 0 0 0 0 0 0 0 0 0 0 0 0 0 0 0 0 0 0 0 0 0 0 0]
[2917223719763673462987692452042013670643289614465170054498973705326355880418845902621938173829733838286314029944648491927834945259044931335188259729961473220675394800432474072468208100173992881157303886569362441691511529365548113434617677217107617253939412057631555873001223741848816068807520667 0 0 0 0 0 0 0 0 0 0 0 0 0 0 0 0 0 0 0 0 0 0 0 0 0 0 0 0 1 0 0 0 0 0 0 0 0 0 0 0 0 0 0 0 0 0 0 0 0 0 0 0 0 0 0 0 0 0 0 0 0 0 0 0 0 0 0 0 0 0 0 0 0 0 0 0 0 0 0 0 0 0 0 0 0 0 0 0 0 0 0 0 0 0 0 0 0]
[4594425143857898722559832607209991493708937122167625195470957546399140196447417208930961406850787037095950562845468703746034679087081796203672062228629859881916602233748064600425709562953405359527927896610598626245285862896208634823541723649599621278181021570366286310226830028730066988730858948 0 0 0 0 0 0 0 0 0 0 0 0 0 0 0 0 0 0 0 0 0 0 0 0 0 0 0 0 0 1 0 0 0 0 0 0 0 0 0 0 0 0 0 0 0 0 0 0 0 0 0 0 0 0 0 0 0 0 0 0 0 0 0 0 0 0 0 0 0 0 0 0 0 0 0 0 0 0 0 0 0 0 0 0 0 0 0 0 0 0 0 0 0 0 0 0 0]
[3002406700311861763379348896495860264326191281664471896052649878394387036638045196343882050154373219126532168575544202397371518419153048909015088482570197167513245520815272426156327897981102812763441159109454824715524056660983712962562116556713106718824894061460795110204530048241596697922430771 0 0 0 0 0 0 0 0 0 0 0 0 0 0 0 0 0 0 0 0 0 0 0 0 0 0 0 0 0 0 1 0 0 0 0 0 0 0 0 0 0 0 0 0 0 0 0 0 0 0 0 0 0 0 0 0 0 0 0 0 0 0 0 0 0 0 0 0 0 0 0 0 0 0 0 0 0 0 0 0 0 0 0 0 0 0 0 0 0 0 0 0 0 0 0 0 0]
[4060834610906887804459523683965488833331974541045087396955125021211729667838239444624523619297074329628318743196675927323919515514058343574774258872942404439938276759159620842926293676071771105971166765492123540717583717044958114473617199924373282069182196126339079304845296426933111444314391228 0 0 0 0 0 0 0 0 0 0 0 0 0 0 0 0 0 0 0 0 0 0 0 0 0 0 0 0 0 0 0 1 0 0 0 0 0 0 0 0 0 0 0 0 0 0 0 0 0 0 0 0 0 0 0 0 0 0 0 0 0 0 0 0 0 0 0 0 0 0 0 0 0 0 0 0 0 0 0 0 0 0 0 0 0 0 0 0 0 0 0 0 0 0 0 0 0]
[3020376545034135247200045372352351287852248158332796762627552519791571860781322603079429704202255438706333862106194725926965135917580065863061500051782152893982197871590388216053863749977381076248821110204810827681870868082775727847714482986526484151102919466733009117896550028618448040820538869 0 0 0 0 0 0 0 0 0 0 0 0 0 0 0 0 0 0 0 0 0 0 0 0 0 0 0 0 0 0 0 0 1 0 0 0 0 0 0 0 0 0 0 0 0 0 0 0 0 0 0 0 0 0 0 0 0 0 0 0 0 0 0 0 0 0 0 0 0 0 0 0 0 0 0 0 0 0 0 0 0 0 0 0 0 0 0 0 0 0 0 0 0 0 0 0 0]
[4186222664203819423854764831614683389785759388363627686378632164120040821037978650181342022544483798189415299824384779391377897007310493079234599443390942000614125955109469009610137871230653757445832448295254002258458274522014712406275964038691477072973157583542387771797528794356320096339274342 0 0 0 0 0 0 0 0 0 0 0 0 0 0 0 0 0 0 0 0 0 0 0 0 0 0 0 0 0 0 0 0 0 1 0 0 0 0 0 0 0 0 0 0 0 0 0 0 0 0 0 0 0 0 0 0 0 0 0 0 0 0 0 0 0 0 0 0 0 0 0 0 0 0 0 0 0 0 0 0 0 0 0 0 0 0 0 0 0 0 0 0 0 0 0 0 0]
[5503822490121812290335417345716292985838522972120496520991088308386817020021921777229937066301686744095958357681669580841912868371622354445909950054678484911476271160295630595206432288571461558211328446926366657167179450574771623425428445344165891707429235430917349681545855011609513929179986009 0 0 0 0 0 0 0 0 0 0 0 0 0 0 0 0 0 0 0 0 0 0 0 0 0 0 0 0 0 0 0 0 0 0 1 0 0 0 0 0 0 0 0 0 0 0 0 0 0 0 0 0 0 0 0 0 0 0 0 0 0 0 0 0 0 0 0 0 0 0 0 0 0 0 0 0 0 0 0 0 0 0 0 0 0 0 0 0 0 0 0 0 0 0 0 0 0]
[3944260297197659082953336437611457533302467944237080618976737491386071371924783083847604163419883152189741742949424689700079228857737557444679511667456604651190495643941406341753117653892838492719168898153930761038158196614244422867422277259698067899360697354816438593922429153179369814678986188 0 0 0 0 0 0 0 0 0 0 0 0 0 0 0 0 0 0 0 0 0 0 0 0 0 0 0 0 0 0 0 0 0 0 0 1 0 0 0 0 0 0 0 0 0 0 0 0 0 0 0 0 0 0 0 0 0 0 0 0 0 0 0 0 0 0 0 0 0 0 0 0 0 0 0 0 0 0 0 0 0 0 0 0 0 0 0 0 0 0 0 0 0 0 0 0 0]
[5206812258920201252885363821439880042836945154197252511775937314582835012309965131098658723612586807899811580849058604816286735152962570574527991361087675464349450275943506088436215177863269138764960452064673517583471739075346915443110977635566436026246544265005777974314985062054804781796893809 0 0 0 0 0 0 0 0 0 0 0 0 0 0 0 0 0 0 0 0 0 0 0 0 0 0 0 0 0 0 0 0 0 0 0 0 1 0 0 0 0 0 0 0 0 0 0 0 0 0 0 0 0 0 0 0 0 0 0 0 0 0 0 0 0 0 0 0 0 0 0 0 0 0 0 0 0 0 0 0 0 0 0 0 0 0 0 0 0 0 0 0 0 0 0 0 0]
[4693013464877335200123262938931944706811915468673529744575069003349355252503948214975490738651599770501592013365719683719648653775706374258387857870358960897288542858275343381045661649778979793571729476992461329142518006292241285194451142478695707187716121553639154493006889016338196987406652327 0 0 0 0 0 0 0 0 0 0 0 0 0 0 0 0 0 0 0 0 0 0 0 0 0 0 0 0 0 0 0 0 0 0 0 0 0 1 0 0 0 0 0 0 0 0 0 0 0 0 0 0 0 0 0 0 0 0 0 0 0 0 0 0 0 0 0 0 0 0 0 0 0 0 0 0 0 0 0 0 0 0 0 0 0 0 0 0 0 0 0 0 0 0 0 0 0]
[2722724872593660553498896174963612110445781221197212011440275211683094068665335983107338329155156799622825512667494139763463004213745156230586678754868123946554547671527345568953568068434733420906140478975940170855920988345061511785627876345409625600325479223202281220823202156079990106118921075 0 0 0 0 0 0 0 0 0 0 0 0 0 0 0 0 0 0 0 0 0 0 0 0 0 0 0 0 0 0 0 0 0 0 0 0 0 0 1 0 0 0 0 0 0 0 0 0 0 0 0 0 0 0 0 0 0 0 0 0 0 0 0 0 0 0 0 0 0 0 0 0 0 0 0 0 0 0 0 0 0 0 0 0 0 0 0 0 0 0 0 0 0 0 0 0 0]
[4438755020098212898323260694368353521764701327028571435180220590973705015883291944897984170842178922419195991772904655384853959603758583067347001361601678928728622812128947267928110067330568781515940643933333856219247696367315750631510281629146912878929959757814993203159014997431235505229615989 0 0 0 0 0 0 0 0 0 0 0 0 0 0 0 0 0 0 0 0 0 0 0 0 0 0 0 0 0 0 0 0 0 0 0 0 0 0 0 1 0 0 0 0 0 0 0 0 0 0 0 0 0 0 0 0 0 0 0 0 0 0 0 0 0 0 0 0 0 0 0 0 0 0 0 0 0 0 0 0 0 0 0 0 0 0 0 0 0 0 0 0 0 0 0 0 0]
[5149655250357782805590204206390522041145678437859180210139051976998164233944443617921028720752367739597050029901034221626366296620425287706630976208599609851211672071431545220351049135877832760982477635914439158281939585865452649032600376675038164842547329885229958391344671114629378295957224095 0 0 0 0 0 0 0 0 0 0 0 0 0 0 0 0 0 0 0 0 0 0 0 0 0 0 0 0 0 0 0 0 0 0 0 0 0 0 0 0 1 0 0 0 0 0 0 0 0 0 0 0 0 0 0 0 0 0 0 0 0 0 0 0 0 0 0 0 0 0 0 0 0 0 0 0 0 0 0 0 0 0 0 0 0 0 0 0 0 0 0 0 0 0 0 0 0]
[4746611990818359313733479762770295195690702227039858947443039108846466314844817297851327821293912576058755761868490043886887882824061487411450896523745606598678072353074130019285692073236866666871944598901579910026469181749428523349732823590943883229450735480077375017598945909884852095752058683 0 0 0 0 0 0 0 0 0 0 0 0 0 0 0 0 0 0 0 0 0 0 0 0 0 0 0 0 0 0 0 0 0 0 0 0 0 0 0 0 0 1 0 0 0 0 0 0 0 0 0 0 0 0 0 0 0 0 0 0 0 0 0 0 0 0 0 0 0 0 0 0 0 0 0 0 0 0 0 0 0 0 0 0 0 0 0 0 0 0 0 0 0 0 0 0 0]
[5492343442712922358561423137325548744794901510727510805142204606237302069622486481555100642268013667215609659652210977689970956244036466349103940296514367076359149170403022864508179432784671289557921430679863150848596291069597165681498076242755155488511587616520659984723892606183564409488472334 0 0 0 0 0 0 0 0 0 0 0 0 0 0 0 0 0 0 0 0 0 0 0 0 0 0 0 0 0 0 0 0 0 0 0 0 0 0 0 0 0 0 1 0 0 0 0 0 0 0 0 0 0 0 0 0 0 0 0 0 0 0 0 0 0 0 0 0 0 0 0 0 0 0 0 0 0 0 0 0 0 0 0 0 0 0 0 0 0 0 0 0 0 0 0 0 0]
[5460631958472339272379924476236274994109795416075124417962827285028370102397263713481680228124168283273778372236533972155028432928469508151359951064401455592915803228285392174109298996115530051316105678165465515483014168243706473914202550701639270071385334281950387836490064479259542599496205711 0 0 0 0 0 0 0 0 0 0 0 0 0 0 0 0 0 0 0 0 0 0 0 0 0 0 0 0 0 0 0 0 0 0 0 0 0 0 0 0 0 0 0 1 0 0 0 0 0 0 0 0 0 0 0 0 0 0 0 0 0 0 0 0 0 0 0 0 0 0 0 0 0 0 0 0 0 0 0 0 0 0 0 0 0 0 0 0 0 0 0 0 0 0 0 0 0]
[1737435678013768080980240526329281834144556014399190075606841454006926361199550551507000538442988111753018931810731231153190104938689603183750741909651328132716721009733097349440077909813422873449564974562620511694263004657032847147557312961899884308969241438584464540690276510327078314619817234 0 0 0 0 0 0 0 0 0 0 0 0 0 0 0 0 0 0 0 0 0 0 0 0 0 0 0 0 0 0 0 0 0 0 0 0 0 0 0 0 0 0 0 0 1 0 0 0 0 0 0 0 0 0 0 0 0 0 0 0 0 0 0 0 0 0 0 0 0 0 0 0 0 0 0 0 0 0 0 0 0 0 0 0 0 0 0 0 0 0 0 0 0 0 0 0 0]
[3451004171240535738745174450242602559030135634751476752475039708121042797186644336375089191112538639210930358395928184482729705252269541970820916113055438619913591846498069059110946610311884923750980695153296306156794033055881587200214461459120139204903110058306855728500804821101271659666027554 0 0 0 0 0 0 0 0 0 0 0 0 0 0 0 0 0 0 0 0 0 0 0 0 0 0 0 0 0 0 0 0 0 0 0 0 0 0 0 0 0 0 0 0 0 1 0 0 0 0 0 0 0 0 0 0 0 0 0 0 0 0 0 0 0 0 0 0 0 0 0 0 0 0 0 0 0 0 0 0 0 0 0 0 0 0 0 0 0 0 0 0 0 0 0 0 0]
[243536985423443883376593299477075042543768746116073726150860504403951231736220900942052622091625416892460396794899584762479986415031883275595505605154987970421645780372914029107715189809990093736540055201651898593335421994097417989511884098360915157860898468502255731402281049454840982597001584 0 0 0 0 0 0 0 0 0 0 0 0 0 0 0 0 0 0 0 0 0 0 0 0 0 0 0 0 0 0 0 0 0 0 0 0 0 0 0 0 0 0 0 0 0 0 1 0 0 0 0 0 0 0 0 0 0 0 0 0 0 0 0 0 0 0 0 0 0 0 0 0 0 0 0 0 0 0 0 0 0 0 0 0 0 0 0 0 0 0 0 0 0 0 0 0 0]
[2689480223810564119901719182050185259674288518098765262905952002759953000793974097594066037566250474773157963297953204524901446869542354094241313194269852290428733650602430323572515635408153347724290568058747014053811649117979522786687182539739049896260219419311466904681963240568531049411562950 0 0 0 0 0 0 0 0 0 0 0 0 0 0 0 0 0 0 0 0 0 0 0 0 0 0 0 0 0 0 0 0 0 0 0 0 0 0 0 0 0 0 0 0 0 0 0 1 0 0 0 0 0 0 0 0 0 0 0 0 0 0 0 0 0 0 0 0 0 0 0 0 0 0 0 0 0 0 0 0 0 0 0 0 0 0 0 0 0 0 0 0 0 0 0 0 0]
[5066942893582505816182098873986089891895125348769978913543534732275941150298800222286304427384197110097317853908479721216152801982445427517317910429690860071940523701234145706916626658836741308815779896919408325182741724309214300688326175890044232455993215155031297224265950001391100699056299854 0 0 0 0 0 0 0 0 0 0 0 0 0 0 0 0 0 0 0 0 0 0 0 0 0 0 0 0 0 0 0 0 0 0 0 0 0 0 0 0 0 0 0 0 0 0 0 0 1 0 0 0 0 0 0 0 0 0 0 0 0 0 0 0 0 0 0 0 0 0 0 0 0 0 0 0 0 0 0 0 0 0 0 0 0 0 0 0 0 0 0 0 0 0 0 0 0]
[1489631918922147180887230369175097838353479228061283592740252404434193699170845559133629012825905613889320942343364368383548987242353505345119473048784230792957878842696127588720280123462613697722336835376997889874785092680968826716935030884399803710947226578321730954678172124727441324149316920 0 0 0 0 0 0 0 0 0 0 0 0 0 0 0 0 0 0 0 0 0 0 0 0 0 0 0 0 0 0 0 0 0 0 0 0 0 0 0 0 0 0 0 0 0 0 0 0 0 1 0 0 0 0 0 0 0 0 0 0 0 0 0 0 0 0 0 0 0 0 0 0 0 0 0 0 0 0 0 0 0 0 0 0 0 0 0 0 0 0 0 0 0 0 0 0 0]
[2789412281598569362265767401018493395919678098162511263089654802578150836956377394711515834459947917364035566512083971761305296605797753103536733461519740162530145056984200625935706048875359840442411801238953884162832389336821876645026187604129578817191342864296897320319316857026921410174367153 0 0 0 0 0 0 0 0 0 0 0 0 0 0 0 0 0 0 0 0 0 0 0 0 0 0 0 0 0 0 0 0 0 0 0 0 0 0 0 0 0 0 0 0 0 0 0 0 0 0 1 0 0 0 0 0 0 0 0 0 0 0 0 0 0 0 0 0 0 0 0 0 0 0 0 0 0 0 0 0 0 0 0 0 0 0 0 0 0 0 0 0 0 0 0 0 0]
[3231537299947134691136207968041077242176024590829575261999899465602414637239782296700992202332862606061791704297017418745049411552977791743730165106269583092777787372485970913053738918290167899192412268463959520803730382964334267276205970746531845305167189644332728907545084126655192529120818480 0 0 0 0 0 0 0 0 0 0 0 0 0 0 0 0 0 0 0 0 0 0 0 0 0 0 0 0 0 0 0 0 0 0 0 0 0 0 0 0 0 0 0 0 0 0 0 0 0 0 0 1 0 0 0 0 0 0 0 0 0 0 0 0 0 0 0 0 0 0 0 0 0 0 0 0 0 0 0 0 0 0 0 0 0 0 0 0 0 0 0 0 0 0 0 0 0]
[1419854178322681287336476622810103228997366547087439505435196974289648207165044186693566246783503159390123629809202459157940818344917529564910696992781915082860128179575859576426821613992819843013724654679111837449521406878510162535952828833098399176129204971309180306785231513379969769453115307 0 0 0 0 0 0 0 0 0 0 0 0 0 0 0 0 0 0 0 0 0 0 0 0 0 0 0 0 0 0 0 0 0 0 0 0 0 0 0 0 0 0 0 0 0 0 0 0 0 0 0 0 1 0 0 0 0 0 0 0 0 0 0 0 0 0 0 0 0 0 0 0 0 0 0 0 0 0 0 0 0 0 0 0 0 0 0 0 0 0 0 0 0 0 0 0 0]
[485759680711914921519902138621155824714527734039644131099679418104253628320324685930111657872349812923316518764776209005579212976142932322850487647573885783204288899026521967953462208209532877182856200167230037651264386844339887483995401142746315648338474426962554433702989229137301925301353498 0 0 0 0 0 0 0 0 0 0 0 0 0 0 0 0 0 0 0 0 0 0 0 0 0 0 0 0 0 0 0 0 0 0 0 0 0 0 0 0 0 0 0 0 0 0 0 0 0 0 0 0 0 1 0 0 0 0 0 0 0 0 0 0 0 0 0 0 0 0 0 0 0 0 0 0 0 0 0 0 0 0 0 0 0 0 0 0 0 0 0 0 0 0 0 0 0]
[1168573028903892113502790534930836038585983240946338236050988285611473003252165140404611377481110733785399822349125681596115592153072589503466991476454031343595075674141762373385173758434164681977981843597869224378592404275304557130728014690320734558315155249825880794301440539463028036829756570 0 0 0 0 0 0 0 0 0 0 0 0 0 0 0 0 0 0 0 0 0 0 0 0 0 0 0 0 0 0 0 0 0 0 0 0 0 0 0 0 0 0 0 0 0 0 0 0 0 0 0 0 0 0 1 0 0 0 0 0 0 0 0 0 0 0 0 0 0 0 0 0 0 0 0 0 0 0 0 0 0 0 0 0 0 0 0 0 0 0 0 0 0 0 0 0 0]
[5335035931006892543278198537486654102373456296315964434125593443231963392598681201490265405991253075124341815619037194050157368981291911197714788494497441542406214680878225135999126804939975937253689649256025213925405566621708376424656112864875503164964724092679472689192488564877562402775876921 0 0 0 0 0 0 0 0 0 0 0 0 0 0 0 0 0 0 0 0 0 0 0 0 0 0 0 0 0 0 0 0 0 0 0 0 0 0 0 0 0 0 0 0 0 0 0 0 0 0 0 0 0 0 0 1 0 0 0 0 0 0 0 0 0 0 0 0 0 0 0 0 0 0 0 0 0 0 0 0 0 0 0 0 0 0 0 0 0 0 0 0 0 0 0 0 0]
[3035541468149202555993546507768128685317662817934013032938421189297773882488665914585526481453379427998260736495156384903345314268042607952763289164005390188627316692384734759963239902149993859120326183346250514712196533132052216926234136619468192817249830932620331250576415467125146657877400467 0 0 0 0 0 0 0 0 0 0 0 0 0 0 0 0 0 0 0 0 0 0 0 0 0 0 0 0 0 0 0 0 0 0 0 0 0 0 0 0 0 0 0 0 0 0 0 0 0 0 0 0 0 0 0 0 1 0 0 0 0 0 0 0 0 0 0 0 0 0 0 0 0 0 0 0 0 0 0 0 0 0 0 0 0 0 0 0 0 0 0 0 0 0 0 0 0]
[1377941265477465109443899986716521168441735171452890804122673269504510014447524427870451252343737642304137645320552004299952698624342079905937981612626556076609863155602990480431464180065860971484490574818235056783168753640626917385341726006273588525170784207618323326572028276943594908681018639 0 0 0 0 0 0 0 0 0 0 0 0 0 0 0 0 0 0 0 0 0 0 0 0 0 0 0 0 0 0 0 0 0 0 0 0 0 0 0 0 0 0 0 0 0 0 0 0 0 0 0 0 0 0 0 0 0 1 0 0 0 0 0 0 0 0 0 0 0 0 0 0 0 0 0 0 0 0 0 0 0 0 0 0 0 0 0 0 0 0 0 0 0 0 0 0 0]
[2466206031368319172066270687657551728484040391231071716146769114569635367976280867287658883027132231615483373729513689464162742690776397952693696297751541120559487161536195570209410658551818392949744505018549153912233342030570808775368027484948053184317232387580718886107913774778070806747075486 0 0 0 0 0 0 0 0 0 0 0 0 0 0 0 0 0 0 0 0 0 0 0 0 0 0 0 0 0 0 0 0 0 0 0 0 0 0 0 0 0 0 0 0 0 0 0 0 0 0 0 0 0 0 0 0 0 0 1 0 0 0 0 0 0 0 0 0 0 0 0 0 0 0 0 0 0 0 0 0 0 0 0 0 0 0 0 0 0 0 0 0 0 0 0 0 0]
[3698161843776701535502243659989402106904876696165393455856022087007313429987687677331822705719232460854182778355868455209731363084291473616048427556935265395839122851563818292175451031985103053158002178338331553516104000862049984940992554632159305131062454916187078607792674050890171099004039856 0 0 0 0 0 0 0 0 0 0 0 0 0 0 0 0 0 0 0 0 0 0 0 0 0 0 0 0 0 0 0 0 0 0 0 0 0 0 0 0 0 0 0 0 0 0 0 0 0 0 0 0 0 0 0 0 0 0 0 1 0 0 0 0 0 0 0 0 0 0 0 0 0 0 0 0 0 0 0 0 0 0 0 0 0 0 0 0 0 0 0 0 0 0 0 0 0]
[4919468781117004435431704153422172963102874174767527057234554672298699925995963278198300045874827036322392670587877863917230444259807583850524762346535740046774221734557524891680067556486265828236205989342586837555011400021590823583267661889157399737685452412367763533315019329124770716360668759 0 0 0 0 0 0 0 0 0 0 0 0 0 0 0 0 0 0 0 0 0 0 0 0 0 0 0 0 0 0 0 0 0 0 0 0 0 0 0 0 0 0 0 0 0 0 0 0 0 0 0 0 0 0 0 0 0 0 0 0 1 0 0 0 0 0 0 0 0 0 0 0 0 0 0 0 0 0 0 0 0 0 0 0 0 0 0 0 0 0 0 0 0 0 0 0 0]
[4061446252957133844784356948937236465029803211268581950871417655254837043450729840631268956087770455881167861682516755273435843754635475739638512473135783568489298497687867666994721772275266756451463788611208572069291086476851713799492214835888155701393908139498054168239599939191823825576194353 0 0 0 0 0 0 0 0 0 0 0 0 0 0 0 0 0 0 0 0 0 0 0 0 0 0 0 0 0 0 0 0 0 0 0 0 0 0 0 0 0 0 0 0 0 0 0 0 0 0 0 0 0 0 0 0 0 0 0 0 0 1 0 0 0 0 0 0 0 0 0 0 0 0 0 0 0 0 0 0 0 0 0 0 0 0 0 0 0 0 0 0 0 0 0 0 0]
[4255807046838917479200538609175793983642880752655654032859121358021643387370936124630540410921669588503362340444601145179306071308630096070636777676184016777227673529539186107017059507826189810427182016636223997202713356493571888243325468608218580473097086318388990043444276118293009880446128532 0 0 0 0 0 0 0 0 0 0 0 0 0 0 0 0 0 0 0 0 0 0 0 0 0 0 0 0 0 0 0 0 0 0 0 0 0 0 0 0 0 0 0 0 0 0 0 0 0 0 0 0 0 0 0 0 0 0 0 0 0 0 1 0 0 0 0 0 0 0 0 0 0 0 0 0 0 0 0 0 0 0 0 0 0 0 0 0 0 0 0 0 0 0 0 0 0]
[317038911673987738977871908168308418717853646308204186015855264278656544863232804460429925529766906984972427296968021243766476794356910324518357211328096275104620059920430146825303652512990519924312029875294996101440661921692919675743148730768875582227684927474347307719767486155491410525513035 0 0 0 0 0 0 0 0 0 0 0 0 0 0 0 0 0 0 0 0 0 0 0 0 0 0 0 0 0 0 0 0 0 0 0 0 0 0 0 0 0 0 0 0 0 0 0 0 0 0 0 0 0 0 0 0 0 0 0 0 0 0 0 1 0 0 0 0 0 0 0 0 0 0 0 0 0 0 0 0 0 0 0 0 0 0 0 0 0 0 0 0 0 0 0 0 0]
[3200857128558779731574506103015851599326380042065913789427066580248166019132926889625712410362002046060086628154818972737740342592048807759838523065202186983940064604858344535475838274605395076963401399093915233313012404070237053109010734514608525290564691342256694446580837422499619753961668109 0 0 0 0 0 0 0 0 0 0 0 0 0 0 0 0 0 0 0 0 0 0 0 0 0 0 0 0 0 0 0 0 0 0 0 0 0 0 0 0 0 0 0 0 0 0 0 0 0 0 0 0 0 0 0 0 0 0 0 0 0 0 0 0 1 0 0 0 0 0 0 0 0 0 0 0 0 0 0 0 0 0 0 0 0 0 0 0 0 0 0 0 0 0 0 0 0]
[5131484801302821936978491535933557922403332911111612422196960076171867638905940493723940910554145370764949712365526599723845896851848594302215192696088514211512695166929237638705364767335467408701635262143980020491994171376530793059775344809037846010418019110863955303414343959489064555487389550 0 0 0 0 0 0 0 0 0 0 0 0 0 0 0 0 0 0 0 0 0 0 0 0 0 0 0 0 0 0 0 0 0 0 0 0 0 0 0 0 0 0 0 0 0 0 0 0 0 0 0 0 0 0 0 0 0 0 0 0 0 0 0 0 0 1 0 0 0 0 0 0 0 0 0 0 0 0 0 0 0 0 0 0 0 0 0 0 0 0 0 0 0 0 0 0 0]
[152652464995422833544190139860744580403561534348720059137809713042249149004865038574561761216526189741254196420025614771160677992496928986091423142910671925824557075123021411732190429819927045037743278908728116027773735097203439473845758501028070136503978333634113911016041723973907209580061670 0 0 0 0 0 0 0 0 0 0 0 0 0 0 0 0 0 0 0 0 0 0 0 0 0 0 0 0 0 0 0 0 0 0 0 0 0 0 0 0 0 0 0 0 0 0 0 0 0 0 0 0 0 0 0 0 0 0 0 0 0 0 0 0 0 0 1 0 0 0 0 0 0 0 0 0 0 0 0 0 0 0 0 0 0 0 0 0 0 0 0 0 0 0 0 0 0]
[4682350772309251560339117736396302228750693313001482198766963459593012802443703362898628477902222882287772024785769110329527426782939536387787442061101675787148409719986885343426119091205723248382456629644109135589269577233604814391060806806474673881714763765895457470988623469459250231520580986 0 0 0 0 0 0 0 0 0 0 0 0 0 0 0 0 0 0 0 0 0 0 0 0 0 0 0 0 0 0 0 0 0 0 0 0 0 0 0 0 0 0 0 0 0 0 0 0 0 0 0 0 0 0 0 0 0 0 0 0 0 0 0 0 0 0 0 1 0 0 0 0 0 0 0 0 0 0 0 0 0 0 0 0 0 0 0 0 0 0 0 0 0 0 0 0 0]
[2064652708638498310971179543680645814176097340340054107845946684475153572040698024024724426133096913644010403693082792286854405233812389185864148860871951927927130087347094970845230481420170618329201862929592037183495544037009240866800442576450004711471488596052740817458416565268978215593027492 0 0 0 0 0 0 0 0 0 0 0 0 0 0 0 0 0 0 0 0 0 0 0 0 0 0 0 0 0 0 0 0 0 0 0 0 0 0 0 0 0 0 0 0 0 0 0 0 0 0 0 0 0 0 0 0 0 0 0 0 0 0 0 0 0 0 0 0 1 0 0 0 0 0 0 0 0 0 0 0 0 0 0 0 0 0 0 0 0 0 0 0 0 0 0 0 0]
[3191924626501256866637316529609760659145192134994026453444561845658943963358016683455988416284645868571082500601084619975389636484776751106683840683115463480063319011969917132643002638868721514747826247563473723703076833547450768588310612216338203491354254889914878863588361542034548867763873126 0 0 0 0 0 0 0 0 0 0 0 0 0 0 0 0 0 0 0 0 0 0 0 0 0 0 0 0 0 0 0 0 0 0 0 0 0 0 0 0 0 0 0 0 0 0 0 0 0 0 0 0 0 0 0 0 0 0 0 0 0 0 0 0 0 0 0 0 0 1 0 0 0 0 0 0 0 0 0 0 0 0 0 0 0 0 0 0 0 0 0 0 0 0 0 0 0]
[3525810941683660720566201982121424323228453345805558705461396733790786083532304191530102190953347941163977079272743035501763203477843834602594055512020761999946434569988356151112475185940510313636814105082217725412830815229251579338942947403395855969715238705626000524204926555142666309362026688 0 0 0 0 0 0 0 0 0 0 0 0 0 0 0 0 0 0 0 0 0 0 0 0 0 0 0 0 0 0 0 0 0 0 0 0 0 0 0 0 0 0 0 0 0 0 0 0 0 0 0 0 0 0 0 0 0 0 0 0 0 0 0 0 0 0 0 0 0 0 1 0 0 0 0 0 0 0 0 0 0 0 0 0 0 0 0 0 0 0 0 0 0 0 0 0 0]
[306679902845948378941230330434015102006676124375405078856883484449821430537641972964578073677798477902589823052261513024470393169187805593279150221843148829438498224160743983599153878821002944302947558152827842819881665349446525369898135750050013153653365714219394064111323234096835392740067029 0 0 0 0 0 0 0 0 0 0 0 0 0 0 0 0 0 0 0 0 0 0 0 0 0 0 0 0 0 0 0 0 0 0 0 0 0 0 0 0 0 0 0 0 0 0 0 0 0 0 0 0 0 0 0 0 0 0 0 0 0 0 0 0 0 0 0 0 0 0 0 1 0 0 0 0 0 0 0 0 0 0 0 0 0 0 0 0 0 0 0 0 0 0 0 0 0]
[5560964515569776711063819085991057181126814321293089942026106178130539632482525813867818507198190463271302435621396773412206471119657546095518137119231589269196097982338354913291349435462374511895952196733223697351817386754450052197763635500781104212647585545719242015370458760591475321990842139 0 0 0 0 0 0 0 0 0 0 0 0 0 0 0 0 0 0 0 0 0 0 0 0 0 0 0 0 0 0 0 0 0 0 0 0 0 0 0 0 0 0 0 0 0 0 0 0 0 0 0 0 0 0 0 0 0 0 0 0 0 0 0 0 0 0 0 0 0 0 0 0 1 0 0 0 0 0 0 0 0 0 0 0 0 0 0 0 0 0 0 0 0 0 0 0 0]
[5457028690263507622405591962370131183527599310441206353712558277836456503496771654412754012841707132496404140393633400563096754728397590331391622244019668402007381003366480855387889172251183542132769506670062394245407054348856339429977112597550620191349904447508640665086223132543364828399711399 0 0 0 0 0 0 0 0 0 0 0 0 0 0 0 0 0 0 0 0 0 0 0 0 0 0 0 0 0 0 0 0 0 0 0 0 0 0 0 0 0 0 0 0 0 0 0 0 0 0 0 0 0 0 0 0 0 0 0 0 0 0 0 0 0 0 0 0 0 0 0 0 0 1 0 0 0 0 0 0 0 0 0 0 0 0 0 0 0 0 0 0 0 0 0 0 0]
[3164956159461038045404825391298338280464406866146991533301398940661093748770789136137647009551996581425504486323405907050874434789940160905937469946191234340193175362894459456469540288150870414268569869992555117156852416598675028082570177863650340985034264260906260052626553177866500208506875705 0 0 0 0 0 0 0 0 0 0 0 0 0 0 0 0 0 0 0 0 0 0 0 0 0 0 0 0 0 0 0 0 0 0 0 0 0 0 0 0 0 0 0 0 0 0 0 0 0 0 0 0 0 0 0 0 0 0 0 0 0 0 0 0 0 0 0 0 0 0 0 0 0 0 1 0 0 0 0 0 0 0 0 0 0 0 0 0 0 0 0 0 0 0 0 0 0]
[1391688111063931294734390564729931781316689125414263408981212941388776265580137025913874688436252192422110750703559870890694343867083413054001464744790411691716001008652374195690046273959499062949278079702858741341246010666375842741625330796595860716407534483067958977857081149207764549035432656 0 0 0 0 0 0 0 0 0 0 0 0 0 0 0 0 0 0 0 0 0 0 0 0 0 0 0 0 0 0 0 0 0 0 0 0 0 0 0 0 0 0 0 0 0 0 0 0 0 0 0 0 0 0 0 0 0 0 0 0 0 0 0 0 0 0 0 0 0 0 0 0 0 0 0 1 0 0 0 0 0 0 0 0 0 0 0 0 0 0 0 0 0 0 0 0 0]
[1930445435113357409625132453744607189443545110334542693889608680860636966935862732930067511228990548312789065422844972228858544300954364619472056327070559111122161155001751745773556275841262658917042463295125442536950104492915952013521580239302960838332183635845386405136444255759033456029445394 0 0 0 0 0 0 0 0 0 0 0 0 0 0 0 0 0 0 0 0 0 0 0 0 0 0 0 0 0 0 0 0 0 0 0 0 0 0 0 0 0 0 0 0 0 0 0 0 0 0 0 0 0 0 0 0 0 0 0 0 0 0 0 0 0 0 0 0 0 0 0 0 0 0 0 0 1 0 0 0 0 0 0 0 0 0 0 0 0 0 0 0 0 0 0 0 0]
[2213918265484178866493999264486559550351467181606273500212849253894107422101401442205309994511021547032394388861238597414419070732006787632466056270922172986433180104058948585348295623233584823046209279105186619918865665192978286731280864368985982037508108170952698242745467370462818219943761684 0 0 0 0 0 0 0 0 0 0 0 0 0 0 0 0 0 0 0 0 0 0 0 0 0 0 0 0 0 0 0 0 0 0 0 0 0 0 0 0 0 0 0 0 0 0 0 0 0 0 0 0 0 0 0 0 0 0 0 0 0 0 0 0 0 0 0 0 0 0 0 0 0 0 0 0 0 1 0 0 0 0 0 0 0 0 0 0 0 0 0 0 0 0 0 0 0]
[2146235115512587338409279086128497156651990872069449182087727789436480667016535717821512526197022962339961060977037290817702525465123652840317913062380444513913519046232132180766625907312387616065748563097626195029491918054383008865661168207772393210773207750780352330691567578217036087535557584 0 0 0 0 0 0 0 0 0 0 0 0 0 0 0 0 0 0 0 0 0 0 0 0 0 0 0 0 0 0 0 0 0 0 0 0 0 0 0 0 0 0 0 0 0 0 0 0 0 0 0 0 0 0 0 0 0 0 0 0 0 0 0 0 0 0 0 0 0 0 0 0 0 0 0 0 0 0 1 0 0 0 0 0 0 0 0 0 0 0 0 0 0 0 0 0 0]
[5332890475787810326389767937713414377569750057463451666313441493283202345906840316228214388076384061087366470141728366357808314905118460074198419245199880035717331065296877219353507747292820192120209925541217784665038111282285637055485196058832911996798525403521010294474281402967049847341629121 0 0 0 0 0 0 0 0 0 0 0 0 0 0 0 0 0 0 0 0 0 0 0 0 0 0 0 0 0 0 0 0 0 0 0 0 0 0 0 0 0 0 0 0 0 0 0 0 0 0 0 0 0 0 0 0 0 0 0 0 0 0 0 0 0 0 0 0 0 0 0 0 0 0 0 0 0 0 0 1 0 0 0 0 0 0 0 0 0 0 0 0 0 0 0 0 0]
[2444895003218689445685199844382370298390988574841431907044110581305986623528136888468252485905911386072535000424209073915474298080873392689125899664702702185434402120452570181663127735351087836367374193041992944838718032163612579431655858574698116103925183826788281533338057729678201564807677206 0 0 0 0 0 0 0 0 0 0 0 0 0 0 0 0 0 0 0 0 0 0 0 0 0 0 0 0 0 0 0 0 0 0 0 0 0 0 0 0 0 0 0 0 0 0 0 0 0 0 0 0 0 0 0 0 0 0 0 0 0 0 0 0 0 0 0 0 0 0 0 0 0 0 0 0 0 0 0 0 1 0 0 0 0 0 0 0 0 0 0 0 0 0 0 0 0]
[2866477742147228925005441443146687448392719425967520375386716586828658949389177661440695951189231705428205076836911908275401044851151722934908728985814742285310067072237430140209077035521481175242366869634286493112825800145638009060662926726217540040271132577733417893101419284626827075695669120 0 0 0 0 0 0 0 0 0 0 0 0 0 0 0 0 0 0 0 0 0 0 0 0 0 0 0 0 0 0 0 0 0 0 0 0 0 0 0 0 0 0 0 0 0 0 0 0 0 0 0 0 0 0 0 0 0 0 0 0 0 0 0 0 0 0 0 0 0 0 0 0 0 0 0 0 0 0 0 0 0 1 0 0 0 0 0 0 0 0 0 0 0 0 0 0 0]
[4803511636869037225781319550118442329959365864446804889280251258396467695575051665657398044518788335691802938862267310865980428733530921893740150712630127198648284501321695402158888765340106871825309764869141314909376600679806097603946319459261517900400778117039486624641337654060645510302283481 0 0 0 0 0 0 0 0 0 0 0 0 0 0 0 0 0 0 0 0 0 0 0 0 0 0 0 0 0 0 0 0 0 0 0 0 0 0 0 0 0 0 0 0 0 0 0 0 0 0 0 0 0 0 0 0 0 0 0 0 0 0 0 0 0 0 0 0 0 0 0 0 0 0 0 0 0 0 0 0 0 0 1 0 0 0 0 0 0 0 0 0 0 0 0 0 0]
[359287657985449434642515716185563401997528715630461912254777637332355991360383438755865927094432478949860861069534150027784670722129473146140643186329918783215886465152888235299935996876371608727175758797133466714750246892878251158426689850983678742725014085186560971621189886873568194408622552 0 0 0 0 0 0 0 0 0 0 0 0 0 0 0 0 0 0 0 0 0 0 0 0 0 0 0 0 0 0 0 0 0 0 0 0 0 0 0 0 0 0 0 0 0 0 0 0 0 0 0 0 0 0 0 0 0 0 0 0 0 0 0 0 0 0 0 0 0 0 0 0 0 0 0 0 0 0 0 0 0 0 0 1 0 0 0 0 0 0 0 0 0 0 0 0 0]
[3176956756835820123849948327935840600236571973199698865753027549409218891334522992666982507315037848635337302557698864939051382558098607029557680723881367279190064398911142401324797029566056946548067550144637641006022480786556852016166620745256265137796653542538017465893182765432308528127146089 0 0 0 0 0 0 0 0 0 0 0 0 0 0 0 0 0 0 0 0 0 0 0 0 0 0 0 0 0 0 0 0 0 0 0 0 0 0 0 0 0 0 0 0 0 0 0 0 0 0 0 0 0 0 0 0 0 0 0 0 0 0 0 0 0 0 0 0 0 0 0 0 0 0 0 0 0 0 0 0 0 0 0 0 1 0 0 0 0 0 0 0 0 0 0 0 0]
[2873113139246327605471650563134840020782697341427015214586997025455163782716470356471127411742306911524388673095847004058412527556763855610197966064276207151884974025771482616314449939974663812694277754175573804110188457801434763545467427807592533862273805408201892044394166577740278279720523772 0 0 0 0 0 0 0 0 0 0 0 0 0 0 0 0 0 0 0 0 0 0 0 0 0 0 0 0 0 0 0 0 0 0 0 0 0 0 0 0 0 0 0 0 0 0 0 0 0 0 0 0 0 0 0 0 0 0 0 0 0 0 0 0 0 0 0 0 0 0 0 0 0 0 0 0 0 0 0 0 0 0 0 0 0 1 0 0 0 0 0 0 0 0 0 0 0]
[3463934020389658657500296690227226377670138037154028524159917327880891249628005070938035608112395813884813478494062367158372657295595714977244504717957228837439542980305864084642079240305725383726076461926757686084346934712982093786587018727160909238991001578997080927696311048477280811135311309 0 0 0 0 0 0 0 0 0 0 0 0 0 0 0 0 0 0 0 0 0 0 0 0 0 0 0 0 0 0 0 0 0 0 0 0 0 0 0 0 0 0 0 0 0 0 0 0 0 0 0 0 0 0 0 0 0 0 0 0 0 0 0 0 0 0 0 0 0 0 0 0 0 0 0 0 0 0 0 0 0 0 0 0 0 0 1 0 0 0 0 0 0 0 0 0 0]
[5649288081983918029196084248744553766806216962497334690302676005851051772165753538061601625286263340548915887366118801430018386244787534132932183003411842688173718659650393956268060341283703894801682838586271999023570822982866794465669996865531628260092766505806735455716082033288767710105548403 0 0 0 0 0 0 0 0 0 0 0 0 0 0 0 0 0 0 0 0 0 0 0 0 0 0 0 0 0 0 0 0 0 0 0 0 0 0 0 0 0 0 0 0 0 0 0 0 0 0 0 0 0 0 0 0 0 0 0 0 0 0 0 0 0 0 0 0 0 0 0 0 0 0 0 0 0 0 0 0 0 0 0 0 0 0 0 1 0 0 0 0 0 0 0 0 0]
[77130324699207097614436055491451552725555175708645639637478660948090842536307383539758058154209513270652854313644002807735058768145351393531227368157499684370528285793312621130190833737430754919657941292295324832020988758271194671334281241077986993722739344306645619418355714068248774200751872 0 0 0 0 0 0 0 0 0 0 0 0 0 0 0 0 0 0 0 0 0 0 0 0 0 0 0 0 0 0 0 0 0 0 0 0 0 0 0 0 0 0 0 0 0 0 0 0 0 0 0 0 0 0 0 0 0 0 0 0 0 0 0 0 0 0 0 0 0 0 0 0 0 0 0 0 0 0 0 0 0 0 0 0 0 0 0 0 1 0 0 0 0 0 0 0 0]
[2770102986627397268338649548986028937420661026751458369650737974969825713517100008335708547185465365993901456970364915388506515454799057647453703111876051302878458826959746295575928268319233414551921467560279136079193721012686195298776132033394127603656972130009858089901682604870490393156742708 0 0 0 0 0 0 0 0 0 0 0 0 0 0 0 0 0 0 0 0 0 0 0 0 0 0 0 0 0 0 0 0 0 0 0 0 0 0 0 0 0 0 0 0 0 0 0 0 0 0 0 0 0 0 0 0 0 0 0 0 0 0 0 0 0 0 0 0 0 0 0 0 0 0 0 0 0 0 0 0 0 0 0 0 0 0 0 0 0 1 0 0 0 0 0 0 0]
[1112975137325551731380145276589317108669286543052231228320101219459830435321291222184228090410727061514653374531076980463280531266339838432375732599163848138682419681176435686008802105536080660328638614410354088063382824026450125369568965844058270460206704395265786932675410546286486966571791273 0 0 0 0 0 0 0 0 0 0 0 0 0 0 0 0 0 0 0 0 0 0 0 0 0 0 0 0 0 0 0 0 0 0 0 0 0 0 0 0 0 0 0 0 0 0 0 0 0 0 0 0 0 0 0 0 0 0 0 0 0 0 0 0 0 0 0 0 0 0 0 0 0 0 0 0 0 0 0 0 0 0 0 0 0 0 0 0 0 0 1 0 0 0 0 0 0]
[2997069882254800792041745202255717860334400613610153776390998709999741558513174904130020502662528162935440405303875774314114574865270021683181861720608703186989972994826721838505798454430929752509065039207432603122345310970927772825016489569018267468148101228968726989598705899537030383082051631 0 0 0 0 0 0 0 0 0 0 0 0 0 0 0 0 0 0 0 0 0 0 0 0 0 0 0 0 0 0 0 0 0 0 0 0 0 0 0 0 0 0 0 0 0 0 0 0 0 0 0 0 0 0 0 0 0 0 0 0 0 0 0 0 0 0 0 0 0 0 0 0 0 0 0 0 0 0 0 0 0 0 0 0 0 0 0 0 0 0 0 1 0 0 0 0 0]
[4791533943739056693512542954793013535062503332768455360226594676181178485345725579035683138036519777481303690879057265768395549060702246330203418101559390360388881254072675325748001606599943469598316379960096119030090035795828364223150904043506164232395706284564685152312020942751274258385338074 0 0 0 0 0 0 0 0 0 0 0 0 0 0 0 0 0 0 0 0 0 0 0 0 0 0 0 0 0 0 0 0 0 0 0 0 0 0 0 0 0 0 0 0 0 0 0 0 0 0 0 0 0 0 0 0 0 0 0 0 0 0 0 0 0 0 0 0 0 0 0 0 0 0 0 0 0 0 0 0 0 0 0 0 0 0 0 0 0 0 0 0 1 0 0 0 0]
[3058546175315582041899740223030387622651581142434127458542469299690072411540086380175933204913667754048511469164498587979296532982222803456098569974145107100729040783957706854803446877450168328808343149244449585966422524429351840697749422232305309126477637264539841550577817880197890312665775816 0 0 0 0 0 0 0 0 0 0 0 0 0 0 0 0 0 0 0 0 0 0 0 0 0 0 0 0 0 0 0 0 0 0 0 0 0 0 0 0 0 0 0 0 0 0 0 0 0 0 0 0 0 0 0 0 0 0 0 0 0 0 0 0 0 0 0 0 0 0 0 0 0 0 0 0 0 0 0 0 0 0 0 0 0 0 0 0 0 0 0 0 0 1 0 0 0]
[5319643438626224459503846407582684084437328968779365386539141564746179105394277742776565414387517430182591360057091263962706200309682274109477331889437118593161527296330376392554139666981867311303200982818418364578970951562047806960275851250171532683572927623352597834495598488866660734697638942 0 0 0 0 0 0 0 0 0 0 0 0 0 0 0 0 0 0 0 0 0 0 0 0 0 0 0 0 0 0 0 0 0 0 0 0 0 0 0 0 0 0 0 0 0 0 0 0 0 0 0 0 0 0 0 0 0 0 0 0 0 0 0 0 0 0 0 0 0 0 0 0 0 0 0 0 0 0 0 0 0 0 0 0 0 0 0 0 0 0 0 0 0 0 1 0 0]
[3858906830188243990140251354470099466487935661592640199482951579553815585947108431758061928932346866174373590059950538725708015376869179877564800489749225065690126270630459396364743750322882496704162702213184510801575123955085899952704565375192007865663109639120275941498887550894750439356998888 0 0 0 0 0 0 0 0 0 0 0 0 0 0 0 0 0 0 0 0 0 0 0 0 0 0 0 0 0 0 0 0 0 0 0 0 0 0 0 0 0 0 0 0 0 0 0 0 0 0 0 0 0 0 0 0 0 0 0 0 0 0 0 0 0 0 0 0 0 0 0 0 0 0 0 0 0 0 0 0 0 0 0 0 0 0 0 0 0 0 0 0 0 0 0 1 0]
[4761260123109189585124149917000134911102392379012579257502310466231874630548050839133011479263463464563189601198860071366116629197439018642771308777946833050733644705386283280176059312412246564187205370411091964571590211330808061258554982061666512213489387786191826339836322254383555252896869755 0 0 0 0 0 0 0 0 0 0 0 0 0 0 0 0 0 0 0 0 0 0 0 0 0 0 0 0 0 0 0 0 0 0 0 0 0 0 0 0 0 0 0 0 0 0 0 0 0 0 0 0 0 0 0 0 0 0 0 0 0 0 0 0 0 0 0 0 0 0 0 0 0 0 0 0 0 0 0 0 0 0 0 0 0 0 0 0 0 0 0 0 0 0 0 0 1]
]
