[[6299178898037686333810055385338276380419861442914148783213242672358372113743838119762571415610988915084744083475644364005277611684175578512075290640563489894441727042721115527158501662885979328446721740699027198845111199712362349328623107247087419 0 0 0 0 0 0 0 0 0 0 0 0 0 0 0 0 0 0 0 0 0 0 0 0 0 0 0 0 0 0 0 0 0 0 0 0 0 0 0 0 0 0 0 0 0 0 0 0 0 0 0 0 0 0 0 0 0 0 0 0 0 0 0 0 0 0 0 0 0 0 0 0 0 0 0 0 0 0 0 0 0]
[549370002936286738745245576830160427391239065998096087371945190312879939267294239622877717070506355609526990945445620779234136469545315166578013622014674787028403333198222994325785552136964390038376588737598104542133703017523790156603989913674548 1 0 0 0 0 0 0 0 0 0 0 0 0 0 0 0 0 0 0 0 0 0 0 0 0 0 0 0 0 0 0 0 0 0 0 0 0 0 0 0 0 0 0 0 0 0 0 0 0 0 0 0 0 0 0 0 0 0 0 0 0 0 0 0 0 0 0 0 0 0 0 0 0 0 0 0 0 0 0 0 0]
[2638678585643063708741714467683912733126327066522021532471154460541173392758912200243788403975401297716704634652558371529190503351609225731938787340951327159240331987236122545660436391601998444986827389511239264313770938146949157529026894188815913 0 1 0 0 0 0 0 0 0 0 0 0 0 0 0 0 0 0 0 0 0 0 0 0 0 0 0 0 0 0 0 0 0 0 0 0 0 0 0 0 0 0 0 0 0 0 0 0 0 0 0 0 0 0 0 0 0 0 0 0 0 0 0 0 0 0 0 0 0 0 0 0 0 0 0 0 0 0 0 0 0]
[3496354204173135888036003843845760352137153824440036958166740311387703404784839545681109301888630747832190553729759667656545175699019290374009392705519669836263155671920948768873000634636356122694786050482644907409141221278738805884754243686136414 0 0 1 0 0 0 0 0 0 0 0 0 0 0 0 0 0 0 0 0 0 0 0 0 0 0 0 0 0 0 0 0 0 0 0 0 0 0 0 0 0 0 0 0 0 0 0 0 0 0 0 0 0 0 0 0 0 0 0 0 0 0 0 0 0 0 0 0 0 0 0 0 0 0 0 0 0 0 0 0 0]
[943677834388136048199657651381522892033933593926914343791794754945796045448075006933377254109516172227053814321534401186715259663384976185393288323775058098276571704641662850405772137197106154952224910366542476378858824148012328832509555175916748 0 0 0 1 0 0 0 0 0 0 0 0 0 0 0 0 0 0 0 0 0 0 0 0 0 0 0 0 0 0 0 0 0 0 0 0 0 0 0 0 0 0 0 0 0 0 0 0 0 0 0 0 0 0 0 0 0 0 0 0 0 0 0 0 0 0 0 0 0 0 0 0 0 0 0 0 0 0 0 0 0]
[2466121266909567534539123686802601320003357991112137666093821646322294467945541609145573887536779057843225021694254225567603878379462882949438937504673681392989985356505807988444948195926217525329249299223238647964702983824899831310797760085135105 0 0 0 0 1 0 0 0 0 0 0 0 0 0 0 0 0 0 0 0 0 0 0 0 0 0 0 0 0 0 0 0 0 0 0 0 0 0 0 0 0 0 0 0 0 0 0 0 0 0 0 0 0 0 0 0 0 0 0 0 0 0 0 0 0 0 0 0 0 0 0 0 0 0 0 0 0 0 0 0 0]
[6079238370544393075206557952834531348673587167344652098818790824006066376881678862318724277662715301491703302536966024411962465574406291660373903661297861047564086903550998596478936871356002710928907991798811186999614231429849743057318225318147933 0 0 0 0 0 1 0 0 0 0 0 0 0 0 0 0 0 0 0 0 0 0 0 0 0 0 0 0 0 0 0 0 0 0 0 0 0 0 0 0 0 0 0 0 0 0 0 0 0 0 0 0 0 0 0 0 0 0 0 0 0 0 0 0 0 0 0 0 0 0 0 0 0 0 0 0 0 0 0 0 0]
[2849529536043447797387210057956059539051242436252648685613909048777342778515716759284284189364502488286749313401962112279102342669925708246143425128828955854547953315002079157908313816630891299985095239020258455740565683609378103747733848396591986 0 0 0 0 0 0 1 0 0 0 0 0 0 0 0 0 0 0 0 0 0 0 0 0 0 0 0 0 0 0 0 0 0 0 0 0 0 0 0 0 0 0 0 0 0 0 0 0 0 0 0 0 0 0 0 0 0 0 0 0 0 0 0 0 0 0 0 0 0 0 0 0 0 0 0 0 0 0 0 0 0]
[3026025602325777997329191135937911741899045795245466096035076725462996962729325708595527169155603806917898135177664278576036129741812641917941027511053869944609617814813556113832952715537330899576735680327598105107466026608461647964219838713379307 0 0 0 0 0 0 0 1 0 0 0 0 0 0 0 0 0 0 0 0 0 0 0 0 0 0 0 0 0 0 0 0 0 0 0 0 0 0 0 0 0 0 0 0 0 0 0 0 0 0 0 0 0 0 0 0 0 0 0 0 0 0 0 0 0 0 0 0 0 0 0 0 0 0 0 0 0 0 0 0 0]
[1233698851433335585922732919646867808725383106559876268746079604129598024678979888666277591985627707536211645380960330522325754958396296465584022601083881867074765847285423932494124294068817675182483286686958102574602923561063157162152654689549370 0 0 0 0 0 0 0 0 1 0 0 0 0 0 0 0 0 0 0 0 0 0 0 0 0 0 0 0 0 0 0 0 0 0 0 0 0 0 0 0 0 0 0 0 0 0 0 0 0 0 0 0 0 0 0 0 0 0 0 0 0 0 0 0 0 0 0 0 0 0 0 0 0 0 0 0 0 0 0 0 0]
[681499863957877629427814001042592664101306578662515337296199274933016736496181515996186269109820231981069935264584119652941514726008538982812843555534555780581971426258579555856191257168012168068308844706714501336848571872581989298236505551312709 0 0 0 0 0 0 0 0 0 1 0 0 0 0 0 0 0 0 0 0 0 0 0 0 0 0 0 0 0 0 0 0 0 0 0 0 0 0 0 0 0 0 0 0 0 0 0 0 0 0 0 0 0 0 0 0 0 0 0 0 0 0 0 0 0 0 0 0 0 0 0 0 0 0 0 0 0 0 0 0 0]
[4579063872367493604274573938277430216961720925460671726223420594977452151495089496747888046156298755559173523658200236657516806032008435588213265329291080150930374331200814364434874743915923142928946630437958678634373862324039111025514694669494209 0 0 0 0 0 0 0 0 0 0 1 0 0 0 0 0 0 0 0 0 0 0 0 0 0 0 0 0 0 0 0 0 0 0 0 0 0 0 0 0 0 0 0 0 0 0 0 0 0 0 0 0 0 0 0 0 0 0 0 0 0 0 0 0 0 0 0 0 0 0 0 0 0 0 0 0 0 0 0 0 0]
[494263044112499924824054877367042061327655918510435555464924539131754178328921969245698814716921947429606509160346779243846080045077867394787833360013849841805218237379766382375736702549092881281124521529009561516643285516473506063684458991817549 0 0 0 0 0 0 0 0 0 0 0 1 0 0 0 0 0 0 0 0 0 0 0 0 0 0 0 0 0 0 0 0 0 0 0 0 0 0 0 0 0 0 0 0 0 0 0 0 0 0 0 0 0 0 0 0 0 0 0 0 0 0 0 0 0 0 0 0 0 0 0 0 0 0 0 0 0 0 0 0 0]
[5377473100607729384808017628896337490470660417629609918238335074500242366306114228891671883459972679423150158629567833010900176793884602408485995695194609695860516630907425106581593575789303398115629793566675661650844737554429680254263159262705561 0 0 0 0 0 0 0 0 0 0 0 0 1 0 0 0 0 0 0 0 0 0 0 0 0 0 0 0 0 0 0 0 0 0 0 0 0 0 0 0 0 0 0 0 0 0 0 0 0 0 0 0 0 0 0 0 0 0 0 0 0 0 0 0 0 0 0 0 0 0 0 0 0 0 0 0 0 0 0 0 0]
[3273448317208698641690304306151261289769050658020968233496249232048079971184151480525601626463266419451578650125658550230783769198406448380359690498811132318692746115571813219040007076618475560626978627630497837463057411209712164158776682971270914 0 0 0 0 0 0 0 0 0 0 0 0 0 1 0 0 0 0 0 0 0 0 0 0 0 0 0 0 0 0 0 0 0 0 0 0 0 0 0 0 0 0 0 0 0 0 0 0 0 0 0 0 0 0 0 0 0 0 0 0 0 0 0 0 0 0 0 0 0 0 0 0 0 0 0 0 0 0 0 0 0]
[3382978344682425017911547665364192840631435122026379140603546343340291540192974987666805958370514645638267842432218874825307707545870227305698759259430701590385030166243206835051305838266401582060492875528630746967012572956200761584515041117206811 0 0 0 0 0 0 0 0 0 0 0 0 0 0 1 0 0 0 0 0 0 0 0 0 0 0 0 0 0 0 0 0 0 0 0 0 0 0 0 0 0 0 0 0 0 0 0 0 0 0 0 0 0 0 0 0 0 0 0 0 0 0 0 0 0 0 0 0 0 0 0 0 0 0 0 0 0 0 0 0 0]
[3599832169614019842569347603708356145120085258998864179889700371995201644714684824278829477654488280391301046427863317129320823822491883037532880257957329098774328762236918840146804123632193660022376863762198613834782870580254491580066812965213045 0 0 0 0 0 0 0 0 0 0 0 0 0 0 0 1 0 0 0 0 0 0 0 0 0 0 0 0 0 0 0 0 0 0 0 0 0 0 0 0 0 0 0 0 0 0 0 0 0 0 0 0 0 0 0 0 0 0 0 0 0 0 0 0 0 0 0 0 0 0 0 0 0 0 0 0 0 0 0 0 0]
[5623514237212036404522903672973641430909653223423146882052559039772763117090092827617363413560479030518660427568286629096573186976343888532514210637649853822991844113614177098884864379307534337831672529788121419521470058117152871372790292747105490 0 0 0 0 0 0 0 0 0 0 0 0 0 0 0 0 1 0 0 0 0 0 0 0 0 0 0 0 0 0 0 0 0 0 0 0 0 0 0 0 0 0 0 0 0 0 0 0 0 0 0 0 0 0 0 0 0 0 0 0 0 0 0 0 0 0 0 0 0 0 0 0 0 0 0 0 0 0 0 0 0]
[303139657921661367458830784582482308388744437639607542150416621933130062054469084617270591903436401742210294455205346216327832128012047152910644057382066365701669519402249420063561429920601689993869315624193673065131734942229601871269262192320210 0 0 0 0 0 0 0 0 0 0 0 0 0 0 0 0 0 1 0 0 0 0 0 0 0 0 0 0 0 0 0 0 0 0 0 0 0 0 0 0 0 0 0 0 0 0 0 0 0 0 0 0 0 0 0 0 0 0 0 0 0 0 0 0 0 0 0 0 0 0 0 0 0 0 0 0 0 0 0 0 0]
[3707055890839838858219461375369761099745308109752740822959635226995156133263304644276757479342585996389908565673503326962994160333773998538957046315786997815444745078606896158908842090093176332353138525653887707095284167610699329171162958822515441 0 0 0 0 0 0 0 0 0 0 0 0 0 0 0 0 0 0 1 0 0 0 0 0 0 0 0 0 0 0 0 0 0 0 0 0 0 0 0 0 0 0 0 0 0 0 0 0 0 0 0 0 0 0 0 0 0 0 0 0 0 0 0 0 0 0 0 0 0 0 0 0 0 0 0 0 0 0 0 0 0]
[5836785041944965045094056150722941354979482313123132415499669399906748610266707383478158307569493242853857120156915269952818654332768000221553623500342251699490690854099700201213425026389877126594424522436019360847356078486240507353064153405462900 0 0 0 0 0 0 0 0 0 0 0 0 0 0 0 0 0 0 0 1 0 0 0 0 0 0 0 0 0 0 0 0 0 0 0 0 0 0 0 0 0 0 0 0 0 0 0 0 0 0 0 0 0 0 0 0 0 0 0 0 0 0 0 0 0 0 0 0 0 0 0 0 0 0 0 0 0 0 0 0 0]
[2086263148578528399360511762664117276501937899101330021166160521780713252390372113310623718639528169745965033329008223610494097438650839514102135253925554279804448254725288567126008179760990308889956821864462012839905540571083397753650771779415948 0 0 0 0 0 0 0 0 0 0 0 0 0 0 0 0 0 0 0 0 1 0 0 0 0 0 0 0 0 0 0 0 0 0 0 0 0 0 0 0 0 0 0 0 0 0 0 0 0 0 0 0 0 0 0 0 0 0 0 0 0 0 0 0 0 0 0 0 0 0 0 0 0 0 0 0 0 0 0 0 0]
[2103521111635731969953530850003920203469046980266397780254634406917863105223960860119962225110090214738091883054385296609917174369278595763464401613109503141419010669710957081839012966712623262228865676025311583081397386283546306495904303359438070 0 0 0 0 0 0 0 0 0 0 0 0 0 0 0 0 0 0 0 0 0 1 0 0 0 0 0 0 0 0 0 0 0 0 0 0 0 0 0 0 0 0 0 0 0 0 0 0 0 0 0 0 0 0 0 0 0 0 0 0 0 0 0 0 0 0 0 0 0 0 0 0 0 0 0 0 0 0 0 0 0]
[1643358529553843980608063582504976848355205035426995116268979394664993835100237117082436578974129674350330219452996206194953592145318879175418846075710676745337281214585268679161885596512560971086294175015027794104464102462519864208436833506331776 0 0 0 0 0 0 0 0 0 0 0 0 0 0 0 0 0 0 0 0 0 0 1 0 0 0 0 0 0 0 0 0 0 0 0 0 0 0 0 0 0 0 0 0 0 0 0 0 0 0 0 0 0 0 0 0 0 0 0 0 0 0 0 0 0 0 0 0 0 0 0 0 0 0 0 0 0 0 0 0 0]
[190534216499109834181340799575800302249372908815926196385890426398631630451867868585668794858310324693350778830141782056804797562167081608693551969241877580828049619104353413771322343355368210952882782691252610763756864199278663674386769654305287 0 0 0 0 0 0 0 0 0 0 0 0 0 0 0 0 0 0 0 0 0 0 0 1 0 0 0 0 0 0 0 0 0 0 0 0 0 0 0 0 0 0 0 0 0 0 0 0 0 0 0 0 0 0 0 0 0 0 0 0 0 0 0 0 0 0 0 0 0 0 0 0 0 0 0 0 0 0 0 0 0]
[5874820430934997689824504512344825080650043885426304243543278541027719134278047771528517681010585717072029265013878898763795411747263567703207198147769798051639248518121376508107798294106599657414312805298264613377223940550161639868242611095885240 0 0 0 0 0 0 0 0 0 0 0 0 0 0 0 0 0 0 0 0 0 0 0 0 1 0 0 0 0 0 0 0 0 0 0 0 0 0 0 0 0 0 0 0 0 0 0 0 0 0 0 0 0 0 0 0 0 0 0 0 0 0 0 0 0 0 0 0 0 0 0 0 0 0 0 0 0 0 0 0 0]
[1557368099984816022077575844585442350934632330006042421351757215418459117061135571041446299955452840713826709933636324224525635642078155777122515969322310514048319351448165385475015468003181305462729664923547225788069268122404331542119710396288864 0 0 0 0 0 0 0 0 0 0 0 0 0 0 0 0 0 0 0 0 0 0 0 0 0 1 0 0 0 0 0 0 0 0 0 0 0 0 0 0 0 0 0 0 0 0 0 0 0 0 0 0 0 0 0 0 0 0 0 0 0 0 0 0 0 0 0 0 0 0 0 0 0 0 0 0 0 0 0 0 0]
[2058087866149988450968319609455404053190464189573024903376485304448182899686626269800837778459201024010486168994449645215935728756908958229097480506719522723168959212628642940147945094974951366642526759561258435300542467760220667910310638724444615 0 0 0 0 0 0 0 0 0 0 0 0 0 0 0 0 0 0 0 0 0 0 0 0 0 0 1 0 0 0 0 0 0 0 0 0 0 0 0 0 0 0 0 0 0 0 0 0 0 0 0 0 0 0 0 0 0 0 0 0 0 0 0 0 0 0 0 0 0 0 0 0 0 0 0 0 0 0 0 0 0]
[5016633803593708317233661983830124509082526224726413251889790871133536113794000775235010728378155193209351651574453678066962127342128359447677041108194254083746130710371027693785361113238333646465825169192052318521104044205046330016466451216091491 0 0 0 0 0 0 0 0 0 0 0 0 0 0 0 0 0 0 0 0 0 0 0 0 0 0 0 1 0 0 0 0 0 0 0 0 0 0 0 0 0 0 0 0 0 0 0 0 0 0 0 0 0 0 0 0 0 0 0 0 0 0 0 0 0 0 0 0 0 0 0 0 0 0 0 0 0 0 0 0 0]
[2938827216120543767122454816825915532855297431617450489955972627954758520807296256515298357609358626126065737736392820312704516342110687483747472121377293471674426900776221390303144613918150178674261093614819072197948657077738158564881851462571208 0 0 0 0 0 0 0 0 0 0 0 0 0 0 0 0 0 0 0 0 0 0 0 0 0 0 0 0 1 0 0 0 0 0 0 0 0 0 0 0 0 0 0 0 0 0 0 0 0 0 0 0 0 0 0 0 0 0 0 0 0 0 0 0 0 0 0 0 0 0 0 0 0 0 0 0 0 0 0 0 0]
[602457530657530077915735235275483230296297811222696625862572738913876266346025449446890681265366924904111016352825174179827167360534594200631046348582074868098822846157451889316408415913976307507768133426592111323761768890845534538412483001705013 0 0 0 0 0 0 0 0 0 0 0 0 0 0 0 0 0 0 0 0 0 0 0 0 0 0 0 0 0 1 0 0 0 0 0 0 0 0 0 0 0 0 0 0 0 0 0 0 0 0 0 0 0 0 0 0 0 0 0 0 0 0 0 0 0 0 0 0 0 0 0 0 0 0 0 0 0 0 0 0 0]
[590610724843800683558266999018232583154503559303344850990074377447192381976423120543236845923792644877591772426364551155464824710568242857395636626381035344485050644799054502884295048807252753168312603737826349908320505239005100152541163561649150 0 0 0 0 0 0 0 0 0 0 0 0 0 0 0 0 0 0 0 0 0 0 0 0 0 0 0 0 0 0 1 0 0 0 0 0 0 0 0 0 0 0 0 0 0 0 0 0 0 0 0 0 0 0 0 0 0 0 0 0 0 0 0 0 0 0 0 0 0 0 0 0 0 0 0 0 0 0 0 0 0]
[5756615951110038838613773247000811670256328398835220659628637936716600487534510093994320066831717234650204198020338155913017261940921581124048640803046195051101161480152183964695676781582789794969833200256872854662264141752428334359060036670836233 0 0 0 0 0 0 0 0 0 0 0 0 0 0 0 0 0 0 0 0 0 0 0 0 0 0 0 0 0 0 0 1 0 0 0 0 0 0 0 0 0 0 0 0 0 0 0 0 0 0 0 0 0 0 0 0 0 0 0 0 0 0 0 0 0 0 0 0 0 0 0 0 0 0 0 0 0 0 0 0 0]
[5269397502099721963273433839016493990515013891752865262816280176615897165049425460330028601398664609216351354396092035173582115635513101841607158428294347138197746280422099804433941637873275500788719181704321089399785443662489865190780121945652031 0 0 0 0 0 0 0 0 0 0 0 0 0 0 0 0 0 0 0 0 0 0 0 0 0 0 0 0 0 0 0 0 1 0 0 0 0 0 0 0 0 0 0 0 0 0 0 0 0 0 0 0 0 0 0 0 0 0 0 0 0 0 0 0 0 0 0 0 0 0 0 0 0 0 0 0 0 0 0 0 0]
[5280965631022974435495294935041267143266440683318806439384900657451263191942266651859833348189357025417256133422653946889855976031961287975877072528182787872414211608372782285173422062520662362489493173464414398908828834636968069722142517077002736 0 0 0 0 0 0 0 0 0 0 0 0 0 0 0 0 0 0 0 0 0 0 0 0 0 0 0 0 0 0 0 0 0 1 0 0 0 0 0 0 0 0 0 0 0 0 0 0 0 0 0 0 0 0 0 0 0 0 0 0 0 0 0 0 0 0 0 0 0 0 0 0 0 0 0 0 0 0 0 0 0]
[2625564631570913729080426593332982266925733586554202764276976755103030854160486694909466105669412386032670937217251685929777882118336264278128859634100136851729715420426314919990613699419018348865036560933492312083992873438520773383417196096264495 0 0 0 0 0 0 0 0 0 0 0 0 0 0 0 0 0 0 0 0 0 0 0 0 0 0 0 0 0 0 0 0 0 0 1 0 0 0 0 0 0 0 0 0 0 0 0 0 0 0 0 0 0 0 0 0 0 0 0 0 0 0 0 0 0 0 0 0 0 0 0 0 0 0 0 0 0 0 0 0 0]
[210361706842941533349195315482132707151761453790738742762234458465238012212693392869358199560994953822413176326442440597181662013061027617303062391547121194694796751926809735622673907185112661401118570108213573381204262929839069269579897032904232 0 0 0 0 0 0 0 0 0 0 0 0 0 0 0 0 0 0 0 0 0 0 0 0 0 0 0 0 0 0 0 0 0 0 0 1 0 0 0 0 0 0 0 0 0 0 0 0 0 0 0 0 0 0 0 0 0 0 0 0 0 0 0 0 0 0 0 0 0 0 0 0 0 0 0 0 0 0 0 0 0]
[307519364556278082869233399893847426745805308044034385455309001982554244515420595892672792371850566521635949865190700890905855281040922995521921269369650215524548504941415621292219669561392382838056635720591588689386183681949819427804033521490382 0 0 0 0 0 0 0 0 0 0 0 0 0 0 0 0 0 0 0 0 0 0 0 0 0 0 0 0 0 0 0 0 0 0 0 0 1 0 0 0 0 0 0 0 0 0 0 0 0 0 0 0 0 0 0 0 0 0 0 0 0 0 0 0 0 0 0 0 0 0 0 0 0 0 0 0 0 0 0 0 0]
[5944484064264087600740448838330390530797698257164722054274966487958167916746381845466440269935190851545753260347110665625712896818603585929458285568106037382241041559949069983049021780508645493707189555357494005577903492541377652099693718443857984 0 0 0 0 0 0 0 0 0 0 0 0 0 0 0 0 0 0 0 0 0 0 0 0 0 0 0 0 0 0 0 0 0 0 0 0 0 1 0 0 0 0 0 0 0 0 0 0 0 0 0 0 0 0 0 0 0 0 0 0 0 0 0 0 0 0 0 0 0 0 0 0 0 0 0 0 0 0 0 0 0]
[10229801974678771781587249404944472806513644126088337375081768929582059677775195706620451534450951120536067442310325091012878922383578651945467419804833651129755603065807364330468194957706997785662086820322853575860663025116440376544335744054098 0 0 0 0 0 0 0 0 0 0 0 0 0 0 0 0 0 0 0 0 0 0 0 0 0 0 0 0 0 0 0 0 0 0 0 0 0 0 1 0 0 0 0 0 0 0 0 0 0 0 0 0 0 0 0 0 0 0 0 0 0 0 0 0 0 0 0 0 0 0 0 0 0 0 0 0 0 0 0 0 0]
[687013073585408676204529423717193233386315970067338682036054123336400317595031085248741966365853096631444969424217705279409395096889219330507293286763336580985820781044922855609978678132191335689357853703054180950318348878224317799014815074129585 0 0 0 0 0 0 0 0 0 0 0 0 0 0 0 0 0 0 0 0 0 0 0 0 0 0 0 0 0 0 0 0 0 0 0 0 0 0 0 1 0 0 0 0 0 0 0 0 0 0 0 0 0 0 0 0 0 0 0 0 0 0 0 0 0 0 0 0 0 0 0 0 0 0 0 0 0 0 0 0 0]
[1862815796708649792379947284487689402417635636576615131178176183537883932657587290251015378769218591525145716200287458591690782764978169715261276297071648556519399940932963411805207551969863669355631693996375637756862659085555599380478408728188953 0 0 0 0 0 0 0 0 0 0 0 0 0 0 0 0 0 0 0 0 0 0 0 0 0 0 0 0 0 0 0 0 0 0 0 0 0 0 0 0 1 0 0 0 0 0 0 0 0 0 0 0 0 0 0 0 0 0 0 0 0 0 0 0 0 0 0 0 0 0 0 0 0 0 0 0 0 0 0 0 0]
[955544734747127959407558085682091336934725857174360170908146954687742357167971175059132214345556600504290476485231622320665845172860064645235258170587005816506253317260744496357642194635410826162097056608506006912238952071341200340990431945738705 0 0 0 0 0 0 0 0 0 0 0 0 0 0 0 0 0 0 0 0 0 0 0 0 0 0 0 0 0 0 0 0 0 0 0 0 0 0 0 0 0 1 0 0 0 0 0 0 0 0 0 0 0 0 0 0 0 0 0 0 0 0 0 0 0 0 0 0 0 0 0 0 0 0 0 0 0 0 0 0 0]
[5873953593813405206273437493036917354987624178411211571355547551656558139382052432631884033274974583659813994542606475917470618428128145952446049135054234721868138860471594248105098438561030376525902413223197580858119601180454107233949917847745313 0 0 0 0 0 0 0 0 0 0 0 0 0 0 0 0 0 0 0 0 0 0 0 0 0 0 0 0 0 0 0 0 0 0 0 0 0 0 0 0 0 0 1 0 0 0 0 0 0 0 0 0 0 0 0 0 0 0 0 0 0 0 0 0 0 0 0 0 0 0 0 0 0 0 0 0 0 0 0 0 0]
[5115084428490129678354585333781601345599365849615133545618198426600577342150633184001360796122486425500360595261208203619717669779645330838480139230435727511220849094334563862977011252210380495098423945584253249835335818378147313706139842004630846 0 0 0 0 0 0 0 0 0 0 0 0 0 0 0 0 0 0 0 0 0 0 0 0 0 0 0 0 0 0 0 0 0 0 0 0 0 0 0 0 0 0 0 1 0 0 0 0 0 0 0 0 0 0 0 0 0 0 0 0 0 0 0 0 0 0 0 0 0 0 0 0 0 0 0 0 0 0 0 0 0]
[5535090415990778763792085731554472857722970714547899276175543695468085736134044766799625319397653821483849851723109060412156837968250379588153372314601219020148457414533733991960958380093713558754180436329365827943907928132520717269234856699836942 0 0 0 0 0 0 0 0 0 0 0 0 0 0 0 0 0 0 0 0 0 0 0 0 0 0 0 0 0 0 0 0 0 0 0 0 0 0 0 0 0 0 0 0 1 0 0 0 0 0 0 0 0 0 0 0 0 0 0 0 0 0 0 0 0 0 0 0 0 0 0 0 0 0 0 0 0 0 0 0 0]
[4127530324388840699079582233749790298364167299698989990763507849736552789440098165083527152045765184562774167905727109369065014221431211558939752332203933357339448903824639586883973653820648933760414470213448007300840832109630085318549401941920042 0 0 0 0 0 0 0 0 0 0 0 0 0 0 0 0 0 0 0 0 0 0 0 0 0 0 0 0 0 0 0 0 0 0 0 0 0 0 0 0 0 0 0 0 0 1 0 0 0 0 0 0 0 0 0 0 0 0 0 0 0 0 0 0 0 0 0 0 0 0 0 0 0 0 0 0 0 0 0 0 0]
[1139669202082421724737858735279420379926251476756011599347296564779173301760262577060048428973161885665147194405283925250617914160048080069533305803369857076938931611056538202119731078550651037143109999366500691396415788571102960080685519255217677 0 0 0 0 0 0 0 0 0 0 0 0 0 0 0 0 0 0 0 0 0 0 0 0 0 0 0 0 0 0 0 0 0 0 0 0 0 0 0 0 0 0 0 0 0 0 1 0 0 0 0 0 0 0 0 0 0 0 0 0 0 0 0 0 0 0 0 0 0 0 0 0 0 0 0 0 0 0 0 0 0]
[5883512371462890705099068338660043797914873464439358788098601991654133588696518115256091652062738374067161903726861721374746873242194828873506277040768233387693399339502001256586817321581159200844365557835283330665423922974504072811452529014582203 0 0 0 0 0 0 0 0 0 0 0 0 0 0 0 0 0 0 0 0 0 0 0 0 0 0 0 0 0 0 0 0 0 0 0 0 0 0 0 0 0 0 0 0 0 0 0 1 0 0 0 0 0 0 0 0 0 0 0 0 0 0 0 0 0 0 0 0 0 0 0 0 0 0 0 0 0 0 0 0 0]
[2976945628764199743947067493783403569533888994590944467281684605868236305725833544472363664033208522209266098757196494077054037332407951724169810078231301534543073300776347217824929399904228884632859364881277361104124115153366548085346830490607919 0 0 0 0 0 0 0 0 0 0 0 0 0 0 0 0 0 0 0 0 0 0 0 0 0 0 0 0 0 0 0 0 0 0 0 0 0 0 0 0 0 0 0 0 0 0 0 0 1 0 0 0 0 0 0 0 0 0 0 0 0 0 0 0 0 0 0 0 0 0 0 0 0 0 0 0 0 0 0 0 0]
[1240855211790962478535010193432469824412966340672437049210335386638732387847388045130658813465971150311673691451224228653619346079817531780417678186463954148182272669130787999475622456212144090484348357691669291209887598283215851967985727270319441 0 0 0 0 0 0 0 0 0 0 0 0 0 0 0 0 0 0 0 0 0 0 0 0 0 0 0 0 0 0 0 0 0 0 0 0 0 0 0 0 0 0 0 0 0 0 0 0 0 1 0 0 0 0 0 0 0 0 0 0 0 0 0 0 0 0 0 0 0 0 0 0 0 0 0 0 0 0 0 0 0]
[3721609827277932874900683247419820537849933715642333160847808669062774651563370363732118752671111743081099624413656259330491252136080706618060275732707129768698962124566152867488062114450012667610277674951477107509933050491050520831326721471568772 0 0 0 0 0 0 0 0 0 0 0 0 0 0 0 0 0 0 0 0 0 0 0 0 0 0 0 0 0 0 0 0 0 0 0 0 0 0 0 0 0 0 0 0 0 0 0 0 0 0 1 0 0 0 0 0 0 0 0 0 0 0 0 0 0 0 0 0 0 0 0 0 0 0 0 0 0 0 0 0 0]
[4768920023571056952743360317419722874345173139122117427080632359552845134777451223544329379845520660184058510667312265377345037674996355084515055428442858194184920088646362388395342135411192789531887044520339033800999220277563971939957451796869178 0 0 0 0 0 0 0 0 0 0 0 0 0 0 0 0 0 0 0 0 0 0 0 0 0 0 0 0 0 0 0 0 0 0 0 0 0 0 0 0 0 0 0 0 0 0 0 0 0 0 0 1 0 0 0 0 0 0 0 0 0 0 0 0 0 0 0 0 0 0 0 0 0 0 0 0 0 0 0 0 0]
[2331051776333531241514963850165603824954327115830177940901365132972395286757894149525436724627250683505352067451877029496233280528886820132084496341824329564141008511887014323304877053380112058573785006651718863790521264379003358364655039352271065 0 0 0 0 0 0 0 0 0 0 0 0 0 0 0 0 0 0 0 0 0 0 0 0 0 0 0 0 0 0 0 0 0 0 0 0 0 0 0 0 0 0 0 0 0 0 0 0 0 0 0 0 1 0 0 0 0 0 0 0 0 0 0 0 0 0 0 0 0 0 0 0 0 0 0 0 0 0 0 0 0]
[1554489322170866698841333014872631734396464253983349474238373072777893366405661673177607082282179012349046752668478281634868385589161424215851433572668905304392197739473366545661578222246081577643019369245859511537665041117436268853511145819724249 0 0 0 0 0 0 0 0 0 0 0 0 0 0 0 0 0 0 0 0 0 0 0 0 0 0 0 0 0 0 0 0 0 0 0 0 0 0 0 0 0 0 0 0 0 0 0 0 0 0 0 0 0 1 0 0 0 0 0 0 0 0 0 0 0 0 0 0 0 0 0 0 0 0 0 0 0 0 0 0 0]
[385979550872567717720354187701370859661242677628692133567270894029282935283016456313367278426468845267338912022840855278433089977625581647378150994129678068275238475311621388682658286722547015641208376182780733759881001985579278510133129338540783 0 0 0 0 0 0 0 0 0 0 0 0 0 0 0 0 0 0 0 0 0 0 0 0 0 0 0 0 0 0 0 0 0 0 0 0 0 0 0 0 0 0 0 0 0 0 0 0 0 0 0 0 0 0 1 0 0 0 0 0 0 0 0 0 0 0 0 0 0 0 0 0 0 0 0 0 0 0 0 0 0]
[3495566933585852046291661446733484516369058545670114576095511808624048339371912270729999997695083154442571544831600392599930690447601503031768270382925672404615085712045625821725719657103747512576769724648945795490811471462369327804541480912867213 0 0 0 0 0 0 0 0 0 0 0 0 0 0 0 0 0 0 0 0 0 0 0 0 0 0 0 0 0 0 0 0 0 0 0 0 0 0 0 0 0 0 0 0 0 0 0 0 0 0 0 0 0 0 0 1 0 0 0 0 0 0 0 0 0 0 0 0 0 0 0 0 0 0 0 0 0 0 0 0 0]
[998927634498591849149325193082667856985601886960808949972126001954261776014283236854148461774258759103763719327219313286317428663225116937208033949012569574635923302973935732592858835975971742679455582211110829269922064869698225993102554615031600 0 0 0 0 0 0 0 0 0 0 0 0 0 0 0 0 0 0 0 0 0 0 0 0 0 0 0 0 0 0 0 0 0 0 0 0 0 0 0 0 0 0 0 0 0 0 0 0 0 0 0 0 0 0 0 0 1 0 0 0 0 0 0 0 0 0 0 0 0 0 0 0 0 0 0 0 0 0 0 0 0]
[5709815927969872982815468592291381167517759591167787033769720795701679888000088650493021093228344000253673589514602495063075765546638122402439590371338926514192762727684285511892154430022888144182264905610275250975332035527867706872437432649103701 0 0 0 0 0 0 0 0 0 0 0 0 0 0 0 0 0 0 0 0 0 0 0 0 0 0 0 0 0 0 0 0 0 0 0 0 0 0 0 0 0 0 0 0 0 0 0 0 0 0 0 0 0 0 0 0 0 1 0 0 0 0 0 0 0 0 0 0 0 0 0 0 0 0 0 0 0 0 0 0 0]
[5359662730602167962157238519911213982698944161003276947328076656703264034538522991739719292572730039838506480349715829118172223022889700583284285735342398406436232959262074930343596904075668942643999229834055328929268102614606337871528177924231918 0 0 0 0 0 0 0 0 0 0 0 0 0 0 0 0 0 0 0 0 0 0 0 0 0 0 0 0 0 0 0 0 0 0 0 0 0 0 0 0 0 0 0 0 0 0 0 0 0 0 0 0 0 0 0 0 0 0 1 0 0 0 0 0 0 0 0 0 0 0 0 0 0 0 0 0 0 0 0 0 0]
[4941540772660271547921268009238541661093271195929488769180074960299463555273243803015522748809945950054759742815008990764770132411679891969091419420214279455858350063317300656347078185509508389603937018473051738946779606008066273109627540583635846 0 0 0 0 0 0 0 0 0 0 0 0 0 0 0 0 0 0 0 0 0 0 0 0 0 0 0 0 0 0 0 0 0 0 0 0 0 0 0 0 0 0 0 0 0 0 0 0 0 0 0 0 0 0 0 0 0 0 0 1 0 0 0 0 0 0 0 0 0 0 0 0 0 0 0 0 0 0 0 0 0]
[3662461692354270064912954898390821994749016686765461806908906694408997048826715552486656511521423662168957632436376099792451977953954066154899990064644361531734207822653764512204262437408930320114900264911837354081575485269902107203960112366473774 0 0 0 0 0 0 0 0 0 0 0 0 0 0 0 0 0 0 0 0 0 0 0 0 0 0 0 0 0 0 0 0 0 0 0 0 0 0 0 0 0 0 0 0 0 0 0 0 0 0 0 0 0 0 0 0 0 0 0 0 1 0 0 0 0 0 0 0 0 0 0 0 0 0 0 0 0 0 0 0 0]
[687747323804104533583760731967168771189123924195802513980876771450265816556115058733230449589226075401197169766208794190839718319218304118487050368829556674589030572376730056548529211690894256107079475137675668328072187649660917475431901887969548 0 0 0 0 0 0 0 0 0 0 0 0 0 0 0 0 0 0 0 0 0 0 0 0 0 0 0 0 0 0 0 0 0 0 0 0 0 0 0 0 0 0 0 0 0 0 0 0 0 0 0 0 0 0 0 0 0 0 0 0 0 1 0 0 0 0 0 0 0 0 0 0 0 0 0 0 0 0 0 0 0]
[1211666683664497963243880621503885091462924934086614007259588555363627270117707526813769893455278760326846484243125372235816688563976251484598970308752563960038729681590955249708810025728629346447590435825044355691292752562754871040609669689047398 0 0 0 0 0 0 0 0 0 0 0 0 0 0 0 0 0 0 0 0 0 0 0 0 0 0 0 0 0 0 0 0 0 0 0 0 0 0 0 0 0 0 0 0 0 0 0 0 0 0 0 0 0 0 0 0 0 0 0 0 0 0 1 0 0 0 0 0 0 0 0 0 0 0 0 0 0 0 0 0 0]
[3317497915244881467359351381621084855607154266435016915642614862065265997420413285903228343542292000278697318046799792956078961799725869121635713152932439214028007254364352355702325823615168705035286357507042466498663758786366149882297514610806792 0 0 0 0 0 0 0 0 0 0 0 0 0 0 0 0 0 0 0 0 0 0 0 0 0 0 0 0 0 0 0 0 0 0 0 0 0 0 0 0 0 0 0 0 0 0 0 0 0 0 0 0 0 0 0 0 0 0 0 0 0 0 0 1 0 0 0 0 0 0 0 0 0 0 0 0 0 0 0 0 0]
[29096954730172845915381268860155031422561609477678773613131039328378807462489413866961287447531750863479481182615012734391370579210420340671260313557082431716507191831841545284234579174377353155867036709989710477054789246204996372136127546316771 0 0 0 0 0 0 0 0 0 0 0 0 0 0 0 0 0 0 0 0 0 0 0 0 0 0 0 0 0 0 0 0 0 0 0 0 0 0 0 0 0 0 0 0 0 0 0 0 0 0 0 0 0 0 0 0 0 0 0 0 0 0 0 0 1 0 0 0 0 0 0 0 0 0 0 0 0 0 0 0 0]
[6201583530809390458306269013954195140644343512444130057319822972271888612906091214739235971003346186938091949468010158444190032634987015271620743650921388926233156947263918713943454148795146337564117241910959278068119976688162918945055740678834557 0 0 0 0 0 0 0 0 0 0 0 0 0 0 0 0 0 0 0 0 0 0 0 0 0 0 0 0 0 0 0 0 0 0 0 0 0 0 0 0 0 0 0 0 0 0 0 0 0 0 0 0 0 0 0 0 0 0 0 0 0 0 0 0 0 1 0 0 0 0 0 0 0 0 0 0 0 0 0 0 0]
[6138099238349651665957437487535470489982682577512052730676591038891137325784387825531708686248816895887827932862645225842095259934697196342272156783277061930756154876505284058821858552645390741915133630241922177122343725770616514489772251594955541 0 0 0 0 0 0 0 0 0 0 0 0 0 0 0 0 0 0 0 0 0 0 0 0 0 0 0 0 0 0 0 0 0 0 0 0 0 0 0 0 0 0 0 0 0 0 0 0 0 0 0 0 0 0 0 0 0 0 0 0 0 0 0 0 0 0 1 0 0 0 0 0 0 0 0 0 0 0 0 0 0]
[1609780172977287616981131448589769346678976280512436326305686088882661633173238032405386369097806397312925604697688409902926451956196278769094804370255093248644987703407971232807987627512118783716942525508848300647812565206932096842529449879665815 0 0 0 0 0 0 0 0 0 0 0 0 0 0 0 0 0 0 0 0 0 0 0 0 0 0 0 0 0 0 0 0 0 0 0 0 0 0 0 0 0 0 0 0 0 0 0 0 0 0 0 0 0 0 0 0 0 0 0 0 0 0 0 0 0 0 0 1 0 0 0 0 0 0 0 0 0 0 0 0 0]
[4943406758350571298132658726584251952635289300648786025474570713838908022161979893589370099086697925657129965431875913652428804842062352845139590551855615863425015637126357038910114933623573189651844171648185597478324517693005450268538470569727945 0 0 0 0 0 0 0 0 0 0 0 0 0 0 0 0 0 0 0 0 0 0 0 0 0 0 0 0 0 0 0 0 0 0 0 0 0 0 0 0 0 0 0 0 0 0 0 0 0 0 0 0 0 0 0 0 0 0 0 0 0 0 0 0 0 0 0 0 1 0 0 0 0 0 0 0 0 0 0 0 0]
[1141591538327323326813497247640160748238222504034704320716660838087165836930160562265503320254969564310299363992373490783077231992141270002868766734546739768519144112878632953419358038561345613645256258087012995472437420304120926598203885960225838 0 0 0 0 0 0 0 0 0 0 0 0 0 0 0 0 0 0 0 0 0 0 0 0 0 0 0 0 0 0 0 0 0 0 0 0 0 0 0 0 0 0 0 0 0 0 0 0 0 0 0 0 0 0 0 0 0 0 0 0 0 0 0 0 0 0 0 0 0 1 0 0 0 0 0 0 0 0 0 0 0]
[1362906796849871843699963361188837364814716994271783541976827668370751068556911945889161470598567153138584576961506686534932564066140453970531046318726760790562887084470269733834383266289190432998824159315974046689453542019415252427658198182816391 0 0 0 0 0 0 0 0 0 0 0 0 0 0 0 0 0 0 0 0 0 0 0 0 0 0 0 0 0 0 0 0 0 0 0 0 0 0 0 0 0 0 0 0 0 0 0 0 0 0 0 0 0 0 0 0 0 0 0 0 0 0 0 0 0 0 0 0 0 0 1 0 0 0 0 0 0 0 0 0 0]
[4122535503924567264941881567853382136056630745814750592752769462487060505005646030164508808491898414970314369719002299882294373539006684218125376749601542590806446250590410868324004855766415630935263820224974973062216534796410998245691877789078169 0 0 0 0 0 0 0 0 0 0 0 0 0 0 0 0 0 0 0 0 0 0 0 0 0 0 0 0 0 0 0 0 0 0 0 0 0 0 0 0 0 0 0 0 0 0 0 0 0 0 0 0 0 0 0 0 0 0 0 0 0 0 0 0 0 0 0 0 0 0 0 1 0 0 0 0 0 0 0 0 0]
[6265441756377587063026036625808832609049019151166685265489744401642077662608396128664815825504697579884690377825985279572311407083257374620891866442451139335292388569155579629934339569646850994324276576286084229144825483425074832368436196259388003 0 0 0 0 0 0 0 0 0 0 0 0 0 0 0 0 0 0 0 0 0 0 0 0 0 0 0 0 0 0 0 0 0 0 0 0 0 0 0 0 0 0 0 0 0 0 0 0 0 0 0 0 0 0 0 0 0 0 0 0 0 0 0 0 0 0 0 0 0 0 0 0 1 0 0 0 0 0 0 0 0]
[3902782539454529388404212782894256240174701984726647888508748818035269167332741435802061628999159772914303293537101637133762456533973162549833083092158552250913006507297107366542859651281292034194625961579397588065269916985705809765895005776087470 0 0 0 0 0 0 0 0 0 0 0 0 0 0 0 0 0 0 0 0 0 0 0 0 0 0 0 0 0 0 0 0 0 0 0 0 0 0 0 0 0 0 0 0 0 0 0 0 0 0 0 0 0 0 0 0 0 0 0 0 0 0 0 0 0 0 0 0 0 0 0 0 0 1 0 0 0 0 0 0 0]
[2435014486398588922597288856871871061828036796187376798501567472010507968151410618596238228300346808108575164947815796169294846728353604622473273993868988507596394800288824781542537913769945438984662541474275955688467082596836193589896279355802497 0 0 0 0 0 0 0 0 0 0 0 0 0 0 0 0 0 0 0 0 0 0 0 0 0 0 0 0 0 0 0 0 0 0 0 0 0 0 0 0 0 0 0 0 0 0 0 0 0 0 0 0 0 0 0 0 0 0 0 0 0 0 0 0 0 0 0 0 0 0 0 0 0 0 1 0 0 0 0 0 0]
[919756175853204493402473633318105440947639413659405108377471839275003547181148908381709352287544000612758639245147931206038821387504055500964049192217567232966679342986802514335521867432439471145021298412974522764183186214540045793555702151466333 0 0 0 0 0 0 0 0 0 0 0 0 0 0 0 0 0 0 0 0 0 0 0 0 0 0 0 0 0 0 0 0 0 0 0 0 0 0 0 0 0 0 0 0 0 0 0 0 0 0 0 0 0 0 0 0 0 0 0 0 0 0 0 0 0 0 0 0 0 0 0 0 0 0 0 1 0 0 0 0 0]
[960958543777922411860199605621771060877492703387577879343251205254474739033791459057783815825130974724424420328461273840540153539551599155940165761712193709861267300427895664550220158319963977178209232877266810365052569075498145901115754291062390 0 0 0 0 0 0 0 0 0 0 0 0 0 0 0 0 0 0 0 0 0 0 0 0 0 0 0 0 0 0 0 0 0 0 0 0 0 0 0 0 0 0 0 0 0 0 0 0 0 0 0 0 0 0 0 0 0 0 0 0 0 0 0 0 0 0 0 0 0 0 0 0 0 0 0 0 1 0 0 0 0]
[617952439057186566856434153331512957211472158625476242244452073557629794022726664521652911099389960737881732363887329278463686955935070245063113603401483262252482206024958142768637824210133001209357775120246599602523143120969187082748554670688415 0 0 0 0 0 0 0 0 0 0 0 0 0 0 0 0 0 0 0 0 0 0 0 0 0 0 0 0 0 0 0 0 0 0 0 0 0 0 0 0 0 0 0 0 0 0 0 0 0 0 0 0 0 0 0 0 0 0 0 0 0 0 0 0 0 0 0 0 0 0 0 0 0 0 0 0 0 1 0 0 0]
[590339938533265667294802522015307347243923573733874342619580289375009348338131653533041720779499602617203484127714938266700975656965588868403557725490778775699315246923879663994717094576655446015299211320643713899961949342779268477667628840487933 0 0 0 0 0 0 0 0 0 0 0 0 0 0 0 0 0 0 0 0 0 0 0 0 0 0 0 0 0 0 0 0 0 0 0 0 0 0 0 0 0 0 0 0 0 0 0 0 0 0 0 0 0 0 0 0 0 0 0 0 0 0 0 0 0 0 0 0 0 0 0 0 0 0 0 0 0 0 1 0 0]
[4214965329621012734356534655834675154338343577903965962816622990540339167435832609319609980893358478392068734657324747451290259797177719616226389027578991863065770111578844868422521097943696810628664367325861907384192305375266274311087887605040426 0 0 0 0 0 0 0 0 0 0 0 0 0 0 0 0 0 0 0 0 0 0 0 0 0 0 0 0 0 0 0 0 0 0 0 0 0 0 0 0 0 0 0 0 0 0 0 0 0 0 0 0 0 0 0 0 0 0 0 0 0 0 0 0 0 0 0 0 0 0 0 0 0 0 0 0 0 0 0 1 0]
[6256091579677337445907978334164446341168592899549158994495041166425293042954353615856155575842802614584842927968435434941821244750190113921753321671751472116035691089636444502259928929973674378789958563853424480624012313272041918705817954284775425 0 0 0 0 0 0 0 0 0 0 0 0 0 0 0 0 0 0 0 0 0 0 0 0 0 0 0 0 0 0 0 0 0 0 0 0 0 0 0 0 0 0 0 0 0 0 0 0 0 0 0 0 0 0 0 0 0 0 0 0 0 0 0 0 0 0 0 0 0 0 0 0 0 0 0 0 0 0 0 0 1]
]
