[[5666411460759259912813887299344559195584715649645506325732614621048811357527694094329024448968246856458736725522629270652010555273151653591055585350992208914942313713623256449405845244244634837734273228468277366339191841166719234217337716324471702231103012738297452575189 0 0 0 0 0 0 0 0 0 0 0 0 0 0 0 0 0 0 0 0 0 0 0 0 0 0 0 0 0 0 0 0 0 0 0 0 0 0 0 0 0 0 0 0 0 0 0 0 0 0 0 0 0 0 0 0 0 0 0 0 0 0 0 0 0 0 0 0 0 0 0 0 0 0 0 0 0 0 0 0 0 0 0 0 0 0 0 0 0]
[3617400139801178022857248415721668528878424180350376461792394338200757705091119210570722515698045565211599708920037538550799443519432127762798286254549102276753179679608099082868564697436523185043928606764840428819207970324233533649061028221387283734783968000259201920334 1 0 0 0 0 0 0 0 0 0 0 0 0 0 0 0 0 0 0 0 0 0 0 0 0 0 0 0 0 0 0 0 0 0 0 0 0 0 0 0 0 0 0 0 0 0 0 0 0 0 0 0 0 0 0 0 0 0 0 0 0 0 0 0 0 0 0 0 0 0 0 0 0 0 0 0 0 0 0 0 0 0 0 0 0 0 0 0 0]
[4143011129482374218304345167111559571302777543933235947629067449356840959854049366607649880151007867304567220024122351936668172482539954051337104680321162573106376572982306959547931837123089295492262842524576570486237003012901057763022222119554248738652302273900461512714 0 1 0 0 0 0 0 0 0 0 0 0 0 0 0 0 0 0 0 0 0 0 0 0 0 0 0 0 0 0 0 0 0 0 0 0 0 0 0 0 0 0 0 0 0 0 0 0 0 0 0 0 0 0 0 0 0 0 0 0 0 0 0 0 0 0 0 0 0 0 0 0 0 0 0 0 0 0 0 0 0 0 0 0 0 0 0 0 0]
[1420484620193531386770119851919955066375329366372456246394620680051107532570526451161620687669120853799443571210885560407443855033649377446476467125041693514326258060539722694895554835022997756475693996363673709720671931009275437813439792179445555181528814349752748475173 0 0 1 0 0 0 0 0 0 0 0 0 0 0 0 0 0 0 0 0 0 0 0 0 0 0 0 0 0 0 0 0 0 0 0 0 0 0 0 0 0 0 0 0 0 0 0 0 0 0 0 0 0 0 0 0 0 0 0 0 0 0 0 0 0 0 0 0 0 0 0 0 0 0 0 0 0 0 0 0 0 0 0 0 0 0 0 0 0]
[2164931951300282949274950365498077607749806463487460586796655764559090723256988686437259193018409180172244663914510785399579026545003151372480768952256580233431703992460410690184672363703396563340715407236136046594869435175966688942141847917539562169414201445299686406303 0 0 0 1 0 0 0 0 0 0 0 0 0 0 0 0 0 0 0 0 0 0 0 0 0 0 0 0 0 0 0 0 0 0 0 0 0 0 0 0 0 0 0 0 0 0 0 0 0 0 0 0 0 0 0 0 0 0 0 0 0 0 0 0 0 0 0 0 0 0 0 0 0 0 0 0 0 0 0 0 0 0 0 0 0 0 0 0 0]
[4129038968698344146938359325916759445249449268001193108479609314440999179397947353303732734018016379685292662178751278209244546453139921673182928359070956883725827862079939050933444564435723554049259424145036177170208815980136336220938479772512344850863605607020964244150 0 0 0 0 1 0 0 0 0 0 0 0 0 0 0 0 0 0 0 0 0 0 0 0 0 0 0 0 0 0 0 0 0 0 0 0 0 0 0 0 0 0 0 0 0 0 0 0 0 0 0 0 0 0 0 0 0 0 0 0 0 0 0 0 0 0 0 0 0 0 0 0 0 0 0 0 0 0 0 0 0 0 0 0 0 0 0 0 0]
[1644549277868383329758617515522792851899254878462650519422552747950812114746507502798945856801250050036269501615505827261563586477659234846493430739616507708340651454334266890966249247959138675144239362710638051496714238458755594924483459360771275287259407712355209287632 0 0 0 0 0 1 0 0 0 0 0 0 0 0 0 0 0 0 0 0 0 0 0 0 0 0 0 0 0 0 0 0 0 0 0 0 0 0 0 0 0 0 0 0 0 0 0 0 0 0 0 0 0 0 0 0 0 0 0 0 0 0 0 0 0 0 0 0 0 0 0 0 0 0 0 0 0 0 0 0 0 0 0 0 0 0 0 0 0]
[4348006630767351420620761928068752883336875358495079461748960460478230761554206432682162447106532899292072827249330228495490264134936280728224696765711145157369675406258182034241980107337415089410355652784592189768917497905239309311946762172679582789993939945457372931711 0 0 0 0 0 0 1 0 0 0 0 0 0 0 0 0 0 0 0 0 0 0 0 0 0 0 0 0 0 0 0 0 0 0 0 0 0 0 0 0 0 0 0 0 0 0 0 0 0 0 0 0 0 0 0 0 0 0 0 0 0 0 0 0 0 0 0 0 0 0 0 0 0 0 0 0 0 0 0 0 0 0 0 0 0 0 0 0 0]
[1555977014008546943681816626990681287189889958096633640492453148989262413673185817045052182513615958643223420132829941212774347083681733129220337336521164077011820854466105007229525689894105460543581115407247133949129925811383290513917890520927641645169965975692379844289 0 0 0 0 0 0 0 1 0 0 0 0 0 0 0 0 0 0 0 0 0 0 0 0 0 0 0 0 0 0 0 0 0 0 0 0 0 0 0 0 0 0 0 0 0 0 0 0 0 0 0 0 0 0 0 0 0 0 0 0 0 0 0 0 0 0 0 0 0 0 0 0 0 0 0 0 0 0 0 0 0 0 0 0 0 0 0 0 0]
[3178344429322000279318621969582487256466725268495707150140748272739055581663486800265675238941290511924630540976020273285467627832560252413548399926967412593301543576962656243919245602087455895510294825571114852465464378887405635207399039126431532730945589568497205540444 0 0 0 0 0 0 0 0 1 0 0 0 0 0 0 0 0 0 0 0 0 0 0 0 0 0 0 0 0 0 0 0 0 0 0 0 0 0 0 0 0 0 0 0 0 0 0 0 0 0 0 0 0 0 0 0 0 0 0 0 0 0 0 0 0 0 0 0 0 0 0 0 0 0 0 0 0 0 0 0 0 0 0 0 0 0 0 0 0]
[5464272648709520587203129164948494369872062344227370572199099186643538054711755592373310759215759421211050517792518002395281372960541151998358507735356243437843006427155706752287300232503366637440137068145305416429680593347971768045302174784584020203813721736292317931808 0 0 0 0 0 0 0 0 0 1 0 0 0 0 0 0 0 0 0 0 0 0 0 0 0 0 0 0 0 0 0 0 0 0 0 0 0 0 0 0 0 0 0 0 0 0 0 0 0 0 0 0 0 0 0 0 0 0 0 0 0 0 0 0 0 0 0 0 0 0 0 0 0 0 0 0 0 0 0 0 0 0 0 0 0 0 0 0 0]
[1241038941018007959522066832777463835447156049987813790263506673679367567608825716562832824200102490509141402687080023055752394472594821313722333044535278351703499420402297789729538318115597676212505780847735076439218162980202970370345696185918114059298204949778645796651 0 0 0 0 0 0 0 0 0 0 1 0 0 0 0 0 0 0 0 0 0 0 0 0 0 0 0 0 0 0 0 0 0 0 0 0 0 0 0 0 0 0 0 0 0 0 0 0 0 0 0 0 0 0 0 0 0 0 0 0 0 0 0 0 0 0 0 0 0 0 0 0 0 0 0 0 0 0 0 0 0 0 0 0 0 0 0 0 0]
[120904642620782427825308970575308675636299202229517089050019701803929614605478219024507319032863889766873429165391744796077995047223328645757960653764716335376660018031399285563438736840353818419518836497185479979232718777305335732568095460853623942315166700479330224024 0 0 0 0 0 0 0 0 0 0 0 1 0 0 0 0 0 0 0 0 0 0 0 0 0 0 0 0 0 0 0 0 0 0 0 0 0 0 0 0 0 0 0 0 0 0 0 0 0 0 0 0 0 0 0 0 0 0 0 0 0 0 0 0 0 0 0 0 0 0 0 0 0 0 0 0 0 0 0 0 0 0 0 0 0 0 0 0 0]
[259238356947167706817875922609125503871512071986875302407989181340900457761069988638635808021954855991927567309270581342559992247635560109772218118751997465260279820020868562031484828605836908335924870911529935585959400025483853127312173814605848991720193965101000542081 0 0 0 0 0 0 0 0 0 0 0 0 1 0 0 0 0 0 0 0 0 0 0 0 0 0 0 0 0 0 0 0 0 0 0 0 0 0 0 0 0 0 0 0 0 0 0 0 0 0 0 0 0 0 0 0 0 0 0 0 0 0 0 0 0 0 0 0 0 0 0 0 0 0 0 0 0 0 0 0 0 0 0 0 0 0 0 0 0]
[2925465663519841657066231149551494348477046697854605897219441005744138513216281960906736768072438210259667769400001290124928513865561900206407526672139302255098276567537396148111227395429815821700774562030454538948278770377945597258745115402898786832457972743107927141830 0 0 0 0 0 0 0 0 0 0 0 0 0 1 0 0 0 0 0 0 0 0 0 0 0 0 0 0 0 0 0 0 0 0 0 0 0 0 0 0 0 0 0 0 0 0 0 0 0 0 0 0 0 0 0 0 0 0 0 0 0 0 0 0 0 0 0 0 0 0 0 0 0 0 0 0 0 0 0 0 0 0 0 0 0 0 0 0 0]
[3812949325348766755493142218197391386796846149600543171257595681405187105751056314091733759858535491438705377447889097435853360733599005752488229644337195988563427456138056968659267558553462175005158201817833314997601498816507140405670236841684023227303059482933586239414 0 0 0 0 0 0 0 0 0 0 0 0 0 0 1 0 0 0 0 0 0 0 0 0 0 0 0 0 0 0 0 0 0 0 0 0 0 0 0 0 0 0 0 0 0 0 0 0 0 0 0 0 0 0 0 0 0 0 0 0 0 0 0 0 0 0 0 0 0 0 0 0 0 0 0 0 0 0 0 0 0 0 0 0 0 0 0 0 0]
[3527723223499893022677078011102084721408004929066137307538137426406178090932004060208875029842186653178165324476617276074280084697359240400037734509765564792378563289874397765502480296793511598833907752749448261755246671704777033395148193497271610630548521903521099870565 0 0 0 0 0 0 0 0 0 0 0 0 0 0 0 1 0 0 0 0 0 0 0 0 0 0 0 0 0 0 0 0 0 0 0 0 0 0 0 0 0 0 0 0 0 0 0 0 0 0 0 0 0 0 0 0 0 0 0 0 0 0 0 0 0 0 0 0 0 0 0 0 0 0 0 0 0 0 0 0 0 0 0 0 0 0 0 0 0]
[3586035179650565070349124847101589378253230349176291997615515536951651402139437669329889920880916513804532429220185558996127289505709331474399731219010824610692418177267960317783180203378252222504068678395044562885203682512997461950496641239089727323785728948328982958484 0 0 0 0 0 0 0 0 0 0 0 0 0 0 0 0 1 0 0 0 0 0 0 0 0 0 0 0 0 0 0 0 0 0 0 0 0 0 0 0 0 0 0 0 0 0 0 0 0 0 0 0 0 0 0 0 0 0 0 0 0 0 0 0 0 0 0 0 0 0 0 0 0 0 0 0 0 0 0 0 0 0 0 0 0 0 0 0 0]
[3482253071686134115384194237714751259269620944316531571215180474868987289618638914546244381018400885230185383551652541493762542311091592376862371135273169405667324129304472124852406425242135555674361118306505886929738089061787041907006074775775999106933514296591060047360 0 0 0 0 0 0 0 0 0 0 0 0 0 0 0 0 0 1 0 0 0 0 0 0 0 0 0 0 0 0 0 0 0 0 0 0 0 0 0 0 0 0 0 0 0 0 0 0 0 0 0 0 0 0 0 0 0 0 0 0 0 0 0 0 0 0 0 0 0 0 0 0 0 0 0 0 0 0 0 0 0 0 0 0 0 0 0 0 0]
[3871321137955143421414080737832286952223508494403383457569232855412097740536084554864819204156284771894988684584234694871951386817651442239450700190512686079590686020190155097152068153550972298855738230604399167786168258134647989859844207473178573834993159182580346971577 0 0 0 0 0 0 0 0 0 0 0 0 0 0 0 0 0 0 1 0 0 0 0 0 0 0 0 0 0 0 0 0 0 0 0 0 0 0 0 0 0 0 0 0 0 0 0 0 0 0 0 0 0 0 0 0 0 0 0 0 0 0 0 0 0 0 0 0 0 0 0 0 0 0 0 0 0 0 0 0 0 0 0 0 0 0 0 0 0]
[2295790310022049618286383710125827276593504955092778914274175496657977309308799287159361097695413277389691340615904049730740985920563860006200842182821106526203225263913723944454830198113766173321518099282645444662420985285424566611016748083717948834984464062848491216821 0 0 0 0 0 0 0 0 0 0 0 0 0 0 0 0 0 0 0 1 0 0 0 0 0 0 0 0 0 0 0 0 0 0 0 0 0 0 0 0 0 0 0 0 0 0 0 0 0 0 0 0 0 0 0 0 0 0 0 0 0 0 0 0 0 0 0 0 0 0 0 0 0 0 0 0 0 0 0 0 0 0 0 0 0 0 0 0 0]
[3743129833625300318575467165099943571610027604519220329015134442476499466091684321329285487017359193023779164388108305529849586760974686350100073333057966455483874495472757865714742529258889364762345132385550304966101058581767861656826861148337682605420022582423275480295 0 0 0 0 0 0 0 0 0 0 0 0 0 0 0 0 0 0 0 0 1 0 0 0 0 0 0 0 0 0 0 0 0 0 0 0 0 0 0 0 0 0 0 0 0 0 0 0 0 0 0 0 0 0 0 0 0 0 0 0 0 0 0 0 0 0 0 0 0 0 0 0 0 0 0 0 0 0 0 0 0 0 0 0 0 0 0 0 0]
[935197126488166911531669134319915445245838642494521889188974856275234345079866532665885128095486007171892336313699657959125481146286264464459541693779152894065756576909583831508533280903772918541474310641131057847593851147766155359703637049306118103905195431608314283285 0 0 0 0 0 0 0 0 0 0 0 0 0 0 0 0 0 0 0 0 0 1 0 0 0 0 0 0 0 0 0 0 0 0 0 0 0 0 0 0 0 0 0 0 0 0 0 0 0 0 0 0 0 0 0 0 0 0 0 0 0 0 0 0 0 0 0 0 0 0 0 0 0 0 0 0 0 0 0 0 0 0 0 0 0 0 0 0 0]
[4446485781120306846452130867682027491778977697034906140131876324222673661852505713440496920548060924050418550194651559088677436549753161825041146489879830165566546268823591529989522018265725469598987145328439689845245313093638833746903616091588748511985467536331584011947 0 0 0 0 0 0 0 0 0 0 0 0 0 0 0 0 0 0 0 0 0 0 1 0 0 0 0 0 0 0 0 0 0 0 0 0 0 0 0 0 0 0 0 0 0 0 0 0 0 0 0 0 0 0 0 0 0 0 0 0 0 0 0 0 0 0 0 0 0 0 0 0 0 0 0 0 0 0 0 0 0 0 0 0 0 0 0 0 0]
[3846289416761426737186556279930104982868173465872928486388679006974958710674025944813623228753750106754973144820627225602036087176124604848977635867084867658254919993449675137315406736358268288377289654750535895133421630170067612178501372911023563680407168748021278122949 0 0 0 0 0 0 0 0 0 0 0 0 0 0 0 0 0 0 0 0 0 0 0 1 0 0 0 0 0 0 0 0 0 0 0 0 0 0 0 0 0 0 0 0 0 0 0 0 0 0 0 0 0 0 0 0 0 0 0 0 0 0 0 0 0 0 0 0 0 0 0 0 0 0 0 0 0 0 0 0 0 0 0 0 0 0 0 0 0]
[2663649159185596723560706859524717840804818065420247369035005009829480859530946146587178696059362253776211642139067422839389270453334732080604274166817070076685276643416114074945851212768671857494216974309746918045995904810444839561528159128189883244989162493050320564687 0 0 0 0 0 0 0 0 0 0 0 0 0 0 0 0 0 0 0 0 0 0 0 0 1 0 0 0 0 0 0 0 0 0 0 0 0 0 0 0 0 0 0 0 0 0 0 0 0 0 0 0 0 0 0 0 0 0 0 0 0 0 0 0 0 0 0 0 0 0 0 0 0 0 0 0 0 0 0 0 0 0 0 0 0 0 0 0 0]
[5080226390584254459646581363221437463494480059373927887810459874558163802728774040645076219309647493708835206962304619290680678591633989651480614853340291901475244217539385485891234096716050586868946657387920255090808079894739878790357101439917934910102708503588286106182 0 0 0 0 0 0 0 0 0 0 0 0 0 0 0 0 0 0 0 0 0 0 0 0 0 1 0 0 0 0 0 0 0 0 0 0 0 0 0 0 0 0 0 0 0 0 0 0 0 0 0 0 0 0 0 0 0 0 0 0 0 0 0 0 0 0 0 0 0 0 0 0 0 0 0 0 0 0 0 0 0 0 0 0 0 0 0 0 0]
[1280525900387878610976966864794148721426359209549424271037861930248920879034329957267322416706491852004922901344220712884817918553948136040444968652983547562125288639909504632269034247956774879748494045393949607571680918602766813793344943240303875589865435740740098153049 0 0 0 0 0 0 0 0 0 0 0 0 0 0 0 0 0 0 0 0 0 0 0 0 0 0 1 0 0 0 0 0 0 0 0 0 0 0 0 0 0 0 0 0 0 0 0 0 0 0 0 0 0 0 0 0 0 0 0 0 0 0 0 0 0 0 0 0 0 0 0 0 0 0 0 0 0 0 0 0 0 0 0 0 0 0 0 0 0]
[1490058620543952782671164178781302500523734338782041588984169047329238639722491458081956225373416029866328238882885852286684531112365930478299106084380244337077361494541318236385483948964690187775122817765736770193170831848591335424197358470840431999105730777449084746089 0 0 0 0 0 0 0 0 0 0 0 0 0 0 0 0 0 0 0 0 0 0 0 0 0 0 0 1 0 0 0 0 0 0 0 0 0 0 0 0 0 0 0 0 0 0 0 0 0 0 0 0 0 0 0 0 0 0 0 0 0 0 0 0 0 0 0 0 0 0 0 0 0 0 0 0 0 0 0 0 0 0 0 0 0 0 0 0 0]
[1781042959745691950842470582016916428515503549775077270079303806347587108695422645748847675290800847639694984479272024741431109870506058065037289569852147367154045266544431317733115728787997336723549539411267092492652098014815728070080172707389047215262603866393313478474 0 0 0 0 0 0 0 0 0 0 0 0 0 0 0 0 0 0 0 0 0 0 0 0 0 0 0 0 1 0 0 0 0 0 0 0 0 0 0 0 0 0 0 0 0 0 0 0 0 0 0 0 0 0 0 0 0 0 0 0 0 0 0 0 0 0 0 0 0 0 0 0 0 0 0 0 0 0 0 0 0 0 0 0 0 0 0 0 0]
[4340088662760888723928593621540921445370085654309125563920472279997173154322413588889255597213750947086241994332966690911009989867738981735141866649924043361325939022921925179743334571492635964954729390872699644527907793531194353040517268068738468108228486098549669151434 0 0 0 0 0 0 0 0 0 0 0 0 0 0 0 0 0 0 0 0 0 0 0 0 0 0 0 0 0 1 0 0 0 0 0 0 0 0 0 0 0 0 0 0 0 0 0 0 0 0 0 0 0 0 0 0 0 0 0 0 0 0 0 0 0 0 0 0 0 0 0 0 0 0 0 0 0 0 0 0 0 0 0 0 0 0 0 0 0]
[4633697759421695786685564860037289866064494208467713511328155911540726561680930604723369115514138424491224116720624136269096132281793902383995878481747639673288438541210052865186341878316001306348461221512962758060508111484665385414952084650701281016519817655777139296098 0 0 0 0 0 0 0 0 0 0 0 0 0 0 0 0 0 0 0 0 0 0 0 0 0 0 0 0 0 0 1 0 0 0 0 0 0 0 0 0 0 0 0 0 0 0 0 0 0 0 0 0 0 0 0 0 0 0 0 0 0 0 0 0 0 0 0 0 0 0 0 0 0 0 0 0 0 0 0 0 0 0 0 0 0 0 0 0 0]
[1583090569177577218797471904050091928550910090090581404648379760889280482429153060687195718978290624277888692491214194808180057228916464575246124682083272193710412753442343865256500188927027338780498752551307210506693137172305016822704050244607349764680926812085766789652 0 0 0 0 0 0 0 0 0 0 0 0 0 0 0 0 0 0 0 0 0 0 0 0 0 0 0 0 0 0 0 1 0 0 0 0 0 0 0 0 0 0 0 0 0 0 0 0 0 0 0 0 0 0 0 0 0 0 0 0 0 0 0 0 0 0 0 0 0 0 0 0 0 0 0 0 0 0 0 0 0 0 0 0 0 0 0 0 0]
[3689298113848306309719476297059407066573305422541990397090986344094238365814932084422467050366578571192570264013365828986235884728662613175364183410053456696717702176301383707915085815893292672369537716275343493979991714103234451506671677344195762233073031465292448632810 0 0 0 0 0 0 0 0 0 0 0 0 0 0 0 0 0 0 0 0 0 0 0 0 0 0 0 0 0 0 0 0 1 0 0 0 0 0 0 0 0 0 0 0 0 0 0 0 0 0 0 0 0 0 0 0 0 0 0 0 0 0 0 0 0 0 0 0 0 0 0 0 0 0 0 0 0 0 0 0 0 0 0 0 0 0 0 0 0]
[1504407001281570936992120691063479240701435803580230534714046106020714225692593107822410688022450994842338204027080920602749074028958132200611263268850580577863690101082287758478488924602017303684761990157122346356198312439101588927598567984053567778713675021896670318679 0 0 0 0 0 0 0 0 0 0 0 0 0 0 0 0 0 0 0 0 0 0 0 0 0 0 0 0 0 0 0 0 0 1 0 0 0 0 0 0 0 0 0 0 0 0 0 0 0 0 0 0 0 0 0 0 0 0 0 0 0 0 0 0 0 0 0 0 0 0 0 0 0 0 0 0 0 0 0 0 0 0 0 0 0 0 0 0 0]
[2499978325871920504817655337885587492052853135176617297876188709402482994268184092018184844958736723038428913151348166834580011063013805635646902350910144402038156665701603631985687884955676960513849160139924211232832314122499147670644976275869208058867881796997575907314 0 0 0 0 0 0 0 0 0 0 0 0 0 0 0 0 0 0 0 0 0 0 0 0 0 0 0 0 0 0 0 0 0 0 1 0 0 0 0 0 0 0 0 0 0 0 0 0 0 0 0 0 0 0 0 0 0 0 0 0 0 0 0 0 0 0 0 0 0 0 0 0 0 0 0 0 0 0 0 0 0 0 0 0 0 0 0 0 0]
[4494618422096429575101705869190557566418966727671686695125498994271413622702831240268835570538769620132489800203457478229207025405938712501540476751471276059125688815970953780527878892843396074773816605234448068536093512454248195478719168583350202357890077561072588714714 0 0 0 0 0 0 0 0 0 0 0 0 0 0 0 0 0 0 0 0 0 0 0 0 0 0 0 0 0 0 0 0 0 0 0 1 0 0 0 0 0 0 0 0 0 0 0 0 0 0 0 0 0 0 0 0 0 0 0 0 0 0 0 0 0 0 0 0 0 0 0 0 0 0 0 0 0 0 0 0 0 0 0 0 0 0 0 0 0]
[3077230674538788782873539821219432560973936240694560221399493604783814053593420099201796951024061816422071337022434771946436642950009867362445164187522463293751418366852809945548004925894131257226285042126250154938101475253817674746057219214233686649774062220942260142115 0 0 0 0 0 0 0 0 0 0 0 0 0 0 0 0 0 0 0 0 0 0 0 0 0 0 0 0 0 0 0 0 0 0 0 0 1 0 0 0 0 0 0 0 0 0 0 0 0 0 0 0 0 0 0 0 0 0 0 0 0 0 0 0 0 0 0 0 0 0 0 0 0 0 0 0 0 0 0 0 0 0 0 0 0 0 0 0 0]
[2814332974198988384139047953524879291236146882215835810168149677970058597875975406208128432584155426694918032566429129506839475158040867797741280793144967202251621028195683717446602363528238375793095198089271145456605602168730335989172375818344231137494679384254415097626 0 0 0 0 0 0 0 0 0 0 0 0 0 0 0 0 0 0 0 0 0 0 0 0 0 0 0 0 0 0 0 0 0 0 0 0 0 1 0 0 0 0 0 0 0 0 0 0 0 0 0 0 0 0 0 0 0 0 0 0 0 0 0 0 0 0 0 0 0 0 0 0 0 0 0 0 0 0 0 0 0 0 0 0 0 0 0 0 0]
[3261924605973373398268881236028469976437111149051063156742393314710759699259622907621280207934232175362846680049155004017836458240291579697145374940966825978767039155628110594335355915958017911331253205753588801486980845576436446549499417311412099947772003794405625723073 0 0 0 0 0 0 0 0 0 0 0 0 0 0 0 0 0 0 0 0 0 0 0 0 0 0 0 0 0 0 0 0 0 0 0 0 0 0 1 0 0 0 0 0 0 0 0 0 0 0 0 0 0 0 0 0 0 0 0 0 0 0 0 0 0 0 0 0 0 0 0 0 0 0 0 0 0 0 0 0 0 0 0 0 0 0 0 0 0]
[2289991059189006787806363197520538352263944369284401264747958585075098502859016764590076563442946770269964731976753809946892449985761385567089899545773136880219663266646072432539959723511501371372719886347338962600828861890609317518221684038347824371681010466372672637446 0 0 0 0 0 0 0 0 0 0 0 0 0 0 0 0 0 0 0 0 0 0 0 0 0 0 0 0 0 0 0 0 0 0 0 0 0 0 0 1 0 0 0 0 0 0 0 0 0 0 0 0 0 0 0 0 0 0 0 0 0 0 0 0 0 0 0 0 0 0 0 0 0 0 0 0 0 0 0 0 0 0 0 0 0 0 0 0 0]
[2568654801923839211616968902983954939734068053435435902958261928767527858231557020290230514383243028357616286517218835951971720004545588187601359845723896316809775845795059726757470660285144888369032247461294824748559630576158165391746120110231229518223118041498407792695 0 0 0 0 0 0 0 0 0 0 0 0 0 0 0 0 0 0 0 0 0 0 0 0 0 0 0 0 0 0 0 0 0 0 0 0 0 0 0 0 1 0 0 0 0 0 0 0 0 0 0 0 0 0 0 0 0 0 0 0 0 0 0 0 0 0 0 0 0 0 0 0 0 0 0 0 0 0 0 0 0 0 0 0 0 0 0 0 0]
[373105066505999102594833394602199023013294424737085537069728607061973403216558307380841660884065571967478865319304527533742763156332690241633325257609321843723772385355881265344083759275862162112953913943138127347948411500726590608637673301951538197490285747225654146385 0 0 0 0 0 0 0 0 0 0 0 0 0 0 0 0 0 0 0 0 0 0 0 0 0 0 0 0 0 0 0 0 0 0 0 0 0 0 0 0 0 1 0 0 0 0 0 0 0 0 0 0 0 0 0 0 0 0 0 0 0 0 0 0 0 0 0 0 0 0 0 0 0 0 0 0 0 0 0 0 0 0 0 0 0 0 0 0 0]
[3312510225404788835655803156435410448841078396530268277076012509607105817593651468313545160996912715356240891795807346003787281884669218728287232403074528967849642218546271921910540311431712606273653136521231912400027273760689127211602834364524718407299060031651222646104 0 0 0 0 0 0 0 0 0 0 0 0 0 0 0 0 0 0 0 0 0 0 0 0 0 0 0 0 0 0 0 0 0 0 0 0 0 0 0 0 0 0 1 0 0 0 0 0 0 0 0 0 0 0 0 0 0 0 0 0 0 0 0 0 0 0 0 0 0 0 0 0 0 0 0 0 0 0 0 0 0 0 0 0 0 0 0 0 0]
[4181372434284569166110848979619850062785653077348131253273179464560362560718301135964315239203848397398359444984974696052692141434489061842067408885414771689246778549517183391521419001940197143227917889885074371255928262970952960417019663421089422301249866283714946009183 0 0 0 0 0 0 0 0 0 0 0 0 0 0 0 0 0 0 0 0 0 0 0 0 0 0 0 0 0 0 0 0 0 0 0 0 0 0 0 0 0 0 0 1 0 0 0 0 0 0 0 0 0 0 0 0 0 0 0 0 0 0 0 0 0 0 0 0 0 0 0 0 0 0 0 0 0 0 0 0 0 0 0 0 0 0 0 0 0]
[4854211349187248142520082630851219432289833716899295547782291598917225860856606281328454473799971732370859745975201182770994189497773542647695849979003571719141468499694544770282550659494977265841583377425529326384473071577489405158453754057889695849837947999447069339204 0 0 0 0 0 0 0 0 0 0 0 0 0 0 0 0 0 0 0 0 0 0 0 0 0 0 0 0 0 0 0 0 0 0 0 0 0 0 0 0 0 0 0 0 1 0 0 0 0 0 0 0 0 0 0 0 0 0 0 0 0 0 0 0 0 0 0 0 0 0 0 0 0 0 0 0 0 0 0 0 0 0 0 0 0 0 0 0 0]
[626658853344656651807508099348701942740157463987607270134861324209195316983638691829165094856839980288889706439603622480582020171274958322107108010541043041222343156764751494514638529499921738063188778401401144936852214199956065039555501604577876571240853913749955854395 0 0 0 0 0 0 0 0 0 0 0 0 0 0 0 0 0 0 0 0 0 0 0 0 0 0 0 0 0 0 0 0 0 0 0 0 0 0 0 0 0 0 0 0 0 1 0 0 0 0 0 0 0 0 0 0 0 0 0 0 0 0 0 0 0 0 0 0 0 0 0 0 0 0 0 0 0 0 0 0 0 0 0 0 0 0 0 0 0]
[2346970748739033391493978628032382586933569609132902997377299455804775471989115818997063554294047413082333751900314819918619726524710184774190548398700406039167704118053133988249035299536413774930194441542281414559458054112126492607430283684952851928430111831096574319433 0 0 0 0 0 0 0 0 0 0 0 0 0 0 0 0 0 0 0 0 0 0 0 0 0 0 0 0 0 0 0 0 0 0 0 0 0 0 0 0 0 0 0 0 0 0 1 0 0 0 0 0 0 0 0 0 0 0 0 0 0 0 0 0 0 0 0 0 0 0 0 0 0 0 0 0 0 0 0 0 0 0 0 0 0 0 0 0 0]
[2405830462656471719627604714281104494657691991258285174733356997762252185738352255892190724303029870370921815486760662333152671498291827817975519145595102888130228060120361869101996828855619601784493235215184370585095050133834698712642673329473195666633337453866459870318 0 0 0 0 0 0 0 0 0 0 0 0 0 0 0 0 0 0 0 0 0 0 0 0 0 0 0 0 0 0 0 0 0 0 0 0 0 0 0 0 0 0 0 0 0 0 0 1 0 0 0 0 0 0 0 0 0 0 0 0 0 0 0 0 0 0 0 0 0 0 0 0 0 0 0 0 0 0 0 0 0 0 0 0 0 0 0 0 0]
[4022636514166872998258698689300046123763224410030826195206628668363509266882339465763114981708822014323849977655063815680920447516050857189845618159564402814754051852260578817703386348434774406192853088869140716996572552018142740190068459638721061932689137430575241683000 0 0 0 0 0 0 0 0 0 0 0 0 0 0 0 0 0 0 0 0 0 0 0 0 0 0 0 0 0 0 0 0 0 0 0 0 0 0 0 0 0 0 0 0 0 0 0 0 1 0 0 0 0 0 0 0 0 0 0 0 0 0 0 0 0 0 0 0 0 0 0 0 0 0 0 0 0 0 0 0 0 0 0 0 0 0 0 0 0]
[2310842589565597053474724210735368423520110861444112085648283353423604697536094527952499819259883547600031102102864797518850446187846843996355682880802612895911205980640501122069439651257693016164550671359642118905234065777786868220268264072357360483230666980371498368048 0 0 0 0 0 0 0 0 0 0 0 0 0 0 0 0 0 0 0 0 0 0 0 0 0 0 0 0 0 0 0 0 0 0 0 0 0 0 0 0 0 0 0 0 0 0 0 0 0 1 0 0 0 0 0 0 0 0 0 0 0 0 0 0 0 0 0 0 0 0 0 0 0 0 0 0 0 0 0 0 0 0 0 0 0 0 0 0 0]
[1973522728146637199776937473566955076585334903414901827418601174229272455165444074846079945949697799468245613004152357585417499613373356373817588181554333013985995412936510637333102002784738659071198627827799995733982130773025311211509335384802973311118954874524582325865 0 0 0 0 0 0 0 0 0 0 0 0 0 0 0 0 0 0 0 0 0 0 0 0 0 0 0 0 0 0 0 0 0 0 0 0 0 0 0 0 0 0 0 0 0 0 0 0 0 0 1 0 0 0 0 0 0 0 0 0 0 0 0 0 0 0 0 0 0 0 0 0 0 0 0 0 0 0 0 0 0 0 0 0 0 0 0 0 0]
[2005059382293591274825038059117595675281906595477051444333829241637290306400687211773636013145357060993790105431570352283994508184324926043013252377300408640079986273636070742647483833881424911907958437177838601812296351425112241622256637542505960508934417637718075001318 0 0 0 0 0 0 0 0 0 0 0 0 0 0 0 0 0 0 0 0 0 0 0 0 0 0 0 0 0 0 0 0 0 0 0 0 0 0 0 0 0 0 0 0 0 0 0 0 0 0 0 1 0 0 0 0 0 0 0 0 0 0 0 0 0 0 0 0 0 0 0 0 0 0 0 0 0 0 0 0 0 0 0 0 0 0 0 0 0]
[3024075575401148730884217724816723051766979304920957204099581109891389578729813874970509245584748580810547290909220582116093397718470729094638549223314172835073026448427778517792046707251678496186219367937001980959619439918407379619322668970282688722954504047643717346108 0 0 0 0 0 0 0 0 0 0 0 0 0 0 0 0 0 0 0 0 0 0 0 0 0 0 0 0 0 0 0 0 0 0 0 0 0 0 0 0 0 0 0 0 0 0 0 0 0 0 0 0 1 0 0 0 0 0 0 0 0 0 0 0 0 0 0 0 0 0 0 0 0 0 0 0 0 0 0 0 0 0 0 0 0 0 0 0 0]
[1166846584988834627618553724117232207601295278692178505100936230775858559011177469465916683851824136202144223126425210009137674190857376540254963597340278283058116078635432051066203744472644579317646139406121836848595903980689836773619103341678653470129760663801196497964 0 0 0 0 0 0 0 0 0 0 0 0 0 0 0 0 0 0 0 0 0 0 0 0 0 0 0 0 0 0 0 0 0 0 0 0 0 0 0 0 0 0 0 0 0 0 0 0 0 0 0 0 0 1 0 0 0 0 0 0 0 0 0 0 0 0 0 0 0 0 0 0 0 0 0 0 0 0 0 0 0 0 0 0 0 0 0 0 0]
[2311020562070872104862614058087513087204962122222053020369643345040928975333732584099065568451766637237083408480390678236471017515371206670538138507264946131051405255545871695083568296336392798721901540241008126682355778974940879715687004629492232167930694321780582169398 0 0 0 0 0 0 0 0 0 0 0 0 0 0 0 0 0 0 0 0 0 0 0 0 0 0 0 0 0 0 0 0 0 0 0 0 0 0 0 0 0 0 0 0 0 0 0 0 0 0 0 0 0 0 1 0 0 0 0 0 0 0 0 0 0 0 0 0 0 0 0 0 0 0 0 0 0 0 0 0 0 0 0 0 0 0 0 0 0]
[3167956459876682184027180193425312265787166071660338336556594492047410257308225443917772385358919063558639105525293876363925881837366463904154833629462678157770694082189502338137307639471279105447676381946381417645374603361042158668263068613860230507232739766932360497819 0 0 0 0 0 0 0 0 0 0 0 0 0 0 0 0 0 0 0 0 0 0 0 0 0 0 0 0 0 0 0 0 0 0 0 0 0 0 0 0 0 0 0 0 0 0 0 0 0 0 0 0 0 0 0 1 0 0 0 0 0 0 0 0 0 0 0 0 0 0 0 0 0 0 0 0 0 0 0 0 0 0 0 0 0 0 0 0 0]
[2599209001898545239608217812545966619784358771012582461246030664717366586707257060857153325187471109732572942449446559167509777154397259275741943700507971057593997164336172336354379880374148850804121144315973242105714978666550081530475710182687972232580918505387443890555 0 0 0 0 0 0 0 0 0 0 0 0 0 0 0 0 0 0 0 0 0 0 0 0 0 0 0 0 0 0 0 0 0 0 0 0 0 0 0 0 0 0 0 0 0 0 0 0 0 0 0 0 0 0 0 0 1 0 0 0 0 0 0 0 0 0 0 0 0 0 0 0 0 0 0 0 0 0 0 0 0 0 0 0 0 0 0 0 0]
[3649492073608450700502439026702708702387119323086361037643961653177097513207811505179268365612510783205777948074831595315259670906987311469619921162069589405537770183576070787551484438364752411880130684534839834351545049523704004162839617384698282729635838354782203614904 0 0 0 0 0 0 0 0 0 0 0 0 0 0 0 0 0 0 0 0 0 0 0 0 0 0 0 0 0 0 0 0 0 0 0 0 0 0 0 0 0 0 0 0 0 0 0 0 0 0 0 0 0 0 0 0 0 1 0 0 0 0 0 0 0 0 0 0 0 0 0 0 0 0 0 0 0 0 0 0 0 0 0 0 0 0 0 0 0]
[472900245152946213149242986833608977160679759928065522977257003097499362478255332160759960469196250916016464209461139622918861764618408056488360078513688646136652271782910306969135076604350813459339131045686974842772994759577545651423979535271142308962390496230713733016 0 0 0 0 0 0 0 0 0 0 0 0 0 0 0 0 0 0 0 0 0 0 0 0 0 0 0 0 0 0 0 0 0 0 0 0 0 0 0 0 0 0 0 0 0 0 0 0 0 0 0 0 0 0 0 0 0 0 1 0 0 0 0 0 0 0 0 0 0 0 0 0 0 0 0 0 0 0 0 0 0 0 0 0 0 0 0 0 0]
[3192008274767506906014516978734519587922378744990748555522636468562139961980532035111884287793856115033875545688894950261972288552627945770385044414579918336751796942512264090245760562688039656679199786639443515103490439025290234448558070353824179632409144513909054474052 0 0 0 0 0 0 0 0 0 0 0 0 0 0 0 0 0 0 0 0 0 0 0 0 0 0 0 0 0 0 0 0 0 0 0 0 0 0 0 0 0 0 0 0 0 0 0 0 0 0 0 0 0 0 0 0 0 0 0 1 0 0 0 0 0 0 0 0 0 0 0 0 0 0 0 0 0 0 0 0 0 0 0 0 0 0 0 0 0]
[2992263266456269903071582426721333824437590515055750604678705488074174246926306970660381118540565482609544116452510026018931271020053113723964793338374102611684339093543408400305837080646088121167303550818683036536475027478547475747021711120452960202840778537650018634609 0 0 0 0 0 0 0 0 0 0 0 0 0 0 0 0 0 0 0 0 0 0 0 0 0 0 0 0 0 0 0 0 0 0 0 0 0 0 0 0 0 0 0 0 0 0 0 0 0 0 0 0 0 0 0 0 0 0 0 0 1 0 0 0 0 0 0 0 0 0 0 0 0 0 0 0 0 0 0 0 0 0 0 0 0 0 0 0 0]
[2226825835860959213337595632885245752560500582107351731938810388927731581256920857380543037809267825763470435232841722323113319601650712302123423599046186941813766724568422281069305120142366942489593324789049519445575736718774663388238470274456906614452910654308226744836 0 0 0 0 0 0 0 0 0 0 0 0 0 0 0 0 0 0 0 0 0 0 0 0 0 0 0 0 0 0 0 0 0 0 0 0 0 0 0 0 0 0 0 0 0 0 0 0 0 0 0 0 0 0 0 0 0 0 0 0 0 1 0 0 0 0 0 0 0 0 0 0 0 0 0 0 0 0 0 0 0 0 0 0 0 0 0 0 0]
[2529964296400040336923228895456566336146616669917164649690411644753520165651532555617254227594977613472574284877044754895045702498129767090968104911830606260699445451546283144578518026798237293396056168151314166223563617101708621232300014193863068203151192130169024707728 0 0 0 0 0 0 0 0 0 0 0 0 0 0 0 0 0 0 0 0 0 0 0 0 0 0 0 0 0 0 0 0 0 0 0 0 0 0 0 0 0 0 0 0 0 0 0 0 0 0 0 0 0 0 0 0 0 0 0 0 0 0 1 0 0 0 0 0 0 0 0 0 0 0 0 0 0 0 0 0 0 0 0 0 0 0 0 0 0]
[1446361642138184730335803633926605935105035959361424776831104996751992315236364661313757649531220483293646451337124817784001914126054078717255676978851177242912671544138455509398102974176011973603345144427778780789721414701649428597229206966682188161325835908953361248920 0 0 0 0 0 0 0 0 0 0 0 0 0 0 0 0 0 0 0 0 0 0 0 0 0 0 0 0 0 0 0 0 0 0 0 0 0 0 0 0 0 0 0 0 0 0 0 0 0 0 0 0 0 0 0 0 0 0 0 0 0 0 0 1 0 0 0 0 0 0 0 0 0 0 0 0 0 0 0 0 0 0 0 0 0 0 0 0 0]
[3313040568707050992968150244880357897597405209147427044305912564180725110505412021089958828509655380722153421614882568616472243354871744008003047651332271985767018260306730624253146983233570770921217439181149168502837038859271911854007036533381718094924150502364847151155 0 0 0 0 0 0 0 0 0 0 0 0 0 0 0 0 0 0 0 0 0 0 0 0 0 0 0 0 0 0 0 0 0 0 0 0 0 0 0 0 0 0 0 0 0 0 0 0 0 0 0 0 0 0 0 0 0 0 0 0 0 0 0 0 1 0 0 0 0 0 0 0 0 0 0 0 0 0 0 0 0 0 0 0 0 0 0 0 0]
[2432650621712777880020775670939455423831474030376012684912381568783929361425392526824693248213385935428245784891954496931976550519842046179087081137024611832909519019139399985113069438024998501929725608857249958979826938189492160333841298709622956455205233099163568725987 0 0 0 0 0 0 0 0 0 0 0 0 0 0 0 0 0 0 0 0 0 0 0 0 0 0 0 0 0 0 0 0 0 0 0 0 0 0 0 0 0 0 0 0 0 0 0 0 0 0 0 0 0 0 0 0 0 0 0 0 0 0 0 0 0 1 0 0 0 0 0 0 0 0 0 0 0 0 0 0 0 0 0 0 0 0 0 0 0]
[5175415180238942542770970514939492241640484067121688914373870506264716246945045709168706009768037548455753686629722754931379209432104648317341310204854482589658271261524501804246919826610468514183367466690119774618716880949749782547683956333305832999634528903090152298618 0 0 0 0 0 0 0 0 0 0 0 0 0 0 0 0 0 0 0 0 0 0 0 0 0 0 0 0 0 0 0 0 0 0 0 0 0 0 0 0 0 0 0 0 0 0 0 0 0 0 0 0 0 0 0 0 0 0 0 0 0 0 0 0 0 0 1 0 0 0 0 0 0 0 0 0 0 0 0 0 0 0 0 0 0 0 0 0 0]
[5332785211844042320984823388540063643494181548598996719053998601972639332759961468565472099434584172224444299481786248467656092795558860801153162765739288567544641589529108154515158772901821057093951771130717332062739555164045507404123015390122603924389546222811179682228 0 0 0 0 0 0 0 0 0 0 0 0 0 0 0 0 0 0 0 0 0 0 0 0 0 0 0 0 0 0 0 0 0 0 0 0 0 0 0 0 0 0 0 0 0 0 0 0 0 0 0 0 0 0 0 0 0 0 0 0 0 0 0 0 0 0 0 1 0 0 0 0 0 0 0 0 0 0 0 0 0 0 0 0 0 0 0 0 0]
[4662246572168383613812982922081958801271007145097354259306142334637778717108954065948362121530161245351850022817356825998211613933199843535898663059684411257997943966909236139548310486654467307788005038010991479346183184751560039998648725443083548797121856920558610503642 0 0 0 0 0 0 0 0 0 0 0 0 0 0 0 0 0 0 0 0 0 0 0 0 0 0 0 0 0 0 0 0 0 0 0 0 0 0 0 0 0 0 0 0 0 0 0 0 0 0 0 0 0 0 0 0 0 0 0 0 0 0 0 0 0 0 0 0 1 0 0 0 0 0 0 0 0 0 0 0 0 0 0 0 0 0 0 0 0]
[547599744536742042744372924393572044783388380224461144570640070284314338961125967333854326765579068191285927690867955658791013983125368309144764143260936722529637980986977099300769490056408039955404058869678061710103349176996655215400081562759330558727921326577566560317 0 0 0 0 0 0 0 0 0 0 0 0 0 0 0 0 0 0 0 0 0 0 0 0 0 0 0 0 0 0 0 0 0 0 0 0 0 0 0 0 0 0 0 0 0 0 0 0 0 0 0 0 0 0 0 0 0 0 0 0 0 0 0 0 0 0 0 0 0 1 0 0 0 0 0 0 0 0 0 0 0 0 0 0 0 0 0 0 0]
[250585929431677669377669261849377157388009997134994594167356841542060468022740691953994993203210203799977432396506091353659640215340837674654484424807085517687917650010359996492630044611184552220821679530758490030662583410267521659127945815104687427299838113905334290890 0 0 0 0 0 0 0 0 0 0 0 0 0 0 0 0 0 0 0 0 0 0 0 0 0 0 0 0 0 0 0 0 0 0 0 0 0 0 0 0 0 0 0 0 0 0 0 0 0 0 0 0 0 0 0 0 0 0 0 0 0 0 0 0 0 0 0 0 0 0 1 0 0 0 0 0 0 0 0 0 0 0 0 0 0 0 0 0 0]
[3902120744318578367355707707617362198710538579178002895531697504930364064782846517880263737670198904778974577121255470553416214147693546152240251198186599893397275078080018817706488795861658949184199420572594552162214937829484881861727979817843261459998619039909304800554 0 0 0 0 0 0 0 0 0 0 0 0 0 0 0 0 0 0 0 0 0 0 0 0 0 0 0 0 0 0 0 0 0 0 0 0 0 0 0 0 0 0 0 0 0 0 0 0 0 0 0 0 0 0 0 0 0 0 0 0 0 0 0 0 0 0 0 0 0 0 0 1 0 0 0 0 0 0 0 0 0 0 0 0 0 0 0 0 0]
[3752345295414046738219294250518197545370812469625342077244556305080279286242924634352416369995287885066141060372615438128488373257752883550498820374705370080584219289792165300310946064635721373163359846105294380010076795164303634297678406502599495636924865916148476805662 0 0 0 0 0 0 0 0 0 0 0 0 0 0 0 0 0 0 0 0 0 0 0 0 0 0 0 0 0 0 0 0 0 0 0 0 0 0 0 0 0 0 0 0 0 0 0 0 0 0 0 0 0 0 0 0 0 0 0 0 0 0 0 0 0 0 0 0 0 0 0 0 1 0 0 0 0 0 0 0 0 0 0 0 0 0 0 0 0]
[4554390056480760507064879208615385804379533415491224793437305908923795956639968693800227789284248621464528983280966786893717677056509489330498182494995360525542808033762502475814786258767691510072127341264438566905506739998204786738530698116951734343928088797823275703989 0 0 0 0 0 0 0 0 0 0 0 0 0 0 0 0 0 0 0 0 0 0 0 0 0 0 0 0 0 0 0 0 0 0 0 0 0 0 0 0 0 0 0 0 0 0 0 0 0 0 0 0 0 0 0 0 0 0 0 0 0 0 0 0 0 0 0 0 0 0 0 0 0 1 0 0 0 0 0 0 0 0 0 0 0 0 0 0 0]
[3205640625423814994140430705026963122679310344000196248947884263677216247902796947988824541556740980037663822815199681153607535196668226767396367436980140315478577985934381997418121407108675844153895116853319106822092506948148569822096279492643113326196405479425048435689 0 0 0 0 0 0 0 0 0 0 0 0 0 0 0 0 0 0 0 0 0 0 0 0 0 0 0 0 0 0 0 0 0 0 0 0 0 0 0 0 0 0 0 0 0 0 0 0 0 0 0 0 0 0 0 0 0 0 0 0 0 0 0 0 0 0 0 0 0 0 0 0 0 0 1 0 0 0 0 0 0 0 0 0 0 0 0 0 0]
[2629373924228231693273086817003906568604169118929027761026594447200999340241110673122756960295706414686016187263873565192959399203658557398152982667084479544555010853566945379056374892971334406196515470157314208185765905604798474465309928670339022693573775807362889279656 0 0 0 0 0 0 0 0 0 0 0 0 0 0 0 0 0 0 0 0 0 0 0 0 0 0 0 0 0 0 0 0 0 0 0 0 0 0 0 0 0 0 0 0 0 0 0 0 0 0 0 0 0 0 0 0 0 0 0 0 0 0 0 0 0 0 0 0 0 0 0 0 0 0 0 1 0 0 0 0 0 0 0 0 0 0 0 0 0]
[193321788157782122168446014862438510493420000128181477625153091900199173259372523271339055662697177953552525153732475183647182094155174539519934228247843073761495222228143270238000385217937945106171051091453824773229372960519222359757614583628396983416732696683800043818 0 0 0 0 0 0 0 0 0 0 0 0 0 0 0 0 0 0 0 0 0 0 0 0 0 0 0 0 0 0 0 0 0 0 0 0 0 0 0 0 0 0 0 0 0 0 0 0 0 0 0 0 0 0 0 0 0 0 0 0 0 0 0 0 0 0 0 0 0 0 0 0 0 0 0 0 1 0 0 0 0 0 0 0 0 0 0 0 0]
[2264191667768749168704242634865994472555154732901294768515225519061390653799920225585526879508030769974420958054986613901398810899593402904527631859053023198237548404243052608370381043580371766721295527720580347266908194907834742703869285848166707401884329570884399890978 0 0 0 0 0 0 0 0 0 0 0 0 0 0 0 0 0 0 0 0 0 0 0 0 0 0 0 0 0 0 0 0 0 0 0 0 0 0 0 0 0 0 0 0 0 0 0 0 0 0 0 0 0 0 0 0 0 0 0 0 0 0 0 0 0 0 0 0 0 0 0 0 0 0 0 0 0 1 0 0 0 0 0 0 0 0 0 0 0]
[1881727124241591434906074748851670562468992712334847110103461709433531338423111316403027160200548838504207617178498509190788414754393059577656693206406592958252627962863393737767086545706109449318423340687034496812271591188782077929575572421439390928476233108939160736244 0 0 0 0 0 0 0 0 0 0 0 0 0 0 0 0 0 0 0 0 0 0 0 0 0 0 0 0 0 0 0 0 0 0 0 0 0 0 0 0 0 0 0 0 0 0 0 0 0 0 0 0 0 0 0 0 0 0 0 0 0 0 0 0 0 0 0 0 0 0 0 0 0 0 0 0 0 0 1 0 0 0 0 0 0 0 0 0 0]
[191693449075840177004193782973971871491931517295946607134933571357905284678353323357181220344965993322660497108117528883789437502771905166310223437426144142595047436662599094196920664521924667445373268948340967039042456228077081068710063248987256800516404665830827589422 0 0 0 0 0 0 0 0 0 0 0 0 0 0 0 0 0 0 0 0 0 0 0 0 0 0 0 0 0 0 0 0 0 0 0 0 0 0 0 0 0 0 0 0 0 0 0 0 0 0 0 0 0 0 0 0 0 0 0 0 0 0 0 0 0 0 0 0 0 0 0 0 0 0 0 0 0 0 0 1 0 0 0 0 0 0 0 0 0]
[3193475653927624569649439923400062677805710491143292035899483326358401849713270594606116017637427144326166781940995701698775474682136521127231779075813541883569689368036509823784136932889269454336586140314767387062175243063021987441244539244585204057271174251104158288763 0 0 0 0 0 0 0 0 0 0 0 0 0 0 0 0 0 0 0 0 0 0 0 0 0 0 0 0 0 0 0 0 0 0 0 0 0 0 0 0 0 0 0 0 0 0 0 0 0 0 0 0 0 0 0 0 0 0 0 0 0 0 0 0 0 0 0 0 0 0 0 0 0 0 0 0 0 0 0 0 1 0 0 0 0 0 0 0 0]
[217967100609271933184263248265611518774976341625824814292738123629483552817371861327720287358025897387008291539371854595544076704038059541579629407565312245801155344995679593767216513281651774582811724189060209783253431109186003826211817230479124214586451154098232052024 0 0 0 0 0 0 0 0 0 0 0 0 0 0 0 0 0 0 0 0 0 0 0 0 0 0 0 0 0 0 0 0 0 0 0 0 0 0 0 0 0 0 0 0 0 0 0 0 0 0 0 0 0 0 0 0 0 0 0 0 0 0 0 0 0 0 0 0 0 0 0 0 0 0 0 0 0 0 0 0 0 1 0 0 0 0 0 0 0]
[5174496297057410862889563794966426201583158908433153200389803991271110123379506482456720824848752765689232072111430909453356328196202547004312816480915577617595938960059229641761764154122737352652265573977342036404455881104240900888587229056395568646354297302770519571859 0 0 0 0 0 0 0 0 0 0 0 0 0 0 0 0 0 0 0 0 0 0 0 0 0 0 0 0 0 0 0 0 0 0 0 0 0 0 0 0 0 0 0 0 0 0 0 0 0 0 0 0 0 0 0 0 0 0 0 0 0 0 0 0 0 0 0 0 0 0 0 0 0 0 0 0 0 0 0 0 0 0 1 0 0 0 0 0 0]
[5476119133095523042458183725732068908292200733036756046653535350205643089889856148796218408687429196583681214748779009714129307489708694145011321684105781406812362001812633034999457509719764676359223889020835324818508831951411173254030912744066037529270833001630618767275 0 0 0 0 0 0 0 0 0 0 0 0 0 0 0 0 0 0 0 0 0 0 0 0 0 0 0 0 0 0 0 0 0 0 0 0 0 0 0 0 0 0 0 0 0 0 0 0 0 0 0 0 0 0 0 0 0 0 0 0 0 0 0 0 0 0 0 0 0 0 0 0 0 0 0 0 0 0 0 0 0 0 0 1 0 0 0 0 0]
[4659103914840004902787467383832550859076382791082555475214599057181102015258299101463458407948208300432538766609819719515712454702391748729002254075493785287050573304364330406910920975427108961513311784395715318993593663850819498314181179420802238766937755307928975082442 0 0 0 0 0 0 0 0 0 0 0 0 0 0 0 0 0 0 0 0 0 0 0 0 0 0 0 0 0 0 0 0 0 0 0 0 0 0 0 0 0 0 0 0 0 0 0 0 0 0 0 0 0 0 0 0 0 0 0 0 0 0 0 0 0 0 0 0 0 0 0 0 0 0 0 0 0 0 0 0 0 0 0 0 1 0 0 0 0]
[3388346475193264759756973497136401333173162268481115326248532163233098912070799145212307887176350575445336155955036152200846408235742608779173149580983159888315559045313305442366080230864672931110475704573608497464676335833677558201577434659109100715115004518728238931647 0 0 0 0 0 0 0 0 0 0 0 0 0 0 0 0 0 0 0 0 0 0 0 0 0 0 0 0 0 0 0 0 0 0 0 0 0 0 0 0 0 0 0 0 0 0 0 0 0 0 0 0 0 0 0 0 0 0 0 0 0 0 0 0 0 0 0 0 0 0 0 0 0 0 0 0 0 0 0 0 0 0 0 0 0 1 0 0 0]
[1761296119551423925551713263141901738545523326631414946012338306536189280959503936428591205489560276157102636159926005424005057500683655815419548265383749239589883228187241600623339781527338276730396435620867380162374464642709159730021199001268771487727898379930287120663 0 0 0 0 0 0 0 0 0 0 0 0 0 0 0 0 0 0 0 0 0 0 0 0 0 0 0 0 0 0 0 0 0 0 0 0 0 0 0 0 0 0 0 0 0 0 0 0 0 0 0 0 0 0 0 0 0 0 0 0 0 0 0 0 0 0 0 0 0 0 0 0 0 0 0 0 0 0 0 0 0 0 0 0 0 0 1 0 0]
[249744608029158123928109950586273190935050638616047179326781622823431534536696478123477588045954606375782126923883747542642634374955937128219573891200712492789784760830573994989691072897565094905316057583494634497622590512588211192398426968242386456471882224844187422990 0 0 0 0 0 0 0 0 0 0 0 0 0 0 0 0 0 0 0 0 0 0 0 0 0 0 0 0 0 0 0 0 0 0 0 0 0 0 0 0 0 0 0 0 0 0 0 0 0 0 0 0 0 0 0 0 0 0 0 0 0 0 0 0 0 0 0 0 0 0 0 0 0 0 0 0 0 0 0 0 0 0 0 0 0 0 0 1 0]
[564365102599710807875715483144436857941263418717659871233884811883019166014102536957096244033280359327502940204164893159944990715368317351965498607480888463090035683683597135750987166735213597025386877945897648682684364647958850498795467587377474990926083650006872791612 0 0 0 0 0 0 0 0 0 0 0 0 0 0 0 0 0 0 0 0 0 0 0 0 0 0 0 0 0 0 0 0 0 0 0 0 0 0 0 0 0 0 0 0 0 0 0 0 0 0 0 0 0 0 0 0 0 0 0 0 0 0 0 0 0 0 0 0 0 0 0 0 0 0 0 0 0 0 0 0 0 0 0 0 0 0 0 0 1]
]
