[[3450852809882509642000659484196668743500965902253223356397754893765425228238897922507380595150406736590695903196519509296243035541031371937205269475056471128505182637197218713075237459978982505534331707903 0 0 0 0 0 0 0 0 0 0 0 0 0 0 0 0 0 0 0 0 0 0 0 0 0 0 0 0 0 0 0 0 0 0 0 0 0 0 0 0 0 0 0 0 0 0 0 0 0 0 0 0 0 0 0 0 0 0 0 0 0 0 0 0 0 0 0]
[2103206724587162342727157856843907581121468694466975546297423730921988219538741550055654239326810685301938166893489073101637450416668421977599044641927355134757760747622067930085879007085593022493492876170 1 0 0 0 0 0 0 0 0 0 0 0 0 0 0 0 0 0 0 0 0 0 0 0 0 0 0 0 0 0 0 0 0 0 0 0 0 0 0 0 0 0 0 0 0 0 0 0 0 0 0 0 0 0 0 0 0 0 0 0 0 0 0 0 0 0 0]
[2869122821538632396908840719328601712069014582052361118239119934436369337870779061095293037687589804663413015490904288075881594634434679090721850281072976665906347166464088593184260022350693426694352904358 0 1 0 0 0 0 0 0 0 0 0 0 0 0 0 0 0 0 0 0 0 0 0 0 0 0 0 0 0 0 0 0 0 0 0 0 0 0 0 0 0 0 0 0 0 0 0 0 0 0 0 0 0 0 0 0 0 0 0 0 0 0 0 0 0 0 0]
[2275868274742407795839571965680374066911158446834224335061884809821471329593610801720223286096862802218995971459711644736337833925061766382046001475752296825572132747734617496745638752391575306490145000873 0 0 1 0 0 0 0 0 0 0 0 0 0 0 0 0 0 0 0 0 0 0 0 0 0 0 0 0 0 0 0 0 0 0 0 0 0 0 0 0 0 0 0 0 0 0 0 0 0 0 0 0 0 0 0 0 0 0 0 0 0 0 0 0 0 0 0]
[1049378981757149503244605881207338231102763374492534949215908391459447913281426795543290628105697111862770534826129734456000598142157389929269742918266052279952087612329719377351939568491978717678245260950 0 0 0 1 0 0 0 0 0 0 0 0 0 0 0 0 0 0 0 0 0 0 0 0 0 0 0 0 0 0 0 0 0 0 0 0 0 0 0 0 0 0 0 0 0 0 0 0 0 0 0 0 0 0 0 0 0 0 0 0 0 0 0 0 0 0 0]
[2623770349142262098118812044237324354275604837621638910035810357526852311967047410291565808035366397085713798848580271911665715089024565339137084878913643448616955980611377942235817811443377289808990587063 0 0 0 0 1 0 0 0 0 0 0 0 0 0 0 0 0 0 0 0 0 0 0 0 0 0 0 0 0 0 0 0 0 0 0 0 0 0 0 0 0 0 0 0 0 0 0 0 0 0 0 0 0 0 0 0 0 0 0 0 0 0 0 0 0 0 0]
[2991929879284556747946447629262018016781718040536087299196701607696632363926516744929747437665249609578767673056526372146891702060482293417230865809728330306105340029523428863248609923538055654868845558555 0 0 0 0 0 1 0 0 0 0 0 0 0 0 0 0 0 0 0 0 0 0 0 0 0 0 0 0 0 0 0 0 0 0 0 0 0 0 0 0 0 0 0 0 0 0 0 0 0 0 0 0 0 0 0 0 0 0 0 0 0 0 0 0 0 0 0]
[322484035173929985798505872489954013300953485537154099142928668610682446335201672739187473082373135877668152167010747155751651787640659158463074734142529588042929342527161769277982738506804650367604867911 0 0 0 0 0 0 1 0 0 0 0 0 0 0 0 0 0 0 0 0 0 0 0 0 0 0 0 0 0 0 0 0 0 0 0 0 0 0 0 0 0 0 0 0 0 0 0 0 0 0 0 0 0 0 0 0 0 0 0 0 0 0 0 0 0 0 0]
[3121460809603208551578230037933624054361977953102461083578617904052192837948490308906224374666583391158976215043940025416830845993521021388409583249169430232800454908631254901785540657219866618356245397540 0 0 0 0 0 0 0 1 0 0 0 0 0 0 0 0 0 0 0 0 0 0 0 0 0 0 0 0 0 0 0 0 0 0 0 0 0 0 0 0 0 0 0 0 0 0 0 0 0 0 0 0 0 0 0 0 0 0 0 0 0 0 0 0 0 0 0]
[1104811909449677793615138906712955653067919017745481313182541372794262419162629274976276644288107409493543769089619246044488225991313095469901583752352469775005886496640656865802284691629803575418284272006 0 0 0 0 0 0 0 0 1 0 0 0 0 0 0 0 0 0 0 0 0 0 0 0 0 0 0 0 0 0 0 0 0 0 0 0 0 0 0 0 0 0 0 0 0 0 0 0 0 0 0 0 0 0 0 0 0 0 0 0 0 0 0 0 0 0 0]
[899519575713200913282965538083911479144110252393731018465189978810024968718690906956675787546948599011804063590668313797233609597058732609375649555681403924588311000769243201477442515017392240322578118694 0 0 0 0 0 0 0 0 0 1 0 0 0 0 0 0 0 0 0 0 0 0 0 0 0 0 0 0 0 0 0 0 0 0 0 0 0 0 0 0 0 0 0 0 0 0 0 0 0 0 0 0 0 0 0 0 0 0 0 0 0 0 0 0 0 0 0]
[2428513722987738843894982485168492411392896425573762013557964465413114033080431182095040135430940199673461151634036779093927693818306292232726952104066749715672478007700799320286616442577065952091610500053 0 0 0 0 0 0 0 0 0 0 1 0 0 0 0 0 0 0 0 0 0 0 0 0 0 0 0 0 0 0 0 0 0 0 0 0 0 0 0 0 0 0 0 0 0 0 0 0 0 0 0 0 0 0 0 0 0 0 0 0 0 0 0 0 0 0 0]
[3114923182054112524235574579638126185992527160731630696318405831150265708612108267362359926239110541539892251408367407519850243109131676117163198542301971210238307772534565113714015703178882686125765964729 0 0 0 0 0 0 0 0 0 0 0 1 0 0 0 0 0 0 0 0 0 0 0 0 0 0 0 0 0 0 0 0 0 0 0 0 0 0 0 0 0 0 0 0 0 0 0 0 0 0 0 0 0 0 0 0 0 0 0 0 0 0 0 0 0 0 0]
[1020337370104535290400690104014041140164529509795013287684011361933343393029491735733976577113694148395103353873835521604711202990728064828224273663914117643599602395175948749438391162416219747716347006270 0 0 0 0 0 0 0 0 0 0 0 0 1 0 0 0 0 0 0 0 0 0 0 0 0 0 0 0 0 0 0 0 0 0 0 0 0 0 0 0 0 0 0 0 0 0 0 0 0 0 0 0 0 0 0 0 0 0 0 0 0 0 0 0 0 0 0]
[1158695930256049759123369959260191937181310094724204714871292701675388121648313945279705226269145891754743307943460709462187612119297581687207401843210475985568795930815635188511130027152834997247599804 0 0 0 0 0 0 0 0 0 0 0 0 0 1 0 0 0 0 0 0 0 0 0 0 0 0 0 0 0 0 0 0 0 0 0 0 0 0 0 0 0 0 0 0 0 0 0 0 0 0 0 0 0 0 0 0 0 0 0 0 0 0 0 0 0 0 0]
[800352455255658828048381594889264704430878374735442819326311263870808261759053943573700553190757077807978758664948311787081229839111806229106751644799083427073612013445325535322989435760488192241964016293 0 0 0 0 0 0 0 0 0 0 0 0 0 0 1 0 0 0 0 0 0 0 0 0 0 0 0 0 0 0 0 0 0 0 0 0 0 0 0 0 0 0 0 0 0 0 0 0 0 0 0 0 0 0 0 0 0 0 0 0 0 0 0 0 0 0 0]
[582498018232027849782183765012066106984531950547137655447220986160576460859495722372527192327337759461401247887391389497290131388584421938796496888985651849728622047415140710016021979746649759679876150882 0 0 0 0 0 0 0 0 0 0 0 0 0 0 0 1 0 0 0 0 0 0 0 0 0 0 0 0 0 0 0 0 0 0 0 0 0 0 0 0 0 0 0 0 0 0 0 0 0 0 0 0 0 0 0 0 0 0 0 0 0 0 0 0 0 0 0]
[2975525036220561091599865666334629227813270283666664673823860001684682993175919633064704549626215335893909292543778555536329711431916166043531028089110858914090582889796246659159421769758719621106789493567 0 0 0 0 0 0 0 0 0 0 0 0 0 0 0 0 1 0 0 0 0 0 0 0 0 0 0 0 0 0 0 0 0 0 0 0 0 0 0 0 0 0 0 0 0 0 0 0 0 0 0 0 0 0 0 0 0 0 0 0 0 0 0 0 0 0 0]
[3123762889924528328802347041898535032316438264437176413186049903803024294489322867233354825602412279293364574713944169568084178386920687018805221937005845681050556085939361497863213568516413547904634700631 0 0 0 0 0 0 0 0 0 0 0 0 0 0 0 0 0 1 0 0 0 0 0 0 0 0 0 0 0 0 0 0 0 0 0 0 0 0 0 0 0 0 0 0 0 0 0 0 0 0 0 0 0 0 0 0 0 0 0 0 0 0 0 0 0 0 0]
[2473265497238560237555340869752312252614514408487787691859268551221360015661980760470656991857113770030001492039296387978457020691337890515267524454227905238903684019459749761024007691612275711579124275588 0 0 0 0 0 0 0 0 0 0 0 0 0 0 0 0 0 0 1 0 0 0 0 0 0 0 0 0 0 0 0 0 0 0 0 0 0 0 0 0 0 0 0 0 0 0 0 0 0 0 0 0 0 0 0 0 0 0 0 0 0 0 0 0 0 0 0]
[3101195858373545278233706033277484434600725288517838998079341287513071159037229859238879985903252932742055501094665835299305090610464142179741771959708248994425378672671049825689213484213722288029616136692 0 0 0 0 0 0 0 0 0 0 0 0 0 0 0 0 0 0 0 1 0 0 0 0 0 0 0 0 0 0 0 0 0 0 0 0 0 0 0 0 0 0 0 0 0 0 0 0 0 0 0 0 0 0 0 0 0 0 0 0 0 0 0 0 0 0 0]
[845595085046079234985647349015947197699261924128535937260476050234460161671935342598816002529043055591183288494907518335258661195172194448760200984637704366882567931576655485495202152254101020500185395365 0 0 0 0 0 0 0 0 0 0 0 0 0 0 0 0 0 0 0 0 1 0 0 0 0 0 0 0 0 0 0 0 0 0 0 0 0 0 0 0 0 0 0 0 0 0 0 0 0 0 0 0 0 0 0 0 0 0 0 0 0 0 0 0 0 0 0]
[2198511130303652624037884415236388283588518972797911754474210039096376090091330882856469342943953422652491173985162811002465881095212515343013071919955587487736001379802815871889473203593466764439004083355 0 0 0 0 0 0 0 0 0 0 0 0 0 0 0 0 0 0 0 0 0 1 0 0 0 0 0 0 0 0 0 0 0 0 0 0 0 0 0 0 0 0 0 0 0 0 0 0 0 0 0 0 0 0 0 0 0 0 0 0 0 0 0 0 0 0 0]
[3225904950986678853976680245991084325653749745626951334575967682729804048651344347790604830101679298391866044796036505754013556176237377383249430981464851216814381170474903136555545846701141580407243876126 0 0 0 0 0 0 0 0 0 0 0 0 0 0 0 0 0 0 0 0 0 0 1 0 0 0 0 0 0 0 0 0 0 0 0 0 0 0 0 0 0 0 0 0 0 0 0 0 0 0 0 0 0 0 0 0 0 0 0 0 0 0 0 0 0 0 0]
[2341109240364905823368801118483831909399584375262276252761906936913884152217111993981727958342570983281119960405329715594903983785029933191603376016071106752607097403562238520762456716886258649471069283676 0 0 0 0 0 0 0 0 0 0 0 0 0 0 0 0 0 0 0 0 0 0 0 1 0 0 0 0 0 0 0 0 0 0 0 0 0 0 0 0 0 0 0 0 0 0 0 0 0 0 0 0 0 0 0 0 0 0 0 0 0 0 0 0 0 0 0]
[1399955228706242358202479916625088297457361620554478217896726979452172076707240271662645996505092731901501910791965722802254371731141046833918199588249699143702659130041255249812869998635168255228793465143 0 0 0 0 0 0 0 0 0 0 0 0 0 0 0 0 0 0 0 0 0 0 0 0 1 0 0 0 0 0 0 0 0 0 0 0 0 0 0 0 0 0 0 0 0 0 0 0 0 0 0 0 0 0 0 0 0 0 0 0 0 0 0 0 0 0 0]
[613657095037270626975205695059458743212870815117982053845753629395126157585130602833042541839839784688098656296835388663808607833119315030212982859183621345997252573278798220149262753569924988899340551930 0 0 0 0 0 0 0 0 0 0 0 0 0 0 0 0 0 0 0 0 0 0 0 0 0 1 0 0 0 0 0 0 0 0 0 0 0 0 0 0 0 0 0 0 0 0 0 0 0 0 0 0 0 0 0 0 0 0 0 0 0 0 0 0 0 0 0]
[1762163406877124953121339747311649003207900977859194610190085544512135229774295104972337383020898851213107280064123035704414746892177068858485565807295414883338161127219376566166019095536616469169314129609 0 0 0 0 0 0 0 0 0 0 0 0 0 0 0 0 0 0 0 0 0 0 0 0 0 0 1 0 0 0 0 0 0 0 0 0 0 0 0 0 0 0 0 0 0 0 0 0 0 0 0 0 0 0 0 0 0 0 0 0 0 0 0 0 0 0 0]
[1376642154057701907598897712095755569392861748001515879683292556173399043374134586216254310683840059459283163400950463634651335754759854114039570117404009572208302053636873249157226343918488322478086294002 0 0 0 0 0 0 0 0 0 0 0 0 0 0 0 0 0 0 0 0 0 0 0 0 0 0 0 1 0 0 0 0 0 0 0 0 0 0 0 0 0 0 0 0 0 0 0 0 0 0 0 0 0 0 0 0 0 0 0 0 0 0 0 0 0 0 0]
[1275184986153970361414536108248512364552216387078526179323877378842980071130750140918234698042612787729105059290486555405416182655057655427247075013881775251880589049800630177684176198347844413194939052100 0 0 0 0 0 0 0 0 0 0 0 0 0 0 0 0 0 0 0 0 0 0 0 0 0 0 0 0 1 0 0 0 0 0 0 0 0 0 0 0 0 0 0 0 0 0 0 0 0 0 0 0 0 0 0 0 0 0 0 0 0 0 0 0 0 0 0]
[540914660072996533038756583884845612890996750862743525900447024926264762906490843568900834425872113587722328766214429845715961579994370586384165506456748074131524353632038476285870822310408938766224682418 0 0 0 0 0 0 0 0 0 0 0 0 0 0 0 0 0 0 0 0 0 0 0 0 0 0 0 0 0 1 0 0 0 0 0 0 0 0 0 0 0 0 0 0 0 0 0 0 0 0 0 0 0 0 0 0 0 0 0 0 0 0 0 0 0 0 0]
[3199583638264670996391386811264798050098874079797136706243067273132191074016300631578422001767228483591413390608703833921669514060895112137007726760123993807494594602248704161592999059989309176954131026384 0 0 0 0 0 0 0 0 0 0 0 0 0 0 0 0 0 0 0 0 0 0 0 0 0 0 0 0 0 0 1 0 0 0 0 0 0 0 0 0 0 0 0 0 0 0 0 0 0 0 0 0 0 0 0 0 0 0 0 0 0 0 0 0 0 0 0]
[1829894612211009373683940655196716543506860461896464822452318502387065607012853484420189285035962969113207909363177319236336656961592298454215498812452508745920534957443495709109819902144603423114257670801 0 0 0 0 0 0 0 0 0 0 0 0 0 0 0 0 0 0 0 0 0 0 0 0 0 0 0 0 0 0 0 1 0 0 0 0 0 0 0 0 0 0 0 0 0 0 0 0 0 0 0 0 0 0 0 0 0 0 0 0 0 0 0 0 0 0 0]
[2031979455499083960033931947774745662551123782504836673932991262161574209557798827199034634103775135718229021797842840477334677872706839807026447630294316187088232261743394733292281786745927298271867073172 0 0 0 0 0 0 0 0 0 0 0 0 0 0 0 0 0 0 0 0 0 0 0 0 0 0 0 0 0 0 0 0 1 0 0 0 0 0 0 0 0 0 0 0 0 0 0 0 0 0 0 0 0 0 0 0 0 0 0 0 0 0 0 0 0 0 0]
[2873939055602386542291046440887881903145266902830158733801014130685258247034242119369817637386579315302137684472695905348701531494202866614027807046243746404374572168571850038238817744430331218104123171648 0 0 0 0 0 0 0 0 0 0 0 0 0 0 0 0 0 0 0 0 0 0 0 0 0 0 0 0 0 0 0 0 0 1 0 0 0 0 0 0 0 0 0 0 0 0 0 0 0 0 0 0 0 0 0 0 0 0 0 0 0 0 0 0 0 0 0]
[1348200108369659794143208769139676632677108031730036789292862518482246555864959555403743723984516109948606589309686097787678881497766290502495864728097832759557342907739094221225487865640715504355223841498 0 0 0 0 0 0 0 0 0 0 0 0 0 0 0 0 0 0 0 0 0 0 0 0 0 0 0 0 0 0 0 0 0 0 1 0 0 0 0 0 0 0 0 0 0 0 0 0 0 0 0 0 0 0 0 0 0 0 0 0 0 0 0 0 0 0 0]
[1558525286679309201486361851435894213305542308562411468058273650675704859433578496173381801605845572252809533809373061587478414150673614096396935342109093225522190168648434523104862383227507189314730675283 0 0 0 0 0 0 0 0 0 0 0 0 0 0 0 0 0 0 0 0 0 0 0 0 0 0 0 0 0 0 0 0 0 0 0 1 0 0 0 0 0 0 0 0 0 0 0 0 0 0 0 0 0 0 0 0 0 0 0 0 0 0 0 0 0 0 0]
[1117911617746007767833264688746416649740422248205023203787202294571352967611592930968771087380710641941100573023076818476047967155258658542554764523303257222080436199105353263004059244194874616506365684399 0 0 0 0 0 0 0 0 0 0 0 0 0 0 0 0 0 0 0 0 0 0 0 0 0 0 0 0 0 0 0 0 0 0 0 0 1 0 0 0 0 0 0 0 0 0 0 0 0 0 0 0 0 0 0 0 0 0 0 0 0 0 0 0 0 0 0]
[1229050867834662056165191990286923545195131512300586126976548145400537882252365923551559860866492588983735007326354718052269252019857682727036410738117120993094712243799099980619373163283048296078988352679 0 0 0 0 0 0 0 0 0 0 0 0 0 0 0 0 0 0 0 0 0 0 0 0 0 0 0 0 0 0 0 0 0 0 0 0 0 1 0 0 0 0 0 0 0 0 0 0 0 0 0 0 0 0 0 0 0 0 0 0 0 0 0 0 0 0 0]
[2150573880161740261700021315127218130612334043959261131216307490401484642068888019042755800896878864097224362769780087438263380771365660673688559112973856801968985426554814224220551948977370598750633587307 0 0 0 0 0 0 0 0 0 0 0 0 0 0 0 0 0 0 0 0 0 0 0 0 0 0 0 0 0 0 0 0 0 0 0 0 0 0 1 0 0 0 0 0 0 0 0 0 0 0 0 0 0 0 0 0 0 0 0 0 0 0 0 0 0 0 0]
[1490413368163219096824773224577966588250603544105290770437473258157447264498110285225380095998593474310042271475277330537831417533149094053610605519337361536550863867245542326529048734871640615504498862974 0 0 0 0 0 0 0 0 0 0 0 0 0 0 0 0 0 0 0 0 0 0 0 0 0 0 0 0 0 0 0 0 0 0 0 0 0 0 0 1 0 0 0 0 0 0 0 0 0 0 0 0 0 0 0 0 0 0 0 0 0 0 0 0 0 0 0]
[831263977819396054540213167598087509238233231370969616063980411622674421372891919926452270118000717704520689103425894625206712812064697211965751753479142809807462049366208533611597861686037277976826635627 0 0 0 0 0 0 0 0 0 0 0 0 0 0 0 0 0 0 0 0 0 0 0 0 0 0 0 0 0 0 0 0 0 0 0 0 0 0 0 0 1 0 0 0 0 0 0 0 0 0 0 0 0 0 0 0 0 0 0 0 0 0 0 0 0 0 0]
[1192512824269152845418928331803864727067181351874984722440123552722608997805161287815397352241694807460713299340756903748834261575153457701774139692944722424743176073447806081328228236918060266533556404485 0 0 0 0 0 0 0 0 0 0 0 0 0 0 0 0 0 0 0 0 0 0 0 0 0 0 0 0 0 0 0 0 0 0 0 0 0 0 0 0 0 1 0 0 0 0 0 0 0 0 0 0 0 0 0 0 0 0 0 0 0 0 0 0 0 0 0]
[1993749524444941246647494751594115030621860329719108087100863240098092675356882578835121200662486853058771109881542231468794832022652630430537207663971265359265269152271176535677209024049857824056483487779 0 0 0 0 0 0 0 0 0 0 0 0 0 0 0 0 0 0 0 0 0 0 0 0 0 0 0 0 0 0 0 0 0 0 0 0 0 0 0 0 0 0 1 0 0 0 0 0 0 0 0 0 0 0 0 0 0 0 0 0 0 0 0 0 0 0 0]
[1318454408746592714568681943071501038347923826295279105764118298173716297356332352936836607450021457071175773065316741841331419472687941832925937216983240409946159034835648856349604472230620210299320739284 0 0 0 0 0 0 0 0 0 0 0 0 0 0 0 0 0 0 0 0 0 0 0 0 0 0 0 0 0 0 0 0 0 0 0 0 0 0 0 0 0 0 0 1 0 0 0 0 0 0 0 0 0 0 0 0 0 0 0 0 0 0 0 0 0 0 0]
[2927419718528603630497132210228276037326435153465586155077436063473645680170657641904911985585953050562137162983273780257128621399795335248857492080253756969838160685239266663391276380450573965492869942276 0 0 0 0 0 0 0 0 0 0 0 0 0 0 0 0 0 0 0 0 0 0 0 0 0 0 0 0 0 0 0 0 0 0 0 0 0 0 0 0 0 0 0 0 1 0 0 0 0 0 0 0 0 0 0 0 0 0 0 0 0 0 0 0 0 0 0]
[675493023861725046074189820348065093149581861591444245855172252703225466342137934026873612024130481587219547300731838749084094400854328957777517982228822083259827084831455181814460253178791235311060643293 0 0 0 0 0 0 0 0 0 0 0 0 0 0 0 0 0 0 0 0 0 0 0 0 0 0 0 0 0 0 0 0 0 0 0 0 0 0 0 0 0 0 0 0 0 1 0 0 0 0 0 0 0 0 0 0 0 0 0 0 0 0 0 0 0 0 0]
[1095539415343958852672177304299646112119037147349997654344650788251907999312985935109787647336313571178982841125731652281117274730865917917973631043790762971813782983099264725432009423268471775920186709499 0 0 0 0 0 0 0 0 0 0 0 0 0 0 0 0 0 0 0 0 0 0 0 0 0 0 0 0 0 0 0 0 0 0 0 0 0 0 0 0 0 0 0 0 0 0 1 0 0 0 0 0 0 0 0 0 0 0 0 0 0 0 0 0 0 0 0]
[1455633501498990990298112167996825694074006104427739252422503527060569525542206580587771720972136637541733218162131201625219222736932789410501534782819663508441843975119748818800335763683218824916172253578 0 0 0 0 0 0 0 0 0 0 0 0 0 0 0 0 0 0 0 0 0 0 0 0 0 0 0 0 0 0 0 0 0 0 0 0 0 0 0 0 0 0 0 0 0 0 0 1 0 0 0 0 0 0 0 0 0 0 0 0 0 0 0 0 0 0 0]
[2518033097515583777608879508196079294917811656840481952219862187567291738860763764567792002277296297757796440819875004132398725414985052487180975654890048268383723011434401068004014847022684178724679139179 0 0 0 0 0 0 0 0 0 0 0 0 0 0 0 0 0 0 0 0 0 0 0 0 0 0 0 0 0 0 0 0 0 0 0 0 0 0 0 0 0 0 0 0 0 0 0 0 1 0 0 0 0 0 0 0 0 0 0 0 0 0 0 0 0 0 0]
[2985760595002675860634201701810988039177715237090503945625093022602393643245158065767922011903005809324344518600779127452527164756674180437400286624493499239137636249082485525237333329116404788379612957498 0 0 0 0 0 0 0 0 0 0 0 0 0 0 0 0 0 0 0 0 0 0 0 0 0 0 0 0 0 0 0 0 0 0 0 0 0 0 0 0 0 0 0 0 0 0 0 0 0 1 0 0 0 0 0 0 0 0 0 0 0 0 0 0 0 0 0]
[2359146628563093588725917982028426064025130626157241583619825164536739161408858999478700555446738857758865708924507322031904032036643784915854566823517058756788552369500771872741687376975736787888501315099 0 0 0 0 0 0 0 0 0 0 0 0 0 0 0 0 0 0 0 0 0 0 0 0 0 0 0 0 0 0 0 0 0 0 0 0 0 0 0 0 0 0 0 0 0 0 0 0 0 0 1 0 0 0 0 0 0 0 0 0 0 0 0 0 0 0 0]
[2404974724235501927028543899045539962527505392792892521379243850666054106329939796950961595240470145172916237736252528188646765731170868225266324370655802357712875932416260143062538426386949230214088897772 0 0 0 0 0 0 0 0 0 0 0 0 0 0 0 0 0 0 0 0 0 0 0 0 0 0 0 0 0 0 0 0 0 0 0 0 0 0 0 0 0 0 0 0 0 0 0 0 0 0 0 1 0 0 0 0 0 0 0 0 0 0 0 0 0 0 0]
[1162787260748416477527878998287585170570490645528229223816595565194963755319932736058867643260770370209392503045625916636745884545380640606705102712539668483647175483875132592823594985338678288163135122008 0 0 0 0 0 0 0 0 0 0 0 0 0 0 0 0 0 0 0 0 0 0 0 0 0 0 0 0 0 0 0 0 0 0 0 0 0 0 0 0 0 0 0 0 0 0 0 0 0 0 0 0 1 0 0 0 0 0 0 0 0 0 0 0 0 0 0]
[1953212758594591555847414622170629684662213849274226065739299360876256242836362801053437958309523377327066322737843250404494284536682856808090490140607820973235701369754370459062406516804979744145240570900 0 0 0 0 0 0 0 0 0 0 0 0 0 0 0 0 0 0 0 0 0 0 0 0 0 0 0 0 0 0 0 0 0 0 0 0 0 0 0 0 0 0 0 0 0 0 0 0 0 0 0 0 0 1 0 0 0 0 0 0 0 0 0 0 0 0 0]
[2502136676131153050411236963443805817691978380215648681272218311439262992088984907221562614058817369401988363436519006990197033908611887373422797770412336889779222470858504440093353319741279033049339662035 0 0 0 0 0 0 0 0 0 0 0 0 0 0 0 0 0 0 0 0 0 0 0 0 0 0 0 0 0 0 0 0 0 0 0 0 0 0 0 0 0 0 0 0 0 0 0 0 0 0 0 0 0 0 1 0 0 0 0 0 0 0 0 0 0 0 0]
[2642619876829982162507784570938426254703353777239582005343000730203566029124033518601371505070686726628067727712709999132861914815601890352281692329663602593409581368674170602227346409202327775642403141155 0 0 0 0 0 0 0 0 0 0 0 0 0 0 0 0 0 0 0 0 0 0 0 0 0 0 0 0 0 0 0 0 0 0 0 0 0 0 0 0 0 0 0 0 0 0 0 0 0 0 0 0 0 0 0 1 0 0 0 0 0 0 0 0 0 0 0]
[2171672819861149689506261497872337684717979936490423047882545321272701637109047445341924597726681588980352601819912741349866117553105048732143631337223091734183861088364458298292060317353762335609735915845 0 0 0 0 0 0 0 0 0 0 0 0 0 0 0 0 0 0 0 0 0 0 0 0 0 0 0 0 0 0 0 0 0 0 0 0 0 0 0 0 0 0 0 0 0 0 0 0 0 0 0 0 0 0 0 0 1 0 0 0 0 0 0 0 0 0 0]
[2865505152327177186968085751662731521629331609127015304535370770040556743303094362071819402876140483680797378760217751362165968302724309801294638479873048441767051315986468159022896577524011214268753118726 0 0 0 0 0 0 0 0 0 0 0 0 0 0 0 0 0 0 0 0 0 0 0 0 0 0 0 0 0 0 0 0 0 0 0 0 0 0 0 0 0 0 0 0 0 0 0 0 0 0 0 0 0 0 0 0 0 1 0 0 0 0 0 0 0 0 0]
[973906647990470328709813372324806484167626214728628557955436344657673682715904251854989394851522928315302131186146256508759310700342221627545530293127282905496339517612757394320317731426039570676676822248 0 0 0 0 0 0 0 0 0 0 0 0 0 0 0 0 0 0 0 0 0 0 0 0 0 0 0 0 0 0 0 0 0 0 0 0 0 0 0 0 0 0 0 0 0 0 0 0 0 0 0 0 0 0 0 0 0 0 1 0 0 0 0 0 0 0 0]
[1162343470918299865272040877009665076651843507672042401232876974424235938694724022773360257032300269764177453564411071690865234056444736850521459900873146811059217136403810940250858328012328687833554905842 0 0 0 0 0 0 0 0 0 0 0 0 0 0 0 0 0 0 0 0 0 0 0 0 0 0 0 0 0 0 0 0 0 0 0 0 0 0 0 0 0 0 0 0 0 0 0 0 0 0 0 0 0 0 0 0 0 0 0 1 0 0 0 0 0 0 0]
[1540958567790110383683273523183308995841450779548457873980202741459573126779587103943532732392019497784349900346930091243432740742036183899932274144642567724294235236944195139029316920078472739936683528471 0 0 0 0 0 0 0 0 0 0 0 0 0 0 0 0 0 0 0 0 0 0 0 0 0 0 0 0 0 0 0 0 0 0 0 0 0 0 0 0 0 0 0 0 0 0 0 0 0 0 0 0 0 0 0 0 0 0 0 0 1 0 0 0 0 0 0]
[125783497791782322641563245503357172464990749216923747068999171091520088472341636105363332638376607296456096799148852627239704170585022530333280962757027377909749493345951379096872199909760603091828631921 0 0 0 0 0 0 0 0 0 0 0 0 0 0 0 0 0 0 0 0 0 0 0 0 0 0 0 0 0 0 0 0 0 0 0 0 0 0 0 0 0 0 0 0 0 0 0 0 0 0 0 0 0 0 0 0 0 0 0 0 0 1 0 0 0 0 0]
[1238782183152627381849674312535198074730931912451101985861629035575341447106596378758594028370039781668282084924945678656633649559864398457305349191286464733794430053495161839722333135550939215995264775643 0 0 0 0 0 0 0 0 0 0 0 0 0 0 0 0 0 0 0 0 0 0 0 0 0 0 0 0 0 0 0 0 0 0 0 0 0 0 0 0 0 0 0 0 0 0 0 0 0 0 0 0 0 0 0 0 0 0 0 0 0 0 1 0 0 0 0]
[2430950436437180373254678743170435736682032204491036307555579550184791979706587434827942424397418954723922729400228122559785179234792312000998036816504678153599676660342964317961865892238592422053343732200 0 0 0 0 0 0 0 0 0 0 0 0 0 0 0 0 0 0 0 0 0 0 0 0 0 0 0 0 0 0 0 0 0 0 0 0 0 0 0 0 0 0 0 0 0 0 0 0 0 0 0 0 0 0 0 0 0 0 0 0 0 0 0 1 0 0 0]
[634826798978082848911423265877943727016137113041404149637591942986670535179905336018356870689847476865582312926790791007111819832671527344837669757594642130610753873235055481317307377287847420728433619674 0 0 0 0 0 0 0 0 0 0 0 0 0 0 0 0 0 0 0 0 0 0 0 0 0 0 0 0 0 0 0 0 0 0 0 0 0 0 0 0 0 0 0 0 0 0 0 0 0 0 0 0 0 0 0 0 0 0 0 0 0 0 0 0 1 0 0]
[3404142702063143064870590431428925938103404529005461353748171905787889247989964974348336332501957526199496028518500333834467591279970911694430125114611264217647827603007791760403818110667039969835391976861 0 0 0 0 0 0 0 0 0 0 0 0 0 0 0 0 0 0 0 0 0 0 0 0 0 0 0 0 0 0 0 0 0 0 0 0 0 0 0 0 0 0 0 0 0 0 0 0 0 0 0 0 0 0 0 0 0 0 0 0 0 0 0 0 0 1 0]
[1872969437572815001355905065720400104472380023243873476725161098944629745232404526456075483531810852993094560207432144449130835013147618408005521644660105542267582182961083701177248391279504362738163740668 0 0 0 0 0 0 0 0 0 0 0 0 0 0 0 0 0 0 0 0 0 0 0 0 0 0 0 0 0 0 0 0 0 0 0 0 0 0 0 0 0 0 0 0 0 0 0 0 0 0 0 0 0 0 0 0 0 0 0 0 0 0 0 0 0 0 1]
]
