[[3244673094934450786449208709947807900154879226929186892296123993470564618392100545769299577701330328705135670488434743784440200448202205471429516958919075238659806687263 0 0 0 0 0 0 0 0 0 0 0 0 0 0 0 0 0 0 0 0 0 0 0 0 0 0 0 0 0 0 0 0 0 0 0 0 0 0 0 0 0 0 0 0 0 0 0 0 0 0 0 0 0 0 0]
[1805753003885745362519074838121119021292764306124022106771708039946453966423030189559090736352639478434012810393054418067525385096570043135778283931710138688077157336729 1 0 0 0 0 0 0 0 0 0 0 0 0 0 0 0 0 0 0 0 0 0 0 0 0 0 0 0 0 0 0 0 0 0 0 0 0 0 0 0 0 0 0 0 0 0 0 0 0 0 0 0 0 0 0]
[561885766991631419740449938972637306504091310580027881584098480096520674439665773163598565726138393983143977564743919247899926265635045612488510850776447930914817384954 0 1 0 0 0 0 0 0 0 0 0 0 0 0 0 0 0 0 0 0 0 0 0 0 0 0 0 0 0 0 0 0 0 0 0 0 0 0 0 0 0 0 0 0 0 0 0 0 0 0 0 0 0 0 0]
[691748068689839343491435411881161332901477744701147684784675025756515950378617235739535820092915644446351044661915209049363255707344203712821549212064663830035523240486 0 0 1 0 0 0 0 0 0 0 0 0 0 0 0 0 0 0 0 0 0 0 0 0 0 0 0 0 0 0 0 0 0 0 0 0 0 0 0 0 0 0 0 0 0 0 0 0 0 0 0 0 0 0 0]
[3217531995941972322843629643381625036243783950275252212425784353241799151247938217583915062277951381485270528540333681610573225633557920507582726431126015140971420578111 0 0 0 1 0 0 0 0 0 0 0 0 0 0 0 0 0 0 0 0 0 0 0 0 0 0 0 0 0 0 0 0 0 0 0 0 0 0 0 0 0 0 0 0 0 0 0 0 0 0 0 0 0 0 0]
[3035572294469276499750065537406926096714514793127872351393106393090515558773117599026970393308607987068920668341724031983756455464242594651829505073628845394960535031713 0 0 0 0 1 0 0 0 0 0 0 0 0 0 0 0 0 0 0 0 0 0 0 0 0 0 0 0 0 0 0 0 0 0 0 0 0 0 0 0 0 0 0 0 0 0 0 0 0 0 0 0 0 0 0]
[2501630346927926940126155824395852361957643449414527200468044456589837975823165560083969368111182144074809128781832498641181539799835567433086804829104506137574190506540 0 0 0 0 0 1 0 0 0 0 0 0 0 0 0 0 0 0 0 0 0 0 0 0 0 0 0 0 0 0 0 0 0 0 0 0 0 0 0 0 0 0 0 0 0 0 0 0 0 0 0 0 0 0 0]
[2756389181914823666308851393097627413714926782859812847204281777784177298157146577448454334305926276941228452485144668852242243960792619371023147446101220949050009758606 0 0 0 0 0 0 1 0 0 0 0 0 0 0 0 0 0 0 0 0 0 0 0 0 0 0 0 0 0 0 0 0 0 0 0 0 0 0 0 0 0 0 0 0 0 0 0 0 0 0 0 0 0 0 0]
[2639110032273767162246656057716159390467567393023028703506967910653358319932982635148692893899655924196895167979225874833053560666633373886815595762102481073390541777779 0 0 0 0 0 0 0 1 0 0 0 0 0 0 0 0 0 0 0 0 0 0 0 0 0 0 0 0 0 0 0 0 0 0 0 0 0 0 0 0 0 0 0 0 0 0 0 0 0 0 0 0 0 0 0]
[2352263237891102789130073694078838015530156233457351778967565574287210348054296807488095000276698448135275707401531452963335813205507721417208902689308720592119557711689 0 0 0 0 0 0 0 0 1 0 0 0 0 0 0 0 0 0 0 0 0 0 0 0 0 0 0 0 0 0 0 0 0 0 0 0 0 0 0 0 0 0 0 0 0 0 0 0 0 0 0 0 0 0 0]
[1479614370414490650735835404594458627952836371520366340824929991192209931602943546939066249258861395322147436495938143046819687249406225813927157879929995841322539474703 0 0 0 0 0 0 0 0 0 1 0 0 0 0 0 0 0 0 0 0 0 0 0 0 0 0 0 0 0 0 0 0 0 0 0 0 0 0 0 0 0 0 0 0 0 0 0 0 0 0 0 0 0 0 0]
[2137818899069812606249083404805050392871723770748848732619288902212785471401686563701534290006707531108360007338409136398347258768480679246271493293555946143300882639476 0 0 0 0 0 0 0 0 0 0 1 0 0 0 0 0 0 0 0 0 0 0 0 0 0 0 0 0 0 0 0 0 0 0 0 0 0 0 0 0 0 0 0 0 0 0 0 0 0 0 0 0 0 0 0]
[615216353595160577893912405101296929495233111734555950003049029165602551566449125369795878335673909074407471020264519330405675647851422144467462137676306093930357001115 0 0 0 0 0 0 0 0 0 0 0 1 0 0 0 0 0 0 0 0 0 0 0 0 0 0 0 0 0 0 0 0 0 0 0 0 0 0 0 0 0 0 0 0 0 0 0 0 0 0 0 0 0 0 0]
[68537254070092177126805931704259960031773924607541056827449156121036664385250401317954672636920170494406068647149213999225410343866192788207395356257015647174799650079 0 0 0 0 0 0 0 0 0 0 0 0 1 0 0 0 0 0 0 0 0 0 0 0 0 0 0 0 0 0 0 0 0 0 0 0 0 0 0 0 0 0 0 0 0 0 0 0 0 0 0 0 0 0 0]
[2300399911457470502830282285727013873297359430056972544109700672160254463756254155928861414975561793901753075732334290379620821968916373801221833643552303083463149114195 0 0 0 0 0 0 0 0 0 0 0 0 0 1 0 0 0 0 0 0 0 0 0 0 0 0 0 0 0 0 0 0 0 0 0 0 0 0 0 0 0 0 0 0 0 0 0 0 0 0 0 0 0 0 0]
[516176009728434480994451773553657353482932769816193092910472534154736845626581404740230260325349282340789505954060585774644636716951588849825157804068368814977496159596 0 0 0 0 0 0 0 0 0 0 0 0 0 0 1 0 0 0 0 0 0 0 0 0 0 0 0 0 0 0 0 0 0 0 0 0 0 0 0 0 0 0 0 0 0 0 0 0 0 0 0 0 0 0 0]
[2961006277150100111605230681719482132539697005527457263157876010857518106654090641627911182804595591454171956026076100617546275261385752484981054433527896388502531328769 0 0 0 0 0 0 0 0 0 0 0 0 0 0 0 1 0 0 0 0 0 0 0 0 0 0 0 0 0 0 0 0 0 0 0 0 0 0 0 0 0 0 0 0 0 0 0 0 0 0 0 0 0 0 0]
[2708424522270588798605269844723763441092518483002627234268140871279159307646714245078182472661430107733503663952439854108877130886882601263847480449325526475578057989121 0 0 0 0 0 0 0 0 0 0 0 0 0 0 0 0 1 0 0 0 0 0 0 0 0 0 0 0 0 0 0 0 0 0 0 0 0 0 0 0 0 0 0 0 0 0 0 0 0 0 0 0 0 0 0]
[2286695324894334243266472231623159186266756452114798379485976175783733788493045506287535748070708662905870325287987285220453187137427363214849935087068800056671822054146 0 0 0 0 0 0 0 0 0 0 0 0 0 0 0 0 0 1 0 0 0 0 0 0 0 0 0 0 0 0 0 0 0 0 0 0 0 0 0 0 0 0 0 0 0 0 0 0 0 0 0 0 0 0 0]
[2981394845704112893125473751466254366503619120429257745059330819415760091425944862089628347659705348650334712030715379274218682555523281152352144247137040603330232722303 0 0 0 0 0 0 0 0 0 0 0 0 0 0 0 0 0 0 1 0 0 0 0 0 0 0 0 0 0 0 0 0 0 0 0 0 0 0 0 0 0 0 0 0 0 0 0 0 0 0 0 0 0 0 0]
[2713450092468728165583050885031655273440879811870950519939274002777135509772061353136307670638649565038573499749643711599258196636326914674948870491035021826725688976992 0 0 0 0 0 0 0 0 0 0 0 0 0 0 0 0 0 0 0 1 0 0 0 0 0 0 0 0 0 0 0 0 0 0 0 0 0 0 0 0 0 0 0 0 0 0 0 0 0 0 0 0 0 0 0]
[3125038705044886290155324321922311070683286678144210504881198126035327872470286293778155424537045907490746940176454451783831102106844481900591428536404018527467070132425 0 0 0 0 0 0 0 0 0 0 0 0 0 0 0 0 0 0 0 0 1 0 0 0 0 0 0 0 0 0 0 0 0 0 0 0 0 0 0 0 0 0 0 0 0 0 0 0 0 0 0 0 0 0 0]
[889244260939730961420366027977086327613770159563170092130545147867685433948447967036667320471867925199061378073534815086869126443569883080888383516827256664227058866965 0 0 0 0 0 0 0 0 0 0 0 0 0 0 0 0 0 0 0 0 0 1 0 0 0 0 0 0 0 0 0 0 0 0 0 0 0 0 0 0 0 0 0 0 0 0 0 0 0 0 0 0 0 0 0]
[1087556739232151523451424885147055418401030784980242816594985094925085032370006712889811234081132409936713296589377318316812676381383630995749210670484066441670962868893 0 0 0 0 0 0 0 0 0 0 0 0 0 0 0 0 0 0 0 0 0 0 1 0 0 0 0 0 0 0 0 0 0 0 0 0 0 0 0 0 0 0 0 0 0 0 0 0 0 0 0 0 0 0 0]
[1578088743414458447397792509890963685334413514538284679674361216070549868905014702616777147330475325869682636569423069948378952082674262947271047137649455139931648647119 0 0 0 0 0 0 0 0 0 0 0 0 0 0 0 0 0 0 0 0 0 0 0 1 0 0 0 0 0 0 0 0 0 0 0 0 0 0 0 0 0 0 0 0 0 0 0 0 0 0 0 0 0 0 0]
[1032784567427146445313543413561586107711706227130432653568609208662118710448823695541321766310023980057324545738238704338535355931288660301123053691498794339886000307517 0 0 0 0 0 0 0 0 0 0 0 0 0 0 0 0 0 0 0 0 0 0 0 0 1 0 0 0 0 0 0 0 0 0 0 0 0 0 0 0 0 0 0 0 0 0 0 0 0 0 0 0 0 0 0]
[1884376599724702702558134040671592903843961531809805588517064170084050320067001929283414703044307207742507340416137433020868744498715221455278050860619547335648585750992 0 0 0 0 0 0 0 0 0 0 0 0 0 0 0 0 0 0 0 0 0 0 0 0 0 1 0 0 0 0 0 0 0 0 0 0 0 0 0 0 0 0 0 0 0 0 0 0 0 0 0 0 0 0 0]
[2351026693012514268803956734691339551552356255477813348503470497377525070513243450620814439551126442398483006201705142388757818369199451683770599887620167576561358707853 0 0 0 0 0 0 0 0 0 0 0 0 0 0 0 0 0 0 0 0 0 0 0 0 0 0 1 0 0 0 0 0 0 0 0 0 0 0 0 0 0 0 0 0 0 0 0 0 0 0 0 0 0 0 0]
[1167957959906414918176629332181198548219967655286223886123488696237050328006928676583601115804080270785872268712795067836231112766122708966280101482264786275879726172775 0 0 0 0 0 0 0 0 0 0 0 0 0 0 0 0 0 0 0 0 0 0 0 0 0 0 0 1 0 0 0 0 0 0 0 0 0 0 0 0 0 0 0 0 0 0 0 0 0 0 0 0 0 0 0]
[942905200783290087272717179443272020226452334939786138823360794407045924433437073436465276630902894726939254325758318093617421456685087978666156256611915657036889344335 0 0 0 0 0 0 0 0 0 0 0 0 0 0 0 0 0 0 0 0 0 0 0 0 0 0 0 0 1 0 0 0 0 0 0 0 0 0 0 0 0 0 0 0 0 0 0 0 0 0 0 0 0 0 0]
[2660775932909508933632373905081548975548708617524041420640178452598885639826335338765523981586414702481111515691636097395992508382937560474639831361794107549514660316947 0 0 0 0 0 0 0 0 0 0 0 0 0 0 0 0 0 0 0 0 0 0 0 0 0 0 0 0 0 1 0 0 0 0 0 0 0 0 0 0 0 0 0 0 0 0 0 0 0 0 0 0 0 0 0]
[889786138847341006665393993487546415687998568668221856541205569027622274413514873120153323910363904945671394574015146582452237282384107304766836760886965849243837778107 0 0 0 0 0 0 0 0 0 0 0 0 0 0 0 0 0 0 0 0 0 0 0 0 0 0 0 0 0 0 1 0 0 0 0 0 0 0 0 0 0 0 0 0 0 0 0 0 0 0 0 0 0 0 0]
[1120791218641594411841489640343285935153871004373498441176079599177779458290983534937889259905852796715353354857021659568172784559897198919631291362409337327971087543824 0 0 0 0 0 0 0 0 0 0 0 0 0 0 0 0 0 0 0 0 0 0 0 0 0 0 0 0 0 0 0 1 0 0 0 0 0 0 0 0 0 0 0 0 0 0 0 0 0 0 0 0 0 0 0]
[2793832212441011547017137707739364344279013468133800816046416285527069259087282747179709775549870360436989323536240758488559089537423277393423426502702457626010474749245 0 0 0 0 0 0 0 0 0 0 0 0 0 0 0 0 0 0 0 0 0 0 0 0 0 0 0 0 0 0 0 0 1 0 0 0 0 0 0 0 0 0 0 0 0 0 0 0 0 0 0 0 0 0 0]
[2956523441576443694680072385478952642317910111055381116025268902752531370362728747502970609742339511309989982292144689882731809053723006255602175143654727696756009398157 0 0 0 0 0 0 0 0 0 0 0 0 0 0 0 0 0 0 0 0 0 0 0 0 0 0 0 0 0 0 0 0 0 1 0 0 0 0 0 0 0 0 0 0 0 0 0 0 0 0 0 0 0 0 0]
[1389227457985759629147434136768939361644078097654002529355969850776324382186533051211085961963347246913163716922439150799191991951850000641324775558588021952585464168903 0 0 0 0 0 0 0 0 0 0 0 0 0 0 0 0 0 0 0 0 0 0 0 0 0 0 0 0 0 0 0 0 0 0 1 0 0 0 0 0 0 0 0 0 0 0 0 0 0 0 0 0 0 0 0]
[3198240274057325802023744064519966128641476972387995358771938288767487420195544346262862797862248156951566500269032401094319516671918891437401800109540461978577503625325 0 0 0 0 0 0 0 0 0 0 0 0 0 0 0 0 0 0 0 0 0 0 0 0 0 0 0 0 0 0 0 0 0 0 0 1 0 0 0 0 0 0 0 0 0 0 0 0 0 0 0 0 0 0 0]
[256030431850955232535344908309790274729788894500870289043613996931212741292922631896790490811033733991163222987440130960970393815873609119731628501455784012253275756627 0 0 0 0 0 0 0 0 0 0 0 0 0 0 0 0 0 0 0 0 0 0 0 0 0 0 0 0 0 0 0 0 0 0 0 0 1 0 0 0 0 0 0 0 0 0 0 0 0 0 0 0 0 0 0]
[1210783736297795994938959923587116689009140017604325637477319304215072404700492840223497588245617736254734184054628427716626597838372996544363828871914549196272593826371 0 0 0 0 0 0 0 0 0 0 0 0 0 0 0 0 0 0 0 0 0 0 0 0 0 0 0 0 0 0 0 0 0 0 0 0 0 1 0 0 0 0 0 0 0 0 0 0 0 0 0 0 0 0 0]
[531340257069468800318073037587677718921513277698041157648718588778526226650597933874496454493100073110141087523920889411532969008117198598514957209726917085677315077000 0 0 0 0 0 0 0 0 0 0 0 0 0 0 0 0 0 0 0 0 0 0 0 0 0 0 0 0 0 0 0 0 0 0 0 0 0 0 1 0 0 0 0 0 0 0 0 0 0 0 0 0 0 0 0]
[1064172515568700458538019766685826244325063934957002224750831348479582224176667133302653589855167934900775249794330172325671141954559319259813829400926454088270334650117 0 0 0 0 0 0 0 0 0 0 0 0 0 0 0 0 0 0 0 0 0 0 0 0 0 0 0 0 0 0 0 0 0 0 0 0 0 0 0 1 0 0 0 0 0 0 0 0 0 0 0 0 0 0 0]
[442952954530541418134512828669670930709328203855944460783927495882199998910917688630584817592088380700703593672971979516006057760293001598656843782799361364546844371292 0 0 0 0 0 0 0 0 0 0 0 0 0 0 0 0 0 0 0 0 0 0 0 0 0 0 0 0 0 0 0 0 0 0 0 0 0 0 0 0 1 0 0 0 0 0 0 0 0 0 0 0 0 0 0]
[1226755854782056103060773037616105651193479096701218045967152216812555220178874967609903677414250542400197683229732526878880729119796574197950176471082575425348691198234 0 0 0 0 0 0 0 0 0 0 0 0 0 0 0 0 0 0 0 0 0 0 0 0 0 0 0 0 0 0 0 0 0 0 0 0 0 0 0 0 0 1 0 0 0 0 0 0 0 0 0 0 0 0 0]
[1814996554937780693225873685427725695601923525614199168363088227769120499459624007393550704265395936210567768943703418368677749730638760483985072995760216254302899588648 0 0 0 0 0 0 0 0 0 0 0 0 0 0 0 0 0 0 0 0 0 0 0 0 0 0 0 0 0 0 0 0 0 0 0 0 0 0 0 0 0 0 1 0 0 0 0 0 0 0 0 0 0 0 0]
[1282454589724573580721428697606608606924977460359944802862644026636164183242766113891324096204420056144369090393418093476236019203278143537229821832803243685732988925995 0 0 0 0 0 0 0 0 0 0 0 0 0 0 0 0 0 0 0 0 0 0 0 0 0 0 0 0 0 0 0 0 0 0 0 0 0 0 0 0 0 0 0 1 0 0 0 0 0 0 0 0 0 0 0]
[2013247756671192523913221796006954948359346529831933467915263170723316991734478798948029453379960885585234979012392244704363196135854860137318567098059606610265273239636 0 0 0 0 0 0 0 0 0 0 0 0 0 0 0 0 0 0 0 0 0 0 0 0 0 0 0 0 0 0 0 0 0 0 0 0 0 0 0 0 0 0 0 0 1 0 0 0 0 0 0 0 0 0 0]
[1210017519490430120616153282641935198750409300424708808850270922528798095547234999138917036032858889691232010021812579096862168033886616684208229970083425828961788854598 0 0 0 0 0 0 0 0 0 0 0 0 0 0 0 0 0 0 0 0 0 0 0 0 0 0 0 0 0 0 0 0 0 0 0 0 0 0 0 0 0 0 0 0 0 1 0 0 0 0 0 0 0 0 0]
[710830583891460289013034494945253318350994085449771676910851041668555430539621916795604968732180154770876893995342414389967533753494889507088934733252954998750568715339 0 0 0 0 0 0 0 0 0 0 0 0 0 0 0 0 0 0 0 0 0 0 0 0 0 0 0 0 0 0 0 0 0 0 0 0 0 0 0 0 0 0 0 0 0 0 1 0 0 0 0 0 0 0 0]
[3143845634754446444084538159283557140989429745878398190745385284132724626745181215122391065468443939135496735935531648340113727507499718752069893973233110668011575448962 0 0 0 0 0 0 0 0 0 0 0 0 0 0 0 0 0 0 0 0 0 0 0 0 0 0 0 0 0 0 0 0 0 0 0 0 0 0 0 0 0 0 0 0 0 0 0 1 0 0 0 0 0 0 0]
[1425751780743061162969725689612005159659817804415642073415704752170835509121475151826245130488827983561526302784258258766412666609895702130781132821065475510000783798143 0 0 0 0 0 0 0 0 0 0 0 0 0 0 0 0 0 0 0 0 0 0 0 0 0 0 0 0 0 0 0 0 0 0 0 0 0 0 0 0 0 0 0 0 0 0 0 0 1 0 0 0 0 0 0]
[2847952492260622081767068289741452428796532691723544323984686449988818484677455684407502325475628727599207435788642309941466843554237432986133819925909735420836724955283 0 0 0 0 0 0 0 0 0 0 0 0 0 0 0 0 0 0 0 0 0 0 0 0 0 0 0 0 0 0 0 0 0 0 0 0 0 0 0 0 0 0 0 0 0 0 0 0 0 1 0 0 0 0 0]
[2852662351954743128039963229245028934074361294459384642261474338234912793180646171002408207272151345927362425585599745110023387045895930379189242322608797008252955825980 0 0 0 0 0 0 0 0 0 0 0 0 0 0 0 0 0 0 0 0 0 0 0 0 0 0 0 0 0 0 0 0 0 0 0 0 0 0 0 0 0 0 0 0 0 0 0 0 0 0 1 0 0 0 0]
[1163184150488708622709683574803301442957876331945794759078507289737886257181562739916068758052459030760072779657574033317495661064835882531102851211199330806827470524449 0 0 0 0 0 0 0 0 0 0 0 0 0 0 0 0 0 0 0 0 0 0 0 0 0 0 0 0 0 0 0 0 0 0 0 0 0 0 0 0 0 0 0 0 0 0 0 0 0 0 0 1 0 0 0]
[3120785391679394561091908482683570204212644562687999240494197689377492615363736194022291453244852610653815139154516294795180705751410663902366073670287281296796980594594 0 0 0 0 0 0 0 0 0 0 0 0 0 0 0 0 0 0 0 0 0 0 0 0 0 0 0 0 0 0 0 0 0 0 0 0 0 0 0 0 0 0 0 0 0 0 0 0 0 0 0 0 1 0 0]
[3114031387690434533162270120184433738210202254670374356610956454488736453379488537545487374384982840750840795356878923960979215450990526624225871999784235901333254579658 0 0 0 0 0 0 0 0 0 0 0 0 0 0 0 0 0 0 0 0 0 0 0 0 0 0 0 0 0 0 0 0 0 0 0 0 0 0 0 0 0 0 0 0 0 0 0 0 0 0 0 0 0 1 0]
[491566732195378875187501732680938999058241965895417659946621465444312078098195365122464652795050738457889926044219488952189779056635632186649347831146605729666204645584 0 0 0 0 0 0 0 0 0 0 0 0 0 0 0 0 0 0 0 0 0 0 0 0 0 0 0 0 0 0 0 0 0 0 0 0 0 0 0 0 0 0 0 0 0 0 0 0 0 0 0 0 0 0 1]
]
