[[6423121346839671261472356521279700583332812446023605047895158049804515334079761505049048355743905079614115109766082904994980064289194807975504649074002241210201447204939902641357195773346646448188600802714578153144024216173357331695963014193438150003044074905074499 0 0 0 0 0 0 0 0 0 0 0 0 0 0 0 0 0 0 0 0 0 0 0 0 0 0 0 0 0 0 0 0 0 0 0 0 0 0 0 0 0 0 0 0 0 0 0 0 0 0 0 0 0 0 0 0 0 0 0 0 0 0 0 0 0 0 0 0 0 0 0 0 0 0 0 0 0 0 0 0 0 0 0 0 0 0 0]
[2374013913158945478371046596124097990759657392926258696978743382162862815357282032755282251096022834194452814017463714172231191438485909545740965582612808326640792588048555267932655419861975824389757571005240998637593788228149226261807530151998911684594185692463545 1 0 0 0 0 0 0 0 0 0 0 0 0 0 0 0 0 0 0 0 0 0 0 0 0 0 0 0 0 0 0 0 0 0 0 0 0 0 0 0 0 0 0 0 0 0 0 0 0 0 0 0 0 0 0 0 0 0 0 0 0 0 0 0 0 0 0 0 0 0 0 0 0 0 0 0 0 0 0 0 0 0 0 0 0 0 0]
[2957155693335611725474196798138358932896025122054488692537513006440811135258878485666251023283129838753082053277938645288003855270407397948442855463766169070028822476344460447712826978101942142832934206788862652761776500528813653162619596697036398290778644218808321 0 1 0 0 0 0 0 0 0 0 0 0 0 0 0 0 0 0 0 0 0 0 0 0 0 0 0 0 0 0 0 0 0 0 0 0 0 0 0 0 0 0 0 0 0 0 0 0 0 0 0 0 0 0 0 0 0 0 0 0 0 0 0 0 0 0 0 0 0 0 0 0 0 0 0 0 0 0 0 0 0 0 0 0 0 0 0]
[1437052897849123601149036689467937369210565305771452067218275711681617869342866405477382981458642940445358942139985997985260932270628491168944971929183484525331641365539755120926624887498591062083306882394566628688720188579753691210109431396571376216026222252528240 0 0 1 0 0 0 0 0 0 0 0 0 0 0 0 0 0 0 0 0 0 0 0 0 0 0 0 0 0 0 0 0 0 0 0 0 0 0 0 0 0 0 0 0 0 0 0 0 0 0 0 0 0 0 0 0 0 0 0 0 0 0 0 0 0 0 0 0 0 0 0 0 0 0 0 0 0 0 0 0 0 0 0 0 0 0 0]
[1463876049911676662418647510402952713994757198999428921824292750121850218468805213188402580634349298453845501434895642665673092512870422252452898078710366970612651630314183969321567660143566568360352388832149260121998373820714115053224132387771795681144686359482181 0 0 0 1 0 0 0 0 0 0 0 0 0 0 0 0 0 0 0 0 0 0 0 0 0 0 0 0 0 0 0 0 0 0 0 0 0 0 0 0 0 0 0 0 0 0 0 0 0 0 0 0 0 0 0 0 0 0 0 0 0 0 0 0 0 0 0 0 0 0 0 0 0 0 0 0 0 0 0 0 0 0 0 0 0 0 0]
[5484674776252219577756905841351587360058608537114496909355828787682479955986785921025927635055989716931026446793437264030431850337087446326125359630913104700907363866699903618121576078999641815796386629549775269542967421055420080248141357560876111039442433928685686 0 0 0 0 1 0 0 0 0 0 0 0 0 0 0 0 0 0 0 0 0 0 0 0 0 0 0 0 0 0 0 0 0 0 0 0 0 0 0 0 0 0 0 0 0 0 0 0 0 0 0 0 0 0 0 0 0 0 0 0 0 0 0 0 0 0 0 0 0 0 0 0 0 0 0 0 0 0 0 0 0 0 0 0 0 0 0]
[2326317388645332820877827813425324078827520229583748193035866974828197983752096011492762005297555406092245307708328885395759058730373759385816231794459684099142275335626874418517533480198035894304757014346803473347573222965209082769542017911667935894541017348597834 0 0 0 0 0 1 0 0 0 0 0 0 0 0 0 0 0 0 0 0 0 0 0 0 0 0 0 0 0 0 0 0 0 0 0 0 0 0 0 0 0 0 0 0 0 0 0 0 0 0 0 0 0 0 0 0 0 0 0 0 0 0 0 0 0 0 0 0 0 0 0 0 0 0 0 0 0 0 0 0 0 0 0 0 0 0 0]
[1676094265667341154660103615155561333236972954634071532781455280898162999748727772030842822396046319897173077713120508828022470205494517942396062929522441568567494353435939765399716652646675524862693703871772939200216631335604077125808301775037837584966967457219638 0 0 0 0 0 0 1 0 0 0 0 0 0 0 0 0 0 0 0 0 0 0 0 0 0 0 0 0 0 0 0 0 0 0 0 0 0 0 0 0 0 0 0 0 0 0 0 0 0 0 0 0 0 0 0 0 0 0 0 0 0 0 0 0 0 0 0 0 0 0 0 0 0 0 0 0 0 0 0 0 0 0 0 0 0 0 0]
[4897261991347430528794643586804534951873747034871534882612888480841422728063289263945682961376237265672108847663134697224994936983427343451825919175112787820435082646592411421940993451745913774091246013600841556549779335690960438757094170140722987681616750395650761 0 0 0 0 0 0 0 1 0 0 0 0 0 0 0 0 0 0 0 0 0 0 0 0 0 0 0 0 0 0 0 0 0 0 0 0 0 0 0 0 0 0 0 0 0 0 0 0 0 0 0 0 0 0 0 0 0 0 0 0 0 0 0 0 0 0 0 0 0 0 0 0 0 0 0 0 0 0 0 0 0 0 0 0 0 0 0]
[1289423229205479224218015817711107406581453999450614517698496335270915159311453201526784384849810812317589853728529404941879403573141594995016580740068181805243962025154560968425130521679514609705166311141306693684391270391329610071519546051660161229404773511346471 0 0 0 0 0 0 0 0 1 0 0 0 0 0 0 0 0 0 0 0 0 0 0 0 0 0 0 0 0 0 0 0 0 0 0 0 0 0 0 0 0 0 0 0 0 0 0 0 0 0 0 0 0 0 0 0 0 0 0 0 0 0 0 0 0 0 0 0 0 0 0 0 0 0 0 0 0 0 0 0 0 0 0 0 0 0 0]
[6030703783072711223968477825862062936676771865956619752618387920148238147547680778974712950290633326320589727871702274811705253146288067555545505520163302107658757146431929520908937316080133103273620186878165717454609539159891394692882117543104825421723005728667803 0 0 0 0 0 0 0 0 0 1 0 0 0 0 0 0 0 0 0 0 0 0 0 0 0 0 0 0 0 0 0 0 0 0 0 0 0 0 0 0 0 0 0 0 0 0 0 0 0 0 0 0 0 0 0 0 0 0 0 0 0 0 0 0 0 0 0 0 0 0 0 0 0 0 0 0 0 0 0 0 0 0 0 0 0 0 0]
[4606849209249854433613032860061960167104472881729188089392492715181343240594741732679030219349190553878730774095791257460191318829680376629189425078348195670380487762575855385687878391210417366231457372365208344271553238151566853880431740694239609103550008107402160 0 0 0 0 0 0 0 0 0 0 1 0 0 0 0 0 0 0 0 0 0 0 0 0 0 0 0 0 0 0 0 0 0 0 0 0 0 0 0 0 0 0 0 0 0 0 0 0 0 0 0 0 0 0 0 0 0 0 0 0 0 0 0 0 0 0 0 0 0 0 0 0 0 0 0 0 0 0 0 0 0 0 0 0 0 0 0]
[2884369110115705087049460643912734527213970085552219549524834184553131264248395702092328829559432190326160239790132837346903454621367281597317132919411630160036752583587550020248212017863153692896338382744146173890127180956511046864036661960824821796727948065701609 0 0 0 0 0 0 0 0 0 0 0 1 0 0 0 0 0 0 0 0 0 0 0 0 0 0 0 0 0 0 0 0 0 0 0 0 0 0 0 0 0 0 0 0 0 0 0 0 0 0 0 0 0 0 0 0 0 0 0 0 0 0 0 0 0 0 0 0 0 0 0 0 0 0 0 0 0 0 0 0 0 0 0 0 0 0 0]
[1675319376518101049423398647476998137336639626346609222086460217905943836615027459582167226821472081414013305650034905827290968078971509108426005971689120417083248330882516317885067934227721568691004159653360966929891158472836689816492951751926054994693454405720271 0 0 0 0 0 0 0 0 0 0 0 0 1 0 0 0 0 0 0 0 0 0 0 0 0 0 0 0 0 0 0 0 0 0 0 0 0 0 0 0 0 0 0 0 0 0 0 0 0 0 0 0 0 0 0 0 0 0 0 0 0 0 0 0 0 0 0 0 0 0 0 0 0 0 0 0 0 0 0 0 0 0 0 0 0 0 0]
[1719047714663859547871836906001843808532246487781044969038046012383751157925490501656448884273022039306411622173502735720273776630011028831524283692480928068229544966517819280456585833305359377765496223434315120051372377063928826602843383163751364093291443565609745 0 0 0 0 0 0 0 0 0 0 0 0 0 1 0 0 0 0 0 0 0 0 0 0 0 0 0 0 0 0 0 0 0 0 0 0 0 0 0 0 0 0 0 0 0 0 0 0 0 0 0 0 0 0 0 0 0 0 0 0 0 0 0 0 0 0 0 0 0 0 0 0 0 0 0 0 0 0 0 0 0 0 0 0 0 0 0]
[2406972100042560205731547435447994395043298086709706755532828614674712819207892492379610682577178111965668046194509157184618868858567152332083849408520261107155348408903298729499906822707000984308979949559520415227005658466165698133986289498199843243471719573214009 0 0 0 0 0 0 0 0 0 0 0 0 0 0 1 0 0 0 0 0 0 0 0 0 0 0 0 0 0 0 0 0 0 0 0 0 0 0 0 0 0 0 0 0 0 0 0 0 0 0 0 0 0 0 0 0 0 0 0 0 0 0 0 0 0 0 0 0 0 0 0 0 0 0 0 0 0 0 0 0 0 0 0 0 0 0 0]
[3182098315530925152702123144351611263448100561999820646361435606817518704146616628720779491367281462477473690531702306290061984115230190356317309777422582490030834078859984349192154025725800680460470602128301541070495769392729869455708130747438775935212021772503201 0 0 0 0 0 0 0 0 0 0 0 0 0 0 0 1 0 0 0 0 0 0 0 0 0 0 0 0 0 0 0 0 0 0 0 0 0 0 0 0 0 0 0 0 0 0 0 0 0 0 0 0 0 0 0 0 0 0 0 0 0 0 0 0 0 0 0 0 0 0 0 0 0 0 0 0 0 0 0 0 0 0 0 0 0 0 0]
[3302355959848786110764878816889829482277981940884565756643386193186356039024800820519603366650646346235354507587951129298068718534459932524326467380815773364007952438532229438176889604756569095306548170936460518334494825897903830347050300976499106913202869871394617 0 0 0 0 0 0 0 0 0 0 0 0 0 0 0 0 1 0 0 0 0 0 0 0 0 0 0 0 0 0 0 0 0 0 0 0 0 0 0 0 0 0 0 0 0 0 0 0 0 0 0 0 0 0 0 0 0 0 0 0 0 0 0 0 0 0 0 0 0 0 0 0 0 0 0 0 0 0 0 0 0 0 0 0 0 0 0]
[1814838478730749520178594473225169578477927289503705486177454171311832479421389433424239487604228234886289248240025902844110034860676397925979257593501541895392888785618895068228249781501086423053304277387818982780245970255756196545365927234286006158277761162189408 0 0 0 0 0 0 0 0 0 0 0 0 0 0 0 0 0 1 0 0 0 0 0 0 0 0 0 0 0 0 0 0 0 0 0 0 0 0 0 0 0 0 0 0 0 0 0 0 0 0 0 0 0 0 0 0 0 0 0 0 0 0 0 0 0 0 0 0 0 0 0 0 0 0 0 0 0 0 0 0 0 0 0 0 0 0 0]
[2408151181341965559528193465439237781915335629107228634100532386785950387377627426092926830201186762219660829722304289052541821499900093313045900243188609485117755655504436592024508423316351785237352677178813773359245108550776765178691174392074983103546156177418306 0 0 0 0 0 0 0 0 0 0 0 0 0 0 0 0 0 0 1 0 0 0 0 0 0 0 0 0 0 0 0 0 0 0 0 0 0 0 0 0 0 0 0 0 0 0 0 0 0 0 0 0 0 0 0 0 0 0 0 0 0 0 0 0 0 0 0 0 0 0 0 0 0 0 0 0 0 0 0 0 0 0 0 0 0 0 0]
[4345079881389365750349255520201706029174093230519685842985660882437244407791665094964310146331401363889214380450359924467213728590037618155996995112305057145244459061259180041645210463134035358824996628707488400090417732011430557668139438565088170746288069475339803 0 0 0 0 0 0 0 0 0 0 0 0 0 0 0 0 0 0 0 1 0 0 0 0 0 0 0 0 0 0 0 0 0 0 0 0 0 0 0 0 0 0 0 0 0 0 0 0 0 0 0 0 0 0 0 0 0 0 0 0 0 0 0 0 0 0 0 0 0 0 0 0 0 0 0 0 0 0 0 0 0 0 0 0 0 0 0]
[1303133453913979384281802273479574392654726484101282603278237290478278667331775394449471160185956388034743851584562901603848408687360191346588732895794266069679175883021982404771504789915652796512140805168760550890155149272352618937682845698861085523528333010466466 0 0 0 0 0 0 0 0 0 0 0 0 0 0 0 0 0 0 0 0 1 0 0 0 0 0 0 0 0 0 0 0 0 0 0 0 0 0 0 0 0 0 0 0 0 0 0 0 0 0 0 0 0 0 0 0 0 0 0 0 0 0 0 0 0 0 0 0 0 0 0 0 0 0 0 0 0 0 0 0 0 0 0 0 0 0 0]
[2631739999388294737492569452528744142294233083428900100683840036342304975726371580832589712337168971388578611160536806828597739007696083144870798603276379304420447360025627828816465983731389035460926309911862690139251880647220299588062427640352489849426782372920336 0 0 0 0 0 0 0 0 0 0 0 0 0 0 0 0 0 0 0 0 0 1 0 0 0 0 0 0 0 0 0 0 0 0 0 0 0 0 0 0 0 0 0 0 0 0 0 0 0 0 0 0 0 0 0 0 0 0 0 0 0 0 0 0 0 0 0 0 0 0 0 0 0 0 0 0 0 0 0 0 0 0 0 0 0 0 0]
[5720845382520409345848143855340374924757652801361324313286402704609098111383183576175092120696466801902380726527031341482185076237883582173233283105438042278508412038349216356888544601426162884691547496207659076995268681470597942415252088736001265994849267921168068 0 0 0 0 0 0 0 0 0 0 0 0 0 0 0 0 0 0 0 0 0 0 1 0 0 0 0 0 0 0 0 0 0 0 0 0 0 0 0 0 0 0 0 0 0 0 0 0 0 0 0 0 0 0 0 0 0 0 0 0 0 0 0 0 0 0 0 0 0 0 0 0 0 0 0 0 0 0 0 0 0 0 0 0 0 0 0]
[1072223606028547669960207373247220827907623151912490563915914231765123656576853444949272636256754759416722900914043135950310710099564499693721247469608306711239062338674508865157190107927289557373958404471025718779804631243712232308592919749603405628168052303761774 0 0 0 0 0 0 0 0 0 0 0 0 0 0 0 0 0 0 0 0 0 0 0 1 0 0 0 0 0 0 0 0 0 0 0 0 0 0 0 0 0 0 0 0 0 0 0 0 0 0 0 0 0 0 0 0 0 0 0 0 0 0 0 0 0 0 0 0 0 0 0 0 0 0 0 0 0 0 0 0 0 0 0 0 0 0 0]
[544291046175028237560024911236472418832387971552416989346813880081895736352353103795566853118892016141154891337271307667286393514422130752841909457203057121883321513959697451834497892524365811536308987657586395458793906891308180759807114440779510434469608546219574 0 0 0 0 0 0 0 0 0 0 0 0 0 0 0 0 0 0 0 0 0 0 0 0 1 0 0 0 0 0 0 0 0 0 0 0 0 0 0 0 0 0 0 0 0 0 0 0 0 0 0 0 0 0 0 0 0 0 0 0 0 0 0 0 0 0 0 0 0 0 0 0 0 0 0 0 0 0 0 0 0 0 0 0 0 0 0]
[3452303770180126439852375504285081169918415404646569241576543426194127549753426783935667232019733004660882176012311460498959083483533186655118705886243668945127858517211134598903734840446860468470021041640196654497479142308247860266810412779648309588933398276045385 0 0 0 0 0 0 0 0 0 0 0 0 0 0 0 0 0 0 0 0 0 0 0 0 0 1 0 0 0 0 0 0 0 0 0 0 0 0 0 0 0 0 0 0 0 0 0 0 0 0 0 0 0 0 0 0 0 0 0 0 0 0 0 0 0 0 0 0 0 0 0 0 0 0 0 0 0 0 0 0 0 0 0 0 0 0 0]
[5408063269071130758966718167540343404376531424161147954322946506189207183056680079677549027652411040955675379191147060069187742359089819829745463731784325011721498909282470151977110704689970447079425518619879634032268195551285203895714755740611988571361492083678457 0 0 0 0 0 0 0 0 0 0 0 0 0 0 0 0 0 0 0 0 0 0 0 0 0 0 1 0 0 0 0 0 0 0 0 0 0 0 0 0 0 0 0 0 0 0 0 0 0 0 0 0 0 0 0 0 0 0 0 0 0 0 0 0 0 0 0 0 0 0 0 0 0 0 0 0 0 0 0 0 0 0 0 0 0 0 0]
[1175799655936318460173653772516588562322121206495347572626310098201549455914329428478353960320953510871750408961411777385210450009148381552380091905272840703347167026826974212002251160043318457322831905904948825155705581112501867632014608843881173834450303133669930 0 0 0 0 0 0 0 0 0 0 0 0 0 0 0 0 0 0 0 0 0 0 0 0 0 0 0 1 0 0 0 0 0 0 0 0 0 0 0 0 0 0 0 0 0 0 0 0 0 0 0 0 0 0 0 0 0 0 0 0 0 0 0 0 0 0 0 0 0 0 0 0 0 0 0 0 0 0 0 0 0 0 0 0 0 0 0]
[1523670314748130343819837888786699660541018915971312939052267050083807682281725347137076365901627954561342144517853179702727873794318459750941417167732799310848563969807669022930339834936225056010914129497160915221852603441478797818558462970718791907853678331073803 0 0 0 0 0 0 0 0 0 0 0 0 0 0 0 0 0 0 0 0 0 0 0 0 0 0 0 0 1 0 0 0 0 0 0 0 0 0 0 0 0 0 0 0 0 0 0 0 0 0 0 0 0 0 0 0 0 0 0 0 0 0 0 0 0 0 0 0 0 0 0 0 0 0 0 0 0 0 0 0 0 0 0 0 0 0 0]
[513578316060246035325493910718551469997261365348443815017088971817355497998675150515126106358556900683406979331094906957604615251338216985077445506382776234326663165397676575183775714431295509733293294266510371425075884398102363558271469875598299493827255395378637 0 0 0 0 0 0 0 0 0 0 0 0 0 0 0 0 0 0 0 0 0 0 0 0 0 0 0 0 0 1 0 0 0 0 0 0 0 0 0 0 0 0 0 0 0 0 0 0 0 0 0 0 0 0 0 0 0 0 0 0 0 0 0 0 0 0 0 0 0 0 0 0 0 0 0 0 0 0 0 0 0 0 0 0 0 0 0]
[2940929906071234399171032456918634944032877787528110458176104433421431710492135281052447665203032583579098441379487091246393604705369651934041158540338625437056581212556748186618769415487398508561759271516533263579206343372346979200985009978247034378612591188495911 0 0 0 0 0 0 0 0 0 0 0 0 0 0 0 0 0 0 0 0 0 0 0 0 0 0 0 0 0 0 1 0 0 0 0 0 0 0 0 0 0 0 0 0 0 0 0 0 0 0 0 0 0 0 0 0 0 0 0 0 0 0 0 0 0 0 0 0 0 0 0 0 0 0 0 0 0 0 0 0 0 0 0 0 0 0 0]
[3088838635938642766206097542808939601051196168047441340510820471189611951171906608275891954004270056285772073800291990356872718739560056843782674528762800406843561291760580887538998387863182888505570020591612698781171738763901922594675190969590121130855140365126691 0 0 0 0 0 0 0 0 0 0 0 0 0 0 0 0 0 0 0 0 0 0 0 0 0 0 0 0 0 0 0 1 0 0 0 0 0 0 0 0 0 0 0 0 0 0 0 0 0 0 0 0 0 0 0 0 0 0 0 0 0 0 0 0 0 0 0 0 0 0 0 0 0 0 0 0 0 0 0 0 0 0 0 0 0 0 0]
[5482940162072655461648380285968971614246698779270203286372369646451770774429648511377670043217951705387696758190838747119135402281183136346518251368442661197299858685221772867865561680789393560378691796702694545775445988024787273003152588331618688987597384188785044 0 0 0 0 0 0 0 0 0 0 0 0 0 0 0 0 0 0 0 0 0 0 0 0 0 0 0 0 0 0 0 0 1 0 0 0 0 0 0 0 0 0 0 0 0 0 0 0 0 0 0 0 0 0 0 0 0 0 0 0 0 0 0 0 0 0 0 0 0 0 0 0 0 0 0 0 0 0 0 0 0 0 0 0 0 0 0]
[5910431538296312191630198337264236402622231386724109433894227123434229563117445123854548764913328173982364412343649265995717595635785767945058062786334769371259466587625697314878002170804541356615602849737771969273458823635419419525805204687310341185735119603438067 0 0 0 0 0 0 0 0 0 0 0 0 0 0 0 0 0 0 0 0 0 0 0 0 0 0 0 0 0 0 0 0 0 1 0 0 0 0 0 0 0 0 0 0 0 0 0 0 0 0 0 0 0 0 0 0 0 0 0 0 0 0 0 0 0 0 0 0 0 0 0 0 0 0 0 0 0 0 0 0 0 0 0 0 0 0 0]
[4907542441963349194029101784193872865148848366896390362361464996589418748063311032849520341514889874562284589296250003825511914492221721705934269532496419793372590413676403861292714580154153213882510720737375184768202450230888820188192829238575886213890905082081098 0 0 0 0 0 0 0 0 0 0 0 0 0 0 0 0 0 0 0 0 0 0 0 0 0 0 0 0 0 0 0 0 0 0 1 0 0 0 0 0 0 0 0 0 0 0 0 0 0 0 0 0 0 0 0 0 0 0 0 0 0 0 0 0 0 0 0 0 0 0 0 0 0 0 0 0 0 0 0 0 0 0 0 0 0 0 0]
[4883450993175897179361245110807680275584088735097016902981560658074029787339274249112186902065488858808377719569709715565673660872648061552129095964695976946399980758859297446770494287707243434079768016232871038572092121319637306455455644099075855296114463816446065 0 0 0 0 0 0 0 0 0 0 0 0 0 0 0 0 0 0 0 0 0 0 0 0 0 0 0 0 0 0 0 0 0 0 0 1 0 0 0 0 0 0 0 0 0 0 0 0 0 0 0 0 0 0 0 0 0 0 0 0 0 0 0 0 0 0 0 0 0 0 0 0 0 0 0 0 0 0 0 0 0 0 0 0 0 0 0]
[761355620286817269040234240687160320640500893501251485580103321195707993870177229422011755299957692166841314575367964504192852354869734453748475784716154786703830978001207648235079055294578545729366470152040330443341685688104255397354077261250937458451675679233372 0 0 0 0 0 0 0 0 0 0 0 0 0 0 0 0 0 0 0 0 0 0 0 0 0 0 0 0 0 0 0 0 0 0 0 0 1 0 0 0 0 0 0 0 0 0 0 0 0 0 0 0 0 0 0 0 0 0 0 0 0 0 0 0 0 0 0 0 0 0 0 0 0 0 0 0 0 0 0 0 0 0 0 0 0 0 0]
[6252583231558436970596086074815971776195452916429504795638234779371184070007166609882881198085891075603641604269874209584751769159989522511081363775984869115237062207448301430668452515174548056246727353564407128915112516077803108457347392564201082904237740662677844 0 0 0 0 0 0 0 0 0 0 0 0 0 0 0 0 0 0 0 0 0 0 0 0 0 0 0 0 0 0 0 0 0 0 0 0 0 1 0 0 0 0 0 0 0 0 0 0 0 0 0 0 0 0 0 0 0 0 0 0 0 0 0 0 0 0 0 0 0 0 0 0 0 0 0 0 0 0 0 0 0 0 0 0 0 0 0]
[4031780712047981686119091238680185114390538632514981677386428004337888406380976193531615622649688650025693309175246453219349457275291734456999491640250785932927436880869870958083145975347436857108748969061555308201983002156096327627626590009792405649275846790418470 0 0 0 0 0 0 0 0 0 0 0 0 0 0 0 0 0 0 0 0 0 0 0 0 0 0 0 0 0 0 0 0 0 0 0 0 0 0 1 0 0 0 0 0 0 0 0 0 0 0 0 0 0 0 0 0 0 0 0 0 0 0 0 0 0 0 0 0 0 0 0 0 0 0 0 0 0 0 0 0 0 0 0 0 0 0 0]
[2719735385150404909375430821089271235264406680351052966793624587529678321368708940207701724847486753310296511085461107942128394772007554307766557650728439105422759741856927313243228142691169387369087873093053107387196602434463914764833273791654501069229854047030422 0 0 0 0 0 0 0 0 0 0 0 0 0 0 0 0 0 0 0 0 0 0 0 0 0 0 0 0 0 0 0 0 0 0 0 0 0 0 0 1 0 0 0 0 0 0 0 0 0 0 0 0 0 0 0 0 0 0 0 0 0 0 0 0 0 0 0 0 0 0 0 0 0 0 0 0 0 0 0 0 0 0 0 0 0 0 0]
[5060842034648078748433094596557639938372809884890610993225369866090410191384511115491894251867595611417285731758413468906288411751269827306547248740922833245005643637140166357119757518090519909076343234683446021688448893764129510923863011978933740375815980325137221 0 0 0 0 0 0 0 0 0 0 0 0 0 0 0 0 0 0 0 0 0 0 0 0 0 0 0 0 0 0 0 0 0 0 0 0 0 0 0 0 1 0 0 0 0 0 0 0 0 0 0 0 0 0 0 0 0 0 0 0 0 0 0 0 0 0 0 0 0 0 0 0 0 0 0 0 0 0 0 0 0 0 0 0 0 0 0]
[1848527658459148631217380437173297910185790333901756511323564132786573043283318609438885994621717478570026843351614444846772039150133489264619872687502171483707328312857523116301997713218366005115117293238968199330220762118493900857168032347921154944679079882557108 0 0 0 0 0 0 0 0 0 0 0 0 0 0 0 0 0 0 0 0 0 0 0 0 0 0 0 0 0 0 0 0 0 0 0 0 0 0 0 0 0 1 0 0 0 0 0 0 0 0 0 0 0 0 0 0 0 0 0 0 0 0 0 0 0 0 0 0 0 0 0 0 0 0 0 0 0 0 0 0 0 0 0 0 0 0 0]
[5546849339019381810901121391106014834114967323762097976082466827587605407362467762447327185518212244858819015119414318230733635471531548241148270979760061418702639011994876071874998867136301170610878267026498267607971015482900972877701302285145479998501737422636955 0 0 0 0 0 0 0 0 0 0 0 0 0 0 0 0 0 0 0 0 0 0 0 0 0 0 0 0 0 0 0 0 0 0 0 0 0 0 0 0 0 0 1 0 0 0 0 0 0 0 0 0 0 0 0 0 0 0 0 0 0 0 0 0 0 0 0 0 0 0 0 0 0 0 0 0 0 0 0 0 0 0 0 0 0 0 0]
[6169919818121595078865819809210207439211974826237070710626569222054906358807969804804923973060198138844920493793175449622188932704918439287667562139602814921642756848242625824463328321069672387627197342677877966904359966702310771257613245209330102802012630863907900 0 0 0 0 0 0 0 0 0 0 0 0 0 0 0 0 0 0 0 0 0 0 0 0 0 0 0 0 0 0 0 0 0 0 0 0 0 0 0 0 0 0 0 1 0 0 0 0 0 0 0 0 0 0 0 0 0 0 0 0 0 0 0 0 0 0 0 0 0 0 0 0 0 0 0 0 0 0 0 0 0 0 0 0 0 0 0]
[728470912242629536557467838686976102613266888800612913322619387278229875758752549856910066058327002849186250483470413844663930181963234616827265087256296677676953624787757084740959750394714437234630119163437021673847885458619044433531617706682145485835627142509260 0 0 0 0 0 0 0 0 0 0 0 0 0 0 0 0 0 0 0 0 0 0 0 0 0 0 0 0 0 0 0 0 0 0 0 0 0 0 0 0 0 0 0 0 1 0 0 0 0 0 0 0 0 0 0 0 0 0 0 0 0 0 0 0 0 0 0 0 0 0 0 0 0 0 0 0 0 0 0 0 0 0 0 0 0 0 0]
[4779753096528966671522195492062234072518804504369643262279177828659259970546168304585772631737226971569093514173224490549271227514203854858359763301057044181377301843404540106272959028182071765428953252361627569140250392983165712952694438029425610634418243489978176 0 0 0 0 0 0 0 0 0 0 0 0 0 0 0 0 0 0 0 0 0 0 0 0 0 0 0 0 0 0 0 0 0 0 0 0 0 0 0 0 0 0 0 0 0 1 0 0 0 0 0 0 0 0 0 0 0 0 0 0 0 0 0 0 0 0 0 0 0 0 0 0 0 0 0 0 0 0 0 0 0 0 0 0 0 0 0]
[4337397089715895175571433999706626534476750128682185294997478105911710954718345819914835063494991278107622214923014379942765379271244592216071047112941341427165249833932008545077294845116404555584378831565016985115906893454200115166127828076853977977357064641159961 0 0 0 0 0 0 0 0 0 0 0 0 0 0 0 0 0 0 0 0 0 0 0 0 0 0 0 0 0 0 0 0 0 0 0 0 0 0 0 0 0 0 0 0 0 0 1 0 0 0 0 0 0 0 0 0 0 0 0 0 0 0 0 0 0 0 0 0 0 0 0 0 0 0 0 0 0 0 0 0 0 0 0 0 0 0 0]
[4280506005768854663412987701654204145472869508333752237577924740564392762509721440209661124818754948496775082892280294514667741084690076504737752182759288321352177265612312025686866326734400263543873029213504145501306955388552354137658164011265033617888672929723120 0 0 0 0 0 0 0 0 0 0 0 0 0 0 0 0 0 0 0 0 0 0 0 0 0 0 0 0 0 0 0 0 0 0 0 0 0 0 0 0 0 0 0 0 0 0 0 1 0 0 0 0 0 0 0 0 0 0 0 0 0 0 0 0 0 0 0 0 0 0 0 0 0 0 0 0 0 0 0 0 0 0 0 0 0 0 0]
[4842928904366950313289955853911486715028004324522024324335086028851829789091679721209323025012982250327188253763832444201202992424841598998106161666404771899182757123056795154828247934807375362999123768281653603459750845451872830018456561351167065932209392245656059 0 0 0 0 0 0 0 0 0 0 0 0 0 0 0 0 0 0 0 0 0 0 0 0 0 0 0 0 0 0 0 0 0 0 0 0 0 0 0 0 0 0 0 0 0 0 0 0 1 0 0 0 0 0 0 0 0 0 0 0 0 0 0 0 0 0 0 0 0 0 0 0 0 0 0 0 0 0 0 0 0 0 0 0 0 0 0]
[1111383669089261809547009465319381038083095168973971873078132872322933017230513154534869801749024000476767651131343314313724392453316885292544914871282660597811772086910252124903930188783827083586124684244967059546102980516633257664679975567312315515784970790781150 0 0 0 0 0 0 0 0 0 0 0 0 0 0 0 0 0 0 0 0 0 0 0 0 0 0 0 0 0 0 0 0 0 0 0 0 0 0 0 0 0 0 0 0 0 0 0 0 0 1 0 0 0 0 0 0 0 0 0 0 0 0 0 0 0 0 0 0 0 0 0 0 0 0 0 0 0 0 0 0 0 0 0 0 0 0 0]
[3853080522733971997515117947033303051904300611305047054722855624276178390625535275757686994904420683082235400449914625110076273806490895637067016674564096171557684778793506270069788510280374452537933063453772569266878552181939610711886312409073848480357190029103933 0 0 0 0 0 0 0 0 0 0 0 0 0 0 0 0 0 0 0 0 0 0 0 0 0 0 0 0 0 0 0 0 0 0 0 0 0 0 0 0 0 0 0 0 0 0 0 0 0 0 1 0 0 0 0 0 0 0 0 0 0 0 0 0 0 0 0 0 0 0 0 0 0 0 0 0 0 0 0 0 0 0 0 0 0 0 0]
[582099851943495307548439084868156158033458785268326539420881827353193594862192872176291400887033840202111694320383496451701034478838834064772298962919608556722091718240619490087633232417612868412082644390264774294765263371231647765850385372563561289579998481323839 0 0 0 0 0 0 0 0 0 0 0 0 0 0 0 0 0 0 0 0 0 0 0 0 0 0 0 0 0 0 0 0 0 0 0 0 0 0 0 0 0 0 0 0 0 0 0 0 0 0 0 1 0 0 0 0 0 0 0 0 0 0 0 0 0 0 0 0 0 0 0 0 0 0 0 0 0 0 0 0 0 0 0 0 0 0 0]
[3309746951008607809371552743905122728197262655293257964233407168495844213237144592057729481694214288713493820462373932080338234777805269839165864670397493587607538121422835183544902948273614165253208225607628543344949223085051088755154808147175865153736144538223661 0 0 0 0 0 0 0 0 0 0 0 0 0 0 0 0 0 0 0 0 0 0 0 0 0 0 0 0 0 0 0 0 0 0 0 0 0 0 0 0 0 0 0 0 0 0 0 0 0 0 0 0 1 0 0 0 0 0 0 0 0 0 0 0 0 0 0 0 0 0 0 0 0 0 0 0 0 0 0 0 0 0 0 0 0 0 0]
[4952807001632944452724452834863049477666666850357663461328051003987180804186442607794814996537733023743853676204418438339299740788448324097708830651980055875767722994013567310487988781229807650502519133979349389622432314979881570686971748425323283268636968510775558 0 0 0 0 0 0 0 0 0 0 0 0 0 0 0 0 0 0 0 0 0 0 0 0 0 0 0 0 0 0 0 0 0 0 0 0 0 0 0 0 0 0 0 0 0 0 0 0 0 0 0 0 0 1 0 0 0 0 0 0 0 0 0 0 0 0 0 0 0 0 0 0 0 0 0 0 0 0 0 0 0 0 0 0 0 0 0]
[5021400615546854125740424777231424527884377849427583516429864685943098888217423414046873178310195159794430457884252646054588919135714521997917454320821636576472273609652253149746460758221627272685078168808283011674764957113547321986786321430828560115258068480629529 0 0 0 0 0 0 0 0 0 0 0 0 0 0 0 0 0 0 0 0 0 0 0 0 0 0 0 0 0 0 0 0 0 0 0 0 0 0 0 0 0 0 0 0 0 0 0 0 0 0 0 0 0 0 1 0 0 0 0 0 0 0 0 0 0 0 0 0 0 0 0 0 0 0 0 0 0 0 0 0 0 0 0 0 0 0 0]
[3603816360591295313217423135542716029021925661712217569183332535453019179183112355814024904819584780885065667716105517807833379290982939507113303102563409024373118570776782453915938259717452906926777766268324623134115130204029990359079991193903363717486272644610541 0 0 0 0 0 0 0 0 0 0 0 0 0 0 0 0 0 0 0 0 0 0 0 0 0 0 0 0 0 0 0 0 0 0 0 0 0 0 0 0 0 0 0 0 0 0 0 0 0 0 0 0 0 0 0 1 0 0 0 0 0 0 0 0 0 0 0 0 0 0 0 0 0 0 0 0 0 0 0 0 0 0 0 0 0 0 0]
[2823635666114274320074072079658386315944669298887854179479190835910131488339747758696879752306574294697126469062237099174159451318805192803472376578935886637336412793768419758088134082097166740821132727977809974054706203048532935362360239878667534504965009943891671 0 0 0 0 0 0 0 0 0 0 0 0 0 0 0 0 0 0 0 0 0 0 0 0 0 0 0 0 0 0 0 0 0 0 0 0 0 0 0 0 0 0 0 0 0 0 0 0 0 0 0 0 0 0 0 0 1 0 0 0 0 0 0 0 0 0 0 0 0 0 0 0 0 0 0 0 0 0 0 0 0 0 0 0 0 0 0]
[6140328418780653570898274284177115606918385113484728783930751079266616910134690953597452049605553234514795789651348228215440096727591633135800177712294473099864630714748292559202796833808859066483261848055582701335583246473635874356637857100484086965125289960172555 0 0 0 0 0 0 0 0 0 0 0 0 0 0 0 0 0 0 0 0 0 0 0 0 0 0 0 0 0 0 0 0 0 0 0 0 0 0 0 0 0 0 0 0 0 0 0 0 0 0 0 0 0 0 0 0 0 1 0 0 0 0 0 0 0 0 0 0 0 0 0 0 0 0 0 0 0 0 0 0 0 0 0 0 0 0 0]
[1047678045539085529772114276227192661966219620003738044837831375623989495612360850951368644387085617985483621960934244091790261387254216752172375664991383325881046757812559663586520234505473359549247024350351737881631814930556326017205863065825950715524622414727937 0 0 0 0 0 0 0 0 0 0 0 0 0 0 0 0 0 0 0 0 0 0 0 0 0 0 0 0 0 0 0 0 0 0 0 0 0 0 0 0 0 0 0 0 0 0 0 0 0 0 0 0 0 0 0 0 0 0 1 0 0 0 0 0 0 0 0 0 0 0 0 0 0 0 0 0 0 0 0 0 0 0 0 0 0 0 0]
[3484776479749252180782584573342319725610684734574257602554483991649522330164847104974148566534498653955572439797741389787293853902169808286350018941870945701833352105218883907522527646410009815387794549594418266321760464625806664587738132348413651950669027946989564 0 0 0 0 0 0 0 0 0 0 0 0 0 0 0 0 0 0 0 0 0 0 0 0 0 0 0 0 0 0 0 0 0 0 0 0 0 0 0 0 0 0 0 0 0 0 0 0 0 0 0 0 0 0 0 0 0 0 0 1 0 0 0 0 0 0 0 0 0 0 0 0 0 0 0 0 0 0 0 0 0 0 0 0 0 0 0]
[3616352040935940541478786990064250771451662405948467920242475872218911714468917024102833281447076586358503857147372784339570375077931028515261004881975258235400166130522084975826109098566675041111282506345392276522843532186387278906182795303126908476805226213847360 0 0 0 0 0 0 0 0 0 0 0 0 0 0 0 0 0 0 0 0 0 0 0 0 0 0 0 0 0 0 0 0 0 0 0 0 0 0 0 0 0 0 0 0 0 0 0 0 0 0 0 0 0 0 0 0 0 0 0 0 1 0 0 0 0 0 0 0 0 0 0 0 0 0 0 0 0 0 0 0 0 0 0 0 0 0 0]
[343888859996637349606620056486764500232701359243153811930165713969451873244383937761949819578791253023011891907061316260823599299341569215351504637656719606005750556481105358363047701215521227264759190988196770899170448303162075624171890443838992215607507808359466 0 0 0 0 0 0 0 0 0 0 0 0 0 0 0 0 0 0 0 0 0 0 0 0 0 0 0 0 0 0 0 0 0 0 0 0 0 0 0 0 0 0 0 0 0 0 0 0 0 0 0 0 0 0 0 0 0 0 0 0 0 1 0 0 0 0 0 0 0 0 0 0 0 0 0 0 0 0 0 0 0 0 0 0 0 0 0]
[2709545287889725009654076479987607268096100705816998415827063060291596286396429340002532672114662278756598966543386172656182946256821185655193961582435239499390947110754317304310232070963457221087503180244017015602348117403813287351066597715315822395584538104805133 0 0 0 0 0 0 0 0 0 0 0 0 0 0 0 0 0 0 0 0 0 0 0 0 0 0 0 0 0 0 0 0 0 0 0 0 0 0 0 0 0 0 0 0 0 0 0 0 0 0 0 0 0 0 0 0 0 0 0 0 0 0 1 0 0 0 0 0 0 0 0 0 0 0 0 0 0 0 0 0 0 0 0 0 0 0 0]
[1216419397651745304457452373064392561031262225240873765055953794732205218222847662199153593823348252422746110188674062519834345225400394343928984610131032650765146102483523372752023644409749273217281176166163655758002530122697164102920445094895031388598776109739646 0 0 0 0 0 0 0 0 0 0 0 0 0 0 0 0 0 0 0 0 0 0 0 0 0 0 0 0 0 0 0 0 0 0 0 0 0 0 0 0 0 0 0 0 0 0 0 0 0 0 0 0 0 0 0 0 0 0 0 0 0 0 0 1 0 0 0 0 0 0 0 0 0 0 0 0 0 0 0 0 0 0 0 0 0 0 0]
[4180746731132353770216194817493268888906878353462101664433387216997218220657722631820096153098420298081014184572789000473258577031740652388301565586755364899676664208755601084844888028691936346940341319056667400337558027372000039917156974815611338738695746647146494 0 0 0 0 0 0 0 0 0 0 0 0 0 0 0 0 0 0 0 0 0 0 0 0 0 0 0 0 0 0 0 0 0 0 0 0 0 0 0 0 0 0 0 0 0 0 0 0 0 0 0 0 0 0 0 0 0 0 0 0 0 0 0 0 1 0 0 0 0 0 0 0 0 0 0 0 0 0 0 0 0 0 0 0 0 0 0]
[5178657117282949740056286827164838563727798744407665777738821643191945516602065486924632164082018780422643705868663888755898029865296300709493731372805440212020157649487136396222345486952427880157668220491163366262502672369795943567823764383489324897121720392978879 0 0 0 0 0 0 0 0 0 0 0 0 0 0 0 0 0 0 0 0 0 0 0 0 0 0 0 0 0 0 0 0 0 0 0 0 0 0 0 0 0 0 0 0 0 0 0 0 0 0 0 0 0 0 0 0 0 0 0 0 0 0 0 0 0 1 0 0 0 0 0 0 0 0 0 0 0 0 0 0 0 0 0 0 0 0 0]
[369558568577151158267099280106759820420539688456394635440098549852244539999558711459589863932305559293430435845537658991605395904087939707301107140189429861740521096270743162572608453313329812884210699050798328410133754655933771183676213247936252826366614409542198 0 0 0 0 0 0 0 0 0 0 0 0 0 0 0 0 0 0 0 0 0 0 0 0 0 0 0 0 0 0 0 0 0 0 0 0 0 0 0 0 0 0 0 0 0 0 0 0 0 0 0 0 0 0 0 0 0 0 0 0 0 0 0 0 0 0 1 0 0 0 0 0 0 0 0 0 0 0 0 0 0 0 0 0 0 0 0]
[1587466253826747963537936588783905984937746212175547336770296797456549943515700925924829386205700194764945074335423315795686487941641807037056585971221343050546785789677034753174614104275620589263676593537711379982111004663369594828529812897290128905757734542821108 0 0 0 0 0 0 0 0 0 0 0 0 0 0 0 0 0 0 0 0 0 0 0 0 0 0 0 0 0 0 0 0 0 0 0 0 0 0 0 0 0 0 0 0 0 0 0 0 0 0 0 0 0 0 0 0 0 0 0 0 0 0 0 0 0 0 0 1 0 0 0 0 0 0 0 0 0 0 0 0 0 0 0 0 0 0 0]
[4398049807607012097071417266473080924118638307051627264999345823570636578554054902041160973533141151399968047610227228978123958043688812913703719452695697463103841410756759578994440442002249731050677986933431599295446612593239132749450739522117817667013566043916665 0 0 0 0 0 0 0 0 0 0 0 0 0 0 0 0 0 0 0 0 0 0 0 0 0 0 0 0 0 0 0 0 0 0 0 0 0 0 0 0 0 0 0 0 0 0 0 0 0 0 0 0 0 0 0 0 0 0 0 0 0 0 0 0 0 0 0 0 1 0 0 0 0 0 0 0 0 0 0 0 0 0 0 0 0 0 0]
[5120715980220726033120857834822580929062993479288271265651794773669754764861367842647944327489603591548886649146379151768463238378999608923242792321912277523729420297368850082307939254411558649875408952675715262305213444459135896850470021251385886608483852493509680 0 0 0 0 0 0 0 0 0 0 0 0 0 0 0 0 0 0 0 0 0 0 0 0 0 0 0 0 0 0 0 0 0 0 0 0 0 0 0 0 0 0 0 0 0 0 0 0 0 0 0 0 0 0 0 0 0 0 0 0 0 0 0 0 0 0 0 0 0 1 0 0 0 0 0 0 0 0 0 0 0 0 0 0 0 0 0]
[4370959757996108140509569354697987675835279462012518731344793074574187742647846969863931527896237784247309741084991859870209037349197214547187869846968971629593899247161079869778024745848736621051895422758700769685887456064630950378874830164413411253097698594750013 0 0 0 0 0 0 0 0 0 0 0 0 0 0 0 0 0 0 0 0 0 0 0 0 0 0 0 0 0 0 0 0 0 0 0 0 0 0 0 0 0 0 0 0 0 0 0 0 0 0 0 0 0 0 0 0 0 0 0 0 0 0 0 0 0 0 0 0 0 0 1 0 0 0 0 0 0 0 0 0 0 0 0 0 0 0 0]
[4663171493665820508315207094847102876733774239926963862847596180575489834179563914047093213202265843891762687796272749558637098880426595731943837884975105525727981693779103086843768114362643642957661162883770984262661553955499485274374507441180794886291916759518830 0 0 0 0 0 0 0 0 0 0 0 0 0 0 0 0 0 0 0 0 0 0 0 0 0 0 0 0 0 0 0 0 0 0 0 0 0 0 0 0 0 0 0 0 0 0 0 0 0 0 0 0 0 0 0 0 0 0 0 0 0 0 0 0 0 0 0 0 0 0 0 1 0 0 0 0 0 0 0 0 0 0 0 0 0 0 0]
[5211167082701621984484143928923010505749320774271831688840850957975148633490855303291292829224418220150170838874074357535813803998641310397068984202738260680808182826956930530630544460082283827846595819744722199006082328381743133948805942144694238787377810935893192 0 0 0 0 0 0 0 0 0 0 0 0 0 0 0 0 0 0 0 0 0 0 0 0 0 0 0 0 0 0 0 0 0 0 0 0 0 0 0 0 0 0 0 0 0 0 0 0 0 0 0 0 0 0 0 0 0 0 0 0 0 0 0 0 0 0 0 0 0 0 0 0 1 0 0 0 0 0 0 0 0 0 0 0 0 0 0]
[5453911044417501844242239883736096289522333463856528717059268413950697809379658970022762224425782683619553068289035559323044356122815099017399829074366061782161839041613109466228707923590366024668057179613428449500828672239496806046512921616251750222228324938156243 0 0 0 0 0 0 0 0 0 0 0 0 0 0 0 0 0 0 0 0 0 0 0 0 0 0 0 0 0 0 0 0 0 0 0 0 0 0 0 0 0 0 0 0 0 0 0 0 0 0 0 0 0 0 0 0 0 0 0 0 0 0 0 0 0 0 0 0 0 0 0 0 0 1 0 0 0 0 0 0 0 0 0 0 0 0 0]
[2598102241312650933177069241235826236756485371884687444188160255684839109307158249710919706906932024069403745662045786235912530582750075498139671186235854029061261816943112899392479471159307426035955891027935143148795048896699495047772665494860601850809148702299479 0 0 0 0 0 0 0 0 0 0 0 0 0 0 0 0 0 0 0 0 0 0 0 0 0 0 0 0 0 0 0 0 0 0 0 0 0 0 0 0 0 0 0 0 0 0 0 0 0 0 0 0 0 0 0 0 0 0 0 0 0 0 0 0 0 0 0 0 0 0 0 0 0 0 1 0 0 0 0 0 0 0 0 0 0 0 0]
[5384672800180740502673575563215665525919962979838856549931436561283891937234609406317238548712858328490652973625513392473980214789093560176891606536943589049695936581770926150060485756486049597311360910611430387417516857680263419887148109834971706204583954609153183 0 0 0 0 0 0 0 0 0 0 0 0 0 0 0 0 0 0 0 0 0 0 0 0 0 0 0 0 0 0 0 0 0 0 0 0 0 0 0 0 0 0 0 0 0 0 0 0 0 0 0 0 0 0 0 0 0 0 0 0 0 0 0 0 0 0 0 0 0 0 0 0 0 0 0 1 0 0 0 0 0 0 0 0 0 0 0]
[4866573673350444624410705348511498910600194443133624235497014511572674289990828599670888865238205830203366840414638855479834580760483163763001554496510779160938811878388438774366842384923474213182412669074739890302890344870376593830837583254677931169957541872923748 0 0 0 0 0 0 0 0 0 0 0 0 0 0 0 0 0 0 0 0 0 0 0 0 0 0 0 0 0 0 0 0 0 0 0 0 0 0 0 0 0 0 0 0 0 0 0 0 0 0 0 0 0 0 0 0 0 0 0 0 0 0 0 0 0 0 0 0 0 0 0 0 0 0 0 0 1 0 0 0 0 0 0 0 0 0 0]
[444962678745679095124472973841695964408983635036454059217637709980429041580816694017089424890281100237679722353129778705562204121932499142531383821132391767246023516356359192752222799034587766673080595563354540057448312483504172160863307884602764428256420846982787 0 0 0 0 0 0 0 0 0 0 0 0 0 0 0 0 0 0 0 0 0 0 0 0 0 0 0 0 0 0 0 0 0 0 0 0 0 0 0 0 0 0 0 0 0 0 0 0 0 0 0 0 0 0 0 0 0 0 0 0 0 0 0 0 0 0 0 0 0 0 0 0 0 0 0 0 0 1 0 0 0 0 0 0 0 0 0]
[6210077002700151539563531169383509008449829296564011654238964836566963777864750372044613869293016059166274201155688744279587308898676822014173581504187556368564515515442948140288063660192912011920592924245627131705275789971565610764243386413390265405332150180344907 0 0 0 0 0 0 0 0 0 0 0 0 0 0 0 0 0 0 0 0 0 0 0 0 0 0 0 0 0 0 0 0 0 0 0 0 0 0 0 0 0 0 0 0 0 0 0 0 0 0 0 0 0 0 0 0 0 0 0 0 0 0 0 0 0 0 0 0 0 0 0 0 0 0 0 0 0 0 1 0 0 0 0 0 0 0 0]
[5095216122898207897183165731102806365139911689026482002408362151885693783015130769209551470330269828472107584220966438673032610269080100679631906152211244341111143690629350700355673208792466080672397188575309012798217332667278885086147719197488828454733807808129215 0 0 0 0 0 0 0 0 0 0 0 0 0 0 0 0 0 0 0 0 0 0 0 0 0 0 0 0 0 0 0 0 0 0 0 0 0 0 0 0 0 0 0 0 0 0 0 0 0 0 0 0 0 0 0 0 0 0 0 0 0 0 0 0 0 0 0 0 0 0 0 0 0 0 0 0 0 0 0 1 0 0 0 0 0 0 0]
[3616079522122158806215596833838161498287147133105825485082047740355834537922960653391551517315978426377914566424889056928648554766306215221909887366874933332026119837807030256029974467747276834491809694411175444896140950587901943435662803540362399079899832908437356 0 0 0 0 0 0 0 0 0 0 0 0 0 0 0 0 0 0 0 0 0 0 0 0 0 0 0 0 0 0 0 0 0 0 0 0 0 0 0 0 0 0 0 0 0 0 0 0 0 0 0 0 0 0 0 0 0 0 0 0 0 0 0 0 0 0 0 0 0 0 0 0 0 0 0 0 0 0 0 0 1 0 0 0 0 0 0]
[3560291352116279762101721741418281668695454500359028940037013800424166868560332048149389616779130915355364461527963305477566894349135415232245843138319401070671719590917366817839979561340692033678969325367527603449683923369205285586140223511208917543148352159574272 0 0 0 0 0 0 0 0 0 0 0 0 0 0 0 0 0 0 0 0 0 0 0 0 0 0 0 0 0 0 0 0 0 0 0 0 0 0 0 0 0 0 0 0 0 0 0 0 0 0 0 0 0 0 0 0 0 0 0 0 0 0 0 0 0 0 0 0 0 0 0 0 0 0 0 0 0 0 0 0 0 1 0 0 0 0 0]
[132780806703631008151278929522461843392616979395657177302162454928623937687509202280872675792526049833780073640071360774713200447141719480925011484632343485875512843429122390253388361284476671826929006909138372288400676377951340156539221565007565633848314642930979 0 0 0 0 0 0 0 0 0 0 0 0 0 0 0 0 0 0 0 0 0 0 0 0 0 0 0 0 0 0 0 0 0 0 0 0 0 0 0 0 0 0 0 0 0 0 0 0 0 0 0 0 0 0 0 0 0 0 0 0 0 0 0 0 0 0 0 0 0 0 0 0 0 0 0 0 0 0 0 0 0 0 1 0 0 0 0]
[2562815678576818603318311691646820505284947452177955137141998409651803785798149221596694427097900446384252421977966175094761521389814106277709837343076381193030098179993686396197636588739061583836453969305802079976585404003130350115481675719390710743931067257240222 0 0 0 0 0 0 0 0 0 0 0 0 0 0 0 0 0 0 0 0 0 0 0 0 0 0 0 0 0 0 0 0 0 0 0 0 0 0 0 0 0 0 0 0 0 0 0 0 0 0 0 0 0 0 0 0 0 0 0 0 0 0 0 0 0 0 0 0 0 0 0 0 0 0 0 0 0 0 0 0 0 0 0 1 0 0 0]
[3360238732227279550485983155151722131074316428027071670588619131472196421407539018049629907075030894651652871302909780220595467707697602612882804765606856872574400694688765351385454995139874988100985463213941741381623202153182925435792849312545265272716768115207524 0 0 0 0 0 0 0 0 0 0 0 0 0 0 0 0 0 0 0 0 0 0 0 0 0 0 0 0 0 0 0 0 0 0 0 0 0 0 0 0 0 0 0 0 0 0 0 0 0 0 0 0 0 0 0 0 0 0 0 0 0 0 0 0 0 0 0 0 0 0 0 0 0 0 0 0 0 0 0 0 0 0 0 0 1 0 0]
[815776719236341390908851469215085567883924285110778824644219979342516979760611286282593156988634180431847681565872247644312334417970314596335658149786589786346177987072933695412885379230487557295874629680088248411260387981255507307798826404856461858856794733717157 0 0 0 0 0 0 0 0 0 0 0 0 0 0 0 0 0 0 0 0 0 0 0 0 0 0 0 0 0 0 0 0 0 0 0 0 0 0 0 0 0 0 0 0 0 0 0 0 0 0 0 0 0 0 0 0 0 0 0 0 0 0 0 0 0 0 0 0 0 0 0 0 0 0 0 0 0 0 0 0 0 0 0 0 0 1 0]
[5563997045556626563402875557842178127611818976602519276086722267352020868096759742843312592899099417748953465550477361145789409848290938093672116241945733559814028119924678051385959891826861273844738979740939004079872694079270356648042806978790626134382121825951899 0 0 0 0 0 0 0 0 0 0 0 0 0 0 0 0 0 0 0 0 0 0 0 0 0 0 0 0 0 0 0 0 0 0 0 0 0 0 0 0 0 0 0 0 0 0 0 0 0 0 0 0 0 0 0 0 0 0 0 0 0 0 0 0 0 0 0 0 0 0 0 0 0 0 0 0 0 0 0 0 0 0 0 0 0 0 1]
]
