[[8578184660670966517047306355091994529769439304126684888128911494498714672686258728155620852973862146696659216588875949268504195446774298762477163882209569712702926993296542648660049522527780614452790952101302926787651099626506182954643998423599125333187578175522939195141974803406581 0 0 0 0 0 0 0 0 0 0 0 0 0 0 0 0 0 0 0 0 0 0 0 0 0 0 0 0 0 0 0 0 0 0 0 0 0 0 0 0 0 0 0 0 0 0 0 0 0 0 0 0 0 0 0 0 0 0 0 0 0 0 0 0 0 0 0 0 0 0 0 0 0 0 0 0 0 0 0 0 0 0 0 0 0 0 0 0 0 0 0 0 0]
[3857296028602703846911705165651042622219697057706810583323870925889457491607399616683735399242677699545051796809311210036051885969667309851437253814986415167678663050377236243802779368563948921383173217331424842165432800958937711868982878758797369689435340217484707184319118991934864 1 0 0 0 0 0 0 0 0 0 0 0 0 0 0 0 0 0 0 0 0 0 0 0 0 0 0 0 0 0 0 0 0 0 0 0 0 0 0 0 0 0 0 0 0 0 0 0 0 0 0 0 0 0 0 0 0 0 0 0 0 0 0 0 0 0 0 0 0 0 0 0 0 0 0 0 0 0 0 0 0 0 0 0 0 0 0 0 0 0 0 0 0]
[1381841047644789462803638484165498152442388274361456038804504292029655209533237582829057377671305520267283276573997727003025024734514105979124932453508575789766088423968347053828549162988507153477530266052457983757344700199123078060806918021192719010408242434641143784537736599459793 0 1 0 0 0 0 0 0 0 0 0 0 0 0 0 0 0 0 0 0 0 0 0 0 0 0 0 0 0 0 0 0 0 0 0 0 0 0 0 0 0 0 0 0 0 0 0 0 0 0 0 0 0 0 0 0 0 0 0 0 0 0 0 0 0 0 0 0 0 0 0 0 0 0 0 0 0 0 0 0 0 0 0 0 0 0 0 0 0 0 0 0 0]
[1193539284631862925904792734259068950475880553723830014290591995675323044253185372378919806012631872840306919313683855014804303220153665075667089321892411563787186842345134456423464478198609940806849977855252702114284944868408366377879710818539686837659398882073146145177310043812988 0 0 1 0 0 0 0 0 0 0 0 0 0 0 0 0 0 0 0 0 0 0 0 0 0 0 0 0 0 0 0 0 0 0 0 0 0 0 0 0 0 0 0 0 0 0 0 0 0 0 0 0 0 0 0 0 0 0 0 0 0 0 0 0 0 0 0 0 0 0 0 0 0 0 0 0 0 0 0 0 0 0 0 0 0 0 0 0 0 0 0 0 0]
[70211354982648621949025533990205419393354767294528618496942639205096145742341807195489662673880066120277474033252239281670022394405750035718541160952180259946163174537493138579776321745538886350441337154347271473495189309690329476849674044520550374194660382795436632989269062734222 0 0 0 1 0 0 0 0 0 0 0 0 0 0 0 0 0 0 0 0 0 0 0 0 0 0 0 0 0 0 0 0 0 0 0 0 0 0 0 0 0 0 0 0 0 0 0 0 0 0 0 0 0 0 0 0 0 0 0 0 0 0 0 0 0 0 0 0 0 0 0 0 0 0 0 0 0 0 0 0 0 0 0 0 0 0 0 0 0 0 0 0 0]
[6163008252088670887683881741843475607173176811566221209060811460294325850897802228939152921869373143114460427589034283797704427612563468137095116201164283615402313513241526406821095820511367388189444834596839569581800968025110411991346554709786265077508262449289217933343023663508235 0 0 0 0 1 0 0 0 0 0 0 0 0 0 0 0 0 0 0 0 0 0 0 0 0 0 0 0 0 0 0 0 0 0 0 0 0 0 0 0 0 0 0 0 0 0 0 0 0 0 0 0 0 0 0 0 0 0 0 0 0 0 0 0 0 0 0 0 0 0 0 0 0 0 0 0 0 0 0 0 0 0 0 0 0 0 0 0 0 0 0 0 0]
[1391696154223589305960116961420562116719638363088683226676973023903858471036648189935160586918830350773039954785427197161044179051465675487790415388877147171932283013445639165367058155931735130740109259877667946187010870409907383828366378921088281864794996018078479438505186301669481 0 0 0 0 0 1 0 0 0 0 0 0 0 0 0 0 0 0 0 0 0 0 0 0 0 0 0 0 0 0 0 0 0 0 0 0 0 0 0 0 0 0 0 0 0 0 0 0 0 0 0 0 0 0 0 0 0 0 0 0 0 0 0 0 0 0 0 0 0 0 0 0 0 0 0 0 0 0 0 0 0 0 0 0 0 0 0 0 0 0 0 0 0]
[5734389243671399800712187680981480721582768743437579141378320328126084197078330858623255452177685683198621327325312362368617297016878932245797163701327851708241227429811004689871916681080054767691592445691079185178553997113360006117284140088772478260807814639944547977957700310163591 0 0 0 0 0 0 1 0 0 0 0 0 0 0 0 0 0 0 0 0 0 0 0 0 0 0 0 0 0 0 0 0 0 0 0 0 0 0 0 0 0 0 0 0 0 0 0 0 0 0 0 0 0 0 0 0 0 0 0 0 0 0 0 0 0 0 0 0 0 0 0 0 0 0 0 0 0 0 0 0 0 0 0 0 0 0 0 0 0 0 0 0 0]
[812781761374951339775160407857487670304933100011144657758593489714275807298209174566795993350638581949636994125674383963186498207416054802805552789144516023693262878931860682298436142950386589153125051044726319794436729070259490757308045702319020321410573384204900866471174388294355 0 0 0 0 0 0 0 1 0 0 0 0 0 0 0 0 0 0 0 0 0 0 0 0 0 0 0 0 0 0 0 0 0 0 0 0 0 0 0 0 0 0 0 0 0 0 0 0 0 0 0 0 0 0 0 0 0 0 0 0 0 0 0 0 0 0 0 0 0 0 0 0 0 0 0 0 0 0 0 0 0 0 0 0 0 0 0 0 0 0 0 0 0]
[5305849132790849931537445625298063191741902465657989134724883475775593418910504177376678401392339832433925239462962630713983687218889799351508516961827073243195606161821898598418952414971398058370400782360132718605476831404950929031415934772276372253348501233604346244598019848694194 0 0 0 0 0 0 0 0 1 0 0 0 0 0 0 0 0 0 0 0 0 0 0 0 0 0 0 0 0 0 0 0 0 0 0 0 0 0 0 0 0 0 0 0 0 0 0 0 0 0 0 0 0 0 0 0 0 0 0 0 0 0 0 0 0 0 0 0 0 0 0 0 0 0 0 0 0 0 0 0 0 0 0 0 0 0 0 0 0 0 0 0 0]
[4018047513718337400899686482719350557227196860658620874557700300646311978747882216332597188984680235181309895395658460333006319195440069709550974292633479889180834338522671154501205404570311112253891046479928252716720961490490443263923218923203278436174495387793897443441814119463196 0 0 0 0 0 0 0 0 0 1 0 0 0 0 0 0 0 0 0 0 0 0 0 0 0 0 0 0 0 0 0 0 0 0 0 0 0 0 0 0 0 0 0 0 0 0 0 0 0 0 0 0 0 0 0 0 0 0 0 0 0 0 0 0 0 0 0 0 0 0 0 0 0 0 0 0 0 0 0 0 0 0 0 0 0 0 0 0 0 0 0 0 0]
[7831182847684217978746496402065028647987259931948703191298954418943938144992112027820118604061224574707055562296381319193579271515936932662611599745391047543153264176793979853816570017893270841787870983131338665832765256447062698137512774709883442318947400250914759554847335048854720 0 0 0 0 0 0 0 0 0 0 1 0 0 0 0 0 0 0 0 0 0 0 0 0 0 0 0 0 0 0 0 0 0 0 0 0 0 0 0 0 0 0 0 0 0 0 0 0 0 0 0 0 0 0 0 0 0 0 0 0 0 0 0 0 0 0 0 0 0 0 0 0 0 0 0 0 0 0 0 0 0 0 0 0 0 0 0 0 0 0 0 0 0]
[3051335879004804503451958271604482532078122224445060684857247425065110601945068734100374070305202262423382931855903916884880161546512098263439808051405900288668508230396254609763699303505583674775091708446386387104934327280379724243471645482453384073308797907557587183395493624415919 0 0 0 0 0 0 0 0 0 0 0 1 0 0 0 0 0 0 0 0 0 0 0 0 0 0 0 0 0 0 0 0 0 0 0 0 0 0 0 0 0 0 0 0 0 0 0 0 0 0 0 0 0 0 0 0 0 0 0 0 0 0 0 0 0 0 0 0 0 0 0 0 0 0 0 0 0 0 0 0 0 0 0 0 0 0 0 0 0 0 0 0 0]
[3305628631153612287411622607705200179102501565161468914398905166252779431595885513022554506172979617132110442229098207974414614592330778747819233296375222416563039070000355706728175091290696224695900440406789364576484201397851042893967875929815246241391528778738020693951113214436905 0 0 0 0 0 0 0 0 0 0 0 0 1 0 0 0 0 0 0 0 0 0 0 0 0 0 0 0 0 0 0 0 0 0 0 0 0 0 0 0 0 0 0 0 0 0 0 0 0 0 0 0 0 0 0 0 0 0 0 0 0 0 0 0 0 0 0 0 0 0 0 0 0 0 0 0 0 0 0 0 0 0 0 0 0 0 0 0 0 0 0 0 0]
[5617043694562884016377762220336411593371527949048848589148005493976289357531298447045924926851731696587335873127597363099073787687104330397573577585599289679614550868579921820860233040404199843163746904514149137072438304896319971757396739996955231196996297845081935549908887229756283 0 0 0 0 0 0 0 0 0 0 0 0 0 1 0 0 0 0 0 0 0 0 0 0 0 0 0 0 0 0 0 0 0 0 0 0 0 0 0 0 0 0 0 0 0 0 0 0 0 0 0 0 0 0 0 0 0 0 0 0 0 0 0 0 0 0 0 0 0 0 0 0 0 0 0 0 0 0 0 0 0 0 0 0 0 0 0 0 0 0 0 0 0]
[6439450776224657290790149256806104136613380323520854117387274740983629399114376211310733371469378260149075657398060720520746365505725355820782786246759354296996114822536906067222956089392391249651174602876172158848161973388186087447079757553270227115405256837023377261926205496564935 0 0 0 0 0 0 0 0 0 0 0 0 0 0 1 0 0 0 0 0 0 0 0 0 0 0 0 0 0 0 0 0 0 0 0 0 0 0 0 0 0 0 0 0 0 0 0 0 0 0 0 0 0 0 0 0 0 0 0 0 0 0 0 0 0 0 0 0 0 0 0 0 0 0 0 0 0 0 0 0 0 0 0 0 0 0 0 0 0 0 0 0 0]
[5187383345676903915645576114480333301156233745362016564628848530889196060943581669645982253382841306152568707271938761218920245953266324593045721944148666962463660333688628716166691807779426025807950400161113009230721831494926941801699490986084201364587556771935979952117726369227044 0 0 0 0 0 0 0 0 0 0 0 0 0 0 0 1 0 0 0 0 0 0 0 0 0 0 0 0 0 0 0 0 0 0 0 0 0 0 0 0 0 0 0 0 0 0 0 0 0 0 0 0 0 0 0 0 0 0 0 0 0 0 0 0 0 0 0 0 0 0 0 0 0 0 0 0 0 0 0 0 0 0 0 0 0 0 0 0 0 0 0 0 0]
[5071109719227662935283381813944641757743405941751047228761936736816266549242588566220013069631136676163831766176244242753056507622083557692015370415490481652872167058469523386049642693021169329681674037889984587030257769485382905299861104198324198289801936223669794965845412152012857 0 0 0 0 0 0 0 0 0 0 0 0 0 0 0 0 1 0 0 0 0 0 0 0 0 0 0 0 0 0 0 0 0 0 0 0 0 0 0 0 0 0 0 0 0 0 0 0 0 0 0 0 0 0 0 0 0 0 0 0 0 0 0 0 0 0 0 0 0 0 0 0 0 0 0 0 0 0 0 0 0 0 0 0 0 0 0 0 0 0 0 0 0]
[1523891761658967684153428517083053978805005926523178674718754149719531129751239374027521891513840439657051436367602380668261534035532157592915714449830736579758541761960925310983984407247084154877735185119489959736768525071370765043820520490906506172036333835503730779505996626203464 0 0 0 0 0 0 0 0 0 0 0 0 0 0 0 0 0 1 0 0 0 0 0 0 0 0 0 0 0 0 0 0 0 0 0 0 0 0 0 0 0 0 0 0 0 0 0 0 0 0 0 0 0 0 0 0 0 0 0 0 0 0 0 0 0 0 0 0 0 0 0 0 0 0 0 0 0 0 0 0 0 0 0 0 0 0 0 0 0 0 0 0 0]
[980720814517628652113578630191761363497049434175002926898921786603977544051982559382460454410262834198076454815769027131682537052013371586017402073121952885709706023830135868677763106453885787160706692321799544590037191698487308152543329657533244410668241450756244553975539102343028 0 0 0 0 0 0 0 0 0 0 0 0 0 0 0 0 0 0 1 0 0 0 0 0 0 0 0 0 0 0 0 0 0 0 0 0 0 0 0 0 0 0 0 0 0 0 0 0 0 0 0 0 0 0 0 0 0 0 0 0 0 0 0 0 0 0 0 0 0 0 0 0 0 0 0 0 0 0 0 0 0 0 0 0 0 0 0 0 0 0 0 0 0]
[5009720796783352154843885201763841364639477071193126494943805512167253764265907783273977744087774188541833817679100840071414347164241620450615299609251172136261317629188996912759394283285874774898277277740934091901892443513086881909236118789732724880896341466572454857319484918008571 0 0 0 0 0 0 0 0 0 0 0 0 0 0 0 0 0 0 0 1 0 0 0 0 0 0 0 0 0 0 0 0 0 0 0 0 0 0 0 0 0 0 0 0 0 0 0 0 0 0 0 0 0 0 0 0 0 0 0 0 0 0 0 0 0 0 0 0 0 0 0 0 0 0 0 0 0 0 0 0 0 0 0 0 0 0 0 0 0 0 0 0 0]
[505670790323720168559096534425873515362327130115618350415201689577612706800572573915627822895281270669584293846985814545162195482893865308185342232213865615651633151238443089981778668293374562614739954949510822715291352136317624436016141265023690856957978066894215968982952075718121 0 0 0 0 0 0 0 0 0 0 0 0 0 0 0 0 0 0 0 0 1 0 0 0 0 0 0 0 0 0 0 0 0 0 0 0 0 0 0 0 0 0 0 0 0 0 0 0 0 0 0 0 0 0 0 0 0 0 0 0 0 0 0 0 0 0 0 0 0 0 0 0 0 0 0 0 0 0 0 0 0 0 0 0 0 0 0 0 0 0 0 0 0]
[4220744205043458464985468315639617833302790674093738959323603847757819741970082125177405744435484959437730083856027334962017905669799575122657092194146467133273225279228872002837795132784046993382332731838549658972951684643036553995492253787574172319591942839372074099143144588349075 0 0 0 0 0 0 0 0 0 0 0 0 0 0 0 0 0 0 0 0 0 1 0 0 0 0 0 0 0 0 0 0 0 0 0 0 0 0 0 0 0 0 0 0 0 0 0 0 0 0 0 0 0 0 0 0 0 0 0 0 0 0 0 0 0 0 0 0 0 0 0 0 0 0 0 0 0 0 0 0 0 0 0 0 0 0 0 0 0 0 0 0 0]
[2498952957105395342335885002065539788523482755327359662728126449613897454776797865354521728060094756666804463704877037170382476901410651805025428195428782744430676922653770825393694970595419428786688675378637263263753893782890992896822288773959159270497922920737602385353417045238566 0 0 0 0 0 0 0 0 0 0 0 0 0 0 0 0 0 0 0 0 0 0 1 0 0 0 0 0 0 0 0 0 0 0 0 0 0 0 0 0 0 0 0 0 0 0 0 0 0 0 0 0 0 0 0 0 0 0 0 0 0 0 0 0 0 0 0 0 0 0 0 0 0 0 0 0 0 0 0 0 0 0 0 0 0 0 0 0 0 0 0 0 0]
[1202832893473257782185652237092709688685546935593716894712391919565741679564228966627468522856006076541752963836720056648235998779235978452665562035328393073892069663965019612129787781717343531842855969305594019680018225921357266826050706424565856661521746730985287360885882583472346 0 0 0 0 0 0 0 0 0 0 0 0 0 0 0 0 0 0 0 0 0 0 0 1 0 0 0 0 0 0 0 0 0 0 0 0 0 0 0 0 0 0 0 0 0 0 0 0 0 0 0 0 0 0 0 0 0 0 0 0 0 0 0 0 0 0 0 0 0 0 0 0 0 0 0 0 0 0 0 0 0 0 0 0 0 0 0 0 0 0 0 0 0]
[6889982055429552228577346852662029637443005527648207830165530329849424282988217466811133550615022374440667233199149957298470727008127503837799065732954098887368824195233204221623176646465593172125336622372593254952263624724968863268247926719306921460247090376068813588038836264536726 0 0 0 0 0 0 0 0 0 0 0 0 0 0 0 0 0 0 0 0 0 0 0 0 1 0 0 0 0 0 0 0 0 0 0 0 0 0 0 0 0 0 0 0 0 0 0 0 0 0 0 0 0 0 0 0 0 0 0 0 0 0 0 0 0 0 0 0 0 0 0 0 0 0 0 0 0 0 0 0 0 0 0 0 0 0 0 0 0 0 0 0 0]
[194316572351705523008166355897745300559805970087200067178638971151063677562855273329532758618358592690981726618282860090194992937697269568968458071795229439967989611324373682019400831217298056447987129296777473443734787262381660444320877150587348535565489592091305424385528139880336 0 0 0 0 0 0 0 0 0 0 0 0 0 0 0 0 0 0 0 0 0 0 0 0 0 1 0 0 0 0 0 0 0 0 0 0 0 0 0 0 0 0 0 0 0 0 0 0 0 0 0 0 0 0 0 0 0 0 0 0 0 0 0 0 0 0 0 0 0 0 0 0 0 0 0 0 0 0 0 0 0 0 0 0 0 0 0 0 0 0 0 0 0]
[1953365724629483197899113785635508145501521394075599989369753807803907832292302125673564316253559588012399555908280199679397515426508982490913206270245611173684644067228282103781915484601615361957932563466237410828795365041998959776477929172909042251905776620440506166730186046466272 0 0 0 0 0 0 0 0 0 0 0 0 0 0 0 0 0 0 0 0 0 0 0 0 0 0 1 0 0 0 0 0 0 0 0 0 0 0 0 0 0 0 0 0 0 0 0 0 0 0 0 0 0 0 0 0 0 0 0 0 0 0 0 0 0 0 0 0 0 0 0 0 0 0 0 0 0 0 0 0 0 0 0 0 0 0 0 0 0 0 0 0 0]
[8000131533626740224707644223241585845125506408645117868667661367535312233128130075686223683854233067869597732473663413576184540621604219305470849134727938298223244106042266421193816703647073840403773891284066027081187365266789088865344825975027131148182110689449694929027057300603941 0 0 0 0 0 0 0 0 0 0 0 0 0 0 0 0 0 0 0 0 0 0 0 0 0 0 0 1 0 0 0 0 0 0 0 0 0 0 0 0 0 0 0 0 0 0 0 0 0 0 0 0 0 0 0 0 0 0 0 0 0 0 0 0 0 0 0 0 0 0 0 0 0 0 0 0 0 0 0 0 0 0 0 0 0 0 0 0 0 0 0 0 0]
[4224054428533104137659384337157662595868909234703232255341078232806200265413311655498246641354643558779724318526715523386811729529572343155335254556014811023002708669645198877209231178889699078368209792361131880133267096150595092450374390318555632693181564630895468942683704680114075 0 0 0 0 0 0 0 0 0 0 0 0 0 0 0 0 0 0 0 0 0 0 0 0 0 0 0 0 1 0 0 0 0 0 0 0 0 0 0 0 0 0 0 0 0 0 0 0 0 0 0 0 0 0 0 0 0 0 0 0 0 0 0 0 0 0 0 0 0 0 0 0 0 0 0 0 0 0 0 0 0 0 0 0 0 0 0 0 0 0 0 0 0]
[3746362196139101971672224286168160633297030206642442778137360784933221262066061149373835981189213735135414164824736542503941245348165059709451751084337610612433045017877090944825769086529980421579069861887987605676577159609568745313200916461105049885505302118491495746637608501756528 0 0 0 0 0 0 0 0 0 0 0 0 0 0 0 0 0 0 0 0 0 0 0 0 0 0 0 0 0 1 0 0 0 0 0 0 0 0 0 0 0 0 0 0 0 0 0 0 0 0 0 0 0 0 0 0 0 0 0 0 0 0 0 0 0 0 0 0 0 0 0 0 0 0 0 0 0 0 0 0 0 0 0 0 0 0 0 0 0 0 0 0 0]
[991548287107686020824815359685436159911326263508766364003485076303748201183154944277773061915776698884666767585728491975747978170916241805000607040957208997712420312210098856627120014596950969259687185884405720508281621937470093612016299637226169683181063919684375767805496642120087 0 0 0 0 0 0 0 0 0 0 0 0 0 0 0 0 0 0 0 0 0 0 0 0 0 0 0 0 0 0 1 0 0 0 0 0 0 0 0 0 0 0 0 0 0 0 0 0 0 0 0 0 0 0 0 0 0 0 0 0 0 0 0 0 0 0 0 0 0 0 0 0 0 0 0 0 0 0 0 0 0 0 0 0 0 0 0 0 0 0 0 0 0]
[6305332754617123200987992915736370533334270367035956231487747781781709346371904061483379784302442221303032021133656410376408462580716075677784286040878758447938252993465565378363965236452107735945705413156467016202831597874992276068781237287326351033444542666242582941832292110322260 0 0 0 0 0 0 0 0 0 0 0 0 0 0 0 0 0 0 0 0 0 0 0 0 0 0 0 0 0 0 0 1 0 0 0 0 0 0 0 0 0 0 0 0 0 0 0 0 0 0 0 0 0 0 0 0 0 0 0 0 0 0 0 0 0 0 0 0 0 0 0 0 0 0 0 0 0 0 0 0 0 0 0 0 0 0 0 0 0 0 0 0 0]
[1693474772019011405645902963884538754033670792533643324045689097225787440038630770461687252969165825872143751464660340234683701535624749184945190322987167638259511838023567933316866367484083881677652361823609385271162519790800563423040056314349652095835262995520591547020940218943674 0 0 0 0 0 0 0 0 0 0 0 0 0 0 0 0 0 0 0 0 0 0 0 0 0 0 0 0 0 0 0 0 1 0 0 0 0 0 0 0 0 0 0 0 0 0 0 0 0 0 0 0 0 0 0 0 0 0 0 0 0 0 0 0 0 0 0 0 0 0 0 0 0 0 0 0 0 0 0 0 0 0 0 0 0 0 0 0 0 0 0 0 0]
[7320446017472014001745151311469578451742904885495985776343056289091095279661152295916994770259462311167211822892363428731930565704034249997388629795734189295500260788693111108184689909083414673679169093901550356499599580822190728924617476307432742949085843302312484382861244062296787 0 0 0 0 0 0 0 0 0 0 0 0 0 0 0 0 0 0 0 0 0 0 0 0 0 0 0 0 0 0 0 0 0 1 0 0 0 0 0 0 0 0 0 0 0 0 0 0 0 0 0 0 0 0 0 0 0 0 0 0 0 0 0 0 0 0 0 0 0 0 0 0 0 0 0 0 0 0 0 0 0 0 0 0 0 0 0 0 0 0 0 0 0]
[6120052088347425149901139001668759694055606027860117748240573383086104791003604522679251477763512415793913887942372801770501475148874652161171944814048992218094377950768793394348905750760413223794677632104505640219005791677283353037165356046891363321166297750748772879247018101343724 0 0 0 0 0 0 0 0 0 0 0 0 0 0 0 0 0 0 0 0 0 0 0 0 0 0 0 0 0 0 0 0 0 0 1 0 0 0 0 0 0 0 0 0 0 0 0 0 0 0 0 0 0 0 0 0 0 0 0 0 0 0 0 0 0 0 0 0 0 0 0 0 0 0 0 0 0 0 0 0 0 0 0 0 0 0 0 0 0 0 0 0 0]
[363195635983997005091865478333655281812281932108848149160775672184326336237296570810388936966460800519263939774629322131481015469288451700655111254831792163831044374706109444424326789732414447080321699900219918281560072113565630461910007378668782136382735725681375009406518286764796 0 0 0 0 0 0 0 0 0 0 0 0 0 0 0 0 0 0 0 0 0 0 0 0 0 0 0 0 0 0 0 0 0 0 0 1 0 0 0 0 0 0 0 0 0 0 0 0 0 0 0 0 0 0 0 0 0 0 0 0 0 0 0 0 0 0 0 0 0 0 0 0 0 0 0 0 0 0 0 0 0 0 0 0 0 0 0 0 0 0 0 0 0]
[4299530247200568688094002095336114944081648357870895904928369356181490642458219288786827600524600717887920409046511738392550468052626356001207382369087807515584097314578091610040613312139355727466851047617518404618256753352886009189668449625856283599936731450311741988433161565647808 0 0 0 0 0 0 0 0 0 0 0 0 0 0 0 0 0 0 0 0 0 0 0 0 0 0 0 0 0 0 0 0 0 0 0 0 1 0 0 0 0 0 0 0 0 0 0 0 0 0 0 0 0 0 0 0 0 0 0 0 0 0 0 0 0 0 0 0 0 0 0 0 0 0 0 0 0 0 0 0 0 0 0 0 0 0 0 0 0 0 0 0 0]
[6255081221178904030888104800915305156543639993327169302808718297663486007080607930495486830437677282961294749774722341971376690579021295408135087611964345782652680634524798698173025816424087610576633802951344037683058178734075233082026755412406599509773946421474179629770828874370070 0 0 0 0 0 0 0 0 0 0 0 0 0 0 0 0 0 0 0 0 0 0 0 0 0 0 0 0 0 0 0 0 0 0 0 0 0 1 0 0 0 0 0 0 0 0 0 0 0 0 0 0 0 0 0 0 0 0 0 0 0 0 0 0 0 0 0 0 0 0 0 0 0 0 0 0 0 0 0 0 0 0 0 0 0 0 0 0 0 0 0 0 0]
[7999131016128709854078135066735082432533342089827267748220344044269837288859317400540296791399310576358927733057798023504942197474991315667842218053913131526546735397068552137120331994692899525594273679069541262411437746629701510963653691256554982311396446211759073325744315821660927 0 0 0 0 0 0 0 0 0 0 0 0 0 0 0 0 0 0 0 0 0 0 0 0 0 0 0 0 0 0 0 0 0 0 0 0 0 0 1 0 0 0 0 0 0 0 0 0 0 0 0 0 0 0 0 0 0 0 0 0 0 0 0 0 0 0 0 0 0 0 0 0 0 0 0 0 0 0 0 0 0 0 0 0 0 0 0 0 0 0 0 0 0]
[5954918534467125617883169240859775182738253582166024083357826953151177509652361448086672163457043447001278933995675402247672169650339629978431137148223083292370751349807839134110176103882438532399776316200933766948149026347781140630172121447594560189714958262860234359612537830608819 0 0 0 0 0 0 0 0 0 0 0 0 0 0 0 0 0 0 0 0 0 0 0 0 0 0 0 0 0 0 0 0 0 0 0 0 0 0 0 1 0 0 0 0 0 0 0 0 0 0 0 0 0 0 0 0 0 0 0 0 0 0 0 0 0 0 0 0 0 0 0 0 0 0 0 0 0 0 0 0 0 0 0 0 0 0 0 0 0 0 0 0 0]
[2732852544076369449925799954529458957921858865268208703260830959652562827475750890649777303538122252051438849857614894792742054366976840951391121218374597271016262565774315248715952314120709075147170792907955893636955603647455075788848627487163642578580253779859719810874591938441431 0 0 0 0 0 0 0 0 0 0 0 0 0 0 0 0 0 0 0 0 0 0 0 0 0 0 0 0 0 0 0 0 0 0 0 0 0 0 0 0 1 0 0 0 0 0 0 0 0 0 0 0 0 0 0 0 0 0 0 0 0 0 0 0 0 0 0 0 0 0 0 0 0 0 0 0 0 0 0 0 0 0 0 0 0 0 0 0 0 0 0 0 0]
[41751363614816286245803118908089813796252567268137894162997058357511670924312145196986397547502130795193658627815045045043007492462987035306348483736819653829315637590571233597462664301374832702354965055147389681491084302485895522317646333075527229198417834006680809112653449483888 0 0 0 0 0 0 0 0 0 0 0 0 0 0 0 0 0 0 0 0 0 0 0 0 0 0 0 0 0 0 0 0 0 0 0 0 0 0 0 0 0 1 0 0 0 0 0 0 0 0 0 0 0 0 0 0 0 0 0 0 0 0 0 0 0 0 0 0 0 0 0 0 0 0 0 0 0 0 0 0 0 0 0 0 0 0 0 0 0 0 0 0 0]
[4254545274349764721966279617991410355181322375554908857290201779174100558638568523572010241359376295810427528132753430244511757202072361935480765880535889585219022587359506554386973928941390071451415482995778497195771635911378190256838654356298397480191991118342359744200338500134795 0 0 0 0 0 0 0 0 0 0 0 0 0 0 0 0 0 0 0 0 0 0 0 0 0 0 0 0 0 0 0 0 0 0 0 0 0 0 0 0 0 0 1 0 0 0 0 0 0 0 0 0 0 0 0 0 0 0 0 0 0 0 0 0 0 0 0 0 0 0 0 0 0 0 0 0 0 0 0 0 0 0 0 0 0 0 0 0 0 0 0 0 0]
[5553977762073996801933229329889504846719573766114735756633949371540089639264259867949555137107010129957383708614513506935593116143593572785837845728115251048044972763269577519862500000565626666420668714386834146076166140958548713602517612742727164680037444185790425599866003877398163 0 0 0 0 0 0 0 0 0 0 0 0 0 0 0 0 0 0 0 0 0 0 0 0 0 0 0 0 0 0 0 0 0 0 0 0 0 0 0 0 0 0 0 1 0 0 0 0 0 0 0 0 0 0 0 0 0 0 0 0 0 0 0 0 0 0 0 0 0 0 0 0 0 0 0 0 0 0 0 0 0 0 0 0 0 0 0 0 0 0 0 0 0]
[5437260025395732501685658652998489869939805986309274605897693951211564912153443644091601021330702695153563843031808879610785342698464913977461700025871167603626380056473028183378424411847613267736844952826825564481989911535227233703492781565333987652144202109263169659919439684815282 0 0 0 0 0 0 0 0 0 0 0 0 0 0 0 0 0 0 0 0 0 0 0 0 0 0 0 0 0 0 0 0 0 0 0 0 0 0 0 0 0 0 0 0 1 0 0 0 0 0 0 0 0 0 0 0 0 0 0 0 0 0 0 0 0 0 0 0 0 0 0 0 0 0 0 0 0 0 0 0 0 0 0 0 0 0 0 0 0 0 0 0 0]
[3181819167317962680614651516557652316429817302282829531505932191172642515556912436096390770371471909699492858555035172058618487180768502410150852535529957843739373792826128745470409586613543606498042465703571253424950288670750822030595185718403743243276709709871043833538158097575795 0 0 0 0 0 0 0 0 0 0 0 0 0 0 0 0 0 0 0 0 0 0 0 0 0 0 0 0 0 0 0 0 0 0 0 0 0 0 0 0 0 0 0 0 0 1 0 0 0 0 0 0 0 0 0 0 0 0 0 0 0 0 0 0 0 0 0 0 0 0 0 0 0 0 0 0 0 0 0 0 0 0 0 0 0 0 0 0 0 0 0 0 0]
[4951454433420372348544319793455067681886377116173212999042517105207392159473913386949556960113014377844788898275477970422060991947946557275611927050545891661090454088923243029535182011730437784835128070168639806468427239005959407484296698083063918001961265725354666569518265049305946 0 0 0 0 0 0 0 0 0 0 0 0 0 0 0 0 0 0 0 0 0 0 0 0 0 0 0 0 0 0 0 0 0 0 0 0 0 0 0 0 0 0 0 0 0 0 1 0 0 0 0 0 0 0 0 0 0 0 0 0 0 0 0 0 0 0 0 0 0 0 0 0 0 0 0 0 0 0 0 0 0 0 0 0 0 0 0 0 0 0 0 0 0]
[5381843224529535812365459852175088329088653269485526331490013098577929624821504106017472019813256271222917191960072613270009917040191057183404816587301062693691029417947683935908874819504662916488446033426728018050703910713381031132496174698054604441206950640416555358812258702683902 0 0 0 0 0 0 0 0 0 0 0 0 0 0 0 0 0 0 0 0 0 0 0 0 0 0 0 0 0 0 0 0 0 0 0 0 0 0 0 0 0 0 0 0 0 0 0 1 0 0 0 0 0 0 0 0 0 0 0 0 0 0 0 0 0 0 0 0 0 0 0 0 0 0 0 0 0 0 0 0 0 0 0 0 0 0 0 0 0 0 0 0 0]
[1909646978581330568875877400214977046359616828124165491961867068665035124251591337427838574318413436168218886501336723569470579085557558231854044983711115354983569888472045465710109585283666660242410668505188348535064608444239093425573418606901717598813262437691087552252666831844778 0 0 0 0 0 0 0 0 0 0 0 0 0 0 0 0 0 0 0 0 0 0 0 0 0 0 0 0 0 0 0 0 0 0 0 0 0 0 0 0 0 0 0 0 0 0 0 0 1 0 0 0 0 0 0 0 0 0 0 0 0 0 0 0 0 0 0 0 0 0 0 0 0 0 0 0 0 0 0 0 0 0 0 0 0 0 0 0 0 0 0 0 0]
[4328431941337423605967340977011251719906466985642130340169867263189088107635243282121930000631701679119761152687043342767687122366199323831900405966980493703154911865960466869236993252375282768966051645179218606432613333580574424516032225402085156852445431278054097949104542038470031 0 0 0 0 0 0 0 0 0 0 0 0 0 0 0 0 0 0 0 0 0 0 0 0 0 0 0 0 0 0 0 0 0 0 0 0 0 0 0 0 0 0 0 0 0 0 0 0 0 1 0 0 0 0 0 0 0 0 0 0 0 0 0 0 0 0 0 0 0 0 0 0 0 0 0 0 0 0 0 0 0 0 0 0 0 0 0 0 0 0 0 0 0]
[2521892841592855169817892466903356414952317890923941722618984115648765243772160315818918522873555867098161645914215033367367937653461624289140422797388495658262330124654151420024322296547043123801703016711987637865772942161023236848424116413599889738336265462098703360362029577357696 0 0 0 0 0 0 0 0 0 0 0 0 0 0 0 0 0 0 0 0 0 0 0 0 0 0 0 0 0 0 0 0 0 0 0 0 0 0 0 0 0 0 0 0 0 0 0 0 0 0 1 0 0 0 0 0 0 0 0 0 0 0 0 0 0 0 0 0 0 0 0 0 0 0 0 0 0 0 0 0 0 0 0 0 0 0 0 0 0 0 0 0 0]
[6255697244085497125493269470527032975877275009445745351499191347967612068134308490541130379549278386423821473309864847573272447824681978606560021179045066514786498495368362775351403487668465790948812625060738672716623647519623616395652122160816789222061182489839015167679488397742748 0 0 0 0 0 0 0 0 0 0 0 0 0 0 0 0 0 0 0 0 0 0 0 0 0 0 0 0 0 0 0 0 0 0 0 0 0 0 0 0 0 0 0 0 0 0 0 0 0 0 0 1 0 0 0 0 0 0 0 0 0 0 0 0 0 0 0 0 0 0 0 0 0 0 0 0 0 0 0 0 0 0 0 0 0 0 0 0 0 0 0 0 0]
[2398281582050108112613592383019404191282970120808083220170852520802737060542805338023923809018563444737812165685454912561550406539122463006229155922784669984457630267445780295585582090079475872710514882782010810914373659738057743099727405544759848121190837533068307904070140966513074 0 0 0 0 0 0 0 0 0 0 0 0 0 0 0 0 0 0 0 0 0 0 0 0 0 0 0 0 0 0 0 0 0 0 0 0 0 0 0 0 0 0 0 0 0 0 0 0 0 0 0 0 1 0 0 0 0 0 0 0 0 0 0 0 0 0 0 0 0 0 0 0 0 0 0 0 0 0 0 0 0 0 0 0 0 0 0 0 0 0 0 0 0]
[2090711642369513321088765349587229317010789146781138080043622125173342415022594674219753164865143732811399380814054611741793596152187021082925897865808662058153405429368705098427975425813511170811368945296961253374956161380238623755822475429126238798016555878136942742918484037703186 0 0 0 0 0 0 0 0 0 0 0 0 0 0 0 0 0 0 0 0 0 0 0 0 0 0 0 0 0 0 0 0 0 0 0 0 0 0 0 0 0 0 0 0 0 0 0 0 0 0 0 0 0 1 0 0 0 0 0 0 0 0 0 0 0 0 0 0 0 0 0 0 0 0 0 0 0 0 0 0 0 0 0 0 0 0 0 0 0 0 0 0 0]
[8460327969789758224497005243249175669285059692529127258939131442895839477017932445811676471773172764008912020058014206168158036437597511821802908629756566983533551626869361206373943042787907276872263959629271884172059675137637448598306925619898988245122526139303495394245613738387631 0 0 0 0 0 0 0 0 0 0 0 0 0 0 0 0 0 0 0 0 0 0 0 0 0 0 0 0 0 0 0 0 0 0 0 0 0 0 0 0 0 0 0 0 0 0 0 0 0 0 0 0 0 0 1 0 0 0 0 0 0 0 0 0 0 0 0 0 0 0 0 0 0 0 0 0 0 0 0 0 0 0 0 0 0 0 0 0 0 0 0 0 0]
[6267836367654990067789301652570167157125793737325058563796568429266113759112086591244301712161086876955111950138439937839764546101960188478795812477755141525265740759667506058230754783154776304408417354053616495113371689561266237844238411070679415808046401738104438368407449183923773 0 0 0 0 0 0 0 0 0 0 0 0 0 0 0 0 0 0 0 0 0 0 0 0 0 0 0 0 0 0 0 0 0 0 0 0 0 0 0 0 0 0 0 0 0 0 0 0 0 0 0 0 0 0 0 1 0 0 0 0 0 0 0 0 0 0 0 0 0 0 0 0 0 0 0 0 0 0 0 0 0 0 0 0 0 0 0 0 0 0 0 0 0]
[6271144395390356709679481653238522206605689321255984967434013985338747130301115806214724971574527681498436384196340073682448222847031743080605179151259733503217181594537630701302553655779316929449569309348574181819132825033868416577227261547126805286305766126777486394860478312165917 0 0 0 0 0 0 0 0 0 0 0 0 0 0 0 0 0 0 0 0 0 0 0 0 0 0 0 0 0 0 0 0 0 0 0 0 0 0 0 0 0 0 0 0 0 0 0 0 0 0 0 0 0 0 0 0 1 0 0 0 0 0 0 0 0 0 0 0 0 0 0 0 0 0 0 0 0 0 0 0 0 0 0 0 0 0 0 0 0 0 0 0 0]
[4985146465692072942722228083703086216156234544054485849540500309258079675660978509129402407191570190913145040818665527754281308063238921634016644875984538084279209477016828722445296392297667052482547984556301868688843993330981714484487138862394170078214108530758446413278238968639306 0 0 0 0 0 0 0 0 0 0 0 0 0 0 0 0 0 0 0 0 0 0 0 0 0 0 0 0 0 0 0 0 0 0 0 0 0 0 0 0 0 0 0 0 0 0 0 0 0 0 0 0 0 0 0 0 0 1 0 0 0 0 0 0 0 0 0 0 0 0 0 0 0 0 0 0 0 0 0 0 0 0 0 0 0 0 0 0 0 0 0 0 0]
[278900060453774231175409428001838887488812733912674245535080636741960784264773015545773077366978890132321041311177881607402676447791021921294763569978499700359243336447641312058285589635686054756075719103605458949593463043169125682988843596472772004383166126049157487581074528679916 0 0 0 0 0 0 0 0 0 0 0 0 0 0 0 0 0 0 0 0 0 0 0 0 0 0 0 0 0 0 0 0 0 0 0 0 0 0 0 0 0 0 0 0 0 0 0 0 0 0 0 0 0 0 0 0 0 0 1 0 0 0 0 0 0 0 0 0 0 0 0 0 0 0 0 0 0 0 0 0 0 0 0 0 0 0 0 0 0 0 0 0 0]
[1265539534434028277745917996788230949758565803380855826738342449050636337984414851788251002996792184436507288605193637433149829388421850575617556714480097185933201255584535312328563266751841783194864823829728240728339343087354297147267381298280003266700452873582763639219197543397959 0 0 0 0 0 0 0 0 0 0 0 0 0 0 0 0 0 0 0 0 0 0 0 0 0 0 0 0 0 0 0 0 0 0 0 0 0 0 0 0 0 0 0 0 0 0 0 0 0 0 0 0 0 0 0 0 0 0 0 1 0 0 0 0 0 0 0 0 0 0 0 0 0 0 0 0 0 0 0 0 0 0 0 0 0 0 0 0 0 0 0 0 0]
[447495898236406891698350979632529303104175847972805657284290776939942655350947610701256296078195809962403108737765542701837772544262990684737747826584190242357620601653546169966906569156392963657915373430785313817123386023554722754761229652823033462618863150438535385209991845007151 0 0 0 0 0 0 0 0 0 0 0 0 0 0 0 0 0 0 0 0 0 0 0 0 0 0 0 0 0 0 0 0 0 0 0 0 0 0 0 0 0 0 0 0 0 0 0 0 0 0 0 0 0 0 0 0 0 0 0 0 1 0 0 0 0 0 0 0 0 0 0 0 0 0 0 0 0 0 0 0 0 0 0 0 0 0 0 0 0 0 0 0 0]
[4353303813840422894269645003643278140463048497374525496735836951986954218230835387824353845668456831050497913214524378200958332078378965494902213947690753295911679846014036123439014306586220974736799348278940086476434898017294427532145907458960534198595047958455585860951232456681629 0 0 0 0 0 0 0 0 0 0 0 0 0 0 0 0 0 0 0 0 0 0 0 0 0 0 0 0 0 0 0 0 0 0 0 0 0 0 0 0 0 0 0 0 0 0 0 0 0 0 0 0 0 0 0 0 0 0 0 0 0 1 0 0 0 0 0 0 0 0 0 0 0 0 0 0 0 0 0 0 0 0 0 0 0 0 0 0 0 0 0 0 0]
[5181677191194860191599653432903363815075267925441003773804647710520442822051311133552472884473026370194337925441008018631452448407975112677265485195056522119492724925789489800043400608444707169304361331862926141432741339796028187375841375405781628862732989584056296954615352634875908 0 0 0 0 0 0 0 0 0 0 0 0 0 0 0 0 0 0 0 0 0 0 0 0 0 0 0 0 0 0 0 0 0 0 0 0 0 0 0 0 0 0 0 0 0 0 0 0 0 0 0 0 0 0 0 0 0 0 0 0 0 0 1 0 0 0 0 0 0 0 0 0 0 0 0 0 0 0 0 0 0 0 0 0 0 0 0 0 0 0 0 0 0]
[2284068160300852303707458406059670464055866960630191387891766339561184510226001053727188049995303743088903040696074325226162808187788488077316663488210721189466325779974826864350734611976644019604733755466205914795192601387654526206083131802429779177943335311648323363711256485035850 0 0 0 0 0 0 0 0 0 0 0 0 0 0 0 0 0 0 0 0 0 0 0 0 0 0 0 0 0 0 0 0 0 0 0 0 0 0 0 0 0 0 0 0 0 0 0 0 0 0 0 0 0 0 0 0 0 0 0 0 0 0 0 1 0 0 0 0 0 0 0 0 0 0 0 0 0 0 0 0 0 0 0 0 0 0 0 0 0 0 0 0 0]
[6259386287811447999103886496865113211632390749762273981908454939562870466441650074549375714296051612051183379280055565109889341186105355590085294689955175688695040687758469515052252087346355856768074412192449005481046262325269666818114199222612484696950324322171092672745225993497888 0 0 0 0 0 0 0 0 0 0 0 0 0 0 0 0 0 0 0 0 0 0 0 0 0 0 0 0 0 0 0 0 0 0 0 0 0 0 0 0 0 0 0 0 0 0 0 0 0 0 0 0 0 0 0 0 0 0 0 0 0 0 0 0 1 0 0 0 0 0 0 0 0 0 0 0 0 0 0 0 0 0 0 0 0 0 0 0 0 0 0 0 0]
[6128629455298452628787422155120483017206288564259302594830287214416258992123583302621455414762762086325259494624673593371436225671433366290678650701202950260033061939767501672076465906149898885064230248743456693012383710440478611787784072096851396052850491706881189822996208548263646 0 0 0 0 0 0 0 0 0 0 0 0 0 0 0 0 0 0 0 0 0 0 0 0 0 0 0 0 0 0 0 0 0 0 0 0 0 0 0 0 0 0 0 0 0 0 0 0 0 0 0 0 0 0 0 0 0 0 0 0 0 0 0 0 0 1 0 0 0 0 0 0 0 0 0 0 0 0 0 0 0 0 0 0 0 0 0 0 0 0 0 0 0]
[12762612035669266859705430928324945186611517864669332504972852205662132637006872958840956365250512779660497999843822009441966003160194981462862521892490158082065549793352887427879322214810444326519413594638899012827203631962574207341528303605217039355774538330447846782938393867866 0 0 0 0 0 0 0 0 0 0 0 0 0 0 0 0 0 0 0 0 0 0 0 0 0 0 0 0 0 0 0 0 0 0 0 0 0 0 0 0 0 0 0 0 0 0 0 0 0 0 0 0 0 0 0 0 0 0 0 0 0 0 0 0 0 0 1 0 0 0 0 0 0 0 0 0 0 0 0 0 0 0 0 0 0 0 0 0 0 0 0 0 0]
[8432021450680284441049395572981531245894736132912878704229239932830224140077881517710545718147759179838747332459321608254758260396820928153198113784820579788953741634692778384634513204161195360460142923664254093027491325308585097288159148540193822782909182234154449105469135458928442 0 0 0 0 0 0 0 0 0 0 0 0 0 0 0 0 0 0 0 0 0 0 0 0 0 0 0 0 0 0 0 0 0 0 0 0 0 0 0 0 0 0 0 0 0 0 0 0 0 0 0 0 0 0 0 0 0 0 0 0 0 0 0 0 0 0 0 1 0 0 0 0 0 0 0 0 0 0 0 0 0 0 0 0 0 0 0 0 0 0 0 0 0]
[5788475422083162162791397541140925242568276955292663417898105779148305064842958631517287498132857149292906248258665866400947027863775337239172477982826082972539568521500366848924921126036668175077415674288430726561844491289327091644857497910551135139819676261312446257194704656364921 0 0 0 0 0 0 0 0 0 0 0 0 0 0 0 0 0 0 0 0 0 0 0 0 0 0 0 0 0 0 0 0 0 0 0 0 0 0 0 0 0 0 0 0 0 0 0 0 0 0 0 0 0 0 0 0 0 0 0 0 0 0 0 0 0 0 0 0 1 0 0 0 0 0 0 0 0 0 0 0 0 0 0 0 0 0 0 0 0 0 0 0 0]
[8076852656229329108544462039476763047806250288811455440024947910117245081342500360148051623569586799490684468805794391712291521418170199726751788823679707468913944829631003625888409230090825854598926745545443934564441016489382912110720000586085783973242267290503716661543605992362789 0 0 0 0 0 0 0 0 0 0 0 0 0 0 0 0 0 0 0 0 0 0 0 0 0 0 0 0 0 0 0 0 0 0 0 0 0 0 0 0 0 0 0 0 0 0 0 0 0 0 0 0 0 0 0 0 0 0 0 0 0 0 0 0 0 0 0 0 0 1 0 0 0 0 0 0 0 0 0 0 0 0 0 0 0 0 0 0 0 0 0 0 0]
[8201494869469618366248431263804106215148256187760101795547846094301110364749629364965304242190894079987983395128129148620778979968945609643486879826589294696497449837804451438270131108011675834703041431582900493088288191235765432991614871882962918690003094111195383208163619297775046 0 0 0 0 0 0 0 0 0 0 0 0 0 0 0 0 0 0 0 0 0 0 0 0 0 0 0 0 0 0 0 0 0 0 0 0 0 0 0 0 0 0 0 0 0 0 0 0 0 0 0 0 0 0 0 0 0 0 0 0 0 0 0 0 0 0 0 0 0 0 1 0 0 0 0 0 0 0 0 0 0 0 0 0 0 0 0 0 0 0 0 0 0]
[7163314522711306755502774705373858342697586937602559495513088348079074800837326480127524835363008852471972505793050414335837879396273560139094991407744261883607693143876269645558537023731005897202169043933559516108639316170078728310250712624094692521655806763997041870284602960846950 0 0 0 0 0 0 0 0 0 0 0 0 0 0 0 0 0 0 0 0 0 0 0 0 0 0 0 0 0 0 0 0 0 0 0 0 0 0 0 0 0 0 0 0 0 0 0 0 0 0 0 0 0 0 0 0 0 0 0 0 0 0 0 0 0 0 0 0 0 0 0 1 0 0 0 0 0 0 0 0 0 0 0 0 0 0 0 0 0 0 0 0 0]
[751206221084856356616015181124193988903709307111983868787809961550331069206804976878613377188243691549122464624871502186764370628810619446969147844710269070217732427344365075039093937397489626282379233377782880447652773446868349303451042032844665889436097335380371591485765094957104 0 0 0 0 0 0 0 0 0 0 0 0 0 0 0 0 0 0 0 0 0 0 0 0 0 0 0 0 0 0 0 0 0 0 0 0 0 0 0 0 0 0 0 0 0 0 0 0 0 0 0 0 0 0 0 0 0 0 0 0 0 0 0 0 0 0 0 0 0 0 0 0 1 0 0 0 0 0 0 0 0 0 0 0 0 0 0 0 0 0 0 0 0]
[4491796274332208698684415368488182010328217540840877584320669846041686198661121047312077322601438481426601717812536982271330578271179181891881436089129600756571784833589627789869407270797979992354523694423739963338762046784443011432899668903181485862365979749565816130828010528463844 0 0 0 0 0 0 0 0 0 0 0 0 0 0 0 0 0 0 0 0 0 0 0 0 0 0 0 0 0 0 0 0 0 0 0 0 0 0 0 0 0 0 0 0 0 0 0 0 0 0 0 0 0 0 0 0 0 0 0 0 0 0 0 0 0 0 0 0 0 0 0 0 0 1 0 0 0 0 0 0 0 0 0 0 0 0 0 0 0 0 0 0 0]
[470830088170583217983079819528494236923373791860638406476630004963873288265790274190326767344960805469741631420158788267716895358111637004533312979997958465653168783418378459917169580620809699233131626316060783355044022714833010093090762336368542493455965225274690029129674855775041 0 0 0 0 0 0 0 0 0 0 0 0 0 0 0 0 0 0 0 0 0 0 0 0 0 0 0 0 0 0 0 0 0 0 0 0 0 0 0 0 0 0 0 0 0 0 0 0 0 0 0 0 0 0 0 0 0 0 0 0 0 0 0 0 0 0 0 0 0 0 0 0 0 0 1 0 0 0 0 0 0 0 0 0 0 0 0 0 0 0 0 0 0]
[3508508619508498987096020615644830818207707726831917261710031258143008494657039294453817475761449388537177071368493638795358236404246172429711382205987887202776790180948935168486462258774116946088520448978140770108781280003187411978373414918259395490642510036173865661772460202319784 0 0 0 0 0 0 0 0 0 0 0 0 0 0 0 0 0 0 0 0 0 0 0 0 0 0 0 0 0 0 0 0 0 0 0 0 0 0 0 0 0 0 0 0 0 0 0 0 0 0 0 0 0 0 0 0 0 0 0 0 0 0 0 0 0 0 0 0 0 0 0 0 0 0 0 1 0 0 0 0 0 0 0 0 0 0 0 0 0 0 0 0 0]
[642409060217513552541135346498545727357582519854291611233187564757697345061386713359168176790557956527078404649510819178253159272536287343213455227645266320639412158964450119219802696540404351657779741783958825367755135583668160780902152540833150695371808722863170120450447510024541 0 0 0 0 0 0 0 0 0 0 0 0 0 0 0 0 0 0 0 0 0 0 0 0 0 0 0 0 0 0 0 0 0 0 0 0 0 0 0 0 0 0 0 0 0 0 0 0 0 0 0 0 0 0 0 0 0 0 0 0 0 0 0 0 0 0 0 0 0 0 0 0 0 0 0 0 1 0 0 0 0 0 0 0 0 0 0 0 0 0 0 0 0]
[804343122026099040455179162548368922396750250833374254209076341945628554626239086717455325056166710544931722333238052952398371102137584468747734638821840749853819842316966462984921137048331969319147480823250713532769532219194575471859091271657830180063220485869786216872744414955512 0 0 0 0 0 0 0 0 0 0 0 0 0 0 0 0 0 0 0 0 0 0 0 0 0 0 0 0 0 0 0 0 0 0 0 0 0 0 0 0 0 0 0 0 0 0 0 0 0 0 0 0 0 0 0 0 0 0 0 0 0 0 0 0 0 0 0 0 0 0 0 0 0 0 0 0 0 1 0 0 0 0 0 0 0 0 0 0 0 0 0 0 0]
[4910637161830655072991551610304227679697459032756004153529865696854245348106313249311507704037312882626356084483542287080290475051040545823363786972509194286538582262040787476396704906826696141690627614510742536397890246721252358311852901540457023853705944821918459073024353591201059 0 0 0 0 0 0 0 0 0 0 0 0 0 0 0 0 0 0 0 0 0 0 0 0 0 0 0 0 0 0 0 0 0 0 0 0 0 0 0 0 0 0 0 0 0 0 0 0 0 0 0 0 0 0 0 0 0 0 0 0 0 0 0 0 0 0 0 0 0 0 0 0 0 0 0 0 0 0 1 0 0 0 0 0 0 0 0 0 0 0 0 0 0]
[1327850419515613082451217105810171482372444182522091959387450564257718164397304402126066000981517502169329800644383738595599587972704638956793214722091706815889743614756776119396276048985313082725419096818897092132992174181615719621484522788573369975413618241969382662427159765953527 0 0 0 0 0 0 0 0 0 0 0 0 0 0 0 0 0 0 0 0 0 0 0 0 0 0 0 0 0 0 0 0 0 0 0 0 0 0 0 0 0 0 0 0 0 0 0 0 0 0 0 0 0 0 0 0 0 0 0 0 0 0 0 0 0 0 0 0 0 0 0 0 0 0 0 0 0 0 0 1 0 0 0 0 0 0 0 0 0 0 0 0 0]
[3488529215577741284108831299494616533223493474802604657105580348841828052762011202762274655438242736617410056467497947641308003073766027581576000164353430326939656602690307828282162725980897305888195750384002144187317890161375977358337912721871279713120812097679931403405142166890822 0 0 0 0 0 0 0 0 0 0 0 0 0 0 0 0 0 0 0 0 0 0 0 0 0 0 0 0 0 0 0 0 0 0 0 0 0 0 0 0 0 0 0 0 0 0 0 0 0 0 0 0 0 0 0 0 0 0 0 0 0 0 0 0 0 0 0 0 0 0 0 0 0 0 0 0 0 0 0 0 1 0 0 0 0 0 0 0 0 0 0 0 0]
[8410417540284404689874631823535507798365043810513463550719047976974475395092722887578869108490105497346924323512036392829970638662797821400681330453529007978153221673662004644060931319419336687001037849760569535975426043103229257135356112356368349960463968585682274153260501635314568 0 0 0 0 0 0 0 0 0 0 0 0 0 0 0 0 0 0 0 0 0 0 0 0 0 0 0 0 0 0 0 0 0 0 0 0 0 0 0 0 0 0 0 0 0 0 0 0 0 0 0 0 0 0 0 0 0 0 0 0 0 0 0 0 0 0 0 0 0 0 0 0 0 0 0 0 0 0 0 0 0 1 0 0 0 0 0 0 0 0 0 0 0]
[401659926572314694485688022638347662991324343744708295489058746016867140265392482067766302664221150891368558442168921035427119765487445777507462115372045782778582236830263014472423268453455222181897011126864431906607813132758130040129877330133258693525622844136424093376839469216135 0 0 0 0 0 0 0 0 0 0 0 0 0 0 0 0 0 0 0 0 0 0 0 0 0 0 0 0 0 0 0 0 0 0 0 0 0 0 0 0 0 0 0 0 0 0 0 0 0 0 0 0 0 0 0 0 0 0 0 0 0 0 0 0 0 0 0 0 0 0 0 0 0 0 0 0 0 0 0 0 0 0 1 0 0 0 0 0 0 0 0 0 0]
[2821956539733503449517077387799027890390909457718543385511158515938550187290006598841737060196385316222029508395881977358480349253626247020511479931526806416187457579401661383435606634805863529297866304573816693361674456120406991121152840320759763085033684548330509304579697207000745 0 0 0 0 0 0 0 0 0 0 0 0 0 0 0 0 0 0 0 0 0 0 0 0 0 0 0 0 0 0 0 0 0 0 0 0 0 0 0 0 0 0 0 0 0 0 0 0 0 0 0 0 0 0 0 0 0 0 0 0 0 0 0 0 0 0 0 0 0 0 0 0 0 0 0 0 0 0 0 0 0 0 0 1 0 0 0 0 0 0 0 0 0]
[3171655179826520424962834695215795338293638148992155659849405195529901724098799276935478897439157615693707582212738149504414020167301974818364329233518501079559577339860414951446580835579651036102196714850779419893168539241125566785969877263386370097887445011964921534699372486836444 0 0 0 0 0 0 0 0 0 0 0 0 0 0 0 0 0 0 0 0 0 0 0 0 0 0 0 0 0 0 0 0 0 0 0 0 0 0 0 0 0 0 0 0 0 0 0 0 0 0 0 0 0 0 0 0 0 0 0 0 0 0 0 0 0 0 0 0 0 0 0 0 0 0 0 0 0 0 0 0 0 0 0 0 1 0 0 0 0 0 0 0 0]
[4598524525329260049302685558972959702509368725182334385868049943027540568243784388526913033610512308342357624514917926888463712426345547533114655676146410199440159497322022604435273862580866396386426729100430290462442671900714203246342545880305228614590210509494919515247055877992795 0 0 0 0 0 0 0 0 0 0 0 0 0 0 0 0 0 0 0 0 0 0 0 0 0 0 0 0 0 0 0 0 0 0 0 0 0 0 0 0 0 0 0 0 0 0 0 0 0 0 0 0 0 0 0 0 0 0 0 0 0 0 0 0 0 0 0 0 0 0 0 0 0 0 0 0 0 0 0 0 0 0 0 0 0 1 0 0 0 0 0 0 0]
[4786622495618127355264990270500526653081775563685989315036506957093668550638673653728475433574266806031392045966181833488431463370265861461512229976753709274319940217724452123375657382994466340932274307470178194271807522988973905087151542471443856247401428722790884193407484823475861 0 0 0 0 0 0 0 0 0 0 0 0 0 0 0 0 0 0 0 0 0 0 0 0 0 0 0 0 0 0 0 0 0 0 0 0 0 0 0 0 0 0 0 0 0 0 0 0 0 0 0 0 0 0 0 0 0 0 0 0 0 0 0 0 0 0 0 0 0 0 0 0 0 0 0 0 0 0 0 0 0 0 0 0 0 0 1 0 0 0 0 0 0]
[845068029002318557703507492062062087498896052788206812136468674415929987574928494129454240882991573834002282023703694969969626564326455599295625323324926682990357807690421472250366467417340943593319972389181238597801803520008314886587245296283366111747993867906712695666898215609640 0 0 0 0 0 0 0 0 0 0 0 0 0 0 0 0 0 0 0 0 0 0 0 0 0 0 0 0 0 0 0 0 0 0 0 0 0 0 0 0 0 0 0 0 0 0 0 0 0 0 0 0 0 0 0 0 0 0 0 0 0 0 0 0 0 0 0 0 0 0 0 0 0 0 0 0 0 0 0 0 0 0 0 0 0 0 0 1 0 0 0 0 0]
[236085489612573843203438645796703546728260247535629430241718145327327301750338752124852243188122275108398264014848822068976040921684093258041653430610669331132889977691832541926833380954028932514856968119922068145747949642338297774805882455053809922876997994912612298418763866405548 0 0 0 0 0 0 0 0 0 0 0 0 0 0 0 0 0 0 0 0 0 0 0 0 0 0 0 0 0 0 0 0 0 0 0 0 0 0 0 0 0 0 0 0 0 0 0 0 0 0 0 0 0 0 0 0 0 0 0 0 0 0 0 0 0 0 0 0 0 0 0 0 0 0 0 0 0 0 0 0 0 0 0 0 0 0 0 0 1 0 0 0 0]
[7429596506927944650351440274695854061982821010637442763455864401891120080207468733811688009372938346787794285177143410351778154332404144858627910567858365162172680368276806891915746260774444788915812841629793565207080763063012726413287552728773790521124982086066609976361300581792851 0 0 0 0 0 0 0 0 0 0 0 0 0 0 0 0 0 0 0 0 0 0 0 0 0 0 0 0 0 0 0 0 0 0 0 0 0 0 0 0 0 0 0 0 0 0 0 0 0 0 0 0 0 0 0 0 0 0 0 0 0 0 0 0 0 0 0 0 0 0 0 0 0 0 0 0 0 0 0 0 0 0 0 0 0 0 0 0 0 1 0 0 0]
[4943308807440769956187880579230331083186560964213118186866315555255465959434596166585063424986176991455090664706747862701914304167310867966557414944982726376402605348711502454196283833354873213239928825393316649065525342974777939574086726375214980876173404401355865665050291482325403 0 0 0 0 0 0 0 0 0 0 0 0 0 0 0 0 0 0 0 0 0 0 0 0 0 0 0 0 0 0 0 0 0 0 0 0 0 0 0 0 0 0 0 0 0 0 0 0 0 0 0 0 0 0 0 0 0 0 0 0 0 0 0 0 0 0 0 0 0 0 0 0 0 0 0 0 0 0 0 0 0 0 0 0 0 0 0 0 0 0 1 0 0]
[8271142514628191452619880830050091419334364073886981878138661944082658874435122646817071234127993668353886706666242095024183363556940386976474244940078384643917097302433699051837821138294767996654973484419934944869605417644109248537565391463458446534569498282669846042067556568938647 0 0 0 0 0 0 0 0 0 0 0 0 0 0 0 0 0 0 0 0 0 0 0 0 0 0 0 0 0 0 0 0 0 0 0 0 0 0 0 0 0 0 0 0 0 0 0 0 0 0 0 0 0 0 0 0 0 0 0 0 0 0 0 0 0 0 0 0 0 0 0 0 0 0 0 0 0 0 0 0 0 0 0 0 0 0 0 0 0 0 0 1 0]
[5677310435607812390589325801518794247204297631220008524111733763866516687936558303128509647794609640995496530077637169662505555524996031358115578026746642374953474207983698547833101499897478932184228827365833711235274055316382040373666677199057936044591404419200363336514342585936715 0 0 0 0 0 0 0 0 0 0 0 0 0 0 0 0 0 0 0 0 0 0 0 0 0 0 0 0 0 0 0 0 0 0 0 0 0 0 0 0 0 0 0 0 0 0 0 0 0 0 0 0 0 0 0 0 0 0 0 0 0 0 0 0 0 0 0 0 0 0 0 0 0 0 0 0 0 0 0 0 0 0 0 0 0 0 0 0 0 0 0 0 1]
]
