[[3819612129570200271484008494506581268445819969285816794926117669786265665246960511993675192790762899468729113172751848597877075422186575110043274406181302203433449662964012516744939 0 0 0 0 0 0 0 0 0 0 0 0 0 0 0 0 0 0 0 0 0 0 0 0 0 0 0 0 0 0 0 0 0 0 0 0 0 0 0 0 0 0 0 0 0 0 0 0 0 0 0 0 0 0 0 0 0 0 0]
[1385124922653323523871711852719917032107854927173295748562782504245768930355172481349927962324802669615630510198628693884179769350990412776748904134510200230696524343162306898842050 1 0 0 0 0 0 0 0 0 0 0 0 0 0 0 0 0 0 0 0 0 0 0 0 0 0 0 0 0 0 0 0 0 0 0 0 0 0 0 0 0 0 0 0 0 0 0 0 0 0 0 0 0 0 0 0 0 0 0]
[2005757996635061052038535981933010438548966287516633308508186737570180881499635178462625949057986770538461488567938507342992311956376000587549491255017086451539450172925802869496316 0 1 0 0 0 0 0 0 0 0 0 0 0 0 0 0 0 0 0 0 0 0 0 0 0 0 0 0 0 0 0 0 0 0 0 0 0 0 0 0 0 0 0 0 0 0 0 0 0 0 0 0 0 0 0 0 0 0 0]
[2247342080980106550011333788367131567508044844868396602359958705917140787208316790605384382347544763670773238995528059477102257499168387277105910696900895345589443659181902300248228 0 0 1 0 0 0 0 0 0 0 0 0 0 0 0 0 0 0 0 0 0 0 0 0 0 0 0 0 0 0 0 0 0 0 0 0 0 0 0 0 0 0 0 0 0 0 0 0 0 0 0 0 0 0 0 0 0 0 0]
[1923567770244139824950291745156159213141837411802225312150156334758018026764655786218506779865962335377589844726592937003680050269539186306315282229934247249509044147281844676209854 0 0 0 1 0 0 0 0 0 0 0 0 0 0 0 0 0 0 0 0 0 0 0 0 0 0 0 0 0 0 0 0 0 0 0 0 0 0 0 0 0 0 0 0 0 0 0 0 0 0 0 0 0 0 0 0 0 0 0]
[1398880280396716061075008980511509296542164543087975614109884292423116580945304860485743936937933628449277773915711943750530866645561202813378194834922886743627656794725576906789331 0 0 0 0 1 0 0 0 0 0 0 0 0 0 0 0 0 0 0 0 0 0 0 0 0 0 0 0 0 0 0 0 0 0 0 0 0 0 0 0 0 0 0 0 0 0 0 0 0 0 0 0 0 0 0 0 0 0 0]
[2598345182600873781585271357155253091856092364330457064962175413676871700558761441842379205113654541574954943729986108367306984073734030512358882902920763222915786263384720025338531 0 0 0 0 0 1 0 0 0 0 0 0 0 0 0 0 0 0 0 0 0 0 0 0 0 0 0 0 0 0 0 0 0 0 0 0 0 0 0 0 0 0 0 0 0 0 0 0 0 0 0 0 0 0 0 0 0 0 0]
[1291017291916631670120543949249477411348262437620411374228054044953592786878663463059482461039246758026022462687558129498049847399128202136576883108013913367453919391285277954166059 0 0 0 0 0 0 1 0 0 0 0 0 0 0 0 0 0 0 0 0 0 0 0 0 0 0 0 0 0 0 0 0 0 0 0 0 0 0 0 0 0 0 0 0 0 0 0 0 0 0 0 0 0 0 0 0 0 0 0]
[2170546662856287478415941015245067847545554701117032759129872117227143876466595010141396577573819150754868369159031210842423218595170273842948578820049810555698735517007497947950123 0 0 0 0 0 0 0 1 0 0 0 0 0 0 0 0 0 0 0 0 0 0 0 0 0 0 0 0 0 0 0 0 0 0 0 0 0 0 0 0 0 0 0 0 0 0 0 0 0 0 0 0 0 0 0 0 0 0 0]
[3244292346718218920732622540049106072982352265419052276907493073607059630385409212355119170300190579417032102453202024949582002346942565015527626789134039640252046264292088029281108 0 0 0 0 0 0 0 0 1 0 0 0 0 0 0 0 0 0 0 0 0 0 0 0 0 0 0 0 0 0 0 0 0 0 0 0 0 0 0 0 0 0 0 0 0 0 0 0 0 0 0 0 0 0 0 0 0 0 0]
[3737316883188726954407789644593518944215552051729840952099884109802074821754497306657896953007498440507905683983014843532109581582909213334071970422308176218163031321964944301943427 0 0 0 0 0 0 0 0 0 1 0 0 0 0 0 0 0 0 0 0 0 0 0 0 0 0 0 0 0 0 0 0 0 0 0 0 0 0 0 0 0 0 0 0 0 0 0 0 0 0 0 0 0 0 0 0 0 0 0]
[3267553397453532246505638540722464809775991512946722487194902097637728363525778975117380619899613314448035267300512625718861728633765565250421474651015763091037281537970545586816389 0 0 0 0 0 0 0 0 0 0 1 0 0 0 0 0 0 0 0 0 0 0 0 0 0 0 0 0 0 0 0 0 0 0 0 0 0 0 0 0 0 0 0 0 0 0 0 0 0 0 0 0 0 0 0 0 0 0 0]
[3695419426982609004772651618065958860483101185229631700101712949885822772864647469616561758391021614608274048544007207762697546063201808197701419858832315125110038871964645731025638 0 0 0 0 0 0 0 0 0 0 0 1 0 0 0 0 0 0 0 0 0 0 0 0 0 0 0 0 0 0 0 0 0 0 0 0 0 0 0 0 0 0 0 0 0 0 0 0 0 0 0 0 0 0 0 0 0 0 0]
[1661067601549234678298297320726254033373245173417016264880285986472099251457396976087545668915311298300443979680687708819140879626741956214382197965770312315713729943403677956335283 0 0 0 0 0 0 0 0 0 0 0 0 1 0 0 0 0 0 0 0 0 0 0 0 0 0 0 0 0 0 0 0 0 0 0 0 0 0 0 0 0 0 0 0 0 0 0 0 0 0 0 0 0 0 0 0 0 0 0]
[1944305884525858806317010017430428884255005255017619408838094063717501685464274665669103595472127287855930891223751955402358382884121926608003883328410733620318664133053426373202497 0 0 0 0 0 0 0 0 0 0 0 0 0 1 0 0 0 0 0 0 0 0 0 0 0 0 0 0 0 0 0 0 0 0 0 0 0 0 0 0 0 0 0 0 0 0 0 0 0 0 0 0 0 0 0 0 0 0 0]
[1341213600061767138390945842710141976403012362023376404663613987187152160180999816425242246533465054664318257265753040297813252585536117525801702548248031810001593588529859946727985 0 0 0 0 0 0 0 0 0 0 0 0 0 0 1 0 0 0 0 0 0 0 0 0 0 0 0 0 0 0 0 0 0 0 0 0 0 0 0 0 0 0 0 0 0 0 0 0 0 0 0 0 0 0 0 0 0 0 0]
[2017028564323720397815443933644524905174192928445020366328033623873218733931838835673600417556106052127156768371732072547214382416729522010099727876687929496015167412052225502908204 0 0 0 0 0 0 0 0 0 0 0 0 0 0 0 1 0 0 0 0 0 0 0 0 0 0 0 0 0 0 0 0 0 0 0 0 0 0 0 0 0 0 0 0 0 0 0 0 0 0 0 0 0 0 0 0 0 0 0]
[1625825830860126862922894285611222544985382465177865157677030017790437076065955015083095353265861379867485022563831469059045515752133579245722586615190080260924260152456423445534568 0 0 0 0 0 0 0 0 0 0 0 0 0 0 0 0 1 0 0 0 0 0 0 0 0 0 0 0 0 0 0 0 0 0 0 0 0 0 0 0 0 0 0 0 0 0 0 0 0 0 0 0 0 0 0 0 0 0 0]
[1535884433430738379937524877553231749392335760469419293265538437598679470104347923892727440459701485831322691298661311425019973672534976075876917667933547340850830178008447138359906 0 0 0 0 0 0 0 0 0 0 0 0 0 0 0 0 0 1 0 0 0 0 0 0 0 0 0 0 0 0 0 0 0 0 0 0 0 0 0 0 0 0 0 0 0 0 0 0 0 0 0 0 0 0 0 0 0 0 0]
[1984483123629846682857002713546232397621029502260691723633372180407061647480286087990373936814830281017598319969403417537047975056800940137084824810352464544692559548045245591933917 0 0 0 0 0 0 0 0 0 0 0 0 0 0 0 0 0 0 1 0 0 0 0 0 0 0 0 0 0 0 0 0 0 0 0 0 0 0 0 0 0 0 0 0 0 0 0 0 0 0 0 0 0 0 0 0 0 0 0]
[3248379739556563984854924871762226501145219609571004279886812998476135456750008975804578357081875333265839093269105703886377432576110928922098647466725667263380464528842486762043344 0 0 0 0 0 0 0 0 0 0 0 0 0 0 0 0 0 0 0 1 0 0 0 0 0 0 0 0 0 0 0 0 0 0 0 0 0 0 0 0 0 0 0 0 0 0 0 0 0 0 0 0 0 0 0 0 0 0 0]
[103100579602127239463384505696184808450721337138816882510858632290969771249466283548806552597287603827528778415404312955223861458538161533855581644721255149879821336844191129034739 0 0 0 0 0 0 0 0 0 0 0 0 0 0 0 0 0 0 0 0 1 0 0 0 0 0 0 0 0 0 0 0 0 0 0 0 0 0 0 0 0 0 0 0 0 0 0 0 0 0 0 0 0 0 0 0 0 0 0]
[2127214065382982767920304454293953901851732061358456670158452737552626608884951746955106047486707631588601105669433031159354114525697903933814179109569925434964622867224267440039101 0 0 0 0 0 0 0 0 0 0 0 0 0 0 0 0 0 0 0 0 0 1 0 0 0 0 0 0 0 0 0 0 0 0 0 0 0 0 0 0 0 0 0 0 0 0 0 0 0 0 0 0 0 0 0 0 0 0 0]
[2718016346542668774261194194373340640619699906096367723582235682826324852484596203665070943111089631942926910699813663228472995803976710134725382438994799824897377733675063972455890 0 0 0 0 0 0 0 0 0 0 0 0 0 0 0 0 0 0 0 0 0 0 1 0 0 0 0 0 0 0 0 0 0 0 0 0 0 0 0 0 0 0 0 0 0 0 0 0 0 0 0 0 0 0 0 0 0 0 0]
[2361864508606327748114983780363413185287578842092591491802918848824422453218430002864369406765814143372449005553562693472446895978171863372859658649118399045207118108193666905186795 0 0 0 0 0 0 0 0 0 0 0 0 0 0 0 0 0 0 0 0 0 0 0 1 0 0 0 0 0 0 0 0 0 0 0 0 0 0 0 0 0 0 0 0 0 0 0 0 0 0 0 0 0 0 0 0 0 0 0]
[2846360442764830837693566333362415181385743132302506402613246920580635948469514198182003607076443232372023675992997930538875328802875145507861881403141694027289616145999066637302401 0 0 0 0 0 0 0 0 0 0 0 0 0 0 0 0 0 0 0 0 0 0 0 0 1 0 0 0 0 0 0 0 0 0 0 0 0 0 0 0 0 0 0 0 0 0 0 0 0 0 0 0 0 0 0 0 0 0 0]
[627472526044080712032710461346704290917371517555350666911931644209338195925510113586667034117215183884617898189373544772283408977329412201932287133101360594609101029285608666006030 0 0 0 0 0 0 0 0 0 0 0 0 0 0 0 0 0 0 0 0 0 0 0 0 0 1 0 0 0 0 0 0 0 0 0 0 0 0 0 0 0 0 0 0 0 0 0 0 0 0 0 0 0 0 0 0 0 0 0]
[340359615416481156656614108216246834715595925583613937113692625492096808479559656597381972877995239024020210728982552211734762247667315444954588235149567687484415701029451352831242 0 0 0 0 0 0 0 0 0 0 0 0 0 0 0 0 0 0 0 0 0 0 0 0 0 0 1 0 0 0 0 0 0 0 0 0 0 0 0 0 0 0 0 0 0 0 0 0 0 0 0 0 0 0 0 0 0 0 0]
[3526137707768774193986147598230993247276499363959043571895801991139458044769712430043595785430362179071835368785555936808806820522062111970927686179140657818331025107929794164060360 0 0 0 0 0 0 0 0 0 0 0 0 0 0 0 0 0 0 0 0 0 0 0 0 0 0 0 1 0 0 0 0 0 0 0 0 0 0 0 0 0 0 0 0 0 0 0 0 0 0 0 0 0 0 0 0 0 0 0]
[3302731643516587720197355982000306448985486098098099813966740651086243553448558524372475027482990241651734725686026432540713175525540426025212897074199398363887531826164180437121978 0 0 0 0 0 0 0 0 0 0 0 0 0 0 0 0 0 0 0 0 0 0 0 0 0 0 0 0 1 0 0 0 0 0 0 0 0 0 0 0 0 0 0 0 0 0 0 0 0 0 0 0 0 0 0 0 0 0 0]
[3481062141865892551530288850081786316410406993811676500840101837556018576703933331118858042131990527089391938849561471082630028443563872205296762056111167740844142031740340294437841 0 0 0 0 0 0 0 0 0 0 0 0 0 0 0 0 0 0 0 0 0 0 0 0 0 0 0 0 0 1 0 0 0 0 0 0 0 0 0 0 0 0 0 0 0 0 0 0 0 0 0 0 0 0 0 0 0 0 0]
[1046828847498977323272090347874999731697985451208946141781687379287712444885924479807500112774402450511726683742259246091938723549386464736160883498032823732364799390189849509044404 0 0 0 0 0 0 0 0 0 0 0 0 0 0 0 0 0 0 0 0 0 0 0 0 0 0 0 0 0 0 1 0 0 0 0 0 0 0 0 0 0 0 0 0 0 0 0 0 0 0 0 0 0 0 0 0 0 0 0]
[3631407527552527491564498279816488114179644852036089246765064557135732050446653923206119299276976655510356391329698114520088569825152096295556285080835004933993904908047663363706845 0 0 0 0 0 0 0 0 0 0 0 0 0 0 0 0 0 0 0 0 0 0 0 0 0 0 0 0 0 0 0 1 0 0 0 0 0 0 0 0 0 0 0 0 0 0 0 0 0 0 0 0 0 0 0 0 0 0 0]
[3799185962545961442644332672824141284652246467271075401445522214657459370164233154145108779921486329644862351861750406462443468693792291910708645230259770563821841963351786416360860 0 0 0 0 0 0 0 0 0 0 0 0 0 0 0 0 0 0 0 0 0 0 0 0 0 0 0 0 0 0 0 0 1 0 0 0 0 0 0 0 0 0 0 0 0 0 0 0 0 0 0 0 0 0 0 0 0 0 0]
[3819109374273207686434331432979422453555568327419314274570803249309729662986801769374554284521385350213197303437660539599430562496780391505291128332932302978029381048206349246565565 0 0 0 0 0 0 0 0 0 0 0 0 0 0 0 0 0 0 0 0 0 0 0 0 0 0 0 0 0 0 0 0 0 1 0 0 0 0 0 0 0 0 0 0 0 0 0 0 0 0 0 0 0 0 0 0 0 0 0]
[1667490517824170875071240351827682733445800439243817265947101396156102075877964784569335884098152415673433655941053525203714737458855406844932737602332190543522452797707265180937249 0 0 0 0 0 0 0 0 0 0 0 0 0 0 0 0 0 0 0 0 0 0 0 0 0 0 0 0 0 0 0 0 0 0 1 0 0 0 0 0 0 0 0 0 0 0 0 0 0 0 0 0 0 0 0 0 0 0 0]
[519477873745829155668853865131168141368137694144816166259762572270326457167189823464909150346237699542295620713107341551431105181536775299406860595102634437737750866667066949210173 0 0 0 0 0 0 0 0 0 0 0 0 0 0 0 0 0 0 0 0 0 0 0 0 0 0 0 0 0 0 0 0 0 0 0 1 0 0 0 0 0 0 0 0 0 0 0 0 0 0 0 0 0 0 0 0 0 0 0]
[3279578412384345147868797811524381105714199131991011610700695323605764387130559282319435776280343095182833074852233985258759558616248925489326965198535681903727083170312597714931823 0 0 0 0 0 0 0 0 0 0 0 0 0 0 0 0 0 0 0 0 0 0 0 0 0 0 0 0 0 0 0 0 0 0 0 0 1 0 0 0 0 0 0 0 0 0 0 0 0 0 0 0 0 0 0 0 0 0 0]
[1632623198208297530736274465181528476336172667510072672829361509409446778623003057801012331687504874901671661862523979338195132767831270717659247428265731874586252503424662040120976 0 0 0 0 0 0 0 0 0 0 0 0 0 0 0 0 0 0 0 0 0 0 0 0 0 0 0 0 0 0 0 0 0 0 0 0 0 1 0 0 0 0 0 0 0 0 0 0 0 0 0 0 0 0 0 0 0 0 0]
[2397375714445367542862536883673930436030830968016192492178781323842103708104937868167010312848632706119847835430222480722130251068384798803652127508260344513717880742962944320706723 0 0 0 0 0 0 0 0 0 0 0 0 0 0 0 0 0 0 0 0 0 0 0 0 0 0 0 0 0 0 0 0 0 0 0 0 0 0 1 0 0 0 0 0 0 0 0 0 0 0 0 0 0 0 0 0 0 0 0]
[466858875072426155409279784341254884786399905987775219768542311916671580123572123290131235856292454290739186567236721136532942688674092671523083120296732562755854905465630800355817 0 0 0 0 0 0 0 0 0 0 0 0 0 0 0 0 0 0 0 0 0 0 0 0 0 0 0 0 0 0 0 0 0 0 0 0 0 0 0 1 0 0 0 0 0 0 0 0 0 0 0 0 0 0 0 0 0 0 0]
[328049429922853200160929393731877870895881492978025209833856930664172816699059731387639420856797437047057181104168083336761173209197399006095439525151000662133614954060749253047294 0 0 0 0 0 0 0 0 0 0 0 0 0 0 0 0 0 0 0 0 0 0 0 0 0 0 0 0 0 0 0 0 0 0 0 0 0 0 0 0 1 0 0 0 0 0 0 0 0 0 0 0 0 0 0 0 0 0 0]
[2975373043589494643283067065023125792962520278901500157253723093519444496726155696054114269467899345765619536848263550086844550302659325361467021465669381293324898990268635520758580 0 0 0 0 0 0 0 0 0 0 0 0 0 0 0 0 0 0 0 0 0 0 0 0 0 0 0 0 0 0 0 0 0 0 0 0 0 0 0 0 0 1 0 0 0 0 0 0 0 0 0 0 0 0 0 0 0 0 0]
[3654367946849406532525369300061378442361689193464947571316272015691875414598951369327396000214215317613627788435007113596322809953572269437413095775868848045208827998709273509773775 0 0 0 0 0 0 0 0 0 0 0 0 0 0 0 0 0 0 0 0 0 0 0 0 0 0 0 0 0 0 0 0 0 0 0 0 0 0 0 0 0 0 1 0 0 0 0 0 0 0 0 0 0 0 0 0 0 0 0]
[3616569357842710277531618440113113488732795093189247967680680957473166310182877018488454276882124960662974223471176083426067074110696182240630377271319498431675150166139396413856544 0 0 0 0 0 0 0 0 0 0 0 0 0 0 0 0 0 0 0 0 0 0 0 0 0 0 0 0 0 0 0 0 0 0 0 0 0 0 0 0 0 0 0 1 0 0 0 0 0 0 0 0 0 0 0 0 0 0 0]
[2845274321629615142495004964140223324881116548194138049317420346983347635655973962841503083193566802021463506756860916685710709180858468446239170824600008120640687109919843141735443 0 0 0 0 0 0 0 0 0 0 0 0 0 0 0 0 0 0 0 0 0 0 0 0 0 0 0 0 0 0 0 0 0 0 0 0 0 0 0 0 0 0 0 0 1 0 0 0 0 0 0 0 0 0 0 0 0 0 0]
[566542014063571641061214577118936142658564635953969030514584466474014593052957044441182124705994078312141547221294244736822781187897746391269695414086706578553798656780681616381467 0 0 0 0 0 0 0 0 0 0 0 0 0 0 0 0 0 0 0 0 0 0 0 0 0 0 0 0 0 0 0 0 0 0 0 0 0 0 0 0 0 0 0 0 0 1 0 0 0 0 0 0 0 0 0 0 0 0 0]
[3402895685710924182964935151771055514507704162185270628904004077682815211727430052479327182404714165437066988981086787137026279056321158856332894899584727676353898501955881056726184 0 0 0 0 0 0 0 0 0 0 0 0 0 0 0 0 0 0 0 0 0 0 0 0 0 0 0 0 0 0 0 0 0 0 0 0 0 0 0 0 0 0 0 0 0 0 1 0 0 0 0 0 0 0 0 0 0 0 0]
[1683054610154712648482192472487211129094751297373690098532798426156760055515935609988480552274751236598503116825446602882515185432903515807268493955584819701162415956689298006103255 0 0 0 0 0 0 0 0 0 0 0 0 0 0 0 0 0 0 0 0 0 0 0 0 0 0 0 0 0 0 0 0 0 0 0 0 0 0 0 0 0 0 0 0 0 0 0 1 0 0 0 0 0 0 0 0 0 0 0]
[1133761481244552302919542632915955119222231174259052443204353900358205220547576052200350100678885270005727543513063449537842959880868790152353603420589500404627974986422407039989460 0 0 0 0 0 0 0 0 0 0 0 0 0 0 0 0 0 0 0 0 0 0 0 0 0 0 0 0 0 0 0 0 0 0 0 0 0 0 0 0 0 0 0 0 0 0 0 0 1 0 0 0 0 0 0 0 0 0 0]
[874708874266115710723608251970820038327086508612372294933417290655176605920510977877877954685999383485738658149774014288237394291099721219803477411906863172319016826826430894082443 0 0 0 0 0 0 0 0 0 0 0 0 0 0 0 0 0 0 0 0 0 0 0 0 0 0 0 0 0 0 0 0 0 0 0 0 0 0 0 0 0 0 0 0 0 0 0 0 0 1 0 0 0 0 0 0 0 0 0]
[1721476002759203625826874358464037692519962485493507260050685577053673037703468178048151777142794362130666460984197122901732472444146784894103984546912981045546766666261782589501021 0 0 0 0 0 0 0 0 0 0 0 0 0 0 0 0 0 0 0 0 0 0 0 0 0 0 0 0 0 0 0 0 0 0 0 0 0 0 0 0 0 0 0 0 0 0 0 0 0 0 1 0 0 0 0 0 0 0 0]
[2137212982667116061672527549542304884458445382211602963993035145355455117149514477999867539042393344052614149868546397694297466786610369557691599461130107413921723622994417752557236 0 0 0 0 0 0 0 0 0 0 0 0 0 0 0 0 0 0 0 0 0 0 0 0 0 0 0 0 0 0 0 0 0 0 0 0 0 0 0 0 0 0 0 0 0 0 0 0 0 0 0 1 0 0 0 0 0 0 0]
[1166549564149295322215423089172211432453128463787633032398107821876840049252527745346637317900067257982250007357487540214425582281490439715300676037042675701832267714306405379526162 0 0 0 0 0 0 0 0 0 0 0 0 0 0 0 0 0 0 0 0 0 0 0 0 0 0 0 0 0 0 0 0 0 0 0 0 0 0 0 0 0 0 0 0 0 0 0 0 0 0 0 0 1 0 0 0 0 0 0]
[1903818630933354018966935045878269588108869532653667062027948553457609037723666140604252850021937251570828152849155056736420475211970328652906989567172152266805238342735338474285860 0 0 0 0 0 0 0 0 0 0 0 0 0 0 0 0 0 0 0 0 0 0 0 0 0 0 0 0 0 0 0 0 0 0 0 0 0 0 0 0 0 0 0 0 0 0 0 0 0 0 0 0 0 1 0 0 0 0 0]
[2942619153130891282323112035300711721155571042221675260667910433442216761290313026060050157971473767611302181459060522914638581964609845815634955718527836428997563420075357567745962 0 0 0 0 0 0 0 0 0 0 0 0 0 0 0 0 0 0 0 0 0 0 0 0 0 0 0 0 0 0 0 0 0 0 0 0 0 0 0 0 0 0 0 0 0 0 0 0 0 0 0 0 0 0 1 0 0 0 0]
[2675586545942808147085031499533093007375657204346514657210754179990249261315620651606588293898174765005931662738262281566409210519775815452063445006864634345195358634262623618008979 0 0 0 0 0 0 0 0 0 0 0 0 0 0 0 0 0 0 0 0 0 0 0 0 0 0 0 0 0 0 0 0 0 0 0 0 0 0 0 0 0 0 0 0 0 0 0 0 0 0 0 0 0 0 0 1 0 0 0]
[2229695683897517587894179729158934102281892461765175080779130900501482697956770539437582268864005655389119789024865963249733068267268415524221739786689109453743596301644882938196442 0 0 0 0 0 0 0 0 0 0 0 0 0 0 0 0 0 0 0 0 0 0 0 0 0 0 0 0 0 0 0 0 0 0 0 0 0 0 0 0 0 0 0 0 0 0 0 0 0 0 0 0 0 0 0 0 1 0 0]
[2669420091022723389395501023739217890027602434748868340538890141085687378352917248691259832191964684909422551675793631722315621778926882994440865669952455123085269247535526501277204 0 0 0 0 0 0 0 0 0 0 0 0 0 0 0 0 0 0 0 0 0 0 0 0 0 0 0 0 0 0 0 0 0 0 0 0 0 0 0 0 0 0 0 0 0 0 0 0 0 0 0 0 0 0 0 0 0 1 0]
[115979259588810666743492435963691873711312477193434954982352406306148428178869718305803966290033153133923595295324957342834874789614999284929755529523119276554047472681529700100135 0 0 0 0 0 0 0 0 0 0 0 0 0 0 0 0 0 0 0 0 0 0 0 0 0 0 0 0 0 0 0 0 0 0 0 0 0 0 0 0 0 0 0 0 0 0 0 0 0 0 0 0 0 0 0 0 0 0 1]
]
