[[3658032889299281039787544173970491433697966260311282226620838878873284939750947566298336951134067235499835698648795671031591286555603097277748614131449664940154166763444622949 0 0 0 0 0 0 0 0 0 0 0 0 0 0 0 0 0 0 0 0 0 0 0 0 0 0 0 0 0 0 0 0 0 0 0 0 0 0 0 0 0 0 0 0 0 0 0 0 0 0 0 0 0 0 0 0 0]
[1056510140597838065621734124114476080536079047381357318824365902559859678431034242793678599420722261883044067627513869288136987189060637282762289536073403658302779516320453515 1 0 0 0 0 0 0 0 0 0 0 0 0 0 0 0 0 0 0 0 0 0 0 0 0 0 0 0 0 0 0 0 0 0 0 0 0 0 0 0 0 0 0 0 0 0 0 0 0 0 0 0 0 0 0 0 0]
[1403304710132321537000492653611954176856835667429036387285379593093401364220010820220989720313248007016718096407691582533007185291113967704389249083839313789087171376066078434 0 1 0 0 0 0 0 0 0 0 0 0 0 0 0 0 0 0 0 0 0 0 0 0 0 0 0 0 0 0 0 0 0 0 0 0 0 0 0 0 0 0 0 0 0 0 0 0 0 0 0 0 0 0 0 0 0]
[1708181679275072307607811219513144258010537158926939583790997510163205473932887457220301456690026718185436709461534428550173324138470167200452088808685812394622948191617439229 0 0 1 0 0 0 0 0 0 0 0 0 0 0 0 0 0 0 0 0 0 0 0 0 0 0 0 0 0 0 0 0 0 0 0 0 0 0 0 0 0 0 0 0 0 0 0 0 0 0 0 0 0 0 0 0 0]
[2085183253547745073899044526565699536887777081868095854749294919464974510037554726251331978901159047131968676567218533432288276683471096715520789308200999931776127614777398987 0 0 0 1 0 0 0 0 0 0 0 0 0 0 0 0 0 0 0 0 0 0 0 0 0 0 0 0 0 0 0 0 0 0 0 0 0 0 0 0 0 0 0 0 0 0 0 0 0 0 0 0 0 0 0 0 0]
[2774249322713550443927988592993386282782214206366451522007943200800936163629725412649073529427842818716212885997833889475650571382760206002478716238452780477700379751949930801 0 0 0 0 1 0 0 0 0 0 0 0 0 0 0 0 0 0 0 0 0 0 0 0 0 0 0 0 0 0 0 0 0 0 0 0 0 0 0 0 0 0 0 0 0 0 0 0 0 0 0 0 0 0 0 0 0]
[3568390975673579042733932464835027915083390320198258033725665300285800657629228832415456407831129001156481287598414573115837594308979655107303168724090145345980445782621829266 0 0 0 0 0 1 0 0 0 0 0 0 0 0 0 0 0 0 0 0 0 0 0 0 0 0 0 0 0 0 0 0 0 0 0 0 0 0 0 0 0 0 0 0 0 0 0 0 0 0 0 0 0 0 0 0 0]
[3010845198308409650566109853244793207023633085839082699773538814875681658376264214962617612614131401783622157817556498627264308329456762477637076101235991208253075904606254820 0 0 0 0 0 0 1 0 0 0 0 0 0 0 0 0 0 0 0 0 0 0 0 0 0 0 0 0 0 0 0 0 0 0 0 0 0 0 0 0 0 0 0 0 0 0 0 0 0 0 0 0 0 0 0 0 0]
[522745696186360583929516154981322433530423386766160247142765802765363101911878053084712009422547709927701151688419197044000585471918876303253264516969754100544151783290684048 0 0 0 0 0 0 0 1 0 0 0 0 0 0 0 0 0 0 0 0 0 0 0 0 0 0 0 0 0 0 0 0 0 0 0 0 0 0 0 0 0 0 0 0 0 0 0 0 0 0 0 0 0 0 0 0 0]
[602919397059229780557739475725994186855526646930671146909198669481034021712140570256672047460434381177010609688711772275737760533051646560052816092355384790728171090769436386 0 0 0 0 0 0 0 0 1 0 0 0 0 0 0 0 0 0 0 0 0 0 0 0 0 0 0 0 0 0 0 0 0 0 0 0 0 0 0 0 0 0 0 0 0 0 0 0 0 0 0 0 0 0 0 0 0]
[1142417695722151273417536854683843224515815094921986538971507284349786306588583052614536554236381904438055091704680471302874734399811953820664026561579971447415750421322271254 0 0 0 0 0 0 0 0 0 1 0 0 0 0 0 0 0 0 0 0 0 0 0 0 0 0 0 0 0 0 0 0 0 0 0 0 0 0 0 0 0 0 0 0 0 0 0 0 0 0 0 0 0 0 0 0 0]
[2247344022257688155589407234482280105906505986904058548386206241896365013828191508947764435680270372497643964488649136789823922325542552985732236410661292757425305406697254110 0 0 0 0 0 0 0 0 0 0 1 0 0 0 0 0 0 0 0 0 0 0 0 0 0 0 0 0 0 0 0 0 0 0 0 0 0 0 0 0 0 0 0 0 0 0 0 0 0 0 0 0 0 0 0 0 0]
[2739911883667897825288578448466702676780825712874590610298801957332552632699142799289968366587626112271150455358067694800641394784302710714122209899016575316958496051369050473 0 0 0 0 0 0 0 0 0 0 0 1 0 0 0 0 0 0 0 0 0 0 0 0 0 0 0 0 0 0 0 0 0 0 0 0 0 0 0 0 0 0 0 0 0 0 0 0 0 0 0 0 0 0 0 0 0]
[1671318232300381495941747730047425559639641923186832172677186522606362599122111794306541945875509363299856654471552544888975375858623981887897193140158537245502072777857018551 0 0 0 0 0 0 0 0 0 0 0 0 1 0 0 0 0 0 0 0 0 0 0 0 0 0 0 0 0 0 0 0 0 0 0 0 0 0 0 0 0 0 0 0 0 0 0 0 0 0 0 0 0 0 0 0 0]
[722085960640689946543152352833902666681922036057837661041790989936227944675183502512101950353875726892486445985362606392542239979221410725969846917038535188112006811150747288 0 0 0 0 0 0 0 0 0 0 0 0 0 1 0 0 0 0 0 0 0 0 0 0 0 0 0 0 0 0 0 0 0 0 0 0 0 0 0 0 0 0 0 0 0 0 0 0 0 0 0 0 0 0 0 0 0]
[2785541303502191801955889175782014947498672725687485593011269471013022854706207118581198832905243843247029021501497928452515780623879854988282628462869795795685066975671445487 0 0 0 0 0 0 0 0 0 0 0 0 0 0 1 0 0 0 0 0 0 0 0 0 0 0 0 0 0 0 0 0 0 0 0 0 0 0 0 0 0 0 0 0 0 0 0 0 0 0 0 0 0 0 0 0 0]
[1084548164367312279076653240078924888163995622754020696022727434236811389968653826858692635711194947611544015436053728012210557439209731175964665051593335402816339987843003289 0 0 0 0 0 0 0 0 0 0 0 0 0 0 0 1 0 0 0 0 0 0 0 0 0 0 0 0 0 0 0 0 0 0 0 0 0 0 0 0 0 0 0 0 0 0 0 0 0 0 0 0 0 0 0 0 0]
[3451239823800319498685459114115299945432367979537346504047110914408393597497354280785823926488360815033133911674717101420497937874737222151025637411676827566682907553836687336 0 0 0 0 0 0 0 0 0 0 0 0 0 0 0 0 1 0 0 0 0 0 0 0 0 0 0 0 0 0 0 0 0 0 0 0 0 0 0 0 0 0 0 0 0 0 0 0 0 0 0 0 0 0 0 0 0]
[3126777525154040245348405419682448937710486893872472325393437609192246783699994889542945485142132250350573751684264522300388524202709696267435406993920955703285762247575421802 0 0 0 0 0 0 0 0 0 0 0 0 0 0 0 0 0 1 0 0 0 0 0 0 0 0 0 0 0 0 0 0 0 0 0 0 0 0 0 0 0 0 0 0 0 0 0 0 0 0 0 0 0 0 0 0 0]
[726148647521117880412964550889837886771310811690445255797573166538526788574687408113548187768367895020903129196910018988599024461259603881546584720016791400260806105626326195 0 0 0 0 0 0 0 0 0 0 0 0 0 0 0 0 0 0 1 0 0 0 0 0 0 0 0 0 0 0 0 0 0 0 0 0 0 0 0 0 0 0 0 0 0 0 0 0 0 0 0 0 0 0 0 0 0]
[1592375772127324393321814348725924089534104500986505745699128835357612905296071282759823583284823763833727214423400379148855983729768650532762150910085172800275710748351067589 0 0 0 0 0 0 0 0 0 0 0 0 0 0 0 0 0 0 0 1 0 0 0 0 0 0 0 0 0 0 0 0 0 0 0 0 0 0 0 0 0 0 0 0 0 0 0 0 0 0 0 0 0 0 0 0 0]
[3176602432264734188105659878324759676775232079215042874707786832497147535078343741802508253553107017271835225755569116638463810743366201968481769615484437880221602200782815144 0 0 0 0 0 0 0 0 0 0 0 0 0 0 0 0 0 0 0 0 1 0 0 0 0 0 0 0 0 0 0 0 0 0 0 0 0 0 0 0 0 0 0 0 0 0 0 0 0 0 0 0 0 0 0 0 0]
[12227253192180152733140606354379965091678245329513821531397047701280391593099904140923235059061652773174571610305910591367365247160497685339194918030857700877308713325261392 0 0 0 0 0 0 0 0 0 0 0 0 0 0 0 0 0 0 0 0 0 1 0 0 0 0 0 0 0 0 0 0 0 0 0 0 0 0 0 0 0 0 0 0 0 0 0 0 0 0 0 0 0 0 0 0 0]
[976703581421209269916451453679180666288217096016717146477812384388076551781918162971949181153303472045028493676711069672368542364592948930543085683355094744578909037098939418 0 0 0 0 0 0 0 0 0 0 0 0 0 0 0 0 0 0 0 0 0 0 1 0 0 0 0 0 0 0 0 0 0 0 0 0 0 0 0 0 0 0 0 0 0 0 0 0 0 0 0 0 0 0 0 0 0]
[3212642057086789418518440602212393257737347379574553362765073282139520622089166572016724604672977964276137290019926645112377289611415984148829449058289010762958049428934518534 0 0 0 0 0 0 0 0 0 0 0 0 0 0 0 0 0 0 0 0 0 0 0 1 0 0 0 0 0 0 0 0 0 0 0 0 0 0 0 0 0 0 0 0 0 0 0 0 0 0 0 0 0 0 0 0 0]
[231568063579570699821792770295457146646049115555191523071690770724372306610427525278771444662318690618897846252475458603799673731556743842797000305207958015080336022802593452 0 0 0 0 0 0 0 0 0 0 0 0 0 0 0 0 0 0 0 0 0 0 0 0 1 0 0 0 0 0 0 0 0 0 0 0 0 0 0 0 0 0 0 0 0 0 0 0 0 0 0 0 0 0 0 0 0]
[2906830682856410221477340669691439766605373538577220814608814480364497148441020529284169929300568020652636603340812111545910693675976790110569418056886305839927873301265814142 0 0 0 0 0 0 0 0 0 0 0 0 0 0 0 0 0 0 0 0 0 0 0 0 0 1 0 0 0 0 0 0 0 0 0 0 0 0 0 0 0 0 0 0 0 0 0 0 0 0 0 0 0 0 0 0 0]
[3198334411542897739756859989820728422103323232936115609138506750126433599305068660047008234029973102906895452126494798886649061040724232805872369812894963777833058105177093849 0 0 0 0 0 0 0 0 0 0 0 0 0 0 0 0 0 0 0 0 0 0 0 0 0 0 1 0 0 0 0 0 0 0 0 0 0 0 0 0 0 0 0 0 0 0 0 0 0 0 0 0 0 0 0 0 0]
[2987936328803373006008062241185649803787208275350944727215776539756026020182213717663071867876710245727686751788257657844536753108908986495100683984022546040066197568176241878 0 0 0 0 0 0 0 0 0 0 0 0 0 0 0 0 0 0 0 0 0 0 0 0 0 0 0 1 0 0 0 0 0 0 0 0 0 0 0 0 0 0 0 0 0 0 0 0 0 0 0 0 0 0 0 0 0]
[134942486691771575603768638934943488530714987821829094763258751782610966076944972114082756033755943991274842950299737913513493016605411642731970156433379170146158841995614583 0 0 0 0 0 0 0 0 0 0 0 0 0 0 0 0 0 0 0 0 0 0 0 0 0 0 0 0 1 0 0 0 0 0 0 0 0 0 0 0 0 0 0 0 0 0 0 0 0 0 0 0 0 0 0 0 0]
[1526792550122316528632234318660912282127149482911760735394777401988032174985232752317079447575345315573365165537586717366857020307888152200789832929856403547088601566622548619 0 0 0 0 0 0 0 0 0 0 0 0 0 0 0 0 0 0 0 0 0 0 0 0 0 0 0 0 0 1 0 0 0 0 0 0 0 0 0 0 0 0 0 0 0 0 0 0 0 0 0 0 0 0 0 0 0]
[3134444339113201717948646517979651399454303224838629915807569068322232665529324125675520861122380138455272078799594004731831231203908653551888672438074407341210159074004363201 0 0 0 0 0 0 0 0 0 0 0 0 0 0 0 0 0 0 0 0 0 0 0 0 0 0 0 0 0 0 1 0 0 0 0 0 0 0 0 0 0 0 0 0 0 0 0 0 0 0 0 0 0 0 0 0 0]
[3396603831147054653221440862207451654981441750663296781925086037840264715293974834519740880256128241142793976776196779453413476059417958961487228579558192046186471564181251509 0 0 0 0 0 0 0 0 0 0 0 0 0 0 0 0 0 0 0 0 0 0 0 0 0 0 0 0 0 0 0 1 0 0 0 0 0 0 0 0 0 0 0 0 0 0 0 0 0 0 0 0 0 0 0 0 0]
[2614613528679272568761213016389483787222504196163300868561092975449806770757140116147506852962136773254267707018082182445557357803228910939974000630223438128561768568423161915 0 0 0 0 0 0 0 0 0 0 0 0 0 0 0 0 0 0 0 0 0 0 0 0 0 0 0 0 0 0 0 0 1 0 0 0 0 0 0 0 0 0 0 0 0 0 0 0 0 0 0 0 0 0 0 0 0]
[2858243307237756258844011544726286649159521739990822007187836359970979499965457251643420927040557491432595207640867389944944782184224239920533500145861695502309688592305897120 0 0 0 0 0 0 0 0 0 0 0 0 0 0 0 0 0 0 0 0 0 0 0 0 0 0 0 0 0 0 0 0 0 1 0 0 0 0 0 0 0 0 0 0 0 0 0 0 0 0 0 0 0 0 0 0 0]
[3257066308220395327997327993715335755541991894318242368465292101390167941541422749075841365646731430134802731667014964816294332295523200614486638769979943639052724748211103914 0 0 0 0 0 0 0 0 0 0 0 0 0 0 0 0 0 0 0 0 0 0 0 0 0 0 0 0 0 0 0 0 0 0 1 0 0 0 0 0 0 0 0 0 0 0 0 0 0 0 0 0 0 0 0 0 0]
[219693508352929227864724307987174673456724998322012992824611901498258739826108803889829348050123937445697692834664584450757045204804836580755311659612311287733391495748539402 0 0 0 0 0 0 0 0 0 0 0 0 0 0 0 0 0 0 0 0 0 0 0 0 0 0 0 0 0 0 0 0 0 0 0 1 0 0 0 0 0 0 0 0 0 0 0 0 0 0 0 0 0 0 0 0 0]
[458381905390727569880753137987506201329474806006362428308377381447717677012160711528772115974536753079499672615370273638599078355855534716803451015554374337124444693466034790 0 0 0 0 0 0 0 0 0 0 0 0 0 0 0 0 0 0 0 0 0 0 0 0 0 0 0 0 0 0 0 0 0 0 0 0 1 0 0 0 0 0 0 0 0 0 0 0 0 0 0 0 0 0 0 0 0]
[1621206491328438038537396096172898186668915660186928765105205274290465432792082581173903808041584155749065236210331615431009732062960613055419361442492812046506404091183818346 0 0 0 0 0 0 0 0 0 0 0 0 0 0 0 0 0 0 0 0 0 0 0 0 0 0 0 0 0 0 0 0 0 0 0 0 0 1 0 0 0 0 0 0 0 0 0 0 0 0 0 0 0 0 0 0 0]
[415371922706802146941429812710907156915196745486402644704023839616633697062955843892110551364747272600478606738176777108260258019589832556631795114872945244510273581781253121 0 0 0 0 0 0 0 0 0 0 0 0 0 0 0 0 0 0 0 0 0 0 0 0 0 0 0 0 0 0 0 0 0 0 0 0 0 0 1 0 0 0 0 0 0 0 0 0 0 0 0 0 0 0 0 0 0]
[3067572495317504774836673836997303365833451263639488083326524417619591445635462628305176982948883877232220990505627181176977139607828106344080003768952008252210966181085360474 0 0 0 0 0 0 0 0 0 0 0 0 0 0 0 0 0 0 0 0 0 0 0 0 0 0 0 0 0 0 0 0 0 0 0 0 0 0 0 1 0 0 0 0 0 0 0 0 0 0 0 0 0 0 0 0 0]
[560396021640973440258511030317319976830023588126490358355156428925935001239796215094277181201540848555010572268148094432807943015771985122079396220941379620125083120398441357 0 0 0 0 0 0 0 0 0 0 0 0 0 0 0 0 0 0 0 0 0 0 0 0 0 0 0 0 0 0 0 0 0 0 0 0 0 0 0 0 1 0 0 0 0 0 0 0 0 0 0 0 0 0 0 0 0]
[3032422025779134280833851292671406404871210663193291814101326537503125853189773194735700493860291546394353886814976026480160147753305627314213490981122892435606473859995504181 0 0 0 0 0 0 0 0 0 0 0 0 0 0 0 0 0 0 0 0 0 0 0 0 0 0 0 0 0 0 0 0 0 0 0 0 0 0 0 0 0 1 0 0 0 0 0 0 0 0 0 0 0 0 0 0 0]
[701906815630473315725616663771516155938057149360344846325908346687841672786219817745222702365392957400169112654992961848883004729653492584160269047122556050743354692882586952 0 0 0 0 0 0 0 0 0 0 0 0 0 0 0 0 0 0 0 0 0 0 0 0 0 0 0 0 0 0 0 0 0 0 0 0 0 0 0 0 0 0 1 0 0 0 0 0 0 0 0 0 0 0 0 0 0]
[1183831161626050890110328695208707678092544183826823321398795776543083830142722657683350718546636318982276358895704195132369595284465822617516466027982713091511420744049556318 0 0 0 0 0 0 0 0 0 0 0 0 0 0 0 0 0 0 0 0 0 0 0 0 0 0 0 0 0 0 0 0 0 0 0 0 0 0 0 0 0 0 0 1 0 0 0 0 0 0 0 0 0 0 0 0 0]
[1994656186768792721857538453003828826310355184249960803612628066727116693297997428680401171080624548329166250318849505443723998427298914888950560322515253749407431617845002534 0 0 0 0 0 0 0 0 0 0 0 0 0 0 0 0 0 0 0 0 0 0 0 0 0 0 0 0 0 0 0 0 0 0 0 0 0 0 0 0 0 0 0 0 1 0 0 0 0 0 0 0 0 0 0 0 0]
[2285454674283614359490945177657324293636503669711802449351951186436926034428658686419062433976273634464396903303119521881468843558537866173265566919040502542635169245565028365 0 0 0 0 0 0 0 0 0 0 0 0 0 0 0 0 0 0 0 0 0 0 0 0 0 0 0 0 0 0 0 0 0 0 0 0 0 0 0 0 0 0 0 0 0 1 0 0 0 0 0 0 0 0 0 0 0]
[3624747113469874645041379969667929276071320140391095628858289331879303423739253081359974820975031500454727211782438781946400216661885127788982474602090791004480653125968271068 0 0 0 0 0 0 0 0 0 0 0 0 0 0 0 0 0 0 0 0 0 0 0 0 0 0 0 0 0 0 0 0 0 0 0 0 0 0 0 0 0 0 0 0 0 0 1 0 0 0 0 0 0 0 0 0 0]
[2083181596313505901546692860446916621419911166874902108029077669923878037100394063197937456360566090968506853014695658436430192612285516303832358166178320392900490260900672270 0 0 0 0 0 0 0 0 0 0 0 0 0 0 0 0 0 0 0 0 0 0 0 0 0 0 0 0 0 0 0 0 0 0 0 0 0 0 0 0 0 0 0 0 0 0 0 1 0 0 0 0 0 0 0 0 0]
[1775683515097377891245061909650419180965281305300947803051582391256324372136697656525054833871034287561272479652212222521062580214682391417267940686459191319088050246859342092 0 0 0 0 0 0 0 0 0 0 0 0 0 0 0 0 0 0 0 0 0 0 0 0 0 0 0 0 0 0 0 0 0 0 0 0 0 0 0 0 0 0 0 0 0 0 0 0 1 0 0 0 0 0 0 0 0]
[1782506598181304477230608299277415112105587675794945747277802596517430392073831065601420901483840797160079328206945005481292525048479003473246358820910930339453588601849525438 0 0 0 0 0 0 0 0 0 0 0 0 0 0 0 0 0 0 0 0 0 0 0 0 0 0 0 0 0 0 0 0 0 0 0 0 0 0 0 0 0 0 0 0 0 0 0 0 0 1 0 0 0 0 0 0 0]
[1232190466823363488435525666298734675702214220779204464467637474532372543687250383040663455879191713290170648808683314002656150285960196343162361554610775607075081172969367743 0 0 0 0 0 0 0 0 0 0 0 0 0 0 0 0 0 0 0 0 0 0 0 0 0 0 0 0 0 0 0 0 0 0 0 0 0 0 0 0 0 0 0 0 0 0 0 0 0 0 1 0 0 0 0 0 0]
[2037287411112954222821909426197024148090711204419909316633529211229869160664451348280118667975078884494499936146438542690435179680374815277929307086852498977520091804736578236 0 0 0 0 0 0 0 0 0 0 0 0 0 0 0 0 0 0 0 0 0 0 0 0 0 0 0 0 0 0 0 0 0 0 0 0 0 0 0 0 0 0 0 0 0 0 0 0 0 0 0 1 0 0 0 0 0]
[644971644880831843069875531688401616860495768505560493372780229145425315037164677181124427372849596987307192739748015638526368529518234942729570272854437621453303258611820808 0 0 0 0 0 0 0 0 0 0 0 0 0 0 0 0 0 0 0 0 0 0 0 0 0 0 0 0 0 0 0 0 0 0 0 0 0 0 0 0 0 0 0 0 0 0 0 0 0 0 0 0 1 0 0 0 0]
[2023331302540835226937915143080940317184249842434933858027039117065180289644216144325966884725029017981296361160795649341596947708048883526636761942832929804476444290037040337 0 0 0 0 0 0 0 0 0 0 0 0 0 0 0 0 0 0 0 0 0 0 0 0 0 0 0 0 0 0 0 0 0 0 0 0 0 0 0 0 0 0 0 0 0 0 0 0 0 0 0 0 0 1 0 0 0]
[2099985311213076980865573281013072761431193996026702708744543755374834193381930584799342101612453523809410141492813711925678218029342822967384113058484809503266801917569845341 0 0 0 0 0 0 0 0 0 0 0 0 0 0 0 0 0 0 0 0 0 0 0 0 0 0 0 0 0 0 0 0 0 0 0 0 0 0 0 0 0 0 0 0 0 0 0 0 0 0 0 0 0 0 1 0 0]
[3151319916440066027896614266716152242882731635675421733152455175441962812187326862492926096052535202246431144625596661496326053720056347722939421736986036446850041613166975798 0 0 0 0 0 0 0 0 0 0 0 0 0 0 0 0 0 0 0 0 0 0 0 0 0 0 0 0 0 0 0 0 0 0 0 0 0 0 0 0 0 0 0 0 0 0 0 0 0 0 0 0 0 0 0 1 0]
[1784307922085739169275129251624856083957956884411620685619850245515256050832786010876986338887155937427870514415265270359738477147131401470961218635059765776055390094945157202 0 0 0 0 0 0 0 0 0 0 0 0 0 0 0 0 0 0 0 0 0 0 0 0 0 0 0 0 0 0 0 0 0 0 0 0 0 0 0 0 0 0 0 0 0 0 0 0 0 0 0 0 0 0 0 0 1]
]
