[[6024277726557324144419659893500353061557272665944471446552557796867346299915346783795930406732165304749247295585020414587119409917640126331698838135628963007852660844093070894095068235168254740489253867305459379274094096077814701080795286805839546088878710257134469791359347147 0 0 0 0 0 0 0 0 0 0 0 0 0 0 0 0 0 0 0 0 0 0 0 0 0 0 0 0 0 0 0 0 0 0 0 0 0 0 0 0 0 0 0 0 0 0 0 0 0 0 0 0 0 0 0 0 0 0 0 0 0 0 0 0 0 0 0 0 0 0 0 0 0 0 0 0 0 0 0 0 0 0 0 0 0 0 0 0 0 0 0]
[3185199411436010130323028817567379424573099857119037932603574813344360232600527744996053595672205364076812073941700001120166543220358709432197383402838915323985421518054387070467935435510122097447272090688020385904712162976431879414151391492894776894746782698289831374416149502 1 0 0 0 0 0 0 0 0 0 0 0 0 0 0 0 0 0 0 0 0 0 0 0 0 0 0 0 0 0 0 0 0 0 0 0 0 0 0 0 0 0 0 0 0 0 0 0 0 0 0 0 0 0 0 0 0 0 0 0 0 0 0 0 0 0 0 0 0 0 0 0 0 0 0 0 0 0 0 0 0 0 0 0 0 0 0 0 0 0 0]
[1156205334936143973526601776084435079172144895545930443244392354005105174355440492897081223981889947881557633853541741764312974254961215169201973067478630843889431148049187990169818347113611952236681741840260827808095561092807592908037686065924338610969008563135451066796219595 0 1 0 0 0 0 0 0 0 0 0 0 0 0 0 0 0 0 0 0 0 0 0 0 0 0 0 0 0 0 0 0 0 0 0 0 0 0 0 0 0 0 0 0 0 0 0 0 0 0 0 0 0 0 0 0 0 0 0 0 0 0 0 0 0 0 0 0 0 0 0 0 0 0 0 0 0 0 0 0 0 0 0 0 0 0 0 0 0 0 0]
[4523488524957885974699620656953955635632944975499320031692375659699134060384020787186316429014664354370958513513228558426053373038560159804893414602967781882287296804661460430800552943526382102924305250166007312499310495489598399641871851867334267450568672681255736134405026032 0 0 1 0 0 0 0 0 0 0 0 0 0 0 0 0 0 0 0 0 0 0 0 0 0 0 0 0 0 0 0 0 0 0 0 0 0 0 0 0 0 0 0 0 0 0 0 0 0 0 0 0 0 0 0 0 0 0 0 0 0 0 0 0 0 0 0 0 0 0 0 0 0 0 0 0 0 0 0 0 0 0 0 0 0 0 0 0 0 0 0]
[4314195628343213821107127849822716460727127531096785959570387647800576834346946878149108162168760894831420557844569362201137715405439471755606328063081627220005560617921714624726240037323112283772444288307163961186800424190937205816723628909724799062627864605106652806605435286 0 0 0 1 0 0 0 0 0 0 0 0 0 0 0 0 0 0 0 0 0 0 0 0 0 0 0 0 0 0 0 0 0 0 0 0 0 0 0 0 0 0 0 0 0 0 0 0 0 0 0 0 0 0 0 0 0 0 0 0 0 0 0 0 0 0 0 0 0 0 0 0 0 0 0 0 0 0 0 0 0 0 0 0 0 0 0 0 0 0 0]
[511663902455544277570841391516606661942296971578147013664945541925117226386581200644296789069374885974319390048652948652534235564003494153745017048013230921601831291400307456627252934712660779718490492909906971870017050083497165671219427630718914450251968395255903957178176229 0 0 0 0 1 0 0 0 0 0 0 0 0 0 0 0 0 0 0 0 0 0 0 0 0 0 0 0 0 0 0 0 0 0 0 0 0 0 0 0 0 0 0 0 0 0 0 0 0 0 0 0 0 0 0 0 0 0 0 0 0 0 0 0 0 0 0 0 0 0 0 0 0 0 0 0 0 0 0 0 0 0 0 0 0 0 0 0 0 0 0]
[4753794979369094005419382776072697008952495080074732077763963777427825467282217653465101600978071739927457591166718929001016101831591725726133184066134023715198263128238096583154768406554305242386186789494649387537016389624553132152558326338430854723035190839511085610077564901 0 0 0 0 0 1 0 0 0 0 0 0 0 0 0 0 0 0 0 0 0 0 0 0 0 0 0 0 0 0 0 0 0 0 0 0 0 0 0 0 0 0 0 0 0 0 0 0 0 0 0 0 0 0 0 0 0 0 0 0 0 0 0 0 0 0 0 0 0 0 0 0 0 0 0 0 0 0 0 0 0 0 0 0 0 0 0 0 0 0 0]
[793092611215198699318902917466481148586533424317854610020904506184343746191240130937383029286297961042683758184848069827131816458794807207268224430040453528351250885044669766280133206616892473808945721993791662184040797278960827609240550160956594099336649676890175270124997871 0 0 0 0 0 0 1 0 0 0 0 0 0 0 0 0 0 0 0 0 0 0 0 0 0 0 0 0 0 0 0 0 0 0 0 0 0 0 0 0 0 0 0 0 0 0 0 0 0 0 0 0 0 0 0 0 0 0 0 0 0 0 0 0 0 0 0 0 0 0 0 0 0 0 0 0 0 0 0 0 0 0 0 0 0 0 0 0 0 0 0]
[3809424108465814216042146048569872419648615298632071999888747586998850163085252132641629656075269553216479444657370491819722692804555763073530910590423187438192280758192646947520877186354006968192437331975674138080996808007973542133650305835582712478048510416551187319471172095 0 0 0 0 0 0 0 1 0 0 0 0 0 0 0 0 0 0 0 0 0 0 0 0 0 0 0 0 0 0 0 0 0 0 0 0 0 0 0 0 0 0 0 0 0 0 0 0 0 0 0 0 0 0 0 0 0 0 0 0 0 0 0 0 0 0 0 0 0 0 0 0 0 0 0 0 0 0 0 0 0 0 0 0 0 0 0 0 0 0 0]
[2023440679957449938601215631920279901174186578431079274430725800908396181144924658652338626616477020709188184049633441841804210433096197490756264686087681269736025797350027902777214312822671284793199868166793168710098142072767111013093506959689181668304282092624318739011061082 0 0 0 0 0 0 0 0 1 0 0 0 0 0 0 0 0 0 0 0 0 0 0 0 0 0 0 0 0 0 0 0 0 0 0 0 0 0 0 0 0 0 0 0 0 0 0 0 0 0 0 0 0 0 0 0 0 0 0 0 0 0 0 0 0 0 0 0 0 0 0 0 0 0 0 0 0 0 0 0 0 0 0 0 0 0 0 0 0 0 0]
[2890618688953573892102267777376479175379022192961806258991064615240327965563516669543883158404422531573408514812378989734805450568955866318361397036234331069225033365556324086100961555408427664691175748513097195550371471104442310054229087641459802355682457755147739596001118777 0 0 0 0 0 0 0 0 0 1 0 0 0 0 0 0 0 0 0 0 0 0 0 0 0 0 0 0 0 0 0 0 0 0 0 0 0 0 0 0 0 0 0 0 0 0 0 0 0 0 0 0 0 0 0 0 0 0 0 0 0 0 0 0 0 0 0 0 0 0 0 0 0 0 0 0 0 0 0 0 0 0 0 0 0 0 0 0 0 0 0]
[3129605108020967772978746877800967213982093863639693869255066826141516629344422271471320545641498508763555555696926421776672331036412408760784150126863111844699364872662470291987070841953751537773437594016082816116637142298345070050641660656522427329901845276400120058658981049 0 0 0 0 0 0 0 0 0 0 1 0 0 0 0 0 0 0 0 0 0 0 0 0 0 0 0 0 0 0 0 0 0 0 0 0 0 0 0 0 0 0 0 0 0 0 0 0 0 0 0 0 0 0 0 0 0 0 0 0 0 0 0 0 0 0 0 0 0 0 0 0 0 0 0 0 0 0 0 0 0 0 0 0 0 0 0 0 0 0 0]
[4459343239445559064316064127227385194413441436275477088721519113936326054634147318085209303247955892767439651729969655102769112425414595863286783971275539452475929970975039792143627807276641363503861755879762820000606709023360092748764268861011839427333648629474591315564749578 0 0 0 0 0 0 0 0 0 0 0 1 0 0 0 0 0 0 0 0 0 0 0 0 0 0 0 0 0 0 0 0 0 0 0 0 0 0 0 0 0 0 0 0 0 0 0 0 0 0 0 0 0 0 0 0 0 0 0 0 0 0 0 0 0 0 0 0 0 0 0 0 0 0 0 0 0 0 0 0 0 0 0 0 0 0 0 0 0 0 0]
[3390833019308366542843387119613535441217410810437459443759811890205785783452046074931242940348209816034784023919720029327842194271986667720553315465535180824189547705303125099112582331462136984205094180919971013162236846882811992173222943388872059471198049414055007162998986077 0 0 0 0 0 0 0 0 0 0 0 0 1 0 0 0 0 0 0 0 0 0 0 0 0 0 0 0 0 0 0 0 0 0 0 0 0 0 0 0 0 0 0 0 0 0 0 0 0 0 0 0 0 0 0 0 0 0 0 0 0 0 0 0 0 0 0 0 0 0 0 0 0 0 0 0 0 0 0 0 0 0 0 0 0 0 0 0 0 0 0]
[4466264447627367045397312559943578698949911794348354749507762399124886828514796100860338810182644926862770757220280174205670037358589048166729765257418423023644325320587969225654435987395783800648096695882886896736649176397110825607414988507912843121426735504401031076052106991 0 0 0 0 0 0 0 0 0 0 0 0 0 1 0 0 0 0 0 0 0 0 0 0 0 0 0 0 0 0 0 0 0 0 0 0 0 0 0 0 0 0 0 0 0 0 0 0 0 0 0 0 0 0 0 0 0 0 0 0 0 0 0 0 0 0 0 0 0 0 0 0 0 0 0 0 0 0 0 0 0 0 0 0 0 0 0 0 0 0 0]
[3679806452853672472387551565444319982241795403560594969634494743039633400005344131655848303541432555990159198396127680393612563023932065210201032182896953236600010488598234898506280810705017784149023113891884868752991828026841557757074147139076036450566794657168090698307548793 0 0 0 0 0 0 0 0 0 0 0 0 0 0 1 0 0 0 0 0 0 0 0 0 0 0 0 0 0 0 0 0 0 0 0 0 0 0 0 0 0 0 0 0 0 0 0 0 0 0 0 0 0 0 0 0 0 0 0 0 0 0 0 0 0 0 0 0 0 0 0 0 0 0 0 0 0 0 0 0 0 0 0 0 0 0 0 0 0 0 0]
[165111375823312522782360394001290553329066626674076501819252838541573520097138646477133649533877426727567226109941379899247290762032479522144145290055715166545333466757749020420633625753831597378600086847598279852369628276964009023273589666224556869133130221178284436625056607 0 0 0 0 0 0 0 0 0 0 0 0 0 0 0 1 0 0 0 0 0 0 0 0 0 0 0 0 0 0 0 0 0 0 0 0 0 0 0 0 0 0 0 0 0 0 0 0 0 0 0 0 0 0 0 0 0 0 0 0 0 0 0 0 0 0 0 0 0 0 0 0 0 0 0 0 0 0 0 0 0 0 0 0 0 0 0 0 0 0 0]
[665019822610172054222522524293528868725239621637189294860409786669438902319063791271592331978465942240381336287327130504264317241802423897972127204439637162732941275970598022147353033222450692204426827456750219970489141470172028016027539182989531781631770651894207446984819172 0 0 0 0 0 0 0 0 0 0 0 0 0 0 0 0 1 0 0 0 0 0 0 0 0 0 0 0 0 0 0 0 0 0 0 0 0 0 0 0 0 0 0 0 0 0 0 0 0 0 0 0 0 0 0 0 0 0 0 0 0 0 0 0 0 0 0 0 0 0 0 0 0 0 0 0 0 0 0 0 0 0 0 0 0 0 0 0 0 0 0]
[1532376955168516821069962084313275907129591053954675791178561401666554196773051714913655545512699898896951698282408853733319691661241087817683335668144989347112707597814815062887688477244469329595048618845315897092417561060415658871417486132639119217569855630204096463533750025 0 0 0 0 0 0 0 0 0 0 0 0 0 0 0 0 0 1 0 0 0 0 0 0 0 0 0 0 0 0 0 0 0 0 0 0 0 0 0 0 0 0 0 0 0 0 0 0 0 0 0 0 0 0 0 0 0 0 0 0 0 0 0 0 0 0 0 0 0 0 0 0 0 0 0 0 0 0 0 0 0 0 0 0 0 0 0 0 0 0 0]
[3138687750944576969311398812013937521392571007658727479094438344112442854443534271014563571332724265900819336589262541229349045257837679353504891317826215426966372015463097023242803263440186058170609593842196409969885525458166362970822497809659372922858871661404182800695357260 0 0 0 0 0 0 0 0 0 0 0 0 0 0 0 0 0 0 1 0 0 0 0 0 0 0 0 0 0 0 0 0 0 0 0 0 0 0 0 0 0 0 0 0 0 0 0 0 0 0 0 0 0 0 0 0 0 0 0 0 0 0 0 0 0 0 0 0 0 0 0 0 0 0 0 0 0 0 0 0 0 0 0 0 0 0 0 0 0 0 0]
[3808535829165504576611377918837499958735493458841480619106716655480364728088137332688650086357394754131759812810217823766525953683882620403990488472462951458132627314822494952169513706126318617417798223239084125734716153224701911093052632732142709809801395671209116135889252674 0 0 0 0 0 0 0 0 0 0 0 0 0 0 0 0 0 0 0 1 0 0 0 0 0 0 0 0 0 0 0 0 0 0 0 0 0 0 0 0 0 0 0 0 0 0 0 0 0 0 0 0 0 0 0 0 0 0 0 0 0 0 0 0 0 0 0 0 0 0 0 0 0 0 0 0 0 0 0 0 0 0 0 0 0 0 0 0 0 0 0]
[243370460982867904994336587001698902076735699397148275198306541642280047025669334576166978726022717539761439218157195164158238405960229465599484030207854941099793418458448004486614561466452790894109939982733051112723111544535626358960605695830263917168242309931885196656110270 0 0 0 0 0 0 0 0 0 0 0 0 0 0 0 0 0 0 0 0 1 0 0 0 0 0 0 0 0 0 0 0 0 0 0 0 0 0 0 0 0 0 0 0 0 0 0 0 0 0 0 0 0 0 0 0 0 0 0 0 0 0 0 0 0 0 0 0 0 0 0 0 0 0 0 0 0 0 0 0 0 0 0 0 0 0 0 0 0 0 0]
[3218427173952542552697613657038534320783731638369961108057096030781381347999665495844591255399841835465608376464779173538292250868966950896284730956696393771103105271012132621130399175571344690067869155393014865297575612983611136568251583638057311234529302143118446823272958324 0 0 0 0 0 0 0 0 0 0 0 0 0 0 0 0 0 0 0 0 0 1 0 0 0 0 0 0 0 0 0 0 0 0 0 0 0 0 0 0 0 0 0 0 0 0 0 0 0 0 0 0 0 0 0 0 0 0 0 0 0 0 0 0 0 0 0 0 0 0 0 0 0 0 0 0 0 0 0 0 0 0 0 0 0 0 0 0 0 0 0]
[1294613329663284739897592029578340081770985209172206088919981850405442815855546130815664911595624130680122005486167158042466656345870905446301125634134630080009698513262638667376577951200981053771565523813882697439912144218496975011405252583211516579561770399838876162683050560 0 0 0 0 0 0 0 0 0 0 0 0 0 0 0 0 0 0 0 0 0 0 1 0 0 0 0 0 0 0 0 0 0 0 0 0 0 0 0 0 0 0 0 0 0 0 0 0 0 0 0 0 0 0 0 0 0 0 0 0 0 0 0 0 0 0 0 0 0 0 0 0 0 0 0 0 0 0 0 0 0 0 0 0 0 0 0 0 0 0 0]
[251040877571179817409362579350655099508313850480307655669697856391416453412045986819101963759273425135273222179645309835032477304872578578119161786286880075068814703608530993282168130494979539545562447702974547966740131629037783477726717565312028881941042505650650632201714734 0 0 0 0 0 0 0 0 0 0 0 0 0 0 0 0 0 0 0 0 0 0 0 1 0 0 0 0 0 0 0 0 0 0 0 0 0 0 0 0 0 0 0 0 0 0 0 0 0 0 0 0 0 0 0 0 0 0 0 0 0 0 0 0 0 0 0 0 0 0 0 0 0 0 0 0 0 0 0 0 0 0 0 0 0 0 0 0 0 0 0]
[4256232883290568477967808253414218982730008670237437233898148887054276140371524213945235945952378850652229334351709005320609955748736615266475186589644036841272531323603293861926959400657733575965677932723922948903434481673802842914198053047849552502529083856057376442695105174 0 0 0 0 0 0 0 0 0 0 0 0 0 0 0 0 0 0 0 0 0 0 0 0 1 0 0 0 0 0 0 0 0 0 0 0 0 0 0 0 0 0 0 0 0 0 0 0 0 0 0 0 0 0 0 0 0 0 0 0 0 0 0 0 0 0 0 0 0 0 0 0 0 0 0 0 0 0 0 0 0 0 0 0 0 0 0 0 0 0 0]
[2291763104989013914425544483762122172768924172520904090033905611757055840728108112994350337887270822152836785542008936383885330775631309948150334469400563421807693198146860662752674844633776759683899860431598070819610702972105566845178813198492766556296555745689749604535916507 0 0 0 0 0 0 0 0 0 0 0 0 0 0 0 0 0 0 0 0 0 0 0 0 0 1 0 0 0 0 0 0 0 0 0 0 0 0 0 0 0 0 0 0 0 0 0 0 0 0 0 0 0 0 0 0 0 0 0 0 0 0 0 0 0 0 0 0 0 0 0 0 0 0 0 0 0 0 0 0 0 0 0 0 0 0 0 0 0 0 0]
[555053655661053035869253094367298574248804587633705203927964161177998640856164662150027945539729906621720667813027952901854608391032290724133333579603283881435097171709328476696892168717381047002006742268249389485243090778294586983219519374431667647048337918740851159263489451 0 0 0 0 0 0 0 0 0 0 0 0 0 0 0 0 0 0 0 0 0 0 0 0 0 0 1 0 0 0 0 0 0 0 0 0 0 0 0 0 0 0 0 0 0 0 0 0 0 0 0 0 0 0 0 0 0 0 0 0 0 0 0 0 0 0 0 0 0 0 0 0 0 0 0 0 0 0 0 0 0 0 0 0 0 0 0 0 0 0 0]
[3674410779416938584270961789959347728850104414567672914753920422854924474826349935798503048797130751860133325935557662227998261747237011543500985102460972447727828263914413399546055948227489773204503239311876496071012985719618662787597999951592556471200245098004210758992755294 0 0 0 0 0 0 0 0 0 0 0 0 0 0 0 0 0 0 0 0 0 0 0 0 0 0 0 1 0 0 0 0 0 0 0 0 0 0 0 0 0 0 0 0 0 0 0 0 0 0 0 0 0 0 0 0 0 0 0 0 0 0 0 0 0 0 0 0 0 0 0 0 0 0 0 0 0 0 0 0 0 0 0 0 0 0 0 0 0 0 0]
[4483816833208089066125152086982389854479995953787492327769245407002922083249209970399305519711441393208867785306779490701874233874664832577458036945534443894993633133692329967869999923526661948979185560321372915558548957444867407174600684297057674324978804773827973276309478674 0 0 0 0 0 0 0 0 0 0 0 0 0 0 0 0 0 0 0 0 0 0 0 0 0 0 0 0 1 0 0 0 0 0 0 0 0 0 0 0 0 0 0 0 0 0 0 0 0 0 0 0 0 0 0 0 0 0 0 0 0 0 0 0 0 0 0 0 0 0 0 0 0 0 0 0 0 0 0 0 0 0 0 0 0 0 0 0 0 0 0]
[4314492159031416731525069796811015097843954420705600288593081005157977829133567300556271662958991043677050854138358034222001565261846486249113075572519322067317404927647999917179236090480259102977043501531793646466795539194683253783058771138050809860036491006783975357741204753 0 0 0 0 0 0 0 0 0 0 0 0 0 0 0 0 0 0 0 0 0 0 0 0 0 0 0 0 0 1 0 0 0 0 0 0 0 0 0 0 0 0 0 0 0 0 0 0 0 0 0 0 0 0 0 0 0 0 0 0 0 0 0 0 0 0 0 0 0 0 0 0 0 0 0 0 0 0 0 0 0 0 0 0 0 0 0 0 0 0 0]
[5754879321318579927236153311861223115132832150710547019868151810994728271821772941718370247008028429486430108858491093116820856289924317459604789196804792140135586417861467201785725040193820925347258980743638669730023567345332431653615206040015427665205990610914749172453425489 0 0 0 0 0 0 0 0 0 0 0 0 0 0 0 0 0 0 0 0 0 0 0 0 0 0 0 0 0 0 1 0 0 0 0 0 0 0 0 0 0 0 0 0 0 0 0 0 0 0 0 0 0 0 0 0 0 0 0 0 0 0 0 0 0 0 0 0 0 0 0 0 0 0 0 0 0 0 0 0 0 0 0 0 0 0 0 0 0 0 0]
[2400539810496964548132465453270201897529063315450752148129112464846811702027205109942601884923376256412093428403172287998286795406156618714954217513139700354173425849781088848929654312755901302105887986489799911451697559259841502343050338472102885141958672409673694306460245880 0 0 0 0 0 0 0 0 0 0 0 0 0 0 0 0 0 0 0 0 0 0 0 0 0 0 0 0 0 0 0 1 0 0 0 0 0 0 0 0 0 0 0 0 0 0 0 0 0 0 0 0 0 0 0 0 0 0 0 0 0 0 0 0 0 0 0 0 0 0 0 0 0 0 0 0 0 0 0 0 0 0 0 0 0 0 0 0 0 0 0]
[5283472003254451876797325794423336430607229863099959946279415709436685677327918638416183794647097189639546110749861526502346888112119208043653783696765271771061365164927377231568031066510140483107958990862572547072585142694764931352366433780530987034888338039819514341728566730 0 0 0 0 0 0 0 0 0 0 0 0 0 0 0 0 0 0 0 0 0 0 0 0 0 0 0 0 0 0 0 0 1 0 0 0 0 0 0 0 0 0 0 0 0 0 0 0 0 0 0 0 0 0 0 0 0 0 0 0 0 0 0 0 0 0 0 0 0 0 0 0 0 0 0 0 0 0 0 0 0 0 0 0 0 0 0 0 0 0 0]
[438527324576196594799592903490845379300876172153197527872151006010693388745392690576896796220938521415384935181581119096044955037384168542459842700643448652653649663948863259501096101367599010695807410456577400102504931188422513497176988907097870626473388555222862367470054926 0 0 0 0 0 0 0 0 0 0 0 0 0 0 0 0 0 0 0 0 0 0 0 0 0 0 0 0 0 0 0 0 0 1 0 0 0 0 0 0 0 0 0 0 0 0 0 0 0 0 0 0 0 0 0 0 0 0 0 0 0 0 0 0 0 0 0 0 0 0 0 0 0 0 0 0 0 0 0 0 0 0 0 0 0 0 0 0 0 0 0]
[4421473513455696043378734802341510608780791560841048107495796328932323262565995551307711423454552737659153289706346039839980232580477068623774396013191564407610304626920371509963455962500386931689333079014179353892476233796228469756966060529860806235980460641153667928111591844 0 0 0 0 0 0 0 0 0 0 0 0 0 0 0 0 0 0 0 0 0 0 0 0 0 0 0 0 0 0 0 0 0 0 1 0 0 0 0 0 0 0 0 0 0 0 0 0 0 0 0 0 0 0 0 0 0 0 0 0 0 0 0 0 0 0 0 0 0 0 0 0 0 0 0 0 0 0 0 0 0 0 0 0 0 0 0 0 0 0 0]
[3184741736176928393904770643679555909442658064090708395686833773650867485355079046028607717754302970210432240395604041061288592193605372814019399345040004898524284943095069542786126954197206545324251685998389091542301864377262762566253125626019803077824321256175452227171685615 0 0 0 0 0 0 0 0 0 0 0 0 0 0 0 0 0 0 0 0 0 0 0 0 0 0 0 0 0 0 0 0 0 0 0 1 0 0 0 0 0 0 0 0 0 0 0 0 0 0 0 0 0 0 0 0 0 0 0 0 0 0 0 0 0 0 0 0 0 0 0 0 0 0 0 0 0 0 0 0 0 0 0 0 0 0 0 0 0 0 0]
[1822502724225505579938995265530124259352199661145829483138199029309169940707190655246135312514124622112673076484257071463582183521417414040038622277378397955481490325439672664082662251432297353816982557158004227874007376540765317365283626679048487898045997717922643012092484200 0 0 0 0 0 0 0 0 0 0 0 0 0 0 0 0 0 0 0 0 0 0 0 0 0 0 0 0 0 0 0 0 0 0 0 0 1 0 0 0 0 0 0 0 0 0 0 0 0 0 0 0 0 0 0 0 0 0 0 0 0 0 0 0 0 0 0 0 0 0 0 0 0 0 0 0 0 0 0 0 0 0 0 0 0 0 0 0 0 0 0]
[3449760781337775486979638407599361110261769401659996612849327526664798145702276258140025534998858215216468737201285222515793852429652017196783724806293853048655874940040601340672836969603253554820048113550945239687291308580381094865005074459171116968730282397439857321838590705 0 0 0 0 0 0 0 0 0 0 0 0 0 0 0 0 0 0 0 0 0 0 0 0 0 0 0 0 0 0 0 0 0 0 0 0 0 1 0 0 0 0 0 0 0 0 0 0 0 0 0 0 0 0 0 0 0 0 0 0 0 0 0 0 0 0 0 0 0 0 0 0 0 0 0 0 0 0 0 0 0 0 0 0 0 0 0 0 0 0 0]
[1368186674787732443187787527685695580183958042762085152384715309782244290540263792580149817090672970323378563439643806993573565142661552433410353249336237810759468953279718561249528893026171125737145360363341501669984718834449633415238353788972214762170125207290442413565926304 0 0 0 0 0 0 0 0 0 0 0 0 0 0 0 0 0 0 0 0 0 0 0 0 0 0 0 0 0 0 0 0 0 0 0 0 0 0 1 0 0 0 0 0 0 0 0 0 0 0 0 0 0 0 0 0 0 0 0 0 0 0 0 0 0 0 0 0 0 0 0 0 0 0 0 0 0 0 0 0 0 0 0 0 0 0 0 0 0 0 0]
[4566504295162396705485103743201065489588413859573199879132435921859063158957600981545049484622049924417801698069860670135095980526199603591224491401640742736938802889622285704977158238335405990630813953756787259552510934966093897304670438451609346462809752866481391732870486658 0 0 0 0 0 0 0 0 0 0 0 0 0 0 0 0 0 0 0 0 0 0 0 0 0 0 0 0 0 0 0 0 0 0 0 0 0 0 0 1 0 0 0 0 0 0 0 0 0 0 0 0 0 0 0 0 0 0 0 0 0 0 0 0 0 0 0 0 0 0 0 0 0 0 0 0 0 0 0 0 0 0 0 0 0 0 0 0 0 0 0]
[1768122396676568741506714557615553376956879282763383056664604843985835663460143402568077280442088945498406889733271893356860673441846968868894091667998647863176726276730275914016490314369541215068695780085199794963731126381223922396734361825492536734934879007740129972986047284 0 0 0 0 0 0 0 0 0 0 0 0 0 0 0 0 0 0 0 0 0 0 0 0 0 0 0 0 0 0 0 0 0 0 0 0 0 0 0 0 1 0 0 0 0 0 0 0 0 0 0 0 0 0 0 0 0 0 0 0 0 0 0 0 0 0 0 0 0 0 0 0 0 0 0 0 0 0 0 0 0 0 0 0 0 0 0 0 0 0 0]
[1924860013397043268841104228593315103067316366849916178458943910325785610911279503950276556198012962776168024194015960612635057571831723637733977812513437643717603957596365221278501053757680513253034861042064917221926805534047689462693985781712571793750266559950791314406861700 0 0 0 0 0 0 0 0 0 0 0 0 0 0 0 0 0 0 0 0 0 0 0 0 0 0 0 0 0 0 0 0 0 0 0 0 0 0 0 0 0 1 0 0 0 0 0 0 0 0 0 0 0 0 0 0 0 0 0 0 0 0 0 0 0 0 0 0 0 0 0 0 0 0 0 0 0 0 0 0 0 0 0 0 0 0 0 0 0 0 0]
[3141422030763430235278954781199262556161426539078383428119215891920710030718573173520747715946509301064107827449274163242203374020050494709786593128871432193969983069565169340288824699077179501847278458875589288819493218505434052459442642533136681792676664928267931331658477018 0 0 0 0 0 0 0 0 0 0 0 0 0 0 0 0 0 0 0 0 0 0 0 0 0 0 0 0 0 0 0 0 0 0 0 0 0 0 0 0 0 0 1 0 0 0 0 0 0 0 0 0 0 0 0 0 0 0 0 0 0 0 0 0 0 0 0 0 0 0 0 0 0 0 0 0 0 0 0 0 0 0 0 0 0 0 0 0 0 0 0]
[1563102002062937503964638837209546472398679848464692177796451620526054000337188375150626915049016822892817595810683028109076201672014941818637461278804713105903941875240353897257499552087491460651486326883056528495355581389518694636851801733663099757293801947996402467181566130 0 0 0 0 0 0 0 0 0 0 0 0 0 0 0 0 0 0 0 0 0 0 0 0 0 0 0 0 0 0 0 0 0 0 0 0 0 0 0 0 0 0 0 1 0 0 0 0 0 0 0 0 0 0 0 0 0 0 0 0 0 0 0 0 0 0 0 0 0 0 0 0 0 0 0 0 0 0 0 0 0 0 0 0 0 0 0 0 0 0 0]
[4397664590688030623780848287931539019420657409410654436429555657983842449977534142769391324767965174314932418852312929130428291097070635054066754997484356887740762439962346229089590468776970975522163455439309118962290303619665774816815953307275165216023125967015573741831236775 0 0 0 0 0 0 0 0 0 0 0 0 0 0 0 0 0 0 0 0 0 0 0 0 0 0 0 0 0 0 0 0 0 0 0 0 0 0 0 0 0 0 0 0 1 0 0 0 0 0 0 0 0 0 0 0 0 0 0 0 0 0 0 0 0 0 0 0 0 0 0 0 0 0 0 0 0 0 0 0 0 0 0 0 0 0 0 0 0 0 0]
[5620264907831048257830809701640004200493377700526930219091469852439110568404143531524383547206630904648386181691140794740744276742857870327923398446271940936136232109998684904980840167034482430568762631853863154414516146876748785503252322588436858387314289381509076128689751998 0 0 0 0 0 0 0 0 0 0 0 0 0 0 0 0 0 0 0 0 0 0 0 0 0 0 0 0 0 0 0 0 0 0 0 0 0 0 0 0 0 0 0 0 0 1 0 0 0 0 0 0 0 0 0 0 0 0 0 0 0 0 0 0 0 0 0 0 0 0 0 0 0 0 0 0 0 0 0 0 0 0 0 0 0 0 0 0 0 0 0]
[3606118760821727779951922931209608879314485013392254900299517969108630755429900120582538774690411211447532481559151135753597878966238582337507530559529462028224867450026125524029309701634455058756635753549657408769008065218377131841188285409643477470043588961490051724835527547 0 0 0 0 0 0 0 0 0 0 0 0 0 0 0 0 0 0 0 0 0 0 0 0 0 0 0 0 0 0 0 0 0 0 0 0 0 0 0 0 0 0 0 0 0 0 1 0 0 0 0 0 0 0 0 0 0 0 0 0 0 0 0 0 0 0 0 0 0 0 0 0 0 0 0 0 0 0 0 0 0 0 0 0 0 0 0 0 0 0 0]
[1371649980847176439489366589036468163595289385333856226930963183821183468189694266997913754756885618099122967196318879397852590274968535238243315175097140962587138967993797067887193129701618879130124396758516472652252399098108073735248527775770657736560211254283059714202108562 0 0 0 0 0 0 0 0 0 0 0 0 0 0 0 0 0 0 0 0 0 0 0 0 0 0 0 0 0 0 0 0 0 0 0 0 0 0 0 0 0 0 0 0 0 0 0 1 0 0 0 0 0 0 0 0 0 0 0 0 0 0 0 0 0 0 0 0 0 0 0 0 0 0 0 0 0 0 0 0 0 0 0 0 0 0 0 0 0 0 0]
[4801345732256246759472525622751767975448086215657403468930845656135189816062531795462570094135727387666224208503278542455187602928166507506939622286202796709227100114655213123355230477334614682284454770403698241149490762544646888763262660882563762842604951246907947765769834887 0 0 0 0 0 0 0 0 0 0 0 0 0 0 0 0 0 0 0 0 0 0 0 0 0 0 0 0 0 0 0 0 0 0 0 0 0 0 0 0 0 0 0 0 0 0 0 0 1 0 0 0 0 0 0 0 0 0 0 0 0 0 0 0 0 0 0 0 0 0 0 0 0 0 0 0 0 0 0 0 0 0 0 0 0 0 0 0 0 0 0]
[5471950289915834608334944938992525008437465589049809936911068683321361943411399845491538317915627522871810098557363610047703062983379983047966355188927713922661109313072853682962327945815420230138990010331487734076778737290159750476946509392323023524832941733323630912492985123 0 0 0 0 0 0 0 0 0 0 0 0 0 0 0 0 0 0 0 0 0 0 0 0 0 0 0 0 0 0 0 0 0 0 0 0 0 0 0 0 0 0 0 0 0 0 0 0 0 1 0 0 0 0 0 0 0 0 0 0 0 0 0 0 0 0 0 0 0 0 0 0 0 0 0 0 0 0 0 0 0 0 0 0 0 0 0 0 0 0 0]
[957435356698634647797885004063643121152865721944554670451458737350135373279835625919349303559330473872941189208389877877317487397531102432764734545727552359065428714325472591035390853314212787411841190244592500911620880712222020041487480703420865725338160700347832446467667374 0 0 0 0 0 0 0 0 0 0 0 0 0 0 0 0 0 0 0 0 0 0 0 0 0 0 0 0 0 0 0 0 0 0 0 0 0 0 0 0 0 0 0 0 0 0 0 0 0 0 1 0 0 0 0 0 0 0 0 0 0 0 0 0 0 0 0 0 0 0 0 0 0 0 0 0 0 0 0 0 0 0 0 0 0 0 0 0 0 0 0]
[5926717216743476881721149657649286269685847693924612334474011431814553770416783278621230463202441077447776950711416174853037809575731065445818738005808719044672436946725431547772857723552586012944875905141285628201668750653740576288929014228425370744053884491127620747355682236 0 0 0 0 0 0 0 0 0 0 0 0 0 0 0 0 0 0 0 0 0 0 0 0 0 0 0 0 0 0 0 0 0 0 0 0 0 0 0 0 0 0 0 0 0 0 0 0 0 0 0 1 0 0 0 0 0 0 0 0 0 0 0 0 0 0 0 0 0 0 0 0 0 0 0 0 0 0 0 0 0 0 0 0 0 0 0 0 0 0 0]
[1529060014821783488468068915377513987645933944208571077463654977522539258657782792220578588334716923156943070743909063868309527549192563183985399212939970601362837031925072831756487770548053737174701055714619554555585007049841670202168727783375831271249358598297726034055038222 0 0 0 0 0 0 0 0 0 0 0 0 0 0 0 0 0 0 0 0 0 0 0 0 0 0 0 0 0 0 0 0 0 0 0 0 0 0 0 0 0 0 0 0 0 0 0 0 0 0 0 0 1 0 0 0 0 0 0 0 0 0 0 0 0 0 0 0 0 0 0 0 0 0 0 0 0 0 0 0 0 0 0 0 0 0 0 0 0 0 0]
[3256617194842709244292157914503114384342893302097738260575046499681346649571972283622614356977215192895629279083904548350558004290292224308800052254489714794173693407605871255413279903330367605484020153163814181034406585599646275361307126369352146868620793617461028727211586860 0 0 0 0 0 0 0 0 0 0 0 0 0 0 0 0 0 0 0 0 0 0 0 0 0 0 0 0 0 0 0 0 0 0 0 0 0 0 0 0 0 0 0 0 0 0 0 0 0 0 0 0 0 1 0 0 0 0 0 0 0 0 0 0 0 0 0 0 0 0 0 0 0 0 0 0 0 0 0 0 0 0 0 0 0 0 0 0 0 0 0]
[5524372530720684784622366049375613954959929440298172944471937287232108431679836915176787834594928868082683650150957834586243433856083965580261824737569996019261382065426728905133748377234955652718828807628535106050564019453813093727671777966283145374298405920048767401485812710 0 0 0 0 0 0 0 0 0 0 0 0 0 0 0 0 0 0 0 0 0 0 0 0 0 0 0 0 0 0 0 0 0 0 0 0 0 0 0 0 0 0 0 0 0 0 0 0 0 0 0 0 0 0 1 0 0 0 0 0 0 0 0 0 0 0 0 0 0 0 0 0 0 0 0 0 0 0 0 0 0 0 0 0 0 0 0 0 0 0 0]
[4522558025290032984838913090445122243557692319702110759863655731679444413168071232766421904645285710840268289086795760595875688575596267002593639620120304804422230492161101143377227594542998300559247218309223875383599727700641006628188959478404427687939796285489512657269646545 0 0 0 0 0 0 0 0 0 0 0 0 0 0 0 0 0 0 0 0 0 0 0 0 0 0 0 0 0 0 0 0 0 0 0 0 0 0 0 0 0 0 0 0 0 0 0 0 0 0 0 0 0 0 0 1 0 0 0 0 0 0 0 0 0 0 0 0 0 0 0 0 0 0 0 0 0 0 0 0 0 0 0 0 0 0 0 0 0 0 0]
[5102094081712802572524954836091787095390406804468767242199616275832597850750518539083807685549472616682513835019014461050089124485159667570544668060639034139464028653824746479813035273240763330570103653087143093194459233139590088745128462556017135533297551753310733123570665764 0 0 0 0 0 0 0 0 0 0 0 0 0 0 0 0 0 0 0 0 0 0 0 0 0 0 0 0 0 0 0 0 0 0 0 0 0 0 0 0 0 0 0 0 0 0 0 0 0 0 0 0 0 0 0 0 1 0 0 0 0 0 0 0 0 0 0 0 0 0 0 0 0 0 0 0 0 0 0 0 0 0 0 0 0 0 0 0 0 0 0]
[239186442145693281476326530757281689083104327379245955433491059037727318430761035550392339411918072529247153637816056984105197881853606140121487920765761977882978244276826707826030103697327100595350773539644565791765802922307917232398008783992703031600506963361487777945421663 0 0 0 0 0 0 0 0 0 0 0 0 0 0 0 0 0 0 0 0 0 0 0 0 0 0 0 0 0 0 0 0 0 0 0 0 0 0 0 0 0 0 0 0 0 0 0 0 0 0 0 0 0 0 0 0 0 1 0 0 0 0 0 0 0 0 0 0 0 0 0 0 0 0 0 0 0 0 0 0 0 0 0 0 0 0 0 0 0 0 0]
[1383633109933683262870945178735446415843654442057859953959993720381523679736924789032351332703964847046740908901601108688844084691324465592092769786965275799571871419037748268303075529108037678218218158336754618662074817837442873701501100217789677449546465632815933377265782453 0 0 0 0 0 0 0 0 0 0 0 0 0 0 0 0 0 0 0 0 0 0 0 0 0 0 0 0 0 0 0 0 0 0 0 0 0 0 0 0 0 0 0 0 0 0 0 0 0 0 0 0 0 0 0 0 0 0 1 0 0 0 0 0 0 0 0 0 0 0 0 0 0 0 0 0 0 0 0 0 0 0 0 0 0 0 0 0 0 0 0]
[5141788597568073118692582048178535909567713131712861254810691745603623202439767325049134150400686952235668721787081771799494587318746819937078625470694440172856145368105568351678749806572367027941038131906713372823012233841777835593775355713222409161715375822033953022758076197 0 0 0 0 0 0 0 0 0 0 0 0 0 0 0 0 0 0 0 0 0 0 0 0 0 0 0 0 0 0 0 0 0 0 0 0 0 0 0 0 0 0 0 0 0 0 0 0 0 0 0 0 0 0 0 0 0 0 0 1 0 0 0 0 0 0 0 0 0 0 0 0 0 0 0 0 0 0 0 0 0 0 0 0 0 0 0 0 0 0 0]
[3443589378541203032879498134423469647506794980827575949880982805050377227396683620317052952978076672288020288869783524047490479945613173861772740928987264946520454087537712644624462339612198726355684998761788411469678966240404166486204178797025438731389543428775431656430434386 0 0 0 0 0 0 0 0 0 0 0 0 0 0 0 0 0 0 0 0 0 0 0 0 0 0 0 0 0 0 0 0 0 0 0 0 0 0 0 0 0 0 0 0 0 0 0 0 0 0 0 0 0 0 0 0 0 0 0 0 1 0 0 0 0 0 0 0 0 0 0 0 0 0 0 0 0 0 0 0 0 0 0 0 0 0 0 0 0 0 0]
[1747274219043615346304885706057826174449528666610316027840219029390637129040831886067141730425321612353232947076466085998404248945176232540923313780184303700135505020186300347043072961214798398821255625530261849020515748634781716944800272647015375859386837052967200154463035269 0 0 0 0 0 0 0 0 0 0 0 0 0 0 0 0 0 0 0 0 0 0 0 0 0 0 0 0 0 0 0 0 0 0 0 0 0 0 0 0 0 0 0 0 0 0 0 0 0 0 0 0 0 0 0 0 0 0 0 0 0 1 0 0 0 0 0 0 0 0 0 0 0 0 0 0 0 0 0 0 0 0 0 0 0 0 0 0 0 0 0]
[3455125138713579833687859507435837912735006098682363600367204611778395183937045286606635357564070391898611990186066543574233264478385101615966103194317860917896445848077600704094439643014290911110258105781079908558240548277788961537079867805265163478097407200003770676115385261 0 0 0 0 0 0 0 0 0 0 0 0 0 0 0 0 0 0 0 0 0 0 0 0 0 0 0 0 0 0 0 0 0 0 0 0 0 0 0 0 0 0 0 0 0 0 0 0 0 0 0 0 0 0 0 0 0 0 0 0 0 0 1 0 0 0 0 0 0 0 0 0 0 0 0 0 0 0 0 0 0 0 0 0 0 0 0 0 0 0 0]
[2017605159929104190906457097622407404859654722912089306462250495160562541818798667783047377062809255950778334775466149743003786876769509969798070865546486161347661248523400307345432375531627265823657781318895968840344247413312789663314888917351260455059135175694683623238769470 0 0 0 0 0 0 0 0 0 0 0 0 0 0 0 0 0 0 0 0 0 0 0 0 0 0 0 0 0 0 0 0 0 0 0 0 0 0 0 0 0 0 0 0 0 0 0 0 0 0 0 0 0 0 0 0 0 0 0 0 0 0 0 1 0 0 0 0 0 0 0 0 0 0 0 0 0 0 0 0 0 0 0 0 0 0 0 0 0 0 0]
[997930122360465760506916056280498456501294032454351796713093783287382572928066797293218650726535398467592394995944971935895336041718127447477806907710173742146118860828557671324889574778786608052580665679025611565282641123462062111923119828308127163813724312542254426400175195 0 0 0 0 0 0 0 0 0 0 0 0 0 0 0 0 0 0 0 0 0 0 0 0 0 0 0 0 0 0 0 0 0 0 0 0 0 0 0 0 0 0 0 0 0 0 0 0 0 0 0 0 0 0 0 0 0 0 0 0 0 0 0 0 1 0 0 0 0 0 0 0 0 0 0 0 0 0 0 0 0 0 0 0 0 0 0 0 0 0 0]
[318329911245266911413848475424764878161817369990426972933127706843765228446417748127541324665525641859876821202100965856798629124815493216354798091459329211165497578139918886072122456786102375431463865093142006719923425443931973827855297874400729159813036529148426327989055579 0 0 0 0 0 0 0 0 0 0 0 0 0 0 0 0 0 0 0 0 0 0 0 0 0 0 0 0 0 0 0 0 0 0 0 0 0 0 0 0 0 0 0 0 0 0 0 0 0 0 0 0 0 0 0 0 0 0 0 0 0 0 0 0 0 1 0 0 0 0 0 0 0 0 0 0 0 0 0 0 0 0 0 0 0 0 0 0 0 0 0]
[5059058466408190007639461403497750419775746152542663654707370950864411983974156273333451887277800915102180721496653677519519912406254506798440268224925113651770874053338436489766834382963857191964054840958882337044386540943233751723916955677300976822826897568105518218232989958 0 0 0 0 0 0 0 0 0 0 0 0 0 0 0 0 0 0 0 0 0 0 0 0 0 0 0 0 0 0 0 0 0 0 0 0 0 0 0 0 0 0 0 0 0 0 0 0 0 0 0 0 0 0 0 0 0 0 0 0 0 0 0 0 0 0 1 0 0 0 0 0 0 0 0 0 0 0 0 0 0 0 0 0 0 0 0 0 0 0 0]
[4365408299995317516007595452325674498903943554264650788274298751872946130206229904254722534441164430567458814033467437653422752983941573880588106869252735301797699140663787055781525768642014907829521258970501790625467223619943192210727795662314358487438481790320085300821440527 0 0 0 0 0 0 0 0 0 0 0 0 0 0 0 0 0 0 0 0 0 0 0 0 0 0 0 0 0 0 0 0 0 0 0 0 0 0 0 0 0 0 0 0 0 0 0 0 0 0 0 0 0 0 0 0 0 0 0 0 0 0 0 0 0 0 0 1 0 0 0 0 0 0 0 0 0 0 0 0 0 0 0 0 0 0 0 0 0 0 0]
[2444231725457478305861969990706846549090507805358952563174776984692211967219235436932470409846601656775621443591484833795834402637799412879162771818247825362846566141277322003832294254515734943718610237709803520869321140514308891576336514653055588612504633483955106514544655455 0 0 0 0 0 0 0 0 0 0 0 0 0 0 0 0 0 0 0 0 0 0 0 0 0 0 0 0 0 0 0 0 0 0 0 0 0 0 0 0 0 0 0 0 0 0 0 0 0 0 0 0 0 0 0 0 0 0 0 0 0 0 0 0 0 0 0 0 1 0 0 0 0 0 0 0 0 0 0 0 0 0 0 0 0 0 0 0 0 0 0]
[5950114515672232896194454781372293854221131258258533548136105827547912727022789356337939055628402678541520680102861490339855330570718967821578127044060694542649958196701975843247837591298486233853433620669799680055467799168305782106112293485241763500109764559202588271209480739 0 0 0 0 0 0 0 0 0 0 0 0 0 0 0 0 0 0 0 0 0 0 0 0 0 0 0 0 0 0 0 0 0 0 0 0 0 0 0 0 0 0 0 0 0 0 0 0 0 0 0 0 0 0 0 0 0 0 0 0 0 0 0 0 0 0 0 0 0 1 0 0 0 0 0 0 0 0 0 0 0 0 0 0 0 0 0 0 0 0 0]
[3124564245409538649542475362566991511736060577265053789488141027030465720696691832081138288882392761273586480676570006458603302483138065758596321811135289212170096798220301005075395108999290583485617923675967303109974142656086858099377316545945521652552655163640594730760686988 0 0 0 0 0 0 0 0 0 0 0 0 0 0 0 0 0 0 0 0 0 0 0 0 0 0 0 0 0 0 0 0 0 0 0 0 0 0 0 0 0 0 0 0 0 0 0 0 0 0 0 0 0 0 0 0 0 0 0 0 0 0 0 0 0 0 0 0 0 0 1 0 0 0 0 0 0 0 0 0 0 0 0 0 0 0 0 0 0 0 0]
[3610917608228822314825299426681180864496083370841727478868467472163521171193165594475692327007283631767727007622506469359550124873983036181963869879611657619010565689033833551059231470089934376003190276648940221495672800846556482915637718119009737901323545190480161384213692055 0 0 0 0 0 0 0 0 0 0 0 0 0 0 0 0 0 0 0 0 0 0 0 0 0 0 0 0 0 0 0 0 0 0 0 0 0 0 0 0 0 0 0 0 0 0 0 0 0 0 0 0 0 0 0 0 0 0 0 0 0 0 0 0 0 0 0 0 0 0 0 1 0 0 0 0 0 0 0 0 0 0 0 0 0 0 0 0 0 0 0]
[4581084871303709845655962641511608201763541235285870787920292097412411056604464057788398617081236601303789865562815914868542533173629462507244528259237949817549210833690497557389375552008632388527845401979725867252739472028730285366800872791198474199908046238840581245488185135 0 0 0 0 0 0 0 0 0 0 0 0 0 0 0 0 0 0 0 0 0 0 0 0 0 0 0 0 0 0 0 0 0 0 0 0 0 0 0 0 0 0 0 0 0 0 0 0 0 0 0 0 0 0 0 0 0 0 0 0 0 0 0 0 0 0 0 0 0 0 0 0 1 0 0 0 0 0 0 0 0 0 0 0 0 0 0 0 0 0 0]
[5635236882420055496128477754233318145795196649143276626886687653886675191888371853739827515182289293609194428452792457662192381708507332477907446545837565394155178498055831522466928777396970109424305487660781331287349424519730208507121093739674703884012844497805212252195335008 0 0 0 0 0 0 0 0 0 0 0 0 0 0 0 0 0 0 0 0 0 0 0 0 0 0 0 0 0 0 0 0 0 0 0 0 0 0 0 0 0 0 0 0 0 0 0 0 0 0 0 0 0 0 0 0 0 0 0 0 0 0 0 0 0 0 0 0 0 0 0 0 0 1 0 0 0 0 0 0 0 0 0 0 0 0 0 0 0 0 0]
[4307102891337726194636017703675394479869336585385295922849975087019606166536500919460081290906647523902501194897461979150109199603434514073490889691229517753765997917642501658672094207724062421103254426917347100345252847582954923234592827402541224083913877219144427942194588662 0 0 0 0 0 0 0 0 0 0 0 0 0 0 0 0 0 0 0 0 0 0 0 0 0 0 0 0 0 0 0 0 0 0 0 0 0 0 0 0 0 0 0 0 0 0 0 0 0 0 0 0 0 0 0 0 0 0 0 0 0 0 0 0 0 0 0 0 0 0 0 0 0 0 1 0 0 0 0 0 0 0 0 0 0 0 0 0 0 0 0]
[5305713347134152719781627209246808911420133244077757675225432067531050835501274619249250274704393124970819569670966326012442108937636221454813940422196480481801153187816629922651424200966776020731834350084334972434538897395280617887775652907608612313285038898941236294455682470 0 0 0 0 0 0 0 0 0 0 0 0 0 0 0 0 0 0 0 0 0 0 0 0 0 0 0 0 0 0 0 0 0 0 0 0 0 0 0 0 0 0 0 0 0 0 0 0 0 0 0 0 0 0 0 0 0 0 0 0 0 0 0 0 0 0 0 0 0 0 0 0 0 0 0 1 0 0 0 0 0 0 0 0 0 0 0 0 0 0 0]
[392930906909250437520089242283923133626614879077241284813302754283405815295583618955765225364026001532712898090435703888684256656355511457522099419230510244909509707519258493195780242110681457512842928634517038160948957497730486716180722981658678555166928181585146964258707008 0 0 0 0 0 0 0 0 0 0 0 0 0 0 0 0 0 0 0 0 0 0 0 0 0 0 0 0 0 0 0 0 0 0 0 0 0 0 0 0 0 0 0 0 0 0 0 0 0 0 0 0 0 0 0 0 0 0 0 0 0 0 0 0 0 0 0 0 0 0 0 0 0 0 0 0 1 0 0 0 0 0 0 0 0 0 0 0 0 0 0]
[836312136111549503878494201378145732020652136189387251752942552133483270637313630900094174456075975774484782106620476343556895133883277473332249018377213341419107247231479629965282754199691099073170793369162293907524885979921803771402545380706672802408321089562128947565042347 0 0 0 0 0 0 0 0 0 0 0 0 0 0 0 0 0 0 0 0 0 0 0 0 0 0 0 0 0 0 0 0 0 0 0 0 0 0 0 0 0 0 0 0 0 0 0 0 0 0 0 0 0 0 0 0 0 0 0 0 0 0 0 0 0 0 0 0 0 0 0 0 0 0 0 0 0 1 0 0 0 0 0 0 0 0 0 0 0 0 0]
[3745232569327888529296341956190773610017122437024649970152880153789104146048450158945711016407635070881664822983403449648847790541438973844716657423836201498209407599361204191820826437503078478474581536374707927592426532888486353123301346581693495174736942028043058313720912267 0 0 0 0 0 0 0 0 0 0 0 0 0 0 0 0 0 0 0 0 0 0 0 0 0 0 0 0 0 0 0 0 0 0 0 0 0 0 0 0 0 0 0 0 0 0 0 0 0 0 0 0 0 0 0 0 0 0 0 0 0 0 0 0 0 0 0 0 0 0 0 0 0 0 0 0 0 0 1 0 0 0 0 0 0 0 0 0 0 0 0]
[2366626360969262700821125445011125604724753610148448150632839807405984967623956861808523328794096834890517887826141159659701894249430946168922176735591839670181303893176245568954895006632904605120214956093093890407745813672245922130238064816173910474624918063130456999265831025 0 0 0 0 0 0 0 0 0 0 0 0 0 0 0 0 0 0 0 0 0 0 0 0 0 0 0 0 0 0 0 0 0 0 0 0 0 0 0 0 0 0 0 0 0 0 0 0 0 0 0 0 0 0 0 0 0 0 0 0 0 0 0 0 0 0 0 0 0 0 0 0 0 0 0 0 0 0 0 1 0 0 0 0 0 0 0 0 0 0 0]
[68546687058666339078932330160335152119063619778780537349909582799425751013516002608514302309198999314872803234642203029514998338729013743821635699626414774456483220355384082041215471160039489765977107580471405244500448567925576746241733062323051919179449988143184551219226572 0 0 0 0 0 0 0 0 0 0 0 0 0 0 0 0 0 0 0 0 0 0 0 0 0 0 0 0 0 0 0 0 0 0 0 0 0 0 0 0 0 0 0 0 0 0 0 0 0 0 0 0 0 0 0 0 0 0 0 0 0 0 0 0 0 0 0 0 0 0 0 0 0 0 0 0 0 0 0 0 1 0 0 0 0 0 0 0 0 0 0]
[2642030429458403081818121652838506999735721652327519583472830640093404855930501441519713550179441846133550065174368136309097305768803913090000331110838779074226723225419351589702468634484356177466113953826676851337397848640389232820538236055485758782163486663802688346602007854 0 0 0 0 0 0 0 0 0 0 0 0 0 0 0 0 0 0 0 0 0 0 0 0 0 0 0 0 0 0 0 0 0 0 0 0 0 0 0 0 0 0 0 0 0 0 0 0 0 0 0 0 0 0 0 0 0 0 0 0 0 0 0 0 0 0 0 0 0 0 0 0 0 0 0 0 0 0 0 0 0 1 0 0 0 0 0 0 0 0 0]
[643601891563681009177468114478497873484927138315206487160987134529504043698706276994325851263257703408498696117914641332606903850290455107611910623175540359976038376662313268978151010629558788148294636170543307924483021963333454015582256028519899967573960649732659237182502829 0 0 0 0 0 0 0 0 0 0 0 0 0 0 0 0 0 0 0 0 0 0 0 0 0 0 0 0 0 0 0 0 0 0 0 0 0 0 0 0 0 0 0 0 0 0 0 0 0 0 0 0 0 0 0 0 0 0 0 0 0 0 0 0 0 0 0 0 0 0 0 0 0 0 0 0 0 0 0 0 0 0 1 0 0 0 0 0 0 0 0]
[5299015175002694630948997638980502695554927433050568401184009280611792129171329230294663267666131714516395504534892382151791121272300717633427443745442827877345316599063677428214661855785191792275076676977394958935808026024593281324601088052540280517902935783668086276387460816 0 0 0 0 0 0 0 0 0 0 0 0 0 0 0 0 0 0 0 0 0 0 0 0 0 0 0 0 0 0 0 0 0 0 0 0 0 0 0 0 0 0 0 0 0 0 0 0 0 0 0 0 0 0 0 0 0 0 0 0 0 0 0 0 0 0 0 0 0 0 0 0 0 0 0 0 0 0 0 0 0 0 0 1 0 0 0 0 0 0 0]
[1676852706878858618937514150225229270605407672027641953009806416109391987007092024476256752375122774021417026705463568971692943529737105552053451198961036402522022573265494217007823530438293884719527536211031675009006459300480608239433870511024136621132328896186603628574585318 0 0 0 0 0 0 0 0 0 0 0 0 0 0 0 0 0 0 0 0 0 0 0 0 0 0 0 0 0 0 0 0 0 0 0 0 0 0 0 0 0 0 0 0 0 0 0 0 0 0 0 0 0 0 0 0 0 0 0 0 0 0 0 0 0 0 0 0 0 0 0 0 0 0 0 0 0 0 0 0 0 0 0 0 1 0 0 0 0 0 0]
[5579422518596049507917036498778549032997354147914495170718921329663897020014668719804735986689674192873249433674963701352750177101296997603765960439900236597692659941745276192895375121177913328207072049198897833357150017394658921456812014110281197395552493516356618866311264200 0 0 0 0 0 0 0 0 0 0 0 0 0 0 0 0 0 0 0 0 0 0 0 0 0 0 0 0 0 0 0 0 0 0 0 0 0 0 0 0 0 0 0 0 0 0 0 0 0 0 0 0 0 0 0 0 0 0 0 0 0 0 0 0 0 0 0 0 0 0 0 0 0 0 0 0 0 0 0 0 0 0 0 0 0 1 0 0 0 0 0]
[1523944705538867056654386542207202330628721173950084326189675104094548871978867706459349281493638188456384923093789005839273057252447162675632219286647185444525661149420671214378803103895048614137184306991264922223406010727168124483585457355162011459695771664952641352235365980 0 0 0 0 0 0 0 0 0 0 0 0 0 0 0 0 0 0 0 0 0 0 0 0 0 0 0 0 0 0 0 0 0 0 0 0 0 0 0 0 0 0 0 0 0 0 0 0 0 0 0 0 0 0 0 0 0 0 0 0 0 0 0 0 0 0 0 0 0 0 0 0 0 0 0 0 0 0 0 0 0 0 0 0 0 0 1 0 0 0 0]
[1690947036784754768269378431355130080176931116672511678401354395822902436094470738575085194734957412278979065303124384340053905418593522221423885687472893228548618142833996005329034799171003486794724652450746655951895315625414766164989246843036455168080502266739736305730319080 0 0 0 0 0 0 0 0 0 0 0 0 0 0 0 0 0 0 0 0 0 0 0 0 0 0 0 0 0 0 0 0 0 0 0 0 0 0 0 0 0 0 0 0 0 0 0 0 0 0 0 0 0 0 0 0 0 0 0 0 0 0 0 0 0 0 0 0 0 0 0 0 0 0 0 0 0 0 0 0 0 0 0 0 0 0 0 1 0 0 0]
[4620669314528908490451721840715530936336912679684216781257959548803526412250661176480011051316014094716883299279805485338304351402463433408583698278418352375970005156954290143717819279625216592766151758218385082416857826196414061091414882198473789043193384753331657643723461961 0 0 0 0 0 0 0 0 0 0 0 0 0 0 0 0 0 0 0 0 0 0 0 0 0 0 0 0 0 0 0 0 0 0 0 0 0 0 0 0 0 0 0 0 0 0 0 0 0 0 0 0 0 0 0 0 0 0 0 0 0 0 0 0 0 0 0 0 0 0 0 0 0 0 0 0 0 0 0 0 0 0 0 0 0 0 0 0 1 0 0]
[4409098861781086440323235387513935387700322622827236290309286881913870200822267783377433369692720233885224921165751104567258086635640063768101768349208740453131691925642128694352237952271295276189083875623717956898162121405290103835413169496836050103989205455596408526363831250 0 0 0 0 0 0 0 0 0 0 0 0 0 0 0 0 0 0 0 0 0 0 0 0 0 0 0 0 0 0 0 0 0 0 0 0 0 0 0 0 0 0 0 0 0 0 0 0 0 0 0 0 0 0 0 0 0 0 0 0 0 0 0 0 0 0 0 0 0 0 0 0 0 0 0 0 0 0 0 0 0 0 0 0 0 0 0 0 0 1 0]
[1783511707900139691629852717125077530365698047844043559649720372413276457340443802067740787603339126742573498001642919865781483316539956144536106870677308592396194466701595720532285573598543719644363315619653111862973532238901990424267261373060128458658934096210029420332408657 0 0 0 0 0 0 0 0 0 0 0 0 0 0 0 0 0 0 0 0 0 0 0 0 0 0 0 0 0 0 0 0 0 0 0 0 0 0 0 0 0 0 0 0 0 0 0 0 0 0 0 0 0 0 0 0 0 0 0 0 0 0 0 0 0 0 0 0 0 0 0 0 0 0 0 0 0 0 0 0 0 0 0 0 0 0 0 0 0 0 1]
]
