[[5434286339861548922838395471541735233738103653105204899793655685212242652036625656841852859486136273767457346139269776606484651918816571945019098984546651312582740717652659106350077075675084340830249619505078903040418917119 0 0 0 0 0 0 0 0 0 0 0 0 0 0 0 0 0 0 0 0 0 0 0 0 0 0 0 0 0 0 0 0 0 0 0 0 0 0 0 0 0 0 0 0 0 0 0 0 0 0 0 0 0 0 0 0 0 0 0 0 0 0 0 0 0 0 0 0 0 0 0 0 0]
[4046354862239347487616595148265907271658340739712127268767689082809611251903913704127627333948160625709687544328305555762019066010235098568796852968598510635994623291983845136614106196065944592307017464168760056557354311315 1 0 0 0 0 0 0 0 0 0 0 0 0 0 0 0 0 0 0 0 0 0 0 0 0 0 0 0 0 0 0 0 0 0 0 0 0 0 0 0 0 0 0 0 0 0 0 0 0 0 0 0 0 0 0 0 0 0 0 0 0 0 0 0 0 0 0 0 0 0 0 0 0]
[4868216448124450657509761741505992048157205861674736090437863953394394782664401942339507627038801297301289772530573909484388457204406271217031463865827730575816249586574049268543585934902912988600280385080313758002396404790 0 1 0 0 0 0 0 0 0 0 0 0 0 0 0 0 0 0 0 0 0 0 0 0 0 0 0 0 0 0 0 0 0 0 0 0 0 0 0 0 0 0 0 0 0 0 0 0 0 0 0 0 0 0 0 0 0 0 0 0 0 0 0 0 0 0 0 0 0 0 0 0 0]
[1517879430415420092528954733151194906727574545693720247822412098719525413236989516447601093487217763801655311254250094657237368085172970227380809231947140599269899463764229247649252431312601716019324422247746207585654980843 0 0 1 0 0 0 0 0 0 0 0 0 0 0 0 0 0 0 0 0 0 0 0 0 0 0 0 0 0 0 0 0 0 0 0 0 0 0 0 0 0 0 0 0 0 0 0 0 0 0 0 0 0 0 0 0 0 0 0 0 0 0 0 0 0 0 0 0 0 0 0 0 0]
[4778899075159475455166809355067084328851443401053749380318103818863708338888723176488260757424628561291203324862798155408429237032916650023684505423912400715740719592899793487123221141799834257180272111619428526021778251787 0 0 0 1 0 0 0 0 0 0 0 0 0 0 0 0 0 0 0 0 0 0 0 0 0 0 0 0 0 0 0 0 0 0 0 0 0 0 0 0 0 0 0 0 0 0 0 0 0 0 0 0 0 0 0 0 0 0 0 0 0 0 0 0 0 0 0 0 0 0 0 0 0]
[1996155924986885509044352484594884920567720578826896404027302304774849133043595913133563202424271724504503652761077458837196915412347892737196350042490958189811481159296895366045839580405679098608572825421716887771370104650 0 0 0 0 1 0 0 0 0 0 0 0 0 0 0 0 0 0 0 0 0 0 0 0 0 0 0 0 0 0 0 0 0 0 0 0 0 0 0 0 0 0 0 0 0 0 0 0 0 0 0 0 0 0 0 0 0 0 0 0 0 0 0 0 0 0 0 0 0 0 0 0 0]
[1099218248249558523344675752296338503899982564786203928445072035185646438531642797902455670025872099168510597204039138747250378296671341442428918012708791350974569544919664890426558092418330925582108230888143608388169847161 0 0 0 0 0 1 0 0 0 0 0 0 0 0 0 0 0 0 0 0 0 0 0 0 0 0 0 0 0 0 0 0 0 0 0 0 0 0 0 0 0 0 0 0 0 0 0 0 0 0 0 0 0 0 0 0 0 0 0 0 0 0 0 0 0 0 0 0 0 0 0 0 0]
[5158071251264631256432476842708348838005265831319820119578136603584295164588121431837029884427297534207356924906306209097068955369089398938633587433059896617554232517657297689292253683805295730514067172901976615911582813029 0 0 0 0 0 0 1 0 0 0 0 0 0 0 0 0 0 0 0 0 0 0 0 0 0 0 0 0 0 0 0 0 0 0 0 0 0 0 0 0 0 0 0 0 0 0 0 0 0 0 0 0 0 0 0 0 0 0 0 0 0 0 0 0 0 0 0 0 0 0 0 0 0]
[5422381164320337346464007393608758422165965244612158791512708676732033419568111876166290858818002576976514601170730077527752395755113509861977005301884623182344355798047062919358722172868199351095133746246193428231514203502 0 0 0 0 0 0 0 1 0 0 0 0 0 0 0 0 0 0 0 0 0 0 0 0 0 0 0 0 0 0 0 0 0 0 0 0 0 0 0 0 0 0 0 0 0 0 0 0 0 0 0 0 0 0 0 0 0 0 0 0 0 0 0 0 0 0 0 0 0 0 0 0 0]
[923919599682757059043772241753624591667211419957462811584901993842407060225856036237449281915998240946679448418329156724659323937580356444824808854336823373413516525655896545837455452517323216032613132651767615459930875252 0 0 0 0 0 0 0 0 1 0 0 0 0 0 0 0 0 0 0 0 0 0 0 0 0 0 0 0 0 0 0 0 0 0 0 0 0 0 0 0 0 0 0 0 0 0 0 0 0 0 0 0 0 0 0 0 0 0 0 0 0 0 0 0 0 0 0 0 0 0 0 0 0]
[5259856675304901385085051637143947192403041227305536272232425220215130642297257735957931107885049969978927531283391384428511311879873080398216378662038030287490405505924814421675169140212941525253068935506940914301654595734 0 0 0 0 0 0 0 0 0 1 0 0 0 0 0 0 0 0 0 0 0 0 0 0 0 0 0 0 0 0 0 0 0 0 0 0 0 0 0 0 0 0 0 0 0 0 0 0 0 0 0 0 0 0 0 0 0 0 0 0 0 0 0 0 0 0 0 0 0 0 0 0 0]
[5206493584884960322581397618918394684408257598778409340790051880165060229306776526579825409941682043847772458457902177737176929496362600179654415474630087771962546542897148823731649212593269994579002643653932801467630082199 0 0 0 0 0 0 0 0 0 0 1 0 0 0 0 0 0 0 0 0 0 0 0 0 0 0 0 0 0 0 0 0 0 0 0 0 0 0 0 0 0 0 0 0 0 0 0 0 0 0 0 0 0 0 0 0 0 0 0 0 0 0 0 0 0 0 0 0 0 0 0 0 0]
[1201193700730247645344745767664086246110472094496042925131639399228101809954806447256152780556579371270807184145618288657586223154099665061857121732941272514600881644831838198181757791924551769859198383391879014910570724383 0 0 0 0 0 0 0 0 0 0 0 1 0 0 0 0 0 0 0 0 0 0 0 0 0 0 0 0 0 0 0 0 0 0 0 0 0 0 0 0 0 0 0 0 0 0 0 0 0 0 0 0 0 0 0 0 0 0 0 0 0 0 0 0 0 0 0 0 0 0 0 0 0]
[2488807337517822456481219136749578565755498774781315254656095283446821942140776996732095474283379658681489064651800020362526034355301601973845829521169172960867855433016726418724107643614359782998279310873024877100936731375 0 0 0 0 0 0 0 0 0 0 0 0 1 0 0 0 0 0 0 0 0 0 0 0 0 0 0 0 0 0 0 0 0 0 0 0 0 0 0 0 0 0 0 0 0 0 0 0 0 0 0 0 0 0 0 0 0 0 0 0 0 0 0 0 0 0 0 0 0 0 0 0 0]
[3135887712153895884957228837210781685597128033141324849256682628710684630469177326952028441253609822691516552638031187542692980585681217282099646784144131010259512708377755793960313501004217766825682292842296791285707229428 0 0 0 0 0 0 0 0 0 0 0 0 0 1 0 0 0 0 0 0 0 0 0 0 0 0 0 0 0 0 0 0 0 0 0 0 0 0 0 0 0 0 0 0 0 0 0 0 0 0 0 0 0 0 0 0 0 0 0 0 0 0 0 0 0 0 0 0 0 0 0 0 0]
[3746274811010568824932186203459141251884612597210151753837029208381132389933882499988263153041293589910160427815647655476877513345981256367897922650696966573481462025646500872927493365787781638489995623675126821839945510949 0 0 0 0 0 0 0 0 0 0 0 0 0 0 1 0 0 0 0 0 0 0 0 0 0 0 0 0 0 0 0 0 0 0 0 0 0 0 0 0 0 0 0 0 0 0 0 0 0 0 0 0 0 0 0 0 0 0 0 0 0 0 0 0 0 0 0 0 0 0 0 0 0]
[1068185454495660419990265195297950466868209337646812660063929327229290719421786941008688954258014892141731123707615239158218203720314342602365421058994624868550983286208401145286701337581375080060034172790885371078233722199 0 0 0 0 0 0 0 0 0 0 0 0 0 0 0 1 0 0 0 0 0 0 0 0 0 0 0 0 0 0 0 0 0 0 0 0 0 0 0 0 0 0 0 0 0 0 0 0 0 0 0 0 0 0 0 0 0 0 0 0 0 0 0 0 0 0 0 0 0 0 0 0 0]
[3950669298060912969722601310018688147044710434332890306622840222950310485771390870875440576816962760914551891469449798480688635960352770313710605816991018944682300620433688852322861709631038073285156759414618160154627699769 0 0 0 0 0 0 0 0 0 0 0 0 0 0 0 0 1 0 0 0 0 0 0 0 0 0 0 0 0 0 0 0 0 0 0 0 0 0 0 0 0 0 0 0 0 0 0 0 0 0 0 0 0 0 0 0 0 0 0 0 0 0 0 0 0 0 0 0 0 0 0 0 0]
[1881322386403871658938700961761026860468184880086427633768969948303625190638956625131116956437260662753601026771015502493274086466822524966193073419808052874486282655115662749310307938275355472304377404484499253565021866310 0 0 0 0 0 0 0 0 0 0 0 0 0 0 0 0 0 1 0 0 0 0 0 0 0 0 0 0 0 0 0 0 0 0 0 0 0 0 0 0 0 0 0 0 0 0 0 0 0 0 0 0 0 0 0 0 0 0 0 0 0 0 0 0 0 0 0 0 0 0 0 0 0]
[139856580708376621450007649568600811282656696264436721489027922772048309117715536836773030546622226299984019467364125332390988625581164052311002889134773908877690451211312945877218964929147765388497794397998507106372903283 0 0 0 0 0 0 0 0 0 0 0 0 0 0 0 0 0 0 1 0 0 0 0 0 0 0 0 0 0 0 0 0 0 0 0 0 0 0 0 0 0 0 0 0 0 0 0 0 0 0 0 0 0 0 0 0 0 0 0 0 0 0 0 0 0 0 0 0 0 0 0 0 0]
[5073281245745413326314552625379603855951937430539149023807421586898723243841570890830255206555392903862906584196394711427680198810578427116296964231939693461747533230763910396309593688177326321396292553312339588808406860701 0 0 0 0 0 0 0 0 0 0 0 0 0 0 0 0 0 0 0 1 0 0 0 0 0 0 0 0 0 0 0 0 0 0 0 0 0 0 0 0 0 0 0 0 0 0 0 0 0 0 0 0 0 0 0 0 0 0 0 0 0 0 0 0 0 0 0 0 0 0 0 0 0]
[4416285947921615228617216010777615256863748160430189012340112967685466186888169310026891084729783455579618037162176494348329546665008603124433463132715642679863263099457314685196640331059110516588899242853204332077548958601 0 0 0 0 0 0 0 0 0 0 0 0 0 0 0 0 0 0 0 0 1 0 0 0 0 0 0 0 0 0 0 0 0 0 0 0 0 0 0 0 0 0 0 0 0 0 0 0 0 0 0 0 0 0 0 0 0 0 0 0 0 0 0 0 0 0 0 0 0 0 0 0 0]
[809824255595819911709525828554927119950119761070033430435939224561721385361548307549216355176426703272965846409594954727906395936640689604152393818647785502534792000021634165747700276646564929487859259256732585452319504475 0 0 0 0 0 0 0 0 0 0 0 0 0 0 0 0 0 0 0 0 0 1 0 0 0 0 0 0 0 0 0 0 0 0 0 0 0 0 0 0 0 0 0 0 0 0 0 0 0 0 0 0 0 0 0 0 0 0 0 0 0 0 0 0 0 0 0 0 0 0 0 0 0]
[3309409164083228962972913008852835317658793195949126766654350464696523471085790323446259716581794175445018183537131468406062601568022472541802914762713496394857173518567150461631249446592490171306357462506971741636144270270 0 0 0 0 0 0 0 0 0 0 0 0 0 0 0 0 0 0 0 0 0 0 1 0 0 0 0 0 0 0 0 0 0 0 0 0 0 0 0 0 0 0 0 0 0 0 0 0 0 0 0 0 0 0 0 0 0 0 0 0 0 0 0 0 0 0 0 0 0 0 0 0 0]
[1351643135176225137725212120767626588095336115725366554918855720448654507528988200944784090476880123118947005894365934656687289683514114094688504372744540339524019183483644209070262377282087517874678576894029891317355561801 0 0 0 0 0 0 0 0 0 0 0 0 0 0 0 0 0 0 0 0 0 0 0 1 0 0 0 0 0 0 0 0 0 0 0 0 0 0 0 0 0 0 0 0 0 0 0 0 0 0 0 0 0 0 0 0 0 0 0 0 0 0 0 0 0 0 0 0 0 0 0 0 0]
[4866788006361540483370167501187900056928770707703726558954425642174549977847783523598195453839413861197191284779897495110767097118578352913553458012505761308421751568579691699646147857771909301258132394218896284977887250242 0 0 0 0 0 0 0 0 0 0 0 0 0 0 0 0 0 0 0 0 0 0 0 0 1 0 0 0 0 0 0 0 0 0 0 0 0 0 0 0 0 0 0 0 0 0 0 0 0 0 0 0 0 0 0 0 0 0 0 0 0 0 0 0 0 0 0 0 0 0 0 0 0]
[864593180992836294792037727828698952251105609162540227289070627682799116125028358280286412027108419281991614063172779373797832550187356597760659203317508401197754881953247244344303710348878991361382188607922018623960707751 0 0 0 0 0 0 0 0 0 0 0 0 0 0 0 0 0 0 0 0 0 0 0 0 0 1 0 0 0 0 0 0 0 0 0 0 0 0 0 0 0 0 0 0 0 0 0 0 0 0 0 0 0 0 0 0 0 0 0 0 0 0 0 0 0 0 0 0 0 0 0 0 0]
[4248939781357129775753167210395500642034195055649565459797423417694278459417851049870013413920684141814293622623618703933464885626485290789819487062063427239671394812249793256885200443826145172282386503051475771495407922113 0 0 0 0 0 0 0 0 0 0 0 0 0 0 0 0 0 0 0 0 0 0 0 0 0 0 1 0 0 0 0 0 0 0 0 0 0 0 0 0 0 0 0 0 0 0 0 0 0 0 0 0 0 0 0 0 0 0 0 0 0 0 0 0 0 0 0 0 0 0 0 0 0]
[1943543021190080899853323425301311380186900162310322727630560537407359155909484947223276143037056224509013067008518617154469012286840738927882926825620380255314155968618880226529782145894570493262839019342909720382929385432 0 0 0 0 0 0 0 0 0 0 0 0 0 0 0 0 0 0 0 0 0 0 0 0 0 0 0 1 0 0 0 0 0 0 0 0 0 0 0 0 0 0 0 0 0 0 0 0 0 0 0 0 0 0 0 0 0 0 0 0 0 0 0 0 0 0 0 0 0 0 0 0 0]
[2359953803022097899094164894707620424161614374654605863099112470374923640015051853747885575138614742980970438302445750481490411831424509463921642057027897866220823709076075238820526140647628946738263566412845302949663486523 0 0 0 0 0 0 0 0 0 0 0 0 0 0 0 0 0 0 0 0 0 0 0 0 0 0 0 0 1 0 0 0 0 0 0 0 0 0 0 0 0 0 0 0 0 0 0 0 0 0 0 0 0 0 0 0 0 0 0 0 0 0 0 0 0 0 0 0 0 0 0 0 0]
[1124096044594469104285312764516789589710447251180518801699629568241262919112221779838476495690232895578618413713260618113407186723164883021083238298929112684238073515054129737246674412050640332826025711851374410795732506157 0 0 0 0 0 0 0 0 0 0 0 0 0 0 0 0 0 0 0 0 0 0 0 0 0 0 0 0 0 1 0 0 0 0 0 0 0 0 0 0 0 0 0 0 0 0 0 0 0 0 0 0 0 0 0 0 0 0 0 0 0 0 0 0 0 0 0 0 0 0 0 0 0]
[5216285220482764792634729969151261523812332986647831507085127023219887156794855470348152152294554941934025094163417003490530657839108394946289344303346340197136377876861021621715705218344927038017198627233452345393234208507 0 0 0 0 0 0 0 0 0 0 0 0 0 0 0 0 0 0 0 0 0 0 0 0 0 0 0 0 0 0 1 0 0 0 0 0 0 0 0 0 0 0 0 0 0 0 0 0 0 0 0 0 0 0 0 0 0 0 0 0 0 0 0 0 0 0 0 0 0 0 0 0 0]
[3959737095395306441645283669961530169349370476426399498852467298355137192693531031375783251116263829965867726344313885449767664100360857773142254856362327511383868645591039827751409979916923174912762050804342854131874292293 0 0 0 0 0 0 0 0 0 0 0 0 0 0 0 0 0 0 0 0 0 0 0 0 0 0 0 0 0 0 0 1 0 0 0 0 0 0 0 0 0 0 0 0 0 0 0 0 0 0 0 0 0 0 0 0 0 0 0 0 0 0 0 0 0 0 0 0 0 0 0 0 0]
[4436809924566487677732377847153627063946822562807493370890951339602676489620254459336315960824205473415092664519725056719131096100300176780386498649312395115491520923846962661212410817707439938178826951115345959438048224968 0 0 0 0 0 0 0 0 0 0 0 0 0 0 0 0 0 0 0 0 0 0 0 0 0 0 0 0 0 0 0 0 1 0 0 0 0 0 0 0 0 0 0 0 0 0 0 0 0 0 0 0 0 0 0 0 0 0 0 0 0 0 0 0 0 0 0 0 0 0 0 0 0]
[2636077132142146611909131143995198216463778652020238994382597723433109951869881682503309960209963141802085846914243862712389800127744944110441390290889066827454326667132308619760628786954420438706725661457622056208860130933 0 0 0 0 0 0 0 0 0 0 0 0 0 0 0 0 0 0 0 0 0 0 0 0 0 0 0 0 0 0 0 0 0 1 0 0 0 0 0 0 0 0 0 0 0 0 0 0 0 0 0 0 0 0 0 0 0 0 0 0 0 0 0 0 0 0 0 0 0 0 0 0 0]
[1645510472853613981660772257503724514523492242682563379312541267372492411290265120757492814955772101633909849470600684882807289753085834194723904955786544796301753819561592775878385352998355181565669744983098127535796522425 0 0 0 0 0 0 0 0 0 0 0 0 0 0 0 0 0 0 0 0 0 0 0 0 0 0 0 0 0 0 0 0 0 0 1 0 0 0 0 0 0 0 0 0 0 0 0 0 0 0 0 0 0 0 0 0 0 0 0 0 0 0 0 0 0 0 0 0 0 0 0 0 0]
[513759751608787623108177171721233883098877718368412545912444026969387806101625939051016395664956163218300591915144403162551825012625035354480024519309971083633961035853667992052936401316668626242198448718731547189700719035 0 0 0 0 0 0 0 0 0 0 0 0 0 0 0 0 0 0 0 0 0 0 0 0 0 0 0 0 0 0 0 0 0 0 0 1 0 0 0 0 0 0 0 0 0 0 0 0 0 0 0 0 0 0 0 0 0 0 0 0 0 0 0 0 0 0 0 0 0 0 0 0 0]
[1850797483094765704170169651697812057735113616827880813013559077327104478605520185127846281523544583063249538972687335208510150354295016823430547657113306002394182919651282990121243293539502788372708248482196487234763078572 0 0 0 0 0 0 0 0 0 0 0 0 0 0 0 0 0 0 0 0 0 0 0 0 0 0 0 0 0 0 0 0 0 0 0 0 1 0 0 0 0 0 0 0 0 0 0 0 0 0 0 0 0 0 0 0 0 0 0 0 0 0 0 0 0 0 0 0 0 0 0 0 0]
[3034352358477544610883584578529011765914342320530165079508378911985226515622943330652440550554508421052130820756586940461484770187337956821199735168114460421042655785878845003177379099900595823428783680629870974010421259668 0 0 0 0 0 0 0 0 0 0 0 0 0 0 0 0 0 0 0 0 0 0 0 0 0 0 0 0 0 0 0 0 0 0 0 0 0 1 0 0 0 0 0 0 0 0 0 0 0 0 0 0 0 0 0 0 0 0 0 0 0 0 0 0 0 0 0 0 0 0 0 0 0]
[638796261805875947169477516538039047252772943038003672409351406806746449417103494594953373429808518982107003399378874009547423773820878581252272525857037873181409372257755871821265149404152302953452697555635370466541938970 0 0 0 0 0 0 0 0 0 0 0 0 0 0 0 0 0 0 0 0 0 0 0 0 0 0 0 0 0 0 0 0 0 0 0 0 0 0 1 0 0 0 0 0 0 0 0 0 0 0 0 0 0 0 0 0 0 0 0 0 0 0 0 0 0 0 0 0 0 0 0 0 0]
[989204566159379925214993842637421890914648366919352825675859698521699642564623016361917743044019488634040640737339799263704736959851174813824598929769912161719262718681978901846347980331806615147833651302692370296157130589 0 0 0 0 0 0 0 0 0 0 0 0 0 0 0 0 0 0 0 0 0 0 0 0 0 0 0 0 0 0 0 0 0 0 0 0 0 0 0 1 0 0 0 0 0 0 0 0 0 0 0 0 0 0 0 0 0 0 0 0 0 0 0 0 0 0 0 0 0 0 0 0 0]
[815758014855910364417155500166657481842645454911279562153419827009082731483458314569049360413957065326902573315881032589217888173586368506583426980645762156864837610210731485748105813040832204071528433538791468175928594536 0 0 0 0 0 0 0 0 0 0 0 0 0 0 0 0 0 0 0 0 0 0 0 0 0 0 0 0 0 0 0 0 0 0 0 0 0 0 0 0 1 0 0 0 0 0 0 0 0 0 0 0 0 0 0 0 0 0 0 0 0 0 0 0 0 0 0 0 0 0 0 0 0]
[3144341797492626105127414226605029724563368053466481535499741084527428276866145974422768258680387149525070841053954927539690580375478066949987064639518692564015567873846883856787619118567580908058069937783260853528396509436 0 0 0 0 0 0 0 0 0 0 0 0 0 0 0 0 0 0 0 0 0 0 0 0 0 0 0 0 0 0 0 0 0 0 0 0 0 0 0 0 0 1 0 0 0 0 0 0 0 0 0 0 0 0 0 0 0 0 0 0 0 0 0 0 0 0 0 0 0 0 0 0 0]
[196585945991895892849346174101347292424906844328600382819728531691068410006830832049040715402309866405028954198255628440041029877739241084362516016489321967200070428253894190372691233123547966984759903456316713226220425862 0 0 0 0 0 0 0 0 0 0 0 0 0 0 0 0 0 0 0 0 0 0 0 0 0 0 0 0 0 0 0 0 0 0 0 0 0 0 0 0 0 0 1 0 0 0 0 0 0 0 0 0 0 0 0 0 0 0 0 0 0 0 0 0 0 0 0 0 0 0 0 0 0]
[1561818327867866192656524763679538682969480160732959100233239039781469783550122508191734557239682413335139543916364501183992356973934125638998877060720515488988413523391884883130716547457820968147855777682095549919027199215 0 0 0 0 0 0 0 0 0 0 0 0 0 0 0 0 0 0 0 0 0 0 0 0 0 0 0 0 0 0 0 0 0 0 0 0 0 0 0 0 0 0 0 1 0 0 0 0 0 0 0 0 0 0 0 0 0 0 0 0 0 0 0 0 0 0 0 0 0 0 0 0 0]
[4820945288730517695431424079697534074414968324632963273804431831685372670469549539961311311826133239333649125249403501685820846258371234604565952077648491013860984584707405701547157947481363827869570845153390433511106066128 0 0 0 0 0 0 0 0 0 0 0 0 0 0 0 0 0 0 0 0 0 0 0 0 0 0 0 0 0 0 0 0 0 0 0 0 0 0 0 0 0 0 0 0 1 0 0 0 0 0 0 0 0 0 0 0 0 0 0 0 0 0 0 0 0 0 0 0 0 0 0 0 0]
[2243169787754341570311104786184225519109736490347327150873334765266030824792950899944612748010826286435367295424416891914035604423738721209803140566873146954150979321130918941275051883272096235481525159545398747342678521949 0 0 0 0 0 0 0 0 0 0 0 0 0 0 0 0 0 0 0 0 0 0 0 0 0 0 0 0 0 0 0 0 0 0 0 0 0 0 0 0 0 0 0 0 0 1 0 0 0 0 0 0 0 0 0 0 0 0 0 0 0 0 0 0 0 0 0 0 0 0 0 0 0]
[5202732077496876765209139816696184784453952724604493923641384224940480570905084042518453916202567737806386429517902241358475873107492875017245942709334787079791194382006261918402296716267895062907352849479334210323984983441 0 0 0 0 0 0 0 0 0 0 0 0 0 0 0 0 0 0 0 0 0 0 0 0 0 0 0 0 0 0 0 0 0 0 0 0 0 0 0 0 0 0 0 0 0 0 1 0 0 0 0 0 0 0 0 0 0 0 0 0 0 0 0 0 0 0 0 0 0 0 0 0 0]
[3703984816708776299797762863207321339248852860081298897954067376390579094328314988356336820889302487476971908691883145697643191895067125308278040607134725840293712630006968300283767605596104447451954436791592270299823820274 0 0 0 0 0 0 0 0 0 0 0 0 0 0 0 0 0 0 0 0 0 0 0 0 0 0 0 0 0 0 0 0 0 0 0 0 0 0 0 0 0 0 0 0 0 0 0 1 0 0 0 0 0 0 0 0 0 0 0 0 0 0 0 0 0 0 0 0 0 0 0 0 0]
[3785064969999125259254120403371503559567917090571466613691385603425072379195258753506372452464213209927042526158283134085399072823847396287097190306239131864074586542529733253961073853528464751712172179444998044228867678602 0 0 0 0 0 0 0 0 0 0 0 0 0 0 0 0 0 0 0 0 0 0 0 0 0 0 0 0 0 0 0 0 0 0 0 0 0 0 0 0 0 0 0 0 0 0 0 0 1 0 0 0 0 0 0 0 0 0 0 0 0 0 0 0 0 0 0 0 0 0 0 0 0]
[2854980313627903005250846809854965632138994964581625245248831371224947741120500427867428828720490495816836522018402265972353505578152325487316639740474822552978082535051832057175038761002077627959301925958166410504551640301 0 0 0 0 0 0 0 0 0 0 0 0 0 0 0 0 0 0 0 0 0 0 0 0 0 0 0 0 0 0 0 0 0 0 0 0 0 0 0 0 0 0 0 0 0 0 0 0 0 1 0 0 0 0 0 0 0 0 0 0 0 0 0 0 0 0 0 0 0 0 0 0 0]
[2280677791107784912624809384858252318101620777221132361952060921114422375536409895644966030659146524721322177970874347463568292304699046047445325389740238559100796468634406155860598228648837756552097858604043895580554311657 0 0 0 0 0 0 0 0 0 0 0 0 0 0 0 0 0 0 0 0 0 0 0 0 0 0 0 0 0 0 0 0 0 0 0 0 0 0 0 0 0 0 0 0 0 0 0 0 0 0 1 0 0 0 0 0 0 0 0 0 0 0 0 0 0 0 0 0 0 0 0 0 0]
[1296510153099368380122714264009323981753332910636060576664738240463575756763011103261352475705549776808214505490206954964130623968368845492955900389972591016462686181570786534630369331329847569223040532971463408164100690975 0 0 0 0 0 0 0 0 0 0 0 0 0 0 0 0 0 0 0 0 0 0 0 0 0 0 0 0 0 0 0 0 0 0 0 0 0 0 0 0 0 0 0 0 0 0 0 0 0 0 0 1 0 0 0 0 0 0 0 0 0 0 0 0 0 0 0 0 0 0 0 0 0]
[1615313757722670995990148451719183357763812758991148211991228714976859803923309402579985054612659329163312725231610738885846846814473007555013041356618243418703275199267524420081825230911784802770832491099056818138595612008 0 0 0 0 0 0 0 0 0 0 0 0 0 0 0 0 0 0 0 0 0 0 0 0 0 0 0 0 0 0 0 0 0 0 0 0 0 0 0 0 0 0 0 0 0 0 0 0 0 0 0 0 1 0 0 0 0 0 0 0 0 0 0 0 0 0 0 0 0 0 0 0 0]
[4152106620459503315914305014209379407018774181069723103628645627094163032434594170211830588693729909806534698269372737895786849367282115918284394722808589530579027261921703358330588824329223763505851111983356751352956559813 0 0 0 0 0 0 0 0 0 0 0 0 0 0 0 0 0 0 0 0 0 0 0 0 0 0 0 0 0 0 0 0 0 0 0 0 0 0 0 0 0 0 0 0 0 0 0 0 0 0 0 0 0 1 0 0 0 0 0 0 0 0 0 0 0 0 0 0 0 0 0 0 0]
[5291131810559053565157407335652201169652571778217217286147522202540105472876191307636368051422716934797841924779197020864965112539317754369271640630319119566952870019876244977143739408050053196125099293275731412779885696245 0 0 0 0 0 0 0 0 0 0 0 0 0 0 0 0 0 0 0 0 0 0 0 0 0 0 0 0 0 0 0 0 0 0 0 0 0 0 0 0 0 0 0 0 0 0 0 0 0 0 0 0 0 0 1 0 0 0 0 0 0 0 0 0 0 0 0 0 0 0 0 0 0]
[4795082317612023719416509758444946008917248969555288191836381541716535244177678372680928218413855833402550719615990608428254759746884986187548010761870891994499551785728566886514961029738786378783164409573438927601169152158 0 0 0 0 0 0 0 0 0 0 0 0 0 0 0 0 0 0 0 0 0 0 0 0 0 0 0 0 0 0 0 0 0 0 0 0 0 0 0 0 0 0 0 0 0 0 0 0 0 0 0 0 0 0 0 1 0 0 0 0 0 0 0 0 0 0 0 0 0 0 0 0 0]
[2068899113331618260486860884543570124468761389265465140716760043627187975286540975701862305152871491523213985149092437872362240008292573895288548772810110808065004351945043237364679600855044190373497582778772243548686667019 0 0 0 0 0 0 0 0 0 0 0 0 0 0 0 0 0 0 0 0 0 0 0 0 0 0 0 0 0 0 0 0 0 0 0 0 0 0 0 0 0 0 0 0 0 0 0 0 0 0 0 0 0 0 0 0 1 0 0 0 0 0 0 0 0 0 0 0 0 0 0 0 0]
[1552053756079222742147348736075439320683880364280143842428784793708306207995432365213395716264679622929879738708747826225187869805371284753191574189352979144123112910672534889674412506753895006357355287480994882278209655141 0 0 0 0 0 0 0 0 0 0 0 0 0 0 0 0 0 0 0 0 0 0 0 0 0 0 0 0 0 0 0 0 0 0 0 0 0 0 0 0 0 0 0 0 0 0 0 0 0 0 0 0 0 0 0 0 0 1 0 0 0 0 0 0 0 0 0 0 0 0 0 0 0]
[866946664251925823317221024666755510105626265205155926467232523375565905706163857183542235735907890439337657044070364528909594932406377016754876516615436985037191388273853664437109396040529624864181576247675527989336652463 0 0 0 0 0 0 0 0 0 0 0 0 0 0 0 0 0 0 0 0 0 0 0 0 0 0 0 0 0 0 0 0 0 0 0 0 0 0 0 0 0 0 0 0 0 0 0 0 0 0 0 0 0 0 0 0 0 0 1 0 0 0 0 0 0 0 0 0 0 0 0 0 0]
[1386221826773784967896864776259801883200523426033798383507217252704043800672869298306825313548286786304134808337917993529469367103475244371288729693433528228596220877480516358451340454848776773867833327624681733475370450319 0 0 0 0 0 0 0 0 0 0 0 0 0 0 0 0 0 0 0 0 0 0 0 0 0 0 0 0 0 0 0 0 0 0 0 0 0 0 0 0 0 0 0 0 0 0 0 0 0 0 0 0 0 0 0 0 0 0 0 1 0 0 0 0 0 0 0 0 0 0 0 0 0]
[3505602928096934532001609905687016701593118588298472284466736979084515067707065863580101335408127458739430354743848400087319278196555523777168682897596859333333130726984262439345946738255352857331616240946231983543893549056 0 0 0 0 0 0 0 0 0 0 0 0 0 0 0 0 0 0 0 0 0 0 0 0 0 0 0 0 0 0 0 0 0 0 0 0 0 0 0 0 0 0 0 0 0 0 0 0 0 0 0 0 0 0 0 0 0 0 0 0 1 0 0 0 0 0 0 0 0 0 0 0 0]
[4531193464383521502033319162775284660951435942066653436232299531926003895056909952505269057359984359641473500046758288208343208554734593255115801353822564877328832747045671909104741568649667942253165408977746663802373610962 0 0 0 0 0 0 0 0 0 0 0 0 0 0 0 0 0 0 0 0 0 0 0 0 0 0 0 0 0 0 0 0 0 0 0 0 0 0 0 0 0 0 0 0 0 0 0 0 0 0 0 0 0 0 0 0 0 0 0 0 0 1 0 0 0 0 0 0 0 0 0 0 0]
[514901469680697998455105639185192314132102788774446377223287233814185026365561072890434035070788771322103997005898828966158955792146180171642482180642395905063559342874546525508286630459117648789565941607030480590708296071 0 0 0 0 0 0 0 0 0 0 0 0 0 0 0 0 0 0 0 0 0 0 0 0 0 0 0 0 0 0 0 0 0 0 0 0 0 0 0 0 0 0 0 0 0 0 0 0 0 0 0 0 0 0 0 0 0 0 0 0 0 0 1 0 0 0 0 0 0 0 0 0 0]
[4289324811547401477973214901387870183089346524284689422532857820744821811405041107976701542636069791945000988707354316765135580045294767967807128267132326244956817273645616685908479740053371943995796765989174324272767209828 0 0 0 0 0 0 0 0 0 0 0 0 0 0 0 0 0 0 0 0 0 0 0 0 0 0 0 0 0 0 0 0 0 0 0 0 0 0 0 0 0 0 0 0 0 0 0 0 0 0 0 0 0 0 0 0 0 0 0 0 0 0 0 1 0 0 0 0 0 0 0 0 0]
[1068845208301287670521031951911306251790679451580688989213564855125609076974656411942361528684763609419713594684852172727843185615114276316136568218485468681047268956453386014199776444865810460445761686998318551393388975874 0 0 0 0 0 0 0 0 0 0 0 0 0 0 0 0 0 0 0 0 0 0 0 0 0 0 0 0 0 0 0 0 0 0 0 0 0 0 0 0 0 0 0 0 0 0 0 0 0 0 0 0 0 0 0 0 0 0 0 0 0 0 0 0 1 0 0 0 0 0 0 0 0]
[2112789870565658788753662650226689739497297703847421340023125604577139743431547456237782640022011569301497735597757964271981009256523561133846976762612772638715719812233799072155437965149584241386880741748105442374692089596 0 0 0 0 0 0 0 0 0 0 0 0 0 0 0 0 0 0 0 0 0 0 0 0 0 0 0 0 0 0 0 0 0 0 0 0 0 0 0 0 0 0 0 0 0 0 0 0 0 0 0 0 0 0 0 0 0 0 0 0 0 0 0 0 0 1 0 0 0 0 0 0 0]
[814971622910762435723398020431084597868755350072362004592153947485964308638577468394580618261054344505823311824067348440110007148863752934749750900083315172627335068456414007645163718308049047726649526516949706820657198240 0 0 0 0 0 0 0 0 0 0 0 0 0 0 0 0 0 0 0 0 0 0 0 0 0 0 0 0 0 0 0 0 0 0 0 0 0 0 0 0 0 0 0 0 0 0 0 0 0 0 0 0 0 0 0 0 0 0 0 0 0 0 0 0 0 0 1 0 0 0 0 0 0]
[3407309308439567783193284607570994350396199039066692363741511319380961295544070343318494220654127165854615987519705974545072355344081902196909054854865667529628568275700977790246967875913811293771444957707290113403198738031 0 0 0 0 0 0 0 0 0 0 0 0 0 0 0 0 0 0 0 0 0 0 0 0 0 0 0 0 0 0 0 0 0 0 0 0 0 0 0 0 0 0 0 0 0 0 0 0 0 0 0 0 0 0 0 0 0 0 0 0 0 0 0 0 0 0 0 1 0 0 0 0 0]
[863947506789434899506789971002405203028671086107243080054201006510874408687668301928659162077201702285303109850693039074031952428443842452390363832529471466048416638709829939634673762884994053197903136037444625038407815906 0 0 0 0 0 0 0 0 0 0 0 0 0 0 0 0 0 0 0 0 0 0 0 0 0 0 0 0 0 0 0 0 0 0 0 0 0 0 0 0 0 0 0 0 0 0 0 0 0 0 0 0 0 0 0 0 0 0 0 0 0 0 0 0 0 0 0 0 1 0 0 0 0]
[894510429384586740392102277074001924190147686666396068506419217640804123879429089744107651388833113959393492328400434926189299130586405449078215183914520287422486816808631616213911247250394419782752052387103270876662505559 0 0 0 0 0 0 0 0 0 0 0 0 0 0 0 0 0 0 0 0 0 0 0 0 0 0 0 0 0 0 0 0 0 0 0 0 0 0 0 0 0 0 0 0 0 0 0 0 0 0 0 0 0 0 0 0 0 0 0 0 0 0 0 0 0 0 0 0 0 1 0 0 0]
[3230974073139868127731191305317206380106637234272522626991066826541965101846138274556048045209286150836991864504990893586578720134526936391944579449476914822903443482669474313377437666104650195841577222804532244631885874608 0 0 0 0 0 0 0 0 0 0 0 0 0 0 0 0 0 0 0 0 0 0 0 0 0 0 0 0 0 0 0 0 0 0 0 0 0 0 0 0 0 0 0 0 0 0 0 0 0 0 0 0 0 0 0 0 0 0 0 0 0 0 0 0 0 0 0 0 0 0 1 0 0]
[1704069789762817173673456758843849747231373924378429170553772492525282858215488566705572245991343636743705647737196484471919952751761771765797054852990690909632959707876130151231317316771469477304164903427617727288856001570 0 0 0 0 0 0 0 0 0 0 0 0 0 0 0 0 0 0 0 0 0 0 0 0 0 0 0 0 0 0 0 0 0 0 0 0 0 0 0 0 0 0 0 0 0 0 0 0 0 0 0 0 0 0 0 0 0 0 0 0 0 0 0 0 0 0 0 0 0 0 0 1 0]
[71086603909823199356015454850510260468353086953116411332572190554023661512859147807693146043730263572599208573216744427859234601616097374835200979992452774310473996533026929447522468276258968281571649707522648744678392561 0 0 0 0 0 0 0 0 0 0 0 0 0 0 0 0 0 0 0 0 0 0 0 0 0 0 0 0 0 0 0 0 0 0 0 0 0 0 0 0 0 0 0 0 0 0 0 0 0 0 0 0 0 0 0 0 0 0 0 0 0 0 0 0 0 0 0 0 0 0 0 0 1]
]
