[[4998699865927065493078263935394735004178134236843451296080208851167520415080172112518894119280692803914837067217582397296959812625629625497576840598404002599286576194578823997975197838092780332421768771829603011011640348410402455659205309203 0 0 0 0 0 0 0 0 0 0 0 0 0 0 0 0 0 0 0 0 0 0 0 0 0 0 0 0 0 0 0 0 0 0 0 0 0 0 0 0 0 0 0 0 0 0 0 0 0 0 0 0 0 0 0 0 0 0 0 0 0 0 0 0 0 0 0 0 0 0 0 0 0 0 0 0 0 0 0]
[490484981293575078856678408154545478785794723761906380079259986462840409802391792306876258473007553325503433677110833340260356835296974099600381943203880264058078520584239465574461244174578879871259229576971332224124155583901532199674966816 1 0 0 0 0 0 0 0 0 0 0 0 0 0 0 0 0 0 0 0 0 0 0 0 0 0 0 0 0 0 0 0 0 0 0 0 0 0 0 0 0 0 0 0 0 0 0 0 0 0 0 0 0 0 0 0 0 0 0 0 0 0 0 0 0 0 0 0 0 0 0 0 0 0 0 0 0 0 0]
[331850791380015959144931087025939843066672991028506212307101516818870536886745064548439404148980030920203872387194007099668914992552344387070490722407033215673781513148745927861932340852796553136833183112833308743152281323672714879643837282 0 1 0 0 0 0 0 0 0 0 0 0 0 0 0 0 0 0 0 0 0 0 0 0 0 0 0 0 0 0 0 0 0 0 0 0 0 0 0 0 0 0 0 0 0 0 0 0 0 0 0 0 0 0 0 0 0 0 0 0 0 0 0 0 0 0 0 0 0 0 0 0 0 0 0 0 0 0 0]
[1081511473219988355956768926719096200778563858152555507213425574613066977368811950325393318759644398253572040705624918085186071518771585140116534451362705621032628591525409651736309252412652585900366291834455527139482178856831426912110080301 0 0 1 0 0 0 0 0 0 0 0 0 0 0 0 0 0 0 0 0 0 0 0 0 0 0 0 0 0 0 0 0 0 0 0 0 0 0 0 0 0 0 0 0 0 0 0 0 0 0 0 0 0 0 0 0 0 0 0 0 0 0 0 0 0 0 0 0 0 0 0 0 0 0 0 0 0 0 0]
[3700425795430037350500036743230999833085858220955971593926995637542967589042630617610821433214094223965787565788869281817784462931417336033361759882816452944224683574001423717066262184454660610831024725473160344597923958273079256536404105190 0 0 0 1 0 0 0 0 0 0 0 0 0 0 0 0 0 0 0 0 0 0 0 0 0 0 0 0 0 0 0 0 0 0 0 0 0 0 0 0 0 0 0 0 0 0 0 0 0 0 0 0 0 0 0 0 0 0 0 0 0 0 0 0 0 0 0 0 0 0 0 0 0 0 0 0 0 0 0]
[3156423193326408492362565863372644954870761853186470950499605396268735512497656025946403257400323061178749082137466547465407933302543835653648332192983847872382724957881830707696584705450783565403623041279536499754602348245636577319286542206 0 0 0 0 1 0 0 0 0 0 0 0 0 0 0 0 0 0 0 0 0 0 0 0 0 0 0 0 0 0 0 0 0 0 0 0 0 0 0 0 0 0 0 0 0 0 0 0 0 0 0 0 0 0 0 0 0 0 0 0 0 0 0 0 0 0 0 0 0 0 0 0 0 0 0 0 0 0 0]
[1800411064975860700924865329863380841441478665701160195479823985890749669292497323403330795336392936210360408865596211863164749016161578984542603298079082442620129747501540028250322249739727876653851466522062249760760960863148129768241180650 0 0 0 0 0 1 0 0 0 0 0 0 0 0 0 0 0 0 0 0 0 0 0 0 0 0 0 0 0 0 0 0 0 0 0 0 0 0 0 0 0 0 0 0 0 0 0 0 0 0 0 0 0 0 0 0 0 0 0 0 0 0 0 0 0 0 0 0 0 0 0 0 0 0 0 0 0 0 0]
[2378982050007647102651811375045263165272678669163732571660308986928363546054311235776239336872402785477259923324151814381373183119932349057435950731870130874673073797410686026140982505748630958068674706619735011207225582092538785044819144894 0 0 0 0 0 0 1 0 0 0 0 0 0 0 0 0 0 0 0 0 0 0 0 0 0 0 0 0 0 0 0 0 0 0 0 0 0 0 0 0 0 0 0 0 0 0 0 0 0 0 0 0 0 0 0 0 0 0 0 0 0 0 0 0 0 0 0 0 0 0 0 0 0 0 0 0 0 0 0]
[4653822941073069387301098153850260226219219919796041609686212241009752098642657780311136732633870362692022665418246419773031834729507659263682218579022107822315284486857427378715596410839095488722010472306719242037331910324421508520588320826 0 0 0 0 0 0 0 1 0 0 0 0 0 0 0 0 0 0 0 0 0 0 0 0 0 0 0 0 0 0 0 0 0 0 0 0 0 0 0 0 0 0 0 0 0 0 0 0 0 0 0 0 0 0 0 0 0 0 0 0 0 0 0 0 0 0 0 0 0 0 0 0 0 0 0 0 0 0 0]
[4737162468261599799319902127109287804263248653853626766119126537048664671817805546863217022987957071812860817420420462627830295701694208261140725938772342028994807788843057697772850676029898284914016016770975412611691560658491106814818142589 0 0 0 0 0 0 0 0 1 0 0 0 0 0 0 0 0 0 0 0 0 0 0 0 0 0 0 0 0 0 0 0 0 0 0 0 0 0 0 0 0 0 0 0 0 0 0 0 0 0 0 0 0 0 0 0 0 0 0 0 0 0 0 0 0 0 0 0 0 0 0 0 0 0 0 0 0 0 0]
[658658257205168516396032119866409242711583432934665809423017497030465607220140518516629173724743241372547905988349321911675149446435515764638243484182451386729129067118814500893945841798632413516675911077334368848407291277721776519702387992 0 0 0 0 0 0 0 0 0 1 0 0 0 0 0 0 0 0 0 0 0 0 0 0 0 0 0 0 0 0 0 0 0 0 0 0 0 0 0 0 0 0 0 0 0 0 0 0 0 0 0 0 0 0 0 0 0 0 0 0 0 0 0 0 0 0 0 0 0 0 0 0 0 0 0 0 0 0 0]
[2200941869942331382425864476739343717521870132855561850094294218788764703101637634487319068535800659359272129631381089066856837342653474882539380981350677595044706441560500002006195576710450448747482875893538723616230111995777045290146911260 0 0 0 0 0 0 0 0 0 0 1 0 0 0 0 0 0 0 0 0 0 0 0 0 0 0 0 0 0 0 0 0 0 0 0 0 0 0 0 0 0 0 0 0 0 0 0 0 0 0 0 0 0 0 0 0 0 0 0 0 0 0 0 0 0 0 0 0 0 0 0 0 0 0 0 0 0 0 0]
[4654418180520359952593486523354157582361885043337605174551741226540565457185318682679417776579464403768277750575895921876536514899380302507754269064330976017222027629200048904185461127605304662835961264604215299251293447634504256624704234454 0 0 0 0 0 0 0 0 0 0 0 1 0 0 0 0 0 0 0 0 0 0 0 0 0 0 0 0 0 0 0 0 0 0 0 0 0 0 0 0 0 0 0 0 0 0 0 0 0 0 0 0 0 0 0 0 0 0 0 0 0 0 0 0 0 0 0 0 0 0 0 0 0 0 0 0 0 0 0]
[3692225052020649814974038562167817570913356183885684139435869964298263723895533900400214483459794940403810277785070505580042835707024417317076927807272891508424581138032856583917459662664890223531068011563757899218526367937408098501865666207 0 0 0 0 0 0 0 0 0 0 0 0 1 0 0 0 0 0 0 0 0 0 0 0 0 0 0 0 0 0 0 0 0 0 0 0 0 0 0 0 0 0 0 0 0 0 0 0 0 0 0 0 0 0 0 0 0 0 0 0 0 0 0 0 0 0 0 0 0 0 0 0 0 0 0 0 0 0 0]
[3849928343037422716783143760722638648466312545186700801131393731054003819541673805104493684701017286862779394743682637432656632793919198336405453565881276973683141292354528981326574617174054668096510455702814427851213879855438844665805760468 0 0 0 0 0 0 0 0 0 0 0 0 0 1 0 0 0 0 0 0 0 0 0 0 0 0 0 0 0 0 0 0 0 0 0 0 0 0 0 0 0 0 0 0 0 0 0 0 0 0 0 0 0 0 0 0 0 0 0 0 0 0 0 0 0 0 0 0 0 0 0 0 0 0 0 0 0 0 0]
[3917920653737098081681560458606381935852159026484559475477558611482483113674529608409753384927593454761109513594183024469061655372084944328746569662960647683371488327690497432791101797752896523114682712735956986653280377252027912104016674686 0 0 0 0 0 0 0 0 0 0 0 0 0 0 1 0 0 0 0 0 0 0 0 0 0 0 0 0 0 0 0 0 0 0 0 0 0 0 0 0 0 0 0 0 0 0 0 0 0 0 0 0 0 0 0 0 0 0 0 0 0 0 0 0 0 0 0 0 0 0 0 0 0 0 0 0 0 0 0]
[113185123507507637209351916434982732846493875842170044080778706415123815516730560118487472949294672676768561020453774488831149320793098687284226857598477820083569769142844367342333547044066117149317455854097205326517082907404207684213628072 0 0 0 0 0 0 0 0 0 0 0 0 0 0 0 1 0 0 0 0 0 0 0 0 0 0 0 0 0 0 0 0 0 0 0 0 0 0 0 0 0 0 0 0 0 0 0 0 0 0 0 0 0 0 0 0 0 0 0 0 0 0 0 0 0 0 0 0 0 0 0 0 0 0 0 0 0 0 0]
[3944891662201620294963055421325281729714155888935008540444260464786908441103538407853874071546833693399257316632840032506905622918607406887999954219207286473673052561832584070309104958384261001618688202786950794758429543052919032122120903350 0 0 0 0 0 0 0 0 0 0 0 0 0 0 0 0 1 0 0 0 0 0 0 0 0 0 0 0 0 0 0 0 0 0 0 0 0 0 0 0 0 0 0 0 0 0 0 0 0 0 0 0 0 0 0 0 0 0 0 0 0 0 0 0 0 0 0 0 0 0 0 0 0 0 0 0 0 0 0]
[3684430781197066659714639040586440541940316679597651273913615369387886335920255325454961224601293437828843143167528367906853660365679792331242901406198035374553764428500561664266474621867458400553758126223200454994429211003898120749414630152 0 0 0 0 0 0 0 0 0 0 0 0 0 0 0 0 0 1 0 0 0 0 0 0 0 0 0 0 0 0 0 0 0 0 0 0 0 0 0 0 0 0 0 0 0 0 0 0 0 0 0 0 0 0 0 0 0 0 0 0 0 0 0 0 0 0 0 0 0 0 0 0 0 0 0 0 0 0 0]
[3612252801601718823930550569095078088605510465269394572197656087874364706980985240168713235078049275406553166726694702825667765269365966387775689797872489061705277639289828868522235526938552486814906924200225295737355810305177202772074844573 0 0 0 0 0 0 0 0 0 0 0 0 0 0 0 0 0 0 1 0 0 0 0 0 0 0 0 0 0 0 0 0 0 0 0 0 0 0 0 0 0 0 0 0 0 0 0 0 0 0 0 0 0 0 0 0 0 0 0 0 0 0 0 0 0 0 0 0 0 0 0 0 0 0 0 0 0 0 0]
[4017241670878647157936878642725392528650438726460823820546361710223803031374706237336140690820770501298285504485938074224474046491190700952201860565119704060581646044300845722083985885626120573037430441550751337433644584797585961700379497837 0 0 0 0 0 0 0 0 0 0 0 0 0 0 0 0 0 0 0 1 0 0 0 0 0 0 0 0 0 0 0 0 0 0 0 0 0 0 0 0 0 0 0 0 0 0 0 0 0 0 0 0 0 0 0 0 0 0 0 0 0 0 0 0 0 0 0 0 0 0 0 0 0 0 0 0 0 0 0]
[1402174113429224015205460845012433737552678832012728471349103968194845897608606176905793738900258579097198522709628120685542221094820973176903929930493852419203782074541915558806152925580833502657324864132319669238447742905418293648858763234 0 0 0 0 0 0 0 0 0 0 0 0 0 0 0 0 0 0 0 0 1 0 0 0 0 0 0 0 0 0 0 0 0 0 0 0 0 0 0 0 0 0 0 0 0 0 0 0 0 0 0 0 0 0 0 0 0 0 0 0 0 0 0 0 0 0 0 0 0 0 0 0 0 0 0 0 0 0 0]
[4560103810518928584173334381470466427041375613674481723946535502083946499516716455658050927268674768417104322524095834203849426171235762658135576609051293486460176199341611806713539685358224046110306938247362924357464288442760098259752094396 0 0 0 0 0 0 0 0 0 0 0 0 0 0 0 0 0 0 0 0 0 1 0 0 0 0 0 0 0 0 0 0 0 0 0 0 0 0 0 0 0 0 0 0 0 0 0 0 0 0 0 0 0 0 0 0 0 0 0 0 0 0 0 0 0 0 0 0 0 0 0 0 0 0 0 0 0 0 0]
[1613663855075347373646438981833118828811215128532492012680229683529235186952470292530059533117223088143002865492085433851694615993006266898848605366640822402556728731117883384304963431157398859470105881922678788511191370615658916771039502438 0 0 0 0 0 0 0 0 0 0 0 0 0 0 0 0 0 0 0 0 0 0 1 0 0 0 0 0 0 0 0 0 0 0 0 0 0 0 0 0 0 0 0 0 0 0 0 0 0 0 0 0 0 0 0 0 0 0 0 0 0 0 0 0 0 0 0 0 0 0 0 0 0 0 0 0 0 0 0]
[4244788979351130533106938673686574160071496179406357018698716931867497163276030845745841915526684862071753380323115275550714331998187136742295753708095560443202082073734096498951836094531101082373241624615598880208133293897249588357655196145 0 0 0 0 0 0 0 0 0 0 0 0 0 0 0 0 0 0 0 0 0 0 0 1 0 0 0 0 0 0 0 0 0 0 0 0 0 0 0 0 0 0 0 0 0 0 0 0 0 0 0 0 0 0 0 0 0 0 0 0 0 0 0 0 0 0 0 0 0 0 0 0 0 0 0 0 0 0 0]
[1500243179679765220582834178967889614844135561889233393979579390475829010335952700433648931461002493051821110100105235187291745415230549290050559759024871422183836586657429374117445791504967920586657338497369557378346763836187619938325975031 0 0 0 0 0 0 0 0 0 0 0 0 0 0 0 0 0 0 0 0 0 0 0 0 1 0 0 0 0 0 0 0 0 0 0 0 0 0 0 0 0 0 0 0 0 0 0 0 0 0 0 0 0 0 0 0 0 0 0 0 0 0 0 0 0 0 0 0 0 0 0 0 0 0 0 0 0 0 0]
[2454660403505303658703661516386482266242192400106061028437468827010448953801452990884329028262674643265088608108740383264670669795681801917917436564047380449447159025965143280357064319570416061959320262957774753786846532691568277293034295235 0 0 0 0 0 0 0 0 0 0 0 0 0 0 0 0 0 0 0 0 0 0 0 0 0 1 0 0 0 0 0 0 0 0 0 0 0 0 0 0 0 0 0 0 0 0 0 0 0 0 0 0 0 0 0 0 0 0 0 0 0 0 0 0 0 0 0 0 0 0 0 0 0 0 0 0 0 0 0]
[46947474647351867195996205670078850644723658376054049329792895145603159083628884243122083084487795902979864758767512879978073598202191143297117513802504224092150393996421084520780989020278263546564943840640370066333726529679694305092612779 0 0 0 0 0 0 0 0 0 0 0 0 0 0 0 0 0 0 0 0 0 0 0 0 0 0 1 0 0 0 0 0 0 0 0 0 0 0 0 0 0 0 0 0 0 0 0 0 0 0 0 0 0 0 0 0 0 0 0 0 0 0 0 0 0 0 0 0 0 0 0 0 0 0 0 0 0 0 0]
[1574600485178837028728037112740479861249384231440873781104457286700873669991216119597694969256337523195824619402763713914997172386026778101900746792511563567761354590290393396337403969798523240061990505687340787488979521066283221899700990383 0 0 0 0 0 0 0 0 0 0 0 0 0 0 0 0 0 0 0 0 0 0 0 0 0 0 0 1 0 0 0 0 0 0 0 0 0 0 0 0 0 0 0 0 0 0 0 0 0 0 0 0 0 0 0 0 0 0 0 0 0 0 0 0 0 0 0 0 0 0 0 0 0 0 0 0 0 0 0]
[3711160493622734993118241389663374536950375789660667593862673302599862653106177097140934010080304668223283650244735184802915286887643613338203194053381610113886372928789588632063276036511613151686131792745539078655753253736084353875374635394 0 0 0 0 0 0 0 0 0 0 0 0 0 0 0 0 0 0 0 0 0 0 0 0 0 0 0 0 1 0 0 0 0 0 0 0 0 0 0 0 0 0 0 0 0 0 0 0 0 0 0 0 0 0 0 0 0 0 0 0 0 0 0 0 0 0 0 0 0 0 0 0 0 0 0 0 0 0 0]
[2498886841170631697173326289465308024797840921535379420498597302203804509129285809546350547624809984043178376775745394338257466368309594198933338406828784204786808194120356600836022998638543724202174969754744583675276076092640248481726504406 0 0 0 0 0 0 0 0 0 0 0 0 0 0 0 0 0 0 0 0 0 0 0 0 0 0 0 0 0 1 0 0 0 0 0 0 0 0 0 0 0 0 0 0 0 0 0 0 0 0 0 0 0 0 0 0 0 0 0 0 0 0 0 0 0 0 0 0 0 0 0 0 0 0 0 0 0 0 0]
[3212455444150086299714466071481698444341938541496410718761236897446931221582715365516855866733982193101640152511420877348182148239982268304657978534700425964779141000994723224871706467276351400703615625837481967602857335189133246528235039459 0 0 0 0 0 0 0 0 0 0 0 0 0 0 0 0 0 0 0 0 0 0 0 0 0 0 0 0 0 0 1 0 0 0 0 0 0 0 0 0 0 0 0 0 0 0 0 0 0 0 0 0 0 0 0 0 0 0 0 0 0 0 0 0 0 0 0 0 0 0 0 0 0 0 0 0 0 0 0]
[1278231891852814412931701897713234428845474485003482222599992034904098928462009611299147720856439600905037279986434683946932169902874017970685041179032545265213522698171845022828983467185054789096680867581782380494738900871042219365332260782 0 0 0 0 0 0 0 0 0 0 0 0 0 0 0 0 0 0 0 0 0 0 0 0 0 0 0 0 0 0 0 1 0 0 0 0 0 0 0 0 0 0 0 0 0 0 0 0 0 0 0 0 0 0 0 0 0 0 0 0 0 0 0 0 0 0 0 0 0 0 0 0 0 0 0 0 0 0 0]
[3731538424939038258551374489475965752718812023191664447845239102403488036988334121861456831330464879373886509172309475363083842264455522964738846244019194803312846069066697523294655247048519215430332317251385254964832984091832785843333736842 0 0 0 0 0 0 0 0 0 0 0 0 0 0 0 0 0 0 0 0 0 0 0 0 0 0 0 0 0 0 0 0 1 0 0 0 0 0 0 0 0 0 0 0 0 0 0 0 0 0 0 0 0 0 0 0 0 0 0 0 0 0 0 0 0 0 0 0 0 0 0 0 0 0 0 0 0 0 0]
[2243551340025001862129183341716060644408651121939771843463088064181597440530703232390860429201783383276428128996085016228951263845875978910805575830594648770422040943206758449939064477398262764882712162885589637711848109749571937452115472120 0 0 0 0 0 0 0 0 0 0 0 0 0 0 0 0 0 0 0 0 0 0 0 0 0 0 0 0 0 0 0 0 0 1 0 0 0 0 0 0 0 0 0 0 0 0 0 0 0 0 0 0 0 0 0 0 0 0 0 0 0 0 0 0 0 0 0 0 0 0 0 0 0 0 0 0 0 0 0]
[1154164954069160168851120199213805476572436954296412805258356387576808342957568422721936859196524058275937350347261981976455742061407024274217538621365415763934573588422403196700768793011518512941379652450310500464072323487960051183196526143 0 0 0 0 0 0 0 0 0 0 0 0 0 0 0 0 0 0 0 0 0 0 0 0 0 0 0 0 0 0 0 0 0 0 1 0 0 0 0 0 0 0 0 0 0 0 0 0 0 0 0 0 0 0 0 0 0 0 0 0 0 0 0 0 0 0 0 0 0 0 0 0 0 0 0 0 0 0 0]
[3880773318621413586492066075615397570779027602378954905131115925421429886271045930746628378197029732098985373122917829151413353326460399428739026302753655176165463984829222602446210185090854553009714300489698241775218772769494564364480267392 0 0 0 0 0 0 0 0 0 0 0 0 0 0 0 0 0 0 0 0 0 0 0 0 0 0 0 0 0 0 0 0 0 0 0 1 0 0 0 0 0 0 0 0 0 0 0 0 0 0 0 0 0 0 0 0 0 0 0 0 0 0 0 0 0 0 0 0 0 0 0 0 0 0 0 0 0 0 0]
[2930577070992144532545781075136842486127678677653557834249401570396138592142656518351704005021764543486608370482295411017164760306930596750892835380956453261872454094527295342631667713754639773672913810422744047956660445971101348989386507672 0 0 0 0 0 0 0 0 0 0 0 0 0 0 0 0 0 0 0 0 0 0 0 0 0 0 0 0 0 0 0 0 0 0 0 0 1 0 0 0 0 0 0 0 0 0 0 0 0 0 0 0 0 0 0 0 0 0 0 0 0 0 0 0 0 0 0 0 0 0 0 0 0 0 0 0 0 0 0]
[3601523241425812818056630095846335734409389394135853079709028450404323533021904979456997495235375799335098260732142264693231104397263350961559322595333679887294352947467457955901923136603622412301389481895946066359013137835730353309066303051 0 0 0 0 0 0 0 0 0 0 0 0 0 0 0 0 0 0 0 0 0 0 0 0 0 0 0 0 0 0 0 0 0 0 0 0 0 1 0 0 0 0 0 0 0 0 0 0 0 0 0 0 0 0 0 0 0 0 0 0 0 0 0 0 0 0 0 0 0 0 0 0 0 0 0 0 0 0 0]
[2837075785286326170063369148864636173823066473473122646152466223417491061562374229604926874711943616727189527923175759092037593934505065862384149774301577339729914092342411965859764323121511535841554480179265410259153321783899625614181195000 0 0 0 0 0 0 0 0 0 0 0 0 0 0 0 0 0 0 0 0 0 0 0 0 0 0 0 0 0 0 0 0 0 0 0 0 0 0 1 0 0 0 0 0 0 0 0 0 0 0 0 0 0 0 0 0 0 0 0 0 0 0 0 0 0 0 0 0 0 0 0 0 0 0 0 0 0 0 0]
[1419437503690515959755392529772060919908953614547055358220640410388849637647202749653786803475409827166624916130241030079806878553906316170957762773983420340297546196228972127344388468780437830110093466426618572579838119111647690867795151218 0 0 0 0 0 0 0 0 0 0 0 0 0 0 0 0 0 0 0 0 0 0 0 0 0 0 0 0 0 0 0 0 0 0 0 0 0 0 0 1 0 0 0 0 0 0 0 0 0 0 0 0 0 0 0 0 0 0 0 0 0 0 0 0 0 0 0 0 0 0 0 0 0 0 0 0 0 0 0]
[4664794264857817838731705121247888483614610421365795009057075771998665684778850266582676376452151212248904596962934644006735950542765042758142112913907787448925185319114908910126765744354604144409281280969483887569001648554711111667220220135 0 0 0 0 0 0 0 0 0 0 0 0 0 0 0 0 0 0 0 0 0 0 0 0 0 0 0 0 0 0 0 0 0 0 0 0 0 0 0 0 1 0 0 0 0 0 0 0 0 0 0 0 0 0 0 0 0 0 0 0 0 0 0 0 0 0 0 0 0 0 0 0 0 0 0 0 0 0 0]
[2254713978875023910893425599187949152365505907550713851608079088739479257332480820480942695390121577032378239008639257482900114338773823146599180603021940908893525671740095341918870346490480802614578251099257564746013051424435371868176406417 0 0 0 0 0 0 0 0 0 0 0 0 0 0 0 0 0 0 0 0 0 0 0 0 0 0 0 0 0 0 0 0 0 0 0 0 0 0 0 0 0 1 0 0 0 0 0 0 0 0 0 0 0 0 0 0 0 0 0 0 0 0 0 0 0 0 0 0 0 0 0 0 0 0 0 0 0 0 0]
[2203421810397682221799399165227888084421400596786713096592878147748522175191504705028175703334783464267919508828977702279933815825134170838837278355413006217304080265346299610978466395966696996202779755235113177599390625226544710510256593769 0 0 0 0 0 0 0 0 0 0 0 0 0 0 0 0 0 0 0 0 0 0 0 0 0 0 0 0 0 0 0 0 0 0 0 0 0 0 0 0 0 0 1 0 0 0 0 0 0 0 0 0 0 0 0 0 0 0 0 0 0 0 0 0 0 0 0 0 0 0 0 0 0 0 0 0 0 0 0]
[3529827463290265510719694301523837176734935198066152975267880230139730556933603871727026511630876372776114235074080907970158838304100123211920088362033353694078609196286719445960136916196831271717404657906612622666723121206071189619854194237 0 0 0 0 0 0 0 0 0 0 0 0 0 0 0 0 0 0 0 0 0 0 0 0 0 0 0 0 0 0 0 0 0 0 0 0 0 0 0 0 0 0 0 1 0 0 0 0 0 0 0 0 0 0 0 0 0 0 0 0 0 0 0 0 0 0 0 0 0 0 0 0 0 0 0 0 0 0 0]
[3382949077939582183281914114974223721807387151407443148163938122104116132151244317836881872843565006099966685613867907323891686249754361273755120241777969793923797013054210256518472040484989900916758556501970048176187152346935006709558791419 0 0 0 0 0 0 0 0 0 0 0 0 0 0 0 0 0 0 0 0 0 0 0 0 0 0 0 0 0 0 0 0 0 0 0 0 0 0 0 0 0 0 0 0 1 0 0 0 0 0 0 0 0 0 0 0 0 0 0 0 0 0 0 0 0 0 0 0 0 0 0 0 0 0 0 0 0 0 0]
[635456883508301474238904455432510923418680780575803198895140415072011061370218417384459280882807787994576653369117006500372110414324089677927489989920350908953322899802649112380006870693327601871574208063395843886593689567020541944833566767 0 0 0 0 0 0 0 0 0 0 0 0 0 0 0 0 0 0 0 0 0 0 0 0 0 0 0 0 0 0 0 0 0 0 0 0 0 0 0 0 0 0 0 0 0 1 0 0 0 0 0 0 0 0 0 0 0 0 0 0 0 0 0 0 0 0 0 0 0 0 0 0 0 0 0 0 0 0 0]
[2871158846168185933711940405690897228256017222556542147032530755977694690080758251033198119205294378964098984780823136389700786056820292270417183227667418399391095580979382940735538055887846506278327937098943763319317654691223593398374432974 0 0 0 0 0 0 0 0 0 0 0 0 0 0 0 0 0 0 0 0 0 0 0 0 0 0 0 0 0 0 0 0 0 0 0 0 0 0 0 0 0 0 0 0 0 0 1 0 0 0 0 0 0 0 0 0 0 0 0 0 0 0 0 0 0 0 0 0 0 0 0 0 0 0 0 0 0 0 0]
[4525132162573561107445071870992301306062570970807366847463040881361601650257031783908935764141421347761972257918167894346329474909792214826211551607605024867734024074021941140383010526383020462372946485856927745092265406943487506600008220605 0 0 0 0 0 0 0 0 0 0 0 0 0 0 0 0 0 0 0 0 0 0 0 0 0 0 0 0 0 0 0 0 0 0 0 0 0 0 0 0 0 0 0 0 0 0 0 1 0 0 0 0 0 0 0 0 0 0 0 0 0 0 0 0 0 0 0 0 0 0 0 0 0 0 0 0 0 0 0]
[1911564948676589202005694808512496583576680052576122836356563935621529681108682214593607821599883914308151627367933137745879260636931636435880856139442624307058441206204324709634417558089149204457239145518840593397054256382142655945819045736 0 0 0 0 0 0 0 0 0 0 0 0 0 0 0 0 0 0 0 0 0 0 0 0 0 0 0 0 0 0 0 0 0 0 0 0 0 0 0 0 0 0 0 0 0 0 0 0 1 0 0 0 0 0 0 0 0 0 0 0 0 0 0 0 0 0 0 0 0 0 0 0 0 0 0 0 0 0 0]
[4476261697488862977483237460273729409664083318390225017695488776744283008535427390991263079435381752115002991366326897293657173215034040725564930528900004823695301034630161128061790916892919948976110661280463420386202768634213287232727849454 0 0 0 0 0 0 0 0 0 0 0 0 0 0 0 0 0 0 0 0 0 0 0 0 0 0 0 0 0 0 0 0 0 0 0 0 0 0 0 0 0 0 0 0 0 0 0 0 0 1 0 0 0 0 0 0 0 0 0 0 0 0 0 0 0 0 0 0 0 0 0 0 0 0 0 0 0 0 0]
[346441028297563974867093085763024022200441125773954310682760535083581563678491832332945435666134090046474343994059688015218497770311004429901648832539695100650754331491535037838669104758227647368812432935809517014371240406971245859984281277 0 0 0 0 0 0 0 0 0 0 0 0 0 0 0 0 0 0 0 0 0 0 0 0 0 0 0 0 0 0 0 0 0 0 0 0 0 0 0 0 0 0 0 0 0 0 0 0 0 0 1 0 0 0 0 0 0 0 0 0 0 0 0 0 0 0 0 0 0 0 0 0 0 0 0 0 0 0 0]
[4750804497176898491600892188503799813091577255493275376464400489650435464881803771777942249028095454642253015885352370185645315997496606735885463651735217658621219793922095158602067442432094338789440336060827898925558640449907838866835711794 0 0 0 0 0 0 0 0 0 0 0 0 0 0 0 0 0 0 0 0 0 0 0 0 0 0 0 0 0 0 0 0 0 0 0 0 0 0 0 0 0 0 0 0 0 0 0 0 0 0 0 1 0 0 0 0 0 0 0 0 0 0 0 0 0 0 0 0 0 0 0 0 0 0 0 0 0 0 0]
[2484547192149756801185768771543765070298415139203247076257936248917517603787945959215997728561618372734640088143493035708759089647472817040555524907344454164065716425376104917311847801321217772666089188634927073247353441746762353938824031729 0 0 0 0 0 0 0 0 0 0 0 0 0 0 0 0 0 0 0 0 0 0 0 0 0 0 0 0 0 0 0 0 0 0 0 0 0 0 0 0 0 0 0 0 0 0 0 0 0 0 0 0 1 0 0 0 0 0 0 0 0 0 0 0 0 0 0 0 0 0 0 0 0 0 0 0 0 0 0]
[2035042349755040136627782738005463777036923141521545532474611017172282165827388985396171619244740826922555250705032844130166038340872500504442968177498243169704683698875008389206526806530432966923728383815519382369998634949414381717758450962 0 0 0 0 0 0 0 0 0 0 0 0 0 0 0 0 0 0 0 0 0 0 0 0 0 0 0 0 0 0 0 0 0 0 0 0 0 0 0 0 0 0 0 0 0 0 0 0 0 0 0 0 0 1 0 0 0 0 0 0 0 0 0 0 0 0 0 0 0 0 0 0 0 0 0 0 0 0 0]
[2068609546817898727359852710235102537740472286873375401335451371155035718561445591799368867388491138716420970051819701437835951861495939029305465366674607243017363628990751254973982412403707236832625647147584072438677131134829825583344404553 0 0 0 0 0 0 0 0 0 0 0 0 0 0 0 0 0 0 0 0 0 0 0 0 0 0 0 0 0 0 0 0 0 0 0 0 0 0 0 0 0 0 0 0 0 0 0 0 0 0 0 0 0 0 1 0 0 0 0 0 0 0 0 0 0 0 0 0 0 0 0 0 0 0 0 0 0 0 0]
[636961421688764695667262446491926420510802277420759694516470940599709985142060909270781693524914863790821300371115730172236356428359352293912348997652408469442121029600538031923732226136124773678176260929619918874073837095360208556282867780 0 0 0 0 0 0 0 0 0 0 0 0 0 0 0 0 0 0 0 0 0 0 0 0 0 0 0 0 0 0 0 0 0 0 0 0 0 0 0 0 0 0 0 0 0 0 0 0 0 0 0 0 0 0 0 1 0 0 0 0 0 0 0 0 0 0 0 0 0 0 0 0 0 0 0 0 0 0 0]
[3339622911978221612929743176540252859471902312319881276390901541096841007285431799109799621835631747253088018167589292378118773005135460061949438750247480772000987106326736445949939182666023780490264402953872472255932773585549076486014741565 0 0 0 0 0 0 0 0 0 0 0 0 0 0 0 0 0 0 0 0 0 0 0 0 0 0 0 0 0 0 0 0 0 0 0 0 0 0 0 0 0 0 0 0 0 0 0 0 0 0 0 0 0 0 0 0 1 0 0 0 0 0 0 0 0 0 0 0 0 0 0 0 0 0 0 0 0 0 0]
[4052278886476271541717564097773335365623068943350747068406119460295310445107321866674328706021133656263379446459110759014529213799086528305288487838448632741559792708179871134355695686368160353517092069214139245221328345968518335331826643563 0 0 0 0 0 0 0 0 0 0 0 0 0 0 0 0 0 0 0 0 0 0 0 0 0 0 0 0 0 0 0 0 0 0 0 0 0 0 0 0 0 0 0 0 0 0 0 0 0 0 0 0 0 0 0 0 0 1 0 0 0 0 0 0 0 0 0 0 0 0 0 0 0 0 0 0 0 0 0]
[2219918071729568056247409429566035140975646835410866260629693845215949478080556224101699670794285203227626339532378902453771598890698058459362500627477460625241196564612316645071357820602113299305084553877871361158092770496637208568083394207 0 0 0 0 0 0 0 0 0 0 0 0 0 0 0 0 0 0 0 0 0 0 0 0 0 0 0 0 0 0 0 0 0 0 0 0 0 0 0 0 0 0 0 0 0 0 0 0 0 0 0 0 0 0 0 0 0 0 1 0 0 0 0 0 0 0 0 0 0 0 0 0 0 0 0 0 0 0 0]
[1723283140765463511375338177572961296626407519537280499224173473379870824147969646329166468712642787283359153710376661682096073467956280833361833734270572282654621143863071745711143899169802410314651004618645598668307871733208148849665800080 0 0 0 0 0 0 0 0 0 0 0 0 0 0 0 0 0 0 0 0 0 0 0 0 0 0 0 0 0 0 0 0 0 0 0 0 0 0 0 0 0 0 0 0 0 0 0 0 0 0 0 0 0 0 0 0 0 0 0 1 0 0 0 0 0 0 0 0 0 0 0 0 0 0 0 0 0 0 0]
[2591328554703350077950274764895750484837444040178700709775478436121189394031610113483160837549606839782410585215228393721071986469936806807374353665093225319546630496106249997731025347804468745864114558189414978610700540662560618336999523956 0 0 0 0 0 0 0 0 0 0 0 0 0 0 0 0 0 0 0 0 0 0 0 0 0 0 0 0 0 0 0 0 0 0 0 0 0 0 0 0 0 0 0 0 0 0 0 0 0 0 0 0 0 0 0 0 0 0 0 0 1 0 0 0 0 0 0 0 0 0 0 0 0 0 0 0 0 0 0]
[479349754082042441876972095560682082038895221391910350168906636020354877635328643230383419037748904140656262300120883497329422704001340873940741668160328145174349157132375275607853843915807689274035649086366696816255132367842036262448422693 0 0 0 0 0 0 0 0 0 0 0 0 0 0 0 0 0 0 0 0 0 0 0 0 0 0 0 0 0 0 0 0 0 0 0 0 0 0 0 0 0 0 0 0 0 0 0 0 0 0 0 0 0 0 0 0 0 0 0 0 0 1 0 0 0 0 0 0 0 0 0 0 0 0 0 0 0 0 0]
[3757837936201153378115716927366666413793047665965359122775227598076273300063380728496287792424266686555557432065621204047285102438437393258663521251416743824755439794225413098575401179351220184120579745861535703976040246989925220834053230444 0 0 0 0 0 0 0 0 0 0 0 0 0 0 0 0 0 0 0 0 0 0 0 0 0 0 0 0 0 0 0 0 0 0 0 0 0 0 0 0 0 0 0 0 0 0 0 0 0 0 0 0 0 0 0 0 0 0 0 0 0 0 1 0 0 0 0 0 0 0 0 0 0 0 0 0 0 0 0]
[453625096775569846707956559400132108467305265524683681578115331230477529636336484429715939055151215750906341544035618747902201088233364985431070068381097569558311133827437397484122677755716730146687626735106205597538333470040888858145570595 0 0 0 0 0 0 0 0 0 0 0 0 0 0 0 0 0 0 0 0 0 0 0 0 0 0 0 0 0 0 0 0 0 0 0 0 0 0 0 0 0 0 0 0 0 0 0 0 0 0 0 0 0 0 0 0 0 0 0 0 0 0 0 1 0 0 0 0 0 0 0 0 0 0 0 0 0 0 0]
[4033323731722317367248483832397156544702408881721325767634425021302575063548572532323010479537736687634025499115537038476502421779245448513360045271531822875025085449925943482656731334987010679476937109412035654362654548591188928846159222555 0 0 0 0 0 0 0 0 0 0 0 0 0 0 0 0 0 0 0 0 0 0 0 0 0 0 0 0 0 0 0 0 0 0 0 0 0 0 0 0 0 0 0 0 0 0 0 0 0 0 0 0 0 0 0 0 0 0 0 0 0 0 0 0 1 0 0 0 0 0 0 0 0 0 0 0 0 0 0]
[256048008099994868426197033564070724136250516915807837372589521085353563024869247435481262504038121771334096507498690614533577121186414707467810705528780292660365417610304385124729440385816328913190266950136641044810568719005528221511722116 0 0 0 0 0 0 0 0 0 0 0 0 0 0 0 0 0 0 0 0 0 0 0 0 0 0 0 0 0 0 0 0 0 0 0 0 0 0 0 0 0 0 0 0 0 0 0 0 0 0 0 0 0 0 0 0 0 0 0 0 0 0 0 0 0 1 0 0 0 0 0 0 0 0 0 0 0 0 0]
[4783004724320542270405506503489206416324441128782813154540275879097653251127614195697652070481914825321346397530354470921579792233992090146749710196510849320965234294900673124257424045951887837336993728536007235902944407147994023070871618901 0 0 0 0 0 0 0 0 0 0 0 0 0 0 0 0 0 0 0 0 0 0 0 0 0 0 0 0 0 0 0 0 0 0 0 0 0 0 0 0 0 0 0 0 0 0 0 0 0 0 0 0 0 0 0 0 0 0 0 0 0 0 0 0 0 0 1 0 0 0 0 0 0 0 0 0 0 0 0]
[2839252287876131129665539824793562775534104778319927967311456219931666360115578128500131909109321343749575883585614376765025193089836126054007933171611935622837926536304771015336336939147098624027540928329504789399940430073873319763810682923 0 0 0 0 0 0 0 0 0 0 0 0 0 0 0 0 0 0 0 0 0 0 0 0 0 0 0 0 0 0 0 0 0 0 0 0 0 0 0 0 0 0 0 0 0 0 0 0 0 0 0 0 0 0 0 0 0 0 0 0 0 0 0 0 0 0 0 1 0 0 0 0 0 0 0 0 0 0 0]
[296342711147188044194002912693882084608927056598354213056437936441769251145332219969920949580401638697471702266389038148127413523627295191000078203231869233362675282067452444514442262997510259680015470285457862437402260421182977236162626970 0 0 0 0 0 0 0 0 0 0 0 0 0 0 0 0 0 0 0 0 0 0 0 0 0 0 0 0 0 0 0 0 0 0 0 0 0 0 0 0 0 0 0 0 0 0 0 0 0 0 0 0 0 0 0 0 0 0 0 0 0 0 0 0 0 0 0 0 1 0 0 0 0 0 0 0 0 0 0]
[1249024702218642576457335369122863094659818761867886191323368443212973703174769352045645991424375714419405366566553753851439932095911888843019609258702417697207393044300464169465224266033607372074928050117062547551615424989951441149872898111 0 0 0 0 0 0 0 0 0 0 0 0 0 0 0 0 0 0 0 0 0 0 0 0 0 0 0 0 0 0 0 0 0 0 0 0 0 0 0 0 0 0 0 0 0 0 0 0 0 0 0 0 0 0 0 0 0 0 0 0 0 0 0 0 0 0 0 0 0 1 0 0 0 0 0 0 0 0 0]
[378757361761596713526149906196282002758924421936236201226557303977575554246846723857736060029993477800571816368573871742125595742272035057605333237755601270929352248768602745338604212943549525329956413628512385008749076506812491516888607508 0 0 0 0 0 0 0 0 0 0 0 0 0 0 0 0 0 0 0 0 0 0 0 0 0 0 0 0 0 0 0 0 0 0 0 0 0 0 0 0 0 0 0 0 0 0 0 0 0 0 0 0 0 0 0 0 0 0 0 0 0 0 0 0 0 0 0 0 0 0 1 0 0 0 0 0 0 0 0]
[3923685462002533919728567329281283309524682401120252445364970504516737450763647329517484233041824651419458579187940409934001277042948093323839895543329334627153526926459580466059397584214573833903877260106030082314461620655049841480440754111 0 0 0 0 0 0 0 0 0 0 0 0 0 0 0 0 0 0 0 0 0 0 0 0 0 0 0 0 0 0 0 0 0 0 0 0 0 0 0 0 0 0 0 0 0 0 0 0 0 0 0 0 0 0 0 0 0 0 0 0 0 0 0 0 0 0 0 0 0 0 0 1 0 0 0 0 0 0 0]
[1076639729512608736633405010990590104767211988066329538293550007719301151620805372674764480822517027715300526426121585142435072605812906795805199169918568859254169485913835977876078762990732298788864498021954779666480384129452747550654833508 0 0 0 0 0 0 0 0 0 0 0 0 0 0 0 0 0 0 0 0 0 0 0 0 0 0 0 0 0 0 0 0 0 0 0 0 0 0 0 0 0 0 0 0 0 0 0 0 0 0 0 0 0 0 0 0 0 0 0 0 0 0 0 0 0 0 0 0 0 0 0 0 1 0 0 0 0 0 0]
[1723850073163523827139694121940121942942264482180119052051818640030960189792219838558465822267192364545911771047560193234661537476985546727706312901954209363727699763242650990663497597949517406166245373919821176914316651026618381567794646076 0 0 0 0 0 0 0 0 0 0 0 0 0 0 0 0 0 0 0 0 0 0 0 0 0 0 0 0 0 0 0 0 0 0 0 0 0 0 0 0 0 0 0 0 0 0 0 0 0 0 0 0 0 0 0 0 0 0 0 0 0 0 0 0 0 0 0 0 0 0 0 0 0 1 0 0 0 0 0]
[3599609707981818571957282382601338677653827031311839833431390921679569365484580684794767253103893177317471346429439022144152230863700737308853393438972814375816846387192324567437264971006274902992358307425258971704818905553606723415384375413 0 0 0 0 0 0 0 0 0 0 0 0 0 0 0 0 0 0 0 0 0 0 0 0 0 0 0 0 0 0 0 0 0 0 0 0 0 0 0 0 0 0 0 0 0 0 0 0 0 0 0 0 0 0 0 0 0 0 0 0 0 0 0 0 0 0 0 0 0 0 0 0 0 0 1 0 0 0 0]
[1523393026104608202492605962108072281202432929081201738745560708171088370364012554134747745425393181725888145680116447836421168835987321980606028777596260810941206400424771645603911891599752793069210466453622721279359872242309623078838057625 0 0 0 0 0 0 0 0 0 0 0 0 0 0 0 0 0 0 0 0 0 0 0 0 0 0 0 0 0 0 0 0 0 0 0 0 0 0 0 0 0 0 0 0 0 0 0 0 0 0 0 0 0 0 0 0 0 0 0 0 0 0 0 0 0 0 0 0 0 0 0 0 0 0 0 1 0 0 0]
[3489294561206455698760047595472602854464106276900327409247586436946407179878044294615624211704095583799777546582829989624105447046704611421902949906893474927536248342820251906666354841102077109796344268212838545449697484650835902351145756911 0 0 0 0 0 0 0 0 0 0 0 0 0 0 0 0 0 0 0 0 0 0 0 0 0 0 0 0 0 0 0 0 0 0 0 0 0 0 0 0 0 0 0 0 0 0 0 0 0 0 0 0 0 0 0 0 0 0 0 0 0 0 0 0 0 0 0 0 0 0 0 0 0 0 0 0 1 0 0]
[4199878165324037525483557935371650423048941196075243493326840797673528986080998232401945491618079058278105413207059430011483046101789278055200673372905511495709969450442637528777424463601114417464156285995463224698929946082322691461481268187 0 0 0 0 0 0 0 0 0 0 0 0 0 0 0 0 0 0 0 0 0 0 0 0 0 0 0 0 0 0 0 0 0 0 0 0 0 0 0 0 0 0 0 0 0 0 0 0 0 0 0 0 0 0 0 0 0 0 0 0 0 0 0 0 0 0 0 0 0 0 0 0 0 0 0 0 0 1 0]
[1445634202135840147769701949819307347417284148119875374607992579581153577139295087248929833882200114189269846059066861758452185942722547264118564168199208037995785949937819695107848253487700751431148335603149233854790571020565773078926828788 0 0 0 0 0 0 0 0 0 0 0 0 0 0 0 0 0 0 0 0 0 0 0 0 0 0 0 0 0 0 0 0 0 0 0 0 0 0 0 0 0 0 0 0 0 0 0 0 0 0 0 0 0 0 0 0 0 0 0 0 0 0 0 0 0 0 0 0 0 0 0 0 0 0 0 0 0 0 1]
]
