[[4860841364533282534957182870407867869876976476680139761074789752124383597861819407175163451821946591045896701696574983924561747582483245180029201879227076275090422687216557004167294087996660480120879592391407233531375256683328839 0 0 0 0 0 0 0 0 0 0 0 0 0 0 0 0 0 0 0 0 0 0 0 0 0 0 0 0 0 0 0 0 0 0 0 0 0 0 0 0 0 0 0 0 0 0 0 0 0 0 0 0 0 0 0 0 0 0 0 0 0 0 0 0 0 0 0 0 0 0 0 0 0 0 0]
[3294055529393116373123793879918473124508597094260243632608559335749638409543512127339128896699260849640340792607825867703315663330633769090327466735635780677596176201699623512481042362660592937560565659026860004241598359030669858 1 0 0 0 0 0 0 0 0 0 0 0 0 0 0 0 0 0 0 0 0 0 0 0 0 0 0 0 0 0 0 0 0 0 0 0 0 0 0 0 0 0 0 0 0 0 0 0 0 0 0 0 0 0 0 0 0 0 0 0 0 0 0 0 0 0 0 0 0 0 0 0 0 0 0]
[1573753907026977702152266318547761213476360778734888150982143973341947935013759111221075545097350560946846706077394806322546357383098357040939620154054012229027601940180228106669134508641847786326349534140110014866276679006041156 0 1 0 0 0 0 0 0 0 0 0 0 0 0 0 0 0 0 0 0 0 0 0 0 0 0 0 0 0 0 0 0 0 0 0 0 0 0 0 0 0 0 0 0 0 0 0 0 0 0 0 0 0 0 0 0 0 0 0 0 0 0 0 0 0 0 0 0 0 0 0 0 0 0 0]
[1236486955643240523223630464171172454667596756016491849667125197594144084337162563810577718760315523205794665922213278429222772326691515867998939540274133470481577145496918894245134870359301848129544632581610755459456907739893758 0 0 1 0 0 0 0 0 0 0 0 0 0 0 0 0 0 0 0 0 0 0 0 0 0 0 0 0 0 0 0 0 0 0 0 0 0 0 0 0 0 0 0 0 0 0 0 0 0 0 0 0 0 0 0 0 0 0 0 0 0 0 0 0 0 0 0 0 0 0 0 0 0 0 0]
[1078901810226689590056728143804706825857210417928839081326784303455221014404109634053021090961641815009457636148312679933475010257297294109472993430169289882694628713832793427207404287918394490685969482148258813047923979610576685 0 0 0 1 0 0 0 0 0 0 0 0 0 0 0 0 0 0 0 0 0 0 0 0 0 0 0 0 0 0 0 0 0 0 0 0 0 0 0 0 0 0 0 0 0 0 0 0 0 0 0 0 0 0 0 0 0 0 0 0 0 0 0 0 0 0 0 0 0 0 0 0 0 0 0]
[3395142649525080018494700025542833315034211859292864350121382892790386113452353433705135282329682736691680378422764520886137622704690966703266187949498658054358765983904079710385456949615575611153585938155483820405175661117982400 0 0 0 0 1 0 0 0 0 0 0 0 0 0 0 0 0 0 0 0 0 0 0 0 0 0 0 0 0 0 0 0 0 0 0 0 0 0 0 0 0 0 0 0 0 0 0 0 0 0 0 0 0 0 0 0 0 0 0 0 0 0 0 0 0 0 0 0 0 0 0 0 0 0 0]
[1996687419847401108210900166342977507303697378187163663278057835371078625002093657458947539868720317811781866305474359294941547120276011241155163939024711227743720855592990268045002702203851991646427601446539069900713881707546341 0 0 0 0 0 1 0 0 0 0 0 0 0 0 0 0 0 0 0 0 0 0 0 0 0 0 0 0 0 0 0 0 0 0 0 0 0 0 0 0 0 0 0 0 0 0 0 0 0 0 0 0 0 0 0 0 0 0 0 0 0 0 0 0 0 0 0 0 0 0 0 0 0 0 0]
[4025680510359533781457883306458923972277207537877287079854603081385711261746492754449504268700448165308770755668920806757513453435322677703187673654766739123080504671208941140471769282545762676529724155465100842932467430258702893 0 0 0 0 0 0 1 0 0 0 0 0 0 0 0 0 0 0 0 0 0 0 0 0 0 0 0 0 0 0 0 0 0 0 0 0 0 0 0 0 0 0 0 0 0 0 0 0 0 0 0 0 0 0 0 0 0 0 0 0 0 0 0 0 0 0 0 0 0 0 0 0 0 0 0]
[496861629504469808775284632430528108027883449858579059812647686148720304217093998125588471027811036374829635976564607889133657408280218002066402247139797018072270240676462654605581619704247553686417643570403906456953230127444974 0 0 0 0 0 0 0 1 0 0 0 0 0 0 0 0 0 0 0 0 0 0 0 0 0 0 0 0 0 0 0 0 0 0 0 0 0 0 0 0 0 0 0 0 0 0 0 0 0 0 0 0 0 0 0 0 0 0 0 0 0 0 0 0 0 0 0 0 0 0 0 0 0 0 0]
[3672903881269625859330231147217710508813487561770277638697639199043886730575424177453863052504393690917156234301446896882521631922072613492007838648035747627744486639457610449887385894213563132566248552844187417956749956460297803 0 0 0 0 0 0 0 0 1 0 0 0 0 0 0 0 0 0 0 0 0 0 0 0 0 0 0 0 0 0 0 0 0 0 0 0 0 0 0 0 0 0 0 0 0 0 0 0 0 0 0 0 0 0 0 0 0 0 0 0 0 0 0 0 0 0 0 0 0 0 0 0 0 0 0]
[2311354464766860683472768977059992850203228453552921006475688957651974766023757622741619739779842846545617335882088059269334792707394036639305221456120355495243204922072498659085101906560640331406223445316443348458712713872418001 0 0 0 0 0 0 0 0 0 1 0 0 0 0 0 0 0 0 0 0 0 0 0 0 0 0 0 0 0 0 0 0 0 0 0 0 0 0 0 0 0 0 0 0 0 0 0 0 0 0 0 0 0 0 0 0 0 0 0 0 0 0 0 0 0 0 0 0 0 0 0 0 0 0 0]
[2772754710713240769796126392708479281258137911432796234274539980530050811779654727576771169861818699034414223042394356142367599229742329989363531163208483053317169436652005182122945662017765033619088998221925608152025110285573332 0 0 0 0 0 0 0 0 0 0 1 0 0 0 0 0 0 0 0 0 0 0 0 0 0 0 0 0 0 0 0 0 0 0 0 0 0 0 0 0 0 0 0 0 0 0 0 0 0 0 0 0 0 0 0 0 0 0 0 0 0 0 0 0 0 0 0 0 0 0 0 0 0 0 0]
[3329195779248747942680496376582051676817358057347978242869615750744578214437799169357342713810462013864596588667451609881889813174569146245697788850103080831459820391706083350776840933810230251558881735152769300746797406692250601 0 0 0 0 0 0 0 0 0 0 0 1 0 0 0 0 0 0 0 0 0 0 0 0 0 0 0 0 0 0 0 0 0 0 0 0 0 0 0 0 0 0 0 0 0 0 0 0 0 0 0 0 0 0 0 0 0 0 0 0 0 0 0 0 0 0 0 0 0 0 0 0 0 0 0]
[3007359474955988196273557727655071820551486001116773487251330796756212278958273841336760444642579690973378486613505148949739377749935514783384472247500216329673309923767787459666158958131570237724202721597235134208518615809450991 0 0 0 0 0 0 0 0 0 0 0 0 1 0 0 0 0 0 0 0 0 0 0 0 0 0 0 0 0 0 0 0 0 0 0 0 0 0 0 0 0 0 0 0 0 0 0 0 0 0 0 0 0 0 0 0 0 0 0 0 0 0 0 0 0 0 0 0 0 0 0 0 0 0 0]
[4285395685778721237887760490789089685682679313655530146727084759003759858343137154992969491181113210051690237423884868961031846976704120000536690181792989960221169688302438815542691420572849617561268319468816506796277469306341468 0 0 0 0 0 0 0 0 0 0 0 0 0 1 0 0 0 0 0 0 0 0 0 0 0 0 0 0 0 0 0 0 0 0 0 0 0 0 0 0 0 0 0 0 0 0 0 0 0 0 0 0 0 0 0 0 0 0 0 0 0 0 0 0 0 0 0 0 0 0 0 0 0 0 0]
[3448356026305393818078901464526592244884914631350819875474555119807151774950214872961957813127960829200883172328678290513797157198287577673806381103508837404364304296296308232572774668853146706565339118211007083473271029722504396 0 0 0 0 0 0 0 0 0 0 0 0 0 0 1 0 0 0 0 0 0 0 0 0 0 0 0 0 0 0 0 0 0 0 0 0 0 0 0 0 0 0 0 0 0 0 0 0 0 0 0 0 0 0 0 0 0 0 0 0 0 0 0 0 0 0 0 0 0 0 0 0 0 0 0]
[3243171971616260865223604545238074674229559404358362287324644425605899530767391206831283335772069720326262819753331969440864476666658892800470267468606623014847298015247556090778988957702133780065208857870905147096260760601219130 0 0 0 0 0 0 0 0 0 0 0 0 0 0 0 1 0 0 0 0 0 0 0 0 0 0 0 0 0 0 0 0 0 0 0 0 0 0 0 0 0 0 0 0 0 0 0 0 0 0 0 0 0 0 0 0 0 0 0 0 0 0 0 0 0 0 0 0 0 0 0 0 0 0 0]
[4313330929697049478033789536879922941365156073591380426574184036998665551715408964004924314106980459778182927057065118957946665086932279786131639522236085043194036560641335391783661563097636641383162846615968835373590451762937563 0 0 0 0 0 0 0 0 0 0 0 0 0 0 0 0 1 0 0 0 0 0 0 0 0 0 0 0 0 0 0 0 0 0 0 0 0 0 0 0 0 0 0 0 0 0 0 0 0 0 0 0 0 0 0 0 0 0 0 0 0 0 0 0 0 0 0 0 0 0 0 0 0 0 0]
[2850835779760776493136642903356683154166182245649398234426124973153444115872164724226931400154833742826990903200163374371090046695657204293992344701350501051013119490604187743439197228647611469091425130548285863999735412092132808 0 0 0 0 0 0 0 0 0 0 0 0 0 0 0 0 0 1 0 0 0 0 0 0 0 0 0 0 0 0 0 0 0 0 0 0 0 0 0 0 0 0 0 0 0 0 0 0 0 0 0 0 0 0 0 0 0 0 0 0 0 0 0 0 0 0 0 0 0 0 0 0 0 0 0]
[1966533883641594220416973659168956568140414650048337386025606730676483235786906568526335454171596848192378904519648015941231243554612187790479755932695000786126441284506888941264296727335540654526992891133771077955207530549149414 0 0 0 0 0 0 0 0 0 0 0 0 0 0 0 0 0 0 1 0 0 0 0 0 0 0 0 0 0 0 0 0 0 0 0 0 0 0 0 0 0 0 0 0 0 0 0 0 0 0 0 0 0 0 0 0 0 0 0 0 0 0 0 0 0 0 0 0 0 0 0 0 0 0 0]
[1353497281407960723711079734090332442010914661333413326434681133459885005256452532545196010755991582039081710718543635169863338395617237805720597426348586586581864829667602955250865628137631958590581662608208056616195022991470047 0 0 0 0 0 0 0 0 0 0 0 0 0 0 0 0 0 0 0 1 0 0 0 0 0 0 0 0 0 0 0 0 0 0 0 0 0 0 0 0 0 0 0 0 0 0 0 0 0 0 0 0 0 0 0 0 0 0 0 0 0 0 0 0 0 0 0 0 0 0 0 0 0 0 0]
[1258460701175959612426838320120437304607156617259737795378547091990767429226544451953399093784053382812242632120868892631163867758802747817382895881190235513324249738555858180035843784103972621390301799077633070371817970297530247 0 0 0 0 0 0 0 0 0 0 0 0 0 0 0 0 0 0 0 0 1 0 0 0 0 0 0 0 0 0 0 0 0 0 0 0 0 0 0 0 0 0 0 0 0 0 0 0 0 0 0 0 0 0 0 0 0 0 0 0 0 0 0 0 0 0 0 0 0 0 0 0 0 0 0]
[3975386245247892622380364315942761810410533310141854455348176406171588091935438660258523387153466046890296508550927586476509619297271700865898408034164193040317367210121813346289337260391256187813893076502190303840034662553813282 0 0 0 0 0 0 0 0 0 0 0 0 0 0 0 0 0 0 0 0 0 1 0 0 0 0 0 0 0 0 0 0 0 0 0 0 0 0 0 0 0 0 0 0 0 0 0 0 0 0 0 0 0 0 0 0 0 0 0 0 0 0 0 0 0 0 0 0 0 0 0 0 0 0 0]
[966054744813141776756722969021864618864583685559964285081169752504585152202565526244091055133385963396670207800847430245621596840655329297150603451233375738254590548150104742086015149755151211911771250484780415221410526251991035 0 0 0 0 0 0 0 0 0 0 0 0 0 0 0 0 0 0 0 0 0 0 1 0 0 0 0 0 0 0 0 0 0 0 0 0 0 0 0 0 0 0 0 0 0 0 0 0 0 0 0 0 0 0 0 0 0 0 0 0 0 0 0 0 0 0 0 0 0 0 0 0 0 0 0]
[4222981229267033573657448738192681927399999199426938248913616497021623136393557512135787559069488824641285187306803617577380645925224455585057095311952021552600180144917783131733172744709776892461438490675649652543003041681241449 0 0 0 0 0 0 0 0 0 0 0 0 0 0 0 0 0 0 0 0 0 0 0 1 0 0 0 0 0 0 0 0 0 0 0 0 0 0 0 0 0 0 0 0 0 0 0 0 0 0 0 0 0 0 0 0 0 0 0 0 0 0 0 0 0 0 0 0 0 0 0 0 0 0 0]
[2403370668962259797404639547739252457074739745260906165516093294528938412570138971023540476306852895449379349812855883673979295277167112900888571436183153206122871301717044913217619377191601177300308865209960826544048751860673079 0 0 0 0 0 0 0 0 0 0 0 0 0 0 0 0 0 0 0 0 0 0 0 0 1 0 0 0 0 0 0 0 0 0 0 0 0 0 0 0 0 0 0 0 0 0 0 0 0 0 0 0 0 0 0 0 0 0 0 0 0 0 0 0 0 0 0 0 0 0 0 0 0 0 0]
[4535279614294845566601336659897815847332417836277024290058777595636722549307701461975841226572397789809441196511849977677011349307338706240819356609808385589389951486746597332541149433747956754673098568920010438808094937261744791 0 0 0 0 0 0 0 0 0 0 0 0 0 0 0 0 0 0 0 0 0 0 0 0 0 1 0 0 0 0 0 0 0 0 0 0 0 0 0 0 0 0 0 0 0 0 0 0 0 0 0 0 0 0 0 0 0 0 0 0 0 0 0 0 0 0 0 0 0 0 0 0 0 0 0]
[725003225960674023454273934999672867936446421698565450091202910345621317834050214782793512616927320592452481811596171558440682135439436134860996014960102197076458397526815245033306692374147149500136809568854674334171301029871451 0 0 0 0 0 0 0 0 0 0 0 0 0 0 0 0 0 0 0 0 0 0 0 0 0 0 1 0 0 0 0 0 0 0 0 0 0 0 0 0 0 0 0 0 0 0 0 0 0 0 0 0 0 0 0 0 0 0 0 0 0 0 0 0 0 0 0 0 0 0 0 0 0 0 0]
[3841794460838402916181374434573558487277574361051761002691686978492006422284711481892751298945410226605107070199773183618225126730526968292960648795854194459877606471002698229216010824993497593748131915172990089551087602548630761 0 0 0 0 0 0 0 0 0 0 0 0 0 0 0 0 0 0 0 0 0 0 0 0 0 0 0 1 0 0 0 0 0 0 0 0 0 0 0 0 0 0 0 0 0 0 0 0 0 0 0 0 0 0 0 0 0 0 0 0 0 0 0 0 0 0 0 0 0 0 0 0 0 0 0]
[2300592683340103397767441732193203243011686463630486320505301548902605636515676751723591409378073266975437001816111848792587353895976162334957092121896566756024765712510399533070442205299603566624528815709151694533167510323123213 0 0 0 0 0 0 0 0 0 0 0 0 0 0 0 0 0 0 0 0 0 0 0 0 0 0 0 0 1 0 0 0 0 0 0 0 0 0 0 0 0 0 0 0 0 0 0 0 0 0 0 0 0 0 0 0 0 0 0 0 0 0 0 0 0 0 0 0 0 0 0 0 0 0 0]
[3841176234016542822675796080826514118011996251167502147215757038788717366577842225279145432312545233073970705034084513263593670738410945543932689125414223111038573488612526270476128678108569734755363136840782860213209680962829230 0 0 0 0 0 0 0 0 0 0 0 0 0 0 0 0 0 0 0 0 0 0 0 0 0 0 0 0 0 1 0 0 0 0 0 0 0 0 0 0 0 0 0 0 0 0 0 0 0 0 0 0 0 0 0 0 0 0 0 0 0 0 0 0 0 0 0 0 0 0 0 0 0 0 0]
[1884396047283506612781381660019183435989895753889541437980134048073296557317228690220666737509074784739603506436510744541519879310542143224237330734359068849638609424944598779523967679030056873021828178045196825946675209478692343 0 0 0 0 0 0 0 0 0 0 0 0 0 0 0 0 0 0 0 0 0 0 0 0 0 0 0 0 0 0 1 0 0 0 0 0 0 0 0 0 0 0 0 0 0 0 0 0 0 0 0 0 0 0 0 0 0 0 0 0 0 0 0 0 0 0 0 0 0 0 0 0 0 0 0]
[873572085199530997513741061548132571846906175427010443037628042902789832359057709863727597041566721888729834817973847425891614567027639510082647579763207934209811386483313264640783136557859648930336318031849527756077388595185939 0 0 0 0 0 0 0 0 0 0 0 0 0 0 0 0 0 0 0 0 0 0 0 0 0 0 0 0 0 0 0 1 0 0 0 0 0 0 0 0 0 0 0 0 0 0 0 0 0 0 0 0 0 0 0 0 0 0 0 0 0 0 0 0 0 0 0 0 0 0 0 0 0 0 0]
[3396427653044073819721355346135819462035718965549238289181138263662026035770010852057727812088808006249548319422409613402535775414115149979809139205257955945498269873126442110517785752417875809081723305962926325489847011951970904 0 0 0 0 0 0 0 0 0 0 0 0 0 0 0 0 0 0 0 0 0 0 0 0 0 0 0 0 0 0 0 0 1 0 0 0 0 0 0 0 0 0 0 0 0 0 0 0 0 0 0 0 0 0 0 0 0 0 0 0 0 0 0 0 0 0 0 0 0 0 0 0 0 0 0]
[2916388756582094260544086876560320277124252523507208982233314458783652147535766815581602303375644648442571862734552090411025920697654166234789757244100683130431433367687519319878156387877792611897115356511088003811720199768414408 0 0 0 0 0 0 0 0 0 0 0 0 0 0 0 0 0 0 0 0 0 0 0 0 0 0 0 0 0 0 0 0 0 1 0 0 0 0 0 0 0 0 0 0 0 0 0 0 0 0 0 0 0 0 0 0 0 0 0 0 0 0 0 0 0 0 0 0 0 0 0 0 0 0 0]
[3132253246939219897486851838606673642784124645618602483120206613176156600759341943540270625005037956210588295726049441057444076190629430432067417051697601989171533880916864963355143830977259299974308615640955065199484851954762809 0 0 0 0 0 0 0 0 0 0 0 0 0 0 0 0 0 0 0 0 0 0 0 0 0 0 0 0 0 0 0 0 0 0 1 0 0 0 0 0 0 0 0 0 0 0 0 0 0 0 0 0 0 0 0 0 0 0 0 0 0 0 0 0 0 0 0 0 0 0 0 0 0 0 0]
[4182993058370781308708190209885658508883147858401459929460982493809989771854729456828341575535246966746973275982484437391329582044381404728392010843042495548540043971367713047095409401114389884594086668983834623212870705339679927 0 0 0 0 0 0 0 0 0 0 0 0 0 0 0 0 0 0 0 0 0 0 0 0 0 0 0 0 0 0 0 0 0 0 0 1 0 0 0 0 0 0 0 0 0 0 0 0 0 0 0 0 0 0 0 0 0 0 0 0 0 0 0 0 0 0 0 0 0 0 0 0 0 0 0]
[4750411107192630100679524396470577689731552816783441292238889845176965085592803153857568230910244344808607266370243761904250397493869105927433025002614142594162109138993295260607801125098543638591816898560226882914316383253770181 0 0 0 0 0 0 0 0 0 0 0 0 0 0 0 0 0 0 0 0 0 0 0 0 0 0 0 0 0 0 0 0 0 0 0 0 1 0 0 0 0 0 0 0 0 0 0 0 0 0 0 0 0 0 0 0 0 0 0 0 0 0 0 0 0 0 0 0 0 0 0 0 0 0 0]
[1972793394987305144641377355359576500749816704540386645167206096346095403908306051297672485979975802284745066994532903340098297342454911262846028975798750244638795317727023938345717189775103545381700304996979036908950490421847085 0 0 0 0 0 0 0 0 0 0 0 0 0 0 0 0 0 0 0 0 0 0 0 0 0 0 0 0 0 0 0 0 0 0 0 0 0 1 0 0 0 0 0 0 0 0 0 0 0 0 0 0 0 0 0 0 0 0 0 0 0 0 0 0 0 0 0 0 0 0 0 0 0 0 0]
[4676868527090542071054271647238069009965253083065366965233805761625731422302845269317332461962138619126644798659164659484473571286940026758659130218610038641322404399493203523029809049791353816109962261570382073081471849684369732 0 0 0 0 0 0 0 0 0 0 0 0 0 0 0 0 0 0 0 0 0 0 0 0 0 0 0 0 0 0 0 0 0 0 0 0 0 0 1 0 0 0 0 0 0 0 0 0 0 0 0 0 0 0 0 0 0 0 0 0 0 0 0 0 0 0 0 0 0 0 0 0 0 0 0]
[1241749196014513387022572846841489212820940982510115547130880843424146946121350438305342700571036917568146234073155802083152797187856625748288990515500686273220797364968566615074777778242856959604477057814863807277562413560994659 0 0 0 0 0 0 0 0 0 0 0 0 0 0 0 0 0 0 0 0 0 0 0 0 0 0 0 0 0 0 0 0 0 0 0 0 0 0 0 1 0 0 0 0 0 0 0 0 0 0 0 0 0 0 0 0 0 0 0 0 0 0 0 0 0 0 0 0 0 0 0 0 0 0 0]
[1298403601265129584822400501474140673141335956786450362179587671531505605156123584415549971615966299999257541564777343463864144325343094528484712493720779518146906794834396666888370945749593267935665645741055840912232431347644213 0 0 0 0 0 0 0 0 0 0 0 0 0 0 0 0 0 0 0 0 0 0 0 0 0 0 0 0 0 0 0 0 0 0 0 0 0 0 0 0 1 0 0 0 0 0 0 0 0 0 0 0 0 0 0 0 0 0 0 0 0 0 0 0 0 0 0 0 0 0 0 0 0 0 0]
[4395827419185743388537768155337205374508006159070481124574907414598887619970883322401574103957078954226224849174833172917279964935355064220606499874011758774811206215559297169777456079703621013179421892196302465268683309020653190 0 0 0 0 0 0 0 0 0 0 0 0 0 0 0 0 0 0 0 0 0 0 0 0 0 0 0 0 0 0 0 0 0 0 0 0 0 0 0 0 0 1 0 0 0 0 0 0 0 0 0 0 0 0 0 0 0 0 0 0 0 0 0 0 0 0 0 0 0 0 0 0 0 0 0]
[3288246215986582708635313538968883256551605432942021317055150018604539349459075520020138304805462199630703331096248380575317862360937343127468963876606405073410856495597327743807765811565125379557294372951053804047028092875948851 0 0 0 0 0 0 0 0 0 0 0 0 0 0 0 0 0 0 0 0 0 0 0 0 0 0 0 0 0 0 0 0 0 0 0 0 0 0 0 0 0 0 1 0 0 0 0 0 0 0 0 0 0 0 0 0 0 0 0 0 0 0 0 0 0 0 0 0 0 0 0 0 0 0 0]
[1687641132174503787933329104426612360519524058468402445353202488127099368978351159387433786759016881365597759108705503555344243680326853730429516084834081188943529247431363359785820265566399869085894128274561807608675414114435790 0 0 0 0 0 0 0 0 0 0 0 0 0 0 0 0 0 0 0 0 0 0 0 0 0 0 0 0 0 0 0 0 0 0 0 0 0 0 0 0 0 0 0 1 0 0 0 0 0 0 0 0 0 0 0 0 0 0 0 0 0 0 0 0 0 0 0 0 0 0 0 0 0 0 0]
[424075905429763268398246027466640957396541527837018052979316196327171210001562072258861715775274566487665474465708432224518909022265309691970707985275953124656193443579189863337870925981609493465078197796654692323769177578118617 0 0 0 0 0 0 0 0 0 0 0 0 0 0 0 0 0 0 0 0 0 0 0 0 0 0 0 0 0 0 0 0 0 0 0 0 0 0 0 0 0 0 0 0 1 0 0 0 0 0 0 0 0 0 0 0 0 0 0 0 0 0 0 0 0 0 0 0 0 0 0 0 0 0 0]
[443338645313219402723145404161387470357573288344943694803333813033960226829382193976715072727983464957062848926132456340119922953245014846838013671080136308705907603910113652045929254317503837150859261417701665286526520791409347 0 0 0 0 0 0 0 0 0 0 0 0 0 0 0 0 0 0 0 0 0 0 0 0 0 0 0 0 0 0 0 0 0 0 0 0 0 0 0 0 0 0 0 0 0 1 0 0 0 0 0 0 0 0 0 0 0 0 0 0 0 0 0 0 0 0 0 0 0 0 0 0 0 0 0]
[2242026748486142921715790261930503584716887381589763933046830468831143497525590281220743594550162999190175737795670801607281838567094713202004397449049850877401657436761451798526451426841201662335468667764515362729235922798473049 0 0 0 0 0 0 0 0 0 0 0 0 0 0 0 0 0 0 0 0 0 0 0 0 0 0 0 0 0 0 0 0 0 0 0 0 0 0 0 0 0 0 0 0 0 0 1 0 0 0 0 0 0 0 0 0 0 0 0 0 0 0 0 0 0 0 0 0 0 0 0 0 0 0 0]
[3300858966232933436391489495581568334648032984566502613528833066127844471830991100287099753968376856727243327351033939993713237246862629881699668689479908963110667271492851050153554565718610832565655684917447654242108116451316722 0 0 0 0 0 0 0 0 0 0 0 0 0 0 0 0 0 0 0 0 0 0 0 0 0 0 0 0 0 0 0 0 0 0 0 0 0 0 0 0 0 0 0 0 0 0 0 1 0 0 0 0 0 0 0 0 0 0 0 0 0 0 0 0 0 0 0 0 0 0 0 0 0 0 0]
[1463515090382123619572711701628728051914615444357116695301518891282131282089112994503726363071282305165831902364569335100443989536377327079395523698623834295620485884398137757787661008126408017885036769346049403576790397431016518 0 0 0 0 0 0 0 0 0 0 0 0 0 0 0 0 0 0 0 0 0 0 0 0 0 0 0 0 0 0 0 0 0 0 0 0 0 0 0 0 0 0 0 0 0 0 0 0 1 0 0 0 0 0 0 0 0 0 0 0 0 0 0 0 0 0 0 0 0 0 0 0 0 0 0]
[3420499301934549013266709391093287621059250883920275344830070763790665616449111068230770507772112653310756172757666593681085129360090212853889687758615174390684708794777024605006399606048602218779952578830584812222671710549756850 0 0 0 0 0 0 0 0 0 0 0 0 0 0 0 0 0 0 0 0 0 0 0 0 0 0 0 0 0 0 0 0 0 0 0 0 0 0 0 0 0 0 0 0 0 0 0 0 0 1 0 0 0 0 0 0 0 0 0 0 0 0 0 0 0 0 0 0 0 0 0 0 0 0 0]
[3614853983010842801247919606808610622280895495466167215394735632186279263044433776198092365165791522912793045641095200888079192194042959475919928710931218943458812200655277691038340453332351216910692673964692394947403252788925869 0 0 0 0 0 0 0 0 0 0 0 0 0 0 0 0 0 0 0 0 0 0 0 0 0 0 0 0 0 0 0 0 0 0 0 0 0 0 0 0 0 0 0 0 0 0 0 0 0 0 1 0 0 0 0 0 0 0 0 0 0 0 0 0 0 0 0 0 0 0 0 0 0 0 0]
[2156305329677036327323693044504626422290235834369776110868676767090114714774987691695822850246902252645124010725742003986082904516938666363127993115007194700717414732810801942473777016189963378107774388921308979386989477263824694 0 0 0 0 0 0 0 0 0 0 0 0 0 0 0 0 0 0 0 0 0 0 0 0 0 0 0 0 0 0 0 0 0 0 0 0 0 0 0 0 0 0 0 0 0 0 0 0 0 0 0 1 0 0 0 0 0 0 0 0 0 0 0 0 0 0 0 0 0 0 0 0 0 0 0]
[4460336201932075816901531869994083456808988303500929129864154897127932874513302940681585592809131041805743495848015934587312939463026279883512753658657929154302424015828577051688448658335318450440694911662027902508129471562694715 0 0 0 0 0 0 0 0 0 0 0 0 0 0 0 0 0 0 0 0 0 0 0 0 0 0 0 0 0 0 0 0 0 0 0 0 0 0 0 0 0 0 0 0 0 0 0 0 0 0 0 0 1 0 0 0 0 0 0 0 0 0 0 0 0 0 0 0 0 0 0 0 0 0 0]
[130486591540261103484638830105242270023157811028389483992005607601470301188524116530114018678340004144377017614421228571123854616469415992575124886418988838176460650666306846996507300519700922165334778313734951822341008531680110 0 0 0 0 0 0 0 0 0 0 0 0 0 0 0 0 0 0 0 0 0 0 0 0 0 0 0 0 0 0 0 0 0 0 0 0 0 0 0 0 0 0 0 0 0 0 0 0 0 0 0 0 0 1 0 0 0 0 0 0 0 0 0 0 0 0 0 0 0 0 0 0 0 0 0]
[1856300203927723774007239332028918531373998267605256449800887979136150715670954535718577352795900861998472393414442330095763914271192602977027137638567355528448224753650736997547705398676523158709739653551947110491339591586986272 0 0 0 0 0 0 0 0 0 0 0 0 0 0 0 0 0 0 0 0 0 0 0 0 0 0 0 0 0 0 0 0 0 0 0 0 0 0 0 0 0 0 0 0 0 0 0 0 0 0 0 0 0 0 1 0 0 0 0 0 0 0 0 0 0 0 0 0 0 0 0 0 0 0 0]
[1664775174697810689182431704952453218618048265520351954900883638826266645661247889928833265805815277456255230366728491495864081606211732554527829900219352414538261744547151894382313108005005347510139808029034653618890460155518123 0 0 0 0 0 0 0 0 0 0 0 0 0 0 0 0 0 0 0 0 0 0 0 0 0 0 0 0 0 0 0 0 0 0 0 0 0 0 0 0 0 0 0 0 0 0 0 0 0 0 0 0 0 0 0 1 0 0 0 0 0 0 0 0 0 0 0 0 0 0 0 0 0 0 0]
[3082799470009541418857182971815739006884688169810535005469935659851937247966206949315994998848446538239619940888759493038922130374017679435010085583489977146740769959211912435791763992544540624297450735403793753126616294679263704 0 0 0 0 0 0 0 0 0 0 0 0 0 0 0 0 0 0 0 0 0 0 0 0 0 0 0 0 0 0 0 0 0 0 0 0 0 0 0 0 0 0 0 0 0 0 0 0 0 0 0 0 0 0 0 0 1 0 0 0 0 0 0 0 0 0 0 0 0 0 0 0 0 0 0]
[1668968375815824709462397726511578505477371683624145618446799867437041312066223983307156274038210741858277110354242160858120006625862770135508599321020705157483770703080198916383242727001738520902255988970473067576773467735284849 0 0 0 0 0 0 0 0 0 0 0 0 0 0 0 0 0 0 0 0 0 0 0 0 0 0 0 0 0 0 0 0 0 0 0 0 0 0 0 0 0 0 0 0 0 0 0 0 0 0 0 0 0 0 0 0 0 1 0 0 0 0 0 0 0 0 0 0 0 0 0 0 0 0 0]
[2051239248157952636455125570133151438171572473742260615640285004242195003645183450952144792950184771634610445529651989190959193718154112905962430816501377529983170625480583690432726942663389642638128604006769008882197460026243162 0 0 0 0 0 0 0 0 0 0 0 0 0 0 0 0 0 0 0 0 0 0 0 0 0 0 0 0 0 0 0 0 0 0 0 0 0 0 0 0 0 0 0 0 0 0 0 0 0 0 0 0 0 0 0 0 0 0 1 0 0 0 0 0 0 0 0 0 0 0 0 0 0 0 0]
[204426903358054332603936486827570664371875084707737980659100028105608463798415718745324935065891801342241991151626317511251637496083146623768073769991731829208793619524444301143329087532377877112951932930635400721472263248592764 0 0 0 0 0 0 0 0 0 0 0 0 0 0 0 0 0 0 0 0 0 0 0 0 0 0 0 0 0 0 0 0 0 0 0 0 0 0 0 0 0 0 0 0 0 0 0 0 0 0 0 0 0 0 0 0 0 0 0 1 0 0 0 0 0 0 0 0 0 0 0 0 0 0 0]
[1568683659339983907825326856601993731938099993273376306647596511423288565123862657909866434965055377987842029403057069823421170984889121684650196778692256369210284302219875848327543171465604400346950536436382390779279310177253118 0 0 0 0 0 0 0 0 0 0 0 0 0 0 0 0 0 0 0 0 0 0 0 0 0 0 0 0 0 0 0 0 0 0 0 0 0 0 0 0 0 0 0 0 0 0 0 0 0 0 0 0 0 0 0 0 0 0 0 0 1 0 0 0 0 0 0 0 0 0 0 0 0 0 0]
[4134467648089269628859484037779942233296662785098922905063383768173371754906099216414619583761269500125553720905239699383464725533253121619139163639114990764696918816523427700573309329717752595927908607456168410159334030197382880 0 0 0 0 0 0 0 0 0 0 0 0 0 0 0 0 0 0 0 0 0 0 0 0 0 0 0 0 0 0 0 0 0 0 0 0 0 0 0 0 0 0 0 0 0 0 0 0 0 0 0 0 0 0 0 0 0 0 0 0 0 1 0 0 0 0 0 0 0 0 0 0 0 0 0]
[709370144023081126216777458824702154748114011111010711492805127109657567027567917546129547649819961755640880092641115995424100706783717028558525621357918640415987701865908652604762127372001622753952895252538938007828306717856204 0 0 0 0 0 0 0 0 0 0 0 0 0 0 0 0 0 0 0 0 0 0 0 0 0 0 0 0 0 0 0 0 0 0 0 0 0 0 0 0 0 0 0 0 0 0 0 0 0 0 0 0 0 0 0 0 0 0 0 0 0 0 1 0 0 0 0 0 0 0 0 0 0 0 0]
[4341959924619019523744841841758393898365680222691200094877016726790541442759284136977896362594550127880934212767242928002189901994719423594844277634797728082441510361669875335295366594421460433570705631033049360896630071162222990 0 0 0 0 0 0 0 0 0 0 0 0 0 0 0 0 0 0 0 0 0 0 0 0 0 0 0 0 0 0 0 0 0 0 0 0 0 0 0 0 0 0 0 0 0 0 0 0 0 0 0 0 0 0 0 0 0 0 0 0 0 0 0 1 0 0 0 0 0 0 0 0 0 0 0]
[3199725032158620230726297416097583904371193601769325044181326365513082358206818338876460232556705158361086933742279189317522541295952821830574942316794402874358833004819790995272384047788567611153847305384591314530340270632910799 0 0 0 0 0 0 0 0 0 0 0 0 0 0 0 0 0 0 0 0 0 0 0 0 0 0 0 0 0 0 0 0 0 0 0 0 0 0 0 0 0 0 0 0 0 0 0 0 0 0 0 0 0 0 0 0 0 0 0 0 0 0 0 0 1 0 0 0 0 0 0 0 0 0 0]
[1082347799645237781395885717517085041816941026420779589068797236125720499614713767756470698692652169352601430476567372820326691972374935333729954601579614419263363171262480434403321047327302289724466250838218439415191320925898720 0 0 0 0 0 0 0 0 0 0 0 0 0 0 0 0 0 0 0 0 0 0 0 0 0 0 0 0 0 0 0 0 0 0 0 0 0 0 0 0 0 0 0 0 0 0 0 0 0 0 0 0 0 0 0 0 0 0 0 0 0 0 0 0 0 1 0 0 0 0 0 0 0 0 0]
[4342032442334735077327023527555105686800618660390054663573018954235332991426154764702750810472672109465579560460427005534868132314110245208556204319027035736701080433434793008388514783374100327322830356605063506296980640925302646 0 0 0 0 0 0 0 0 0 0 0 0 0 0 0 0 0 0 0 0 0 0 0 0 0 0 0 0 0 0 0 0 0 0 0 0 0 0 0 0 0 0 0 0 0 0 0 0 0 0 0 0 0 0 0 0 0 0 0 0 0 0 0 0 0 0 1 0 0 0 0 0 0 0 0]
[1701663414118913953296888385239168847002207008470558171766769359640628128964597695002372863836693598256991255225507626676446663998697206612637530215487557660599548572764632504969829902720766458881748365456667938502296414250197227 0 0 0 0 0 0 0 0 0 0 0 0 0 0 0 0 0 0 0 0 0 0 0 0 0 0 0 0 0 0 0 0 0 0 0 0 0 0 0 0 0 0 0 0 0 0 0 0 0 0 0 0 0 0 0 0 0 0 0 0 0 0 0 0 0 0 0 1 0 0 0 0 0 0 0]
[4176050527651910372568042738938837962756677593732663685287787223717523721554783440098811420591712625478465618466630083886932398175903055918281349453239437449470514971633853720015337509896616449638262011687436022225197433441193902 0 0 0 0 0 0 0 0 0 0 0 0 0 0 0 0 0 0 0 0 0 0 0 0 0 0 0 0 0 0 0 0 0 0 0 0 0 0 0 0 0 0 0 0 0 0 0 0 0 0 0 0 0 0 0 0 0 0 0 0 0 0 0 0 0 0 0 0 1 0 0 0 0 0 0]
[1218723759591917738496271391800872948651049633805752173225710143466519560850967977079812374362811308189563841046401816044702044271450680694396441781124047834329746225476377556985580541076576074204624370242262887654924050203718393 0 0 0 0 0 0 0 0 0 0 0 0 0 0 0 0 0 0 0 0 0 0 0 0 0 0 0 0 0 0 0 0 0 0 0 0 0 0 0 0 0 0 0 0 0 0 0 0 0 0 0 0 0 0 0 0 0 0 0 0 0 0 0 0 0 0 0 0 0 1 0 0 0 0 0]
[2949477217915345586136780891850509737118181128403730168172883513620001031816915271943671764308174694018699369267717471856069834982648696290990977239416588369533364802219282986888228345969754180462828147854037563955260532639539360 0 0 0 0 0 0 0 0 0 0 0 0 0 0 0 0 0 0 0 0 0 0 0 0 0 0 0 0 0 0 0 0 0 0 0 0 0 0 0 0 0 0 0 0 0 0 0 0 0 0 0 0 0 0 0 0 0 0 0 0 0 0 0 0 0 0 0 0 0 0 1 0 0 0 0]
[4017813353709715088255793236222284807448191444086191760941562337154686792387110863875028050694138498573798418385806195158599848765051309110988111852935540431476884780938470361204942510176736937733181017834885743929423891696513146 0 0 0 0 0 0 0 0 0 0 0 0 0 0 0 0 0 0 0 0 0 0 0 0 0 0 0 0 0 0 0 0 0 0 0 0 0 0 0 0 0 0 0 0 0 0 0 0 0 0 0 0 0 0 0 0 0 0 0 0 0 0 0 0 0 0 0 0 0 0 0 1 0 0 0]
[2351421081000298879295282287660659620049381374724798495584578145405879042013959957606775016260294362621370352484203544650094070895052248771174837156865187613697919632058156525453475474854528389400265457847836772144541925800213282 0 0 0 0 0 0 0 0 0 0 0 0 0 0 0 0 0 0 0 0 0 0 0 0 0 0 0 0 0 0 0 0 0 0 0 0 0 0 0 0 0 0 0 0 0 0 0 0 0 0 0 0 0 0 0 0 0 0 0 0 0 0 0 0 0 0 0 0 0 0 0 0 1 0 0]
[3334471061024686654214869012454133805387744587491617388436148803712088840757376877523233982154231906999772704761570450975059450800163564724997815809884439730046168710551588998100882272614121942015688494216415773597053833962211123 0 0 0 0 0 0 0 0 0 0 0 0 0 0 0 0 0 0 0 0 0 0 0 0 0 0 0 0 0 0 0 0 0 0 0 0 0 0 0 0 0 0 0 0 0 0 0 0 0 0 0 0 0 0 0 0 0 0 0 0 0 0 0 0 0 0 0 0 0 0 0 0 0 1 0]
[1999899234540119374279165573334392297786924349246320061735222555578652377829193235858410725522668456778083805513465175509128003672230848721446862175547137862225057192669770031059611136967017313467352558600803574762094193589579947 0 0 0 0 0 0 0 0 0 0 0 0 0 0 0 0 0 0 0 0 0 0 0 0 0 0 0 0 0 0 0 0 0 0 0 0 0 0 0 0 0 0 0 0 0 0 0 0 0 0 0 0 0 0 0 0 0 0 0 0 0 0 0 0 0 0 0 0 0 0 0 0 0 0 1]
]
