[[2446750627735510705945780485627980889349626020062986611638707563104092548514328416306783620933397693127855645334045362606620197649307166462448852377870151459308870913251640481443983979829112587607861 0 0 0 0 0 0 0 0 0 0 0 0 0 0 0 0 0 0 0 0 0 0 0 0 0 0 0 0 0 0 0 0 0 0 0 0 0 0 0 0 0 0 0 0 0 0 0 0 0 0 0 0 0 0 0 0 0 0 0 0 0 0 0 0 0]
[1553310625301106104699291435758745221700450879923260534950006066203393799823918803895991391167441246678298052287750202654152999910515260896523845383858231292968885297416616532673100090576718216409270 1 0 0 0 0 0 0 0 0 0 0 0 0 0 0 0 0 0 0 0 0 0 0 0 0 0 0 0 0 0 0 0 0 0 0 0 0 0 0 0 0 0 0 0 0 0 0 0 0 0 0 0 0 0 0 0 0 0 0 0 0 0 0 0 0]
[863515587410534178944686953375508589124239202913994182680922750665599360211577396391551290157918572251039183323133138541612598720135162690371957620440917857240538621111282325488780953709920990626185 0 1 0 0 0 0 0 0 0 0 0 0 0 0 0 0 0 0 0 0 0 0 0 0 0 0 0 0 0 0 0 0 0 0 0 0 0 0 0 0 0 0 0 0 0 0 0 0 0 0 0 0 0 0 0 0 0 0 0 0 0 0 0 0 0]
[853298668688712164830563821607915506450344691954865351876388102184656619432564557117774261858222331444422737403328977759714184582769180134290835636603556087043063560603523779045952520109866870919225 0 0 1 0 0 0 0 0 0 0 0 0 0 0 0 0 0 0 0 0 0 0 0 0 0 0 0 0 0 0 0 0 0 0 0 0 0 0 0 0 0 0 0 0 0 0 0 0 0 0 0 0 0 0 0 0 0 0 0 0 0 0 0 0 0]
[1270259927821740098197643476951448439185013399192347994734511974518965588225202049366348324212205598451973065876802177209464329840192417101656170433160004090898423090256386757471435934529078528097758 0 0 0 1 0 0 0 0 0 0 0 0 0 0 0 0 0 0 0 0 0 0 0 0 0 0 0 0 0 0 0 0 0 0 0 0 0 0 0 0 0 0 0 0 0 0 0 0 0 0 0 0 0 0 0 0 0 0 0 0 0 0 0 0 0]
[212691879649654842231631960002398745127224140194991880119123575806406628507921039596181316263527722179827363083960587557809759077496695085491718139289583050564452033482082084625734979876877054274516 0 0 0 0 1 0 0 0 0 0 0 0 0 0 0 0 0 0 0 0 0 0 0 0 0 0 0 0 0 0 0 0 0 0 0 0 0 0 0 0 0 0 0 0 0 0 0 0 0 0 0 0 0 0 0 0 0 0 0 0 0 0 0 0 0]
[1746866527496435821347300448269601275099560538308591069173547928661526048418872090581318769912743641301194871131427080144140036892020163000267936659493994472519706492305230688305401724975635572803257 0 0 0 0 0 1 0 0 0 0 0 0 0 0 0 0 0 0 0 0 0 0 0 0 0 0 0 0 0 0 0 0 0 0 0 0 0 0 0 0 0 0 0 0 0 0 0 0 0 0 0 0 0 0 0 0 0 0 0 0 0 0 0 0 0]
[1949212690443996045663428067887565040962437974571021442495516048240541399477089128843423796105126491924506648939528539254443226890724224446806333059499446450582965842164457827711734553900794677844338 0 0 0 0 0 0 1 0 0 0 0 0 0 0 0 0 0 0 0 0 0 0 0 0 0 0 0 0 0 0 0 0 0 0 0 0 0 0 0 0 0 0 0 0 0 0 0 0 0 0 0 0 0 0 0 0 0 0 0 0 0 0 0 0 0]
[1096895834668890936490114589896197256176221538957662833105828769369160078282111988981069358761378617662323923870408027527167103051172927695186742770750638838503974270321023244436403725035638578191923 0 0 0 0 0 0 0 1 0 0 0 0 0 0 0 0 0 0 0 0 0 0 0 0 0 0 0 0 0 0 0 0 0 0 0 0 0 0 0 0 0 0 0 0 0 0 0 0 0 0 0 0 0 0 0 0 0 0 0 0 0 0 0 0 0]
[1384725932843509946987996394658678174578508841875358905058882891941929978409915126606546803786577883758668639450459214131065557061980054368712226029829322512563721057013729139422353446667120001126684 0 0 0 0 0 0 0 0 1 0 0 0 0 0 0 0 0 0 0 0 0 0 0 0 0 0 0 0 0 0 0 0 0 0 0 0 0 0 0 0 0 0 0 0 0 0 0 0 0 0 0 0 0 0 0 0 0 0 0 0 0 0 0 0 0]
[1577697283781823571687179476767722653993985406794536237905029376090463275557242090370384892082473541965059317961442313202934603874209879237165122431537457993904558243412630465204784612139236923754859 0 0 0 0 0 0 0 0 0 1 0 0 0 0 0 0 0 0 0 0 0 0 0 0 0 0 0 0 0 0 0 0 0 0 0 0 0 0 0 0 0 0 0 0 0 0 0 0 0 0 0 0 0 0 0 0 0 0 0 0 0 0 0 0 0]
[518618219609401804606846223529367301571845991747909409275136005377206711195832700614626697614270825805208567282074322193488056539544102191512806510693302000513321573841541530861419312604230679216078 0 0 0 0 0 0 0 0 0 0 1 0 0 0 0 0 0 0 0 0 0 0 0 0 0 0 0 0 0 0 0 0 0 0 0 0 0 0 0 0 0 0 0 0 0 0 0 0 0 0 0 0 0 0 0 0 0 0 0 0 0 0 0 0 0]
[491421551734807158437159496089648203196191526839939549302222917379265383165105889409370325541623922295856474852254800974680195502207764034819014772909480955974807323325033296323363482888457199849452 0 0 0 0 0 0 0 0 0 0 0 1 0 0 0 0 0 0 0 0 0 0 0 0 0 0 0 0 0 0 0 0 0 0 0 0 0 0 0 0 0 0 0 0 0 0 0 0 0 0 0 0 0 0 0 0 0 0 0 0 0 0 0 0 0]
[1673618246829076419851524170091709923422997472140522692334895206892753436321778893052352812712756849281824820786345813656445015639127621535185759748079913767686629336503464911867106095719063377472123 0 0 0 0 0 0 0 0 0 0 0 0 1 0 0 0 0 0 0 0 0 0 0 0 0 0 0 0 0 0 0 0 0 0 0 0 0 0 0 0 0 0 0 0 0 0 0 0 0 0 0 0 0 0 0 0 0 0 0 0 0 0 0 0 0]
[1283438671979103009931113385294828525036991895113311960143980240995600318299060959141429207214923910311664885701459036672534798656068930316506523203078080609915208291044328192272083573457991036353747 0 0 0 0 0 0 0 0 0 0 0 0 0 1 0 0 0 0 0 0 0 0 0 0 0 0 0 0 0 0 0 0 0 0 0 0 0 0 0 0 0 0 0 0 0 0 0 0 0 0 0 0 0 0 0 0 0 0 0 0 0 0 0 0 0]
[765891676961854193316090700591910408868918477035800742719102455011641266726952426547577949794932895995909033872461677818589186275862511891614534495046598020409385848898516876705836566933427041089812 0 0 0 0 0 0 0 0 0 0 0 0 0 0 1 0 0 0 0 0 0 0 0 0 0 0 0 0 0 0 0 0 0 0 0 0 0 0 0 0 0 0 0 0 0 0 0 0 0 0 0 0 0 0 0 0 0 0 0 0 0 0 0 0 0]
[614676948099917429779796327641421546922561905605081422264447638936084294247497282472284339950995051853650457944239546475274110200025333874146013840152359846393019513862152508729725676814315710082429 0 0 0 0 0 0 0 0 0 0 0 0 0 0 0 1 0 0 0 0 0 0 0 0 0 0 0 0 0 0 0 0 0 0 0 0 0 0 0 0 0 0 0 0 0 0 0 0 0 0 0 0 0 0 0 0 0 0 0 0 0 0 0 0 0]
[1502515545103804332953793516125540046408289390856375403269925929751020451184982548495254684806544467746892664570522933289627942883034899554763110193045154939318879647730215818758428338279472095174298 0 0 0 0 0 0 0 0 0 0 0 0 0 0 0 0 1 0 0 0 0 0 0 0 0 0 0 0 0 0 0 0 0 0 0 0 0 0 0 0 0 0 0 0 0 0 0 0 0 0 0 0 0 0 0 0 0 0 0 0 0 0 0 0 0]
[486348075597457508736854347401533160727187417893116656394362774382632244486037192118536536401103626125805000588387155288423864180229101503689482950127069683041422614637821628467855085335776856096438 0 0 0 0 0 0 0 0 0 0 0 0 0 0 0 0 0 1 0 0 0 0 0 0 0 0 0 0 0 0 0 0 0 0 0 0 0 0 0 0 0 0 0 0 0 0 0 0 0 0 0 0 0 0 0 0 0 0 0 0 0 0 0 0 0]
[1603711204860366484828498228283813266736218801782554866109904254336552244466983869022375186635769916349231315832401260299252847725328894999825386689838941226686310454874756667126269338591740732918010 0 0 0 0 0 0 0 0 0 0 0 0 0 0 0 0 0 0 1 0 0 0 0 0 0 0 0 0 0 0 0 0 0 0 0 0 0 0 0 0 0 0 0 0 0 0 0 0 0 0 0 0 0 0 0 0 0 0 0 0 0 0 0 0 0]
[906532378419263189898398038983656890504691833330804296307702568642082853837305096458284659420824811743858142045831509316258024971215510184781394795627214837396673025433692229327597910570693835481854 0 0 0 0 0 0 0 0 0 0 0 0 0 0 0 0 0 0 0 1 0 0 0 0 0 0 0 0 0 0 0 0 0 0 0 0 0 0 0 0 0 0 0 0 0 0 0 0 0 0 0 0 0 0 0 0 0 0 0 0 0 0 0 0 0]
[1023588972041530357507322708512633223757346673630538190982077692844921037871611828087786239303189423218203181713507419148931408618251459991287969259349520263596444352915040772928966480990729689627715 0 0 0 0 0 0 0 0 0 0 0 0 0 0 0 0 0 0 0 0 1 0 0 0 0 0 0 0 0 0 0 0 0 0 0 0 0 0 0 0 0 0 0 0 0 0 0 0 0 0 0 0 0 0 0 0 0 0 0 0 0 0 0 0 0]
[949495162520503828853988456694185939692151406984877402406359193853793977639070857617507257377872177381656153473034593684183417034796720397869078799174812854870263213169242001834379620994875783131561 0 0 0 0 0 0 0 0 0 0 0 0 0 0 0 0 0 0 0 0 0 1 0 0 0 0 0 0 0 0 0 0 0 0 0 0 0 0 0 0 0 0 0 0 0 0 0 0 0 0 0 0 0 0 0 0 0 0 0 0 0 0 0 0 0]
[1376986351049618422398438776352565775222429691970987542136410948129322907115812273559023634717116037892384462505396075890392258858442156455248900729036647027197612475511431406116305048044794758145150 0 0 0 0 0 0 0 0 0 0 0 0 0 0 0 0 0 0 0 0 0 0 1 0 0 0 0 0 0 0 0 0 0 0 0 0 0 0 0 0 0 0 0 0 0 0 0 0 0 0 0 0 0 0 0 0 0 0 0 0 0 0 0 0 0]
[1693519643870302921948326357384668964796354445298682854473277363348106661948532460886881263143402749128529880301757706370436002062335504650478837312426423178491563550573496217976420318502109569039239 0 0 0 0 0 0 0 0 0 0 0 0 0 0 0 0 0 0 0 0 0 0 0 1 0 0 0 0 0 0 0 0 0 0 0 0 0 0 0 0 0 0 0 0 0 0 0 0 0 0 0 0 0 0 0 0 0 0 0 0 0 0 0 0 0]
[581097886341808735538758320489134974770841660906028523123154514680931185799115505920303645704450236946444752108173596249023401940251109598070170415513267700875131115642020164861004610826957084871139 0 0 0 0 0 0 0 0 0 0 0 0 0 0 0 0 0 0 0 0 0 0 0 0 1 0 0 0 0 0 0 0 0 0 0 0 0 0 0 0 0 0 0 0 0 0 0 0 0 0 0 0 0 0 0 0 0 0 0 0 0 0 0 0 0]
[454074205953804643511284309222530492305093066008220969516435676342543163190940292027649957302332209979842006613879318866293359637442201107268541873781940330497533232106063343217032276440825766501510 0 0 0 0 0 0 0 0 0 0 0 0 0 0 0 0 0 0 0 0 0 0 0 0 0 1 0 0 0 0 0 0 0 0 0 0 0 0 0 0 0 0 0 0 0 0 0 0 0 0 0 0 0 0 0 0 0 0 0 0 0 0 0 0 0]
[1798774402149895012824283753719919018007314253281318702820082560531476053116281188773258448678974362935243257799029511253893034316736490797684035893662672529847972471243024898150885861631373384273453 0 0 0 0 0 0 0 0 0 0 0 0 0 0 0 0 0 0 0 0 0 0 0 0 0 0 1 0 0 0 0 0 0 0 0 0 0 0 0 0 0 0 0 0 0 0 0 0 0 0 0 0 0 0 0 0 0 0 0 0 0 0 0 0 0]
[773981702157599896818272083970380733759566822736028268439134170590779352068075965455707911132768811509260193684174270262115973763362555864650596242741524588542054331421420662407367543705481131721695 0 0 0 0 0 0 0 0 0 0 0 0 0 0 0 0 0 0 0 0 0 0 0 0 0 0 0 1 0 0 0 0 0 0 0 0 0 0 0 0 0 0 0 0 0 0 0 0 0 0 0 0 0 0 0 0 0 0 0 0 0 0 0 0 0]
[1491334134651841656770840991915164383215558279818951987180392714073068715339032607051045282634880493269364214184195241133961686849396501153434138292169076275222650264568362969117467891524129862420676 0 0 0 0 0 0 0 0 0 0 0 0 0 0 0 0 0 0 0 0 0 0 0 0 0 0 0 0 1 0 0 0 0 0 0 0 0 0 0 0 0 0 0 0 0 0 0 0 0 0 0 0 0 0 0 0 0 0 0 0 0 0 0 0 0]
[1443408427198076233873741821548766397353669156733284833632567952242880422862759889563077541987279352544117427708424016242633346126262182449701681758051184172437201163495278542622000824655550554351080 0 0 0 0 0 0 0 0 0 0 0 0 0 0 0 0 0 0 0 0 0 0 0 0 0 0 0 0 0 1 0 0 0 0 0 0 0 0 0 0 0 0 0 0 0 0 0 0 0 0 0 0 0 0 0 0 0 0 0 0 0 0 0 0 0]
[255629122861518916079205508572099858550144447141329768356740431027882649098834718374453283877058524212104453834679779569929941543946725502144481241566014178130011960547533791113506347519013018482722 0 0 0 0 0 0 0 0 0 0 0 0 0 0 0 0 0 0 0 0 0 0 0 0 0 0 0 0 0 0 1 0 0 0 0 0 0 0 0 0 0 0 0 0 0 0 0 0 0 0 0 0 0 0 0 0 0 0 0 0 0 0 0 0 0]
[943013634002087841572621822353195361112125358071704808791117370868678704551837154415498036590240376249539201053780534692039209506971530374510109449843171022588221847560194414362275864658417065666384 0 0 0 0 0 0 0 0 0 0 0 0 0 0 0 0 0 0 0 0 0 0 0 0 0 0 0 0 0 0 0 1 0 0 0 0 0 0 0 0 0 0 0 0 0 0 0 0 0 0 0 0 0 0 0 0 0 0 0 0 0 0 0 0 0]
[135737123371200089543648292533066807409660663569686274329913785904484066603310952248876310890036850973937338723420062256138778471649891885575023013078415152082609549073624598633858282798460733321088 0 0 0 0 0 0 0 0 0 0 0 0 0 0 0 0 0 0 0 0 0 0 0 0 0 0 0 0 0 0 0 0 1 0 0 0 0 0 0 0 0 0 0 0 0 0 0 0 0 0 0 0 0 0 0 0 0 0 0 0 0 0 0 0 0]
[896075848633346829141813203927154171559504065196179299261824601373021293250265521769957316743564065849217839701905044034398921907316262337092390124665713276466929754852007257361699003745709798763627 0 0 0 0 0 0 0 0 0 0 0 0 0 0 0 0 0 0 0 0 0 0 0 0 0 0 0 0 0 0 0 0 0 1 0 0 0 0 0 0 0 0 0 0 0 0 0 0 0 0 0 0 0 0 0 0 0 0 0 0 0 0 0 0 0]
[2318184289052124553318334293082294400477613908437379545274527280356389226443151983908664227149160953773985797912248539304876879800562614073037151755582441841429676365336005337867445488876463089771810 0 0 0 0 0 0 0 0 0 0 0 0 0 0 0 0 0 0 0 0 0 0 0 0 0 0 0 0 0 0 0 0 0 0 1 0 0 0 0 0 0 0 0 0 0 0 0 0 0 0 0 0 0 0 0 0 0 0 0 0 0 0 0 0 0]
[188158420447062592170146220141120022993122677266546202756287849496422025496231436171558389873802399883387681603282898535792529759869769384311493656900151239532115942116856034800922306029270366177561 0 0 0 0 0 0 0 0 0 0 0 0 0 0 0 0 0 0 0 0 0 0 0 0 0 0 0 0 0 0 0 0 0 0 0 1 0 0 0 0 0 0 0 0 0 0 0 0 0 0 0 0 0 0 0 0 0 0 0 0 0 0 0 0 0]
[1152593308424645699359463073721849797587542192844927566783791767227873297938720681033167788488883261342982914786668522784887102138645166502517093146986636707396289158509315197628645235786887952019495 0 0 0 0 0 0 0 0 0 0 0 0 0 0 0 0 0 0 0 0 0 0 0 0 0 0 0 0 0 0 0 0 0 0 0 0 1 0 0 0 0 0 0 0 0 0 0 0 0 0 0 0 0 0 0 0 0 0 0 0 0 0 0 0 0]
[1851784351301798337186985122241785853269948162399824431139879559337284621167438813090246303486282753184859787805100583627539925542456651669199185858121070691230940648687940073757903331644681733449587 0 0 0 0 0 0 0 0 0 0 0 0 0 0 0 0 0 0 0 0 0 0 0 0 0 0 0 0 0 0 0 0 0 0 0 0 0 1 0 0 0 0 0 0 0 0 0 0 0 0 0 0 0 0 0 0 0 0 0 0 0 0 0 0 0]
[998331142292842663340273155701343394122456343642070824551800264234670351376291085256409498023172497382103258921739077633937398167469602101858656638309728544053532605750279100196087499920249449653292 0 0 0 0 0 0 0 0 0 0 0 0 0 0 0 0 0 0 0 0 0 0 0 0 0 0 0 0 0 0 0 0 0 0 0 0 0 0 1 0 0 0 0 0 0 0 0 0 0 0 0 0 0 0 0 0 0 0 0 0 0 0 0 0 0]
[1389946018002710913492389523617942958024202970183226955059443489748080027644529372150172421955905131396867359458453901557301053071921457472882530856508936954854159457799299369442440711961635295515465 0 0 0 0 0 0 0 0 0 0 0 0 0 0 0 0 0 0 0 0 0 0 0 0 0 0 0 0 0 0 0 0 0 0 0 0 0 0 0 1 0 0 0 0 0 0 0 0 0 0 0 0 0 0 0 0 0 0 0 0 0 0 0 0 0]
[2000913937452837049967449009380244079043625281357432792328304166346037837375823475885805317462168586908120851776473711710142714495037437307543959902297193863903362944131325489749625333306744551051697 0 0 0 0 0 0 0 0 0 0 0 0 0 0 0 0 0 0 0 0 0 0 0 0 0 0 0 0 0 0 0 0 0 0 0 0 0 0 0 0 1 0 0 0 0 0 0 0 0 0 0 0 0 0 0 0 0 0 0 0 0 0 0 0 0]
[1382970367835222364710938356946554021734040844778035969740147863155885474341053908990681484894878659564371924969748867384120578113795805054751892611076140362092239026099750311579773324078706572126229 0 0 0 0 0 0 0 0 0 0 0 0 0 0 0 0 0 0 0 0 0 0 0 0 0 0 0 0 0 0 0 0 0 0 0 0 0 0 0 0 0 1 0 0 0 0 0 0 0 0 0 0 0 0 0 0 0 0 0 0 0 0 0 0 0]
[1791994800015040314661425244892855987936644979592236213466439595390604834368381861152388809275162706875561662934749162179176184115405510447719495510483029281900065360356155816800380234445041918753815 0 0 0 0 0 0 0 0 0 0 0 0 0 0 0 0 0 0 0 0 0 0 0 0 0 0 0 0 0 0 0 0 0 0 0 0 0 0 0 0 0 0 1 0 0 0 0 0 0 0 0 0 0 0 0 0 0 0 0 0 0 0 0 0 0]
[1885358947476923869038182418857059200638071327979766099310222633608955103055334872428209834093468541514180184076309201665280954258107213331011041436009836389228302641930677074547894320507151586944496 0 0 0 0 0 0 0 0 0 0 0 0 0 0 0 0 0 0 0 0 0 0 0 0 0 0 0 0 0 0 0 0 0 0 0 0 0 0 0 0 0 0 0 1 0 0 0 0 0 0 0 0 0 0 0 0 0 0 0 0 0 0 0 0 0]
[2300389438008601856497416116882942927380512109269185228838203918584088588029579541369045391373469767221402604688268475346759789279409319622641047001549609448633148376775588521584109713522806810881841 0 0 0 0 0 0 0 0 0 0 0 0 0 0 0 0 0 0 0 0 0 0 0 0 0 0 0 0 0 0 0 0 0 0 0 0 0 0 0 0 0 0 0 0 1 0 0 0 0 0 0 0 0 0 0 0 0 0 0 0 0 0 0 0 0]
[1466076354755296328065568743293956946174839105859384229151542718543157418089559731999245201954786974813942723413353700195801307712994627709218576009510670377973581053652196709693100177451250480710383 0 0 0 0 0 0 0 0 0 0 0 0 0 0 0 0 0 0 0 0 0 0 0 0 0 0 0 0 0 0 0 0 0 0 0 0 0 0 0 0 0 0 0 0 0 1 0 0 0 0 0 0 0 0 0 0 0 0 0 0 0 0 0 0 0]
[1266881602107810780815169643846493472657311839188041748386409674099262946080140283193434799481987458270428654798637032280346796597214867923731236514291252099993589812130279773637537361656434138862109 0 0 0 0 0 0 0 0 0 0 0 0 0 0 0 0 0 0 0 0 0 0 0 0 0 0 0 0 0 0 0 0 0 0 0 0 0 0 0 0 0 0 0 0 0 0 1 0 0 0 0 0 0 0 0 0 0 0 0 0 0 0 0 0 0]
[1482827793814005900180034289174421686371195914350798071681007051930190322894099674132848854560350707537743471337166479661646648997108823984121758936579150254362338461603643746631938725272896217452910 0 0 0 0 0 0 0 0 0 0 0 0 0 0 0 0 0 0 0 0 0 0 0 0 0 0 0 0 0 0 0 0 0 0 0 0 0 0 0 0 0 0 0 0 0 0 0 1 0 0 0 0 0 0 0 0 0 0 0 0 0 0 0 0 0]
[1660907609970146569285513595809199254041987255716402141940988114612098722850057922395528597522905387965823165665544164695549875273041767446912007724961050325340711949553918392349240301791824763563919 0 0 0 0 0 0 0 0 0 0 0 0 0 0 0 0 0 0 0 0 0 0 0 0 0 0 0 0 0 0 0 0 0 0 0 0 0 0 0 0 0 0 0 0 0 0 0 0 1 0 0 0 0 0 0 0 0 0 0 0 0 0 0 0 0]
[1742495662933150951517979214822506548561529893436603778838631984977710492730246002064005077669928439726166151428565175281681306212516971212579125215244137745038348841582586548006821097843055223024803 0 0 0 0 0 0 0 0 0 0 0 0 0 0 0 0 0 0 0 0 0 0 0 0 0 0 0 0 0 0 0 0 0 0 0 0 0 0 0 0 0 0 0 0 0 0 0 0 0 1 0 0 0 0 0 0 0 0 0 0 0 0 0 0 0]
[2219800363053150283060140938357623406675717390654989912870203446780969992923073071425300390365632152841852770473766927463885813813885605748456560134140484499731812608653776091554074891968802933686748 0 0 0 0 0 0 0 0 0 0 0 0 0 0 0 0 0 0 0 0 0 0 0 0 0 0 0 0 0 0 0 0 0 0 0 0 0 0 0 0 0 0 0 0 0 0 0 0 0 0 1 0 0 0 0 0 0 0 0 0 0 0 0 0 0]
[2212790742816186587239557500728692976646692119474213666530799664855761453698252274081289412056277453208150225562866366076853594276342344439736469238914355012975141047228238339252938544912002069664309 0 0 0 0 0 0 0 0 0 0 0 0 0 0 0 0 0 0 0 0 0 0 0 0 0 0 0 0 0 0 0 0 0 0 0 0 0 0 0 0 0 0 0 0 0 0 0 0 0 0 0 1 0 0 0 0 0 0 0 0 0 0 0 0 0]
[2057306049211387096537164109939502045216193431451630052317485976847893620780123182065763380388798598373151609146433010804613810255883054405686242133930469453131291546672773416768573845149937933281132 0 0 0 0 0 0 0 0 0 0 0 0 0 0 0 0 0 0 0 0 0 0 0 0 0 0 0 0 0 0 0 0 0 0 0 0 0 0 0 0 0 0 0 0 0 0 0 0 0 0 0 0 1 0 0 0 0 0 0 0 0 0 0 0 0]
[2018414277354874806715242432124783887240853041441395120568588590197155149296015163675575444752565977713825966686334643558484645259151183279780091387318106368001963386300459112655636259287989213854621 0 0 0 0 0 0 0 0 0 0 0 0 0 0 0 0 0 0 0 0 0 0 0 0 0 0 0 0 0 0 0 0 0 0 0 0 0 0 0 0 0 0 0 0 0 0 0 0 0 0 0 0 0 1 0 0 0 0 0 0 0 0 0 0 0]
[197204588239879796100078644577413261640987213105411626267865242819525987123115870351430350257606231891488524633516320690185715666967788798771110340375113293502251627516354880124668534760793252352238 0 0 0 0 0 0 0 0 0 0 0 0 0 0 0 0 0 0 0 0 0 0 0 0 0 0 0 0 0 0 0 0 0 0 0 0 0 0 0 0 0 0 0 0 0 0 0 0 0 0 0 0 0 0 1 0 0 0 0 0 0 0 0 0 0]
[1682757453192417468689114646297448685531615456205172044146156129116066033527942385826108194798430199376756556169082334910453720616085796340234145916933199047894027638646016136310903222661558358534622 0 0 0 0 0 0 0 0 0 0 0 0 0 0 0 0 0 0 0 0 0 0 0 0 0 0 0 0 0 0 0 0 0 0 0 0 0 0 0 0 0 0 0 0 0 0 0 0 0 0 0 0 0 0 0 1 0 0 0 0 0 0 0 0 0]
[1740105358632112564208310948336264795975449480821463729872544380582068241074873295544469684057758765889184115084824045651741473307089435884390327727456614938470628085812501657255541631679170525901589 0 0 0 0 0 0 0 0 0 0 0 0 0 0 0 0 0 0 0 0 0 0 0 0 0 0 0 0 0 0 0 0 0 0 0 0 0 0 0 0 0 0 0 0 0 0 0 0 0 0 0 0 0 0 0 0 1 0 0 0 0 0 0 0 0]
[1558282086183944613125989509759229449000324617548981650100041552350754682658947645909175539507934370388025297044618326828550702570083377677352417853215572961589279187324829658871569791931395212104072 0 0 0 0 0 0 0 0 0 0 0 0 0 0 0 0 0 0 0 0 0 0 0 0 0 0 0 0 0 0 0 0 0 0 0 0 0 0 0 0 0 0 0 0 0 0 0 0 0 0 0 0 0 0 0 0 0 1 0 0 0 0 0 0 0]
[1702729215479553476075994283213363164463030325078038949651836274533562787748706060111054630740359669552642276308293213240091794168106352793323291996093414833142905847209175558362254013073843937429786 0 0 0 0 0 0 0 0 0 0 0 0 0 0 0 0 0 0 0 0 0 0 0 0 0 0 0 0 0 0 0 0 0 0 0 0 0 0 0 0 0 0 0 0 0 0 0 0 0 0 0 0 0 0 0 0 0 0 1 0 0 0 0 0 0]
[243376401486835760657965863564805751578341927464031458652954996561858784678665941523656773889756846603918998397018659542270062024130082166157797680431908540501567444073513064916087628019519018813167 0 0 0 0 0 0 0 0 0 0 0 0 0 0 0 0 0 0 0 0 0 0 0 0 0 0 0 0 0 0 0 0 0 0 0 0 0 0 0 0 0 0 0 0 0 0 0 0 0 0 0 0 0 0 0 0 0 0 0 1 0 0 0 0 0]
[817251338178432592139928658746187659776024754217815404536302132430294259555225379197088413305988418719627050032503527932745571234284902666093433212934404017720923268581061945728522996475892202020957 0 0 0 0 0 0 0 0 0 0 0 0 0 0 0 0 0 0 0 0 0 0 0 0 0 0 0 0 0 0 0 0 0 0 0 0 0 0 0 0 0 0 0 0 0 0 0 0 0 0 0 0 0 0 0 0 0 0 0 0 1 0 0 0 0]
[1454085859242040923072821724877569542624411090233037363112108335605594393282532176125472725678068385572251565738219612890187970290401533597191186134937482953971022904600480077729750907086084428600732 0 0 0 0 0 0 0 0 0 0 0 0 0 0 0 0 0 0 0 0 0 0 0 0 0 0 0 0 0 0 0 0 0 0 0 0 0 0 0 0 0 0 0 0 0 0 0 0 0 0 0 0 0 0 0 0 0 0 0 0 0 1 0 0 0]
[682422225882300782609863870540800082181241870303739905201608439194454418831544950343854453247741385819474082000547201775469388878720538893297408702272278510228957878088085157890067447105772056465209 0 0 0 0 0 0 0 0 0 0 0 0 0 0 0 0 0 0 0 0 0 0 0 0 0 0 0 0 0 0 0 0 0 0 0 0 0 0 0 0 0 0 0 0 0 0 0 0 0 0 0 0 0 0 0 0 0 0 0 0 0 0 1 0 0]
[215125337493060649543623002056011938208439920581996946479697551035984455634924278715233727697390053396864865927311337925774635812063573070148133676086742362194471306204717641231532212670113075335740 0 0 0 0 0 0 0 0 0 0 0 0 0 0 0 0 0 0 0 0 0 0 0 0 0 0 0 0 0 0 0 0 0 0 0 0 0 0 0 0 0 0 0 0 0 0 0 0 0 0 0 0 0 0 0 0 0 0 0 0 0 0 0 1 0]
[2190594422809201809290609989684318881485785747990976225684667149822687632635015337025085105564416131298696834160503372739616438883694170366766291510972783227484953890889182094723096210007156744899983 0 0 0 0 0 0 0 0 0 0 0 0 0 0 0 0 0 0 0 0 0 0 0 0 0 0 0 0 0 0 0 0 0 0 0 0 0 0 0 0 0 0 0 0 0 0 0 0 0 0 0 0 0 0 0 0 0 0 0 0 0 0 0 0 1]
]
