[[8604430935965174787668515605693756134653525549079926784008789730525494100532969001892032086280306531128432449214361588509863254870046431946291418496804573428117417803964549550460530131289774005395622122049268625278414199182626733902297050883151093174300845449040914773931288570903993149732721918372091884746434609096162884852766820127 0 0 0 0 0 0 0 0 0 0 0 0 0 0 0 0 0 0 0 0 0 0 0 0 0 0 0 0 0 0 0 0 0 0 0 0 0 0 0 0 0 0 0 0 0 0 0 0 0 0 0 0 0 0 0 0 0 0 0 0 0 0 0 0 0 0 0 0 0 0 0 0 0 0 0 0 0 0 0 0 0 0 0 0 0 0 0 0 0 0 0 0 0 0 0 0 0 0 0 0 0 0 0 0 0 0 0 0 0]
[3482564621338499650479428200932230143337023308366203731045423433465861483598079634927801012009098549006739527677781638576073429501930953608592096014242536136663008383011685806513287166661914288224838076951615090809776621708839074423658791161275898625278520923800551304493472971292758943875151144891091006767399514657165684332651822808 1 0 0 0 0 0 0 0 0 0 0 0 0 0 0 0 0 0 0 0 0 0 0 0 0 0 0 0 0 0 0 0 0 0 0 0 0 0 0 0 0 0 0 0 0 0 0 0 0 0 0 0 0 0 0 0 0 0 0 0 0 0 0 0 0 0 0 0 0 0 0 0 0 0 0 0 0 0 0 0 0 0 0 0 0 0 0 0 0 0 0 0 0 0 0 0 0 0 0 0 0 0 0 0 0 0 0 0 0]
[7477036152357995050330583506831179224771252274992609253983461736358816993830204465163508120087321994232658319102088954158069872218695427182800704079483482454610495430914728954257208793788309507544279326396721574526641161319558524252803023785861111796264203709095832194530048921868765280536941026180816821680648517356898519790658703789 0 1 0 0 0 0 0 0 0 0 0 0 0 0 0 0 0 0 0 0 0 0 0 0 0 0 0 0 0 0 0 0 0 0 0 0 0 0 0 0 0 0 0 0 0 0 0 0 0 0 0 0 0 0 0 0 0 0 0 0 0 0 0 0 0 0 0 0 0 0 0 0 0 0 0 0 0 0 0 0 0 0 0 0 0 0 0 0 0 0 0 0 0 0 0 0 0 0 0 0 0 0 0 0 0 0 0 0 0]
[4377718369675213259762247367040681205802933700408419654176372660182547687106594174061713280553021476916651792323492445423297513935334585680848207318874725146970233288648648659576496608146282661515804607813888146707678067242975239898946386398551558613419972855141313294217191260515607216739966205117406383351603710951173959502977942800 0 0 1 0 0 0 0 0 0 0 0 0 0 0 0 0 0 0 0 0 0 0 0 0 0 0 0 0 0 0 0 0 0 0 0 0 0 0 0 0 0 0 0 0 0 0 0 0 0 0 0 0 0 0 0 0 0 0 0 0 0 0 0 0 0 0 0 0 0 0 0 0 0 0 0 0 0 0 0 0 0 0 0 0 0 0 0 0 0 0 0 0 0 0 0 0 0 0 0 0 0 0 0 0 0 0 0 0 0]
[7592992600762682779758026741337989989435399723778237859931204915805603823969539969819952430110116484675955802503342141860575907715949050286570855491875445943408664202521916559978559685499516162825608991422628679257323021567341786074702278056401757651575796702098722689840630478534799495812045740403805558057332277092005741482090046985 0 0 0 1 0 0 0 0 0 0 0 0 0 0 0 0 0 0 0 0 0 0 0 0 0 0 0 0 0 0 0 0 0 0 0 0 0 0 0 0 0 0 0 0 0 0 0 0 0 0 0 0 0 0 0 0 0 0 0 0 0 0 0 0 0 0 0 0 0 0 0 0 0 0 0 0 0 0 0 0 0 0 0 0 0 0 0 0 0 0 0 0 0 0 0 0 0 0 0 0 0 0 0 0 0 0 0 0 0]
[5646700946407434764911783321803391031083384558532639243344711786290958026645932058024307270361400130462483225125672246584442612680680659550200341587439532047214364392577609433652133944991485264436635539754666603848438127563964924695931004756498218076010029828544540280636760591828113227159429530311203698664825757055457720407157488571 0 0 0 0 1 0 0 0 0 0 0 0 0 0 0 0 0 0 0 0 0 0 0 0 0 0 0 0 0 0 0 0 0 0 0 0 0 0 0 0 0 0 0 0 0 0 0 0 0 0 0 0 0 0 0 0 0 0 0 0 0 0 0 0 0 0 0 0 0 0 0 0 0 0 0 0 0 0 0 0 0 0 0 0 0 0 0 0 0 0 0 0 0 0 0 0 0 0 0 0 0 0 0 0 0 0 0 0 0]
[5258224269740344519828295769593089603311597267692057552332210574831429573438974827902778721146059895091666752277277067801932068242072389509937007839813089559525506886362672514150177830438246457385710330359242859603099664027021722335511270736436557949329758282788453571292359317893653768852638558259759748235603767368185083327000458385 0 0 0 0 0 1 0 0 0 0 0 0 0 0 0 0 0 0 0 0 0 0 0 0 0 0 0 0 0 0 0 0 0 0 0 0 0 0 0 0 0 0 0 0 0 0 0 0 0 0 0 0 0 0 0 0 0 0 0 0 0 0 0 0 0 0 0 0 0 0 0 0 0 0 0 0 0 0 0 0 0 0 0 0 0 0 0 0 0 0 0 0 0 0 0 0 0 0 0 0 0 0 0 0 0 0 0 0 0]
[6052846142975700761382317282125005827088391487658245245467498685749250009342879262697847238245724581408135029911194152733003238172375455712104440847437088600882186253756409189429669618881505797937536684156585901635214035101784608581755170285628877436949194122724765486808886479890528939095984906412762771949572000376364075473545566602 0 0 0 0 0 0 1 0 0 0 0 0 0 0 0 0 0 0 0 0 0 0 0 0 0 0 0 0 0 0 0 0 0 0 0 0 0 0 0 0 0 0 0 0 0 0 0 0 0 0 0 0 0 0 0 0 0 0 0 0 0 0 0 0 0 0 0 0 0 0 0 0 0 0 0 0 0 0 0 0 0 0 0 0 0 0 0 0 0 0 0 0 0 0 0 0 0 0 0 0 0 0 0 0 0 0 0 0 0]
[2261505324882412713610824328835558027009935788972910875044036195649350277335297788459363007964512250928942410346448568870516663153572432303448397726403423598519597903249122777075098301499534561295808926264325182086696452009295470533089066752640991048058048899374155395422811698663544510869865671228723158452612914697510374617066532657 0 0 0 0 0 0 0 1 0 0 0 0 0 0 0 0 0 0 0 0 0 0 0 0 0 0 0 0 0 0 0 0 0 0 0 0 0 0 0 0 0 0 0 0 0 0 0 0 0 0 0 0 0 0 0 0 0 0 0 0 0 0 0 0 0 0 0 0 0 0 0 0 0 0 0 0 0 0 0 0 0 0 0 0 0 0 0 0 0 0 0 0 0 0 0 0 0 0 0 0 0 0 0 0 0 0 0 0 0]
[5396596656677212147857054251268164052889369748707154973590271564593359624924572020646800276613843523479357360728574183457489503343348078332811426484750999428298017961485194479814790861679423355752147928354953542784280880600635753988941855783005908455689057618478206550118993037166605770016563809240279840278550849919944444641329612777 0 0 0 0 0 0 0 0 1 0 0 0 0 0 0 0 0 0 0 0 0 0 0 0 0 0 0 0 0 0 0 0 0 0 0 0 0 0 0 0 0 0 0 0 0 0 0 0 0 0 0 0 0 0 0 0 0 0 0 0 0 0 0 0 0 0 0 0 0 0 0 0 0 0 0 0 0 0 0 0 0 0 0 0 0 0 0 0 0 0 0 0 0 0 0 0 0 0 0 0 0 0 0 0 0 0 0 0 0]
[7839984231508483986448973909690867681119830593967552054849492815442762648115186705973450871494314606205631153403296361852933884270448032740746518548301919257019889584829929850771348736709437197824399657678493321496851982396340827166807709609414534409004838276999014693239859593247411240928818040818476045399155729945034069094918833137 0 0 0 0 0 0 0 0 0 1 0 0 0 0 0 0 0 0 0 0 0 0 0 0 0 0 0 0 0 0 0 0 0 0 0 0 0 0 0 0 0 0 0 0 0 0 0 0 0 0 0 0 0 0 0 0 0 0 0 0 0 0 0 0 0 0 0 0 0 0 0 0 0 0 0 0 0 0 0 0 0 0 0 0 0 0 0 0 0 0 0 0 0 0 0 0 0 0 0 0 0 0 0 0 0 0 0 0 0]
[6823383350256114133318138157452728128350304129586481030487575755521637948006863986958269718758790784511348099194139516920475921056227567254655775611964933222877576213713905276651764469621968848273887344028885026114853553542169213812439104609318306252345385982895214067884898090016825683717913504498189538462969412193075214017083359294 0 0 0 0 0 0 0 0 0 0 1 0 0 0 0 0 0 0 0 0 0 0 0 0 0 0 0 0 0 0 0 0 0 0 0 0 0 0 0 0 0 0 0 0 0 0 0 0 0 0 0 0 0 0 0 0 0 0 0 0 0 0 0 0 0 0 0 0 0 0 0 0 0 0 0 0 0 0 0 0 0 0 0 0 0 0 0 0 0 0 0 0 0 0 0 0 0 0 0 0 0 0 0 0 0 0 0 0 0]
[4421640057817348026266079793183361110622005358656956673486684703948147786634238852621558288484955942949307122417447624656944558119936234993272436905545446497852508231957359694001911061611887795635680791554311216158455907038572245731170341503010288535117030715339379190934935687411767281301862898295925038249515446562638911893012375099 0 0 0 0 0 0 0 0 0 0 0 1 0 0 0 0 0 0 0 0 0 0 0 0 0 0 0 0 0 0 0 0 0 0 0 0 0 0 0 0 0 0 0 0 0 0 0 0 0 0 0 0 0 0 0 0 0 0 0 0 0 0 0 0 0 0 0 0 0 0 0 0 0 0 0 0 0 0 0 0 0 0 0 0 0 0 0 0 0 0 0 0 0 0 0 0 0 0 0 0 0 0 0 0 0 0 0 0 0]
[891173810150610338239244411260377529816790095223632961895064059381509646849743093473003156669931820575872799159733528324858527217549387428514351556314327629219550289545015724781073802132048088589577841878148612913383472226162151835861631943445988409913701793709158725111826027918677507678155866596804739923875346821346242277816838772 0 0 0 0 0 0 0 0 0 0 0 0 1 0 0 0 0 0 0 0 0 0 0 0 0 0 0 0 0 0 0 0 0 0 0 0 0 0 0 0 0 0 0 0 0 0 0 0 0 0 0 0 0 0 0 0 0 0 0 0 0 0 0 0 0 0 0 0 0 0 0 0 0 0 0 0 0 0 0 0 0 0 0 0 0 0 0 0 0 0 0 0 0 0 0 0 0 0 0 0 0 0 0 0 0 0 0 0 0]
[7559187776484049674902550224736323057122052890097344776716920268759451677636739538660482426872793908867749772221946794401307980377513593524818482349842509382436956266170661057246238353302511923930445993880887250938368080564453000060563607715392888938210017213285979730479405650855362236666355479934886529808864834187497301149276623514 0 0 0 0 0 0 0 0 0 0 0 0 0 1 0 0 0 0 0 0 0 0 0 0 0 0 0 0 0 0 0 0 0 0 0 0 0 0 0 0 0 0 0 0 0 0 0 0 0 0 0 0 0 0 0 0 0 0 0 0 0 0 0 0 0 0 0 0 0 0 0 0 0 0 0 0 0 0 0 0 0 0 0 0 0 0 0 0 0 0 0 0 0 0 0 0 0 0 0 0 0 0 0 0 0 0 0 0 0]
[2563818728323706064750278736258281919155285404129718777533272780942354808569707133211141913300893040559656789287267871649346068674932339528289322505278366131844549942038385521768681365424006113318743854947460735055150341176600015766997335613717434008288566865787272465302754208661667907410352018618834511406742076067589667592184292166 0 0 0 0 0 0 0 0 0 0 0 0 0 0 1 0 0 0 0 0 0 0 0 0 0 0 0 0 0 0 0 0 0 0 0 0 0 0 0 0 0 0 0 0 0 0 0 0 0 0 0 0 0 0 0 0 0 0 0 0 0 0 0 0 0 0 0 0 0 0 0 0 0 0 0 0 0 0 0 0 0 0 0 0 0 0 0 0 0 0 0 0 0 0 0 0 0 0 0 0 0 0 0 0 0 0 0 0 0]
[1407966528101714354080609231948827938139797060070814208122254477355052298712834834343569336781366613431079398079202035142270269338763730790168745595459835172905993631034532484309269491324390001704125275072660723776719090184994160504842656487711146765380452309424681538430040621227698787386256146248009809977919373597938357959484782401 0 0 0 0 0 0 0 0 0 0 0 0 0 0 0 1 0 0 0 0 0 0 0 0 0 0 0 0 0 0 0 0 0 0 0 0 0 0 0 0 0 0 0 0 0 0 0 0 0 0 0 0 0 0 0 0 0 0 0 0 0 0 0 0 0 0 0 0 0 0 0 0 0 0 0 0 0 0 0 0 0 0 0 0 0 0 0 0 0 0 0 0 0 0 0 0 0 0 0 0 0 0 0 0 0 0 0 0 0]
[6853870763300187347637143147582781262445763166681219309196348289257017322525866351243553031506176338373536277352252166121113575338460544495500454347138470374071429176852745693528237565280736488094242410674364983876733617409387488546037939804705218379162915605207444719099004117615482711612608342914493213372499965466339123665756528793 0 0 0 0 0 0 0 0 0 0 0 0 0 0 0 0 1 0 0 0 0 0 0 0 0 0 0 0 0 0 0 0 0 0 0 0 0 0 0 0 0 0 0 0 0 0 0 0 0 0 0 0 0 0 0 0 0 0 0 0 0 0 0 0 0 0 0 0 0 0 0 0 0 0 0 0 0 0 0 0 0 0 0 0 0 0 0 0 0 0 0 0 0 0 0 0 0 0 0 0 0 0 0 0 0 0 0 0 0]
[7137352754558105689018230900616401817992903238306720551903189412077134995497048970172382811818573788111253024757385967358947704158731582981444182888916232134404427344138645771139944698619923316204600278054104940255969293583180075446176904684599681076638599167100335374311590484119556070535492242722339130869242532041048271671506914292 0 0 0 0 0 0 0 0 0 0 0 0 0 0 0 0 0 1 0 0 0 0 0 0 0 0 0 0 0 0 0 0 0 0 0 0 0 0 0 0 0 0 0 0 0 0 0 0 0 0 0 0 0 0 0 0 0 0 0 0 0 0 0 0 0 0 0 0 0 0 0 0 0 0 0 0 0 0 0 0 0 0 0 0 0 0 0 0 0 0 0 0 0 0 0 0 0 0 0 0 0 0 0 0 0 0 0 0 0]
[2004180549220862175088472487979294571671973657134510058677087894550189823687704860203236415251113101300955156854187428861659087020261869444664210577637930978854383454175632213851086860155017228493602981411272565352264615243170188828763316899633146339711039250013805409053027403459742720347685396268971737963633228416098109290202184023 0 0 0 0 0 0 0 0 0 0 0 0 0 0 0 0 0 0 1 0 0 0 0 0 0 0 0 0 0 0 0 0 0 0 0 0 0 0 0 0 0 0 0 0 0 0 0 0 0 0 0 0 0 0 0 0 0 0 0 0 0 0 0 0 0 0 0 0 0 0 0 0 0 0 0 0 0 0 0 0 0 0 0 0 0 0 0 0 0 0 0 0 0 0 0 0 0 0 0 0 0 0 0 0 0 0 0 0 0]
[6860297394678561972290533818708603169066033196652912729202547553078380210529612141088796777860585950286350783107914497989397591981677675563160068439417445962478500659139638176570919912993163226838947494837411297521104558944571239461110111144432856383850415134040290505929648335196353395450690894109282767565905687485238487138252417124 0 0 0 0 0 0 0 0 0 0 0 0 0 0 0 0 0 0 0 1 0 0 0 0 0 0 0 0 0 0 0 0 0 0 0 0 0 0 0 0 0 0 0 0 0 0 0 0 0 0 0 0 0 0 0 0 0 0 0 0 0 0 0 0 0 0 0 0 0 0 0 0 0 0 0 0 0 0 0 0 0 0 0 0 0 0 0 0 0 0 0 0 0 0 0 0 0 0 0 0 0 0 0 0 0 0 0 0 0]
[3688036167620981201994608771641966300100726901270440705826443438487113455080792726746195118552844862952995450001107849168632264851881701559882624772376844181729875204211871897306374889113908067057353423449864449839848521675033216127403643656103498606907201060678625345469686214407516547603525214366933108773042431725471180031574077273 0 0 0 0 0 0 0 0 0 0 0 0 0 0 0 0 0 0 0 0 1 0 0 0 0 0 0 0 0 0 0 0 0 0 0 0 0 0 0 0 0 0 0 0 0 0 0 0 0 0 0 0 0 0 0 0 0 0 0 0 0 0 0 0 0 0 0 0 0 0 0 0 0 0 0 0 0 0 0 0 0 0 0 0 0 0 0 0 0 0 0 0 0 0 0 0 0 0 0 0 0 0 0 0 0 0 0 0 0]
[6522197020305294212467153936082962658816699170361448902875294081193326333823744843226322429055815551830855562163556314664396891184900962021992185230038353556569857807608615290550241530743034725477584119277789259655063845488025818571743252593421948619660905118377734590301261341136250227981873267530607130351693283708451113765781699226 0 0 0 0 0 0 0 0 0 0 0 0 0 0 0 0 0 0 0 0 0 1 0 0 0 0 0 0 0 0 0 0 0 0 0 0 0 0 0 0 0 0 0 0 0 0 0 0 0 0 0 0 0 0 0 0 0 0 0 0 0 0 0 0 0 0 0 0 0 0 0 0 0 0 0 0 0 0 0 0 0 0 0 0 0 0 0 0 0 0 0 0 0 0 0 0 0 0 0 0 0 0 0 0 0 0 0 0 0]
[5836428302832215418749044510408888624152402835864340349712722766214390610601673712334173853976030623585869397349139211333787790603650556736857791530545913321890001600705016525301412937238755564581783606541571589381534314902815568446399147339814462206310421829743296539791775473285771034741072553927352115183692239757193943687220800408 0 0 0 0 0 0 0 0 0 0 0 0 0 0 0 0 0 0 0 0 0 0 1 0 0 0 0 0 0 0 0 0 0 0 0 0 0 0 0 0 0 0 0 0 0 0 0 0 0 0 0 0 0 0 0 0 0 0 0 0 0 0 0 0 0 0 0 0 0 0 0 0 0 0 0 0 0 0 0 0 0 0 0 0 0 0 0 0 0 0 0 0 0 0 0 0 0 0 0 0 0 0 0 0 0 0 0 0 0]
[5722088586498660702107136416443508691224448785370800777110690726236291857151440282014060717724003056272934401882039113153526534932653626331839552044466388719516018911970285780251163455415256543227798949285287029582664519897243555017321742891451388951547671458910278517116380641229019861426457031851950072915713552811321610310680821837 0 0 0 0 0 0 0 0 0 0 0 0 0 0 0 0 0 0 0 0 0 0 0 1 0 0 0 0 0 0 0 0 0 0 0 0 0 0 0 0 0 0 0 0 0 0 0 0 0 0 0 0 0 0 0 0 0 0 0 0 0 0 0 0 0 0 0 0 0 0 0 0 0 0 0 0 0 0 0 0 0 0 0 0 0 0 0 0 0 0 0 0 0 0 0 0 0 0 0 0 0 0 0 0 0 0 0 0 0]
[5173416944544157559591729642919706462106032873223890815342028186340421014155130588358946774269171217281809810323698875643607584473947380178982896814989324044474706376417295900493826078612406464387382506170144994273242184989345479343419174866096245678189412827410809388522587693500264476013217847863003888100791203343785646772321067361 0 0 0 0 0 0 0 0 0 0 0 0 0 0 0 0 0 0 0 0 0 0 0 0 1 0 0 0 0 0 0 0 0 0 0 0 0 0 0 0 0 0 0 0 0 0 0 0 0 0 0 0 0 0 0 0 0 0 0 0 0 0 0 0 0 0 0 0 0 0 0 0 0 0 0 0 0 0 0 0 0 0 0 0 0 0 0 0 0 0 0 0 0 0 0 0 0 0 0 0 0 0 0 0 0 0 0 0 0]
[3031249229764877984962912860560560599753897250250265947639368947131903074486261203716530972677069533999114311687272650756727068094383262443888152564333578115199027816374816065852700142710629556701221979128475864193897735062788093486218089488731198437600604775054120588514661642428335808643242821312560153783124858854136518233864074730 0 0 0 0 0 0 0 0 0 0 0 0 0 0 0 0 0 0 0 0 0 0 0 0 0 1 0 0 0 0 0 0 0 0 0 0 0 0 0 0 0 0 0 0 0 0 0 0 0 0 0 0 0 0 0 0 0 0 0 0 0 0 0 0 0 0 0 0 0 0 0 0 0 0 0 0 0 0 0 0 0 0 0 0 0 0 0 0 0 0 0 0 0 0 0 0 0 0 0 0 0 0 0 0 0 0 0 0 0]
[1875584596161508464263865752209869468130310469465353463599830940098690405469412161540354320594441563790955930049352885499905339763858529456439972911434451140121326420176547311996529816555586897829564551647949844042872397289033154878982094507371617344359688083138657695439863170343047713418569658056953678734907399683429201216071690937 0 0 0 0 0 0 0 0 0 0 0 0 0 0 0 0 0 0 0 0 0 0 0 0 0 0 1 0 0 0 0 0 0 0 0 0 0 0 0 0 0 0 0 0 0 0 0 0 0 0 0 0 0 0 0 0 0 0 0 0 0 0 0 0 0 0 0 0 0 0 0 0 0 0 0 0 0 0 0 0 0 0 0 0 0 0 0 0 0 0 0 0 0 0 0 0 0 0 0 0 0 0 0 0 0 0 0 0 0]
[4817770542984727615956688224621374294155486287846093291094832946622726860245190548942603054714897542675024318254696088922491461740814559891275542382141192663280483415757466885497801776617322050894238847713740512315347563511180867321440600914677200288879309974375441700661429614436588979433644722306962701794846537796100244042469847562 0 0 0 0 0 0 0 0 0 0 0 0 0 0 0 0 0 0 0 0 0 0 0 0 0 0 0 1 0 0 0 0 0 0 0 0 0 0 0 0 0 0 0 0 0 0 0 0 0 0 0 0 0 0 0 0 0 0 0 0 0 0 0 0 0 0 0 0 0 0 0 0 0 0 0 0 0 0 0 0 0 0 0 0 0 0 0 0 0 0 0 0 0 0 0 0 0 0 0 0 0 0 0 0 0 0 0 0 0]
[6729838178289307357113796520893658564486746872556689224683272260814258239917742632866463493275485952713268105766457360887654415515853111505638889582712910262371329892348521328281519872569531201678713109033612377849374438780397688950182750284601457249942810515211033879766276736023895739577673714933982948945589748861431123670662071458 0 0 0 0 0 0 0 0 0 0 0 0 0 0 0 0 0 0 0 0 0 0 0 0 0 0 0 0 1 0 0 0 0 0 0 0 0 0 0 0 0 0 0 0 0 0 0 0 0 0 0 0 0 0 0 0 0 0 0 0 0 0 0 0 0 0 0 0 0 0 0 0 0 0 0 0 0 0 0 0 0 0 0 0 0 0 0 0 0 0 0 0 0 0 0 0 0 0 0 0 0 0 0 0 0 0 0 0 0]
[2653007930237225793864914462915766522289878361485016103530154158335095252673831066832909675513141195630957512139447196211380733959256711099399113316553135552356386645473366660052077501050302189997208632559612979567694792768958831863492785000193297668169248416992956932148346253397159317440514210880322069603668173026923994125034006672 0 0 0 0 0 0 0 0 0 0 0 0 0 0 0 0 0 0 0 0 0 0 0 0 0 0 0 0 0 1 0 0 0 0 0 0 0 0 0 0 0 0 0 0 0 0 0 0 0 0 0 0 0 0 0 0 0 0 0 0 0 0 0 0 0 0 0 0 0 0 0 0 0 0 0 0 0 0 0 0 0 0 0 0 0 0 0 0 0 0 0 0 0 0 0 0 0 0 0 0 0 0 0 0 0 0 0 0 0]
[1908990092883344746796968914154653229336987265565310912440578625311116772332496569868472110754188337511060726504627015277408089993624661731485820708616855281256477289633667012899273249826777171011640620435641198928081155942606303507586406679050931527031297890117650304220646304667771608106989160752818649596886024850641145668741724650 0 0 0 0 0 0 0 0 0 0 0 0 0 0 0 0 0 0 0 0 0 0 0 0 0 0 0 0 0 0 1 0 0 0 0 0 0 0 0 0 0 0 0 0 0 0 0 0 0 0 0 0 0 0 0 0 0 0 0 0 0 0 0 0 0 0 0 0 0 0 0 0 0 0 0 0 0 0 0 0 0 0 0 0 0 0 0 0 0 0 0 0 0 0 0 0 0 0 0 0 0 0 0 0 0 0 0 0 0]
[3506729196045779077614696448386425525767889002740131871895801350099719065360779526696236327117855516915028278211029212669692861003097283677914551548393023877260878163376363658348346353553954993929173525232909277697939994464057438400399036915513516189553933762510581871481911806997081117278092495264439307247051542903994786487281017347 0 0 0 0 0 0 0 0 0 0 0 0 0 0 0 0 0 0 0 0 0 0 0 0 0 0 0 0 0 0 0 1 0 0 0 0 0 0 0 0 0 0 0 0 0 0 0 0 0 0 0 0 0 0 0 0 0 0 0 0 0 0 0 0 0 0 0 0 0 0 0 0 0 0 0 0 0 0 0 0 0 0 0 0 0 0 0 0 0 0 0 0 0 0 0 0 0 0 0 0 0 0 0 0 0 0 0 0 0]
[2713035365182493532263650009131437806565196317913798242515971640601634665388453900140363885275269730634030755390862319736864446196556273029219634397307021535022045441059486472177402287041187066175347720208245630652561485234756022085391554233301953063580907516298673810833724556387816836176355252391441784855027959834319434837870521296 0 0 0 0 0 0 0 0 0 0 0 0 0 0 0 0 0 0 0 0 0 0 0 0 0 0 0 0 0 0 0 0 1 0 0 0 0 0 0 0 0 0 0 0 0 0 0 0 0 0 0 0 0 0 0 0 0 0 0 0 0 0 0 0 0 0 0 0 0 0 0 0 0 0 0 0 0 0 0 0 0 0 0 0 0 0 0 0 0 0 0 0 0 0 0 0 0 0 0 0 0 0 0 0 0 0 0 0 0]
[2404323786230453864766379364173321473889952500594881363722725097611077276958861253792992914162956030159008652164852329982208380162209907675028184131107845739407752441571204228793964839721392602976886279038362927012479892661403769667331127465114370482866537354767170845822560536097618769092593824713814495330075480234202821457341470990 0 0 0 0 0 0 0 0 0 0 0 0 0 0 0 0 0 0 0 0 0 0 0 0 0 0 0 0 0 0 0 0 0 1 0 0 0 0 0 0 0 0 0 0 0 0 0 0 0 0 0 0 0 0 0 0 0 0 0 0 0 0 0 0 0 0 0 0 0 0 0 0 0 0 0 0 0 0 0 0 0 0 0 0 0 0 0 0 0 0 0 0 0 0 0 0 0 0 0 0 0 0 0 0 0 0 0 0 0]
[6566748172572867407931088225529729570414344243065643006372799684393450808774969153928133451095647829588782932651125653367153354020991309849360310765636164740728796959410635639834637195779345801987137828741475273928057187770594842715190505749878590390212533737828773057689073678391998797312056770827409817219104461954061125542260628776 0 0 0 0 0 0 0 0 0 0 0 0 0 0 0 0 0 0 0 0 0 0 0 0 0 0 0 0 0 0 0 0 0 0 1 0 0 0 0 0 0 0 0 0 0 0 0 0 0 0 0 0 0 0 0 0 0 0 0 0 0 0 0 0 0 0 0 0 0 0 0 0 0 0 0 0 0 0 0 0 0 0 0 0 0 0 0 0 0 0 0 0 0 0 0 0 0 0 0 0 0 0 0 0 0 0 0 0 0]
[6634277110251957098318660336439003216936779013256619071378254416428324938881660526171837434883160344073315153060459223684638535056296520034023730278184173248194619336623240809419820088238177804104101712596727831065986756753425542444766045843636021693001995352315023529590992464651050184920236371667983738029111517019175656212933199926 0 0 0 0 0 0 0 0 0 0 0 0 0 0 0 0 0 0 0 0 0 0 0 0 0 0 0 0 0 0 0 0 0 0 0 1 0 0 0 0 0 0 0 0 0 0 0 0 0 0 0 0 0 0 0 0 0 0 0 0 0 0 0 0 0 0 0 0 0 0 0 0 0 0 0 0 0 0 0 0 0 0 0 0 0 0 0 0 0 0 0 0 0 0 0 0 0 0 0 0 0 0 0 0 0 0 0 0 0]
[4354823159102375075605126379759286965403679534342803065388308386516165569961854838717656230273710885021979047835875471335294445119228591875900512187266269217980232736688079317489921702637843841979449532651082819466364915188929686628025858449045247933637310088361151854517513135922162852069343634453229515620840220896751888693159801531 0 0 0 0 0 0 0 0 0 0 0 0 0 0 0 0 0 0 0 0 0 0 0 0 0 0 0 0 0 0 0 0 0 0 0 0 1 0 0 0 0 0 0 0 0 0 0 0 0 0 0 0 0 0 0 0 0 0 0 0 0 0 0 0 0 0 0 0 0 0 0 0 0 0 0 0 0 0 0 0 0 0 0 0 0 0 0 0 0 0 0 0 0 0 0 0 0 0 0 0 0 0 0 0 0 0 0 0 0]
[6986542705358655352840814769374970277063173822055053810807146645929486985158906368241385759265374309957337797506328136124060177470075056848662583327691960477260625796299768891972240112251526071864688470094304633945781534714928194997242505686319396583345675214277657826420326547707592797666791290066577748409019445273866863717608335190 0 0 0 0 0 0 0 0 0 0 0 0 0 0 0 0 0 0 0 0 0 0 0 0 0 0 0 0 0 0 0 0 0 0 0 0 0 1 0 0 0 0 0 0 0 0 0 0 0 0 0 0 0 0 0 0 0 0 0 0 0 0 0 0 0 0 0 0 0 0 0 0 0 0 0 0 0 0 0 0 0 0 0 0 0 0 0 0 0 0 0 0 0 0 0 0 0 0 0 0 0 0 0 0 0 0 0 0 0]
[1310963279675548943678080721639179602989937758329143754285730411574985419906939884734320203128502533018604381550030567999600117909716360410079748601611568053976095231233920865369306739037518163457559314447423529458874423147411284875256593580262549129445011262660117604997459818763458362448988521682723602297475839617593523109055717162 0 0 0 0 0 0 0 0 0 0 0 0 0 0 0 0 0 0 0 0 0 0 0 0 0 0 0 0 0 0 0 0 0 0 0 0 0 0 1 0 0 0 0 0 0 0 0 0 0 0 0 0 0 0 0 0 0 0 0 0 0 0 0 0 0 0 0 0 0 0 0 0 0 0 0 0 0 0 0 0 0 0 0 0 0 0 0 0 0 0 0 0 0 0 0 0 0 0 0 0 0 0 0 0 0 0 0 0 0]
[698789230430630103662947341474907491109807631572495612096082822272368182787798900200073719487510483013751832676495311556505934066129719202371627385504900663908841058149812830195323981857220914506490655617120231575611901045927939913700236908594615002327359588999660409874544746605160354602508265484867577874021694091093218943255042954 0 0 0 0 0 0 0 0 0 0 0 0 0 0 0 0 0 0 0 0 0 0 0 0 0 0 0 0 0 0 0 0 0 0 0 0 0 0 0 1 0 0 0 0 0 0 0 0 0 0 0 0 0 0 0 0 0 0 0 0 0 0 0 0 0 0 0 0 0 0 0 0 0 0 0 0 0 0 0 0 0 0 0 0 0 0 0 0 0 0 0 0 0 0 0 0 0 0 0 0 0 0 0 0 0 0 0 0 0]
[3426345689767887544536491471765376218682807063581199443202539308996480966670194553720838952287796769166963184636791272416839730638730907746215645713672288843139060794441871427874491605576746884992168583932693015843419843593824797659433026177971551630773607354936036993434585919243251368329989559034671102221415324283820855075773952669 0 0 0 0 0 0 0 0 0 0 0 0 0 0 0 0 0 0 0 0 0 0 0 0 0 0 0 0 0 0 0 0 0 0 0 0 0 0 0 0 1 0 0 0 0 0 0 0 0 0 0 0 0 0 0 0 0 0 0 0 0 0 0 0 0 0 0 0 0 0 0 0 0 0 0 0 0 0 0 0 0 0 0 0 0 0 0 0 0 0 0 0 0 0 0 0 0 0 0 0 0 0 0 0 0 0 0 0 0]
[1359581515224376245834907444030175045431928277107222794456094312526420422357955201597166277369919259089673935892445602186029572043642896596622162314984742729372077299417694669200019132834649745889433309812213196158630585135709886237780351508956474696409773307150395454635123455055248322733379196361413441623885845765578929514407634639 0 0 0 0 0 0 0 0 0 0 0 0 0 0 0 0 0 0 0 0 0 0 0 0 0 0 0 0 0 0 0 0 0 0 0 0 0 0 0 0 0 1 0 0 0 0 0 0 0 0 0 0 0 0 0 0 0 0 0 0 0 0 0 0 0 0 0 0 0 0 0 0 0 0 0 0 0 0 0 0 0 0 0 0 0 0 0 0 0 0 0 0 0 0 0 0 0 0 0 0 0 0 0 0 0 0 0 0 0]
[2537321043050140607895175175965236756426443197334646595005522907018374661144187827521214977574732018780511236770887035455703319939999500493692235225797298319380749779772261621812579538256604194942188166564796942250762413180901604346612388874888282853822057563233263864927805903926863800925037752975420566595375712110276953878890139520 0 0 0 0 0 0 0 0 0 0 0 0 0 0 0 0 0 0 0 0 0 0 0 0 0 0 0 0 0 0 0 0 0 0 0 0 0 0 0 0 0 0 1 0 0 0 0 0 0 0 0 0 0 0 0 0 0 0 0 0 0 0 0 0 0 0 0 0 0 0 0 0 0 0 0 0 0 0 0 0 0 0 0 0 0 0 0 0 0 0 0 0 0 0 0 0 0 0 0 0 0 0 0 0 0 0 0 0 0]
[932058786782704960779771484613869390892927166359895290955173184542290538357654875226401067498834896700308833984847153158687140293706847255310628857028501477294497948077079250556358111954069967845346993711294893134934823386931988976702213885850630301617562014866850291148890865286393577669251391025024223272908834650856068318193502049 0 0 0 0 0 0 0 0 0 0 0 0 0 0 0 0 0 0 0 0 0 0 0 0 0 0 0 0 0 0 0 0 0 0 0 0 0 0 0 0 0 0 0 1 0 0 0 0 0 0 0 0 0 0 0 0 0 0 0 0 0 0 0 0 0 0 0 0 0 0 0 0 0 0 0 0 0 0 0 0 0 0 0 0 0 0 0 0 0 0 0 0 0 0 0 0 0 0 0 0 0 0 0 0 0 0 0 0 0]
[3776418669430247772331887532959885137592300149517483873205517282363202521300772105196829822642333395843287729904799390129434118736366009816704520849864282555551134203436850371122984945731667888994319544259913039828346301096141386053012355427875077273779632199974699053428832219242783049583454906232282531678458684784543830165830430871 0 0 0 0 0 0 0 0 0 0 0 0 0 0 0 0 0 0 0 0 0 0 0 0 0 0 0 0 0 0 0 0 0 0 0 0 0 0 0 0 0 0 0 0 1 0 0 0 0 0 0 0 0 0 0 0 0 0 0 0 0 0 0 0 0 0 0 0 0 0 0 0 0 0 0 0 0 0 0 0 0 0 0 0 0 0 0 0 0 0 0 0 0 0 0 0 0 0 0 0 0 0 0 0 0 0 0 0 0]
[8025915886751293142215536088716298683898726982288463106412089841019779447900612528964339515089872609117213255343392239865888931914843073994469526128225627492834852059361250395936929568809289028834663225876726777760820849545906616805079189441767716798843523303293089620979274115102691735953513113838511333773126851524319790355292090228 0 0 0 0 0 0 0 0 0 0 0 0 0 0 0 0 0 0 0 0 0 0 0 0 0 0 0 0 0 0 0 0 0 0 0 0 0 0 0 0 0 0 0 0 0 1 0 0 0 0 0 0 0 0 0 0 0 0 0 0 0 0 0 0 0 0 0 0 0 0 0 0 0 0 0 0 0 0 0 0 0 0 0 0 0 0 0 0 0 0 0 0 0 0 0 0 0 0 0 0 0 0 0 0 0 0 0 0 0]
[6995071125359395428259588245069618727566487033817442444727077491617996158037968309946369558145641800624355968850288076565974497607418678347119755382131288987155979670090168029802869177416866630904878792443229811073454048097935213086645016904287987410975217772584527655633499164778017267084332693876000876293047870644598659139090941743 0 0 0 0 0 0 0 0 0 0 0 0 0 0 0 0 0 0 0 0 0 0 0 0 0 0 0 0 0 0 0 0 0 0 0 0 0 0 0 0 0 0 0 0 0 0 1 0 0 0 0 0 0 0 0 0 0 0 0 0 0 0 0 0 0 0 0 0 0 0 0 0 0 0 0 0 0 0 0 0 0 0 0 0 0 0 0 0 0 0 0 0 0 0 0 0 0 0 0 0 0 0 0 0 0 0 0 0 0]
[5343403603064327881251117746268096095343119759228344871415669929419466135888188522961539870555878581675382312006040868353431674907427745055083348567357169830546170312170827783029834281285678945393721270998793570883260485622979279584440321145467848216183077196199606955600738552083646975013793759765766864152313517024168437530171240187 0 0 0 0 0 0 0 0 0 0 0 0 0 0 0 0 0 0 0 0 0 0 0 0 0 0 0 0 0 0 0 0 0 0 0 0 0 0 0 0 0 0 0 0 0 0 0 1 0 0 0 0 0 0 0 0 0 0 0 0 0 0 0 0 0 0 0 0 0 0 0 0 0 0 0 0 0 0 0 0 0 0 0 0 0 0 0 0 0 0 0 0 0 0 0 0 0 0 0 0 0 0 0 0 0 0 0 0 0]
[7581766441822314510114090997023903980918218775663905689034445232022691932250763691097158391551349818019978789154305422929787353847882568412200318238328285955735170327617318426688427453612592994551643418766008537864564538426167195202749881974519277577869020617363076367907382690272995285033225371234206893124466722404738351893622177994 0 0 0 0 0 0 0 0 0 0 0 0 0 0 0 0 0 0 0 0 0 0 0 0 0 0 0 0 0 0 0 0 0 0 0 0 0 0 0 0 0 0 0 0 0 0 0 0 1 0 0 0 0 0 0 0 0 0 0 0 0 0 0 0 0 0 0 0 0 0 0 0 0 0 0 0 0 0 0 0 0 0 0 0 0 0 0 0 0 0 0 0 0 0 0 0 0 0 0 0 0 0 0 0 0 0 0 0 0]
[5275366083953847894339278969740273721154244091264454124395173220127785240340068829986240675941555412198090745571959872285463382192658548220239170267211861339932776347452199342597022845661578240865378483212644231799488171844306323621289306296082980601524391391046314185918952778276244169928431442355571631713352487954595163375890693048 0 0 0 0 0 0 0 0 0 0 0 0 0 0 0 0 0 0 0 0 0 0 0 0 0 0 0 0 0 0 0 0 0 0 0 0 0 0 0 0 0 0 0 0 0 0 0 0 0 1 0 0 0 0 0 0 0 0 0 0 0 0 0 0 0 0 0 0 0 0 0 0 0 0 0 0 0 0 0 0 0 0 0 0 0 0 0 0 0 0 0 0 0 0 0 0 0 0 0 0 0 0 0 0 0 0 0 0 0]
[7865699337775668562503307443156321949975652932917445262589588152228664433329791971135064867391925829432687760737951764565155465350986528066804810010718494355690943016400526912768272847626830187400737181079168780501338182633650283672953205564259680254995240316677647131656469514630558338077079533243771498697714440783698344450223031024 0 0 0 0 0 0 0 0 0 0 0 0 0 0 0 0 0 0 0 0 0 0 0 0 0 0 0 0 0 0 0 0 0 0 0 0 0 0 0 0 0 0 0 0 0 0 0 0 0 0 1 0 0 0 0 0 0 0 0 0 0 0 0 0 0 0 0 0 0 0 0 0 0 0 0 0 0 0 0 0 0 0 0 0 0 0 0 0 0 0 0 0 0 0 0 0 0 0 0 0 0 0 0 0 0 0 0 0 0]
[6722765533617250278432233896742361333431849996311291505401648166317946345872373104582048523115260924927651751179765158235279180233140785918882469419350168404913907722602220596944623924385535175768439446107845089877254827398112191248520545379592873514921169471640201474123186541288280803150707129011550360096481678033851881978344009007 0 0 0 0 0 0 0 0 0 0 0 0 0 0 0 0 0 0 0 0 0 0 0 0 0 0 0 0 0 0 0 0 0 0 0 0 0 0 0 0 0 0 0 0 0 0 0 0 0 0 0 1 0 0 0 0 0 0 0 0 0 0 0 0 0 0 0 0 0 0 0 0 0 0 0 0 0 0 0 0 0 0 0 0 0 0 0 0 0 0 0 0 0 0 0 0 0 0 0 0 0 0 0 0 0 0 0 0 0]
[4669371099417478713146301918362389241798252984796724899237552552181162607943394616194081237073772143215538606485295171799901143910172073691729133424884922614154143178484644520418481532186771831345507752546813787319399029732415404564102975541357312174492102477081770978398451510291601614949940265193427188699374438690578027891757126115 0 0 0 0 0 0 0 0 0 0 0 0 0 0 0 0 0 0 0 0 0 0 0 0 0 0 0 0 0 0 0 0 0 0 0 0 0 0 0 0 0 0 0 0 0 0 0 0 0 0 0 0 1 0 0 0 0 0 0 0 0 0 0 0 0 0 0 0 0 0 0 0 0 0 0 0 0 0 0 0 0 0 0 0 0 0 0 0 0 0 0 0 0 0 0 0 0 0 0 0 0 0 0 0 0 0 0 0 0]
[8268600643603156317629383085435680755252600233804014509875904365950485618302589233552631906384621112246237931993763661514394785073887352241103570945709469425821658709885926275321398517788126463643676993765292850144661370361581809912775869858459761088735475017218518256836714097176183510829338259788011056017809757801537162820986321381 0 0 0 0 0 0 0 0 0 0 0 0 0 0 0 0 0 0 0 0 0 0 0 0 0 0 0 0 0 0 0 0 0 0 0 0 0 0 0 0 0 0 0 0 0 0 0 0 0 0 0 0 0 1 0 0 0 0 0 0 0 0 0 0 0 0 0 0 0 0 0 0 0 0 0 0 0 0 0 0 0 0 0 0 0 0 0 0 0 0 0 0 0 0 0 0 0 0 0 0 0 0 0 0 0 0 0 0 0]
[6233470776741590220735041889076291380435971731038665353763543949892592445713003884704734887147385375269937149856399789702310589321212970967712868920113675642363934605780731285392857438813676987631564119569617922527859455722001685777425204947473549397924540814952245641519212271867978521087721561635102558352968078045771947369702191405 0 0 0 0 0 0 0 0 0 0 0 0 0 0 0 0 0 0 0 0 0 0 0 0 0 0 0 0 0 0 0 0 0 0 0 0 0 0 0 0 0 0 0 0 0 0 0 0 0 0 0 0 0 0 1 0 0 0 0 0 0 0 0 0 0 0 0 0 0 0 0 0 0 0 0 0 0 0 0 0 0 0 0 0 0 0 0 0 0 0 0 0 0 0 0 0 0 0 0 0 0 0 0 0 0 0 0 0 0]
[1015420101335867873342648819526314955242969792211741965065433653150282329834463754901828127757089727296753072889452125141365614057135111931894096685373184507994686268794037049912662969380881655756414781917593868815219454927942741471864099554866907939291610783367774040962613379581484963234716240304042091621601235272328690998344501984 0 0 0 0 0 0 0 0 0 0 0 0 0 0 0 0 0 0 0 0 0 0 0 0 0 0 0 0 0 0 0 0 0 0 0 0 0 0 0 0 0 0 0 0 0 0 0 0 0 0 0 0 0 0 0 1 0 0 0 0 0 0 0 0 0 0 0 0 0 0 0 0 0 0 0 0 0 0 0 0 0 0 0 0 0 0 0 0 0 0 0 0 0 0 0 0 0 0 0 0 0 0 0 0 0 0 0 0 0]
[7495131978341669490624839805900899677480966430788885329843836389731054320549129090998027690909142351535422301360747301776544411627000392200083451664254600080948072945996475551664109898021065287296719651969383112993855941788792036760707193099077525416562756075308774660147409864445732292157329980743615743309127826102336955679464284381 0 0 0 0 0 0 0 0 0 0 0 0 0 0 0 0 0 0 0 0 0 0 0 0 0 0 0 0 0 0 0 0 0 0 0 0 0 0 0 0 0 0 0 0 0 0 0 0 0 0 0 0 0 0 0 0 1 0 0 0 0 0 0 0 0 0 0 0 0 0 0 0 0 0 0 0 0 0 0 0 0 0 0 0 0 0 0 0 0 0 0 0 0 0 0 0 0 0 0 0 0 0 0 0 0 0 0 0 0]
[5427396104335351619369158764473423369482142626691058544362480997399601227955288564066877212377552230372058920476525411971572085686984736994062289172842002723780372913858787946039281725079521060136435431769949601743570853636453843097533162812435336201031064227130604320588823851665995429660457397587491962189258883350973826101852378752 0 0 0 0 0 0 0 0 0 0 0 0 0 0 0 0 0 0 0 0 0 0 0 0 0 0 0 0 0 0 0 0 0 0 0 0 0 0 0 0 0 0 0 0 0 0 0 0 0 0 0 0 0 0 0 0 0 1 0 0 0 0 0 0 0 0 0 0 0 0 0 0 0 0 0 0 0 0 0 0 0 0 0 0 0 0 0 0 0 0 0 0 0 0 0 0 0 0 0 0 0 0 0 0 0 0 0 0 0]
[5325139346664717821360729537506049858396028210450581627692868416120013318115698017400358511872331868249047328748460347659268917051354766903459241268524149378144550253008816818288098436102394018044851883450683776863377902225112798969828150507682971226136878257245636021327987956417928460570690888720209188398988251384537297196812066212 0 0 0 0 0 0 0 0 0 0 0 0 0 0 0 0 0 0 0 0 0 0 0 0 0 0 0 0 0 0 0 0 0 0 0 0 0 0 0 0 0 0 0 0 0 0 0 0 0 0 0 0 0 0 0 0 0 0 1 0 0 0 0 0 0 0 0 0 0 0 0 0 0 0 0 0 0 0 0 0 0 0 0 0 0 0 0 0 0 0 0 0 0 0 0 0 0 0 0 0 0 0 0 0 0 0 0 0 0]
[2223288971708004219604530969810299494502279046132174462053894753111579390768371398927011301402359097291272089068156734321573779414262952941530473675504619878327048563001623890488323808623283868115494864523612580378887715635496257522800810949639856986953693989574496985094037837669913212310234934972216140620055420361932272783431565171 0 0 0 0 0 0 0 0 0 0 0 0 0 0 0 0 0 0 0 0 0 0 0 0 0 0 0 0 0 0 0 0 0 0 0 0 0 0 0 0 0 0 0 0 0 0 0 0 0 0 0 0 0 0 0 0 0 0 0 1 0 0 0 0 0 0 0 0 0 0 0 0 0 0 0 0 0 0 0 0 0 0 0 0 0 0 0 0 0 0 0 0 0 0 0 0 0 0 0 0 0 0 0 0 0 0 0 0 0]
[734569582606257636784809527792684026604025621906450618318842222670426769203329009253159193306896673438314914209092342921810373441242112447829667828842693026149934889094398647877685450373762244693090327003913220930854480605913756943346758043015813188479712725321158010880755237416161621469764901041160735968422125969250400351796885309 0 0 0 0 0 0 0 0 0 0 0 0 0 0 0 0 0 0 0 0 0 0 0 0 0 0 0 0 0 0 0 0 0 0 0 0 0 0 0 0 0 0 0 0 0 0 0 0 0 0 0 0 0 0 0 0 0 0 0 0 1 0 0 0 0 0 0 0 0 0 0 0 0 0 0 0 0 0 0 0 0 0 0 0 0 0 0 0 0 0 0 0 0 0 0 0 0 0 0 0 0 0 0 0 0 0 0 0 0]
[305962664291515123698897284292667574486843871226516343186207449770613193650236384324903659702897797062403553598689866600458345704596557478030860017146711501405402007712574321029431986481972950563627800937679102028170660838798760494108895940566934599327512055890225944191406481793008620612199828952948651739800417054491600524189557424 0 0 0 0 0 0 0 0 0 0 0 0 0 0 0 0 0 0 0 0 0 0 0 0 0 0 0 0 0 0 0 0 0 0 0 0 0 0 0 0 0 0 0 0 0 0 0 0 0 0 0 0 0 0 0 0 0 0 0 0 0 1 0 0 0 0 0 0 0 0 0 0 0 0 0 0 0 0 0 0 0 0 0 0 0 0 0 0 0 0 0 0 0 0 0 0 0 0 0 0 0 0 0 0 0 0 0 0 0]
[2482691811051613118164207577391477105699509354538240962809410646746603268718240215859741720849184683319836001259108853730209258207859807873825829865388909506679432348215498252223917246642115274093303949472542704816963495431779783832938566765847666452289270074095271429129693210992627578273440963840684749258383359998911122299958195928 0 0 0 0 0 0 0 0 0 0 0 0 0 0 0 0 0 0 0 0 0 0 0 0 0 0 0 0 0 0 0 0 0 0 0 0 0 0 0 0 0 0 0 0 0 0 0 0 0 0 0 0 0 0 0 0 0 0 0 0 0 0 1 0 0 0 0 0 0 0 0 0 0 0 0 0 0 0 0 0 0 0 0 0 0 0 0 0 0 0 0 0 0 0 0 0 0 0 0 0 0 0 0 0 0 0 0 0 0]
[7788012220877736683318658124448637866563832109946874272451142984534138517649586510822835947952109337651879770503507592780982872311244883584410450816196071741760152275561236927994401730618910221819417004854465025720682848037680334441589922385935570826837559376054659827184032163474271255271337146615437582620749085556285873144417434120 0 0 0 0 0 0 0 0 0 0 0 0 0 0 0 0 0 0 0 0 0 0 0 0 0 0 0 0 0 0 0 0 0 0 0 0 0 0 0 0 0 0 0 0 0 0 0 0 0 0 0 0 0 0 0 0 0 0 0 0 0 0 0 1 0 0 0 0 0 0 0 0 0 0 0 0 0 0 0 0 0 0 0 0 0 0 0 0 0 0 0 0 0 0 0 0 0 0 0 0 0 0 0 0 0 0 0 0 0]
[2052525632089403199581384498225014323975200182367507426238265493162231637069473995256060470736871127013255090384211031755882011670757007459444008396547639556365265188048645992870066954084941368764231515258811035077365109869671682037897974952629429609925103010801592961189565226248649947580447869628066548227363108638494538193293305321 0 0 0 0 0 0 0 0 0 0 0 0 0 0 0 0 0 0 0 0 0 0 0 0 0 0 0 0 0 0 0 0 0 0 0 0 0 0 0 0 0 0 0 0 0 0 0 0 0 0 0 0 0 0 0 0 0 0 0 0 0 0 0 0 1 0 0 0 0 0 0 0 0 0 0 0 0 0 0 0 0 0 0 0 0 0 0 0 0 0 0 0 0 0 0 0 0 0 0 0 0 0 0 0 0 0 0 0 0]
[718931936725217821638581855565548454422955879053729471336067478281087390407763036223000117836824611707922401524614183720122965358098667412617133057281400082374820498931227309724330305269629405474081789407193686531778422350969524565217120557754076624220281129470109016624826344250933521063917080515847734273732781703674795875298799270 0 0 0 0 0 0 0 0 0 0 0 0 0 0 0 0 0 0 0 0 0 0 0 0 0 0 0 0 0 0 0 0 0 0 0 0 0 0 0 0 0 0 0 0 0 0 0 0 0 0 0 0 0 0 0 0 0 0 0 0 0 0 0 0 0 1 0 0 0 0 0 0 0 0 0 0 0 0 0 0 0 0 0 0 0 0 0 0 0 0 0 0 0 0 0 0 0 0 0 0 0 0 0 0 0 0 0 0 0]
[242434160827069527722714593911512760254657633831324212691342367026385178543822374725891039560042235938478904454489255003572255468635313089545633819133186451168313214160645952039601532214457041749107807778851864012135805650172919692152306798344945602861642160537017846766032712700191171038148068359099795215928126740572471856050599151 0 0 0 0 0 0 0 0 0 0 0 0 0 0 0 0 0 0 0 0 0 0 0 0 0 0 0 0 0 0 0 0 0 0 0 0 0 0 0 0 0 0 0 0 0 0 0 0 0 0 0 0 0 0 0 0 0 0 0 0 0 0 0 0 0 0 1 0 0 0 0 0 0 0 0 0 0 0 0 0 0 0 0 0 0 0 0 0 0 0 0 0 0 0 0 0 0 0 0 0 0 0 0 0 0 0 0 0 0]
[2131086279895761535581352112731335921793761729813017556120634139771450928210100659726538547358253706906550804214894862486589146323182887005031762556408194326777447961340868229395060846395302616633102468965317124929114121068417471287002785392459706913655357215614413374585622669705787706200897790068672960982031481832809792420577939983 0 0 0 0 0 0 0 0 0 0 0 0 0 0 0 0 0 0 0 0 0 0 0 0 0 0 0 0 0 0 0 0 0 0 0 0 0 0 0 0 0 0 0 0 0 0 0 0 0 0 0 0 0 0 0 0 0 0 0 0 0 0 0 0 0 0 0 1 0 0 0 0 0 0 0 0 0 0 0 0 0 0 0 0 0 0 0 0 0 0 0 0 0 0 0 0 0 0 0 0 0 0 0 0 0 0 0 0 0]
[7075900235317741416930851162016598004843202133250121069756191318824528621853578573052179746446945686991685772320979570706113326824084752827885162284595165077988615654893627885337727728304635686968519656229880554613217037246646263894251602551217412964604858024085641887367335824144780850407219792288870749157898341489202208415226184817 0 0 0 0 0 0 0 0 0 0 0 0 0 0 0 0 0 0 0 0 0 0 0 0 0 0 0 0 0 0 0 0 0 0 0 0 0 0 0 0 0 0 0 0 0 0 0 0 0 0 0 0 0 0 0 0 0 0 0 0 0 0 0 0 0 0 0 0 1 0 0 0 0 0 0 0 0 0 0 0 0 0 0 0 0 0 0 0 0 0 0 0 0 0 0 0 0 0 0 0 0 0 0 0 0 0 0 0 0]
[5025234713198327003431229423816005394609514798637768728324260931841499586659179034376169508854784683482910568897424782121587289153262464294314667600156504493933834920893079856092446549906422512746115693822133026756048952054441948906825279820492608736443061003785310066684003944833489141534080122103434636559186324695197019534882806386 0 0 0 0 0 0 0 0 0 0 0 0 0 0 0 0 0 0 0 0 0 0 0 0 0 0 0 0 0 0 0 0 0 0 0 0 0 0 0 0 0 0 0 0 0 0 0 0 0 0 0 0 0 0 0 0 0 0 0 0 0 0 0 0 0 0 0 0 0 1 0 0 0 0 0 0 0 0 0 0 0 0 0 0 0 0 0 0 0 0 0 0 0 0 0 0 0 0 0 0 0 0 0 0 0 0 0 0 0]
[1385841974908933453414234129652979129248549859560011647466370441649678329759605803903579707139715947056889139236212146995327000907281488028855680188941238970994283314576776139820225292600201005198624256340955552309493670906770523289229933533056143427955116044441275587365351181699814220120325846389128212783408321092474772907797436368 0 0 0 0 0 0 0 0 0 0 0 0 0 0 0 0 0 0 0 0 0 0 0 0 0 0 0 0 0 0 0 0 0 0 0 0 0 0 0 0 0 0 0 0 0 0 0 0 0 0 0 0 0 0 0 0 0 0 0 0 0 0 0 0 0 0 0 0 0 0 1 0 0 0 0 0 0 0 0 0 0 0 0 0 0 0 0 0 0 0 0 0 0 0 0 0 0 0 0 0 0 0 0 0 0 0 0 0 0]
[799290560827323643194661196134068237441891134313467422600646327082626394486200862860833329192442192233478382014419301563736709761612945053626844883189448211639676639196359425790564376116145242683325348607493377047502515767630176835446019661732775241443371476547283427958014945590271266226751970274689908632246744175620716673448334364 0 0 0 0 0 0 0 0 0 0 0 0 0 0 0 0 0 0 0 0 0 0 0 0 0 0 0 0 0 0 0 0 0 0 0 0 0 0 0 0 0 0 0 0 0 0 0 0 0 0 0 0 0 0 0 0 0 0 0 0 0 0 0 0 0 0 0 0 0 0 0 1 0 0 0 0 0 0 0 0 0 0 0 0 0 0 0 0 0 0 0 0 0 0 0 0 0 0 0 0 0 0 0 0 0 0 0 0 0]
[5443693848821381622918289639391914045646735489782041898186021046849179152609831118004915833628563359712800107561167496468907872072782524801053756921748037345363408583343551528365273071232918737198988993372536057875454295468674569693590969566986421937978460426821225652713150496125153233206949998605039427775579904820959585368780460717 0 0 0 0 0 0 0 0 0 0 0 0 0 0 0 0 0 0 0 0 0 0 0 0 0 0 0 0 0 0 0 0 0 0 0 0 0 0 0 0 0 0 0 0 0 0 0 0 0 0 0 0 0 0 0 0 0 0 0 0 0 0 0 0 0 0 0 0 0 0 0 0 1 0 0 0 0 0 0 0 0 0 0 0 0 0 0 0 0 0 0 0 0 0 0 0 0 0 0 0 0 0 0 0 0 0 0 0 0]
[3521498984946622645426961708404738620928435628145508433446266146147041427681821802539688354280961122694137279205613244591340944484419041397147653290885497638871766298105045166455630663132307401914517199375047839946609035960068987667520510458524247732045941045877874801691301336342760565556034600500205321017169660921547158403423272783 0 0 0 0 0 0 0 0 0 0 0 0 0 0 0 0 0 0 0 0 0 0 0 0 0 0 0 0 0 0 0 0 0 0 0 0 0 0 0 0 0 0 0 0 0 0 0 0 0 0 0 0 0 0 0 0 0 0 0 0 0 0 0 0 0 0 0 0 0 0 0 0 0 1 0 0 0 0 0 0 0 0 0 0 0 0 0 0 0 0 0 0 0 0 0 0 0 0 0 0 0 0 0 0 0 0 0 0 0]
[5431251503276013626323641286901464182709450056012373306653818310912139556481267505368969095087272936562473860045895460830897419521331549890614124580794656293276789954326832603021274367254496230547586720616125788705018923118529919915395308854036245196139318667828098112559896246067837034986442761844844009659342069806495284593824028079 0 0 0 0 0 0 0 0 0 0 0 0 0 0 0 0 0 0 0 0 0 0 0 0 0 0 0 0 0 0 0 0 0 0 0 0 0 0 0 0 0 0 0 0 0 0 0 0 0 0 0 0 0 0 0 0 0 0 0 0 0 0 0 0 0 0 0 0 0 0 0 0 0 0 1 0 0 0 0 0 0 0 0 0 0 0 0 0 0 0 0 0 0 0 0 0 0 0 0 0 0 0 0 0 0 0 0 0 0]
[7500094976606292231793388835899359514550262087343268446471233074752045983520607138556556809403917072514197047944693509157272317343622053213328894017026367418636938677109351640008161292479100427966041885089946223947336601439363672156306411835353531354432637863989953829172122562747588841804249425411181676743163240155193371748603939914 0 0 0 0 0 0 0 0 0 0 0 0 0 0 0 0 0 0 0 0 0 0 0 0 0 0 0 0 0 0 0 0 0 0 0 0 0 0 0 0 0 0 0 0 0 0 0 0 0 0 0 0 0 0 0 0 0 0 0 0 0 0 0 0 0 0 0 0 0 0 0 0 0 0 0 1 0 0 0 0 0 0 0 0 0 0 0 0 0 0 0 0 0 0 0 0 0 0 0 0 0 0 0 0 0 0 0 0 0]
[198728441051160614236382720503795727574811603503727400126534704078486354356112786139875299593278638768817173050214468851308450978680913558729106749780592178823284906823032973494335449752218562329504891005039906433156136159648221194488960977286939981032077542157027042228122946006618194467143378072818482585156375113793267575513002796 0 0 0 0 0 0 0 0 0 0 0 0 0 0 0 0 0 0 0 0 0 0 0 0 0 0 0 0 0 0 0 0 0 0 0 0 0 0 0 0 0 0 0 0 0 0 0 0 0 0 0 0 0 0 0 0 0 0 0 0 0 0 0 0 0 0 0 0 0 0 0 0 0 0 0 0 1 0 0 0 0 0 0 0 0 0 0 0 0 0 0 0 0 0 0 0 0 0 0 0 0 0 0 0 0 0 0 0 0]
[2112932334354342380901670826530124218604879921258267993686879315744340646885854025985480479638645076408385239620685454161777027615615261139522253301964822720237164745620977392033048068251289910027243286437639967804315831975137855417057301183399706903704458323586871133695170772757509053794903787169984585584831972250824544810426547547 0 0 0 0 0 0 0 0 0 0 0 0 0 0 0 0 0 0 0 0 0 0 0 0 0 0 0 0 0 0 0 0 0 0 0 0 0 0 0 0 0 0 0 0 0 0 0 0 0 0 0 0 0 0 0 0 0 0 0 0 0 0 0 0 0 0 0 0 0 0 0 0 0 0 0 0 0 1 0 0 0 0 0 0 0 0 0 0 0 0 0 0 0 0 0 0 0 0 0 0 0 0 0 0 0 0 0 0 0]
[6366246156619559093150615547212531758979462617161366723676559688355422770665726285252052412562031239534387100908814303719703515637744361641204466940151503207840440815418596046196159037725376318285221838879128720790453214531184711157103514719534583694147244260998982277847104889883050313289052143175402445526583391933020533372745104128 0 0 0 0 0 0 0 0 0 0 0 0 0 0 0 0 0 0 0 0 0 0 0 0 0 0 0 0 0 0 0 0 0 0 0 0 0 0 0 0 0 0 0 0 0 0 0 0 0 0 0 0 0 0 0 0 0 0 0 0 0 0 0 0 0 0 0 0 0 0 0 0 0 0 0 0 0 0 1 0 0 0 0 0 0 0 0 0 0 0 0 0 0 0 0 0 0 0 0 0 0 0 0 0 0 0 0 0 0]
[6167540128796400853955449266137425205435554554182490068413901537115086962934044997904178299334686159776175523737749728236015388060420305714259234325783754789656254021234688954048888274023247008896092354598455789645835844634467780265928953408120915032919622263322943749456482561588927357358254895253579633721004441535301652800607158580 0 0 0 0 0 0 0 0 0 0 0 0 0 0 0 0 0 0 0 0 0 0 0 0 0 0 0 0 0 0 0 0 0 0 0 0 0 0 0 0 0 0 0 0 0 0 0 0 0 0 0 0 0 0 0 0 0 0 0 0 0 0 0 0 0 0 0 0 0 0 0 0 0 0 0 0 0 0 0 1 0 0 0 0 0 0 0 0 0 0 0 0 0 0 0 0 0 0 0 0 0 0 0 0 0 0 0 0 0]
[2541867150667830432078772664506998257725262030493404686750456385102972548334176676053476343583103442375274186293919414024474313242261923416871952469430284343648644956414536605740980909607757113045645044624944154658820237584104347895454527673134731751382340397014425919917971444156388094976131037537896881297092002912337848069472890672 0 0 0 0 0 0 0 0 0 0 0 0 0 0 0 0 0 0 0 0 0 0 0 0 0 0 0 0 0 0 0 0 0 0 0 0 0 0 0 0 0 0 0 0 0 0 0 0 0 0 0 0 0 0 0 0 0 0 0 0 0 0 0 0 0 0 0 0 0 0 0 0 0 0 0 0 0 0 0 0 1 0 0 0 0 0 0 0 0 0 0 0 0 0 0 0 0 0 0 0 0 0 0 0 0 0 0 0 0]
[64128345295421072462642928458087399213567879536578180401947304886832759817849815850494099823211972264421842846536332334923000206580536700281539648952664416093137709584800864685799215853380527359552382310683686597330003053095186904464709657102767352981620906642641880574106847274405999816310240156331955292613282770298455029840292413 0 0 0 0 0 0 0 0 0 0 0 0 0 0 0 0 0 0 0 0 0 0 0 0 0 0 0 0 0 0 0 0 0 0 0 0 0 0 0 0 0 0 0 0 0 0 0 0 0 0 0 0 0 0 0 0 0 0 0 0 0 0 0 0 0 0 0 0 0 0 0 0 0 0 0 0 0 0 0 0 0 1 0 0 0 0 0 0 0 0 0 0 0 0 0 0 0 0 0 0 0 0 0 0 0 0 0 0 0]
[3962745138985273206118601153652908575357151539481217811302213188588727206472685649945835985063207973845355484764464967742507679770064772224143655154400448173212887918694645765911029080673051178504952067888897990509086478437271587697949440729619021405193225460259745089724462069952588398439376534478701385147638149494046605825713039834 0 0 0 0 0 0 0 0 0 0 0 0 0 0 0 0 0 0 0 0 0 0 0 0 0 0 0 0 0 0 0 0 0 0 0 0 0 0 0 0 0 0 0 0 0 0 0 0 0 0 0 0 0 0 0 0 0 0 0 0 0 0 0 0 0 0 0 0 0 0 0 0 0 0 0 0 0 0 0 0 0 0 1 0 0 0 0 0 0 0 0 0 0 0 0 0 0 0 0 0 0 0 0 0 0 0 0 0 0]
[7190050535585372948595205489607479222944510492968672830443464089413625388141894586996130235405405469544609814437978161671846549580011640418327805385495390958405778165348151496799950932571123288067611573699814850187877285087715709553686199693978234322044876685691357596600594951220911379702529323406665252738760824552780765482246289058 0 0 0 0 0 0 0 0 0 0 0 0 0 0 0 0 0 0 0 0 0 0 0 0 0 0 0 0 0 0 0 0 0 0 0 0 0 0 0 0 0 0 0 0 0 0 0 0 0 0 0 0 0 0 0 0 0 0 0 0 0 0 0 0 0 0 0 0 0 0 0 0 0 0 0 0 0 0 0 0 0 0 0 1 0 0 0 0 0 0 0 0 0 0 0 0 0 0 0 0 0 0 0 0 0 0 0 0 0]
[6409535867996102562696445341941221238436087621654345886859172916206832454421374533393530593494008116672366405053397106004558711786870594219806681594269493112111984851943795587021106690332355951244139389781807946480667281547124590745022145992617895762041052550658012357130219337817085527593678894299667506190936786554671259363626736627 0 0 0 0 0 0 0 0 0 0 0 0 0 0 0 0 0 0 0 0 0 0 0 0 0 0 0 0 0 0 0 0 0 0 0 0 0 0 0 0 0 0 0 0 0 0 0 0 0 0 0 0 0 0 0 0 0 0 0 0 0 0 0 0 0 0 0 0 0 0 0 0 0 0 0 0 0 0 0 0 0 0 0 0 1 0 0 0 0 0 0 0 0 0 0 0 0 0 0 0 0 0 0 0 0 0 0 0 0]
[3079121456666044637464178482761451102378198048374933652962082416122328614794450566551246004120557060954826121410564253491618322665321565772398794457653227569958485403220953633369227832767353869098592535828247429141594683938733186254322013369024527033673459983690198352804515557891908732240830036704722128656443491046883686822693342460 0 0 0 0 0 0 0 0 0 0 0 0 0 0 0 0 0 0 0 0 0 0 0 0 0 0 0 0 0 0 0 0 0 0 0 0 0 0 0 0 0 0 0 0 0 0 0 0 0 0 0 0 0 0 0 0 0 0 0 0 0 0 0 0 0 0 0 0 0 0 0 0 0 0 0 0 0 0 0 0 0 0 0 0 0 1 0 0 0 0 0 0 0 0 0 0 0 0 0 0 0 0 0 0 0 0 0 0 0]
[5842203609990266952248093611399271240511678827381108070067795293578411742024196886608303203133141815116172031123842726917535406482286387393162783293585490033775530719963968036299001121642014217069128061049343748452694927200511091384360151016921787547872081274407853491362812767503117908148868665465528584588134585536604796745271363205 0 0 0 0 0 0 0 0 0 0 0 0 0 0 0 0 0 0 0 0 0 0 0 0 0 0 0 0 0 0 0 0 0 0 0 0 0 0 0 0 0 0 0 0 0 0 0 0 0 0 0 0 0 0 0 0 0 0 0 0 0 0 0 0 0 0 0 0 0 0 0 0 0 0 0 0 0 0 0 0 0 0 0 0 0 0 1 0 0 0 0 0 0 0 0 0 0 0 0 0 0 0 0 0 0 0 0 0 0]
[3800089428941280952673496732106916266388668402872000921940015257117963544203755568217584446034520014545783484199713204631767680939766412687422882188854316402380865375135016632991441497926999032495683542564721683452760417545967040977705665355488965379168726289576532867925465666692895236462028934494986822177605536706023047581556549386 0 0 0 0 0 0 0 0 0 0 0 0 0 0 0 0 0 0 0 0 0 0 0 0 0 0 0 0 0 0 0 0 0 0 0 0 0 0 0 0 0 0 0 0 0 0 0 0 0 0 0 0 0 0 0 0 0 0 0 0 0 0 0 0 0 0 0 0 0 0 0 0 0 0 0 0 0 0 0 0 0 0 0 0 0 0 0 1 0 0 0 0 0 0 0 0 0 0 0 0 0 0 0 0 0 0 0 0 0]
[6393150483081879477425914964433449969345686520989009825974479772738563437782247691216902673136792238199694062675024124773573234831925151741997134891671819793295354891185637699916072618639932922655202868474562835966345866130227780471660688210086125950030972634816330945757642111871267644382482568977499036791869213974556212471891040517 0 0 0 0 0 0 0 0 0 0 0 0 0 0 0 0 0 0 0 0 0 0 0 0 0 0 0 0 0 0 0 0 0 0 0 0 0 0 0 0 0 0 0 0 0 0 0 0 0 0 0 0 0 0 0 0 0 0 0 0 0 0 0 0 0 0 0 0 0 0 0 0 0 0 0 0 0 0 0 0 0 0 0 0 0 0 0 0 1 0 0 0 0 0 0 0 0 0 0 0 0 0 0 0 0 0 0 0 0]
[6047103434637997533132459660525203890507780990643544594605809878619831685194795161920948127018505097365660221537876482418402037918973267441407637592831305773877185934498722921896645889438762333878082278861675852177999672802797306647962644502556801330958250019709412767421079937857844471628421591844094118383542118635806242711269760347 0 0 0 0 0 0 0 0 0 0 0 0 0 0 0 0 0 0 0 0 0 0 0 0 0 0 0 0 0 0 0 0 0 0 0 0 0 0 0 0 0 0 0 0 0 0 0 0 0 0 0 0 0 0 0 0 0 0 0 0 0 0 0 0 0 0 0 0 0 0 0 0 0 0 0 0 0 0 0 0 0 0 0 0 0 0 0 0 0 1 0 0 0 0 0 0 0 0 0 0 0 0 0 0 0 0 0 0 0]
[4158833792587133756005098250044974238902051708574116384401303708807114068349978422194258140803979372044565928645527050110995310171729007142420092659438638461350071982268343857294459197019046448485293129267939743889672215034816761829401944132468389856698736607651689256213448882061977621040889115459494051967165194386786875538053210305 0 0 0 0 0 0 0 0 0 0 0 0 0 0 0 0 0 0 0 0 0 0 0 0 0 0 0 0 0 0 0 0 0 0 0 0 0 0 0 0 0 0 0 0 0 0 0 0 0 0 0 0 0 0 0 0 0 0 0 0 0 0 0 0 0 0 0 0 0 0 0 0 0 0 0 0 0 0 0 0 0 0 0 0 0 0 0 0 0 0 1 0 0 0 0 0 0 0 0 0 0 0 0 0 0 0 0 0 0]
[6151456866162855678435682508195128069342845568632936236447330784901785348912798495172556048871094967911083163423847708625901022677670093870609270177353998769540244684017903772325255864913693179670319732423494693915980875854695831055105996845474604628955685599775400267364001901094626136516976652319588167436421840759319381859486818773 0 0 0 0 0 0 0 0 0 0 0 0 0 0 0 0 0 0 0 0 0 0 0 0 0 0 0 0 0 0 0 0 0 0 0 0 0 0 0 0 0 0 0 0 0 0 0 0 0 0 0 0 0 0 0 0 0 0 0 0 0 0 0 0 0 0 0 0 0 0 0 0 0 0 0 0 0 0 0 0 0 0 0 0 0 0 0 0 0 0 0 1 0 0 0 0 0 0 0 0 0 0 0 0 0 0 0 0 0]
[4923330080162615349667689716193280094729338092359404906773688067753529328251896142337157005729925653127998295168201269687257324757802358342212139834717182656850062524563253761553402524129335896373178069706300467843258964756366560428293358624627225867347766092337131198526005066027035563569695706636458975403121386163228630351515514879 0 0 0 0 0 0 0 0 0 0 0 0 0 0 0 0 0 0 0 0 0 0 0 0 0 0 0 0 0 0 0 0 0 0 0 0 0 0 0 0 0 0 0 0 0 0 0 0 0 0 0 0 0 0 0 0 0 0 0 0 0 0 0 0 0 0 0 0 0 0 0 0 0 0 0 0 0 0 0 0 0 0 0 0 0 0 0 0 0 0 0 0 1 0 0 0 0 0 0 0 0 0 0 0 0 0 0 0 0]
[3869226568346263497560064686790302657332326845171213274797111671635252459124866361023656068203836910600452817863998033924837810460637839799501473719107288849402164435889934393061508161379897796917704573868306565711043061773263770805117342291664877965958134564480194156467928866236477792166791860980513027254152379260042031002569749070 0 0 0 0 0 0 0 0 0 0 0 0 0 0 0 0 0 0 0 0 0 0 0 0 0 0 0 0 0 0 0 0 0 0 0 0 0 0 0 0 0 0 0 0 0 0 0 0 0 0 0 0 0 0 0 0 0 0 0 0 0 0 0 0 0 0 0 0 0 0 0 0 0 0 0 0 0 0 0 0 0 0 0 0 0 0 0 0 0 0 0 0 0 1 0 0 0 0 0 0 0 0 0 0 0 0 0 0 0]
[4976261959841771669254366490965220921925501254244133198056728354315751955833884858105748559051294532302164532195217210660087771801487595906510614047168814987606371427520602597110691038282027082457942331421660286163647961816995878359304214932866798917154407554200600390921088798312529632665572984195679185296358637787669583065612158920 0 0 0 0 0 0 0 0 0 0 0 0 0 0 0 0 0 0 0 0 0 0 0 0 0 0 0 0 0 0 0 0 0 0 0 0 0 0 0 0 0 0 0 0 0 0 0 0 0 0 0 0 0 0 0 0 0 0 0 0 0 0 0 0 0 0 0 0 0 0 0 0 0 0 0 0 0 0 0 0 0 0 0 0 0 0 0 0 0 0 0 0 0 0 1 0 0 0 0 0 0 0 0 0 0 0 0 0 0]
[3702176004374909068986118574616918330336799897107221518300178461492040933583568880408279887690759625666119753226878280712070047673210927698998184106273814340124505643041590062693143866448172328858506402424671890439238749195289715546491088193990013585392178106873323648745456035743093988835036783122353160607364704392475640481182027664 0 0 0 0 0 0 0 0 0 0 0 0 0 0 0 0 0 0 0 0 0 0 0 0 0 0 0 0 0 0 0 0 0 0 0 0 0 0 0 0 0 0 0 0 0 0 0 0 0 0 0 0 0 0 0 0 0 0 0 0 0 0 0 0 0 0 0 0 0 0 0 0 0 0 0 0 0 0 0 0 0 0 0 0 0 0 0 0 0 0 0 0 0 0 0 1 0 0 0 0 0 0 0 0 0 0 0 0 0]
[5261204954847124775188015318506208185365749039604426127917101435043574209497952588511285229167356188788560810647267086642111881501934071611256938232162440879266286614307680875279872482731837056756330535235827251744559927200861015173806944475543193865911705938871801233648583797255830517733318434950882619823605819595250423119840129604 0 0 0 0 0 0 0 0 0 0 0 0 0 0 0 0 0 0 0 0 0 0 0 0 0 0 0 0 0 0 0 0 0 0 0 0 0 0 0 0 0 0 0 0 0 0 0 0 0 0 0 0 0 0 0 0 0 0 0 0 0 0 0 0 0 0 0 0 0 0 0 0 0 0 0 0 0 0 0 0 0 0 0 0 0 0 0 0 0 0 0 0 0 0 0 0 1 0 0 0 0 0 0 0 0 0 0 0 0]
[5205081701132938772824105284132294274411740052845073720369654431313340033598416222892819096323416508554014180889531671965291676725886529843978691188070611670961652104927270549069628944331243396443370788501891071707938288259857625351357511046376219338264524422034880301900088305261467302312050761959390941553821335193608301007076179812 0 0 0 0 0 0 0 0 0 0 0 0 0 0 0 0 0 0 0 0 0 0 0 0 0 0 0 0 0 0 0 0 0 0 0 0 0 0 0 0 0 0 0 0 0 0 0 0 0 0 0 0 0 0 0 0 0 0 0 0 0 0 0 0 0 0 0 0 0 0 0 0 0 0 0 0 0 0 0 0 0 0 0 0 0 0 0 0 0 0 0 0 0 0 0 0 0 1 0 0 0 0 0 0 0 0 0 0 0]
[6954747085946171113081590442964862971887975526001590955550080850235222432942787147693979135560531268262139705684708581165985512244483440386979016779380975582949559167562371070582352865357959530514237133199363715976865547369018482628846820628420478025376359962402470964583618868543639289019736899710595880489189804031681817242080771382 0 0 0 0 0 0 0 0 0 0 0 0 0 0 0 0 0 0 0 0 0 0 0 0 0 0 0 0 0 0 0 0 0 0 0 0 0 0 0 0 0 0 0 0 0 0 0 0 0 0 0 0 0 0 0 0 0 0 0 0 0 0 0 0 0 0 0 0 0 0 0 0 0 0 0 0 0 0 0 0 0 0 0 0 0 0 0 0 0 0 0 0 0 0 0 0 0 0 1 0 0 0 0 0 0 0 0 0 0]
[8306412087667247051580249164450655883148779511444963766955215960801605347033357239310447075560083590369659020531390560730715826314056671640145595929783442806649374785177792212180072646593810363448369909510965798896124400140559904036709316141556419827455991728872561088016110569546972738346805077890424218728106381262607752513066315777 0 0 0 0 0 0 0 0 0 0 0 0 0 0 0 0 0 0 0 0 0 0 0 0 0 0 0 0 0 0 0 0 0 0 0 0 0 0 0 0 0 0 0 0 0 0 0 0 0 0 0 0 0 0 0 0 0 0 0 0 0 0 0 0 0 0 0 0 0 0 0 0 0 0 0 0 0 0 0 0 0 0 0 0 0 0 0 0 0 0 0 0 0 0 0 0 0 0 0 1 0 0 0 0 0 0 0 0 0]
[519394174585070618421166041465349380317716615783645524929899720695196004974104245855813321365020753093589735418115581562798945238579751193218714152671755149501416559254925798172247107208173118545573566920912427207730945508218769823826952284679537034100169528180405939027439582825146927752603520351412323350594522121710307193237487819 0 0 0 0 0 0 0 0 0 0 0 0 0 0 0 0 0 0 0 0 0 0 0 0 0 0 0 0 0 0 0 0 0 0 0 0 0 0 0 0 0 0 0 0 0 0 0 0 0 0 0 0 0 0 0 0 0 0 0 0 0 0 0 0 0 0 0 0 0 0 0 0 0 0 0 0 0 0 0 0 0 0 0 0 0 0 0 0 0 0 0 0 0 0 0 0 0 0 0 0 1 0 0 0 0 0 0 0 0]
[2579282074424699073895034224982116714984045698091488858059771196293122560312205056551904952198282147236138808619142883271407493166591814237049267784961630302184153886312999208256295750436175046804123903524140767873376827781216532639935229383476515137523320063867413465959254858358879443427807445924978468062828587108271969358926390737 0 0 0 0 0 0 0 0 0 0 0 0 0 0 0 0 0 0 0 0 0 0 0 0 0 0 0 0 0 0 0 0 0 0 0 0 0 0 0 0 0 0 0 0 0 0 0 0 0 0 0 0 0 0 0 0 0 0 0 0 0 0 0 0 0 0 0 0 0 0 0 0 0 0 0 0 0 0 0 0 0 0 0 0 0 0 0 0 0 0 0 0 0 0 0 0 0 0 0 0 0 1 0 0 0 0 0 0 0]
[74286704692944937243563469011280420049392391992572425874910072750471094786442398727543890143357653904288507970169344825715859409079799252388935195601736274742879091971098227553063514779207392342113370035340313194771388231448822216050495678873962961414009954515190776471345710656185275713173429016103076669549943011751156134264360386 0 0 0 0 0 0 0 0 0 0 0 0 0 0 0 0 0 0 0 0 0 0 0 0 0 0 0 0 0 0 0 0 0 0 0 0 0 0 0 0 0 0 0 0 0 0 0 0 0 0 0 0 0 0 0 0 0 0 0 0 0 0 0 0 0 0 0 0 0 0 0 0 0 0 0 0 0 0 0 0 0 0 0 0 0 0 0 0 0 0 0 0 0 0 0 0 0 0 0 0 0 0 1 0 0 0 0 0 0]
[3061878860596634501305223135422066960771367515671448313688497987935813451070672167100300333365306389591666201453291532648672275432527271157921397380564751533897119607454218038973364984849420162353035329328456863023412589850020653795336709458778436538637570845663424517135826891513572395830442911248478995405999027107057332970201057166 0 0 0 0 0 0 0 0 0 0 0 0 0 0 0 0 0 0 0 0 0 0 0 0 0 0 0 0 0 0 0 0 0 0 0 0 0 0 0 0 0 0 0 0 0 0 0 0 0 0 0 0 0 0 0 0 0 0 0 0 0 0 0 0 0 0 0 0 0 0 0 0 0 0 0 0 0 0 0 0 0 0 0 0 0 0 0 0 0 0 0 0 0 0 0 0 0 0 0 0 0 0 0 1 0 0 0 0 0]
[67241809919925266251339027005391245775625921268595917863905897656976965260347145915994254556203263400681308884632523383164000868117975990774462404957615150169137520399712771294230602416184849553265284479335330544622072997900688809011928529940825534060891655288410581678688409044973586956662482605972341954533614808779254191161007843 0 0 0 0 0 0 0 0 0 0 0 0 0 0 0 0 0 0 0 0 0 0 0 0 0 0 0 0 0 0 0 0 0 0 0 0 0 0 0 0 0 0 0 0 0 0 0 0 0 0 0 0 0 0 0 0 0 0 0 0 0 0 0 0 0 0 0 0 0 0 0 0 0 0 0 0 0 0 0 0 0 0 0 0 0 0 0 0 0 0 0 0 0 0 0 0 0 0 0 0 0 0 0 0 1 0 0 0 0]
[1248018196721172402637665298600875770498276336377613869195128219031660636094460925525698523048885821355029826476323889619529020998186121598747939252914162289904146393962865736614475091844929140499711833177143510875911265304011640271465224629417016190217645371748967525051152451694032931398747986835396134512089992787273174084611670823 0 0 0 0 0 0 0 0 0 0 0 0 0 0 0 0 0 0 0 0 0 0 0 0 0 0 0 0 0 0 0 0 0 0 0 0 0 0 0 0 0 0 0 0 0 0 0 0 0 0 0 0 0 0 0 0 0 0 0 0 0 0 0 0 0 0 0 0 0 0 0 0 0 0 0 0 0 0 0 0 0 0 0 0 0 0 0 0 0 0 0 0 0 0 0 0 0 0 0 0 0 0 0 0 0 1 0 0 0]
[4841155986030985327677168714051171917302803254606864725764673800636252783662778085750018336438152379366155715557084305681496806299610377398263488419995299783010602607302112395927829430968643200253395274993391241595628639163699400156888316447840902178682028964711579496105225028404267231028668299496002924701946445597838276662974842229 0 0 0 0 0 0 0 0 0 0 0 0 0 0 0 0 0 0 0 0 0 0 0 0 0 0 0 0 0 0 0 0 0 0 0 0 0 0 0 0 0 0 0 0 0 0 0 0 0 0 0 0 0 0 0 0 0 0 0 0 0 0 0 0 0 0 0 0 0 0 0 0 0 0 0 0 0 0 0 0 0 0 0 0 0 0 0 0 0 0 0 0 0 0 0 0 0 0 0 0 0 0 0 0 0 0 1 0 0]
[4897555658488532845163306749758391908012959839702724954766049863881385972172207432966795069830862275106832244375795659667084914045499695769731419642285695059810748432056334512678849752604536026568172686349279768857855046074193922196149393392916793273220336235702514976554561382071781863329721833514060659933090688909467765580088311061 0 0 0 0 0 0 0 0 0 0 0 0 0 0 0 0 0 0 0 0 0 0 0 0 0 0 0 0 0 0 0 0 0 0 0 0 0 0 0 0 0 0 0 0 0 0 0 0 0 0 0 0 0 0 0 0 0 0 0 0 0 0 0 0 0 0 0 0 0 0 0 0 0 0 0 0 0 0 0 0 0 0 0 0 0 0 0 0 0 0 0 0 0 0 0 0 0 0 0 0 0 0 0 0 0 0 0 1 0]
[5697142612130796076800023030383909187255543735716667330670157840840555706160115460368762853456742585860789038513225703225576052889194753534784161588533738832842725581733608316988096355372182303839571662538081530526696176432577018372365248685110700763748290122721137676907908732062651951319926149200886415147444411389341111360474544606 0 0 0 0 0 0 0 0 0 0 0 0 0 0 0 0 0 0 0 0 0 0 0 0 0 0 0 0 0 0 0 0 0 0 0 0 0 0 0 0 0 0 0 0 0 0 0 0 0 0 0 0 0 0 0 0 0 0 0 0 0 0 0 0 0 0 0 0 0 0 0 0 0 0 0 0 0 0 0 0 0 0 0 0 0 0 0 0 0 0 0 0 0 0 0 0 0 0 0 0 0 0 0 0 0 0 0 0 1]
]
