[[5923135375020291336902007809607731425020144080577461053875779990406721306485972306562853915606845276667506086377241730555355813380770578491598569765451897422673131126241878014472795305909452626737470031601063561029225558204124876238213471291 0 0 0 0 0 0 0 0 0 0 0 0 0 0 0 0 0 0 0 0 0 0 0 0 0 0 0 0 0 0 0 0 0 0 0 0 0 0 0 0 0 0 0 0 0 0 0 0 0 0 0 0 0 0 0 0 0 0 0 0 0 0 0 0 0 0 0 0 0 0 0 0 0 0 0 0 0 0 0]
[616444948741467978317952695541412131828299198986483735483252361626319983992281318292136596564500958322314341435710729084037481437716461843155169161029905578961448642701239033964325873573566940654463175911611985361991680486682659839342652817 1 0 0 0 0 0 0 0 0 0 0 0 0 0 0 0 0 0 0 0 0 0 0 0 0 0 0 0 0 0 0 0 0 0 0 0 0 0 0 0 0 0 0 0 0 0 0 0 0 0 0 0 0 0 0 0 0 0 0 0 0 0 0 0 0 0 0 0 0 0 0 0 0 0 0 0 0 0 0]
[2847536077904196193168258244869305911228809374444499613878152891537305753162191986059639085119962902042883032478842042467542405183052280274427720369059043897750170317046422917884328203923585565487348051808384350913226458001020323824125405020 0 1 0 0 0 0 0 0 0 0 0 0 0 0 0 0 0 0 0 0 0 0 0 0 0 0 0 0 0 0 0 0 0 0 0 0 0 0 0 0 0 0 0 0 0 0 0 0 0 0 0 0 0 0 0 0 0 0 0 0 0 0 0 0 0 0 0 0 0 0 0 0 0 0 0 0 0 0 0]
[901613138997868283618353184589606404099886731919731168289522441586131734577425541526540673568065301154736467929688515755352689585222908057148106107827786188727901404055216643329152761244575862543538577140942044844641760191593186470311600455 0 0 1 0 0 0 0 0 0 0 0 0 0 0 0 0 0 0 0 0 0 0 0 0 0 0 0 0 0 0 0 0 0 0 0 0 0 0 0 0 0 0 0 0 0 0 0 0 0 0 0 0 0 0 0 0 0 0 0 0 0 0 0 0 0 0 0 0 0 0 0 0 0 0 0 0 0 0 0]
[3988267174470456920505599863789841832079982982936335988189391019355954635117345207597691039318624752769999602012408032730630627629946759006682912037615012948526822610279930171357678203684747226419100591851371353300691365773080061659484459079 0 0 0 1 0 0 0 0 0 0 0 0 0 0 0 0 0 0 0 0 0 0 0 0 0 0 0 0 0 0 0 0 0 0 0 0 0 0 0 0 0 0 0 0 0 0 0 0 0 0 0 0 0 0 0 0 0 0 0 0 0 0 0 0 0 0 0 0 0 0 0 0 0 0 0 0 0 0 0]
[3364886044754901670961030102662464763623744640567216721967045380814965273207990929439709340005376765210766224970427497461127985414624035633808167147185470939034514590773201017973027132919888254225967426621571826559885925869945490157484652140 0 0 0 0 1 0 0 0 0 0 0 0 0 0 0 0 0 0 0 0 0 0 0 0 0 0 0 0 0 0 0 0 0 0 0 0 0 0 0 0 0 0 0 0 0 0 0 0 0 0 0 0 0 0 0 0 0 0 0 0 0 0 0 0 0 0 0 0 0 0 0 0 0 0 0 0 0 0 0]
[1187506588010793423955276857287396898722236905549482675537105396036874007863065531918311035289404339405606268612141254843564702615183574394299429688464540198423552223783610652136238731505703473403477492406635958195975634225450315171992702936 0 0 0 0 0 1 0 0 0 0 0 0 0 0 0 0 0 0 0 0 0 0 0 0 0 0 0 0 0 0 0 0 0 0 0 0 0 0 0 0 0 0 0 0 0 0 0 0 0 0 0 0 0 0 0 0 0 0 0 0 0 0 0 0 0 0 0 0 0 0 0 0 0 0 0 0 0 0 0]
[2577320938603564314364413630187229656452995260178032424751845030924443360380960817810751345525612957268446505632802305435876010314550329712042537107465184678777222830598244239741569192735484263811069718205774199733511952738925730516134750898 0 0 0 0 0 0 1 0 0 0 0 0 0 0 0 0 0 0 0 0 0 0 0 0 0 0 0 0 0 0 0 0 0 0 0 0 0 0 0 0 0 0 0 0 0 0 0 0 0 0 0 0 0 0 0 0 0 0 0 0 0 0 0 0 0 0 0 0 0 0 0 0 0 0 0 0 0 0 0]
[2940998869818968156760180660923987137058436202658695231128615462288441670699577656229384834720659899517820875471568592715184293444408466881400302870690836492578306728000142381234013267383521078729187726988858815252657115743736926996136490504 0 0 0 0 0 0 0 1 0 0 0 0 0 0 0 0 0 0 0 0 0 0 0 0 0 0 0 0 0 0 0 0 0 0 0 0 0 0 0 0 0 0 0 0 0 0 0 0 0 0 0 0 0 0 0 0 0 0 0 0 0 0 0 0 0 0 0 0 0 0 0 0 0 0 0 0 0 0 0]
[3800725701285264120144285195647424990138370830896516843781200041439594505156928736872379689375827408088541760668034261853163306017396628561265763377935811098169664650710604781948815347957410700756380830108129453475888988141572274387616547253 0 0 0 0 0 0 0 0 1 0 0 0 0 0 0 0 0 0 0 0 0 0 0 0 0 0 0 0 0 0 0 0 0 0 0 0 0 0 0 0 0 0 0 0 0 0 0 0 0 0 0 0 0 0 0 0 0 0 0 0 0 0 0 0 0 0 0 0 0 0 0 0 0 0 0 0 0 0 0]
[4230401860154566362794766174330073828262396941697124655480875310272089369065024756101332950955615075512198388606486941536177962204685432920522274799440567054077005707815812888490898834712865535960863041050924641485151750940812764263686852546 0 0 0 0 0 0 0 0 0 1 0 0 0 0 0 0 0 0 0 0 0 0 0 0 0 0 0 0 0 0 0 0 0 0 0 0 0 0 0 0 0 0 0 0 0 0 0 0 0 0 0 0 0 0 0 0 0 0 0 0 0 0 0 0 0 0 0 0 0 0 0 0 0 0 0 0 0 0 0]
[2487266856199949485871537489682416635012333037558701028705376728306669321767010700160972600292794607051032008013268886871000844277537836828120195521408740598111937086789728747954923707786530969833929595987979026985859005309655809786062510829 0 0 0 0 0 0 0 0 0 0 1 0 0 0 0 0 0 0 0 0 0 0 0 0 0 0 0 0 0 0 0 0 0 0 0 0 0 0 0 0 0 0 0 0 0 0 0 0 0 0 0 0 0 0 0 0 0 0 0 0 0 0 0 0 0 0 0 0 0 0 0 0 0 0 0 0 0 0 0]
[1892475828882022315332974219978565156993037428828286919114176091929680882896609648974613477800500077108050080457864522470631107860761527186896262746097103524092055292627003625869271571317207856746451910965994382297041760829288588611961599206 0 0 0 0 0 0 0 0 0 0 0 1 0 0 0 0 0 0 0 0 0 0 0 0 0 0 0 0 0 0 0 0 0 0 0 0 0 0 0 0 0 0 0 0 0 0 0 0 0 0 0 0 0 0 0 0 0 0 0 0 0 0 0 0 0 0 0 0 0 0 0 0 0 0 0 0 0 0 0]
[2564338312402607209539814588819393605964496019009756004147222616774477859682461435345877779342622279594427074611814340063444806310966271043276783553170733724919532912739080479434523525850277539707647260037383446123569524885050649449599482747 0 0 0 0 0 0 0 0 0 0 0 0 1 0 0 0 0 0 0 0 0 0 0 0 0 0 0 0 0 0 0 0 0 0 0 0 0 0 0 0 0 0 0 0 0 0 0 0 0 0 0 0 0 0 0 0 0 0 0 0 0 0 0 0 0 0 0 0 0 0 0 0 0 0 0 0 0 0 0]
[5341974754569744200334864129229317957108661504882885742668569023163067543519154440650828007750664579198929516613519206688077385100453292541528539128996017847642181931300993611860621191342502503083518402949348213114240151265032611667478981784 0 0 0 0 0 0 0 0 0 0 0 0 0 1 0 0 0 0 0 0 0 0 0 0 0 0 0 0 0 0 0 0 0 0 0 0 0 0 0 0 0 0 0 0 0 0 0 0 0 0 0 0 0 0 0 0 0 0 0 0 0 0 0 0 0 0 0 0 0 0 0 0 0 0 0 0 0 0 0]
[5684650009506569878146198016299412284534269267865259256327738912013986032067312986665646781984948201320636506730710169357229698877588821036319586535954892835258056493755906841588779627394578924091599113956047384912050954530802513180442456680 0 0 0 0 0 0 0 0 0 0 0 0 0 0 1 0 0 0 0 0 0 0 0 0 0 0 0 0 0 0 0 0 0 0 0 0 0 0 0 0 0 0 0 0 0 0 0 0 0 0 0 0 0 0 0 0 0 0 0 0 0 0 0 0 0 0 0 0 0 0 0 0 0 0 0 0 0 0 0]
[3494211653776830574380362478478073383562304016653033395463390513556699881881995599915661517960032911171613701196632225717898915788847549524075864072349006589003017465435373339180512617947061546905210199007227210504870806308859339883096619166 0 0 0 0 0 0 0 0 0 0 0 0 0 0 0 1 0 0 0 0 0 0 0 0 0 0 0 0 0 0 0 0 0 0 0 0 0 0 0 0 0 0 0 0 0 0 0 0 0 0 0 0 0 0 0 0 0 0 0 0 0 0 0 0 0 0 0 0 0 0 0 0 0 0 0 0 0 0 0]
[1182396171906709259749518007263849449279514895363360779031291368846930808280168339891711310520514838955462543203992856362414666571942626997868103142627237002155534762788455987569551254229345451601812827835999087799552335241706983644304382301 0 0 0 0 0 0 0 0 0 0 0 0 0 0 0 0 1 0 0 0 0 0 0 0 0 0 0 0 0 0 0 0 0 0 0 0 0 0 0 0 0 0 0 0 0 0 0 0 0 0 0 0 0 0 0 0 0 0 0 0 0 0 0 0 0 0 0 0 0 0 0 0 0 0 0 0 0 0 0]
[5868387559896479262881377740364572705646084427498509335935590078598336993219186867355795372391211553801796470062015153831481776968788838649212459436144046645671635240107428224556063713607181395894197411011794926436585894326578475860331636205 0 0 0 0 0 0 0 0 0 0 0 0 0 0 0 0 0 1 0 0 0 0 0 0 0 0 0 0 0 0 0 0 0 0 0 0 0 0 0 0 0 0 0 0 0 0 0 0 0 0 0 0 0 0 0 0 0 0 0 0 0 0 0 0 0 0 0 0 0 0 0 0 0 0 0 0 0 0 0]
[3332356056551519430147891333304257853856286246666841772633228525746241399233854052107401781993449072293721234444328490158578058624896144064847287753507556028755836724707019818196845625149458569458766238369860135364410661429056366083522146539 0 0 0 0 0 0 0 0 0 0 0 0 0 0 0 0 0 0 1 0 0 0 0 0 0 0 0 0 0 0 0 0 0 0 0 0 0 0 0 0 0 0 0 0 0 0 0 0 0 0 0 0 0 0 0 0 0 0 0 0 0 0 0 0 0 0 0 0 0 0 0 0 0 0 0 0 0 0 0]
[5073623933425819040602046932607739433349146773315874473187068006290652115573047448511096324298346751739425384356058642866108100177042395451452472970866151988240409812727818374140991392983425043546018741775489554614138268073076935599171083376 0 0 0 0 0 0 0 0 0 0 0 0 0 0 0 0 0 0 0 1 0 0 0 0 0 0 0 0 0 0 0 0 0 0 0 0 0 0 0 0 0 0 0 0 0 0 0 0 0 0 0 0 0 0 0 0 0 0 0 0 0 0 0 0 0 0 0 0 0 0 0 0 0 0 0 0 0 0 0]
[3739117050376478532898784187177138422226362914569932061097684407316892316167675536199462297313474225819901293399120687484536630858470341214565888864703548036212139595260020879762163309259436386832516194498120252203235280880192626997202558978 0 0 0 0 0 0 0 0 0 0 0 0 0 0 0 0 0 0 0 0 1 0 0 0 0 0 0 0 0 0 0 0 0 0 0 0 0 0 0 0 0 0 0 0 0 0 0 0 0 0 0 0 0 0 0 0 0 0 0 0 0 0 0 0 0 0 0 0 0 0 0 0 0 0 0 0 0 0 0]
[201372386872534762693622036738701651685434866574373783226526838862902086191040453405580508318774192604586295332823371171556916151215392928002894799196359600109942439176336437098132186493073992437297441582253927518042267420077269859408279042 0 0 0 0 0 0 0 0 0 0 0 0 0 0 0 0 0 0 0 0 0 1 0 0 0 0 0 0 0 0 0 0 0 0 0 0 0 0 0 0 0 0 0 0 0 0 0 0 0 0 0 0 0 0 0 0 0 0 0 0 0 0 0 0 0 0 0 0 0 0 0 0 0 0 0 0 0 0 0]
[4590731588975988168851509359481620686609330129846275919540582491838016872830863682557671993011687077381199990756397177984834446335623019508597472621825645160663895550874087701838119282573105875388042968582785086832424597191120364357016667262 0 0 0 0 0 0 0 0 0 0 0 0 0 0 0 0 0 0 0 0 0 0 1 0 0 0 0 0 0 0 0 0 0 0 0 0 0 0 0 0 0 0 0 0 0 0 0 0 0 0 0 0 0 0 0 0 0 0 0 0 0 0 0 0 0 0 0 0 0 0 0 0 0 0 0 0 0 0 0]
[3767699013315597752383602636592804189790264705040763177352224168510158292242633526729216683018565368660253367095584003059367054992451389709897047318428160063356456634014255615219594587507547577640150152084351476625960315184391061306518427675 0 0 0 0 0 0 0 0 0 0 0 0 0 0 0 0 0 0 0 0 0 0 0 1 0 0 0 0 0 0 0 0 0 0 0 0 0 0 0 0 0 0 0 0 0 0 0 0 0 0 0 0 0 0 0 0 0 0 0 0 0 0 0 0 0 0 0 0 0 0 0 0 0 0 0 0 0 0 0]
[2337347151632420748940410870466675372934665984949302647679507084562811671547503686509045190247421756969602506116269235821954586784295663593404615032350423658384488402262889876232651375631720529732581891369865550101814238422716758080496602275 0 0 0 0 0 0 0 0 0 0 0 0 0 0 0 0 0 0 0 0 0 0 0 0 1 0 0 0 0 0 0 0 0 0 0 0 0 0 0 0 0 0 0 0 0 0 0 0 0 0 0 0 0 0 0 0 0 0 0 0 0 0 0 0 0 0 0 0 0 0 0 0 0 0 0 0 0 0 0]
[5659727077579767903711839643207481631082496413258126282026701047708708905105227420668051831776606760182254908350485628292056628524813109213631766679371532292967036660794379113704816682238211134052495111118564602807066076174173640205215976232 0 0 0 0 0 0 0 0 0 0 0 0 0 0 0 0 0 0 0 0 0 0 0 0 0 1 0 0 0 0 0 0 0 0 0 0 0 0 0 0 0 0 0 0 0 0 0 0 0 0 0 0 0 0 0 0 0 0 0 0 0 0 0 0 0 0 0 0 0 0 0 0 0 0 0 0 0 0 0]
[1725022674155917830590619350970721873549794212637018320095647882026035184077831649036392441556295388203187539245909904379148007331608951968099451512697547328319279559466102081855599485490434147881818023905562791627468191485821523522095093156 0 0 0 0 0 0 0 0 0 0 0 0 0 0 0 0 0 0 0 0 0 0 0 0 0 0 1 0 0 0 0 0 0 0 0 0 0 0 0 0 0 0 0 0 0 0 0 0 0 0 0 0 0 0 0 0 0 0 0 0 0 0 0 0 0 0 0 0 0 0 0 0 0 0 0 0 0 0 0]
[5910022682567663639682136012519554470409426975356689728969675557010019800479026886243596371577482073621117072783260956155647755221153100280539755051437425313393703892780953455947310837798428178587232530681054224339901630812125106439289235254 0 0 0 0 0 0 0 0 0 0 0 0 0 0 0 0 0 0 0 0 0 0 0 0 0 0 0 1 0 0 0 0 0 0 0 0 0 0 0 0 0 0 0 0 0 0 0 0 0 0 0 0 0 0 0 0 0 0 0 0 0 0 0 0 0 0 0 0 0 0 0 0 0 0 0 0 0 0 0]
[5184015168290180497043903577509484749144746385001324237474537612324397139179368570549136279062907974828198119689496627685040505410806488161587968812243874462615178259573169179045122217560664144238311641028041397387898971779150877829577302620 0 0 0 0 0 0 0 0 0 0 0 0 0 0 0 0 0 0 0 0 0 0 0 0 0 0 0 0 1 0 0 0 0 0 0 0 0 0 0 0 0 0 0 0 0 0 0 0 0 0 0 0 0 0 0 0 0 0 0 0 0 0 0 0 0 0 0 0 0 0 0 0 0 0 0 0 0 0 0]
[2580620349201280906894615729989462283965352676064266191864339278258146266421925645322383384664334735448694424517467995918761174178923275874452126384117427327148565264982565004238406234920394071897119112025394274837203031731992608023488048869 0 0 0 0 0 0 0 0 0 0 0 0 0 0 0 0 0 0 0 0 0 0 0 0 0 0 0 0 0 1 0 0 0 0 0 0 0 0 0 0 0 0 0 0 0 0 0 0 0 0 0 0 0 0 0 0 0 0 0 0 0 0 0 0 0 0 0 0 0 0 0 0 0 0 0 0 0 0 0]
[3937301260998005635222748973766430094252400979434591178632170194678118375697775586081262124909322925295123930130052688764069952053083713521793343782561102856110186926159562678525846939578278770605590716160140605047411522053254846647860822127 0 0 0 0 0 0 0 0 0 0 0 0 0 0 0 0 0 0 0 0 0 0 0 0 0 0 0 0 0 0 1 0 0 0 0 0 0 0 0 0 0 0 0 0 0 0 0 0 0 0 0 0 0 0 0 0 0 0 0 0 0 0 0 0 0 0 0 0 0 0 0 0 0 0 0 0 0 0 0]
[176544533382995238692446816541434629301840668475340741108489958703132090760579275417251078943581268269268839503851813313544615416890226299909454614061958785691789275982258104923557948841986913428064487578074005432733798552116153540775235935 0 0 0 0 0 0 0 0 0 0 0 0 0 0 0 0 0 0 0 0 0 0 0 0 0 0 0 0 0 0 0 1 0 0 0 0 0 0 0 0 0 0 0 0 0 0 0 0 0 0 0 0 0 0 0 0 0 0 0 0 0 0 0 0 0 0 0 0 0 0 0 0 0 0 0 0 0 0 0]
[4602750729871061417811222794147904902852864945086803953392456690056788855690929822431002998267203493031961029441358823326228819230530476321014108339174728561639240641439490374765908502052457308208665422170600969282575661364815179453255595992 0 0 0 0 0 0 0 0 0 0 0 0 0 0 0 0 0 0 0 0 0 0 0 0 0 0 0 0 0 0 0 0 1 0 0 0 0 0 0 0 0 0 0 0 0 0 0 0 0 0 0 0 0 0 0 0 0 0 0 0 0 0 0 0 0 0 0 0 0 0 0 0 0 0 0 0 0 0 0]
[867891712508289594599935485787404083931924539043908482621567471437652261010678726176113434536028842066999961316888599720936113986501144990368361197684229737979557113023597678125198708896791907737638424824967662600585872804677875093339759613 0 0 0 0 0 0 0 0 0 0 0 0 0 0 0 0 0 0 0 0 0 0 0 0 0 0 0 0 0 0 0 0 0 1 0 0 0 0 0 0 0 0 0 0 0 0 0 0 0 0 0 0 0 0 0 0 0 0 0 0 0 0 0 0 0 0 0 0 0 0 0 0 0 0 0 0 0 0 0]
[5310329375966682218356508171480464117986334610628262909197525645323343819311125181772016810442491572486935055732841376233191928812415717053217421536920851996637498579565875722492452112218194575795057677828038812311239067581569921795896237520 0 0 0 0 0 0 0 0 0 0 0 0 0 0 0 0 0 0 0 0 0 0 0 0 0 0 0 0 0 0 0 0 0 0 1 0 0 0 0 0 0 0 0 0 0 0 0 0 0 0 0 0 0 0 0 0 0 0 0 0 0 0 0 0 0 0 0 0 0 0 0 0 0 0 0 0 0 0 0]
[991013801883643255765719665245059078701716067329595583769272148442030660735657125023840254937958957153926141116274927475304903196287121653420640522434343715253210517928859051685778823375280349122989420072722165814177127718146163177113150243 0 0 0 0 0 0 0 0 0 0 0 0 0 0 0 0 0 0 0 0 0 0 0 0 0 0 0 0 0 0 0 0 0 0 0 1 0 0 0 0 0 0 0 0 0 0 0 0 0 0 0 0 0 0 0 0 0 0 0 0 0 0 0 0 0 0 0 0 0 0 0 0 0 0 0 0 0 0 0]
[2852647225492933252621856908799725573629740630649834432451439791232177638943981610563869805752443845374639180677467665074677203644196362638989772945418318437291274073956957539915470653168995945584701228853418721896358337258258075121569647919 0 0 0 0 0 0 0 0 0 0 0 0 0 0 0 0 0 0 0 0 0 0 0 0 0 0 0 0 0 0 0 0 0 0 0 0 1 0 0 0 0 0 0 0 0 0 0 0 0 0 0 0 0 0 0 0 0 0 0 0 0 0 0 0 0 0 0 0 0 0 0 0 0 0 0 0 0 0 0]
[2867107204827444808118578458369860888213606253390440676247384064010135094278503583271351047770162815979245407659938771142437973784720959858892684680313938948889719043918746517689594170618461833231975702105609045698378404607337205222837241860 0 0 0 0 0 0 0 0 0 0 0 0 0 0 0 0 0 0 0 0 0 0 0 0 0 0 0 0 0 0 0 0 0 0 0 0 0 1 0 0 0 0 0 0 0 0 0 0 0 0 0 0 0 0 0 0 0 0 0 0 0 0 0 0 0 0 0 0 0 0 0 0 0 0 0 0 0 0 0]
[2101201220426177037458056803429158708370315341519149459984851468350908123542214638080774854427848563875217350437459062081240625651293349922572766150668418075842207294554124106353371203890085292385670308877715590491115473464331394236376925042 0 0 0 0 0 0 0 0 0 0 0 0 0 0 0 0 0 0 0 0 0 0 0 0 0 0 0 0 0 0 0 0 0 0 0 0 0 0 1 0 0 0 0 0 0 0 0 0 0 0 0 0 0 0 0 0 0 0 0 0 0 0 0 0 0 0 0 0 0 0 0 0 0 0 0 0 0 0 0]
[4986287900594781377624434015958872114132075585483164180238492669351092502012326904614513050847925804201458212035561569926309962433703827877602455645477741677278724527990876179517984447829323157080721269991433310318730191427282410061364536642 0 0 0 0 0 0 0 0 0 0 0 0 0 0 0 0 0 0 0 0 0 0 0 0 0 0 0 0 0 0 0 0 0 0 0 0 0 0 0 1 0 0 0 0 0 0 0 0 0 0 0 0 0 0 0 0 0 0 0 0 0 0 0 0 0 0 0 0 0 0 0 0 0 0 0 0 0 0 0]
[3789880736243929473777519258146997566576257668926832649516347448029986444110343129772094422206463066369778720622593930248897449773380525370652576497583413331679600140436179605452712128953801820695655993695666554131054467585171677355285445343 0 0 0 0 0 0 0 0 0 0 0 0 0 0 0 0 0 0 0 0 0 0 0 0 0 0 0 0 0 0 0 0 0 0 0 0 0 0 0 0 1 0 0 0 0 0 0 0 0 0 0 0 0 0 0 0 0 0 0 0 0 0 0 0 0 0 0 0 0 0 0 0 0 0 0 0 0 0 0]
[3402081576748537585867524287988331443703185651589755284326643127072307291006710508958910041824895860771878794412318882554226979957703079808739392682749391736659034008623089453538946377763950786748999378158234337928583791390822870103173387407 0 0 0 0 0 0 0 0 0 0 0 0 0 0 0 0 0 0 0 0 0 0 0 0 0 0 0 0 0 0 0 0 0 0 0 0 0 0 0 0 0 1 0 0 0 0 0 0 0 0 0 0 0 0 0 0 0 0 0 0 0 0 0 0 0 0 0 0 0 0 0 0 0 0 0 0 0 0 0]
[4449125372468191973729504994308973398135428122480497907932959691161550441078952501445574589407512852025906424626225605405395902203298479928374885381752205799388556190500543647527749503497578631267616128447737676490951600203759386102315860939 0 0 0 0 0 0 0 0 0 0 0 0 0 0 0 0 0 0 0 0 0 0 0 0 0 0 0 0 0 0 0 0 0 0 0 0 0 0 0 0 0 0 1 0 0 0 0 0 0 0 0 0 0 0 0 0 0 0 0 0 0 0 0 0 0 0 0 0 0 0 0 0 0 0 0 0 0 0 0]
[891401159198864385557464683089803599462927628812801373142544204472992718459100775597889249450199919782118916892801205671552581309684693463809628636416464662675306354944320182415759770327477890343941248212829681603416940094815803722935837374 0 0 0 0 0 0 0 0 0 0 0 0 0 0 0 0 0 0 0 0 0 0 0 0 0 0 0 0 0 0 0 0 0 0 0 0 0 0 0 0 0 0 0 1 0 0 0 0 0 0 0 0 0 0 0 0 0 0 0 0 0 0 0 0 0 0 0 0 0 0 0 0 0 0 0 0 0 0 0]
[568244217889328665162833154607715757584688546576773076114779470547532504289764009502660912109352248470842868391234200976935761882893117074010583889864231616292964805325740578790414575398531048143916899392313722377159571877933947571658310021 0 0 0 0 0 0 0 0 0 0 0 0 0 0 0 0 0 0 0 0 0 0 0 0 0 0 0 0 0 0 0 0 0 0 0 0 0 0 0 0 0 0 0 0 1 0 0 0 0 0 0 0 0 0 0 0 0 0 0 0 0 0 0 0 0 0 0 0 0 0 0 0 0 0 0 0 0 0 0]
[354058978551943217812629902855739078539110076528675620721351145308181945401589676908455198480706101276810408591976299189374501439947309472386142960584308822761569556351299112188074203276070114932452485145922913948137303644814357144839624486 0 0 0 0 0 0 0 0 0 0 0 0 0 0 0 0 0 0 0 0 0 0 0 0 0 0 0 0 0 0 0 0 0 0 0 0 0 0 0 0 0 0 0 0 0 1 0 0 0 0 0 0 0 0 0 0 0 0 0 0 0 0 0 0 0 0 0 0 0 0 0 0 0 0 0 0 0 0 0]
[2997704743823772086444256654782442637184796326300028616956807015625756653006062813419927178505898659867698524397425728278819856813302555241318640698956339087417581788719787121525584112915343272791712344751792088246840708217116041696281364719 0 0 0 0 0 0 0 0 0 0 0 0 0 0 0 0 0 0 0 0 0 0 0 0 0 0 0 0 0 0 0 0 0 0 0 0 0 0 0 0 0 0 0 0 0 0 1 0 0 0 0 0 0 0 0 0 0 0 0 0 0 0 0 0 0 0 0 0 0 0 0 0 0 0 0 0 0 0 0]
[3263828995369092315026756495352288796096274153853394288538647365319224221268991837218539222305798603088273996045089980162492990290727471690794627835146259110516630121726177760633137177421214564599815847624771997747607868497149776609195574973 0 0 0 0 0 0 0 0 0 0 0 0 0 0 0 0 0 0 0 0 0 0 0 0 0 0 0 0 0 0 0 0 0 0 0 0 0 0 0 0 0 0 0 0 0 0 0 1 0 0 0 0 0 0 0 0 0 0 0 0 0 0 0 0 0 0 0 0 0 0 0 0 0 0 0 0 0 0 0]
[923100040984825800590957708963205269467894203172205022134468494159256584994352226333682139892172340968613481215124924755847704187905479441139914237235635305564699030822007131784920258071346149654111428197927936332530287717136198165891376052 0 0 0 0 0 0 0 0 0 0 0 0 0 0 0 0 0 0 0 0 0 0 0 0 0 0 0 0 0 0 0 0 0 0 0 0 0 0 0 0 0 0 0 0 0 0 0 0 1 0 0 0 0 0 0 0 0 0 0 0 0 0 0 0 0 0 0 0 0 0 0 0 0 0 0 0 0 0 0]
[4920048726693590473654276344259702374261907718301368368898031776608641350182031887505652385341195787618334655582573426308613678567658129675740636565837790060553755933550579080367671817494146383435847477306051588238692852403319453270111070874 0 0 0 0 0 0 0 0 0 0 0 0 0 0 0 0 0 0 0 0 0 0 0 0 0 0 0 0 0 0 0 0 0 0 0 0 0 0 0 0 0 0 0 0 0 0 0 0 0 1 0 0 0 0 0 0 0 0 0 0 0 0 0 0 0 0 0 0 0 0 0 0 0 0 0 0 0 0 0]
[3617943728723588633150019688257213043523349002337333270458712612173258004386811260609949519446914151800284956717096651776130183507557879091865102020248228260747622841185986007426224378635877978164803368507239884319059178900828728484819745229 0 0 0 0 0 0 0 0 0 0 0 0 0 0 0 0 0 0 0 0 0 0 0 0 0 0 0 0 0 0 0 0 0 0 0 0 0 0 0 0 0 0 0 0 0 0 0 0 0 0 1 0 0 0 0 0 0 0 0 0 0 0 0 0 0 0 0 0 0 0 0 0 0 0 0 0 0 0 0]
[3871767500378316708124487791589028546221943736757972314300080790616517986967134592461122399424898830633811155451668310644832802037198451169756852866973414111507873099682058370777038927980558210419769942106165742693852653542316451741947347522 0 0 0 0 0 0 0 0 0 0 0 0 0 0 0 0 0 0 0 0 0 0 0 0 0 0 0 0 0 0 0 0 0 0 0 0 0 0 0 0 0 0 0 0 0 0 0 0 0 0 0 1 0 0 0 0 0 0 0 0 0 0 0 0 0 0 0 0 0 0 0 0 0 0 0 0 0 0 0]
[410704786982482423626906101038933579966712837180745874111983785913046158789255398349134816570488559336365418990120381324537351261927489457869402568779663042996036702569207183127542793856237508729205613659791656774118429319048362617646867504 0 0 0 0 0 0 0 0 0 0 0 0 0 0 0 0 0 0 0 0 0 0 0 0 0 0 0 0 0 0 0 0 0 0 0 0 0 0 0 0 0 0 0 0 0 0 0 0 0 0 0 0 1 0 0 0 0 0 0 0 0 0 0 0 0 0 0 0 0 0 0 0 0 0 0 0 0 0 0]
[2332358374782417062980430526255755423609920041036091659626619444288434373893498294328905320687670044976689317260900011745951216688511538771462852893936597810251585796148773160686608730708290389253079256349588961401020304083123430958161308227 0 0 0 0 0 0 0 0 0 0 0 0 0 0 0 0 0 0 0 0 0 0 0 0 0 0 0 0 0 0 0 0 0 0 0 0 0 0 0 0 0 0 0 0 0 0 0 0 0 0 0 0 0 1 0 0 0 0 0 0 0 0 0 0 0 0 0 0 0 0 0 0 0 0 0 0 0 0 0]
[242121433179385917841554421472604026606345200686470097006398273790696346473412609181832145174644105487367476207493062325401763416614728641918995930498830499547757216650074349351746031167688040489488861768242780940670671979097241931474654051 0 0 0 0 0 0 0 0 0 0 0 0 0 0 0 0 0 0 0 0 0 0 0 0 0 0 0 0 0 0 0 0 0 0 0 0 0 0 0 0 0 0 0 0 0 0 0 0 0 0 0 0 0 0 1 0 0 0 0 0 0 0 0 0 0 0 0 0 0 0 0 0 0 0 0 0 0 0 0]
[2993800265932202464947730023423491874508942377436760681126304541752881482463919850425561744686835810091781749817288310429609499599947369369133388490754545497379542638604531901149564852372135976072971291356150780423833125719960209931465303901 0 0 0 0 0 0 0 0 0 0 0 0 0 0 0 0 0 0 0 0 0 0 0 0 0 0 0 0 0 0 0 0 0 0 0 0 0 0 0 0 0 0 0 0 0 0 0 0 0 0 0 0 0 0 0 1 0 0 0 0 0 0 0 0 0 0 0 0 0 0 0 0 0 0 0 0 0 0 0]
[1840669213892778569374060529575505476930418908660935507232533658102134028477957315501062379398501509845523433925818622952461683988981704846015844250321464761505750152367792396529903361384522021768071648045432612033707171352809530110039441564 0 0 0 0 0 0 0 0 0 0 0 0 0 0 0 0 0 0 0 0 0 0 0 0 0 0 0 0 0 0 0 0 0 0 0 0 0 0 0 0 0 0 0 0 0 0 0 0 0 0 0 0 0 0 0 0 1 0 0 0 0 0 0 0 0 0 0 0 0 0 0 0 0 0 0 0 0 0 0]
[3381028936922082645747616839543765468501581128055361746424788761190324288046105542861681257787249234425632251659347280916353152776420239860224140193138037758011488311490212321522470707847392363328385739700659775331023056169386177250753046795 0 0 0 0 0 0 0 0 0 0 0 0 0 0 0 0 0 0 0 0 0 0 0 0 0 0 0 0 0 0 0 0 0 0 0 0 0 0 0 0 0 0 0 0 0 0 0 0 0 0 0 0 0 0 0 0 0 1 0 0 0 0 0 0 0 0 0 0 0 0 0 0 0 0 0 0 0 0 0]
[2370830934474106598945614863077293413207103354753924531635156616829955119680357748097750811640054602745049018831447376082580186704346276149518601473920772406552544713222225435759812657602388707057565187409270887959094226296180890545136111940 0 0 0 0 0 0 0 0 0 0 0 0 0 0 0 0 0 0 0 0 0 0 0 0 0 0 0 0 0 0 0 0 0 0 0 0 0 0 0 0 0 0 0 0 0 0 0 0 0 0 0 0 0 0 0 0 0 0 1 0 0 0 0 0 0 0 0 0 0 0 0 0 0 0 0 0 0 0 0]
[1787626145737819179729181045458866278221988214103902109174665722125143653522116839120093482053555107402326810525646580033769149235508398247129237897046260243909997506894663450447534885656975672085286404581709839469359246651623212311349859557 0 0 0 0 0 0 0 0 0 0 0 0 0 0 0 0 0 0 0 0 0 0 0 0 0 0 0 0 0 0 0 0 0 0 0 0 0 0 0 0 0 0 0 0 0 0 0 0 0 0 0 0 0 0 0 0 0 0 0 1 0 0 0 0 0 0 0 0 0 0 0 0 0 0 0 0 0 0 0]
[2114977660678531721726208913510755987611766660959293026929312602669733925063184662892608079506890441327844396163188815320623828599440230305512851810831390127811516934311678368422342469231806619613895551136985949837290548292069715394518464791 0 0 0 0 0 0 0 0 0 0 0 0 0 0 0 0 0 0 0 0 0 0 0 0 0 0 0 0 0 0 0 0 0 0 0 0 0 0 0 0 0 0 0 0 0 0 0 0 0 0 0 0 0 0 0 0 0 0 0 0 1 0 0 0 0 0 0 0 0 0 0 0 0 0 0 0 0 0 0]
[5324998317975387463447508263316713969238536954434708109954521848975123067742101863294407652096253876623722984570418683720613309022656190294736022669924449228417773909728400400607350079547496061284809961887139679973037723507439933345240683940 0 0 0 0 0 0 0 0 0 0 0 0 0 0 0 0 0 0 0 0 0 0 0 0 0 0 0 0 0 0 0 0 0 0 0 0 0 0 0 0 0 0 0 0 0 0 0 0 0 0 0 0 0 0 0 0 0 0 0 0 0 1 0 0 0 0 0 0 0 0 0 0 0 0 0 0 0 0 0]
[945215364853573932907935170653740901690201077483115221167141033601597807760841632036122567414796560825422481571560594850890526311047471769129972555177296100149669883429196186633176600779786537531760188126832725495964877404897843156864418775 0 0 0 0 0 0 0 0 0 0 0 0 0 0 0 0 0 0 0 0 0 0 0 0 0 0 0 0 0 0 0 0 0 0 0 0 0 0 0 0 0 0 0 0 0 0 0 0 0 0 0 0 0 0 0 0 0 0 0 0 0 0 1 0 0 0 0 0 0 0 0 0 0 0 0 0 0 0 0]
[1363987436089545777674762134363474852766563575377049934585292557217175900606091162196167876131497311217848681761034192823813238865969762152973513409786617814257116924913747517557367244016161063534154083382518135522217170028593974422148030703 0 0 0 0 0 0 0 0 0 0 0 0 0 0 0 0 0 0 0 0 0 0 0 0 0 0 0 0 0 0 0 0 0 0 0 0 0 0 0 0 0 0 0 0 0 0 0 0 0 0 0 0 0 0 0 0 0 0 0 0 0 0 0 1 0 0 0 0 0 0 0 0 0 0 0 0 0 0 0]
[3295492658798772206899471220441925948976945214158309350619331747339089403584350431249923435400845524139759861842334502834713765736278316541353392533824853082519636420249421820750012703870138095501037256278085826197095939577816518194981340284 0 0 0 0 0 0 0 0 0 0 0 0 0 0 0 0 0 0 0 0 0 0 0 0 0 0 0 0 0 0 0 0 0 0 0 0 0 0 0 0 0 0 0 0 0 0 0 0 0 0 0 0 0 0 0 0 0 0 0 0 0 0 0 0 1 0 0 0 0 0 0 0 0 0 0 0 0 0 0]
[3355318071413286261141033523132426810568728041184755313258752354078115862640917035382140080139942973796266953614247248334028943812131950679932203794570450377401087957358315280860951113630684592132715253209609797375276610442349946951239933700 0 0 0 0 0 0 0 0 0 0 0 0 0 0 0 0 0 0 0 0 0 0 0 0 0 0 0 0 0 0 0 0 0 0 0 0 0 0 0 0 0 0 0 0 0 0 0 0 0 0 0 0 0 0 0 0 0 0 0 0 0 0 0 0 0 1 0 0 0 0 0 0 0 0 0 0 0 0 0]
[4445368081071769932005843619564775639497163807016998647859315907726021886466712742415974277631451146214415923075679193372471744396795159672125157614986402598694100960057222598835583974275235453919866687638594740480957468663160572832558736261 0 0 0 0 0 0 0 0 0 0 0 0 0 0 0 0 0 0 0 0 0 0 0 0 0 0 0 0 0 0 0 0 0 0 0 0 0 0 0 0 0 0 0 0 0 0 0 0 0 0 0 0 0 0 0 0 0 0 0 0 0 0 0 0 0 0 1 0 0 0 0 0 0 0 0 0 0 0 0]
[4003537600213974451374691893187194360633383207770595346672943068920588081986604622898821464111347475602009170871474637525909795663496679086861540254953468442211578220894996665616251134158779269096430303751157543933303530528689445107841977468 0 0 0 0 0 0 0 0 0 0 0 0 0 0 0 0 0 0 0 0 0 0 0 0 0 0 0 0 0 0 0 0 0 0 0 0 0 0 0 0 0 0 0 0 0 0 0 0 0 0 0 0 0 0 0 0 0 0 0 0 0 0 0 0 0 0 0 1 0 0 0 0 0 0 0 0 0 0 0]
[1386945608131381581521287415556335084223896387555140016204132654141572938653817948604156819627730110729956673493905794227720159006020590599487102675523967210668418217857320692564792496853293686246865619671904908239985871630054369221108240559 0 0 0 0 0 0 0 0 0 0 0 0 0 0 0 0 0 0 0 0 0 0 0 0 0 0 0 0 0 0 0 0 0 0 0 0 0 0 0 0 0 0 0 0 0 0 0 0 0 0 0 0 0 0 0 0 0 0 0 0 0 0 0 0 0 0 0 0 1 0 0 0 0 0 0 0 0 0 0]
[1398479514313094149929611195466767176438157701229136626914628988626041068755149542107927187787355130264491225633925744142616153101607138376851210896882981201363026412249855618550379903049734312280044388182884888789869931154618824335578395978 0 0 0 0 0 0 0 0 0 0 0 0 0 0 0 0 0 0 0 0 0 0 0 0 0 0 0 0 0 0 0 0 0 0 0 0 0 0 0 0 0 0 0 0 0 0 0 0 0 0 0 0 0 0 0 0 0 0 0 0 0 0 0 0 0 0 0 0 0 1 0 0 0 0 0 0 0 0 0]
[4462823105916227118953133003424657366153520898867136997638380633542916246245307400776820191219876020905912182281737735703800741271964087727382323946130108399738029923379443411590722467601573721117638729495825104629316733840048573284507723692 0 0 0 0 0 0 0 0 0 0 0 0 0 0 0 0 0 0 0 0 0 0 0 0 0 0 0 0 0 0 0 0 0 0 0 0 0 0 0 0 0 0 0 0 0 0 0 0 0 0 0 0 0 0 0 0 0 0 0 0 0 0 0 0 0 0 0 0 0 0 1 0 0 0 0 0 0 0 0]
[595538892978003863944278927274277318125460215153252712810920431231232644899242986703432936465327300333216750139675194367760873622735241976548365096937581276052844935356522861671803277970865202016184255169588005501206193110258567766026933879 0 0 0 0 0 0 0 0 0 0 0 0 0 0 0 0 0 0 0 0 0 0 0 0 0 0 0 0 0 0 0 0 0 0 0 0 0 0 0 0 0 0 0 0 0 0 0 0 0 0 0 0 0 0 0 0 0 0 0 0 0 0 0 0 0 0 0 0 0 0 0 1 0 0 0 0 0 0 0]
[265734903082335339617857887393508419119969493252276196754371897297019907810585521194148046816411362379643078985409143294007197998512633987754243567404803458696341891948931688054049472477282990884926702495158291804941114126565473915451817778 0 0 0 0 0 0 0 0 0 0 0 0 0 0 0 0 0 0 0 0 0 0 0 0 0 0 0 0 0 0 0 0 0 0 0 0 0 0 0 0 0 0 0 0 0 0 0 0 0 0 0 0 0 0 0 0 0 0 0 0 0 0 0 0 0 0 0 0 0 0 0 0 1 0 0 0 0 0 0]
[5641799718353232645042535928670602928283513537829198803041855075414887072863717250438206171066812266405695179593211719654919551333094740145553577988352996605677763813584429824312108685816322432953699857252032461547367742182102438700516564439 0 0 0 0 0 0 0 0 0 0 0 0 0 0 0 0 0 0 0 0 0 0 0 0 0 0 0 0 0 0 0 0 0 0 0 0 0 0 0 0 0 0 0 0 0 0 0 0 0 0 0 0 0 0 0 0 0 0 0 0 0 0 0 0 0 0 0 0 0 0 0 0 0 1 0 0 0 0 0]
[1178375356449907865532736269407293355320192924015281257124958035307114453841090697356626506059661114854090802798481974418520347218158307605775418829780545156322666978618271730301938128228658030601572530161820851689953144592249972425946454854 0 0 0 0 0 0 0 0 0 0 0 0 0 0 0 0 0 0 0 0 0 0 0 0 0 0 0 0 0 0 0 0 0 0 0 0 0 0 0 0 0 0 0 0 0 0 0 0 0 0 0 0 0 0 0 0 0 0 0 0 0 0 0 0 0 0 0 0 0 0 0 0 0 0 1 0 0 0 0]
[1065631508799553003057615393081798512392275736436110991383100194455599208308742923780301343435705695943151261537993909688072331723145804608287023426488834132210178889763804985192107287087806092265277194939399869900313221857575941870483487868 0 0 0 0 0 0 0 0 0 0 0 0 0 0 0 0 0 0 0 0 0 0 0 0 0 0 0 0 0 0 0 0 0 0 0 0 0 0 0 0 0 0 0 0 0 0 0 0 0 0 0 0 0 0 0 0 0 0 0 0 0 0 0 0 0 0 0 0 0 0 0 0 0 0 0 1 0 0 0]
[4249809387593367030007410523149278188173598432819981847183279871170209474699323504447939304814045359785286466580585839980355824300508318172311387960209179421002846262642074528290590109457823829450146253156471289259413197753671499150587373395 0 0 0 0 0 0 0 0 0 0 0 0 0 0 0 0 0 0 0 0 0 0 0 0 0 0 0 0 0 0 0 0 0 0 0 0 0 0 0 0 0 0 0 0 0 0 0 0 0 0 0 0 0 0 0 0 0 0 0 0 0 0 0 0 0 0 0 0 0 0 0 0 0 0 0 0 1 0 0]
[5707768749248942982337578133095471195557163054291335665179157499514477382641057514400680716647603360229731573006903948437575753279686357501141871705110790505302004599183715244738924520538678616466663776398287879540560331845551781075864804946 0 0 0 0 0 0 0 0 0 0 0 0 0 0 0 0 0 0 0 0 0 0 0 0 0 0 0 0 0 0 0 0 0 0 0 0 0 0 0 0 0 0 0 0 0 0 0 0 0 0 0 0 0 0 0 0 0 0 0 0 0 0 0 0 0 0 0 0 0 0 0 0 0 0 0 0 0 1 0]
[2245261455224201151216480203501663818977103718385383682895406584508403367522008319362802683722732033741550049786268477492939465030682160792463564842448973776766824431878230730108500306527161559215899289630574264153431424854898195484823535819 0 0 0 0 0 0 0 0 0 0 0 0 0 0 0 0 0 0 0 0 0 0 0 0 0 0 0 0 0 0 0 0 0 0 0 0 0 0 0 0 0 0 0 0 0 0 0 0 0 0 0 0 0 0 0 0 0 0 0 0 0 0 0 0 0 0 0 0 0 0 0 0 0 0 0 0 0 0 1]
]
