[[7933561813234957726337125161402257598912751688719961092502692403681718577772468878711374538010864754953386505635053313168948758692219894922872980340741244491881810160600065944850790079392721869418365844879737142014351706372907724708173310635403955875386912160031257832959924458359341693160981293371787418067384194481 0 0 0 0 0 0 0 0 0 0 0 0 0 0 0 0 0 0 0 0 0 0 0 0 0 0 0 0 0 0 0 0 0 0 0 0 0 0 0 0 0 0 0 0 0 0 0 0 0 0 0 0 0 0 0 0 0 0 0 0 0 0 0 0 0 0 0 0 0 0 0 0 0 0 0 0 0 0 0 0 0 0 0 0 0 0 0 0 0 0 0 0 0 0 0 0 0 0 0 0 0 0 0 0]
[7781963190620775174393899879478464595448226411772320567046795655993387029049074500018849940356264909661772579561033933241440876272075096312321485517015974451483552624523268038277212558433092817769629690789554589533820524820692150039971570130801744213661755745754440095342747043337735838036291870482271616585049619141 1 0 0 0 0 0 0 0 0 0 0 0 0 0 0 0 0 0 0 0 0 0 0 0 0 0 0 0 0 0 0 0 0 0 0 0 0 0 0 0 0 0 0 0 0 0 0 0 0 0 0 0 0 0 0 0 0 0 0 0 0 0 0 0 0 0 0 0 0 0 0 0 0 0 0 0 0 0 0 0 0 0 0 0 0 0 0 0 0 0 0 0 0 0 0 0 0 0 0 0 0 0 0 0]
[7339031827812378467186162364760293789843183692311454388295388874224529834950652525195752390860632741218706569144893623546699930988314852711776329456937916587800087535807316867001798403835245364711809546304230845942336566183250060165141042696887293110511243335287057827704461235762908086469964326813892844503399678524 0 1 0 0 0 0 0 0 0 0 0 0 0 0 0 0 0 0 0 0 0 0 0 0 0 0 0 0 0 0 0 0 0 0 0 0 0 0 0 0 0 0 0 0 0 0 0 0 0 0 0 0 0 0 0 0 0 0 0 0 0 0 0 0 0 0 0 0 0 0 0 0 0 0 0 0 0 0 0 0 0 0 0 0 0 0 0 0 0 0 0 0 0 0 0 0 0 0 0 0 0 0 0 0]
[622239371659642702043926570304786691854661162939948356832830663839025052910175254630252842434015928493028597016347958411383169585208627853888363660007196358349433423482400909923473854624333867672475803033075780499193596485395607148777687254736989309000798523118375094638938072137899865961959157748955749332434195646 0 0 1 0 0 0 0 0 0 0 0 0 0 0 0 0 0 0 0 0 0 0 0 0 0 0 0 0 0 0 0 0 0 0 0 0 0 0 0 0 0 0 0 0 0 0 0 0 0 0 0 0 0 0 0 0 0 0 0 0 0 0 0 0 0 0 0 0 0 0 0 0 0 0 0 0 0 0 0 0 0 0 0 0 0 0 0 0 0 0 0 0 0 0 0 0 0 0 0 0 0 0 0 0]
[6507609563189812298982373335773855557108716073055148726346259969628984722090617903456646844713149765006371218804141205102070368408372778693896674381603705909074384416012172013356580465730764838332776268857919403800273470631309602140995495982441866590320816375577317194822593287237309332631574635436251776248588869847 0 0 0 1 0 0 0 0 0 0 0 0 0 0 0 0 0 0 0 0 0 0 0 0 0 0 0 0 0 0 0 0 0 0 0 0 0 0 0 0 0 0 0 0 0 0 0 0 0 0 0 0 0 0 0 0 0 0 0 0 0 0 0 0 0 0 0 0 0 0 0 0 0 0 0 0 0 0 0 0 0 0 0 0 0 0 0 0 0 0 0 0 0 0 0 0 0 0 0 0 0 0 0 0]
[789290934574663097003748324750819312640489416435069563243450812214321478525847178918512550582405695375535646665706623912226317025720866958514346006348596028669250713821690504063394944808453949471705268147199960640499824548632679254051054482883474648632962687602427606002556886213622916284966414527128078122523589688 0 0 0 0 1 0 0 0 0 0 0 0 0 0 0 0 0 0 0 0 0 0 0 0 0 0 0 0 0 0 0 0 0 0 0 0 0 0 0 0 0 0 0 0 0 0 0 0 0 0 0 0 0 0 0 0 0 0 0 0 0 0 0 0 0 0 0 0 0 0 0 0 0 0 0 0 0 0 0 0 0 0 0 0 0 0 0 0 0 0 0 0 0 0 0 0 0 0 0 0 0 0 0 0]
[1696616164050905955111178951745693640845487878296790734470109598066521784721556004605866119325658912089510609834241980314406535130727118445227736318140650348869569204468903281602289163179344320711169038260532523535247295587911148407919510950260612522282397996987552667348916486947454219269030120020573282947168748255 0 0 0 0 0 1 0 0 0 0 0 0 0 0 0 0 0 0 0 0 0 0 0 0 0 0 0 0 0 0 0 0 0 0 0 0 0 0 0 0 0 0 0 0 0 0 0 0 0 0 0 0 0 0 0 0 0 0 0 0 0 0 0 0 0 0 0 0 0 0 0 0 0 0 0 0 0 0 0 0 0 0 0 0 0 0 0 0 0 0 0 0 0 0 0 0 0 0 0 0 0 0 0 0]
[3893484886946152885358975480503203330723190250931185320477140832043783540231089550554829499376568727859016397196405060642050284090813018815188033330832762125170259565520369787130002987810587187321248863295053715471822775852273041311244496733500942867992847922228129979135516606100040669662193194145989431032256910341 0 0 0 0 0 0 1 0 0 0 0 0 0 0 0 0 0 0 0 0 0 0 0 0 0 0 0 0 0 0 0 0 0 0 0 0 0 0 0 0 0 0 0 0 0 0 0 0 0 0 0 0 0 0 0 0 0 0 0 0 0 0 0 0 0 0 0 0 0 0 0 0 0 0 0 0 0 0 0 0 0 0 0 0 0 0 0 0 0 0 0 0 0 0 0 0 0 0 0 0 0 0 0 0]
[5963917334081386551029631638673522555197396543187415617707785972631715247190014842799925431219638525982965594611180648438759640221263554602780458060444699839916557037609831332054532343886713545555369965781675392937333753806158458933814551777521587376731544194788916553088277614947114056272964169005408313185409101243 0 0 0 0 0 0 0 1 0 0 0 0 0 0 0 0 0 0 0 0 0 0 0 0 0 0 0 0 0 0 0 0 0 0 0 0 0 0 0 0 0 0 0 0 0 0 0 0 0 0 0 0 0 0 0 0 0 0 0 0 0 0 0 0 0 0 0 0 0 0 0 0 0 0 0 0 0 0 0 0 0 0 0 0 0 0 0 0 0 0 0 0 0 0 0 0 0 0 0 0 0 0 0 0]
[3567279239264428033734572467561628134177147135351950055890658711902305781780276805888590340538387942230606807612698449007732488401324523277595901403501970474868638650390117149362953222664465223877900058192380372124712801199051676765792903509396917663690324944536191021909450862601897853261817466414007925128529147794 0 0 0 0 0 0 0 0 1 0 0 0 0 0 0 0 0 0 0 0 0 0 0 0 0 0 0 0 0 0 0 0 0 0 0 0 0 0 0 0 0 0 0 0 0 0 0 0 0 0 0 0 0 0 0 0 0 0 0 0 0 0 0 0 0 0 0 0 0 0 0 0 0 0 0 0 0 0 0 0 0 0 0 0 0 0 0 0 0 0 0 0 0 0 0 0 0 0 0 0 0 0 0 0]
[7170310564933086991559335138574015125507107940693658910644381441638993409247626408355413771533856879212421480335930614737994539598484211464151159129752367864866037117505005047182764867250693655503858027791622310003320297822272223451291982892713913043428108127607524553984739442877807984393430500794342106036896498346 0 0 0 0 0 0 0 0 0 1 0 0 0 0 0 0 0 0 0 0 0 0 0 0 0 0 0 0 0 0 0 0 0 0 0 0 0 0 0 0 0 0 0 0 0 0 0 0 0 0 0 0 0 0 0 0 0 0 0 0 0 0 0 0 0 0 0 0 0 0 0 0 0 0 0 0 0 0 0 0 0 0 0 0 0 0 0 0 0 0 0 0 0 0 0 0 0 0 0 0 0 0 0 0]
[7110232900995975912271708696479496400857478181960655847165095328503955999653732336562139805269185300647087974532317451892441433861838518173582980979403198750885720196169224076629434896262912932077034691259593454738283720655545017602712340256988960297332494363382977476222625064203282223083049338429305580192716531620 0 0 0 0 0 0 0 0 0 0 1 0 0 0 0 0 0 0 0 0 0 0 0 0 0 0 0 0 0 0 0 0 0 0 0 0 0 0 0 0 0 0 0 0 0 0 0 0 0 0 0 0 0 0 0 0 0 0 0 0 0 0 0 0 0 0 0 0 0 0 0 0 0 0 0 0 0 0 0 0 0 0 0 0 0 0 0 0 0 0 0 0 0 0 0 0 0 0 0 0 0 0 0 0]
[6245401104174823788269141535104789902851505040592963546507224115337945915329424867700884134725015638763690920194109557817972846229818328194571070479325429658934707459456140043047699415992175495283471419454037132967557412890303840620223175565623184221812361673212253708331409960358647725785467197009667693243664953281 0 0 0 0 0 0 0 0 0 0 0 1 0 0 0 0 0 0 0 0 0 0 0 0 0 0 0 0 0 0 0 0 0 0 0 0 0 0 0 0 0 0 0 0 0 0 0 0 0 0 0 0 0 0 0 0 0 0 0 0 0 0 0 0 0 0 0 0 0 0 0 0 0 0 0 0 0 0 0 0 0 0 0 0 0 0 0 0 0 0 0 0 0 0 0 0 0 0 0 0 0 0 0 0]
[1380671833253179454622688187299190905590761905321184290554412169224248081290327814685528434238408456725382436342409020539233391964028477376474288098689717141723231899589870075086266225292797814310511700508798252518149606190492097588483363608809560383630787064411687495132155411969747539640021261947700009350136320665 0 0 0 0 0 0 0 0 0 0 0 0 1 0 0 0 0 0 0 0 0 0 0 0 0 0 0 0 0 0 0 0 0 0 0 0 0 0 0 0 0 0 0 0 0 0 0 0 0 0 0 0 0 0 0 0 0 0 0 0 0 0 0 0 0 0 0 0 0 0 0 0 0 0 0 0 0 0 0 0 0 0 0 0 0 0 0 0 0 0 0 0 0 0 0 0 0 0 0 0 0 0 0 0]
[7871856360485155465822955387857720039428187461536305751929863412811164630093155015887212145402280747487170840480954581732955263271341879268839787898825593975758892180465129737813608965037745341060148619890971926482499459976483755383644423107810397482226271358829614327581421180755821637617355000523696137073173350482 0 0 0 0 0 0 0 0 0 0 0 0 0 1 0 0 0 0 0 0 0 0 0 0 0 0 0 0 0 0 0 0 0 0 0 0 0 0 0 0 0 0 0 0 0 0 0 0 0 0 0 0 0 0 0 0 0 0 0 0 0 0 0 0 0 0 0 0 0 0 0 0 0 0 0 0 0 0 0 0 0 0 0 0 0 0 0 0 0 0 0 0 0 0 0 0 0 0 0 0 0 0 0 0]
[5020797518342854624258860802365389972265934259013466085438972206042765152771935476571239436833811959598095733474335765917007166358315501018191280356872119751453915034274863974690267676141640040713250784470334948319559661649373530125965506761052542271107583827291534669672247865236791895743575924874240428027580680716 0 0 0 0 0 0 0 0 0 0 0 0 0 0 1 0 0 0 0 0 0 0 0 0 0 0 0 0 0 0 0 0 0 0 0 0 0 0 0 0 0 0 0 0 0 0 0 0 0 0 0 0 0 0 0 0 0 0 0 0 0 0 0 0 0 0 0 0 0 0 0 0 0 0 0 0 0 0 0 0 0 0 0 0 0 0 0 0 0 0 0 0 0 0 0 0 0 0 0 0 0 0 0 0]
[4183467139453381777585377446527916139252675814627479444487780196859119575931583865522159246477515699169678316930035155396754033929176013281343562657478711501711174985304920007111675185805718848449189081413728952047436728018563377013069005592409606307958448754698609195911375912310906608955324642388146317176472076899 0 0 0 0 0 0 0 0 0 0 0 0 0 0 0 1 0 0 0 0 0 0 0 0 0 0 0 0 0 0 0 0 0 0 0 0 0 0 0 0 0 0 0 0 0 0 0 0 0 0 0 0 0 0 0 0 0 0 0 0 0 0 0 0 0 0 0 0 0 0 0 0 0 0 0 0 0 0 0 0 0 0 0 0 0 0 0 0 0 0 0 0 0 0 0 0 0 0 0 0 0 0 0 0]
[2371631730001346033749166810790985118167552523440551223219398909449910819081413536282548642948832258825905514195137418527582916685474438883010042482831697888157416125088824393910747508803525716216078859156688007772844096302557317048579043803210715063859418852680525373449453333368263450955116585270926430922406387893 0 0 0 0 0 0 0 0 0 0 0 0 0 0 0 0 1 0 0 0 0 0 0 0 0 0 0 0 0 0 0 0 0 0 0 0 0 0 0 0 0 0 0 0 0 0 0 0 0 0 0 0 0 0 0 0 0 0 0 0 0 0 0 0 0 0 0 0 0 0 0 0 0 0 0 0 0 0 0 0 0 0 0 0 0 0 0 0 0 0 0 0 0 0 0 0 0 0 0 0 0 0 0 0]
[1164097840614417694502186160655191825535255297870045393010899310519097251941160023154996073849933085602464899841424945234386758380769181669252871195786136375642704442789953036317159852494476730063625206263492214622649657610088532525487316590116307146286555860188851254648916911998425676526994078313436904198797794226 0 0 0 0 0 0 0 0 0 0 0 0 0 0 0 0 0 1 0 0 0 0 0 0 0 0 0 0 0 0 0 0 0 0 0 0 0 0 0 0 0 0 0 0 0 0 0 0 0 0 0 0 0 0 0 0 0 0 0 0 0 0 0 0 0 0 0 0 0 0 0 0 0 0 0 0 0 0 0 0 0 0 0 0 0 0 0 0 0 0 0 0 0 0 0 0 0 0 0 0 0 0 0 0]
[168797352269315499941464991443602679125842108035848389446444441558358854745483058091469357901058091123797034901269977318935460295741451911394057113398302159146489137298572181025859660679115293724531560232248716925222518941932365422394533016253749454276650435934112652331352620859252054897637308707513255491299779128 0 0 0 0 0 0 0 0 0 0 0 0 0 0 0 0 0 0 1 0 0 0 0 0 0 0 0 0 0 0 0 0 0 0 0 0 0 0 0 0 0 0 0 0 0 0 0 0 0 0 0 0 0 0 0 0 0 0 0 0 0 0 0 0 0 0 0 0 0 0 0 0 0 0 0 0 0 0 0 0 0 0 0 0 0 0 0 0 0 0 0 0 0 0 0 0 0 0 0 0 0 0 0 0]
[4540060472449333086129879130053025442170566987114327581798168743053117491733662188102753383285757233452274782422684570815441666622934306728687069020376539743678665167821998718202755559148057009789032287588128453919324935890941441496195677436929322871722865924361548818472426854413931431997779474751371802320878209097 0 0 0 0 0 0 0 0 0 0 0 0 0 0 0 0 0 0 0 1 0 0 0 0 0 0 0 0 0 0 0 0 0 0 0 0 0 0 0 0 0 0 0 0 0 0 0 0 0 0 0 0 0 0 0 0 0 0 0 0 0 0 0 0 0 0 0 0 0 0 0 0 0 0 0 0 0 0 0 0 0 0 0 0 0 0 0 0 0 0 0 0 0 0 0 0 0 0 0 0 0 0 0 0]
[3461265294060203545125653402308741544256004488088924401677207682540776939094338416308501940519658894682787461071298069324575916165390470663922444097963416257085266769481346099752518960660391759370434561057297628268858141114405461256699010808351951812981246153596655788384610321551694845387658022826157778974980488877 0 0 0 0 0 0 0 0 0 0 0 0 0 0 0 0 0 0 0 0 1 0 0 0 0 0 0 0 0 0 0 0 0 0 0 0 0 0 0 0 0 0 0 0 0 0 0 0 0 0 0 0 0 0 0 0 0 0 0 0 0 0 0 0 0 0 0 0 0 0 0 0 0 0 0 0 0 0 0 0 0 0 0 0 0 0 0 0 0 0 0 0 0 0 0 0 0 0 0 0 0 0 0 0]
[735816632424395057534119829198930090479544339170933665889919991857471873266736858972369275256019159581365466613405945754043147936110210789126258232666627488710391899164336794857288737721184592377141421595107079817805935474113044832856556067998873087825132417839020111704998033345741280688714069006523955608558157321 0 0 0 0 0 0 0 0 0 0 0 0 0 0 0 0 0 0 0 0 0 1 0 0 0 0 0 0 0 0 0 0 0 0 0 0 0 0 0 0 0 0 0 0 0 0 0 0 0 0 0 0 0 0 0 0 0 0 0 0 0 0 0 0 0 0 0 0 0 0 0 0 0 0 0 0 0 0 0 0 0 0 0 0 0 0 0 0 0 0 0 0 0 0 0 0 0 0 0 0 0 0 0 0]
[5834605002807436099800587223861890789411385071239671515812625678752896843411898556605549017114516515724738156850499757152540350335820600382717668780981663480058635435132475268962878075908044824530316938530315514451152286992915967032356787325660724077310991738176999977365499972425934171940528807816156226893135344890 0 0 0 0 0 0 0 0 0 0 0 0 0 0 0 0 0 0 0 0 0 0 1 0 0 0 0 0 0 0 0 0 0 0 0 0 0 0 0 0 0 0 0 0 0 0 0 0 0 0 0 0 0 0 0 0 0 0 0 0 0 0 0 0 0 0 0 0 0 0 0 0 0 0 0 0 0 0 0 0 0 0 0 0 0 0 0 0 0 0 0 0 0 0 0 0 0 0 0 0 0 0 0 0]
[5691172553385632616234409434861990059708086118245965642480163451053838935182300110866749544281215182222547121453114112661412370687035693476474016302723640747619071301818145626128916671457122045321378202523280417936544328960012785018640549798465376960837032156879727179046211665490061651202142238380445832350556494106 0 0 0 0 0 0 0 0 0 0 0 0 0 0 0 0 0 0 0 0 0 0 0 1 0 0 0 0 0 0 0 0 0 0 0 0 0 0 0 0 0 0 0 0 0 0 0 0 0 0 0 0 0 0 0 0 0 0 0 0 0 0 0 0 0 0 0 0 0 0 0 0 0 0 0 0 0 0 0 0 0 0 0 0 0 0 0 0 0 0 0 0 0 0 0 0 0 0 0 0 0 0 0 0]
[6807815339860817647960869997830346076165332576790072216923095787899187707018255794146362307744791769385514830419196331174178511954958974366544719747557601305397302235808639830644679367273243221000654573984271673046381153559624045921448700507537286868577104828016119472614103117280090316354448487995482337401174956794 0 0 0 0 0 0 0 0 0 0 0 0 0 0 0 0 0 0 0 0 0 0 0 0 1 0 0 0 0 0 0 0 0 0 0 0 0 0 0 0 0 0 0 0 0 0 0 0 0 0 0 0 0 0 0 0 0 0 0 0 0 0 0 0 0 0 0 0 0 0 0 0 0 0 0 0 0 0 0 0 0 0 0 0 0 0 0 0 0 0 0 0 0 0 0 0 0 0 0 0 0 0 0 0]
[2835512815619816672570758125346643716009154698776599340103421009911304611165973522338869265628796442070974371731871279960411989010889460763148801331135510683822075029994280786358297498503672741101776686442506447829549305839863008088705928281413843035755746645365233835275001970157165911759944049413836336490656971280 0 0 0 0 0 0 0 0 0 0 0 0 0 0 0 0 0 0 0 0 0 0 0 0 0 1 0 0 0 0 0 0 0 0 0 0 0 0 0 0 0 0 0 0 0 0 0 0 0 0 0 0 0 0 0 0 0 0 0 0 0 0 0 0 0 0 0 0 0 0 0 0 0 0 0 0 0 0 0 0 0 0 0 0 0 0 0 0 0 0 0 0 0 0 0 0 0 0 0 0 0 0 0 0]
[7019806309274833910340918274380125749551731693800204961271281071199770682307471771297584749322968203257719815550819479784297046097793324387641750488111077082825504317448883825926193708334916325515994412786314953936218023543128028164034761037108739642745657836315827782670862485214064563026927934771759812215666302211 0 0 0 0 0 0 0 0 0 0 0 0 0 0 0 0 0 0 0 0 0 0 0 0 0 0 1 0 0 0 0 0 0 0 0 0 0 0 0 0 0 0 0 0 0 0 0 0 0 0 0 0 0 0 0 0 0 0 0 0 0 0 0 0 0 0 0 0 0 0 0 0 0 0 0 0 0 0 0 0 0 0 0 0 0 0 0 0 0 0 0 0 0 0 0 0 0 0 0 0 0 0 0 0]
[4429357885527364936636986220561763005271472833798077522787265119487403332927479490573178561435140822307616084041590382701336982248986328918840132520836713923976187956653481728867785121974199741004854380644599155084946876492620188450719235545845542419620560046313355047892677397716574173178713210673673224496200754685 0 0 0 0 0 0 0 0 0 0 0 0 0 0 0 0 0 0 0 0 0 0 0 0 0 0 0 1 0 0 0 0 0 0 0 0 0 0 0 0 0 0 0 0 0 0 0 0 0 0 0 0 0 0 0 0 0 0 0 0 0 0 0 0 0 0 0 0 0 0 0 0 0 0 0 0 0 0 0 0 0 0 0 0 0 0 0 0 0 0 0 0 0 0 0 0 0 0 0 0 0 0 0 0]
[2491755380229341217153337126339152395524194455883154254795810971649693651738848263617228883771488211600606348967100838349084568207745746567701482619578924363038167857530413864600816692591425994335464609086155097215289211183898393267339631681161446529898745229062735918372651195260054288722948391798506862582848002975 0 0 0 0 0 0 0 0 0 0 0 0 0 0 0 0 0 0 0 0 0 0 0 0 0 0 0 0 1 0 0 0 0 0 0 0 0 0 0 0 0 0 0 0 0 0 0 0 0 0 0 0 0 0 0 0 0 0 0 0 0 0 0 0 0 0 0 0 0 0 0 0 0 0 0 0 0 0 0 0 0 0 0 0 0 0 0 0 0 0 0 0 0 0 0 0 0 0 0 0 0 0 0 0]
[5194941195236517141715985021401402447206707749014450731932014139194190288330873633367125004686812128163279140886514054448882507933097635571077929894577370322944907304826582285805266168754157282305919166045624960279336811807874087012815512106310831761847240093138137005953398509232348412912324737825312334116355024760 0 0 0 0 0 0 0 0 0 0 0 0 0 0 0 0 0 0 0 0 0 0 0 0 0 0 0 0 0 1 0 0 0 0 0 0 0 0 0 0 0 0 0 0 0 0 0 0 0 0 0 0 0 0 0 0 0 0 0 0 0 0 0 0 0 0 0 0 0 0 0 0 0 0 0 0 0 0 0 0 0 0 0 0 0 0 0 0 0 0 0 0 0 0 0 0 0 0 0 0 0 0 0 0]
[2829252565468108134997300953728463810826806741070480367838861421216321455627840389341695539804527970016363237634151625780230139596056067487212021168563498733572276669169890416202006906450585671672712901157034145270764039152269262144206555432718963738074681627449205489822833384721642996774696161602026665693433073914 0 0 0 0 0 0 0 0 0 0 0 0 0 0 0 0 0 0 0 0 0 0 0 0 0 0 0 0 0 0 1 0 0 0 0 0 0 0 0 0 0 0 0 0 0 0 0 0 0 0 0 0 0 0 0 0 0 0 0 0 0 0 0 0 0 0 0 0 0 0 0 0 0 0 0 0 0 0 0 0 0 0 0 0 0 0 0 0 0 0 0 0 0 0 0 0 0 0 0 0 0 0 0 0]
[5181480101824181997318506283783218909094813347807353109588832513043437789302224190538999382994434869260360549313616443738995846763015406138053881905086477574775177933388054591253694857198180845906607926391833409145950063867072110101585238425391274314865277555096549882962551205819300810137440508467734144106343718132 0 0 0 0 0 0 0 0 0 0 0 0 0 0 0 0 0 0 0 0 0 0 0 0 0 0 0 0 0 0 0 1 0 0 0 0 0 0 0 0 0 0 0 0 0 0 0 0 0 0 0 0 0 0 0 0 0 0 0 0 0 0 0 0 0 0 0 0 0 0 0 0 0 0 0 0 0 0 0 0 0 0 0 0 0 0 0 0 0 0 0 0 0 0 0 0 0 0 0 0 0 0 0 0]
[5621749266866592364915932777450656789318411586512306616627388256488036091822239371501866681292413099308846733183438341070364244179213050627666418666235212253614001448864349851133535124388264016980526121941816030449285633423210659830711149225592324247686792454155362132064698034269299838907738725712912730195683978748 0 0 0 0 0 0 0 0 0 0 0 0 0 0 0 0 0 0 0 0 0 0 0 0 0 0 0 0 0 0 0 0 1 0 0 0 0 0 0 0 0 0 0 0 0 0 0 0 0 0 0 0 0 0 0 0 0 0 0 0 0 0 0 0 0 0 0 0 0 0 0 0 0 0 0 0 0 0 0 0 0 0 0 0 0 0 0 0 0 0 0 0 0 0 0 0 0 0 0 0 0 0 0 0]
[3228808259589429776254212258214935843275765401556027431377173664876755501192884871305908909683166308261542675018076236363840423631734693329798307936859913409902737364875272930296177453814146363987374625939387008084279713173622970369463928137374691478996778373846102243310831223769966585784998763292028439835875216038 0 0 0 0 0 0 0 0 0 0 0 0 0 0 0 0 0 0 0 0 0 0 0 0 0 0 0 0 0 0 0 0 0 1 0 0 0 0 0 0 0 0 0 0 0 0 0 0 0 0 0 0 0 0 0 0 0 0 0 0 0 0 0 0 0 0 0 0 0 0 0 0 0 0 0 0 0 0 0 0 0 0 0 0 0 0 0 0 0 0 0 0 0 0 0 0 0 0 0 0 0 0 0 0]
[4739399807408794630135376815818218459197516483349485496420161996602607660985798691130562190858779639213323875780896677496954162713189210040222457727462105111789509102917622125439004298765476453452187192291328352169635961143535897439075865490752933602480970426149594315474998670282298361506431161974440769724590768762 0 0 0 0 0 0 0 0 0 0 0 0 0 0 0 0 0 0 0 0 0 0 0 0 0 0 0 0 0 0 0 0 0 0 1 0 0 0 0 0 0 0 0 0 0 0 0 0 0 0 0 0 0 0 0 0 0 0 0 0 0 0 0 0 0 0 0 0 0 0 0 0 0 0 0 0 0 0 0 0 0 0 0 0 0 0 0 0 0 0 0 0 0 0 0 0 0 0 0 0 0 0 0 0]
[1702501443062815602536440869296938350535604715193909514404993619329294253114596049930854993484750113612930947011320061699991078544752547188905295213953353710367745427934499573059978183244431529831234744140385488736702607463652018949829869099412179873843385071679380856221450294033183849964963718690692118906683407829 0 0 0 0 0 0 0 0 0 0 0 0 0 0 0 0 0 0 0 0 0 0 0 0 0 0 0 0 0 0 0 0 0 0 0 1 0 0 0 0 0 0 0 0 0 0 0 0 0 0 0 0 0 0 0 0 0 0 0 0 0 0 0 0 0 0 0 0 0 0 0 0 0 0 0 0 0 0 0 0 0 0 0 0 0 0 0 0 0 0 0 0 0 0 0 0 0 0 0 0 0 0 0 0]
[4619408359954386188166940398968694383832351271736422077828596814801795419999130828560599200809405242607290304490043393636667905198482411426799181316759749259039267082665818475801317568132915987069227786066209489420408463167003799454855401951197011659084950039204142827471790014781744963400304120755721911246278450451 0 0 0 0 0 0 0 0 0 0 0 0 0 0 0 0 0 0 0 0 0 0 0 0 0 0 0 0 0 0 0 0 0 0 0 0 1 0 0 0 0 0 0 0 0 0 0 0 0 0 0 0 0 0 0 0 0 0 0 0 0 0 0 0 0 0 0 0 0 0 0 0 0 0 0 0 0 0 0 0 0 0 0 0 0 0 0 0 0 0 0 0 0 0 0 0 0 0 0 0 0 0 0 0]
[7660111037048692611449967443958838334568324261624958634858569881943607361134744819048461439767514345604751899286484828983848602423380464947924700126902468964780041334680279086887396860276968942724552386280878914168951054914876556150928395578423370149005376696294339158784207315297276141926871409871099634205738548535 0 0 0 0 0 0 0 0 0 0 0 0 0 0 0 0 0 0 0 0 0 0 0 0 0 0 0 0 0 0 0 0 0 0 0 0 0 1 0 0 0 0 0 0 0 0 0 0 0 0 0 0 0 0 0 0 0 0 0 0 0 0 0 0 0 0 0 0 0 0 0 0 0 0 0 0 0 0 0 0 0 0 0 0 0 0 0 0 0 0 0 0 0 0 0 0 0 0 0 0 0 0 0 0]
[5531192629267833128991972059220113884836920530780422238993562920983352740318488944940318853756351303013512409121707281569532673253079769656803299255531076960928911512052023270475714521529280744092307851362847371639404328914763029723486067755974412105013116817589774157811097550105843601924675304410024138604109877315 0 0 0 0 0 0 0 0 0 0 0 0 0 0 0 0 0 0 0 0 0 0 0 0 0 0 0 0 0 0 0 0 0 0 0 0 0 0 1 0 0 0 0 0 0 0 0 0 0 0 0 0 0 0 0 0 0 0 0 0 0 0 0 0 0 0 0 0 0 0 0 0 0 0 0 0 0 0 0 0 0 0 0 0 0 0 0 0 0 0 0 0 0 0 0 0 0 0 0 0 0 0 0 0]
[7319930415321222028637570276779859267358068842220206345970843303515466149062495460191703336285363121861887417496909987339635795396422277689959298083358420377596905023736210253484185583545891370051721795113655736642079445465100388894282540665885443427603282578811289594279001787274890715601026790409133083275067725584 0 0 0 0 0 0 0 0 0 0 0 0 0 0 0 0 0 0 0 0 0 0 0 0 0 0 0 0 0 0 0 0 0 0 0 0 0 0 0 1 0 0 0 0 0 0 0 0 0 0 0 0 0 0 0 0 0 0 0 0 0 0 0 0 0 0 0 0 0 0 0 0 0 0 0 0 0 0 0 0 0 0 0 0 0 0 0 0 0 0 0 0 0 0 0 0 0 0 0 0 0 0 0 0]
[4888482707034543638578966028041581306639114160022366935945954359717314566641997051673634599660434367620329140744916923377043297015756647937023052814320623245648035964741300957455298766285531492312611540838320113749409237796477856762517094879710858692493986043378898300126818171527129675389701972556150719557775506592 0 0 0 0 0 0 0 0 0 0 0 0 0 0 0 0 0 0 0 0 0 0 0 0 0 0 0 0 0 0 0 0 0 0 0 0 0 0 0 0 1 0 0 0 0 0 0 0 0 0 0 0 0 0 0 0 0 0 0 0 0 0 0 0 0 0 0 0 0 0 0 0 0 0 0 0 0 0 0 0 0 0 0 0 0 0 0 0 0 0 0 0 0 0 0 0 0 0 0 0 0 0 0 0]
[6254502847748652158240354841079061569073740580720180985572531113457870919506797996192998279504441961118373364615198704820879250013261545348410825212269574690427915744714781665038656386963203775917482997627447730363072548345278675854096442709071686866038950188026266115119610428816762238550412221585276379285864709817 0 0 0 0 0 0 0 0 0 0 0 0 0 0 0 0 0 0 0 0 0 0 0 0 0 0 0 0 0 0 0 0 0 0 0 0 0 0 0 0 0 1 0 0 0 0 0 0 0 0 0 0 0 0 0 0 0 0 0 0 0 0 0 0 0 0 0 0 0 0 0 0 0 0 0 0 0 0 0 0 0 0 0 0 0 0 0 0 0 0 0 0 0 0 0 0 0 0 0 0 0 0 0 0]
[6410968278928726125030315410162125052622225182110115746247312695683873264355063565830474649034717715738668435312676291039018650477739730548554794210817728661802365785836261292909611915094316059676788356485078464332985106255465484520003849936242903103523898196128037635496089348354882882190450354480141583068289828304 0 0 0 0 0 0 0 0 0 0 0 0 0 0 0 0 0 0 0 0 0 0 0 0 0 0 0 0 0 0 0 0 0 0 0 0 0 0 0 0 0 0 1 0 0 0 0 0 0 0 0 0 0 0 0 0 0 0 0 0 0 0 0 0 0 0 0 0 0 0 0 0 0 0 0 0 0 0 0 0 0 0 0 0 0 0 0 0 0 0 0 0 0 0 0 0 0 0 0 0 0 0 0 0]
[7231415092007073512250551154872467586910198716803632237788765745559919809202240983049601220214150035060202909986015603112594086385710533934973250210365929258042712795139084683774859613377654871982517938355327103888359445815634889832233699974385454960251806461378047723154328428429987344352733983823632106435402566580 0 0 0 0 0 0 0 0 0 0 0 0 0 0 0 0 0 0 0 0 0 0 0 0 0 0 0 0 0 0 0 0 0 0 0 0 0 0 0 0 0 0 0 1 0 0 0 0 0 0 0 0 0 0 0 0 0 0 0 0 0 0 0 0 0 0 0 0 0 0 0 0 0 0 0 0 0 0 0 0 0 0 0 0 0 0 0 0 0 0 0 0 0 0 0 0 0 0 0 0 0 0 0 0]
[6351982020766518767783458300497937870618864787925395572842445401724453709710941363550693784516721961049104585851529330837301328325313479860255200811386891086429172698058099996926958945739388674030609257779017730499896263416310538645396042470369840114682677053163890604370948465926248153037384703365875061682744584281 0 0 0 0 0 0 0 0 0 0 0 0 0 0 0 0 0 0 0 0 0 0 0 0 0 0 0 0 0 0 0 0 0 0 0 0 0 0 0 0 0 0 0 0 1 0 0 0 0 0 0 0 0 0 0 0 0 0 0 0 0 0 0 0 0 0 0 0 0 0 0 0 0 0 0 0 0 0 0 0 0 0 0 0 0 0 0 0 0 0 0 0 0 0 0 0 0 0 0 0 0 0 0 0]
[609322380646088901896172299880295183165184056632574690873250494329800469259220742011363218368034338103022368672419663554276202202241461773713143298325882926270473113276777020175613868891436673068777430340686637664861230786195947976868643515909657329562454308782927828846532759398464038933439736856277823018476002433 0 0 0 0 0 0 0 0 0 0 0 0 0 0 0 0 0 0 0 0 0 0 0 0 0 0 0 0 0 0 0 0 0 0 0 0 0 0 0 0 0 0 0 0 0 1 0 0 0 0 0 0 0 0 0 0 0 0 0 0 0 0 0 0 0 0 0 0 0 0 0 0 0 0 0 0 0 0 0 0 0 0 0 0 0 0 0 0 0 0 0 0 0 0 0 0 0 0 0 0 0 0 0 0]
[4458115270913452626590326808906210734435857840819179599330032828073613344217094931246549974818255065782204036044774910408810546130612151602429184793168332381034222823215361633348228487595601094886873944588148313871982134542855263570898141552550075640960307244886964544249809711476278563142722752632432794607263597966 0 0 0 0 0 0 0 0 0 0 0 0 0 0 0 0 0 0 0 0 0 0 0 0 0 0 0 0 0 0 0 0 0 0 0 0 0 0 0 0 0 0 0 0 0 0 1 0 0 0 0 0 0 0 0 0 0 0 0 0 0 0 0 0 0 0 0 0 0 0 0 0 0 0 0 0 0 0 0 0 0 0 0 0 0 0 0 0 0 0 0 0 0 0 0 0 0 0 0 0 0 0 0 0]
[6081212654834586973250245230058832985647629854329039715874313677807358355270439330769869205444238357403135779900640234715880920380312818561473677199296968469401330685337087547253702037041895884311865957020089481583720539171872378485046855043967679793862989687500709484287911860655433506792482334373903773598352686799 0 0 0 0 0 0 0 0 0 0 0 0 0 0 0 0 0 0 0 0 0 0 0 0 0 0 0 0 0 0 0 0 0 0 0 0 0 0 0 0 0 0 0 0 0 0 0 1 0 0 0 0 0 0 0 0 0 0 0 0 0 0 0 0 0 0 0 0 0 0 0 0 0 0 0 0 0 0 0 0 0 0 0 0 0 0 0 0 0 0 0 0 0 0 0 0 0 0 0 0 0 0 0 0]
[6618135197811518150788535049266302493325213849416873444351953960492865594626691954662272786545656348979820306340249536755826946431705136273672220423002871604200568577698038378427344148252263399243660745520405924206732261025060783389460803315299559270680901695123766556763042456725483471123428688079356932567680994965 0 0 0 0 0 0 0 0 0 0 0 0 0 0 0 0 0 0 0 0 0 0 0 0 0 0 0 0 0 0 0 0 0 0 0 0 0 0 0 0 0 0 0 0 0 0 0 0 1 0 0 0 0 0 0 0 0 0 0 0 0 0 0 0 0 0 0 0 0 0 0 0 0 0 0 0 0 0 0 0 0 0 0 0 0 0 0 0 0 0 0 0 0 0 0 0 0 0 0 0 0 0 0 0]
[6443846465214924131217817673871128164204609237078323524940642865423920122558046194004192880900288018449074999308373326041260961199956457437569309152171316584048047627496945621172753079706720387633656880817385236904399079376191390884561579074322764590646296594800264881405054259459853790797046927071056848635854500453 0 0 0 0 0 0 0 0 0 0 0 0 0 0 0 0 0 0 0 0 0 0 0 0 0 0 0 0 0 0 0 0 0 0 0 0 0 0 0 0 0 0 0 0 0 0 0 0 0 1 0 0 0 0 0 0 0 0 0 0 0 0 0 0 0 0 0 0 0 0 0 0 0 0 0 0 0 0 0 0 0 0 0 0 0 0 0 0 0 0 0 0 0 0 0 0 0 0 0 0 0 0 0 0]
[2295261614756219806806627851875925427524480672450786038591424220012902172124882271590548721415959196513294238523407949254677684531101853382172490545535204606923948475973245038282260182470500166131213261094077248795969927280990271163660937223819467534343740970148737590490886826470587352051480722587341210017747171207 0 0 0 0 0 0 0 0 0 0 0 0 0 0 0 0 0 0 0 0 0 0 0 0 0 0 0 0 0 0 0 0 0 0 0 0 0 0 0 0 0 0 0 0 0 0 0 0 0 0 1 0 0 0 0 0 0 0 0 0 0 0 0 0 0 0 0 0 0 0 0 0 0 0 0 0 0 0 0 0 0 0 0 0 0 0 0 0 0 0 0 0 0 0 0 0 0 0 0 0 0 0 0 0]
[3198733305533141096441830132661313241309265760217837997594907007717062134336169000804209980522505883617007361814959100227626294547374465826149093666757762022603745415490186414602350178696282429985233427037259854885244182096615379357942675622318985890447997868565164363552458019698961526339722932535380723049511756546 0 0 0 0 0 0 0 0 0 0 0 0 0 0 0 0 0 0 0 0 0 0 0 0 0 0 0 0 0 0 0 0 0 0 0 0 0 0 0 0 0 0 0 0 0 0 0 0 0 0 0 1 0 0 0 0 0 0 0 0 0 0 0 0 0 0 0 0 0 0 0 0 0 0 0 0 0 0 0 0 0 0 0 0 0 0 0 0 0 0 0 0 0 0 0 0 0 0 0 0 0 0 0 0]
[1540486325325610633040044948966831407981366086274315856301606466178457159759102608450187242978747110044064729716391549818220670380343379039672896114777193482169028049885759637660376178663552845454583050784370492860250576852042754650954017409426840743729618796058973660997824928969943613209566232820491514635342934069 0 0 0 0 0 0 0 0 0 0 0 0 0 0 0 0 0 0 0 0 0 0 0 0 0 0 0 0 0 0 0 0 0 0 0 0 0 0 0 0 0 0 0 0 0 0 0 0 0 0 0 0 1 0 0 0 0 0 0 0 0 0 0 0 0 0 0 0 0 0 0 0 0 0 0 0 0 0 0 0 0 0 0 0 0 0 0 0 0 0 0 0 0 0 0 0 0 0 0 0 0 0 0 0]
[1157230255524127911719722533776155434949710359232774527879504249673792749336107979791284893430142653755949152000682857121449272678408683039621509742624884257279024528246424689876119859363205597208737894554452384322541538026664818099908347390295273093831539189241395067392320712287933723727131231290911563149876528999 0 0 0 0 0 0 0 0 0 0 0 0 0 0 0 0 0 0 0 0 0 0 0 0 0 0 0 0 0 0 0 0 0 0 0 0 0 0 0 0 0 0 0 0 0 0 0 0 0 0 0 0 0 1 0 0 0 0 0 0 0 0 0 0 0 0 0 0 0 0 0 0 0 0 0 0 0 0 0 0 0 0 0 0 0 0 0 0 0 0 0 0 0 0 0 0 0 0 0 0 0 0 0 0]
[406996507895897553610192638451353248877458457543550808464592873474394524641808280518854215701386795772026207912993429738800637764554509978857724564365633570039813654969206850496697370517875815394502129073125133290894442817334480153740831022175885294915118284057112662473357204924498246051743669588524970737559685204 0 0 0 0 0 0 0 0 0 0 0 0 0 0 0 0 0 0 0 0 0 0 0 0 0 0 0 0 0 0 0 0 0 0 0 0 0 0 0 0 0 0 0 0 0 0 0 0 0 0 0 0 0 0 1 0 0 0 0 0 0 0 0 0 0 0 0 0 0 0 0 0 0 0 0 0 0 0 0 0 0 0 0 0 0 0 0 0 0 0 0 0 0 0 0 0 0 0 0 0 0 0 0 0]
[6972803372291463432627933673023972897139569103506936306534819046365636065931896655638564407713644397319586674777151104173160984532974025644477766385916685486866172229043984328383338649422579617259004919904104645959335040392686989234334714566995779537849240258076691136024375177376346583189949433168188410731261783824 0 0 0 0 0 0 0 0 0 0 0 0 0 0 0 0 0 0 0 0 0 0 0 0 0 0 0 0 0 0 0 0 0 0 0 0 0 0 0 0 0 0 0 0 0 0 0 0 0 0 0 0 0 0 0 1 0 0 0 0 0 0 0 0 0 0 0 0 0 0 0 0 0 0 0 0 0 0 0 0 0 0 0 0 0 0 0 0 0 0 0 0 0 0 0 0 0 0 0 0 0 0 0 0]
[4890842869219167756392103698651403209492327940405259850003959149015129669428969805536966772945929220848553018970040060964846105893747776182540366959217288260779341769774095601911130794605331811021605045780610399939081193881842111802826378674857543235325449251614867475051242704399156770780420175268432683316890334359 0 0 0 0 0 0 0 0 0 0 0 0 0 0 0 0 0 0 0 0 0 0 0 0 0 0 0 0 0 0 0 0 0 0 0 0 0 0 0 0 0 0 0 0 0 0 0 0 0 0 0 0 0 0 0 0 1 0 0 0 0 0 0 0 0 0 0 0 0 0 0 0 0 0 0 0 0 0 0 0 0 0 0 0 0 0 0 0 0 0 0 0 0 0 0 0 0 0 0 0 0 0 0 0]
[4866925080199611354915354146957873279174711528689885772360330020156612442458759096704378975617045393808180257770772553909633793196718869832307265003210482965822267427588294315612355510830753268794643629249121914490087296534950651666764937693587847747599320096110686094585312612413606223019135395705115107466359898813 0 0 0 0 0 0 0 0 0 0 0 0 0 0 0 0 0 0 0 0 0 0 0 0 0 0 0 0 0 0 0 0 0 0 0 0 0 0 0 0 0 0 0 0 0 0 0 0 0 0 0 0 0 0 0 0 0 1 0 0 0 0 0 0 0 0 0 0 0 0 0 0 0 0 0 0 0 0 0 0 0 0 0 0 0 0 0 0 0 0 0 0 0 0 0 0 0 0 0 0 0 0 0 0]
[2992366004120248468016878110558824544916043890464357067390603990421321139575890284061958725259273499207781279110711563593396567804230448759544061227284973524972769294805300376776243270016547808185545826300499980139977660672917434624493543243551793655123513654011182326788725768556319267395868757688066411414669229988 0 0 0 0 0 0 0 0 0 0 0 0 0 0 0 0 0 0 0 0 0 0 0 0 0 0 0 0 0 0 0 0 0 0 0 0 0 0 0 0 0 0 0 0 0 0 0 0 0 0 0 0 0 0 0 0 0 0 1 0 0 0 0 0 0 0 0 0 0 0 0 0 0 0 0 0 0 0 0 0 0 0 0 0 0 0 0 0 0 0 0 0 0 0 0 0 0 0 0 0 0 0 0 0]
[2516512897757998514589591319878829889013419315116283693316949814903874225745260349822238915400876596824263922699397598564656734108150139790515033238968389407879682412928393372977031338434006222613635139840543587475587841299521831248687013823970645118120804870752546917905881254182689548019611647342949762148562661636 0 0 0 0 0 0 0 0 0 0 0 0 0 0 0 0 0 0 0 0 0 0 0 0 0 0 0 0 0 0 0 0 0 0 0 0 0 0 0 0 0 0 0 0 0 0 0 0 0 0 0 0 0 0 0 0 0 0 0 1 0 0 0 0 0 0 0 0 0 0 0 0 0 0 0 0 0 0 0 0 0 0 0 0 0 0 0 0 0 0 0 0 0 0 0 0 0 0 0 0 0 0 0 0]
[4393707922219773361531724688373161536274119323018666064170650009438180814383218255762332586542866073939499135139873637996261085737718527248416456471909648966812228803151568552667227072161264152624396897039458622536921641699910073823656569460801340874389306905804075848423556260625229743827287661433387788236434425517 0 0 0 0 0 0 0 0 0 0 0 0 0 0 0 0 0 0 0 0 0 0 0 0 0 0 0 0 0 0 0 0 0 0 0 0 0 0 0 0 0 0 0 0 0 0 0 0 0 0 0 0 0 0 0 0 0 0 0 0 1 0 0 0 0 0 0 0 0 0 0 0 0 0 0 0 0 0 0 0 0 0 0 0 0 0 0 0 0 0 0 0 0 0 0 0 0 0 0 0 0 0 0 0]
[7224883059329322002578766152283609000067606820154633056905389809890012281867832832143123186835159738659889684563195151321791693537333118487337277291392990913758959884330375126377373769656421066223544600551537763983069776461075839554564996606795941933664162090888161239847467786887953250984989877499260824693575491775 0 0 0 0 0 0 0 0 0 0 0 0 0 0 0 0 0 0 0 0 0 0 0 0 0 0 0 0 0 0 0 0 0 0 0 0 0 0 0 0 0 0 0 0 0 0 0 0 0 0 0 0 0 0 0 0 0 0 0 0 0 1 0 0 0 0 0 0 0 0 0 0 0 0 0 0 0 0 0 0 0 0 0 0 0 0 0 0 0 0 0 0 0 0 0 0 0 0 0 0 0 0 0 0]
[7706914039984143720702626108188034799749730540738637805064094757863601053613899399913565484258171162733896100790493798327135089830753180133933440031226885025282032149343011790961730321379188343498374726407815015635965369949276913225831612292592948303876050621143503249143780463970080827688426401487920205592247080766 0 0 0 0 0 0 0 0 0 0 0 0 0 0 0 0 0 0 0 0 0 0 0 0 0 0 0 0 0 0 0 0 0 0 0 0 0 0 0 0 0 0 0 0 0 0 0 0 0 0 0 0 0 0 0 0 0 0 0 0 0 0 1 0 0 0 0 0 0 0 0 0 0 0 0 0 0 0 0 0 0 0 0 0 0 0 0 0 0 0 0 0 0 0 0 0 0 0 0 0 0 0 0 0]
[6650912028005695363418865066467001449024696426421286969434563507084405676085032288718016068013885823327893167202317769518031306920726241849383823360685651710503242795851088244981727891530322739195038606895517173916857398331695750750573771726079732514063661197062793715944880024940918559480117851446842436118723009274 0 0 0 0 0 0 0 0 0 0 0 0 0 0 0 0 0 0 0 0 0 0 0 0 0 0 0 0 0 0 0 0 0 0 0 0 0 0 0 0 0 0 0 0 0 0 0 0 0 0 0 0 0 0 0 0 0 0 0 0 0 0 0 1 0 0 0 0 0 0 0 0 0 0 0 0 0 0 0 0 0 0 0 0 0 0 0 0 0 0 0 0 0 0 0 0 0 0 0 0 0 0 0 0]
[7516697185228691599538814087320195967244156141747034266185207615773616292822959540154658728895538033616426873682599723219978471916828085778643773470218005125110911173245446158013629560188347902588527081949873354344332449448179585362285130399061461888307925608519758914517023171453461775395865921343286330546709155830 0 0 0 0 0 0 0 0 0 0 0 0 0 0 0 0 0 0 0 0 0 0 0 0 0 0 0 0 0 0 0 0 0 0 0 0 0 0 0 0 0 0 0 0 0 0 0 0 0 0 0 0 0 0 0 0 0 0 0 0 0 0 0 0 1 0 0 0 0 0 0 0 0 0 0 0 0 0 0 0 0 0 0 0 0 0 0 0 0 0 0 0 0 0 0 0 0 0 0 0 0 0 0 0]
[4247001015017171591106100288404095231318846145403154880492053891151136558601751781477687054664298020568634354979587251140481555756017062723544925128985802843616237509035917756490634494873726766980928645667970687965389521412839554966745678822335805192962493788754109904987920365775452385417830309457793069036884285440 0 0 0 0 0 0 0 0 0 0 0 0 0 0 0 0 0 0 0 0 0 0 0 0 0 0 0 0 0 0 0 0 0 0 0 0 0 0 0 0 0 0 0 0 0 0 0 0 0 0 0 0 0 0 0 0 0 0 0 0 0 0 0 0 0 1 0 0 0 0 0 0 0 0 0 0 0 0 0 0 0 0 0 0 0 0 0 0 0 0 0 0 0 0 0 0 0 0 0 0 0 0 0 0]
[2871516436424812849640037932056696138466913547008138505390215586591365736491111199687946037489569744932017811507369554499881618598789552212506738131508214580011295234776025206589843304657525350868148892736735648058116400084732615627676508352041165969098701421295363267163001719812632858461706377517566507092327321994 0 0 0 0 0 0 0 0 0 0 0 0 0 0 0 0 0 0 0 0 0 0 0 0 0 0 0 0 0 0 0 0 0 0 0 0 0 0 0 0 0 0 0 0 0 0 0 0 0 0 0 0 0 0 0 0 0 0 0 0 0 0 0 0 0 0 1 0 0 0 0 0 0 0 0 0 0 0 0 0 0 0 0 0 0 0 0 0 0 0 0 0 0 0 0 0 0 0 0 0 0 0 0 0]
[6993032214030288372490395022019954803773139133664010906591883839677318506824425803897174147167678516852235067509824203447527431071801876566366761505604165397047095170422710303156701862687785918923201557268074252321416186126541808486076663980667268168344841270614508419288933975913927491559614885771809543397831068203 0 0 0 0 0 0 0 0 0 0 0 0 0 0 0 0 0 0 0 0 0 0 0 0 0 0 0 0 0 0 0 0 0 0 0 0 0 0 0 0 0 0 0 0 0 0 0 0 0 0 0 0 0 0 0 0 0 0 0 0 0 0 0 0 0 0 0 1 0 0 0 0 0 0 0 0 0 0 0 0 0 0 0 0 0 0 0 0 0 0 0 0 0 0 0 0 0 0 0 0 0 0 0 0]
[7280541821465287275286957832397653593939692613533765431345506685513740891546236084425209442780475238201906247034022386686823967687993637977762551702189075989177131616186706080051605306349868387564857139455505570135821727546117135450674853293450034996630158855585735658102290954654922742758864749334757645122818768873 0 0 0 0 0 0 0 0 0 0 0 0 0 0 0 0 0 0 0 0 0 0 0 0 0 0 0 0 0 0 0 0 0 0 0 0 0 0 0 0 0 0 0 0 0 0 0 0 0 0 0 0 0 0 0 0 0 0 0 0 0 0 0 0 0 0 0 0 1 0 0 0 0 0 0 0 0 0 0 0 0 0 0 0 0 0 0 0 0 0 0 0 0 0 0 0 0 0 0 0 0 0 0 0]
[7870317588553508178193660807644685871270567337341353754562759541812842750276209458848499019788770083538431157533415224443719417303384093783105469409406397814690465802708389584981470725315719794812155815110801396800517677451479868409933094623171844601972973615441091392827360453661222406690777618268783458349117381358 0 0 0 0 0 0 0 0 0 0 0 0 0 0 0 0 0 0 0 0 0 0 0 0 0 0 0 0 0 0 0 0 0 0 0 0 0 0 0 0 0 0 0 0 0 0 0 0 0 0 0 0 0 0 0 0 0 0 0 0 0 0 0 0 0 0 0 0 0 1 0 0 0 0 0 0 0 0 0 0 0 0 0 0 0 0 0 0 0 0 0 0 0 0 0 0 0 0 0 0 0 0 0 0]
[503692143083691357326317702405104141029675305779435552802684325043781030068791834601877449343484268173524517117888605243473394101948121638973028510435850116627408903110896669067163687231472982308516451470073964957566683258197927084980431455136547677416693707699559578388531596257272022756168643175473134363625436334 0 0 0 0 0 0 0 0 0 0 0 0 0 0 0 0 0 0 0 0 0 0 0 0 0 0 0 0 0 0 0 0 0 0 0 0 0 0 0 0 0 0 0 0 0 0 0 0 0 0 0 0 0 0 0 0 0 0 0 0 0 0 0 0 0 0 0 0 0 0 1 0 0 0 0 0 0 0 0 0 0 0 0 0 0 0 0 0 0 0 0 0 0 0 0 0 0 0 0 0 0 0 0 0]
[4764975886212456038579667793885830773486362998481909977969608624147545141087254902106108544936426483036647444154439065191114724404014822808685698533973800817877134903799130034615078238088914844921095562340318734510846049578980294188285024546644913714818114933760469985948837686105672693043623448462111987826729724621 0 0 0 0 0 0 0 0 0 0 0 0 0 0 0 0 0 0 0 0 0 0 0 0 0 0 0 0 0 0 0 0 0 0 0 0 0 0 0 0 0 0 0 0 0 0 0 0 0 0 0 0 0 0 0 0 0 0 0 0 0 0 0 0 0 0 0 0 0 0 0 1 0 0 0 0 0 0 0 0 0 0 0 0 0 0 0 0 0 0 0 0 0 0 0 0 0 0 0 0 0 0 0 0]
[1225859796148955220810247538312910861779085986227552868468247093027646867446071073967263740725932079038653283872519301352776106203107760778096749759742625715015776079387573493111862561629115360496838281053260289321925964072309434703382071721150465639671015871596730542552375050780505884931084999629875425785734088592 0 0 0 0 0 0 0 0 0 0 0 0 0 0 0 0 0 0 0 0 0 0 0 0 0 0 0 0 0 0 0 0 0 0 0 0 0 0 0 0 0 0 0 0 0 0 0 0 0 0 0 0 0 0 0 0 0 0 0 0 0 0 0 0 0 0 0 0 0 0 0 0 1 0 0 0 0 0 0 0 0 0 0 0 0 0 0 0 0 0 0 0 0 0 0 0 0 0 0 0 0 0 0 0]
[764992495424882629855943608608370335076364585343672206633663192424934689578318699641816892685274010585990803315286561859112341608832062987413839559765278125443776124905970531512646582743786480031276640277826749877368914916246198282142853050609726314368068610190619449453738305886818370618779766178875166560707659576 0 0 0 0 0 0 0 0 0 0 0 0 0 0 0 0 0 0 0 0 0 0 0 0 0 0 0 0 0 0 0 0 0 0 0 0 0 0 0 0 0 0 0 0 0 0 0 0 0 0 0 0 0 0 0 0 0 0 0 0 0 0 0 0 0 0 0 0 0 0 0 0 0 1 0 0 0 0 0 0 0 0 0 0 0 0 0 0 0 0 0 0 0 0 0 0 0 0 0 0 0 0 0 0]
[7259407339595885694845206010319701549888433546854536705210567178235116899760624241320340886349196139651436771500282588081730137369215533952885964117945354652151832163662527431187644450613865074351281132294682331061698423264163549890549095769435024233542153289848310263721109546365734551076395858007826971977579653163 0 0 0 0 0 0 0 0 0 0 0 0 0 0 0 0 0 0 0 0 0 0 0 0 0 0 0 0 0 0 0 0 0 0 0 0 0 0 0 0 0 0 0 0 0 0 0 0 0 0 0 0 0 0 0 0 0 0 0 0 0 0 0 0 0 0 0 0 0 0 0 0 0 0 1 0 0 0 0 0 0 0 0 0 0 0 0 0 0 0 0 0 0 0 0 0 0 0 0 0 0 0 0 0]
[2198573855383942922605902983762621159144836762229965212427407299506341666122231208970712489582814268298137511612020410568291789521952290428875824941729836216661314658093257693053355047226728278442291797906864505048681443047093175086717809931678329960175518637370237925520764897467965220270918535493934740075512435949 0 0 0 0 0 0 0 0 0 0 0 0 0 0 0 0 0 0 0 0 0 0 0 0 0 0 0 0 0 0 0 0 0 0 0 0 0 0 0 0 0 0 0 0 0 0 0 0 0 0 0 0 0 0 0 0 0 0 0 0 0 0 0 0 0 0 0 0 0 0 0 0 0 0 0 1 0 0 0 0 0 0 0 0 0 0 0 0 0 0 0 0 0 0 0 0 0 0 0 0 0 0 0 0]
[54384456456325885573051575165494511405064698769495954507826681493106957900898288164807913813334934304752188485134780864533172374520267506690576129235491837141232952862166268765670061840539818835031774602775797920553940667135010180746572431725671799293112723486747801549425814089537401369120947564627767645126362509 0 0 0 0 0 0 0 0 0 0 0 0 0 0 0 0 0 0 0 0 0 0 0 0 0 0 0 0 0 0 0 0 0 0 0 0 0 0 0 0 0 0 0 0 0 0 0 0 0 0 0 0 0 0 0 0 0 0 0 0 0 0 0 0 0 0 0 0 0 0 0 0 0 0 0 0 1 0 0 0 0 0 0 0 0 0 0 0 0 0 0 0 0 0 0 0 0 0 0 0 0 0 0 0]
[1274196281509332124441887655010101294317205407286501940957952666503899472837570530082247002181538934284853873035781433215422310967481079239017903487876860391099975919851260171597401402362301790829840190790109367281709527909059614320103375576024825720849398064947959455542531562127235902674882150282789605986220637492 0 0 0 0 0 0 0 0 0 0 0 0 0 0 0 0 0 0 0 0 0 0 0 0 0 0 0 0 0 0 0 0 0 0 0 0 0 0 0 0 0 0 0 0 0 0 0 0 0 0 0 0 0 0 0 0 0 0 0 0 0 0 0 0 0 0 0 0 0 0 0 0 0 0 0 0 0 1 0 0 0 0 0 0 0 0 0 0 0 0 0 0 0 0 0 0 0 0 0 0 0 0 0 0]
[367415433993762619188768007190785776166966081598119605688841651956343348248070256533463142684186620765710057005638935382582172240747479125687067500187990137775988591884701230283208200529145749898357795020623539293313736468860649212373506824477307580304085252491355824652546792520040122792497615206096479441338717602 0 0 0 0 0 0 0 0 0 0 0 0 0 0 0 0 0 0 0 0 0 0 0 0 0 0 0 0 0 0 0 0 0 0 0 0 0 0 0 0 0 0 0 0 0 0 0 0 0 0 0 0 0 0 0 0 0 0 0 0 0 0 0 0 0 0 0 0 0 0 0 0 0 0 0 0 0 0 1 0 0 0 0 0 0 0 0 0 0 0 0 0 0 0 0 0 0 0 0 0 0 0 0 0]
[5720478185909727461769131087238889615279437904300081078428418725205928916784174033736438482180528070564424473146060405795589559144825859169432954827038483601356212042875339532860278232095326413414293541897075295244670340031775224558332143175698532200013808135615510762253653725735949566271831499318385030059583288031 0 0 0 0 0 0 0 0 0 0 0 0 0 0 0 0 0 0 0 0 0 0 0 0 0 0 0 0 0 0 0 0 0 0 0 0 0 0 0 0 0 0 0 0 0 0 0 0 0 0 0 0 0 0 0 0 0 0 0 0 0 0 0 0 0 0 0 0 0 0 0 0 0 0 0 0 0 0 0 1 0 0 0 0 0 0 0 0 0 0 0 0 0 0 0 0 0 0 0 0 0 0 0 0]
[5534574851043181089536322079241413304353993413261617339493311914668917646630296932267854601967783810742438654015253086450926679322164370917475028485552875912864956785643395570716898758916039074942221626784836245834987215489119338955714146489344631202499215149426738083308469644185101777555774497935077068761116335329 0 0 0 0 0 0 0 0 0 0 0 0 0 0 0 0 0 0 0 0 0 0 0 0 0 0 0 0 0 0 0 0 0 0 0 0 0 0 0 0 0 0 0 0 0 0 0 0 0 0 0 0 0 0 0 0 0 0 0 0 0 0 0 0 0 0 0 0 0 0 0 0 0 0 0 0 0 0 0 0 1 0 0 0 0 0 0 0 0 0 0 0 0 0 0 0 0 0 0 0 0 0 0 0]
[6060749551403599800187410936980406486594847694451498296714357907561854242313088788631544843294974885059220652722074701297747909212328788541066497630817785940360149853942354717844311998792634422392516872442160476834402224242120238718758689462269435731232612352673570935381234680302940984362225210473797792624567687243 0 0 0 0 0 0 0 0 0 0 0 0 0 0 0 0 0 0 0 0 0 0 0 0 0 0 0 0 0 0 0 0 0 0 0 0 0 0 0 0 0 0 0 0 0 0 0 0 0 0 0 0 0 0 0 0 0 0 0 0 0 0 0 0 0 0 0 0 0 0 0 0 0 0 0 0 0 0 0 0 0 1 0 0 0 0 0 0 0 0 0 0 0 0 0 0 0 0 0 0 0 0 0 0]
[4886514127397063746143406400786117914079697895656748940775079544418826101387645991361196324142349382884607927970579646251204297909776961561653376306771234385620750656818406728759229160244105970078515173138574103672080072657339564022693264644135110227155323373923868970643918927308718843843237760581730587410618352172 0 0 0 0 0 0 0 0 0 0 0 0 0 0 0 0 0 0 0 0 0 0 0 0 0 0 0 0 0 0 0 0 0 0 0 0 0 0 0 0 0 0 0 0 0 0 0 0 0 0 0 0 0 0 0 0 0 0 0 0 0 0 0 0 0 0 0 0 0 0 0 0 0 0 0 0 0 0 0 0 0 0 1 0 0 0 0 0 0 0 0 0 0 0 0 0 0 0 0 0 0 0 0 0]
[3738817538321046097958984354786310513683934620806557888083073555623785767424417001816235982065657081702591970805724753289179420703269871413295204531494511418263752875906808845289783241139907219885033346030619955174154995208301336460248568742641070845273591789514857503987262682829051024851074304537451349798643521897 0 0 0 0 0 0 0 0 0 0 0 0 0 0 0 0 0 0 0 0 0 0 0 0 0 0 0 0 0 0 0 0 0 0 0 0 0 0 0 0 0 0 0 0 0 0 0 0 0 0 0 0 0 0 0 0 0 0 0 0 0 0 0 0 0 0 0 0 0 0 0 0 0 0 0 0 0 0 0 0 0 0 0 1 0 0 0 0 0 0 0 0 0 0 0 0 0 0 0 0 0 0 0 0]
[5599107132348783673422212968480100429271926273755907178985964503694998012127683901625352553609422473956875958177967739500437648384895186751819609928741938767338906317974547246141111706574513020044725514695250924107414231036242992071605546906667804828287452384386337570577887119250168476182550824119848746713717051692 0 0 0 0 0 0 0 0 0 0 0 0 0 0 0 0 0 0 0 0 0 0 0 0 0 0 0 0 0 0 0 0 0 0 0 0 0 0 0 0 0 0 0 0 0 0 0 0 0 0 0 0 0 0 0 0 0 0 0 0 0 0 0 0 0 0 0 0 0 0 0 0 0 0 0 0 0 0 0 0 0 0 0 0 1 0 0 0 0 0 0 0 0 0 0 0 0 0 0 0 0 0 0 0]
[2449167403838627815723037967370526844004522172905771449198411485617867071951332536256664263469253875999678104922938783218342358511619708729620129475517097799315560901487060867079671138587061989563590855517235518992673002525115771698298106661125251041540681126464444668945776950066443607164108455216502400962217847423 0 0 0 0 0 0 0 0 0 0 0 0 0 0 0 0 0 0 0 0 0 0 0 0 0 0 0 0 0 0 0 0 0 0 0 0 0 0 0 0 0 0 0 0 0 0 0 0 0 0 0 0 0 0 0 0 0 0 0 0 0 0 0 0 0 0 0 0 0 0 0 0 0 0 0 0 0 0 0 0 0 0 0 0 0 1 0 0 0 0 0 0 0 0 0 0 0 0 0 0 0 0 0 0]
[617745151242157453658189148567457315189283543504397047729514417452023634908240628406334671405474004746175842610579673948365830411647586723277162467870615647086297241098285838245484257212759759917008629852712896118720132873717003943478433177747206364263693197215282782215889757042408178535098777525631298977378582097 0 0 0 0 0 0 0 0 0 0 0 0 0 0 0 0 0 0 0 0 0 0 0 0 0 0 0 0 0 0 0 0 0 0 0 0 0 0 0 0 0 0 0 0 0 0 0 0 0 0 0 0 0 0 0 0 0 0 0 0 0 0 0 0 0 0 0 0 0 0 0 0 0 0 0 0 0 0 0 0 0 0 0 0 0 0 1 0 0 0 0 0 0 0 0 0 0 0 0 0 0 0 0 0]
[4110965506020674978568786304695892367005513919951137131085245823944196666215595679547141636653321141134644588215339981462554092508750965891672692232490028069409232926790375430470198539038201276696069858014147583491550116483599884581226713470552108586559469866560329092308367847429884652190487232773705239592675582055 0 0 0 0 0 0 0 0 0 0 0 0 0 0 0 0 0 0 0 0 0 0 0 0 0 0 0 0 0 0 0 0 0 0 0 0 0 0 0 0 0 0 0 0 0 0 0 0 0 0 0 0 0 0 0 0 0 0 0 0 0 0 0 0 0 0 0 0 0 0 0 0 0 0 0 0 0 0 0 0 0 0 0 0 0 0 0 1 0 0 0 0 0 0 0 0 0 0 0 0 0 0 0 0]
[5876278353237913563643850584600072452802265137126035963879673605827274541715809975368689818220049951400352927847346047776536420171638503972018116482217796263514930977467706516351401014141155426576864741079954140714693894262528749990722904913571454667744637429000761857203059763345861383652382623161721674579618171649 0 0 0 0 0 0 0 0 0 0 0 0 0 0 0 0 0 0 0 0 0 0 0 0 0 0 0 0 0 0 0 0 0 0 0 0 0 0 0 0 0 0 0 0 0 0 0 0 0 0 0 0 0 0 0 0 0 0 0 0 0 0 0 0 0 0 0 0 0 0 0 0 0 0 0 0 0 0 0 0 0 0 0 0 0 0 0 0 1 0 0 0 0 0 0 0 0 0 0 0 0 0 0 0]
[4045467492301419943238422505087825177448111333641260370654301972257346994639578210283557878479897317412772506548862825052261746449526255971187265921139645398221153145218088051482024219941577338087524290482692923939891183822884008714937926135804018479299061088250805030314861768903476170302546481642481530562448611789 0 0 0 0 0 0 0 0 0 0 0 0 0 0 0 0 0 0 0 0 0 0 0 0 0 0 0 0 0 0 0 0 0 0 0 0 0 0 0 0 0 0 0 0 0 0 0 0 0 0 0 0 0 0 0 0 0 0 0 0 0 0 0 0 0 0 0 0 0 0 0 0 0 0 0 0 0 0 0 0 0 0 0 0 0 0 0 0 0 1 0 0 0 0 0 0 0 0 0 0 0 0 0 0]
[4437660253518705647579914593784681878722071606740532688840411648309703306023495903071189494356054147092508139611190785958902310042180532080789796184014559236851923877626357473568160257265836347583006432810205013147239186913072183429170804464277504494792282503736323865618838956129029736436876550439827349787988063582 0 0 0 0 0 0 0 0 0 0 0 0 0 0 0 0 0 0 0 0 0 0 0 0 0 0 0 0 0 0 0 0 0 0 0 0 0 0 0 0 0 0 0 0 0 0 0 0 0 0 0 0 0 0 0 0 0 0 0 0 0 0 0 0 0 0 0 0 0 0 0 0 0 0 0 0 0 0 0 0 0 0 0 0 0 0 0 0 0 0 1 0 0 0 0 0 0 0 0 0 0 0 0 0]
[2919020331500804481220764136841351504741653277160724244078188304156808727151197987269759634984873891648607965710841030592910517537968872025269304478570498123388626308710193660333617357536341054892211818506138089086951176100860155492499949988515722337195477318259562823814916647299315783689474766225232790999707431779 0 0 0 0 0 0 0 0 0 0 0 0 0 0 0 0 0 0 0 0 0 0 0 0 0 0 0 0 0 0 0 0 0 0 0 0 0 0 0 0 0 0 0 0 0 0 0 0 0 0 0 0 0 0 0 0 0 0 0 0 0 0 0 0 0 0 0 0 0 0 0 0 0 0 0 0 0 0 0 0 0 0 0 0 0 0 0 0 0 0 0 1 0 0 0 0 0 0 0 0 0 0 0 0]
[3962494535274850246400806806738028046629191389154330339814208893002720197677370751930655943315098530588052978078039005797594268705968052149011950747337971543592890853066872877210939705168210996769701552903341124445328088831329774439221093396325365641264276606756682839972549930768764344724145323872252746321816939327 0 0 0 0 0 0 0 0 0 0 0 0 0 0 0 0 0 0 0 0 0 0 0 0 0 0 0 0 0 0 0 0 0 0 0 0 0 0 0 0 0 0 0 0 0 0 0 0 0 0 0 0 0 0 0 0 0 0 0 0 0 0 0 0 0 0 0 0 0 0 0 0 0 0 0 0 0 0 0 0 0 0 0 0 0 0 0 0 0 0 0 0 1 0 0 0 0 0 0 0 0 0 0 0]
[4755017043973231186662853559606567547362753285883641775500178606595753614782304975771827090724235191215261791070431059644830949794215958568513769416724728869678431831757974960884651916444742899945000808783502004315291533896510989561424146700958488623427547725356294681838462731586959044415068254642430611130532994605 0 0 0 0 0 0 0 0 0 0 0 0 0 0 0 0 0 0 0 0 0 0 0 0 0 0 0 0 0 0 0 0 0 0 0 0 0 0 0 0 0 0 0 0 0 0 0 0 0 0 0 0 0 0 0 0 0 0 0 0 0 0 0 0 0 0 0 0 0 0 0 0 0 0 0 0 0 0 0 0 0 0 0 0 0 0 0 0 0 0 0 0 0 1 0 0 0 0 0 0 0 0 0 0]
[5596045486682573951399531230853392502389577335415165966986612636973837127863809179238426479815715083771544199232752722606156251134979415019942662792636580863890873877002757104012009488931996277132495790975162169774011982994601951369035813638069483199008541088125054460593844732909052228093018248879403671960631627232 0 0 0 0 0 0 0 0 0 0 0 0 0 0 0 0 0 0 0 0 0 0 0 0 0 0 0 0 0 0 0 0 0 0 0 0 0 0 0 0 0 0 0 0 0 0 0 0 0 0 0 0 0 0 0 0 0 0 0 0 0 0 0 0 0 0 0 0 0 0 0 0 0 0 0 0 0 0 0 0 0 0 0 0 0 0 0 0 0 0 0 0 0 0 1 0 0 0 0 0 0 0 0 0]
[5494334635971683519703911804842580914695060930742454906418933640523089396745645210788587560158667227331301297097504239194917695392097373282417113330120075658547259615205997387622643702673897368968144612756837226629044555439041880551605498446984764792384578542862703572939182956801690844355151066899844930247413618447 0 0 0 0 0 0 0 0 0 0 0 0 0 0 0 0 0 0 0 0 0 0 0 0 0 0 0 0 0 0 0 0 0 0 0 0 0 0 0 0 0 0 0 0 0 0 0 0 0 0 0 0 0 0 0 0 0 0 0 0 0 0 0 0 0 0 0 0 0 0 0 0 0 0 0 0 0 0 0 0 0 0 0 0 0 0 0 0 0 0 0 0 0 0 0 1 0 0 0 0 0 0 0 0]
[1180485653683834276969329269537224338580242330326094389456542470163026617243386794932812212742463940204329768109748003417457944397393267159580100920629398980329259995770244732607635825305119066782328058434289883884842987671967404126016659216314411820540247160778745383586055672713983782667199348217568526431344080221 0 0 0 0 0 0 0 0 0 0 0 0 0 0 0 0 0 0 0 0 0 0 0 0 0 0 0 0 0 0 0 0 0 0 0 0 0 0 0 0 0 0 0 0 0 0 0 0 0 0 0 0 0 0 0 0 0 0 0 0 0 0 0 0 0 0 0 0 0 0 0 0 0 0 0 0 0 0 0 0 0 0 0 0 0 0 0 0 0 0 0 0 0 0 0 0 1 0 0 0 0 0 0 0]
[1621792629113042027255474371193418364902205612254455378743837829436429702977715383156236468888346918123847204443599251964487965675991927465072479391338280741327174711886208726623415508564456186592655836514852208019787989447996222677696037976426655307385016820841137715931094422618857337098345267158978759168715749872 0 0 0 0 0 0 0 0 0 0 0 0 0 0 0 0 0 0 0 0 0 0 0 0 0 0 0 0 0 0 0 0 0 0 0 0 0 0 0 0 0 0 0 0 0 0 0 0 0 0 0 0 0 0 0 0 0 0 0 0 0 0 0 0 0 0 0 0 0 0 0 0 0 0 0 0 0 0 0 0 0 0 0 0 0 0 0 0 0 0 0 0 0 0 0 0 0 1 0 0 0 0 0 0]
[939501917645214519194276898983491892210972937611249553347809785338486833662602022708415655399909305304700385711832277183561289769686020735444097120121247800536896921406846075204415706183873250746150048779629807076923329466822615723818521868137652411093355235083013964575286509808765057095629703902329656971811072422 0 0 0 0 0 0 0 0 0 0 0 0 0 0 0 0 0 0 0 0 0 0 0 0 0 0 0 0 0 0 0 0 0 0 0 0 0 0 0 0 0 0 0 0 0 0 0 0 0 0 0 0 0 0 0 0 0 0 0 0 0 0 0 0 0 0 0 0 0 0 0 0 0 0 0 0 0 0 0 0 0 0 0 0 0 0 0 0 0 0 0 0 0 0 0 0 0 0 1 0 0 0 0 0]
[6179977522480638417212452515630525417837315402913973189474076427496240959250179213760975620979805014932342514501995846885307536795366048942933911395388585977512504631423776095465098058959435805409514884621321116270023303382877099011376883638170647370084965748667168172036669077898304674218832756670052633596240174494 0 0 0 0 0 0 0 0 0 0 0 0 0 0 0 0 0 0 0 0 0 0 0 0 0 0 0 0 0 0 0 0 0 0 0 0 0 0 0 0 0 0 0 0 0 0 0 0 0 0 0 0 0 0 0 0 0 0 0 0 0 0 0 0 0 0 0 0 0 0 0 0 0 0 0 0 0 0 0 0 0 0 0 0 0 0 0 0 0 0 0 0 0 0 0 0 0 0 0 1 0 0 0 0]
[6579440150603093879608965319491104656180316198075959372793803083925959598425458642747380530538891628658409988876377284493507573422306412820973602817540061114338407297396534475967321696679627043043777121127636623323602809412365503382880709339011132608371788355496057419130687380148025314216178668178728247773320121619 0 0 0 0 0 0 0 0 0 0 0 0 0 0 0 0 0 0 0 0 0 0 0 0 0 0 0 0 0 0 0 0 0 0 0 0 0 0 0 0 0 0 0 0 0 0 0 0 0 0 0 0 0 0 0 0 0 0 0 0 0 0 0 0 0 0 0 0 0 0 0 0 0 0 0 0 0 0 0 0 0 0 0 0 0 0 0 0 0 0 0 0 0 0 0 0 0 0 0 0 1 0 0 0]
[6996717391445859100429043149575878619326736977566763253939090612839129013377246791728076492129816299444292723504283409257302671065959249926949781556907169123693410058943694740998807505204599605487176464398224495359171221617566907754281318301566611554227543652851082952958178476090847814310672685681209187095392200027 0 0 0 0 0 0 0 0 0 0 0 0 0 0 0 0 0 0 0 0 0 0 0 0 0 0 0 0 0 0 0 0 0 0 0 0 0 0 0 0 0 0 0 0 0 0 0 0 0 0 0 0 0 0 0 0 0 0 0 0 0 0 0 0 0 0 0 0 0 0 0 0 0 0 0 0 0 0 0 0 0 0 0 0 0 0 0 0 0 0 0 0 0 0 0 0 0 0 0 0 0 1 0 0]
[7038910176126547597844420376916656221171844013836540746336927037464165580835447120928383993018493701534641991986686239086549949941870478064456536845335464513052750267750309571177496653665624262822550353872834436551791598295976548365686617001843878053916753372871265376346098556248007626131769768984816325503002102337 0 0 0 0 0 0 0 0 0 0 0 0 0 0 0 0 0 0 0 0 0 0 0 0 0 0 0 0 0 0 0 0 0 0 0 0 0 0 0 0 0 0 0 0 0 0 0 0 0 0 0 0 0 0 0 0 0 0 0 0 0 0 0 0 0 0 0 0 0 0 0 0 0 0 0 0 0 0 0 0 0 0 0 0 0 0 0 0 0 0 0 0 0 0 0 0 0 0 0 0 0 0 1 0]
[1587699166642225485973241097229506987195262575752013363998048271847383325772697162125057378734938007981938559818299020522435489191943203031029903987126879570694416755937053038886251146732288591209805536435775134245662452735174697977306551755990386911109439846218284592953695981753612255626130440703149936175344644512 0 0 0 0 0 0 0 0 0 0 0 0 0 0 0 0 0 0 0 0 0 0 0 0 0 0 0 0 0 0 0 0 0 0 0 0 0 0 0 0 0 0 0 0 0 0 0 0 0 0 0 0 0 0 0 0 0 0 0 0 0 0 0 0 0 0 0 0 0 0 0 0 0 0 0 0 0 0 0 0 0 0 0 0 0 0 0 0 0 0 0 0 0 0 0 0 0 0 0 0 0 0 0 1]
]
