[[4957131652593930425405798245150432941010186003545967710236141391478386760082663050763227339476082692175613344113677012466322957874798753527972366984641645265797327517721309850225190452549489210578643955542996280289622362933802616465087501545502406042313486331048661192510367583443203238619 0 0 0 0 0 0 0 0 0 0 0 0 0 0 0 0 0 0 0 0 0 0 0 0 0 0 0 0 0 0 0 0 0 0 0 0 0 0 0 0 0 0 0 0 0 0 0 0 0 0 0 0 0 0 0 0 0 0 0 0 0 0 0 0 0 0 0 0 0 0 0 0 0 0 0 0 0 0 0 0 0 0 0 0 0 0 0 0 0 0 0 0 0 0 0]
[3435589252598260778800144261244992109424668482304656756131307808158534078644034454982667131709426828484108462086235373903973553159132301249395968320997994323195330213338429953091243243986889279260658310982376475446202888400703729957824587839885491608628545491162310300619531113612167741306 1 0 0 0 0 0 0 0 0 0 0 0 0 0 0 0 0 0 0 0 0 0 0 0 0 0 0 0 0 0 0 0 0 0 0 0 0 0 0 0 0 0 0 0 0 0 0 0 0 0 0 0 0 0 0 0 0 0 0 0 0 0 0 0 0 0 0 0 0 0 0 0 0 0 0 0 0 0 0 0 0 0 0 0 0 0 0 0 0 0 0 0 0 0 0]
[540813589042629971181477562318667862536229087226097494181995468947562900006217979627826940230560669798247802739202013165558544615723513468029147667436219284618692669092011107499801453773885127959176094442626345982434424455461488443841459404222043659326448592997730402946663699255703361549 0 1 0 0 0 0 0 0 0 0 0 0 0 0 0 0 0 0 0 0 0 0 0 0 0 0 0 0 0 0 0 0 0 0 0 0 0 0 0 0 0 0 0 0 0 0 0 0 0 0 0 0 0 0 0 0 0 0 0 0 0 0 0 0 0 0 0 0 0 0 0 0 0 0 0 0 0 0 0 0 0 0 0 0 0 0 0 0 0 0 0 0 0 0 0]
[4847803718978387527165461403899329009050674009119713079731077212874499290470413633756448370481821572825743835501262004052269376513084739903905704986104129305610414342274139020572432712058887241062115039609241662260968788052261181031701821434317289552394043395873336683394012882786660761379 0 0 1 0 0 0 0 0 0 0 0 0 0 0 0 0 0 0 0 0 0 0 0 0 0 0 0 0 0 0 0 0 0 0 0 0 0 0 0 0 0 0 0 0 0 0 0 0 0 0 0 0 0 0 0 0 0 0 0 0 0 0 0 0 0 0 0 0 0 0 0 0 0 0 0 0 0 0 0 0 0 0 0 0 0 0 0 0 0 0 0 0 0 0 0]
[1603420606449019269559276630953372248391545528424551248734005456947331875898318015454760502371942208615686507600659036263061346395416085796218396127303991352966763689963396099108546508200387995530142613016840152766800637080008820803672015738108113218345822661802987337803777693460026944414 0 0 0 1 0 0 0 0 0 0 0 0 0 0 0 0 0 0 0 0 0 0 0 0 0 0 0 0 0 0 0 0 0 0 0 0 0 0 0 0 0 0 0 0 0 0 0 0 0 0 0 0 0 0 0 0 0 0 0 0 0 0 0 0 0 0 0 0 0 0 0 0 0 0 0 0 0 0 0 0 0 0 0 0 0 0 0 0 0 0 0 0 0 0 0]
[2774856037416529409412822851638231668060408068995512154845041899208491784270623747541385563482845599620726820244980204441096342268046115460700119034987344225683755609321365932888409457005643624301194580668485447080365522770997210718128102158731787730275780764509350307873629157650525090354 0 0 0 0 1 0 0 0 0 0 0 0 0 0 0 0 0 0 0 0 0 0 0 0 0 0 0 0 0 0 0 0 0 0 0 0 0 0 0 0 0 0 0 0 0 0 0 0 0 0 0 0 0 0 0 0 0 0 0 0 0 0 0 0 0 0 0 0 0 0 0 0 0 0 0 0 0 0 0 0 0 0 0 0 0 0 0 0 0 0 0 0 0 0 0]
[706385009880031363832127913804062043957382396520997849833718438380041352343051970008109716544053290858027627021862991610460590674839555191826200174036515163669138368980045110627185752275493241506232500781470749144125030369663781363922255130418114742073037012776373214370866818134475439346 0 0 0 0 0 1 0 0 0 0 0 0 0 0 0 0 0 0 0 0 0 0 0 0 0 0 0 0 0 0 0 0 0 0 0 0 0 0 0 0 0 0 0 0 0 0 0 0 0 0 0 0 0 0 0 0 0 0 0 0 0 0 0 0 0 0 0 0 0 0 0 0 0 0 0 0 0 0 0 0 0 0 0 0 0 0 0 0 0 0 0 0 0 0 0]
[1013823340805997343364842912576191518778459883029536745304961763614201823767945973814984521738678123669602567557640892913101197634677311726838805021588961128267930783663435560730400462690980943348975609569350271542916576807334833725368283126751426771633488584018107616906122649272366142558 0 0 0 0 0 0 1 0 0 0 0 0 0 0 0 0 0 0 0 0 0 0 0 0 0 0 0 0 0 0 0 0 0 0 0 0 0 0 0 0 0 0 0 0 0 0 0 0 0 0 0 0 0 0 0 0 0 0 0 0 0 0 0 0 0 0 0 0 0 0 0 0 0 0 0 0 0 0 0 0 0 0 0 0 0 0 0 0 0 0 0 0 0 0 0]
[3221982739840239604118318374786827379963077845441642909295278656833851025740500064076125273274821086088721865087332963391211628923781756149811907582477978302799343199624811011599212764609338441905148199817991225010283144116508145776806173431815337257858819272831841377543023230073691637861 0 0 0 0 0 0 0 1 0 0 0 0 0 0 0 0 0 0 0 0 0 0 0 0 0 0 0 0 0 0 0 0 0 0 0 0 0 0 0 0 0 0 0 0 0 0 0 0 0 0 0 0 0 0 0 0 0 0 0 0 0 0 0 0 0 0 0 0 0 0 0 0 0 0 0 0 0 0 0 0 0 0 0 0 0 0 0 0 0 0 0 0 0 0 0]
[2430563539336867418844771968378319894822051706781487721891211507899830603282008131431734165387911878705198039432542516107398582145097895056745371304682052654464198402122537213988908738297074351640715296659495934369620737899452234641930681176812716641753835751350099242992698029608150502105 0 0 0 0 0 0 0 0 1 0 0 0 0 0 0 0 0 0 0 0 0 0 0 0 0 0 0 0 0 0 0 0 0 0 0 0 0 0 0 0 0 0 0 0 0 0 0 0 0 0 0 0 0 0 0 0 0 0 0 0 0 0 0 0 0 0 0 0 0 0 0 0 0 0 0 0 0 0 0 0 0 0 0 0 0 0 0 0 0 0 0 0 0 0 0]
[4435185366398572905757006886536184906070745809995501016767054855224841293809059830333301365644031046622159622460996686610160263942129299154804511981017377335625444085136830805975831791697925872089673222170047780715091368060010290750475418796040749694174004983801446590497859755851384853151 0 0 0 0 0 0 0 0 0 1 0 0 0 0 0 0 0 0 0 0 0 0 0 0 0 0 0 0 0 0 0 0 0 0 0 0 0 0 0 0 0 0 0 0 0 0 0 0 0 0 0 0 0 0 0 0 0 0 0 0 0 0 0 0 0 0 0 0 0 0 0 0 0 0 0 0 0 0 0 0 0 0 0 0 0 0 0 0 0 0 0 0 0 0 0]
[2307487130742230235592075959596878845363314145177043108840024027878054717822030066534445107182449559941391934522621770440240742278758506953403541979487337932191483765920106057632586864350292956225679418530637524278387690076970599222134624495454373114794945353352280935503135500373696641098 0 0 0 0 0 0 0 0 0 0 1 0 0 0 0 0 0 0 0 0 0 0 0 0 0 0 0 0 0 0 0 0 0 0 0 0 0 0 0 0 0 0 0 0 0 0 0 0 0 0 0 0 0 0 0 0 0 0 0 0 0 0 0 0 0 0 0 0 0 0 0 0 0 0 0 0 0 0 0 0 0 0 0 0 0 0 0 0 0 0 0 0 0 0 0]
[1744325042606421998246736989134390975173207548383059711837535930216247151094540381808434820640525971004159157829879931659880069230862826896091482823268762966925167521570368625255100983532133873889495798829159986479410403534608755527680208175798793541063665515653575920291340369824258777773 0 0 0 0 0 0 0 0 0 0 0 1 0 0 0 0 0 0 0 0 0 0 0 0 0 0 0 0 0 0 0 0 0 0 0 0 0 0 0 0 0 0 0 0 0 0 0 0 0 0 0 0 0 0 0 0 0 0 0 0 0 0 0 0 0 0 0 0 0 0 0 0 0 0 0 0 0 0 0 0 0 0 0 0 0 0 0 0 0 0 0 0 0 0 0]
[3436073781045157659461957408115129780908376279655253365300235375326859002945132066627849104249076539914071480204729499164011628800835820244778611580934285267556147847316605360022365131773557036786765711066345414878774473632505250820070023896723360598922775229649278597696545464766965047932 0 0 0 0 0 0 0 0 0 0 0 0 1 0 0 0 0 0 0 0 0 0 0 0 0 0 0 0 0 0 0 0 0 0 0 0 0 0 0 0 0 0 0 0 0 0 0 0 0 0 0 0 0 0 0 0 0 0 0 0 0 0 0 0 0 0 0 0 0 0 0 0 0 0 0 0 0 0 0 0 0 0 0 0 0 0 0 0 0 0 0 0 0 0 0]
[4634644579326047444216953963642045388725977478786113925771643709356648736458020465235108918786908364384925822290662759221884092634209518084249794999935598101603474978716050041814675759686383975295390021492350426561577324577354961953635200781492908841806005121408447640716084504733670139571 0 0 0 0 0 0 0 0 0 0 0 0 0 1 0 0 0 0 0 0 0 0 0 0 0 0 0 0 0 0 0 0 0 0 0 0 0 0 0 0 0 0 0 0 0 0 0 0 0 0 0 0 0 0 0 0 0 0 0 0 0 0 0 0 0 0 0 0 0 0 0 0 0 0 0 0 0 0 0 0 0 0 0 0 0 0 0 0 0 0 0 0 0 0 0]
[4045627663802312370105882452601748807903363822240927679120071076081955599702394938054600583486142869604626079290622234963064983483125397092151529687455514869797602769694714386525477439650986199408552835737328337791789058418053691165885725885645707055479015303511206310392561588984228978233 0 0 0 0 0 0 0 0 0 0 0 0 0 0 1 0 0 0 0 0 0 0 0 0 0 0 0 0 0 0 0 0 0 0 0 0 0 0 0 0 0 0 0 0 0 0 0 0 0 0 0 0 0 0 0 0 0 0 0 0 0 0 0 0 0 0 0 0 0 0 0 0 0 0 0 0 0 0 0 0 0 0 0 0 0 0 0 0 0 0 0 0 0 0 0]
[169537582847334361173502114407389773132053976463930298077694924368656678200908706460482708896909180230064004745943412927570908309652933154621809474848048813018913866063717426287679025354759008056179081826133540980396334809881273096019600828537022759170312230129211055129624771917288097158 0 0 0 0 0 0 0 0 0 0 0 0 0 0 0 1 0 0 0 0 0 0 0 0 0 0 0 0 0 0 0 0 0 0 0 0 0 0 0 0 0 0 0 0 0 0 0 0 0 0 0 0 0 0 0 0 0 0 0 0 0 0 0 0 0 0 0 0 0 0 0 0 0 0 0 0 0 0 0 0 0 0 0 0 0 0 0 0 0 0 0 0 0 0 0]
[2866622360994197818372701663033704768294025496157088815465367759339261155191923535630582772437402119974123757683277061166033602685854986460444754640958901540880568630509301591568160733976325556993360350290602455507909474018089986400231700683973816385764294575243864903553006212333265196769 0 0 0 0 0 0 0 0 0 0 0 0 0 0 0 0 1 0 0 0 0 0 0 0 0 0 0 0 0 0 0 0 0 0 0 0 0 0 0 0 0 0 0 0 0 0 0 0 0 0 0 0 0 0 0 0 0 0 0 0 0 0 0 0 0 0 0 0 0 0 0 0 0 0 0 0 0 0 0 0 0 0 0 0 0 0 0 0 0 0 0 0 0 0 0]
[4599266527031628967374900053122193158576598121098417508902551401419534983869181516434338304218900446783918704989066613821372013270395647058321393644453206025924158808846950985116572883119492353313831310861863145529421420749021676905727865007191586554648096554257776182172254981663126834618 0 0 0 0 0 0 0 0 0 0 0 0 0 0 0 0 0 1 0 0 0 0 0 0 0 0 0 0 0 0 0 0 0 0 0 0 0 0 0 0 0 0 0 0 0 0 0 0 0 0 0 0 0 0 0 0 0 0 0 0 0 0 0 0 0 0 0 0 0 0 0 0 0 0 0 0 0 0 0 0 0 0 0 0 0 0 0 0 0 0 0 0 0 0 0]
[1367481292677066361929291527185424570967342302798103579370825131703079938859456526012515704956277623876599049113312684649890590126290946441591758863685190609957814655644752952600875247678975749561014868409705312943231512352057576897244880962334094834498671146785039338849993166681279053259 0 0 0 0 0 0 0 0 0 0 0 0 0 0 0 0 0 0 1 0 0 0 0 0 0 0 0 0 0 0 0 0 0 0 0 0 0 0 0 0 0 0 0 0 0 0 0 0 0 0 0 0 0 0 0 0 0 0 0 0 0 0 0 0 0 0 0 0 0 0 0 0 0 0 0 0 0 0 0 0 0 0 0 0 0 0 0 0 0 0 0 0 0 0 0]
[4226046608995265934263150976663392272655320262998405034603447819935320703731638141290914848766692337901205068235648105713844264951437546425531970227215673502510145324345013460165833263228039628825080199518665326006522226534654281932707462020504036885899666078069591540580979511458215303071 0 0 0 0 0 0 0 0 0 0 0 0 0 0 0 0 0 0 0 1 0 0 0 0 0 0 0 0 0 0 0 0 0 0 0 0 0 0 0 0 0 0 0 0 0 0 0 0 0 0 0 0 0 0 0 0 0 0 0 0 0 0 0 0 0 0 0 0 0 0 0 0 0 0 0 0 0 0 0 0 0 0 0 0 0 0 0 0 0 0 0 0 0 0 0]
[3153889399263916616310933777131403727026018558935277485243068020122615597770418767194274865945816752921707672903518533969770180753896607648213571398720733219503668046579556813333152542857747578535987573344576904431384943028414319105980639005427497016155241061632475485565598306153462486500 0 0 0 0 0 0 0 0 0 0 0 0 0 0 0 0 0 0 0 0 1 0 0 0 0 0 0 0 0 0 0 0 0 0 0 0 0 0 0 0 0 0 0 0 0 0 0 0 0 0 0 0 0 0 0 0 0 0 0 0 0 0 0 0 0 0 0 0 0 0 0 0 0 0 0 0 0 0 0 0 0 0 0 0 0 0 0 0 0 0 0 0 0 0 0]
[330220809096416850973528597274319712925759328913580085612750566547317201866274095263371009689505825521414224498747869842904215222645180119025873754445989780026532871967773975227500522316255073435632656814278125842076001448353104210156395456274143578836475487433717478503992792172401614187 0 0 0 0 0 0 0 0 0 0 0 0 0 0 0 0 0 0 0 0 0 1 0 0 0 0 0 0 0 0 0 0 0 0 0 0 0 0 0 0 0 0 0 0 0 0 0 0 0 0 0 0 0 0 0 0 0 0 0 0 0 0 0 0 0 0 0 0 0 0 0 0 0 0 0 0 0 0 0 0 0 0 0 0 0 0 0 0 0 0 0 0 0 0 0]
[4941891418761177223579037124997295986988354961918937374624035210791141069004445657556796695041002747745765009927150353774926458175672506254595714422560856783225137888547390350346020814928198694531559511824658883309415955487116863964493307302252648790148610590706482841819207395028244067957 0 0 0 0 0 0 0 0 0 0 0 0 0 0 0 0 0 0 0 0 0 0 1 0 0 0 0 0 0 0 0 0 0 0 0 0 0 0 0 0 0 0 0 0 0 0 0 0 0 0 0 0 0 0 0 0 0 0 0 0 0 0 0 0 0 0 0 0 0 0 0 0 0 0 0 0 0 0 0 0 0 0 0 0 0 0 0 0 0 0 0 0 0 0 0]
[3864514131590197215370165751168593386218394836483137959770202968141017580469243713085113440422249783649258907528135520482864998790648533872058402353840286626425606575297586871534777370807828319999678104795902792290060542780847315740940153370245966068832530370801206683739346265562362025900 0 0 0 0 0 0 0 0 0 0 0 0 0 0 0 0 0 0 0 0 0 0 0 1 0 0 0 0 0 0 0 0 0 0 0 0 0 0 0 0 0 0 0 0 0 0 0 0 0 0 0 0 0 0 0 0 0 0 0 0 0 0 0 0 0 0 0 0 0 0 0 0 0 0 0 0 0 0 0 0 0 0 0 0 0 0 0 0 0 0 0 0 0 0 0]
[255306676119506095584684930842475265672258740431483526465176733546875354394479660809235796190657008887514327772002632750922027438746826289385868029277219929166936747487982036824609122399575071335084590729339389490920625698283576997973386144580429798804684914663092586811757684740970951042 0 0 0 0 0 0 0 0 0 0 0 0 0 0 0 0 0 0 0 0 0 0 0 0 1 0 0 0 0 0 0 0 0 0 0 0 0 0 0 0 0 0 0 0 0 0 0 0 0 0 0 0 0 0 0 0 0 0 0 0 0 0 0 0 0 0 0 0 0 0 0 0 0 0 0 0 0 0 0 0 0 0 0 0 0 0 0 0 0 0 0 0 0 0 0]
[3178538530191126553671307765042476042417942631606544494309323412587555399800375017116540085708536771612361943597276322605090031941317662587536459641826901985357381615233392295917812205958049527618854380794816564582957764342208265132504668101543605750655534170610261246238269619403372171822 0 0 0 0 0 0 0 0 0 0 0 0 0 0 0 0 0 0 0 0 0 0 0 0 0 1 0 0 0 0 0 0 0 0 0 0 0 0 0 0 0 0 0 0 0 0 0 0 0 0 0 0 0 0 0 0 0 0 0 0 0 0 0 0 0 0 0 0 0 0 0 0 0 0 0 0 0 0 0 0 0 0 0 0 0 0 0 0 0 0 0 0 0 0 0]
[3837506343816056199642548975936815717112541390461374958150894740237600023858709456044092690660138947639676988899028150994007250615051020129707128025131258410185280190210822366622398353963514406858037373871731821729960405401678057587928685432926894953120870859558811987999044522873517970196 0 0 0 0 0 0 0 0 0 0 0 0 0 0 0 0 0 0 0 0 0 0 0 0 0 0 1 0 0 0 0 0 0 0 0 0 0 0 0 0 0 0 0 0 0 0 0 0 0 0 0 0 0 0 0 0 0 0 0 0 0 0 0 0 0 0 0 0 0 0 0 0 0 0 0 0 0 0 0 0 0 0 0 0 0 0 0 0 0 0 0 0 0 0 0]
[4575002673467866616446216729746209900298547917074542261117587270259837768513487776477919944076861734896804703520938260065179493783401414637954544500426017412705939733771859566477634951379743679695952548948580815655330959176375331512166190611496895101885852074437629318484723883533234088627 0 0 0 0 0 0 0 0 0 0 0 0 0 0 0 0 0 0 0 0 0 0 0 0 0 0 0 1 0 0 0 0 0 0 0 0 0 0 0 0 0 0 0 0 0 0 0 0 0 0 0 0 0 0 0 0 0 0 0 0 0 0 0 0 0 0 0 0 0 0 0 0 0 0 0 0 0 0 0 0 0 0 0 0 0 0 0 0 0 0 0 0 0 0 0]
[3440192605725312028435090572722447211774834614974182374982931202840342877832636991756617340545567652620326846135920123862777197777665980774422814751161149545309774199290930220225513705158254433888388787311051592577761041964139377076448854406918541958995785937853144536223864614365206004923 0 0 0 0 0 0 0 0 0 0 0 0 0 0 0 0 0 0 0 0 0 0 0 0 0 0 0 0 1 0 0 0 0 0 0 0 0 0 0 0 0 0 0 0 0 0 0 0 0 0 0 0 0 0 0 0 0 0 0 0 0 0 0 0 0 0 0 0 0 0 0 0 0 0 0 0 0 0 0 0 0 0 0 0 0 0 0 0 0 0 0 0 0 0 0]
[1113764162053053871357782050300791143241716294793740650060720252343139297522087682380654253436077980134271593373823177677428580147920245359445415127209305108463828162678457726060935348385046765077907782950855194913383468172569746283137506105044006386910810386197834445991574707300519241563 0 0 0 0 0 0 0 0 0 0 0 0 0 0 0 0 0 0 0 0 0 0 0 0 0 0 0 0 0 1 0 0 0 0 0 0 0 0 0 0 0 0 0 0 0 0 0 0 0 0 0 0 0 0 0 0 0 0 0 0 0 0 0 0 0 0 0 0 0 0 0 0 0 0 0 0 0 0 0 0 0 0 0 0 0 0 0 0 0 0 0 0 0 0 0]
[2202828106739359682111624133903004490734632151023696539114847708483950722275368992380845522077474752092126898017006247751550734367686003034003823165810703418044649677709663777416144578536092855035956844247748458971527606526808980577712588795351040831936402452212211329040722500569092810965 0 0 0 0 0 0 0 0 0 0 0 0 0 0 0 0 0 0 0 0 0 0 0 0 0 0 0 0 0 0 1 0 0 0 0 0 0 0 0 0 0 0 0 0 0 0 0 0 0 0 0 0 0 0 0 0 0 0 0 0 0 0 0 0 0 0 0 0 0 0 0 0 0 0 0 0 0 0 0 0 0 0 0 0 0 0 0 0 0 0 0 0 0 0 0]
[2491487124288177243440846086891653265530119505564047341165184991970442662455559759038952250285934814419620581156486348463752718006062259125123455852875085620142967803070929696879776870725117208832150967093676613408964768795016432994667879624411799635325427989775600080870146342977489037128 0 0 0 0 0 0 0 0 0 0 0 0 0 0 0 0 0 0 0 0 0 0 0 0 0 0 0 0 0 0 0 1 0 0 0 0 0 0 0 0 0 0 0 0 0 0 0 0 0 0 0 0 0 0 0 0 0 0 0 0 0 0 0 0 0 0 0 0 0 0 0 0 0 0 0 0 0 0 0 0 0 0 0 0 0 0 0 0 0 0 0 0 0 0 0]
[1550925400448229866306441019486795876310637868212062545730584656634737740532975424047924098956426978225589578722366008936663284107106506037565686505054375508431101452704612532170446933699979285844028872997730218139657447020710341726470310320921430132281291662662433640480281307290255518254 0 0 0 0 0 0 0 0 0 0 0 0 0 0 0 0 0 0 0 0 0 0 0 0 0 0 0 0 0 0 0 0 1 0 0 0 0 0 0 0 0 0 0 0 0 0 0 0 0 0 0 0 0 0 0 0 0 0 0 0 0 0 0 0 0 0 0 0 0 0 0 0 0 0 0 0 0 0 0 0 0 0 0 0 0 0 0 0 0 0 0 0 0 0 0]
[2890303982487287621889963726559312579229202634158141265026525343176777459674381303011696653575691983560376513910561188364473117174484920281943357203092792828280367836078599363333232135149111101904947663728032262735366112186822739961457318541252623078847673432284812477350013007737961295297 0 0 0 0 0 0 0 0 0 0 0 0 0 0 0 0 0 0 0 0 0 0 0 0 0 0 0 0 0 0 0 0 0 1 0 0 0 0 0 0 0 0 0 0 0 0 0 0 0 0 0 0 0 0 0 0 0 0 0 0 0 0 0 0 0 0 0 0 0 0 0 0 0 0 0 0 0 0 0 0 0 0 0 0 0 0 0 0 0 0 0 0 0 0 0]
[521171252204340945651059737662322708111414067310705586861867304010700485506771761245663689265327335491424489433950513448701684903888668034338427451764678298270040160356467483003953943157793348976504287819423572077787767642335835566946721397415270216634750539563297535073343916408779624371 0 0 0 0 0 0 0 0 0 0 0 0 0 0 0 0 0 0 0 0 0 0 0 0 0 0 0 0 0 0 0 0 0 0 1 0 0 0 0 0 0 0 0 0 0 0 0 0 0 0 0 0 0 0 0 0 0 0 0 0 0 0 0 0 0 0 0 0 0 0 0 0 0 0 0 0 0 0 0 0 0 0 0 0 0 0 0 0 0 0 0 0 0 0 0]
[3260195822561018375895931877740893504338849412648383147777866452309480741274151341702578239620547168726673701853932979429399584571154110718959694458939755848439211852207325370203628500243461573351511041695231439827630352243614803475705176309091044450493773565837071761739964803481497303944 0 0 0 0 0 0 0 0 0 0 0 0 0 0 0 0 0 0 0 0 0 0 0 0 0 0 0 0 0 0 0 0 0 0 0 1 0 0 0 0 0 0 0 0 0 0 0 0 0 0 0 0 0 0 0 0 0 0 0 0 0 0 0 0 0 0 0 0 0 0 0 0 0 0 0 0 0 0 0 0 0 0 0 0 0 0 0 0 0 0 0 0 0 0 0]
[3709900397125023026179018124425812269151438187335755808684842986880867926289108474441617380277882458374671393314274129101447899832744940251079469616478684716665821647896149575512787011553972433683746709031483952820231206547168406192432454566824742370306317775248143831359378766002437072446 0 0 0 0 0 0 0 0 0 0 0 0 0 0 0 0 0 0 0 0 0 0 0 0 0 0 0 0 0 0 0 0 0 0 0 0 1 0 0 0 0 0 0 0 0 0 0 0 0 0 0 0 0 0 0 0 0 0 0 0 0 0 0 0 0 0 0 0 0 0 0 0 0 0 0 0 0 0 0 0 0 0 0 0 0 0 0 0 0 0 0 0 0 0 0]
[1443370891968223650669859208870396269186111969806092959212154500980514384449118228324217124994264164650215028136621345268477543531766529039745302878080348124619259256806676675073104000972207793241765367948692514107882100490903143297612685582400022867093841747713148231297584216474766351932 0 0 0 0 0 0 0 0 0 0 0 0 0 0 0 0 0 0 0 0 0 0 0 0 0 0 0 0 0 0 0 0 0 0 0 0 0 1 0 0 0 0 0 0 0 0 0 0 0 0 0 0 0 0 0 0 0 0 0 0 0 0 0 0 0 0 0 0 0 0 0 0 0 0 0 0 0 0 0 0 0 0 0 0 0 0 0 0 0 0 0 0 0 0 0]
[4086613789128442817543545579428888439885492734921156971513521385275909525426538923871219111223710925029970740321305350061696449475326064468002893484758896071750706524389704611949417314286217833305708940702262544033032966791270497248846245433061506149282113886078395618221456726044289156674 0 0 0 0 0 0 0 0 0 0 0 0 0 0 0 0 0 0 0 0 0 0 0 0 0 0 0 0 0 0 0 0 0 0 0 0 0 0 1 0 0 0 0 0 0 0 0 0 0 0 0 0 0 0 0 0 0 0 0 0 0 0 0 0 0 0 0 0 0 0 0 0 0 0 0 0 0 0 0 0 0 0 0 0 0 0 0 0 0 0 0 0 0 0 0]
[3923710551047785561456866373796733427908389214164598642117256820092605584788638147417421119890121845950367568939915487379669296002718392086924949105183030657766655933690560028250124302773561039850967699736119223063783118234202130377475184804307811135892053800177818867577301848780900548116 0 0 0 0 0 0 0 0 0 0 0 0 0 0 0 0 0 0 0 0 0 0 0 0 0 0 0 0 0 0 0 0 0 0 0 0 0 0 0 1 0 0 0 0 0 0 0 0 0 0 0 0 0 0 0 0 0 0 0 0 0 0 0 0 0 0 0 0 0 0 0 0 0 0 0 0 0 0 0 0 0 0 0 0 0 0 0 0 0 0 0 0 0 0 0]
[1143962773508776031624405168025413223974664655883257860900287678260538708864641393795545694325633499612492150281372079123924604925990618749834994257808051329609766434044884539672472042744700926445664891084000966029422743374202582809808554866076041734337461593898084838861189121543450061137 0 0 0 0 0 0 0 0 0 0 0 0 0 0 0 0 0 0 0 0 0 0 0 0 0 0 0 0 0 0 0 0 0 0 0 0 0 0 0 0 1 0 0 0 0 0 0 0 0 0 0 0 0 0 0 0 0 0 0 0 0 0 0 0 0 0 0 0 0 0 0 0 0 0 0 0 0 0 0 0 0 0 0 0 0 0 0 0 0 0 0 0 0 0 0]
[2561658437383131595132169183045417657535583394076997913273293699359676380430427838646895508323897213834920031697817724262221431877033700422528789273111550451842967485799295350611028136602454536779402335342209901057443759167144275904563347283753659752574679422597930075035235844163904499251 0 0 0 0 0 0 0 0 0 0 0 0 0 0 0 0 0 0 0 0 0 0 0 0 0 0 0 0 0 0 0 0 0 0 0 0 0 0 0 0 0 1 0 0 0 0 0 0 0 0 0 0 0 0 0 0 0 0 0 0 0 0 0 0 0 0 0 0 0 0 0 0 0 0 0 0 0 0 0 0 0 0 0 0 0 0 0 0 0 0 0 0 0 0 0]
[3951054176739074667830468766856209210750717594955215662961442424004424388048668868944143517985750263347770318754778545976012376735896599248382943259120846032575875114702806415327288727440530648103187489636625804644480977897719684584962072313026656872155697815270322035045556985050156025144 0 0 0 0 0 0 0 0 0 0 0 0 0 0 0 0 0 0 0 0 0 0 0 0 0 0 0 0 0 0 0 0 0 0 0 0 0 0 0 0 0 0 1 0 0 0 0 0 0 0 0 0 0 0 0 0 0 0 0 0 0 0 0 0 0 0 0 0 0 0 0 0 0 0 0 0 0 0 0 0 0 0 0 0 0 0 0 0 0 0 0 0 0 0 0]
[4184439677219352751433972575593140821967303891070457109845047737862107521873703671917429057030115445946850572136238339448710207742952818253403124652579841754464972541222040576803103370303797062775829314626168350298164997783931568534354166433441049790107795829118991781139207648936347062693 0 0 0 0 0 0 0 0 0 0 0 0 0 0 0 0 0 0 0 0 0 0 0 0 0 0 0 0 0 0 0 0 0 0 0 0 0 0 0 0 0 0 0 1 0 0 0 0 0 0 0 0 0 0 0 0 0 0 0 0 0 0 0 0 0 0 0 0 0 0 0 0 0 0 0 0 0 0 0 0 0 0 0 0 0 0 0 0 0 0 0 0 0 0 0]
[2000841983360714947454303773244914451050566265068915460244680629891700407729526700094712521283951608837293372323729104229357954411098430784480270101123195462612100518161087766893853824602164912290814345405262587352789672172984516271100588889318492821861678363583153013723067634578541370584 0 0 0 0 0 0 0 0 0 0 0 0 0 0 0 0 0 0 0 0 0 0 0 0 0 0 0 0 0 0 0 0 0 0 0 0 0 0 0 0 0 0 0 0 1 0 0 0 0 0 0 0 0 0 0 0 0 0 0 0 0 0 0 0 0 0 0 0 0 0 0 0 0 0 0 0 0 0 0 0 0 0 0 0 0 0 0 0 0 0 0 0 0 0 0]
[1462471220419347121723671153471508410083690107663458994305319770947179793872036811324160775217286385289261582333387315605894568753864262241675686428574209773498744706386644352477384623768986810775574735137682933503175505260133755974546616368886119454280497196027940821272919344224663282458 0 0 0 0 0 0 0 0 0 0 0 0 0 0 0 0 0 0 0 0 0 0 0 0 0 0 0 0 0 0 0 0 0 0 0 0 0 0 0 0 0 0 0 0 0 1 0 0 0 0 0 0 0 0 0 0 0 0 0 0 0 0 0 0 0 0 0 0 0 0 0 0 0 0 0 0 0 0 0 0 0 0 0 0 0 0 0 0 0 0 0 0 0 0 0]
[4011238224976092227282972360894009309461440194875944519650455829046365468101208425628609150827081643862642285219977775912280892629421329646626357441580841328791727114727853052420835185525501445277375859936311240097152344540308363909204171085951141637654781452062837990614661630996751110252 0 0 0 0 0 0 0 0 0 0 0 0 0 0 0 0 0 0 0 0 0 0 0 0 0 0 0 0 0 0 0 0 0 0 0 0 0 0 0 0 0 0 0 0 0 0 1 0 0 0 0 0 0 0 0 0 0 0 0 0 0 0 0 0 0 0 0 0 0 0 0 0 0 0 0 0 0 0 0 0 0 0 0 0 0 0 0 0 0 0 0 0 0 0 0]
[3605459125686307037211765582681935336477119566393753074663052988106056235446523951577825331348616962714445506353921774689189073995261469737535126722007114559488119727618521035572739123371272704328782388347998513637485161424590492090489416383799716855810090891879854069827455315768427026469 0 0 0 0 0 0 0 0 0 0 0 0 0 0 0 0 0 0 0 0 0 0 0 0 0 0 0 0 0 0 0 0 0 0 0 0 0 0 0 0 0 0 0 0 0 0 0 1 0 0 0 0 0 0 0 0 0 0 0 0 0 0 0 0 0 0 0 0 0 0 0 0 0 0 0 0 0 0 0 0 0 0 0 0 0 0 0 0 0 0 0 0 0 0 0]
[184704769085622879295472681574655104767680713723411383274836592575506334404768829042692286270401910411912814885955999009392395546946342349819792389413131912640107450648601248560834077015178860128492973420534493724026875622908245992753603082740458343173983846902974466483080937750050021300 0 0 0 0 0 0 0 0 0 0 0 0 0 0 0 0 0 0 0 0 0 0 0 0 0 0 0 0 0 0 0 0 0 0 0 0 0 0 0 0 0 0 0 0 0 0 0 0 1 0 0 0 0 0 0 0 0 0 0 0 0 0 0 0 0 0 0 0 0 0 0 0 0 0 0 0 0 0 0 0 0 0 0 0 0 0 0 0 0 0 0 0 0 0 0]
[2637117063554991050812278776179409231706876598385373247822100954819867337048550776697775393732303489398666156858950972171013910825974319229306745714317740916135824748708740164470310239572311564756086847793737146294110916349918526550051868722234186016229972273787055124964147344577954265540 0 0 0 0 0 0 0 0 0 0 0 0 0 0 0 0 0 0 0 0 0 0 0 0 0 0 0 0 0 0 0 0 0 0 0 0 0 0 0 0 0 0 0 0 0 0 0 0 0 1 0 0 0 0 0 0 0 0 0 0 0 0 0 0 0 0 0 0 0 0 0 0 0 0 0 0 0 0 0 0 0 0 0 0 0 0 0 0 0 0 0 0 0 0 0]
[3184491829116983399118953924537443155536886868776075607783568782804853020445406220135392376566075887799212278167145328663105090606799794505525278973727445985777085570653879408819009024471251684851503930277238139682323943352937484405363480325037337426825298556892559484078909571038733717705 0 0 0 0 0 0 0 0 0 0 0 0 0 0 0 0 0 0 0 0 0 0 0 0 0 0 0 0 0 0 0 0 0 0 0 0 0 0 0 0 0 0 0 0 0 0 0 0 0 0 1 0 0 0 0 0 0 0 0 0 0 0 0 0 0 0 0 0 0 0 0 0 0 0 0 0 0 0 0 0 0 0 0 0 0 0 0 0 0 0 0 0 0 0 0]
[4299246479568763370908704928850003997653860799756771443430360705330906163800223381155609160399107962995080626659496916412938851735709608302963684246095047710688090472948604215856441137542537701377561841309761362810761599617050898342144307860894052231960134192026793358111801308029829558132 0 0 0 0 0 0 0 0 0 0 0 0 0 0 0 0 0 0 0 0 0 0 0 0 0 0 0 0 0 0 0 0 0 0 0 0 0 0 0 0 0 0 0 0 0 0 0 0 0 0 0 1 0 0 0 0 0 0 0 0 0 0 0 0 0 0 0 0 0 0 0 0 0 0 0 0 0 0 0 0 0 0 0 0 0 0 0 0 0 0 0 0 0 0 0]
[3802159548005052479205638985578193816446179032270831669322719077285500395185748714128840142127214323276655845790290083793822293120417139929657660210340391745300356089187878485112874560547538504844705331568216361741166395240556255437800706204514118718233453578417962805708888172024329453449 0 0 0 0 0 0 0 0 0 0 0 0 0 0 0 0 0 0 0 0 0 0 0 0 0 0 0 0 0 0 0 0 0 0 0 0 0 0 0 0 0 0 0 0 0 0 0 0 0 0 0 0 1 0 0 0 0 0 0 0 0 0 0 0 0 0 0 0 0 0 0 0 0 0 0 0 0 0 0 0 0 0 0 0 0 0 0 0 0 0 0 0 0 0 0]
[856008579075805149438695931648311061389301833016211390306172374483193853951577234301891921246195317855665728351806475644211592784670478744471695785107959272102552483495992601406712151581958272498674889938358003629061611417673609823230688342928779690876160324135059372306638512795661652176 0 0 0 0 0 0 0 0 0 0 0 0 0 0 0 0 0 0 0 0 0 0 0 0 0 0 0 0 0 0 0 0 0 0 0 0 0 0 0 0 0 0 0 0 0 0 0 0 0 0 0 0 0 1 0 0 0 0 0 0 0 0 0 0 0 0 0 0 0 0 0 0 0 0 0 0 0 0 0 0 0 0 0 0 0 0 0 0 0 0 0 0 0 0 0]
[1540708614251284728033175955615160013234800231383021106424697817746344135724277454763369868207231171245421407123515633024288117028788970277606889972695754727052012714183270929799573128356145190350360504805092827608202420861610072819941414713034588428022578668929183964951696584465069883680 0 0 0 0 0 0 0 0 0 0 0 0 0 0 0 0 0 0 0 0 0 0 0 0 0 0 0 0 0 0 0 0 0 0 0 0 0 0 0 0 0 0 0 0 0 0 0 0 0 0 0 0 0 0 1 0 0 0 0 0 0 0 0 0 0 0 0 0 0 0 0 0 0 0 0 0 0 0 0 0 0 0 0 0 0 0 0 0 0 0 0 0 0 0 0]
[3878565623087644483347988839887626705719493854925081762895269328637260875196786387396941105787314361171072216349339375824406268558023078640389273460376718810684328375808727083181620435799071665138922073410878655601863551066072292692866560900808657632602486301754756959273530529653801486245 0 0 0 0 0 0 0 0 0 0 0 0 0 0 0 0 0 0 0 0 0 0 0 0 0 0 0 0 0 0 0 0 0 0 0 0 0 0 0 0 0 0 0 0 0 0 0 0 0 0 0 0 0 0 0 1 0 0 0 0 0 0 0 0 0 0 0 0 0 0 0 0 0 0 0 0 0 0 0 0 0 0 0 0 0 0 0 0 0 0 0 0 0 0 0]
[1669692368021358558136725218339720123435666332018026416331199625980077467598694588001797877412017505070583992432152922278137443050762874285541336536797428308959087924364145554172307381725571731926222755217642477965428574123738965051747931463998664652433172506756049664854673981743127854946 0 0 0 0 0 0 0 0 0 0 0 0 0 0 0 0 0 0 0 0 0 0 0 0 0 0 0 0 0 0 0 0 0 0 0 0 0 0 0 0 0 0 0 0 0 0 0 0 0 0 0 0 0 0 0 0 1 0 0 0 0 0 0 0 0 0 0 0 0 0 0 0 0 0 0 0 0 0 0 0 0 0 0 0 0 0 0 0 0 0 0 0 0 0 0]
[644275801059516039121099146482763922688312443037159591024902071392279576484858326902472317912682506566782540477248555476297169979496141193734641103950146292357769664709189982341510644954828639630084391388808523601573051626802821512473285018475953266285761414513730909577697508291051804089 0 0 0 0 0 0 0 0 0 0 0 0 0 0 0 0 0 0 0 0 0 0 0 0 0 0 0 0 0 0 0 0 0 0 0 0 0 0 0 0 0 0 0 0 0 0 0 0 0 0 0 0 0 0 0 0 0 1 0 0 0 0 0 0 0 0 0 0 0 0 0 0 0 0 0 0 0 0 0 0 0 0 0 0 0 0 0 0 0 0 0 0 0 0 0]
[3096255559328417850684961562180924768516361955389956865983533009159298377583390448829262107516071451362207820536332466766101575994439892202060949059695703460104727136394596916563666676939745578473957515046997321978517418963193980456986174941051193780654089272071153820379392190675617211018 0 0 0 0 0 0 0 0 0 0 0 0 0 0 0 0 0 0 0 0 0 0 0 0 0 0 0 0 0 0 0 0 0 0 0 0 0 0 0 0 0 0 0 0 0 0 0 0 0 0 0 0 0 0 0 0 0 0 1 0 0 0 0 0 0 0 0 0 0 0 0 0 0 0 0 0 0 0 0 0 0 0 0 0 0 0 0 0 0 0 0 0 0 0 0]
[793125255829244416642639996197363151517517904603905460438936074303717319869545487063571284822396847028471588797082344270095971371741807982215269113762120837371048477032544856192460147056843751044782525614043441600945454773206858682021400679651543196762212931295762087220310085567711851091 0 0 0 0 0 0 0 0 0 0 0 0 0 0 0 0 0 0 0 0 0 0 0 0 0 0 0 0 0 0 0 0 0 0 0 0 0 0 0 0 0 0 0 0 0 0 0 0 0 0 0 0 0 0 0 0 0 0 0 1 0 0 0 0 0 0 0 0 0 0 0 0 0 0 0 0 0 0 0 0 0 0 0 0 0 0 0 0 0 0 0 0 0 0 0]
[4920238475292023786762499144332192354937627997569825610854764874151941171618261050382225603131168790912190079074187871860286523544659993261431771837098468331209222234095192755072609085456544237833522177511010774625285918116611100711534416046356908033928010186899461771314666239860902103611 0 0 0 0 0 0 0 0 0 0 0 0 0 0 0 0 0 0 0 0 0 0 0 0 0 0 0 0 0 0 0 0 0 0 0 0 0 0 0 0 0 0 0 0 0 0 0 0 0 0 0 0 0 0 0 0 0 0 0 0 1 0 0 0 0 0 0 0 0 0 0 0 0 0 0 0 0 0 0 0 0 0 0 0 0 0 0 0 0 0 0 0 0 0 0]
[526161508658920260935041049299829965866546032445491270488551110957823583076704132042356283755474192527352438576644983598698076300004616537158404428962852945713131036474463741244371372826072027292638975391549115755679421442378758083500722531216711541656213506885401199668094685143821202655 0 0 0 0 0 0 0 0 0 0 0 0 0 0 0 0 0 0 0 0 0 0 0 0 0 0 0 0 0 0 0 0 0 0 0 0 0 0 0 0 0 0 0 0 0 0 0 0 0 0 0 0 0 0 0 0 0 0 0 0 0 1 0 0 0 0 0 0 0 0 0 0 0 0 0 0 0 0 0 0 0 0 0 0 0 0 0 0 0 0 0 0 0 0 0]
[2417515651676819445417733735318139377708407118691409836170571681268320392537239635538205548112881464306494169213979146215310486706532656776830402200049022081977963595758568311728225678400550246913573106294347863240098609439439267537404324974598604291114047438498308509895225298243914729173 0 0 0 0 0 0 0 0 0 0 0 0 0 0 0 0 0 0 0 0 0 0 0 0 0 0 0 0 0 0 0 0 0 0 0 0 0 0 0 0 0 0 0 0 0 0 0 0 0 0 0 0 0 0 0 0 0 0 0 0 0 0 1 0 0 0 0 0 0 0 0 0 0 0 0 0 0 0 0 0 0 0 0 0 0 0 0 0 0 0 0 0 0 0 0]
[4514367203902701494886579590772960694390302678857520425324369063921731473318946993617856316609657126385915031138169000178209014185769276639668669328943325282582915543711870662310077108082380030145375603313520950856571308325317281355694908340156431893116126818737957206505137187880282448332 0 0 0 0 0 0 0 0 0 0 0 0 0 0 0 0 0 0 0 0 0 0 0 0 0 0 0 0 0 0 0 0 0 0 0 0 0 0 0 0 0 0 0 0 0 0 0 0 0 0 0 0 0 0 0 0 0 0 0 0 0 0 0 1 0 0 0 0 0 0 0 0 0 0 0 0 0 0 0 0 0 0 0 0 0 0 0 0 0 0 0 0 0 0 0]
[4503787460337866289571788402551107462356536576152293989247433597788141888083470381865914231905565870145968357314696471322847502549932215813410467858598058884393475166263059654618903225552255237564282440261493156700207706752792134371119857787298202126384514787448848048610354123358765167385 0 0 0 0 0 0 0 0 0 0 0 0 0 0 0 0 0 0 0 0 0 0 0 0 0 0 0 0 0 0 0 0 0 0 0 0 0 0 0 0 0 0 0 0 0 0 0 0 0 0 0 0 0 0 0 0 0 0 0 0 0 0 0 0 1 0 0 0 0 0 0 0 0 0 0 0 0 0 0 0 0 0 0 0 0 0 0 0 0 0 0 0 0 0 0]
[4929513929611014007331066134321971311400166308022946541180797537618990763889911986030177924072460869534602318228477093499538814975456760052576587767266059999086016396131513208247059122026992317014948762834248048765987785299232898455247549097700324956283806249299097046865700315805836355133 0 0 0 0 0 0 0 0 0 0 0 0 0 0 0 0 0 0 0 0 0 0 0 0 0 0 0 0 0 0 0 0 0 0 0 0 0 0 0 0 0 0 0 0 0 0 0 0 0 0 0 0 0 0 0 0 0 0 0 0 0 0 0 0 0 1 0 0 0 0 0 0 0 0 0 0 0 0 0 0 0 0 0 0 0 0 0 0 0 0 0 0 0 0 0]
[1127992922180932001377169052653796763641429279596665989309054655389275901339069385597344227612353329859419568892861639881469666319525820250795944897893108793115204345095115275609957472184509937488301209015530368518593196544763926048323514822640630878840513178499609354418643748967285268287 0 0 0 0 0 0 0 0 0 0 0 0 0 0 0 0 0 0 0 0 0 0 0 0 0 0 0 0 0 0 0 0 0 0 0 0 0 0 0 0 0 0 0 0 0 0 0 0 0 0 0 0 0 0 0 0 0 0 0 0 0 0 0 0 0 0 1 0 0 0 0 0 0 0 0 0 0 0 0 0 0 0 0 0 0 0 0 0 0 0 0 0 0 0 0]
[4568035492527731231526480385519334126528229415466256903464419814871054614369668084174357329730978217109404636810079425253193683784356305460002237233903146734575363756210180870170512570892305062177703491899047648909393099905028540606242814104012142926830327681821332526978607120785829412036 0 0 0 0 0 0 0 0 0 0 0 0 0 0 0 0 0 0 0 0 0 0 0 0 0 0 0 0 0 0 0 0 0 0 0 0 0 0 0 0 0 0 0 0 0 0 0 0 0 0 0 0 0 0 0 0 0 0 0 0 0 0 0 0 0 0 0 1 0 0 0 0 0 0 0 0 0 0 0 0 0 0 0 0 0 0 0 0 0 0 0 0 0 0 0]
[1139911112434910282743072924954965259236423876010692113910782003498979673816190594437863783753963072002491204567615495120665047889315220831704986169083522466469619169496477370107563478073151489583435726712520990980397696790416377074244193324248429707106693105235409728974446391941352130188 0 0 0 0 0 0 0 0 0 0 0 0 0 0 0 0 0 0 0 0 0 0 0 0 0 0 0 0 0 0 0 0 0 0 0 0 0 0 0 0 0 0 0 0 0 0 0 0 0 0 0 0 0 0 0 0 0 0 0 0 0 0 0 0 0 0 0 0 1 0 0 0 0 0 0 0 0 0 0 0 0 0 0 0 0 0 0 0 0 0 0 0 0 0 0]
[1226706317696178772227226704307453252987952898780285769762155122570794245588770948894016657626556335822613251686591595177910460180869875247167465611493032880124050579544527727326350425732372421110869779743782536343917057500225481821510334482915734402302849696153638914428442384496675442838 0 0 0 0 0 0 0 0 0 0 0 0 0 0 0 0 0 0 0 0 0 0 0 0 0 0 0 0 0 0 0 0 0 0 0 0 0 0 0 0 0 0 0 0 0 0 0 0 0 0 0 0 0 0 0 0 0 0 0 0 0 0 0 0 0 0 0 0 0 1 0 0 0 0 0 0 0 0 0 0 0 0 0 0 0 0 0 0 0 0 0 0 0 0 0]
[4093433025577348457168020747625344985420824574479891520050118694485418237570402456809239288552968404926209412580511194989476199452071499886994704180876099844185828295371744681726287980871174822732182987703413123823616695110302468816958077543860200162434351481389284189956735454059743208670 0 0 0 0 0 0 0 0 0 0 0 0 0 0 0 0 0 0 0 0 0 0 0 0 0 0 0 0 0 0 0 0 0 0 0 0 0 0 0 0 0 0 0 0 0 0 0 0 0 0 0 0 0 0 0 0 0 0 0 0 0 0 0 0 0 0 0 0 0 0 1 0 0 0 0 0 0 0 0 0 0 0 0 0 0 0 0 0 0 0 0 0 0 0 0]
[1119476454659585793503233912868663961183439816115530248379452376247074249423653859502781762062181221791714330856148471602780171733934227693209738396203862522570962779282647430205046701761032784310654439514633136316530799303177740721599113805604520542825091711424335475844535705291070501767 0 0 0 0 0 0 0 0 0 0 0 0 0 0 0 0 0 0 0 0 0 0 0 0 0 0 0 0 0 0 0 0 0 0 0 0 0 0 0 0 0 0 0 0 0 0 0 0 0 0 0 0 0 0 0 0 0 0 0 0 0 0 0 0 0 0 0 0 0 0 0 1 0 0 0 0 0 0 0 0 0 0 0 0 0 0 0 0 0 0 0 0 0 0 0]
[1349637811920213764762509593942916121465774303827229595120820890095947728609619751263080072571122463402859488606184088035128002429516176375611249151591829838831687940598406171060542664067417308749973515649628559179831271132048136908157310206261435829868164282127578253044303954407668144535 0 0 0 0 0 0 0 0 0 0 0 0 0 0 0 0 0 0 0 0 0 0 0 0 0 0 0 0 0 0 0 0 0 0 0 0 0 0 0 0 0 0 0 0 0 0 0 0 0 0 0 0 0 0 0 0 0 0 0 0 0 0 0 0 0 0 0 0 0 0 0 0 1 0 0 0 0 0 0 0 0 0 0 0 0 0 0 0 0 0 0 0 0 0 0]
[2968583884533508189420124461148796462380283942775347186419128189711009304742298591529600380807886670419020692561694830673227671660184058386557124229858755353884754379369686314469748166054571250808830644215424946128219969402985845309446462089987377112989789883087558425814753018956284679803 0 0 0 0 0 0 0 0 0 0 0 0 0 0 0 0 0 0 0 0 0 0 0 0 0 0 0 0 0 0 0 0 0 0 0 0 0 0 0 0 0 0 0 0 0 0 0 0 0 0 0 0 0 0 0 0 0 0 0 0 0 0 0 0 0 0 0 0 0 0 0 0 0 1 0 0 0 0 0 0 0 0 0 0 0 0 0 0 0 0 0 0 0 0 0]
[3948087242861715937591026112315556093635034687734623452884300254371560990113564332495582600862534407698350563420492619168389449074351128072292338867365868751119368864352252999436270735490972017358733614677168951083156599987398058222110257576013030830993255674009616609294126602350956409498 0 0 0 0 0 0 0 0 0 0 0 0 0 0 0 0 0 0 0 0 0 0 0 0 0 0 0 0 0 0 0 0 0 0 0 0 0 0 0 0 0 0 0 0 0 0 0 0 0 0 0 0 0 0 0 0 0 0 0 0 0 0 0 0 0 0 0 0 0 0 0 0 0 0 1 0 0 0 0 0 0 0 0 0 0 0 0 0 0 0 0 0 0 0 0]
[1881864517112917818698732734139044732695409952054870957796074285066504272950732125678239961539299964882813495641547488933755675041499732950451917030936817788372764188602605586139841882992527923826018189672049587995781274094071149313008104960761789539790462727290032884782310016302449233885 0 0 0 0 0 0 0 0 0 0 0 0 0 0 0 0 0 0 0 0 0 0 0 0 0 0 0 0 0 0 0 0 0 0 0 0 0 0 0 0 0 0 0 0 0 0 0 0 0 0 0 0 0 0 0 0 0 0 0 0 0 0 0 0 0 0 0 0 0 0 0 0 0 0 0 1 0 0 0 0 0 0 0 0 0 0 0 0 0 0 0 0 0 0 0]
[3806308465364880472780151725806566948023159823365394684147056354664551596020079590699072151540144340012860134509877689258096425982061968540705180085763664194269359327367354822219602196680292620165124245580046541661832538680364245844314688482252235278709172145475880905953279531796737304104 0 0 0 0 0 0 0 0 0 0 0 0 0 0 0 0 0 0 0 0 0 0 0 0 0 0 0 0 0 0 0 0 0 0 0 0 0 0 0 0 0 0 0 0 0 0 0 0 0 0 0 0 0 0 0 0 0 0 0 0 0 0 0 0 0 0 0 0 0 0 0 0 0 0 0 0 1 0 0 0 0 0 0 0 0 0 0 0 0 0 0 0 0 0 0]
[355485917203312277571118286711602130567413986562431974101214424100326878907650271928291695866746540908601302020405893368312520061863125925748145992322629335207510923385783861236359228130149285622841762961586364877193114764635134264197529859410214494970512357074554150097867226190256424334 0 0 0 0 0 0 0 0 0 0 0 0 0 0 0 0 0 0 0 0 0 0 0 0 0 0 0 0 0 0 0 0 0 0 0 0 0 0 0 0 0 0 0 0 0 0 0 0 0 0 0 0 0 0 0 0 0 0 0 0 0 0 0 0 0 0 0 0 0 0 0 0 0 0 0 0 0 1 0 0 0 0 0 0 0 0 0 0 0 0 0 0 0 0 0]
[4778672998473581328568361243729297589366025927868990806187791788441296275422899687209762136428476023540457113061549674455283034599853683823470734496857169384033202873204413287463770975343875067361919486658327128299664812739994783780380469857646508508064712706400881175596157463249533137349 0 0 0 0 0 0 0 0 0 0 0 0 0 0 0 0 0 0 0 0 0 0 0 0 0 0 0 0 0 0 0 0 0 0 0 0 0 0 0 0 0 0 0 0 0 0 0 0 0 0 0 0 0 0 0 0 0 0 0 0 0 0 0 0 0 0 0 0 0 0 0 0 0 0 0 0 0 0 1 0 0 0 0 0 0 0 0 0 0 0 0 0 0 0 0]
[1611520480530843306247473661744671636644130760424608704124870437515974459527178218799582493542121948250791247410161648236250093331606195461901154668562065889656916971655816049982683989454869311153504073835528900808604807297451300591927892515370712342639523337578743432202648656305009496283 0 0 0 0 0 0 0 0 0 0 0 0 0 0 0 0 0 0 0 0 0 0 0 0 0 0 0 0 0 0 0 0 0 0 0 0 0 0 0 0 0 0 0 0 0 0 0 0 0 0 0 0 0 0 0 0 0 0 0 0 0 0 0 0 0 0 0 0 0 0 0 0 0 0 0 0 0 0 0 1 0 0 0 0 0 0 0 0 0 0 0 0 0 0 0]
[4729105228153878394564534670182078005042654250004609131493779878931184177064519342754037267843803470787492201249242491074707928852019976752871743770129488228860586951755432986981001679133760093307954832624542528409797459736252223522678383492565257523704545991837690860080010095948892706314 0 0 0 0 0 0 0 0 0 0 0 0 0 0 0 0 0 0 0 0 0 0 0 0 0 0 0 0 0 0 0 0 0 0 0 0 0 0 0 0 0 0 0 0 0 0 0 0 0 0 0 0 0 0 0 0 0 0 0 0 0 0 0 0 0 0 0 0 0 0 0 0 0 0 0 0 0 0 0 0 1 0 0 0 0 0 0 0 0 0 0 0 0 0 0]
[1210810092050417049865250887559393160145776783028293461540328010299099553109757954441914646972956466333384899089118286727211049080257678744022250203857109227705943816342676664864207732841295625565031792329114422654428481803126602643408833508034320793702011992215493485668354975017702317136 0 0 0 0 0 0 0 0 0 0 0 0 0 0 0 0 0 0 0 0 0 0 0 0 0 0 0 0 0 0 0 0 0 0 0 0 0 0 0 0 0 0 0 0 0 0 0 0 0 0 0 0 0 0 0 0 0 0 0 0 0 0 0 0 0 0 0 0 0 0 0 0 0 0 0 0 0 0 0 0 0 1 0 0 0 0 0 0 0 0 0 0 0 0 0]
[4383567423926324547067898481056509560867906923328653196835419034962812413109415032768862042649081301435910338772983295047515754721215711392025276656046522139442082633526373858083849155559284062994258347594121228535991910678951022816110429766257908257374662758271576920848788477013755557530 0 0 0 0 0 0 0 0 0 0 0 0 0 0 0 0 0 0 0 0 0 0 0 0 0 0 0 0 0 0 0 0 0 0 0 0 0 0 0 0 0 0 0 0 0 0 0 0 0 0 0 0 0 0 0 0 0 0 0 0 0 0 0 0 0 0 0 0 0 0 0 0 0 0 0 0 0 0 0 0 0 0 1 0 0 0 0 0 0 0 0 0 0 0 0]
[1319244814335136035888106021697185264951875765257389954647816415235914559501224015354371803247658468576452907098456333082742731487829441497340338080347011400859721506043625659112856247211883457548793276123768244422381964471939042593700125368022497357464776861210817238023455492618246731517 0 0 0 0 0 0 0 0 0 0 0 0 0 0 0 0 0 0 0 0 0 0 0 0 0 0 0 0 0 0 0 0 0 0 0 0 0 0 0 0 0 0 0 0 0 0 0 0 0 0 0 0 0 0 0 0 0 0 0 0 0 0 0 0 0 0 0 0 0 0 0 0 0 0 0 0 0 0 0 0 0 0 0 1 0 0 0 0 0 0 0 0 0 0 0]
[3641841882722638674613888906017211026289443507511239961885606332989186894459043988239434450352065707983384768538607145595950095607845138788214762502968143673426456400983544814616951069609808257861988568853163772740660772419013654848348540629242029269228106921297998807596998164815621480114 0 0 0 0 0 0 0 0 0 0 0 0 0 0 0 0 0 0 0 0 0 0 0 0 0 0 0 0 0 0 0 0 0 0 0 0 0 0 0 0 0 0 0 0 0 0 0 0 0 0 0 0 0 0 0 0 0 0 0 0 0 0 0 0 0 0 0 0 0 0 0 0 0 0 0 0 0 0 0 0 0 0 0 0 1 0 0 0 0 0 0 0 0 0 0]
[4788027456521918521002320538689982935118445674422586691052284151597715112147420910218880492475551471353779420930741375463948485369187553633592084108372762499922235585663684382114197665915807630349286131731863620826966581737647032749007093760159636121123774220238636086617326230131877872758 0 0 0 0 0 0 0 0 0 0 0 0 0 0 0 0 0 0 0 0 0 0 0 0 0 0 0 0 0 0 0 0 0 0 0 0 0 0 0 0 0 0 0 0 0 0 0 0 0 0 0 0 0 0 0 0 0 0 0 0 0 0 0 0 0 0 0 0 0 0 0 0 0 0 0 0 0 0 0 0 0 0 0 0 0 1 0 0 0 0 0 0 0 0 0]
[2570575133141043900821416212311831524133317816059921410032695990330918406908534449243104031455720193444140751127138396206724283999030067737025248870719928041567532018700650084501904372095189298294911083792555027736366883045406285860016534396888956336058242489633302190359246653478105112647 0 0 0 0 0 0 0 0 0 0 0 0 0 0 0 0 0 0 0 0 0 0 0 0 0 0 0 0 0 0 0 0 0 0 0 0 0 0 0 0 0 0 0 0 0 0 0 0 0 0 0 0 0 0 0 0 0 0 0 0 0 0 0 0 0 0 0 0 0 0 0 0 0 0 0 0 0 0 0 0 0 0 0 0 0 0 1 0 0 0 0 0 0 0 0]
[3244826930097233682708345975865708695012149012016163378749472311567375105178430988996626786635147591410863102088813624791995272479644428877221619352429414054171136905410923799137904699853799891498271329347826718552343856986538941795330584960608981599194290458419920230348563178140177207792 0 0 0 0 0 0 0 0 0 0 0 0 0 0 0 0 0 0 0 0 0 0 0 0 0 0 0 0 0 0 0 0 0 0 0 0 0 0 0 0 0 0 0 0 0 0 0 0 0 0 0 0 0 0 0 0 0 0 0 0 0 0 0 0 0 0 0 0 0 0 0 0 0 0 0 0 0 0 0 0 0 0 0 0 0 0 0 1 0 0 0 0 0 0 0]
[472919773858163132966086726867104114074400168902245327356894005007100777361720005910938241095416111007861608813031090346607028315639910045240169349037293825239525705129859627517175161590928709743134267955993705944711652586421990483771375745622593401775892342104022352024846545871580680302 0 0 0 0 0 0 0 0 0 0 0 0 0 0 0 0 0 0 0 0 0 0 0 0 0 0 0 0 0 0 0 0 0 0 0 0 0 0 0 0 0 0 0 0 0 0 0 0 0 0 0 0 0 0 0 0 0 0 0 0 0 0 0 0 0 0 0 0 0 0 0 0 0 0 0 0 0 0 0 0 0 0 0 0 0 0 0 0 1 0 0 0 0 0 0]
[1042572487310403112815653062321923514436756963227091796874910472210078847517697278910728324381430615894783487932380308198249443128298195675029832345212553248962537791162523033382374923357408138200096484151245702489869050299333246710631553475373566739321487907049314314387212921479255271069 0 0 0 0 0 0 0 0 0 0 0 0 0 0 0 0 0 0 0 0 0 0 0 0 0 0 0 0 0 0 0 0 0 0 0 0 0 0 0 0 0 0 0 0 0 0 0 0 0 0 0 0 0 0 0 0 0 0 0 0 0 0 0 0 0 0 0 0 0 0 0 0 0 0 0 0 0 0 0 0 0 0 0 0 0 0 0 0 0 1 0 0 0 0 0]
[3922163483840108887313192287329622856717237656326842104201341136331006301942600027324550961745018078603291621965698372093959074508661187130168321951927279384663444916034503448092179495190048640599952962126352216840137831892153162299565390921992001666532425990303423944312707552498219698322 0 0 0 0 0 0 0 0 0 0 0 0 0 0 0 0 0 0 0 0 0 0 0 0 0 0 0 0 0 0 0 0 0 0 0 0 0 0 0 0 0 0 0 0 0 0 0 0 0 0 0 0 0 0 0 0 0 0 0 0 0 0 0 0 0 0 0 0 0 0 0 0 0 0 0 0 0 0 0 0 0 0 0 0 0 0 0 0 0 0 1 0 0 0 0]
[431102024524966553954548512774259727690595437302986977236953588634481047250799005553176015532106232950666037428203347577057091539866005084107579991710181326707051051764477176864702455410564377487824947039826154971097854637700463791775435573666765746463418421559393020462536776279465825945 0 0 0 0 0 0 0 0 0 0 0 0 0 0 0 0 0 0 0 0 0 0 0 0 0 0 0 0 0 0 0 0 0 0 0 0 0 0 0 0 0 0 0 0 0 0 0 0 0 0 0 0 0 0 0 0 0 0 0 0 0 0 0 0 0 0 0 0 0 0 0 0 0 0 0 0 0 0 0 0 0 0 0 0 0 0 0 0 0 0 0 1 0 0 0]
[1142476421663760806449531776955017366844115216632895783248242823684762538695754823326035759772308981152319794934917638706740248597517596016120014784582688387959887502122972805059323868938438327458814486162346659494041490200654717679947334180576318282942580703406536316721989128397582836403 0 0 0 0 0 0 0 0 0 0 0 0 0 0 0 0 0 0 0 0 0 0 0 0 0 0 0 0 0 0 0 0 0 0 0 0 0 0 0 0 0 0 0 0 0 0 0 0 0 0 0 0 0 0 0 0 0 0 0 0 0 0 0 0 0 0 0 0 0 0 0 0 0 0 0 0 0 0 0 0 0 0 0 0 0 0 0 0 0 0 0 0 1 0 0]
[4503444142545639585935114814176266816684681134502844599333065820812549605207112527760136653430173459687254418094318121052470848030106900874437764453052710439640416455008912924281335827949296423513487483799949764225093890792085740419386863652882577458543480865874867915153337251170085691529 0 0 0 0 0 0 0 0 0 0 0 0 0 0 0 0 0 0 0 0 0 0 0 0 0 0 0 0 0 0 0 0 0 0 0 0 0 0 0 0 0 0 0 0 0 0 0 0 0 0 0 0 0 0 0 0 0 0 0 0 0 0 0 0 0 0 0 0 0 0 0 0 0 0 0 0 0 0 0 0 0 0 0 0 0 0 0 0 0 0 0 0 0 1 0]
[17689060898353722815290453904814554322615728922769470839913927577157730149666776317906472334783681127560284935960707465423190591608297027534200760586763404490279735646157919682191455939851437751039429092629621530166927023602351227060819921193436982314418623028841509155775858885018596568 0 0 0 0 0 0 0 0 0 0 0 0 0 0 0 0 0 0 0 0 0 0 0 0 0 0 0 0 0 0 0 0 0 0 0 0 0 0 0 0 0 0 0 0 0 0 0 0 0 0 0 0 0 0 0 0 0 0 0 0 0 0 0 0 0 0 0 0 0 0 0 0 0 0 0 0 0 0 0 0 0 0 0 0 0 0 0 0 0 0 0 0 0 0 1]
]
