[[4113106283307969500310160305838773396847051641724606724052762040027478659515882652852317733030569083778016018160484787076261335663962551016962024528995265378706476562034123311089851553283987861829 0 0 0 0 0 0 0 0 0 0 0 0 0 0 0 0 0 0 0 0 0 0 0 0 0 0 0 0 0 0 0 0 0 0 0 0 0 0 0 0 0 0 0 0 0 0 0 0 0 0 0 0 0 0 0 0 0 0 0 0 0 0 0 0]
[706945051027450390590655531708647531702905190478118742792243989983873709469231407998472544849322105784238500878146504386253531851710577966553294956037171818436263122813831140193597853782023814079 1 0 0 0 0 0 0 0 0 0 0 0 0 0 0 0 0 0 0 0 0 0 0 0 0 0 0 0 0 0 0 0 0 0 0 0 0 0 0 0 0 0 0 0 0 0 0 0 0 0 0 0 0 0 0 0 0 0 0 0 0 0 0 0]
[2989112131155604218801472875395654494859085552830590426382340871120419198964247129866603647969141625449257214042135803533473381527618403029370877278119279546308892670834592560239400213252100941399 0 1 0 0 0 0 0 0 0 0 0 0 0 0 0 0 0 0 0 0 0 0 0 0 0 0 0 0 0 0 0 0 0 0 0 0 0 0 0 0 0 0 0 0 0 0 0 0 0 0 0 0 0 0 0 0 0 0 0 0 0 0 0 0]
[3589361794335141366356014997990824393956074044445011357227449919437062973000341062029881569438319959359816544498052201868072257028095025796283311852455056178714379212985172489338234225514560151215 0 0 1 0 0 0 0 0 0 0 0 0 0 0 0 0 0 0 0 0 0 0 0 0 0 0 0 0 0 0 0 0 0 0 0 0 0 0 0 0 0 0 0 0 0 0 0 0 0 0 0 0 0 0 0 0 0 0 0 0 0 0 0 0]
[1065991203715727179242007358538881676606940848961628112726655852387301176094204911657639382563750204613757298379388303009207440640572851817633135876720880231511113630730775431454302960638447330903 0 0 0 1 0 0 0 0 0 0 0 0 0 0 0 0 0 0 0 0 0 0 0 0 0 0 0 0 0 0 0 0 0 0 0 0 0 0 0 0 0 0 0 0 0 0 0 0 0 0 0 0 0 0 0 0 0 0 0 0 0 0 0 0]
[710092412790189455712255453538731713509021590209422146152069558270183858662723682122678139045462464855398452941030054682600674093062569361623256911268665911477472295144212714241486134304463177328 0 0 0 0 1 0 0 0 0 0 0 0 0 0 0 0 0 0 0 0 0 0 0 0 0 0 0 0 0 0 0 0 0 0 0 0 0 0 0 0 0 0 0 0 0 0 0 0 0 0 0 0 0 0 0 0 0 0 0 0 0 0 0 0]
[3229067588939655287832545227545604457288133805891491675364792019751458020611579038345057987332771548717796645610758080757544747142438241295388594239641113523077805152470102427890299431453428538548 0 0 0 0 0 1 0 0 0 0 0 0 0 0 0 0 0 0 0 0 0 0 0 0 0 0 0 0 0 0 0 0 0 0 0 0 0 0 0 0 0 0 0 0 0 0 0 0 0 0 0 0 0 0 0 0 0 0 0 0 0 0 0 0]
[3076960943216808910705218303744034121248266490813574089415903547107619763176637059769387820830712343711874266756325310862402697761880459560201969599387002743778423907262433920809003663818530763753 0 0 0 0 0 0 1 0 0 0 0 0 0 0 0 0 0 0 0 0 0 0 0 0 0 0 0 0 0 0 0 0 0 0 0 0 0 0 0 0 0 0 0 0 0 0 0 0 0 0 0 0 0 0 0 0 0 0 0 0 0 0 0 0]
[3865769454845938898425616101390261932362409467215876402351777836642218596271635639833625439819816423104015850921297020014717249479087143461248997243369253969277589061274591116414629260417206361937 0 0 0 0 0 0 0 1 0 0 0 0 0 0 0 0 0 0 0 0 0 0 0 0 0 0 0 0 0 0 0 0 0 0 0 0 0 0 0 0 0 0 0 0 0 0 0 0 0 0 0 0 0 0 0 0 0 0 0 0 0 0 0 0]
[3459120264252619500058028871229863941063708284112653683135705950265338611371596724420988028578037171688837188530920474757586574010297911561255986041357635536973370525846728319964867137234074455996 0 0 0 0 0 0 0 0 1 0 0 0 0 0 0 0 0 0 0 0 0 0 0 0 0 0 0 0 0 0 0 0 0 0 0 0 0 0 0 0 0 0 0 0 0 0 0 0 0 0 0 0 0 0 0 0 0 0 0 0 0 0 0 0]
[280422520704188864271968250850320450868683954817183737651130207012279806393335613748473546634092269069751294495594669308747023829784494699186474958598484615617732512806833451515065052501000970253 0 0 0 0 0 0 0 0 0 1 0 0 0 0 0 0 0 0 0 0 0 0 0 0 0 0 0 0 0 0 0 0 0 0 0 0 0 0 0 0 0 0 0 0 0 0 0 0 0 0 0 0 0 0 0 0 0 0 0 0 0 0 0 0]
[3821177613052691205377480416637900965426782490786173378562395762519947763236440710230393022817195224235924262288515716099917186077751760290532554883588651213945902494844722930332515513842116620163 0 0 0 0 0 0 0 0 0 0 1 0 0 0 0 0 0 0 0 0 0 0 0 0 0 0 0 0 0 0 0 0 0 0 0 0 0 0 0 0 0 0 0 0 0 0 0 0 0 0 0 0 0 0 0 0 0 0 0 0 0 0 0 0]
[1074601167185687764853313212688294643926183822031659422877568289024348585549868213105023380141756361870508613477803675070459036123685993165195753404042497377589322190301549999471527156296324200890 0 0 0 0 0 0 0 0 0 0 0 1 0 0 0 0 0 0 0 0 0 0 0 0 0 0 0 0 0 0 0 0 0 0 0 0 0 0 0 0 0 0 0 0 0 0 0 0 0 0 0 0 0 0 0 0 0 0 0 0 0 0 0 0]
[726337243434255576097923856655222553104638031603029126726864767461074841249225389223422314645271067316362078463080950774364194286938327815720210902763172379451702587525646964185327436859653382940 0 0 0 0 0 0 0 0 0 0 0 0 1 0 0 0 0 0 0 0 0 0 0 0 0 0 0 0 0 0 0 0 0 0 0 0 0 0 0 0 0 0 0 0 0 0 0 0 0 0 0 0 0 0 0 0 0 0 0 0 0 0 0 0]
[907765706679186425572388288523078331115868937109323018943963276361411777809807689102077837205120069463118663262733743813645635065363964449966746501702581224979022566298354440425046189296609624437 0 0 0 0 0 0 0 0 0 0 0 0 0 1 0 0 0 0 0 0 0 0 0 0 0 0 0 0 0 0 0 0 0 0 0 0 0 0 0 0 0 0 0 0 0 0 0 0 0 0 0 0 0 0 0 0 0 0 0 0 0 0 0 0]
[3124416605007286811515946669940136043846421496367260753469351873725695997896963249937760278359386164211516264113933310089843809578597604916404766085455240537791227590553188935590591692762967695975 0 0 0 0 0 0 0 0 0 0 0 0 0 0 1 0 0 0 0 0 0 0 0 0 0 0 0 0 0 0 0 0 0 0 0 0 0 0 0 0 0 0 0 0 0 0 0 0 0 0 0 0 0 0 0 0 0 0 0 0 0 0 0 0]
[3072013601643176985975925424965114867789957773217779077923870695355677413275749273108279449258941911848059435566679211444006287589540243979780541314508505350651640526453625798239765129840342368806 0 0 0 0 0 0 0 0 0 0 0 0 0 0 0 1 0 0 0 0 0 0 0 0 0 0 0 0 0 0 0 0 0 0 0 0 0 0 0 0 0 0 0 0 0 0 0 0 0 0 0 0 0 0 0 0 0 0 0 0 0 0 0 0]
[3046366506252302435170396392891285621125360607767228420416954554861596076604694674743644001242534709324278091218130082519634387809950014151799703010547246866038852139137845496053852401561995884984 0 0 0 0 0 0 0 0 0 0 0 0 0 0 0 0 1 0 0 0 0 0 0 0 0 0 0 0 0 0 0 0 0 0 0 0 0 0 0 0 0 0 0 0 0 0 0 0 0 0 0 0 0 0 0 0 0 0 0 0 0 0 0 0]
[2557425662655366728427343466520864828275690034827942816033540357785034959643638017366479510084726712498509209051330607632020741736280988402128157095703850590587430305451777097579012277909479239027 0 0 0 0 0 0 0 0 0 0 0 0 0 0 0 0 0 1 0 0 0 0 0 0 0 0 0 0 0 0 0 0 0 0 0 0 0 0 0 0 0 0 0 0 0 0 0 0 0 0 0 0 0 0 0 0 0 0 0 0 0 0 0 0]
[195471177404970822124808903145299548530498258628125514715434689626357522100774642960241019295392527335558104351285691772706145599464075711726570513607109597587418076293102862879006314906058052459 0 0 0 0 0 0 0 0 0 0 0 0 0 0 0 0 0 0 1 0 0 0 0 0 0 0 0 0 0 0 0 0 0 0 0 0 0 0 0 0 0 0 0 0 0 0 0 0 0 0 0 0 0 0 0 0 0 0 0 0 0 0 0 0]
[3829519260332978792991988051009791811503458483069578957045952853898116365132683666106859852676896341923220910808363940745714594096726148720860095710675357822956718761176279379970006746985869554673 0 0 0 0 0 0 0 0 0 0 0 0 0 0 0 0 0 0 0 1 0 0 0 0 0 0 0 0 0 0 0 0 0 0 0 0 0 0 0 0 0 0 0 0 0 0 0 0 0 0 0 0 0 0 0 0 0 0 0 0 0 0 0 0]
[796914360457528134504314320995447072498170816206901146708071182436559781329571601062366169145282296649341137669929377875320897496341502173189094019316394738668432054264322743274494230044679767150 0 0 0 0 0 0 0 0 0 0 0 0 0 0 0 0 0 0 0 0 1 0 0 0 0 0 0 0 0 0 0 0 0 0 0 0 0 0 0 0 0 0 0 0 0 0 0 0 0 0 0 0 0 0 0 0 0 0 0 0 0 0 0 0]
[16827877731741601108489875177224969398710898059324071378639657440337306562866792667779221868712996369114152387610940951404553141050100853289369298771820687161595998856440396391035043361556342482 0 0 0 0 0 0 0 0 0 0 0 0 0 0 0 0 0 0 0 0 0 1 0 0 0 0 0 0 0 0 0 0 0 0 0 0 0 0 0 0 0 0 0 0 0 0 0 0 0 0 0 0 0 0 0 0 0 0 0 0 0 0 0 0]
[1253859390434364765873229629625390855938761107735022659814254109577409441634267093004786105949078978701110349015978194051284500964413070094944118276108635730312933100494102404954948859748859220618 0 0 0 0 0 0 0 0 0 0 0 0 0 0 0 0 0 0 0 0 0 0 1 0 0 0 0 0 0 0 0 0 0 0 0 0 0 0 0 0 0 0 0 0 0 0 0 0 0 0 0 0 0 0 0 0 0 0 0 0 0 0 0 0]
[3976435132313682079651581941758270984301673767175134266750782109814874252550595711308725079237627315309671339177661098200748976724257261269802955998096502462844461120165762933620830928105360345141 0 0 0 0 0 0 0 0 0 0 0 0 0 0 0 0 0 0 0 0 0 0 0 1 0 0 0 0 0 0 0 0 0 0 0 0 0 0 0 0 0 0 0 0 0 0 0 0 0 0 0 0 0 0 0 0 0 0 0 0 0 0 0 0]
[3032090348417474013438981553529407457369681088523115368634998164180084026420395896831510690070602459410893588742548359561455933780515175691883019966243659113110338777308942082908717909076711129880 0 0 0 0 0 0 0 0 0 0 0 0 0 0 0 0 0 0 0 0 0 0 0 0 1 0 0 0 0 0 0 0 0 0 0 0 0 0 0 0 0 0 0 0 0 0 0 0 0 0 0 0 0 0 0 0 0 0 0 0 0 0 0 0]
[2191893284720758735682499537184437631607412744689389121744073545352352126403681879333240910492816419776839282061245075680161401493461453882794902415063725913103588318493359109527854649968312933600 0 0 0 0 0 0 0 0 0 0 0 0 0 0 0 0 0 0 0 0 0 0 0 0 0 1 0 0 0 0 0 0 0 0 0 0 0 0 0 0 0 0 0 0 0 0 0 0 0 0 0 0 0 0 0 0 0 0 0 0 0 0 0 0]
[3238283534471470742038613496322711436564623585946432050289735554274821287034243764146569157183656358765814589658956861281665094328852338483727104383304622551811052728599181217350248201668470776540 0 0 0 0 0 0 0 0 0 0 0 0 0 0 0 0 0 0 0 0 0 0 0 0 0 0 1 0 0 0 0 0 0 0 0 0 0 0 0 0 0 0 0 0 0 0 0 0 0 0 0 0 0 0 0 0 0 0 0 0 0 0 0 0]
[994243618566060072765266856067948962072580632766734282624827597481048466646933312034435582051100241415168336309660468628117046576250141116193512108141311732623064909384546525464674878126646628262 0 0 0 0 0 0 0 0 0 0 0 0 0 0 0 0 0 0 0 0 0 0 0 0 0 0 0 1 0 0 0 0 0 0 0 0 0 0 0 0 0 0 0 0 0 0 0 0 0 0 0 0 0 0 0 0 0 0 0 0 0 0 0 0]
[3164791403234574469234422903276561041519505231126180766782494356596027991368958126947661580884468113951847043532603300198894453170815840834789468170932427066151186727186900860610761188107451024711 0 0 0 0 0 0 0 0 0 0 0 0 0 0 0 0 0 0 0 0 0 0 0 0 0 0 0 0 1 0 0 0 0 0 0 0 0 0 0 0 0 0 0 0 0 0 0 0 0 0 0 0 0 0 0 0 0 0 0 0 0 0 0 0]
[3241928927530214387896459815289713307179193225685812782327681921167284211891405339212730424613453105594713889287898213879562593623810010048956569964701498076872437523284190764486130512560040792564 0 0 0 0 0 0 0 0 0 0 0 0 0 0 0 0 0 0 0 0 0 0 0 0 0 0 0 0 0 1 0 0 0 0 0 0 0 0 0 0 0 0 0 0 0 0 0 0 0 0 0 0 0 0 0 0 0 0 0 0 0 0 0 0]
[803234461114124764751063107488700263659874020546321006886877170090524063221874296284782157197557202619134438883430793828929840561160757570443204243922738130326838893218995466781738777212544219959 0 0 0 0 0 0 0 0 0 0 0 0 0 0 0 0 0 0 0 0 0 0 0 0 0 0 0 0 0 0 1 0 0 0 0 0 0 0 0 0 0 0 0 0 0 0 0 0 0 0 0 0 0 0 0 0 0 0 0 0 0 0 0 0]
[1646824136341268962239553627819958026744992243609544284794721263056233808622061767232946330346690439175727928828803925520732710381589853559657808559714946165571397070138346364566500614644602665123 0 0 0 0 0 0 0 0 0 0 0 0 0 0 0 0 0 0 0 0 0 0 0 0 0 0 0 0 0 0 0 1 0 0 0 0 0 0 0 0 0 0 0 0 0 0 0 0 0 0 0 0 0 0 0 0 0 0 0 0 0 0 0 0]
[1485540896485637701538994883999423718397595900813574302057510750362450670890039638356863434364850832490457511673200903524880341641191836437673343855810768055614125734126265171073536980856300867008 0 0 0 0 0 0 0 0 0 0 0 0 0 0 0 0 0 0 0 0 0 0 0 0 0 0 0 0 0 0 0 0 1 0 0 0 0 0 0 0 0 0 0 0 0 0 0 0 0 0 0 0 0 0 0 0 0 0 0 0 0 0 0 0]
[3493503188525231128191578788835542220898341530369565061593926748430768073424848341107910069600013591845783303505689003692994955782065940616664555392662183976771752355037248952471451567682293011013 0 0 0 0 0 0 0 0 0 0 0 0 0 0 0 0 0 0 0 0 0 0 0 0 0 0 0 0 0 0 0 0 0 1 0 0 0 0 0 0 0 0 0 0 0 0 0 0 0 0 0 0 0 0 0 0 0 0 0 0 0 0 0 0]
[3342621954287360157270262388990306429083383098814262696069848935891317580038430107195298824406097649080214496380042904992609497116320704634068768681833936106755402152074087489075008671177308863336 0 0 0 0 0 0 0 0 0 0 0 0 0 0 0 0 0 0 0 0 0 0 0 0 0 0 0 0 0 0 0 0 0 0 1 0 0 0 0 0 0 0 0 0 0 0 0 0 0 0 0 0 0 0 0 0 0 0 0 0 0 0 0 0]
[2323406298450914524481842870823284499703210359545599654238671129257528048032729843390991140722218498241770824736678292650037760920413269353675242612302746528027758452437531542857765598015816102275 0 0 0 0 0 0 0 0 0 0 0 0 0 0 0 0 0 0 0 0 0 0 0 0 0 0 0 0 0 0 0 0 0 0 0 1 0 0 0 0 0 0 0 0 0 0 0 0 0 0 0 0 0 0 0 0 0 0 0 0 0 0 0 0]
[3968529300735309299092385566734039448665324330107359357024545666060180116407046411316090856851124764624085520058385467392879859588997350994591369035531705485581547523743816596623999317296968716600 0 0 0 0 0 0 0 0 0 0 0 0 0 0 0 0 0 0 0 0 0 0 0 0 0 0 0 0 0 0 0 0 0 0 0 0 1 0 0 0 0 0 0 0 0 0 0 0 0 0 0 0 0 0 0 0 0 0 0 0 0 0 0 0]
[3757895113092186829732312158938857857258200747681512844836926969234582513331727725734376643319050760449874879143984132961274582575855444006728795943956688728186888402762445205523908298180029846336 0 0 0 0 0 0 0 0 0 0 0 0 0 0 0 0 0 0 0 0 0 0 0 0 0 0 0 0 0 0 0 0 0 0 0 0 0 1 0 0 0 0 0 0 0 0 0 0 0 0 0 0 0 0 0 0 0 0 0 0 0 0 0 0]
[32066094947158275755787171760390927770707582256716236473887892482283245002793267638937282064308669471872274666858306758797605511188243410674836202935575967304032462541218083084278893187659298050 0 0 0 0 0 0 0 0 0 0 0 0 0 0 0 0 0 0 0 0 0 0 0 0 0 0 0 0 0 0 0 0 0 0 0 0 0 0 1 0 0 0 0 0 0 0 0 0 0 0 0 0 0 0 0 0 0 0 0 0 0 0 0 0]
[3869356435974952922117750969227972739401556731915032084678887372366557263991554589553389448056677506183113498036018153745568857036773342439131826496804489242440629148060622731186576833651865938151 0 0 0 0 0 0 0 0 0 0 0 0 0 0 0 0 0 0 0 0 0 0 0 0 0 0 0 0 0 0 0 0 0 0 0 0 0 0 0 1 0 0 0 0 0 0 0 0 0 0 0 0 0 0 0 0 0 0 0 0 0 0 0 0]
[1000508005548596955092622574925695855938317450643844061963160412023426140043333002530836114285779872815178250455032578407097355159428115349719874824784909973415081464952856484328705295498770519008 0 0 0 0 0 0 0 0 0 0 0 0 0 0 0 0 0 0 0 0 0 0 0 0 0 0 0 0 0 0 0 0 0 0 0 0 0 0 0 0 1 0 0 0 0 0 0 0 0 0 0 0 0 0 0 0 0 0 0 0 0 0 0 0]
[3777674456156126338173120141874776211936341258694761275625064583561952035968135187003732335920500480578613292351870673506906186806287753651852649159706378019923201706853116947344720620573258337776 0 0 0 0 0 0 0 0 0 0 0 0 0 0 0 0 0 0 0 0 0 0 0 0 0 0 0 0 0 0 0 0 0 0 0 0 0 0 0 0 0 1 0 0 0 0 0 0 0 0 0 0 0 0 0 0 0 0 0 0 0 0 0 0]
[1057997298687677477328216670095322942673155461244848742901413499908159874073399132957834673848705922578841484321290074807068690019724896665897659572320817480535993829882366340341757343970028884357 0 0 0 0 0 0 0 0 0 0 0 0 0 0 0 0 0 0 0 0 0 0 0 0 0 0 0 0 0 0 0 0 0 0 0 0 0 0 0 0 0 0 1 0 0 0 0 0 0 0 0 0 0 0 0 0 0 0 0 0 0 0 0 0]
[2751657091723285801844724249746382800984023835715835207916395559053670505491491179169250375947839537432402772441326605678783201865620236296267155183856392928483191300853755137417646196586366912683 0 0 0 0 0 0 0 0 0 0 0 0 0 0 0 0 0 0 0 0 0 0 0 0 0 0 0 0 0 0 0 0 0 0 0 0 0 0 0 0 0 0 0 1 0 0 0 0 0 0 0 0 0 0 0 0 0 0 0 0 0 0 0 0]
[782296007812237070186630695669866789977568244125632662360810315195616145304873355221284389787072751429232781698949384890952921692301670632609556194629796992327529750088932988161150883009673096319 0 0 0 0 0 0 0 0 0 0 0 0 0 0 0 0 0 0 0 0 0 0 0 0 0 0 0 0 0 0 0 0 0 0 0 0 0 0 0 0 0 0 0 0 1 0 0 0 0 0 0 0 0 0 0 0 0 0 0 0 0 0 0 0]
[115823180818650642753619672217294604920399272347851156794114561646256167877642437742153534247962960041325965961394652788700968434715798880647878736461362524146796741045419886656754799204995771643 0 0 0 0 0 0 0 0 0 0 0 0 0 0 0 0 0 0 0 0 0 0 0 0 0 0 0 0 0 0 0 0 0 0 0 0 0 0 0 0 0 0 0 0 0 1 0 0 0 0 0 0 0 0 0 0 0 0 0 0 0 0 0 0]
[1314458230234645485605679812748865457101245885528343987918747566973720228669409083434690057598176569507481687231999731879702553910736371259748295817602992958755378292781598766219026890044289135604 0 0 0 0 0 0 0 0 0 0 0 0 0 0 0 0 0 0 0 0 0 0 0 0 0 0 0 0 0 0 0 0 0 0 0 0 0 0 0 0 0 0 0 0 0 0 1 0 0 0 0 0 0 0 0 0 0 0 0 0 0 0 0 0]
[1028823928117284072436177265359790025598179407803219272208435507757003395782093094025128348442608297232275116286685543643914204830394919911511983761124612566719675816768880090210911972857008764658 0 0 0 0 0 0 0 0 0 0 0 0 0 0 0 0 0 0 0 0 0 0 0 0 0 0 0 0 0 0 0 0 0 0 0 0 0 0 0 0 0 0 0 0 0 0 0 1 0 0 0 0 0 0 0 0 0 0 0 0 0 0 0 0]
[3847859030712903660239144059976678286110792065303258514786347294080070723518005294222459309548064882954193704671409832590766623275515608490758579135036873656728665670653779854659740873471092048505 0 0 0 0 0 0 0 0 0 0 0 0 0 0 0 0 0 0 0 0 0 0 0 0 0 0 0 0 0 0 0 0 0 0 0 0 0 0 0 0 0 0 0 0 0 0 0 0 1 0 0 0 0 0 0 0 0 0 0 0 0 0 0 0]
[2623329961509157462673223985074284533319900951905665706696095303485872266275470644997083658930412371057268193611739109092125612425411096844591913063407198513712699330057603534043782810809263886634 0 0 0 0 0 0 0 0 0 0 0 0 0 0 0 0 0 0 0 0 0 0 0 0 0 0 0 0 0 0 0 0 0 0 0 0 0 0 0 0 0 0 0 0 0 0 0 0 0 1 0 0 0 0 0 0 0 0 0 0 0 0 0 0]
[4190075771653460096730598291864304048153133137967439341639382399410423659144983924883717048080458480538707892309199246286183897146212403968820089546928238447105945053825034459440827741729165964 0 0 0 0 0 0 0 0 0 0 0 0 0 0 0 0 0 0 0 0 0 0 0 0 0 0 0 0 0 0 0 0 0 0 0 0 0 0 0 0 0 0 0 0 0 0 0 0 0 0 1 0 0 0 0 0 0 0 0 0 0 0 0 0]
[2988024753463926889302303305965646389587974160600168716332792602927989883919973571030828415546874724172070416158071543073575893074456538468471908223898759656413750081032555893840735382273295318585 0 0 0 0 0 0 0 0 0 0 0 0 0 0 0 0 0 0 0 0 0 0 0 0 0 0 0 0 0 0 0 0 0 0 0 0 0 0 0 0 0 0 0 0 0 0 0 0 0 0 0 1 0 0 0 0 0 0 0 0 0 0 0 0]
[2853548825359706368693146301593705609346702671659658010277988753331379588180670975411973513931598092761776178300234741136172203307711942493457625714712217065893698464854691619635507966941489526631 0 0 0 0 0 0 0 0 0 0 0 0 0 0 0 0 0 0 0 0 0 0 0 0 0 0 0 0 0 0 0 0 0 0 0 0 0 0 0 0 0 0 0 0 0 0 0 0 0 0 0 0 1 0 0 0 0 0 0 0 0 0 0 0]
[1452800519398640696962983891661356239149835330050210350092693575198146120616501305788634087380107846383858523579144913445328635496492472364159753956051673784291475923315680544825851710632621668131 0 0 0 0 0 0 0 0 0 0 0 0 0 0 0 0 0 0 0 0 0 0 0 0 0 0 0 0 0 0 0 0 0 0 0 0 0 0 0 0 0 0 0 0 0 0 0 0 0 0 0 0 0 1 0 0 0 0 0 0 0 0 0 0]
[2558279150301710790984420365117383393786750693134590892060620467966778811808442012933614637456824993387138324348402502812305933153272247908035451375475179657050274922226197736277871096385102084314 0 0 0 0 0 0 0 0 0 0 0 0 0 0 0 0 0 0 0 0 0 0 0 0 0 0 0 0 0 0 0 0 0 0 0 0 0 0 0 0 0 0 0 0 0 0 0 0 0 0 0 0 0 0 1 0 0 0 0 0 0 0 0 0]
[1515709350706786047988351047585568977326214237198474800715908575230963655294940578321598057683402731603564166527167038385580806560917512275698226955650879670364157800263779282917375224213315407965 0 0 0 0 0 0 0 0 0 0 0 0 0 0 0 0 0 0 0 0 0 0 0 0 0 0 0 0 0 0 0 0 0 0 0 0 0 0 0 0 0 0 0 0 0 0 0 0 0 0 0 0 0 0 0 1 0 0 0 0 0 0 0 0]
[1442141572687638408866563830445956252927990765578607895414921244800450761864468784176405937746800786811860666442332038389751375850109598144690534941017825702547685368624103052838128474420089714173 0 0 0 0 0 0 0 0 0 0 0 0 0 0 0 0 0 0 0 0 0 0 0 0 0 0 0 0 0 0 0 0 0 0 0 0 0 0 0 0 0 0 0 0 0 0 0 0 0 0 0 0 0 0 0 0 1 0 0 0 0 0 0 0]
[3239232751534206420707983390097788331043197768729711260096432133868050227702441453174086811674842130323894927197493715571638913890742790931990449665756528126546220856267331054470362881783110313590 0 0 0 0 0 0 0 0 0 0 0 0 0 0 0 0 0 0 0 0 0 0 0 0 0 0 0 0 0 0 0 0 0 0 0 0 0 0 0 0 0 0 0 0 0 0 0 0 0 0 0 0 0 0 0 0 0 1 0 0 0 0 0 0]
[37294226199865782233371866408937601135046073456599728832428972172754647396847775668161719942898517295992813782521119381568500216474120545616324379357566029128334640176805156662491671650422138457 0 0 0 0 0 0 0 0 0 0 0 0 0 0 0 0 0 0 0 0 0 0 0 0 0 0 0 0 0 0 0 0 0 0 0 0 0 0 0 0 0 0 0 0 0 0 0 0 0 0 0 0 0 0 0 0 0 0 1 0 0 0 0 0]
[2551888882919016766303398221851517463075827813355571224404583263197765648653878568233506229170425489193834952371931325478829769871474927689006027862916204459274512659806142562935665449719014077530 0 0 0 0 0 0 0 0 0 0 0 0 0 0 0 0 0 0 0 0 0 0 0 0 0 0 0 0 0 0 0 0 0 0 0 0 0 0 0 0 0 0 0 0 0 0 0 0 0 0 0 0 0 0 0 0 0 0 0 1 0 0 0 0]
[3946271542385489606577408522138101285362759850383994734580394428903581956111623032260394545537580381344619437581760465200185088050271752599514625679422463294756307401379226740231651431558007278794 0 0 0 0 0 0 0 0 0 0 0 0 0 0 0 0 0 0 0 0 0 0 0 0 0 0 0 0 0 0 0 0 0 0 0 0 0 0 0 0 0 0 0 0 0 0 0 0 0 0 0 0 0 0 0 0 0 0 0 0 1 0 0 0]
[2658059883634336382364076755915291698686649055057452291887947437418003322663766135124056924800008614629516331926696441427844918953288749668098527957418864602220406953131089993346083552162539000661 0 0 0 0 0 0 0 0 0 0 0 0 0 0 0 0 0 0 0 0 0 0 0 0 0 0 0 0 0 0 0 0 0 0 0 0 0 0 0 0 0 0 0 0 0 0 0 0 0 0 0 0 0 0 0 0 0 0 0 0 0 1 0 0]
[3507522363768105894813366169545650077759154857769827340918177902345461750510158149825870584566121428592450994513852485136973623035677338394581368671158685153538176077692786831302736788538413361684 0 0 0 0 0 0 0 0 0 0 0 0 0 0 0 0 0 0 0 0 0 0 0 0 0 0 0 0 0 0 0 0 0 0 0 0 0 0 0 0 0 0 0 0 0 0 0 0 0 0 0 0 0 0 0 0 0 0 0 0 0 0 1 0]
[1385262820145134388734760201561598722975615077213379061467510326549108489482367685535125817464801557884130019656769693790285703782220688009090669911094844841478899698050250702717862736999332750311 0 0 0 0 0 0 0 0 0 0 0 0 0 0 0 0 0 0 0 0 0 0 0 0 0 0 0 0 0 0 0 0 0 0 0 0 0 0 0 0 0 0 0 0 0 0 0 0 0 0 0 0 0 0 0 0 0 0 0 0 0 0 0 1]
]
