[[3725941953407170497979879945915429455175757118542572355911868516055759354251611444247456833985430233725298196533010390025283499338208911004429418195677692958308046384779843442339709 0 0 0 0 0 0 0 0 0 0 0 0 0 0 0 0 0 0 0 0 0 0 0 0 0 0 0 0 0 0 0 0 0 0 0 0 0 0 0 0 0 0 0 0 0 0 0 0 0 0 0 0 0 0 0 0 0 0 0]
[270779205674892198117373050039614172907923427583093026813947325170625929168665857096851435220065443944669875911334113974106079401485120320151799540677546649549238275059425153599475 1 0 0 0 0 0 0 0 0 0 0 0 0 0 0 0 0 0 0 0 0 0 0 0 0 0 0 0 0 0 0 0 0 0 0 0 0 0 0 0 0 0 0 0 0 0 0 0 0 0 0 0 0 0 0 0 0 0 0]
[2181432510240673352505259851659171941742105593554145612548981061032429471009942775057226357251708440702475434641776587378098821732728998221186693746924956859577305407557946502422029 0 1 0 0 0 0 0 0 0 0 0 0 0 0 0 0 0 0 0 0 0 0 0 0 0 0 0 0 0 0 0 0 0 0 0 0 0 0 0 0 0 0 0 0 0 0 0 0 0 0 0 0 0 0 0 0 0 0 0]
[2078206335620017104334503376269519226140369502822287216339014854215733287454425754014897193444136727132853231563385962958692963434172575481227464871171140475099819505763565497295362 0 0 1 0 0 0 0 0 0 0 0 0 0 0 0 0 0 0 0 0 0 0 0 0 0 0 0 0 0 0 0 0 0 0 0 0 0 0 0 0 0 0 0 0 0 0 0 0 0 0 0 0 0 0 0 0 0 0 0]
[3392122714645980162551660780771987692956529229551359125290178750593312821977838755811311953180464988562079523709878238069638958013774796579040025167114100791569483901554444823982198 0 0 0 1 0 0 0 0 0 0 0 0 0 0 0 0 0 0 0 0 0 0 0 0 0 0 0 0 0 0 0 0 0 0 0 0 0 0 0 0 0 0 0 0 0 0 0 0 0 0 0 0 0 0 0 0 0 0 0]
[2735873472877393410646199068888667979926312016469271385266870342519055956415955915399185525723397141203393225922086315869402593337598547182950911049199049844139151747765793484824807 0 0 0 0 1 0 0 0 0 0 0 0 0 0 0 0 0 0 0 0 0 0 0 0 0 0 0 0 0 0 0 0 0 0 0 0 0 0 0 0 0 0 0 0 0 0 0 0 0 0 0 0 0 0 0 0 0 0 0]
[19912651435485182117028029034076993961291541681033161524096121113776943704032238545614703184956017136633137365801176299616525657412895161773388179171946621595598375511256089935718 0 0 0 0 0 1 0 0 0 0 0 0 0 0 0 0 0 0 0 0 0 0 0 0 0 0 0 0 0 0 0 0 0 0 0 0 0 0 0 0 0 0 0 0 0 0 0 0 0 0 0 0 0 0 0 0 0 0 0]
[1340066923901789937895013886975438454914976372606248208780231453705604501608349102571098418473170772095995569241274843251330673900398438157768178038362473892456370853930352291184651 0 0 0 0 0 0 1 0 0 0 0 0 0 0 0 0 0 0 0 0 0 0 0 0 0 0 0 0 0 0 0 0 0 0 0 0 0 0 0 0 0 0 0 0 0 0 0 0 0 0 0 0 0 0 0 0 0 0 0]
[2016586786038828113336443634408850800363689649610098826898369213841864803243081753371266125850434938855170107939323707741121769491289210846424741602262657764005845870945663714272050 0 0 0 0 0 0 0 1 0 0 0 0 0 0 0 0 0 0 0 0 0 0 0 0 0 0 0 0 0 0 0 0 0 0 0 0 0 0 0 0 0 0 0 0 0 0 0 0 0 0 0 0 0 0 0 0 0 0 0]
[13936573468992381382992801251059012759956095404045100737376562080491397811932236385121812423410757687115708226947935872676108369818509052321107948848570033773739893900625705596762 0 0 0 0 0 0 0 0 1 0 0 0 0 0 0 0 0 0 0 0 0 0 0 0 0 0 0 0 0 0 0 0 0 0 0 0 0 0 0 0 0 0 0 0 0 0 0 0 0 0 0 0 0 0 0 0 0 0 0]
[3181498921722478073235381323995498997945355159901943094911039793983997730488184665619765988164049968125561442671268046530447902242012945563800076266796356345082371501427166865023816 0 0 0 0 0 0 0 0 0 1 0 0 0 0 0 0 0 0 0 0 0 0 0 0 0 0 0 0 0 0 0 0 0 0 0 0 0 0 0 0 0 0 0 0 0 0 0 0 0 0 0 0 0 0 0 0 0 0 0]
[810741821149175924718459890926428487598071948084349349945548466386946598411338902512183070011051930655717818525247800253681945409460660017987585011458261326077563339729237050945220 0 0 0 0 0 0 0 0 0 0 1 0 0 0 0 0 0 0 0 0 0 0 0 0 0 0 0 0 0 0 0 0 0 0 0 0 0 0 0 0 0 0 0 0 0 0 0 0 0 0 0 0 0 0 0 0 0 0 0]
[3023392281140516066763305066952124819357981688018081291855521296302042169266790812121336475882821042453858848004208217801757224143449803768067922212727358301880256190375937489376514 0 0 0 0 0 0 0 0 0 0 0 1 0 0 0 0 0 0 0 0 0 0 0 0 0 0 0 0 0 0 0 0 0 0 0 0 0 0 0 0 0 0 0 0 0 0 0 0 0 0 0 0 0 0 0 0 0 0 0]
[3506127926834978186590442829028923443193960436301414911971077275436278801704283322962756910065869500286447349011363393006101452605234971342045259019452481333024289400547825735391151 0 0 0 0 0 0 0 0 0 0 0 0 1 0 0 0 0 0 0 0 0 0 0 0 0 0 0 0 0 0 0 0 0 0 0 0 0 0 0 0 0 0 0 0 0 0 0 0 0 0 0 0 0 0 0 0 0 0 0]
[2608908244352726586816966104917518162125293939076573667661208413960115928275902030467442706947729555271719708651231435409639806807265666473410511398321452830767740166613891420853922 0 0 0 0 0 0 0 0 0 0 0 0 0 1 0 0 0 0 0 0 0 0 0 0 0 0 0 0 0 0 0 0 0 0 0 0 0 0 0 0 0 0 0 0 0 0 0 0 0 0 0 0 0 0 0 0 0 0 0]
[3366258009739684549518607818411997815476439322970584684860765690114484766450236373967663516841345564431225900194698228928437496414252931884849324847636720112168025298419063175084789 0 0 0 0 0 0 0 0 0 0 0 0 0 0 1 0 0 0 0 0 0 0 0 0 0 0 0 0 0 0 0 0 0 0 0 0 0 0 0 0 0 0 0 0 0 0 0 0 0 0 0 0 0 0 0 0 0 0 0]
[2467026890436260994528632753018874812318465324936013504140420307881433175974432800568280589239143518332091916104771498323316322204554562905436627487343099850517170952294245332180716 0 0 0 0 0 0 0 0 0 0 0 0 0 0 0 1 0 0 0 0 0 0 0 0 0 0 0 0 0 0 0 0 0 0 0 0 0 0 0 0 0 0 0 0 0 0 0 0 0 0 0 0 0 0 0 0 0 0 0]
[1124499028133490660481099327409728522055780717059985640997414224695036916593037960848957969238512794333306564329982110235704864304982308700129308132234225902919024743776007657303386 0 0 0 0 0 0 0 0 0 0 0 0 0 0 0 0 1 0 0 0 0 0 0 0 0 0 0 0 0 0 0 0 0 0 0 0 0 0 0 0 0 0 0 0 0 0 0 0 0 0 0 0 0 0 0 0 0 0 0]
[1261386755663689280975108808057809475756628635885843115467150513486835692862402458356490078223662457422374177726237323521672027513718211169283720026909766683067634749869571352362259 0 0 0 0 0 0 0 0 0 0 0 0 0 0 0 0 0 1 0 0 0 0 0 0 0 0 0 0 0 0 0 0 0 0 0 0 0 0 0 0 0 0 0 0 0 0 0 0 0 0 0 0 0 0 0 0 0 0 0]
[1848832313018384633239741296991545203751977967637361240358772422304043109606086679012689958461651567662956487553614441797816260850924962099573687571664449590609866473547510984577758 0 0 0 0 0 0 0 0 0 0 0 0 0 0 0 0 0 0 1 0 0 0 0 0 0 0 0 0 0 0 0 0 0 0 0 0 0 0 0 0 0 0 0 0 0 0 0 0 0 0 0 0 0 0 0 0 0 0 0]
[1369098346038053085056140267143235499030834708773561020956700720269325861336322336060133074917203439314978452710598295612676636515626496812067961610893619737003712077815325000103961 0 0 0 0 0 0 0 0 0 0 0 0 0 0 0 0 0 0 0 1 0 0 0 0 0 0 0 0 0 0 0 0 0 0 0 0 0 0 0 0 0 0 0 0 0 0 0 0 0 0 0 0 0 0 0 0 0 0 0]
[1318415291387377901827302229493262426308155484652464622286748994708084372906977187653786874299312366337511719126078154558609327712397581413100491808763213302144244092905362206467697 0 0 0 0 0 0 0 0 0 0 0 0 0 0 0 0 0 0 0 0 1 0 0 0 0 0 0 0 0 0 0 0 0 0 0 0 0 0 0 0 0 0 0 0 0 0 0 0 0 0 0 0 0 0 0 0 0 0 0]
[1937914256426404727226583644271910988068463458396630584630938085432798850531672915596936091847239441399991465069831676075420769086075053746339099487069009385940828228675630649576770 0 0 0 0 0 0 0 0 0 0 0 0 0 0 0 0 0 0 0 0 0 1 0 0 0 0 0 0 0 0 0 0 0 0 0 0 0 0 0 0 0 0 0 0 0 0 0 0 0 0 0 0 0 0 0 0 0 0 0]
[857987264297125686299779224126923501154708289142482137185208040753164806121487596164302130425147720272312694350882319415413781732084773796179855243341214252859575689056777905266293 0 0 0 0 0 0 0 0 0 0 0 0 0 0 0 0 0 0 0 0 0 0 1 0 0 0 0 0 0 0 0 0 0 0 0 0 0 0 0 0 0 0 0 0 0 0 0 0 0 0 0 0 0 0 0 0 0 0 0]
[1426176490728296683159045779137981049236505129064542996734073566542120905987714025722509652293654204467543198479341755983101347235404288340397342189067971843435076058777908577121546 0 0 0 0 0 0 0 0 0 0 0 0 0 0 0 0 0 0 0 0 0 0 0 1 0 0 0 0 0 0 0 0 0 0 0 0 0 0 0 0 0 0 0 0 0 0 0 0 0 0 0 0 0 0 0 0 0 0 0]
[575417287355981388287321963554336027862336856009918410616935522474859656668277032327924163948198732228043590318258644482565901683876914886537982502674522393295899949445572458872180 0 0 0 0 0 0 0 0 0 0 0 0 0 0 0 0 0 0 0 0 0 0 0 0 1 0 0 0 0 0 0 0 0 0 0 0 0 0 0 0 0 0 0 0 0 0 0 0 0 0 0 0 0 0 0 0 0 0 0]
[2763259795807716027478162589235867720552964536183521264550721598355860625042044536251695301509900784304951096471631671534977520443339259804036099927776578847804599947241639221248472 0 0 0 0 0 0 0 0 0 0 0 0 0 0 0 0 0 0 0 0 0 0 0 0 0 1 0 0 0 0 0 0 0 0 0 0 0 0 0 0 0 0 0 0 0 0 0 0 0 0 0 0 0 0 0 0 0 0 0]
[3345719700195093302849724877777055434057927610865440610159975284052410177506292095331325981392912778800371144328327513616975425792283413417590915336630804609479886884739958073386723 0 0 0 0 0 0 0 0 0 0 0 0 0 0 0 0 0 0 0 0 0 0 0 0 0 0 1 0 0 0 0 0 0 0 0 0 0 0 0 0 0 0 0 0 0 0 0 0 0 0 0 0 0 0 0 0 0 0 0]
[758526283444642839451464131498249745685047699210683613986122176742547365301934786425203382286779848820510945251682696443091098228166018076669462917860974009951885662571682140370142 0 0 0 0 0 0 0 0 0 0 0 0 0 0 0 0 0 0 0 0 0 0 0 0 0 0 0 1 0 0 0 0 0 0 0 0 0 0 0 0 0 0 0 0 0 0 0 0 0 0 0 0 0 0 0 0 0 0 0]
[15919429471337092984119130334089779671995982048662895078802864024758716210285124824064826718434572447113401365461299683926273555762191412623686877042313834263688165725500076946930 0 0 0 0 0 0 0 0 0 0 0 0 0 0 0 0 0 0 0 0 0 0 0 0 0 0 0 0 1 0 0 0 0 0 0 0 0 0 0 0 0 0 0 0 0 0 0 0 0 0 0 0 0 0 0 0 0 0 0]
[2825991052273116155067210947065027119130601251469350586064131434738834586862782328916060331178753011310001237861920868299842507569501105194357838260567877417456894970297920856592084 0 0 0 0 0 0 0 0 0 0 0 0 0 0 0 0 0 0 0 0 0 0 0 0 0 0 0 0 0 1 0 0 0 0 0 0 0 0 0 0 0 0 0 0 0 0 0 0 0 0 0 0 0 0 0 0 0 0 0]
[3037519887850660784343255253658342352596517362776031587383778049281973630562638169870083569316109234573140494091537133223288384276320262623389272551660360931044911423053261145814521 0 0 0 0 0 0 0 0 0 0 0 0 0 0 0 0 0 0 0 0 0 0 0 0 0 0 0 0 0 0 1 0 0 0 0 0 0 0 0 0 0 0 0 0 0 0 0 0 0 0 0 0 0 0 0 0 0 0 0]
[214857680807181127997796401148532874019932627993294431049153701381392503205892612091395027895300325157443004571620496032091910244513860025087614461000570126155017084188243072818871 0 0 0 0 0 0 0 0 0 0 0 0 0 0 0 0 0 0 0 0 0 0 0 0 0 0 0 0 0 0 0 1 0 0 0 0 0 0 0 0 0 0 0 0 0 0 0 0 0 0 0 0 0 0 0 0 0 0 0]
[1613006970720049222927352689092467013264230903638456944821253125986274478767348116706182503112303682658230727553908520845477803084408219529474934287261388870196318726593870721363893 0 0 0 0 0 0 0 0 0 0 0 0 0 0 0 0 0 0 0 0 0 0 0 0 0 0 0 0 0 0 0 0 1 0 0 0 0 0 0 0 0 0 0 0 0 0 0 0 0 0 0 0 0 0 0 0 0 0 0]
[468792084383428556434872025645874369417916612109531821570625838148056575454875479428885757391955781976707056595283492651332280592041738444435774565368727537113739007421233822283409 0 0 0 0 0 0 0 0 0 0 0 0 0 0 0 0 0 0 0 0 0 0 0 0 0 0 0 0 0 0 0 0 0 1 0 0 0 0 0 0 0 0 0 0 0 0 0 0 0 0 0 0 0 0 0 0 0 0 0]
[3464985557849145356453120426354277128562008632899988058032608537090338052589138633909470906677368271441297774451530696793529968883309433913782515826895605448699651731374069974126427 0 0 0 0 0 0 0 0 0 0 0 0 0 0 0 0 0 0 0 0 0 0 0 0 0 0 0 0 0 0 0 0 0 0 1 0 0 0 0 0 0 0 0 0 0 0 0 0 0 0 0 0 0 0 0 0 0 0 0]
[3435247633653812291186807545435385078089473139154388905882041518376002313818899546133934810255777953613654203213804523586512555332762975563463846823289001621134335578179119176503375 0 0 0 0 0 0 0 0 0 0 0 0 0 0 0 0 0 0 0 0 0 0 0 0 0 0 0 0 0 0 0 0 0 0 0 1 0 0 0 0 0 0 0 0 0 0 0 0 0 0 0 0 0 0 0 0 0 0 0]
[2815785497423733372015490922104144927018018973786694681608910514237690698578656239338723196923956954282704045775637365061771046044073598086040871656838653411917238734235744031109015 0 0 0 0 0 0 0 0 0 0 0 0 0 0 0 0 0 0 0 0 0 0 0 0 0 0 0 0 0 0 0 0 0 0 0 0 1 0 0 0 0 0 0 0 0 0 0 0 0 0 0 0 0 0 0 0 0 0 0]
[1905629182313564560038695793573073549787205293215125208606132631979560442299712160399278541505113657768339446008743911789003234231062898270619428214064892046821600138439180944600558 0 0 0 0 0 0 0 0 0 0 0 0 0 0 0 0 0 0 0 0 0 0 0 0 0 0 0 0 0 0 0 0 0 0 0 0 0 1 0 0 0 0 0 0 0 0 0 0 0 0 0 0 0 0 0 0 0 0 0]
[2427675106967283378878004282784074424593273016078866706339659203796514623660766707510340024480944242040225107669913806898555876582252430689630637731196498989968655167993701125640133 0 0 0 0 0 0 0 0 0 0 0 0 0 0 0 0 0 0 0 0 0 0 0 0 0 0 0 0 0 0 0 0 0 0 0 0 0 0 1 0 0 0 0 0 0 0 0 0 0 0 0 0 0 0 0 0 0 0 0]
[961705715318233534195148582834550705056249597389638418430876073704901097315313945175960966276530853484886663371318359537962712176791695388593489885570647580525053500346679307909681 0 0 0 0 0 0 0 0 0 0 0 0 0 0 0 0 0 0 0 0 0 0 0 0 0 0 0 0 0 0 0 0 0 0 0 0 0 0 0 1 0 0 0 0 0 0 0 0 0 0 0 0 0 0 0 0 0 0 0]
[77777391243456164152442974430367605529360958920676806087356764085263221968685010935648329584961740260995296397914746416997981587433886284179555786625730413367943582577485110095376 0 0 0 0 0 0 0 0 0 0 0 0 0 0 0 0 0 0 0 0 0 0 0 0 0 0 0 0 0 0 0 0 0 0 0 0 0 0 0 0 1 0 0 0 0 0 0 0 0 0 0 0 0 0 0 0 0 0 0]
[3604785195066043766298087520130400503116452504251725411900608020833702570448644252986615522577837946596200212380540392643389966135837854319006190232795801866321163562622323596587108 0 0 0 0 0 0 0 0 0 0 0 0 0 0 0 0 0 0 0 0 0 0 0 0 0 0 0 0 0 0 0 0 0 0 0 0 0 0 0 0 0 1 0 0 0 0 0 0 0 0 0 0 0 0 0 0 0 0 0]
[3232288111971350429761317626526832692174753689301045871204442994295391354492160867841176523314252910504552352734914245381736119707371477453131479197607852344898999681659356199259184 0 0 0 0 0 0 0 0 0 0 0 0 0 0 0 0 0 0 0 0 0 0 0 0 0 0 0 0 0 0 0 0 0 0 0 0 0 0 0 0 0 0 1 0 0 0 0 0 0 0 0 0 0 0 0 0 0 0 0]
[3646794584826095060627508885090340187196712897790046749823602303233509993254904014175907600897257297704488668100936764636206770012619849528636098453272747366737099413088543004109331 0 0 0 0 0 0 0 0 0 0 0 0 0 0 0 0 0 0 0 0 0 0 0 0 0 0 0 0 0 0 0 0 0 0 0 0 0 0 0 0 0 0 0 1 0 0 0 0 0 0 0 0 0 0 0 0 0 0 0]
[187184287859152528709368693627140123536493315034988930826932292174883250943598687458831419803048807696418235413965332254880986026670732733787366456643564527110266117963300621825812 0 0 0 0 0 0 0 0 0 0 0 0 0 0 0 0 0 0 0 0 0 0 0 0 0 0 0 0 0 0 0 0 0 0 0 0 0 0 0 0 0 0 0 0 1 0 0 0 0 0 0 0 0 0 0 0 0 0 0]
[246772508891471915082092107701257197963054923662093572682863426985208586475742749472928214661117332299582476325979031845337525598181943205775911556804769579211598796944103285663244 0 0 0 0 0 0 0 0 0 0 0 0 0 0 0 0 0 0 0 0 0 0 0 0 0 0 0 0 0 0 0 0 0 0 0 0 0 0 0 0 0 0 0 0 0 1 0 0 0 0 0 0 0 0 0 0 0 0 0]
[1090314247971550537813090432803599451293345641206240360943860388694476162143148647762462466572402399040510968859195027978803809702896926404289676380511636482669231550644703434780755 0 0 0 0 0 0 0 0 0 0 0 0 0 0 0 0 0 0 0 0 0 0 0 0 0 0 0 0 0 0 0 0 0 0 0 0 0 0 0 0 0 0 0 0 0 0 1 0 0 0 0 0 0 0 0 0 0 0 0]
[3361705033325189260772985173101694481267511612297820268499926821835098708336026838882884597407873017142774716666338161386283439137486708580033210898561371934798827495337585008479295 0 0 0 0 0 0 0 0 0 0 0 0 0 0 0 0 0 0 0 0 0 0 0 0 0 0 0 0 0 0 0 0 0 0 0 0 0 0 0 0 0 0 0 0 0 0 0 1 0 0 0 0 0 0 0 0 0 0 0]
[3722145593131758172431639061506920107936771834775609608984777198011950807087484127738463940286126787129762264093120473354186177375719760835443313730924354944485331696271525314153487 0 0 0 0 0 0 0 0 0 0 0 0 0 0 0 0 0 0 0 0 0 0 0 0 0 0 0 0 0 0 0 0 0 0 0 0 0 0 0 0 0 0 0 0 0 0 0 0 1 0 0 0 0 0 0 0 0 0 0]
[2897625956255479944592645137254140203250076806433343313248024983045189324050238155908498416228383620372585564926175817416364194697410052232991729948851719556605719892843909223828729 0 0 0 0 0 0 0 0 0 0 0 0 0 0 0 0 0 0 0 0 0 0 0 0 0 0 0 0 0 0 0 0 0 0 0 0 0 0 0 0 0 0 0 0 0 0 0 0 0 1 0 0 0 0 0 0 0 0 0]
[3592456668396094914231465949641336677107462394191039224738671350106395018224890727436297521102299661896803247737534436123519723750870624893053671881518977461048918111087232062672566 0 0 0 0 0 0 0 0 0 0 0 0 0 0 0 0 0 0 0 0 0 0 0 0 0 0 0 0 0 0 0 0 0 0 0 0 0 0 0 0 0 0 0 0 0 0 0 0 0 0 1 0 0 0 0 0 0 0 0]
[2601068937894393207348963033586095436385279429617120796783388636376641809945701269528191621022497059122566257217597884476662590747596934808116930786644950594417386688118469890114530 0 0 0 0 0 0 0 0 0 0 0 0 0 0 0 0 0 0 0 0 0 0 0 0 0 0 0 0 0 0 0 0 0 0 0 0 0 0 0 0 0 0 0 0 0 0 0 0 0 0 0 1 0 0 0 0 0 0 0]
[1338499495848324238533961746287066587438877730057270369584991083601858613445721976377554195141384388475627791028261323011551836881318454414253483334997624368500671008605816301072341 0 0 0 0 0 0 0 0 0 0 0 0 0 0 0 0 0 0 0 0 0 0 0 0 0 0 0 0 0 0 0 0 0 0 0 0 0 0 0 0 0 0 0 0 0 0 0 0 0 0 0 0 1 0 0 0 0 0 0]
[2421240378573179765051588303536834891377748194730914499284702505377006483150264075446927387363038245235855144773733244232320990315363495350963451614870692933082765280555267246101964 0 0 0 0 0 0 0 0 0 0 0 0 0 0 0 0 0 0 0 0 0 0 0 0 0 0 0 0 0 0 0 0 0 0 0 0 0 0 0 0 0 0 0 0 0 0 0 0 0 0 0 0 0 1 0 0 0 0 0]
[1250940218759095832816760243242003135272360255139133739014275442864514654789770838451769988062196056567770693320672883947611301972427043416864246748497355344052417318869405232119618 0 0 0 0 0 0 0 0 0 0 0 0 0 0 0 0 0 0 0 0 0 0 0 0 0 0 0 0 0 0 0 0 0 0 0 0 0 0 0 0 0 0 0 0 0 0 0 0 0 0 0 0 0 0 1 0 0 0 0]
[547985945105124783744350350999269219191571884349666296155051040496590245106883573547902992160374088986691522281015187269591921840480410375965354240552173519286630410005782358800720 0 0 0 0 0 0 0 0 0 0 0 0 0 0 0 0 0 0 0 0 0 0 0 0 0 0 0 0 0 0 0 0 0 0 0 0 0 0 0 0 0 0 0 0 0 0 0 0 0 0 0 0 0 0 0 1 0 0 0]
[3060332722040745604918414633896076655065057200346587778310627916898620425038930535647109390250256142947857170463242648520643419148396589313125938397948711909145185749780883029273816 0 0 0 0 0 0 0 0 0 0 0 0 0 0 0 0 0 0 0 0 0 0 0 0 0 0 0 0 0 0 0 0 0 0 0 0 0 0 0 0 0 0 0 0 0 0 0 0 0 0 0 0 0 0 0 0 1 0 0]
[3356664696531294865948133501312058528739603189366582547832053800108894623861046784571649088141569342531518570537452595194926043233457534971595512388533511289468187559577218885770614 0 0 0 0 0 0 0 0 0 0 0 0 0 0 0 0 0 0 0 0 0 0 0 0 0 0 0 0 0 0 0 0 0 0 0 0 0 0 0 0 0 0 0 0 0 0 0 0 0 0 0 0 0 0 0 0 0 1 0]
[536258640129060624378290663174849090749388066212770497798685735610563497311591920108302016010634811587118991628817506459767672127555920875298665241733619290387118455073632738069103 0 0 0 0 0 0 0 0 0 0 0 0 0 0 0 0 0 0 0 0 0 0 0 0 0 0 0 0 0 0 0 0 0 0 0 0 0 0 0 0 0 0 0 0 0 0 0 0 0 0 0 0 0 0 0 0 0 0 1]
]
