[[8377176044273960072942600682446836818956113626377308124698775974894473793715920193256545141718672293875676888964275370095958080095391825757526303979681202050272512953849892573237131999042582072877571689662372987728467373097457950442069924304306402598988817684528599833477 0 0 0 0 0 0 0 0 0 0 0 0 0 0 0 0 0 0 0 0 0 0 0 0 0 0 0 0 0 0 0 0 0 0 0 0 0 0 0 0 0 0 0 0 0 0 0 0 0 0 0 0 0 0 0 0 0 0 0 0 0 0 0 0 0 0 0 0 0 0 0 0 0 0 0 0 0 0 0 0 0 0 0 0 0 0 0 0 0]
[3540759976773178498936578375426971585551528359834135627245583907970467830678398601125449878986155055525754424723341597697033889047598334027004088307386673307944985126799311259534167599610580987786463524244593339205509432818768273911775580866407467379305254179937980443665 1 0 0 0 0 0 0 0 0 0 0 0 0 0 0 0 0 0 0 0 0 0 0 0 0 0 0 0 0 0 0 0 0 0 0 0 0 0 0 0 0 0 0 0 0 0 0 0 0 0 0 0 0 0 0 0 0 0 0 0 0 0 0 0 0 0 0 0 0 0 0 0 0 0 0 0 0 0 0 0 0 0 0 0 0 0 0 0 0]
[7008349344637489556522831778528678380562151976667517747653514698688969701310169090651766211629613472800769231899278622386540580704341339671264350715071400157927709426183533331984496693499845688204701500043282061889999507917841475820178196992414917018911881978108477577559 0 1 0 0 0 0 0 0 0 0 0 0 0 0 0 0 0 0 0 0 0 0 0 0 0 0 0 0 0 0 0 0 0 0 0 0 0 0 0 0 0 0 0 0 0 0 0 0 0 0 0 0 0 0 0 0 0 0 0 0 0 0 0 0 0 0 0 0 0 0 0 0 0 0 0 0 0 0 0 0 0 0 0 0 0 0 0 0 0]
[8183157648244988744334890697416789460867994910044500401725523226301947442374168685034634503504979044480112040942491526615742145141542491772360457267010419375985272904340387994878648518645927461656472888944609380257134135169838635622763487553645434259208232009723540740224 0 0 1 0 0 0 0 0 0 0 0 0 0 0 0 0 0 0 0 0 0 0 0 0 0 0 0 0 0 0 0 0 0 0 0 0 0 0 0 0 0 0 0 0 0 0 0 0 0 0 0 0 0 0 0 0 0 0 0 0 0 0 0 0 0 0 0 0 0 0 0 0 0 0 0 0 0 0 0 0 0 0 0 0 0 0 0 0 0]
[6232163304521413454160042152564258735855220785965314063739257631149884411590554899701178470439851227204234316947905548736689128172674012454306422418733391477426501550330706031767986573752409159867653416245512792293779112299069712520644576166585244006484645144965390929541 0 0 0 1 0 0 0 0 0 0 0 0 0 0 0 0 0 0 0 0 0 0 0 0 0 0 0 0 0 0 0 0 0 0 0 0 0 0 0 0 0 0 0 0 0 0 0 0 0 0 0 0 0 0 0 0 0 0 0 0 0 0 0 0 0 0 0 0 0 0 0 0 0 0 0 0 0 0 0 0 0 0 0 0 0 0 0 0 0]
[1256040133504382210620712415229400573027084675350445303851035517413838072008995009280987290204455605964388109418633071977001606037802839759416171169356738059401875000157218264598215614019300065437771841434595177912706109177166080716405102270076080404198809598485608056954 0 0 0 0 1 0 0 0 0 0 0 0 0 0 0 0 0 0 0 0 0 0 0 0 0 0 0 0 0 0 0 0 0 0 0 0 0 0 0 0 0 0 0 0 0 0 0 0 0 0 0 0 0 0 0 0 0 0 0 0 0 0 0 0 0 0 0 0 0 0 0 0 0 0 0 0 0 0 0 0 0 0 0 0 0 0 0 0 0]
[7602969929954415302298316035772753690447643292902272861612730736643091491368578537165175604504241904333558424857435868171901179665167533754659254345517874645591770431876134248429238755993055360596755896940288474532961330491446605119535173100860206243321198561346423533224 0 0 0 0 0 1 0 0 0 0 0 0 0 0 0 0 0 0 0 0 0 0 0 0 0 0 0 0 0 0 0 0 0 0 0 0 0 0 0 0 0 0 0 0 0 0 0 0 0 0 0 0 0 0 0 0 0 0 0 0 0 0 0 0 0 0 0 0 0 0 0 0 0 0 0 0 0 0 0 0 0 0 0 0 0 0 0 0 0]
[8206206420729724814631726270973838936366028002788429752406564504683361822620204785502825594509362806517713941532405935077689325165048799813119477349138780812274491244721157359206564857182071165687171572674217545686092072388104165633279402424632774853909870423146285803334 0 0 0 0 0 0 1 0 0 0 0 0 0 0 0 0 0 0 0 0 0 0 0 0 0 0 0 0 0 0 0 0 0 0 0 0 0 0 0 0 0 0 0 0 0 0 0 0 0 0 0 0 0 0 0 0 0 0 0 0 0 0 0 0 0 0 0 0 0 0 0 0 0 0 0 0 0 0 0 0 0 0 0 0 0 0 0 0 0]
[82076581770480298431966289925409527177136849187936342248385348512967879104507632549243836641175903965117778961899898069183568825846391885896703582938863650144004893860509846197105792426941480453851418135156226972636885561851840823653989496868597842715300565878545424528 0 0 0 0 0 0 0 1 0 0 0 0 0 0 0 0 0 0 0 0 0 0 0 0 0 0 0 0 0 0 0 0 0 0 0 0 0 0 0 0 0 0 0 0 0 0 0 0 0 0 0 0 0 0 0 0 0 0 0 0 0 0 0 0 0 0 0 0 0 0 0 0 0 0 0 0 0 0 0 0 0 0 0 0 0 0 0 0 0]
[1544609099832655683472685136843192928169455835474677995264181912837418045545314240471151228209400298313699070934037719504409943681272277685285201352715143852346388691429811602360232415055525820307137016533058905617012670301881129362799888227663566751942457329676398183998 0 0 0 0 0 0 0 0 1 0 0 0 0 0 0 0 0 0 0 0 0 0 0 0 0 0 0 0 0 0 0 0 0 0 0 0 0 0 0 0 0 0 0 0 0 0 0 0 0 0 0 0 0 0 0 0 0 0 0 0 0 0 0 0 0 0 0 0 0 0 0 0 0 0 0 0 0 0 0 0 0 0 0 0 0 0 0 0 0]
[2546078121187036391644069266719657270716478292225815752838999687087080529610599807956384520667548861573303619740104176950941086213969727791057212472289231510497997411703962960647366353956803747238749401551154247868857824684867476035042100879251567085394994693636692462747 0 0 0 0 0 0 0 0 0 1 0 0 0 0 0 0 0 0 0 0 0 0 0 0 0 0 0 0 0 0 0 0 0 0 0 0 0 0 0 0 0 0 0 0 0 0 0 0 0 0 0 0 0 0 0 0 0 0 0 0 0 0 0 0 0 0 0 0 0 0 0 0 0 0 0 0 0 0 0 0 0 0 0 0 0 0 0 0 0]
[1436231121576557656548938355099149330619529296149423180938795649222312368083913996330810992249734300694695037815202852745295810006942496972200722505838784703024826727864071950520374874236714068156832020796223369050772484052093089824025249579344681962747759379615073133924 0 0 0 0 0 0 0 0 0 0 1 0 0 0 0 0 0 0 0 0 0 0 0 0 0 0 0 0 0 0 0 0 0 0 0 0 0 0 0 0 0 0 0 0 0 0 0 0 0 0 0 0 0 0 0 0 0 0 0 0 0 0 0 0 0 0 0 0 0 0 0 0 0 0 0 0 0 0 0 0 0 0 0 0 0 0 0 0 0]
[49870595462955915502716196100350668027376604241179054476800405185632723817078883004078894876389111891747697366108255570167016077784350141783141155859970735563567991135226379592456907499084681908993313850678852719907548008098828877804310073797496758296273023364517800825 0 0 0 0 0 0 0 0 0 0 0 1 0 0 0 0 0 0 0 0 0 0 0 0 0 0 0 0 0 0 0 0 0 0 0 0 0 0 0 0 0 0 0 0 0 0 0 0 0 0 0 0 0 0 0 0 0 0 0 0 0 0 0 0 0 0 0 0 0 0 0 0 0 0 0 0 0 0 0 0 0 0 0 0 0 0 0 0 0]
[1638970530720206553770717551074112073393501461919379430231871667668641160540305807421503408177704000009420512712525955735378177229501133471236932543301432707296180904348611436062799016156083477477421712715455557638620845506373854511072652128604340509474572328906081970294 0 0 0 0 0 0 0 0 0 0 0 0 1 0 0 0 0 0 0 0 0 0 0 0 0 0 0 0 0 0 0 0 0 0 0 0 0 0 0 0 0 0 0 0 0 0 0 0 0 0 0 0 0 0 0 0 0 0 0 0 0 0 0 0 0 0 0 0 0 0 0 0 0 0 0 0 0 0 0 0 0 0 0 0 0 0 0 0 0]
[7391793821133879583626407064688835749978987694616373564945034394374791697045867137476668160403853836987275566003834345913784180307452067636489356729229374239413311728880999480068836896561628918930818540379746320866656903928428749884486134700014814991505919113682428324254 0 0 0 0 0 0 0 0 0 0 0 0 0 1 0 0 0 0 0 0 0 0 0 0 0 0 0 0 0 0 0 0 0 0 0 0 0 0 0 0 0 0 0 0 0 0 0 0 0 0 0 0 0 0 0 0 0 0 0 0 0 0 0 0 0 0 0 0 0 0 0 0 0 0 0 0 0 0 0 0 0 0 0 0 0 0 0 0 0]
[222104511372807808095247921853397724633389375922005604726250626697564894842788926339315537545191018235433584458532224610795590477629837192362539989883647173488409349958752707586260868168302301244081506170912452843431490242679762781385173224763337173603659578731229231730 0 0 0 0 0 0 0 0 0 0 0 0 0 0 1 0 0 0 0 0 0 0 0 0 0 0 0 0 0 0 0 0 0 0 0 0 0 0 0 0 0 0 0 0 0 0 0 0 0 0 0 0 0 0 0 0 0 0 0 0 0 0 0 0 0 0 0 0 0 0 0 0 0 0 0 0 0 0 0 0 0 0 0 0 0 0 0 0 0]
[3547504295232877711752594175911233627602663927538786620756203467928120446766971713044194913306234497933485012901000471706675893239367435601003399635430561343103797803016602409368883590263875537378035117144069580722096540612297500676127768326873083392128314178808505388062 0 0 0 0 0 0 0 0 0 0 0 0 0 0 0 1 0 0 0 0 0 0 0 0 0 0 0 0 0 0 0 0 0 0 0 0 0 0 0 0 0 0 0 0 0 0 0 0 0 0 0 0 0 0 0 0 0 0 0 0 0 0 0 0 0 0 0 0 0 0 0 0 0 0 0 0 0 0 0 0 0 0 0 0 0 0 0 0 0]
[593800309408884768666523008752864575636991653040370042195477056740857715026357839757863189006399382181980340380976909249608306024575439423284998670059274688446950448209596259462995166940904881433692372264681379594722726088049483282997101175034765649067363477791725221835 0 0 0 0 0 0 0 0 0 0 0 0 0 0 0 0 1 0 0 0 0 0 0 0 0 0 0 0 0 0 0 0 0 0 0 0 0 0 0 0 0 0 0 0 0 0 0 0 0 0 0 0 0 0 0 0 0 0 0 0 0 0 0 0 0 0 0 0 0 0 0 0 0 0 0 0 0 0 0 0 0 0 0 0 0 0 0 0 0]
[681772956090106369018851659236908151615812867819214551192800780424414333774295064379213738305450357155387441700414735249623552164461930877223171714667146515869137369241997215310618208528297949768676639300296466259021993622752499709468208882570582968138883031217114691959 0 0 0 0 0 0 0 0 0 0 0 0 0 0 0 0 0 1 0 0 0 0 0 0 0 0 0 0 0 0 0 0 0 0 0 0 0 0 0 0 0 0 0 0 0 0 0 0 0 0 0 0 0 0 0 0 0 0 0 0 0 0 0 0 0 0 0 0 0 0 0 0 0 0 0 0 0 0 0 0 0 0 0 0 0 0 0 0 0]
[2007617611656358065039684787231209377336872941389974939538489347214930253444626416300985339112067534924305573752321219169235785261640326964301942782392056065072239541198370521848191273485350923621652368246557072627082292964749317386645605037421123379735380883311864060326 0 0 0 0 0 0 0 0 0 0 0 0 0 0 0 0 0 0 1 0 0 0 0 0 0 0 0 0 0 0 0 0 0 0 0 0 0 0 0 0 0 0 0 0 0 0 0 0 0 0 0 0 0 0 0 0 0 0 0 0 0 0 0 0 0 0 0 0 0 0 0 0 0 0 0 0 0 0 0 0 0 0 0 0 0 0 0 0 0]
[7561277172875168080212452409042857287437645370375205400169969233124803077306136025219317193930019219485163284162413770002808274112813788370092389412619055913916502462394175077595737323752802570031076258063564136892839325334423986976144585964049027980352475271177684145260 0 0 0 0 0 0 0 0 0 0 0 0 0 0 0 0 0 0 0 1 0 0 0 0 0 0 0 0 0 0 0 0 0 0 0 0 0 0 0 0 0 0 0 0 0 0 0 0 0 0 0 0 0 0 0 0 0 0 0 0 0 0 0 0 0 0 0 0 0 0 0 0 0 0 0 0 0 0 0 0 0 0 0 0 0 0 0 0 0]
[5460549035151054975984441759688236672185627298717956305993653416188674551511984825546090760803965910183059968648350884184612645042700786668070434703497959330652263495306446876911856866053767114490571754050497003440340259646588886186306123103656741537988770829632355544399 0 0 0 0 0 0 0 0 0 0 0 0 0 0 0 0 0 0 0 0 1 0 0 0 0 0 0 0 0 0 0 0 0 0 0 0 0 0 0 0 0 0 0 0 0 0 0 0 0 0 0 0 0 0 0 0 0 0 0 0 0 0 0 0 0 0 0 0 0 0 0 0 0 0 0 0 0 0 0 0 0 0 0 0 0 0 0 0 0]
[2876643719527587317280404328689576617430624735274631489783697909505023973183729372214111557646672038437390336758029403719381901223736167681343072952353756855450642770182143766858069155870589405461600769440815465744774040714267118137123471976780624848297858950861932394914 0 0 0 0 0 0 0 0 0 0 0 0 0 0 0 0 0 0 0 0 0 1 0 0 0 0 0 0 0 0 0 0 0 0 0 0 0 0 0 0 0 0 0 0 0 0 0 0 0 0 0 0 0 0 0 0 0 0 0 0 0 0 0 0 0 0 0 0 0 0 0 0 0 0 0 0 0 0 0 0 0 0 0 0 0 0 0 0 0]
[5759626687269308556211566167037522864396469433421411865804389878989409540419788197794114948647488912464868964348482620843327426992319099878124241289668962441879212919851431304413916177763893785844596192047715447974724452615590944159210984094658991648790239055519427037069 0 0 0 0 0 0 0 0 0 0 0 0 0 0 0 0 0 0 0 0 0 0 1 0 0 0 0 0 0 0 0 0 0 0 0 0 0 0 0 0 0 0 0 0 0 0 0 0 0 0 0 0 0 0 0 0 0 0 0 0 0 0 0 0 0 0 0 0 0 0 0 0 0 0 0 0 0 0 0 0 0 0 0 0 0 0 0 0 0]
[2532304641445409125248494389005954178071164560294744207422573233298608811425677299886196226521656246295718437006528991083346554832882487445977251895214349621884862168108307976509683047249548714167922218007616855389203861008736619901395519427738754885376036315061217267980 0 0 0 0 0 0 0 0 0 0 0 0 0 0 0 0 0 0 0 0 0 0 0 1 0 0 0 0 0 0 0 0 0 0 0 0 0 0 0 0 0 0 0 0 0 0 0 0 0 0 0 0 0 0 0 0 0 0 0 0 0 0 0 0 0 0 0 0 0 0 0 0 0 0 0 0 0 0 0 0 0 0 0 0 0 0 0 0 0]
[7798038676463466661673189109138531931449862524718883909344639923048913012057265669926754721833081083425916546306820633012313593955576248613734908679887518118604383438849134966331893481498027743465163634134206011433063514407225036917042654730029285137479269192511770008408 0 0 0 0 0 0 0 0 0 0 0 0 0 0 0 0 0 0 0 0 0 0 0 0 1 0 0 0 0 0 0 0 0 0 0 0 0 0 0 0 0 0 0 0 0 0 0 0 0 0 0 0 0 0 0 0 0 0 0 0 0 0 0 0 0 0 0 0 0 0 0 0 0 0 0 0 0 0 0 0 0 0 0 0 0 0 0 0 0]
[6113306662421496308043293659273375746737508604945340048759013511058082189855716749117675530775389767010350734988419001314456011435238388429099380910882055004775010822833276726267614603000466640229014759980090279349955342130068726656062239207854620073258810680092607728306 0 0 0 0 0 0 0 0 0 0 0 0 0 0 0 0 0 0 0 0 0 0 0 0 0 1 0 0 0 0 0 0 0 0 0 0 0 0 0 0 0 0 0 0 0 0 0 0 0 0 0 0 0 0 0 0 0 0 0 0 0 0 0 0 0 0 0 0 0 0 0 0 0 0 0 0 0 0 0 0 0 0 0 0 0 0 0 0 0]
[3123257519019115069808456333115450205503900069759210086131343223643503070768525312033581284334693825689861134321746634206009534206859258125952675745440868513483276195129584163039377111318602266757432621555050761615728667460383461553799610393878830625635810663755998889006 0 0 0 0 0 0 0 0 0 0 0 0 0 0 0 0 0 0 0 0 0 0 0 0 0 0 1 0 0 0 0 0 0 0 0 0 0 0 0 0 0 0 0 0 0 0 0 0 0 0 0 0 0 0 0 0 0 0 0 0 0 0 0 0 0 0 0 0 0 0 0 0 0 0 0 0 0 0 0 0 0 0 0 0 0 0 0 0 0]
[439149610360870600249454733155820518813591924280546818498289369890567259335349263675406535504254957132319130606128880578394404184297640536105836917740007302376203545697830249631329391755727523965904257346321647574493955871544523212185459024601915067747161125934965837294 0 0 0 0 0 0 0 0 0 0 0 0 0 0 0 0 0 0 0 0 0 0 0 0 0 0 0 1 0 0 0 0 0 0 0 0 0 0 0 0 0 0 0 0 0 0 0 0 0 0 0 0 0 0 0 0 0 0 0 0 0 0 0 0 0 0 0 0 0 0 0 0 0 0 0 0 0 0 0 0 0 0 0 0 0 0 0 0 0]
[1640106573504024310114980737638226076195728888819631000110702388699573509796155114390241012199425215726266722989357432071422255803146845053698516492148733618353481534257036216335713953994517566117081470387122625452001300986553208891862595949312430367820417952075891563009 0 0 0 0 0 0 0 0 0 0 0 0 0 0 0 0 0 0 0 0 0 0 0 0 0 0 0 0 1 0 0 0 0 0 0 0 0 0 0 0 0 0 0 0 0 0 0 0 0 0 0 0 0 0 0 0 0 0 0 0 0 0 0 0 0 0 0 0 0 0 0 0 0 0 0 0 0 0 0 0 0 0 0 0 0 0 0 0 0]
[3815703724558355598286621685321178034660733230264766593637303905122376146634265827176215455527796020157140502114905875262079037694022882179549135233998487565054115830847927081913924960003584109086350080938101645959617365973866873593948244927666227505191828232449158419657 0 0 0 0 0 0 0 0 0 0 0 0 0 0 0 0 0 0 0 0 0 0 0 0 0 0 0 0 0 1 0 0 0 0 0 0 0 0 0 0 0 0 0 0 0 0 0 0 0 0 0 0 0 0 0 0 0 0 0 0 0 0 0 0 0 0 0 0 0 0 0 0 0 0 0 0 0 0 0 0 0 0 0 0 0 0 0 0 0]
[4995960250120208997241305954221411581448684568285379924698487270635125393469632040577737437517232634609284693828280454610524430097179148917750423602030504120105836322780333723889627187544088744874892454756928049124383019744509321331100339448147791177441293290099668428165 0 0 0 0 0 0 0 0 0 0 0 0 0 0 0 0 0 0 0 0 0 0 0 0 0 0 0 0 0 0 1 0 0 0 0 0 0 0 0 0 0 0 0 0 0 0 0 0 0 0 0 0 0 0 0 0 0 0 0 0 0 0 0 0 0 0 0 0 0 0 0 0 0 0 0 0 0 0 0 0 0 0 0 0 0 0 0 0 0]
[4782987363365904427452343613298184038989056784774995917754994142158623826306446615780980431876620080551736545136133581214857365875592812500971075446731739417001121931757675055428703285107300654538411238584987213616627906895993644154923604358598476197404727057348938805363 0 0 0 0 0 0 0 0 0 0 0 0 0 0 0 0 0 0 0 0 0 0 0 0 0 0 0 0 0 0 0 1 0 0 0 0 0 0 0 0 0 0 0 0 0 0 0 0 0 0 0 0 0 0 0 0 0 0 0 0 0 0 0 0 0 0 0 0 0 0 0 0 0 0 0 0 0 0 0 0 0 0 0 0 0 0 0 0 0]
[1251750742769179344564640259784654543340538491432695249481335278134125368062568841375152562382292347522191921957266649487362788804976930243698072890729334264751755280878241829562078085128111756202168725244540577093923611242057649336489261246775420998033983400945669599185 0 0 0 0 0 0 0 0 0 0 0 0 0 0 0 0 0 0 0 0 0 0 0 0 0 0 0 0 0 0 0 0 1 0 0 0 0 0 0 0 0 0 0 0 0 0 0 0 0 0 0 0 0 0 0 0 0 0 0 0 0 0 0 0 0 0 0 0 0 0 0 0 0 0 0 0 0 0 0 0 0 0 0 0 0 0 0 0 0]
[5163405697792659778904998431357488061893969976459925546383617422997547465391220987279059169137157024830359782709709295087216336574798609745169607405360314922353193478299535241082074628000277470281474411143340001532475253647899311153394177727835481097327099526893672093189 0 0 0 0 0 0 0 0 0 0 0 0 0 0 0 0 0 0 0 0 0 0 0 0 0 0 0 0 0 0 0 0 0 1 0 0 0 0 0 0 0 0 0 0 0 0 0 0 0 0 0 0 0 0 0 0 0 0 0 0 0 0 0 0 0 0 0 0 0 0 0 0 0 0 0 0 0 0 0 0 0 0 0 0 0 0 0 0 0]
[8195221243454987108047248240515284114752139112365584418296968507543499239646497432283637032640131746167766721006286312565875884453505456056716052332356943895686182688490422280806644593613863999095124854840849434412203157651029359318305251340038833102676297536067490233668 0 0 0 0 0 0 0 0 0 0 0 0 0 0 0 0 0 0 0 0 0 0 0 0 0 0 0 0 0 0 0 0 0 0 1 0 0 0 0 0 0 0 0 0 0 0 0 0 0 0 0 0 0 0 0 0 0 0 0 0 0 0 0 0 0 0 0 0 0 0 0 0 0 0 0 0 0 0 0 0 0 0 0 0 0 0 0 0 0]
[7532634588059712885089952238653752046125346373783791943913310361932358534321094272799500381921401440188233166972044753930826434829863204438549834456293636816103206225055291020226454816901412096598306080163354276356663104167630350848919786130490412644039499923229184266585 0 0 0 0 0 0 0 0 0 0 0 0 0 0 0 0 0 0 0 0 0 0 0 0 0 0 0 0 0 0 0 0 0 0 0 1 0 0 0 0 0 0 0 0 0 0 0 0 0 0 0 0 0 0 0 0 0 0 0 0 0 0 0 0 0 0 0 0 0 0 0 0 0 0 0 0 0 0 0 0 0 0 0 0 0 0 0 0 0]
[4403322489387257167384434321936529095019996351788434872805974325920442290438539957916549185080459324040884628713620864767878651387886602674682598458878581120786133591848496642424328433944741088598256758969481757717109125394918413539132420047954682346806344102246058218212 0 0 0 0 0 0 0 0 0 0 0 0 0 0 0 0 0 0 0 0 0 0 0 0 0 0 0 0 0 0 0 0 0 0 0 0 1 0 0 0 0 0 0 0 0 0 0 0 0 0 0 0 0 0 0 0 0 0 0 0 0 0 0 0 0 0 0 0 0 0 0 0 0 0 0 0 0 0 0 0 0 0 0 0 0 0 0 0 0]
[5527831911427490111050763523610571777368719071558668401183475966438966251632386595757863317932160396092822208739565040282461294148914111259004871105711861961819279765195783262050599398152569111340881408027277746972948382193089254682087881042181824396658677871622677863901 0 0 0 0 0 0 0 0 0 0 0 0 0 0 0 0 0 0 0 0 0 0 0 0 0 0 0 0 0 0 0 0 0 0 0 0 0 1 0 0 0 0 0 0 0 0 0 0 0 0 0 0 0 0 0 0 0 0 0 0 0 0 0 0 0 0 0 0 0 0 0 0 0 0 0 0 0 0 0 0 0 0 0 0 0 0 0 0 0]
[7664139210796284239115420253447714676750307098172522320143687949480726463981321800649865997539147831827908763114398160468470972853998768334836622973055346929506229938083548525423117794122816975501128649851543383361327483821078149823902985887864800107313380034809212217326 0 0 0 0 0 0 0 0 0 0 0 0 0 0 0 0 0 0 0 0 0 0 0 0 0 0 0 0 0 0 0 0 0 0 0 0 0 0 1 0 0 0 0 0 0 0 0 0 0 0 0 0 0 0 0 0 0 0 0 0 0 0 0 0 0 0 0 0 0 0 0 0 0 0 0 0 0 0 0 0 0 0 0 0 0 0 0 0 0]
[7743548701768668328256165214866141630986772363326690910738043374254423699598858678088676067469392701519523447870220922841240527530156057050527517555913307711795305476233594435961098865571681296626386291831640451483006448703648869707671406449497861511114847262458807819079 0 0 0 0 0 0 0 0 0 0 0 0 0 0 0 0 0 0 0 0 0 0 0 0 0 0 0 0 0 0 0 0 0 0 0 0 0 0 0 1 0 0 0 0 0 0 0 0 0 0 0 0 0 0 0 0 0 0 0 0 0 0 0 0 0 0 0 0 0 0 0 0 0 0 0 0 0 0 0 0 0 0 0 0 0 0 0 0 0]
[986559369599205581152650775968406639934747368843682104011881202987936641051944974707810975027751326756327323368378596780678854626571741456883448784820202235170455190371293791743503353175394104913419536717150314230753739019780345282514014136827345607035937929933335113243 0 0 0 0 0 0 0 0 0 0 0 0 0 0 0 0 0 0 0 0 0 0 0 0 0 0 0 0 0 0 0 0 0 0 0 0 0 0 0 0 1 0 0 0 0 0 0 0 0 0 0 0 0 0 0 0 0 0 0 0 0 0 0 0 0 0 0 0 0 0 0 0 0 0 0 0 0 0 0 0 0 0 0 0 0 0 0 0 0]
[1163846595064921837999989931131437674487628570216927161845516722162475242586356903211579949575650878207256028637564102942915420706093354312102456869819550245291671348345955786308410013331876206989454206772911517167516999452041120604573030576671725331718701229128141662683 0 0 0 0 0 0 0 0 0 0 0 0 0 0 0 0 0 0 0 0 0 0 0 0 0 0 0 0 0 0 0 0 0 0 0 0 0 0 0 0 0 1 0 0 0 0 0 0 0 0 0 0 0 0 0 0 0 0 0 0 0 0 0 0 0 0 0 0 0 0 0 0 0 0 0 0 0 0 0 0 0 0 0 0 0 0 0 0 0]
[3403819013957033558697140771328422443729371676232635437359951567681947540182408996798340406328403772198180008736170649537031513697774212525406746023097548430392275782150730760263350350562906826019385811736859806981912413208251858139014759014140344053219435150412228021265 0 0 0 0 0 0 0 0 0 0 0 0 0 0 0 0 0 0 0 0 0 0 0 0 0 0 0 0 0 0 0 0 0 0 0 0 0 0 0 0 0 0 1 0 0 0 0 0 0 0 0 0 0 0 0 0 0 0 0 0 0 0 0 0 0 0 0 0 0 0 0 0 0 0 0 0 0 0 0 0 0 0 0 0 0 0 0 0 0]
[7874367427103735298446116242651260203959685012913781490351688055073374377120509780193924995063635205364863299500156195323915508760977135135719844963661217855182513629257949144153485142770495134326342124534536418626264924836670735443830702500955152179258613415208826414676 0 0 0 0 0 0 0 0 0 0 0 0 0 0 0 0 0 0 0 0 0 0 0 0 0 0 0 0 0 0 0 0 0 0 0 0 0 0 0 0 0 0 0 1 0 0 0 0 0 0 0 0 0 0 0 0 0 0 0 0 0 0 0 0 0 0 0 0 0 0 0 0 0 0 0 0 0 0 0 0 0 0 0 0 0 0 0 0 0]
[8150969955822717014570181529894704552417413365674596142667958072083481473704113374187704064118468598551035500449695752482137873136019133993240600940819381480344992837431711617749674553290113880667043183993359419669636074996046149295416548993369677685217321931408250433117 0 0 0 0 0 0 0 0 0 0 0 0 0 0 0 0 0 0 0 0 0 0 0 0 0 0 0 0 0 0 0 0 0 0 0 0 0 0 0 0 0 0 0 0 1 0 0 0 0 0 0 0 0 0 0 0 0 0 0 0 0 0 0 0 0 0 0 0 0 0 0 0 0 0 0 0 0 0 0 0 0 0 0 0 0 0 0 0 0]
[1729989943825438563806438784305267951972669544652273609701045331478045966130567706312150160880195893893545237456905291651701285547327983185435368221944910797249034758053120199921380472322654106603862281907064398402638233421724000048159854311537843697400220063838532062680 0 0 0 0 0 0 0 0 0 0 0 0 0 0 0 0 0 0 0 0 0 0 0 0 0 0 0 0 0 0 0 0 0 0 0 0 0 0 0 0 0 0 0 0 0 1 0 0 0 0 0 0 0 0 0 0 0 0 0 0 0 0 0 0 0 0 0 0 0 0 0 0 0 0 0 0 0 0 0 0 0 0 0 0 0 0 0 0 0]
[4229105228741289715977105576734527919480712421462562000331822830256025826240615035009268621609448856499579614880440062558243412878298236562343705769821864714523236433726065301039561789025516954529851230231636003300681048645902959837845569750813599008770738158861049936652 0 0 0 0 0 0 0 0 0 0 0 0 0 0 0 0 0 0 0 0 0 0 0 0 0 0 0 0 0 0 0 0 0 0 0 0 0 0 0 0 0 0 0 0 0 0 1 0 0 0 0 0 0 0 0 0 0 0 0 0 0 0 0 0 0 0 0 0 0 0 0 0 0 0 0 0 0 0 0 0 0 0 0 0 0 0 0 0 0]
[5342372125816858871166482124259352023258488235430992104559265141640866923555065404483973634641794073356905173523828567855930950506980369404699730526301591657615433926509536715599468393683733858267124917175775898871598394228162770725361938184401431023814076756645567931762 0 0 0 0 0 0 0 0 0 0 0 0 0 0 0 0 0 0 0 0 0 0 0 0 0 0 0 0 0 0 0 0 0 0 0 0 0 0 0 0 0 0 0 0 0 0 0 1 0 0 0 0 0 0 0 0 0 0 0 0 0 0 0 0 0 0 0 0 0 0 0 0 0 0 0 0 0 0 0 0 0 0 0 0 0 0 0 0 0]
[6787753244425423572801236089968492759163854776097869426322487390784343600034199868794007366449676261500520102151621685372737567315933660476675307319173004940547566785526192088765302514801159551510755076530142381246293754792631433612148544559251510718971962750677224499519 0 0 0 0 0 0 0 0 0 0 0 0 0 0 0 0 0 0 0 0 0 0 0 0 0 0 0 0 0 0 0 0 0 0 0 0 0 0 0 0 0 0 0 0 0 0 0 0 1 0 0 0 0 0 0 0 0 0 0 0 0 0 0 0 0 0 0 0 0 0 0 0 0 0 0 0 0 0 0 0 0 0 0 0 0 0 0 0 0]
[4634810266792245988407586231768610081426390543797855545831895908504781221049942992481130949867489170188611243367164242162766542607292279773062154026590854609618817286727723326570808569681330523277448369069216474273594244012213154255373907807179755510513148406717481921371 0 0 0 0 0 0 0 0 0 0 0 0 0 0 0 0 0 0 0 0 0 0 0 0 0 0 0 0 0 0 0 0 0 0 0 0 0 0 0 0 0 0 0 0 0 0 0 0 0 1 0 0 0 0 0 0 0 0 0 0 0 0 0 0 0 0 0 0 0 0 0 0 0 0 0 0 0 0 0 0 0 0 0 0 0 0 0 0 0]
[286454840008427095772251775793495624967996720025750353525550981207254603110739347304726737788709482780299824971172222541695027294176971958905688147332760213249618663384657099479360587953667556360807274815951555144408966689056578134044028476143872946187511128980670630573 0 0 0 0 0 0 0 0 0 0 0 0 0 0 0 0 0 0 0 0 0 0 0 0 0 0 0 0 0 0 0 0 0 0 0 0 0 0 0 0 0 0 0 0 0 0 0 0 0 0 1 0 0 0 0 0 0 0 0 0 0 0 0 0 0 0 0 0 0 0 0 0 0 0 0 0 0 0 0 0 0 0 0 0 0 0 0 0 0]
[6962170547158491434115048764845304839908447973569704166951535845907512193295977171024143902695499813026748177731750089437695331538547161258584716667833020599039375217911322158408464993013662811744127327084377557635177390585367142442158603555242610429168465617135377135156 0 0 0 0 0 0 0 0 0 0 0 0 0 0 0 0 0 0 0 0 0 0 0 0 0 0 0 0 0 0 0 0 0 0 0 0 0 0 0 0 0 0 0 0 0 0 0 0 0 0 0 1 0 0 0 0 0 0 0 0 0 0 0 0 0 0 0 0 0 0 0 0 0 0 0 0 0 0 0 0 0 0 0 0 0 0 0 0 0]
[60082637633591583445268201856113782827209299364114900488931960063875968021454199220975248137935507711149775957531195624483117678497892731733463233492585966072422537598519935080624715366029040148080663698445262216654998123438359655981073387203357731408477115639009434006 0 0 0 0 0 0 0 0 0 0 0 0 0 0 0 0 0 0 0 0 0 0 0 0 0 0 0 0 0 0 0 0 0 0 0 0 0 0 0 0 0 0 0 0 0 0 0 0 0 0 0 0 1 0 0 0 0 0 0 0 0 0 0 0 0 0 0 0 0 0 0 0 0 0 0 0 0 0 0 0 0 0 0 0 0 0 0 0 0]
[6881461393169749408483882458581288233674150791967814225133430170456515550041224967674854159544618830541351380759451452620373139279506057795754044644912262134441376289096181268759356675497801908948995519866127014542795887425803955769680289555476699476599763613830570850693 0 0 0 0 0 0 0 0 0 0 0 0 0 0 0 0 0 0 0 0 0 0 0 0 0 0 0 0 0 0 0 0 0 0 0 0 0 0 0 0 0 0 0 0 0 0 0 0 0 0 0 0 0 1 0 0 0 0 0 0 0 0 0 0 0 0 0 0 0 0 0 0 0 0 0 0 0 0 0 0 0 0 0 0 0 0 0 0 0]
[430338817278703275161058258363895970479949342016032841736658311904078106417144696470758714665774685039137431089483823904710851409082634246871603563566407858713490162899804452469097457766360549294420510061446514008166742559071339992896662018392809569438205914023420644187 0 0 0 0 0 0 0 0 0 0 0 0 0 0 0 0 0 0 0 0 0 0 0 0 0 0 0 0 0 0 0 0 0 0 0 0 0 0 0 0 0 0 0 0 0 0 0 0 0 0 0 0 0 0 1 0 0 0 0 0 0 0 0 0 0 0 0 0 0 0 0 0 0 0 0 0 0 0 0 0 0 0 0 0 0 0 0 0 0]
[7655126500751480285187171518702265678197808383314937240608651334058244989285148937784720897581639402975007488267402594589756023409018214505216960551307583203628135937749757363223616336188729560616496695817193475998038887033150973644757581159160928648850621765168602242327 0 0 0 0 0 0 0 0 0 0 0 0 0 0 0 0 0 0 0 0 0 0 0 0 0 0 0 0 0 0 0 0 0 0 0 0 0 0 0 0 0 0 0 0 0 0 0 0 0 0 0 0 0 0 0 1 0 0 0 0 0 0 0 0 0 0 0 0 0 0 0 0 0 0 0 0 0 0 0 0 0 0 0 0 0 0 0 0 0]
[751297233199730691667380119880778556945118056749841219155904709635072795993315821174829521215800131856566542122988179208860010508737016509370894812910868871601286475998008204894362948294638398401099598601437352416283456440716923971995667351715069018822835871589137663375 0 0 0 0 0 0 0 0 0 0 0 0 0 0 0 0 0 0 0 0 0 0 0 0 0 0 0 0 0 0 0 0 0 0 0 0 0 0 0 0 0 0 0 0 0 0 0 0 0 0 0 0 0 0 0 0 1 0 0 0 0 0 0 0 0 0 0 0 0 0 0 0 0 0 0 0 0 0 0 0 0 0 0 0 0 0 0 0 0]
[5832539073356201488949240363329590245650911375891087326605167708541114108260383289543525918751220508771785099000561407418375161257179476860739641968899816127160908544158088360742336305452246167889258795420110119872861316548256313391865018100185856438857666969554466312256 0 0 0 0 0 0 0 0 0 0 0 0 0 0 0 0 0 0 0 0 0 0 0 0 0 0 0 0 0 0 0 0 0 0 0 0 0 0 0 0 0 0 0 0 0 0 0 0 0 0 0 0 0 0 0 0 0 1 0 0 0 0 0 0 0 0 0 0 0 0 0 0 0 0 0 0 0 0 0 0 0 0 0 0 0 0 0 0 0]
[1857956989073286406095119480104370632038732023169779360938770192364591255425784583852818095939326134167496259001398511836057418727785306640063127014034487174644966074225086139140738817521951294641515906459364615433344808489323422087750664824938263337406642650527354703273 0 0 0 0 0 0 0 0 0 0 0 0 0 0 0 0 0 0 0 0 0 0 0 0 0 0 0 0 0 0 0 0 0 0 0 0 0 0 0 0 0 0 0 0 0 0 0 0 0 0 0 0 0 0 0 0 0 0 1 0 0 0 0 0 0 0 0 0 0 0 0 0 0 0 0 0 0 0 0 0 0 0 0 0 0 0 0 0 0]
[6931071880584547276484914698180946512400009122296764864007565093680288381445421220790573860414176192390566409598926171748026033171553344728162694601370775351903566985296092170168953722652755376452934076192792302362490016938697888400052788403410793751592471293280043407330 0 0 0 0 0 0 0 0 0 0 0 0 0 0 0 0 0 0 0 0 0 0 0 0 0 0 0 0 0 0 0 0 0 0 0 0 0 0 0 0 0 0 0 0 0 0 0 0 0 0 0 0 0 0 0 0 0 0 0 1 0 0 0 0 0 0 0 0 0 0 0 0 0 0 0 0 0 0 0 0 0 0 0 0 0 0 0 0 0]
[6651106794939431078297120373185327376588768117065128324735004822091474126529039139992527800810748468595252512574449708720009709193775313500342711063361080394749964036291553782665154341261444724310676409079067356493024346258418831701606361092888529762070292200700890465011 0 0 0 0 0 0 0 0 0 0 0 0 0 0 0 0 0 0 0 0 0 0 0 0 0 0 0 0 0 0 0 0 0 0 0 0 0 0 0 0 0 0 0 0 0 0 0 0 0 0 0 0 0 0 0 0 0 0 0 0 1 0 0 0 0 0 0 0 0 0 0 0 0 0 0 0 0 0 0 0 0 0 0 0 0 0 0 0 0]
[6259028818656480041057663012363912155898283804096282965924630721150845673776454795943686349998476227631838294372480726259178332026525355468831148128922143320048352881988052720591511295326364124326267145500279185991837957198492961549469137840041036998130957948636752125575 0 0 0 0 0 0 0 0 0 0 0 0 0 0 0 0 0 0 0 0 0 0 0 0 0 0 0 0 0 0 0 0 0 0 0 0 0 0 0 0 0 0 0 0 0 0 0 0 0 0 0 0 0 0 0 0 0 0 0 0 0 1 0 0 0 0 0 0 0 0 0 0 0 0 0 0 0 0 0 0 0 0 0 0 0 0 0 0 0]
[4026424856081936512883296579977245786738760712668313615183550570838887810075390171986628482320910407604633798464911491082402424085861398731666075500282371984718232928962850290953756542329151595547983678128056686043319244221794188654702101033806764392062880980663665310234 0 0 0 0 0 0 0 0 0 0 0 0 0 0 0 0 0 0 0 0 0 0 0 0 0 0 0 0 0 0 0 0 0 0 0 0 0 0 0 0 0 0 0 0 0 0 0 0 0 0 0 0 0 0 0 0 0 0 0 0 0 0 1 0 0 0 0 0 0 0 0 0 0 0 0 0 0 0 0 0 0 0 0 0 0 0 0 0 0]
[3824285163616010464297194593168356870069254558317050881932119619228006658683215255989180969225248631496009774896236277623548343981601207091415862988545466709371516193255396287921849702085210922813991967746658878215140616600856376483427233420235250876137290709281698991019 0 0 0 0 0 0 0 0 0 0 0 0 0 0 0 0 0 0 0 0 0 0 0 0 0 0 0 0 0 0 0 0 0 0 0 0 0 0 0 0 0 0 0 0 0 0 0 0 0 0 0 0 0 0 0 0 0 0 0 0 0 0 0 1 0 0 0 0 0 0 0 0 0 0 0 0 0 0 0 0 0 0 0 0 0 0 0 0 0]
[5799876427402868592738897306419977236606097303952511923039856415458396859693274094658954107712306808183665184021468839041058884016181521236164776053234586457433142556271312914619047322758359910402795985104835765302191312041268614425381069693433736563500957538320561411081 0 0 0 0 0 0 0 0 0 0 0 0 0 0 0 0 0 0 0 0 0 0 0 0 0 0 0 0 0 0 0 0 0 0 0 0 0 0 0 0 0 0 0 0 0 0 0 0 0 0 0 0 0 0 0 0 0 0 0 0 0 0 0 0 1 0 0 0 0 0 0 0 0 0 0 0 0 0 0 0 0 0 0 0 0 0 0 0 0]
[1998221489165843122125391250222351430536622630556099366612563411171833933441221319098580557991795252791028420222428493254927930064542975733137954180000709447248432037196403765381695824048260947023451365074713813568575068272450341989552306496096678903005584704984468541459 0 0 0 0 0 0 0 0 0 0 0 0 0 0 0 0 0 0 0 0 0 0 0 0 0 0 0 0 0 0 0 0 0 0 0 0 0 0 0 0 0 0 0 0 0 0 0 0 0 0 0 0 0 0 0 0 0 0 0 0 0 0 0 0 0 1 0 0 0 0 0 0 0 0 0 0 0 0 0 0 0 0 0 0 0 0 0 0 0]
[3478709385227526038595943539383028336107399733264332877661102731178503546853871200271285174859943155092279241339700407406548445824085216173697473900609038938756891587116269121253992621642209443491836321204467945645828475483555281976799768260718405563897590554274390358795 0 0 0 0 0 0 0 0 0 0 0 0 0 0 0 0 0 0 0 0 0 0 0 0 0 0 0 0 0 0 0 0 0 0 0 0 0 0 0 0 0 0 0 0 0 0 0 0 0 0 0 0 0 0 0 0 0 0 0 0 0 0 0 0 0 0 1 0 0 0 0 0 0 0 0 0 0 0 0 0 0 0 0 0 0 0 0 0 0]
[4785755286789175305958926536184426904900404114984297760509604089578953016985990752947544863780071669958294787315332611868870829603777286651512445165937001180131848056785304198932146156988032058011582888047420948338603081356510197586118600260554913714402337448500564463752 0 0 0 0 0 0 0 0 0 0 0 0 0 0 0 0 0 0 0 0 0 0 0 0 0 0 0 0 0 0 0 0 0 0 0 0 0 0 0 0 0 0 0 0 0 0 0 0 0 0 0 0 0 0 0 0 0 0 0 0 0 0 0 0 0 0 0 1 0 0 0 0 0 0 0 0 0 0 0 0 0 0 0 0 0 0 0 0 0]
[1963972300134105339423290156109577373408480753543382628569492183609684791417329904505978645366743427408397777823021650655815415242160330462684474305067535803027754241493250016380219427985013794417444736190610743110311779974070823343226358085238138160011588121919907243883 0 0 0 0 0 0 0 0 0 0 0 0 0 0 0 0 0 0 0 0 0 0 0 0 0 0 0 0 0 0 0 0 0 0 0 0 0 0 0 0 0 0 0 0 0 0 0 0 0 0 0 0 0 0 0 0 0 0 0 0 0 0 0 0 0 0 0 0 1 0 0 0 0 0 0 0 0 0 0 0 0 0 0 0 0 0 0 0 0]
[4571123386056814756257027226926658921768599066996987380027191609240656428714647699634707768061812348021756667775107842247821102284537151380503663310613068468134180006790963633237349491523145678458530489159079573960393951127348521891180727400162240230113650805679790920491 0 0 0 0 0 0 0 0 0 0 0 0 0 0 0 0 0 0 0 0 0 0 0 0 0 0 0 0 0 0 0 0 0 0 0 0 0 0 0 0 0 0 0 0 0 0 0 0 0 0 0 0 0 0 0 0 0 0 0 0 0 0 0 0 0 0 0 0 0 1 0 0 0 0 0 0 0 0 0 0 0 0 0 0 0 0 0 0 0]
[3664094867081926857413819868160051688228755541600199634584311332724184421817602734826940197089083833574509321226629862200222497799933149392406667803031002163627314174356961372219862193882217204003434642858265236022707844915483795438330975336411772457068262456818772512396 0 0 0 0 0 0 0 0 0 0 0 0 0 0 0 0 0 0 0 0 0 0 0 0 0 0 0 0 0 0 0 0 0 0 0 0 0 0 0 0 0 0 0 0 0 0 0 0 0 0 0 0 0 0 0 0 0 0 0 0 0 0 0 0 0 0 0 0 0 0 1 0 0 0 0 0 0 0 0 0 0 0 0 0 0 0 0 0 0]
[1077375524653428800262480873224700372602726038336265464777332028727149737782788481199124659792854360950752812691633270132717266050424601803258177616557321547635025132488257465057625380301866981775543479673836996385576722821213901803534412974627249614824974691022454213457 0 0 0 0 0 0 0 0 0 0 0 0 0 0 0 0 0 0 0 0 0 0 0 0 0 0 0 0 0 0 0 0 0 0 0 0 0 0 0 0 0 0 0 0 0 0 0 0 0 0 0 0 0 0 0 0 0 0 0 0 0 0 0 0 0 0 0 0 0 0 0 1 0 0 0 0 0 0 0 0 0 0 0 0 0 0 0 0 0]
[3575408300348395412613090284856818342930441648998469681946254413990845569562090100718694782222251176332084081724130620238036575656709825232287891786269608935973519888667614743440833977486423260341309183519448081962238863596117185675458941947254593130066289600419104646786 0 0 0 0 0 0 0 0 0 0 0 0 0 0 0 0 0 0 0 0 0 0 0 0 0 0 0 0 0 0 0 0 0 0 0 0 0 0 0 0 0 0 0 0 0 0 0 0 0 0 0 0 0 0 0 0 0 0 0 0 0 0 0 0 0 0 0 0 0 0 0 0 1 0 0 0 0 0 0 0 0 0 0 0 0 0 0 0 0]
[7454607298519791830844579240248523504099618100553534337926227345789990538150582495299314766166827378116117402331024285308527392642148259732037671675703499766333878032559255733997446873633515157608749590792334153443465068947008338347345258566455639763069688120277284112995 0 0 0 0 0 0 0 0 0 0 0 0 0 0 0 0 0 0 0 0 0 0 0 0 0 0 0 0 0 0 0 0 0 0 0 0 0 0 0 0 0 0 0 0 0 0 0 0 0 0 0 0 0 0 0 0 0 0 0 0 0 0 0 0 0 0 0 0 0 0 0 0 0 1 0 0 0 0 0 0 0 0 0 0 0 0 0 0 0]
[360704161424028176355338072218591416185460513934212321603248708098968285831248043736457879817407488725214540957902221636786792935789842908034215463177242517543992426952217390158049593836793514266836881313124435943747964273633712156229009832364894373657447863171504067335 0 0 0 0 0 0 0 0 0 0 0 0 0 0 0 0 0 0 0 0 0 0 0 0 0 0 0 0 0 0 0 0 0 0 0 0 0 0 0 0 0 0 0 0 0 0 0 0 0 0 0 0 0 0 0 0 0 0 0 0 0 0 0 0 0 0 0 0 0 0 0 0 0 0 1 0 0 0 0 0 0 0 0 0 0 0 0 0 0]
[8160672423547301030605041832911889874038816514238065581395366661945497549809782735298694221379232294902674583738198334146415462067270406025767606920874435596209237040612510864032618722210039880754373247468817843638665111765317418415309136001790894847543806740333102756904 0 0 0 0 0 0 0 0 0 0 0 0 0 0 0 0 0 0 0 0 0 0 0 0 0 0 0 0 0 0 0 0 0 0 0 0 0 0 0 0 0 0 0 0 0 0 0 0 0 0 0 0 0 0 0 0 0 0 0 0 0 0 0 0 0 0 0 0 0 0 0 0 0 0 0 1 0 0 0 0 0 0 0 0 0 0 0 0 0]
[1176253300274658113732532970660758190159432679750942488574800872484054210916073276829694667996447662022060563933728515138080016252460306078012054720229967629650347044081537855321019256076605989498651396129849901583049553542188573280785611999524318378237992123751323982709 0 0 0 0 0 0 0 0 0 0 0 0 0 0 0 0 0 0 0 0 0 0 0 0 0 0 0 0 0 0 0 0 0 0 0 0 0 0 0 0 0 0 0 0 0 0 0 0 0 0 0 0 0 0 0 0 0 0 0 0 0 0 0 0 0 0 0 0 0 0 0 0 0 0 0 0 1 0 0 0 0 0 0 0 0 0 0 0 0]
[1452897717452498832907086210834718074804530879686228100823603051154784734321035044197446809388855370146802918554671305061034551014209348394569917062241195976619842240723294794872714750055995991507808691867707952585794599681302953124356859050116433054418309070304013862844 0 0 0 0 0 0 0 0 0 0 0 0 0 0 0 0 0 0 0 0 0 0 0 0 0 0 0 0 0 0 0 0 0 0 0 0 0 0 0 0 0 0 0 0 0 0 0 0 0 0 0 0 0 0 0 0 0 0 0 0 0 0 0 0 0 0 0 0 0 0 0 0 0 0 0 0 0 1 0 0 0 0 0 0 0 0 0 0 0]
[8293393874413083227630493668735195852685584013843459391303572855429880158623752792186562234639918032027008741123004699763230679773281493589699712335995813216065214659641729212411062820682543001095102470203917985172664104605496872477145356322264045521621836302286534934884 0 0 0 0 0 0 0 0 0 0 0 0 0 0 0 0 0 0 0 0 0 0 0 0 0 0 0 0 0 0 0 0 0 0 0 0 0 0 0 0 0 0 0 0 0 0 0 0 0 0 0 0 0 0 0 0 0 0 0 0 0 0 0 0 0 0 0 0 0 0 0 0 0 0 0 0 0 0 1 0 0 0 0 0 0 0 0 0 0]
[6996616803413924798523597353879087943198715461406706767265923599077151629791605165242021815867983158523083898537391194904113343040438115149702921592976852950347701357608431277678097475832075498692143376407222932712812768893531043613151086656377944270113003291114877624102 0 0 0 0 0 0 0 0 0 0 0 0 0 0 0 0 0 0 0 0 0 0 0 0 0 0 0 0 0 0 0 0 0 0 0 0 0 0 0 0 0 0 0 0 0 0 0 0 0 0 0 0 0 0 0 0 0 0 0 0 0 0 0 0 0 0 0 0 0 0 0 0 0 0 0 0 0 0 0 1 0 0 0 0 0 0 0 0 0]
[7828720344268165076437147370853654059034491027710433827985559386001790332091799433364822683123975887739566954664965406246930170040508693334456698437621761257524613185750581065195237292629967415601343779655081071238060095918169552008824312995209489142985315839203630870776 0 0 0 0 0 0 0 0 0 0 0 0 0 0 0 0 0 0 0 0 0 0 0 0 0 0 0 0 0 0 0 0 0 0 0 0 0 0 0 0 0 0 0 0 0 0 0 0 0 0 0 0 0 0 0 0 0 0 0 0 0 0 0 0 0 0 0 0 0 0 0 0 0 0 0 0 0 0 0 0 1 0 0 0 0 0 0 0 0]
[857014218450954368796557600078741548710649037848272332553401032347287909217346901524879566012704685062692526610514741742807180249002519183898809882104458255180563344245113489552904994480103718152375952069400889308875634036999088076931601413889224702725958565266622380965 0 0 0 0 0 0 0 0 0 0 0 0 0 0 0 0 0 0 0 0 0 0 0 0 0 0 0 0 0 0 0 0 0 0 0 0 0 0 0 0 0 0 0 0 0 0 0 0 0 0 0 0 0 0 0 0 0 0 0 0 0 0 0 0 0 0 0 0 0 0 0 0 0 0 0 0 0 0 0 0 0 1 0 0 0 0 0 0 0]
[1211723434616322446789829364625431049048347909922540513195146183223699221117325178175746194526995800662128403257788005099074362258508713279559458892525414426320935097528022881307058888825038225265512612658307533616552086180601823909161239685307239452384467297772431218271 0 0 0 0 0 0 0 0 0 0 0 0 0 0 0 0 0 0 0 0 0 0 0 0 0 0 0 0 0 0 0 0 0 0 0 0 0 0 0 0 0 0 0 0 0 0 0 0 0 0 0 0 0 0 0 0 0 0 0 0 0 0 0 0 0 0 0 0 0 0 0 0 0 0 0 0 0 0 0 0 0 0 1 0 0 0 0 0 0]
[6256427170087510180354124602170098264072822769581940585470836694701016197245427368598193149981722562068721278017684557253402380496143230581993156504404271694775527543104462360762701316803064184211778359887835067729695223834076784075723018779220211746545429353446495392630 0 0 0 0 0 0 0 0 0 0 0 0 0 0 0 0 0 0 0 0 0 0 0 0 0 0 0 0 0 0 0 0 0 0 0 0 0 0 0 0 0 0 0 0 0 0 0 0 0 0 0 0 0 0 0 0 0 0 0 0 0 0 0 0 0 0 0 0 0 0 0 0 0 0 0 0 0 0 0 0 0 0 0 1 0 0 0 0 0]
[4560851180779673798783443443085473921597174602332766904400465959698954226911348658747944228929133213356559678041104251039788925124444593125461489865094416259774133298645317872867752580528559570438518835650012231040890893253756719353525904185224219174602964584611361721211 0 0 0 0 0 0 0 0 0 0 0 0 0 0 0 0 0 0 0 0 0 0 0 0 0 0 0 0 0 0 0 0 0 0 0 0 0 0 0 0 0 0 0 0 0 0 0 0 0 0 0 0 0 0 0 0 0 0 0 0 0 0 0 0 0 0 0 0 0 0 0 0 0 0 0 0 0 0 0 0 0 0 0 0 1 0 0 0 0]
[5340725836473267198512654413895244714518948592778250648919779491936729555857661309856642487912597597429038001360912286413773955386232507189135684408732534518777422193449870421251497469413893630228988190414589718459796387898593480428444760615972139685506729594072230925550 0 0 0 0 0 0 0 0 0 0 0 0 0 0 0 0 0 0 0 0 0 0 0 0 0 0 0 0 0 0 0 0 0 0 0 0 0 0 0 0 0 0 0 0 0 0 0 0 0 0 0 0 0 0 0 0 0 0 0 0 0 0 0 0 0 0 0 0 0 0 0 0 0 0 0 0 0 0 0 0 0 0 0 0 0 1 0 0 0]
[1086044631392936949520002737855746303184063591118148064924966034639204016512147256725275177315122108359921100295542310046516298134625424485737605050787162079998846620065654064894360350595150633875899685840594278304677525195639700474607304206879961090106213453125327257638 0 0 0 0 0 0 0 0 0 0 0 0 0 0 0 0 0 0 0 0 0 0 0 0 0 0 0 0 0 0 0 0 0 0 0 0 0 0 0 0 0 0 0 0 0 0 0 0 0 0 0 0 0 0 0 0 0 0 0 0 0 0 0 0 0 0 0 0 0 0 0 0 0 0 0 0 0 0 0 0 0 0 0 0 0 0 1 0 0]
[7999387189496046788140275359942888481207070335359957507405116145825321261055152056964745494157943947692395005151424836697590675113202360661556441254576395266186358471170361908549438299944757105685150246034268047693439372380576658010018833255099139762940344469378646897049 0 0 0 0 0 0 0 0 0 0 0 0 0 0 0 0 0 0 0 0 0 0 0 0 0 0 0 0 0 0 0 0 0 0 0 0 0 0 0 0 0 0 0 0 0 0 0 0 0 0 0 0 0 0 0 0 0 0 0 0 0 0 0 0 0 0 0 0 0 0 0 0 0 0 0 0 0 0 0 0 0 0 0 0 0 0 0 1 0]
[6822013887350530373579512843624487261369670407035605084828324191702610326680436477647501244811212147579364735374802568376286842560016719382893261531767563823345225958057583106291921704270103718614372614846838101246968056810453589344348147101698923464513132802115369639017 0 0 0 0 0 0 0 0 0 0 0 0 0 0 0 0 0 0 0 0 0 0 0 0 0 0 0 0 0 0 0 0 0 0 0 0 0 0 0 0 0 0 0 0 0 0 0 0 0 0 0 0 0 0 0 0 0 0 0 0 0 0 0 0 0 0 0 0 0 0 0 0 0 0 0 0 0 0 0 0 0 0 0 0 0 0 0 0 1]
]
