[[4941608619249755382191314345616640400950002960009903555191154186424733399400813215501668461963691609246683286846720869953405471847288981589277891816324872969527525089438203606833938127311585323874978079311060759 0 0 0 0 0 0 0 0 0 0 0 0 0 0 0 0 0 0 0 0 0 0 0 0 0 0 0 0 0 0 0 0 0 0 0 0 0 0 0 0 0 0 0 0 0 0 0 0 0 0 0 0 0 0 0 0 0 0 0 0 0 0 0 0 0 0 0 0 0]
[2305208020311691453201480147056162676998759840228685315682168075435407030512439308045627954219093792747601001809288583583640834822542341376800021700356960408980540060093211836700822320158605216243154993551253792 1 0 0 0 0 0 0 0 0 0 0 0 0 0 0 0 0 0 0 0 0 0 0 0 0 0 0 0 0 0 0 0 0 0 0 0 0 0 0 0 0 0 0 0 0 0 0 0 0 0 0 0 0 0 0 0 0 0 0 0 0 0 0 0 0 0 0 0 0]
[2361936359811465536228294890203035772178981428752269963461557988801701357564445273742383638063633161513560319000583569215265078576471697521357579469388798063214360866396661333547801128384279943293953433297766580 0 1 0 0 0 0 0 0 0 0 0 0 0 0 0 0 0 0 0 0 0 0 0 0 0 0 0 0 0 0 0 0 0 0 0 0 0 0 0 0 0 0 0 0 0 0 0 0 0 0 0 0 0 0 0 0 0 0 0 0 0 0 0 0 0 0 0 0 0]
[3707394840503211855430044545257712407675383704496843267703106840091660114272055665288093359772620856579823372829309789196463453942721499222830436532550800326339504769175927551600261869796392282506764320666997413 0 0 1 0 0 0 0 0 0 0 0 0 0 0 0 0 0 0 0 0 0 0 0 0 0 0 0 0 0 0 0 0 0 0 0 0 0 0 0 0 0 0 0 0 0 0 0 0 0 0 0 0 0 0 0 0 0 0 0 0 0 0 0 0 0 0 0 0 0]
[1409252732720038953496399210007329735158683934712549225279910342417089085956080625776299149537185977605564707416388695487661310990366589090702667005351922335728849993667272825823901706602237197894573551748465508 0 0 0 1 0 0 0 0 0 0 0 0 0 0 0 0 0 0 0 0 0 0 0 0 0 0 0 0 0 0 0 0 0 0 0 0 0 0 0 0 0 0 0 0 0 0 0 0 0 0 0 0 0 0 0 0 0 0 0 0 0 0 0 0 0 0 0 0 0]
[2747868254574451139581869911985341565240861398630367000667509192162124661069923960050199589523085851721281752931225310326412091025155799702277401269098918769722310939644545190222902445732059448363261371554508825 0 0 0 0 1 0 0 0 0 0 0 0 0 0 0 0 0 0 0 0 0 0 0 0 0 0 0 0 0 0 0 0 0 0 0 0 0 0 0 0 0 0 0 0 0 0 0 0 0 0 0 0 0 0 0 0 0 0 0 0 0 0 0 0 0 0 0 0 0]
[4059356754041082267938251945925203657221310291078906647552512787183975709304176758209831322660459151085683924933844856358607756277890620458262795634309924527566301706229841778523705085237126550673293927290484893 0 0 0 0 0 1 0 0 0 0 0 0 0 0 0 0 0 0 0 0 0 0 0 0 0 0 0 0 0 0 0 0 0 0 0 0 0 0 0 0 0 0 0 0 0 0 0 0 0 0 0 0 0 0 0 0 0 0 0 0 0 0 0 0 0 0 0 0 0]
[3102383524697739476790552155226693562156642752088695415450156120363807760730301474004883884489047588798113155011404823415325460572433987942133603662897575897962163857053791459357525560242148195643230553764591464 0 0 0 0 0 0 1 0 0 0 0 0 0 0 0 0 0 0 0 0 0 0 0 0 0 0 0 0 0 0 0 0 0 0 0 0 0 0 0 0 0 0 0 0 0 0 0 0 0 0 0 0 0 0 0 0 0 0 0 0 0 0 0 0 0 0 0 0 0]
[3108656274187630211175817945190987755271940707275553421714538614218020549713849640430542299709654330241873427365844369277392232688681136486095316564416374079748497861378132094738913253952936681019742329025708890 0 0 0 0 0 0 0 1 0 0 0 0 0 0 0 0 0 0 0 0 0 0 0 0 0 0 0 0 0 0 0 0 0 0 0 0 0 0 0 0 0 0 0 0 0 0 0 0 0 0 0 0 0 0 0 0 0 0 0 0 0 0 0 0 0 0 0 0 0]
[1195949411998709716399676241834610418437677859483090252523140212725055458239749576420294189062590072077338059339268349137741364924812198199744181472626399903216564789723919307447856490911086479279249152741751179 0 0 0 0 0 0 0 0 1 0 0 0 0 0 0 0 0 0 0 0 0 0 0 0 0 0 0 0 0 0 0 0 0 0 0 0 0 0 0 0 0 0 0 0 0 0 0 0 0 0 0 0 0 0 0 0 0 0 0 0 0 0 0 0 0 0 0 0 0]
[1320016846613020213054884972975779408545404915782989278648992795231915711688430844534675750077910727581933224610930355406504981709267737844486763400907910024954008950818595731236188447077786566025990458137543074 0 0 0 0 0 0 0 0 0 1 0 0 0 0 0 0 0 0 0 0 0 0 0 0 0 0 0 0 0 0 0 0 0 0 0 0 0 0 0 0 0 0 0 0 0 0 0 0 0 0 0 0 0 0 0 0 0 0 0 0 0 0 0 0 0 0 0 0 0]
[3620502430735669331035826952387791981934389517531821065541780269437596548232609475184423258446398048064484363833898421907029308322278921027589231129218096396170619768710805070204095667186352702402028674229167253 0 0 0 0 0 0 0 0 0 0 1 0 0 0 0 0 0 0 0 0 0 0 0 0 0 0 0 0 0 0 0 0 0 0 0 0 0 0 0 0 0 0 0 0 0 0 0 0 0 0 0 0 0 0 0 0 0 0 0 0 0 0 0 0 0 0 0 0 0]
[2880271605295495353856357858889730554037400848569934192292931862689718320032223222408553245214424672727955001665468104587254837920362835475959986662087111201566370973465325992560255004311607794493077357548254103 0 0 0 0 0 0 0 0 0 0 0 1 0 0 0 0 0 0 0 0 0 0 0 0 0 0 0 0 0 0 0 0 0 0 0 0 0 0 0 0 0 0 0 0 0 0 0 0 0 0 0 0 0 0 0 0 0 0 0 0 0 0 0 0 0 0 0 0 0]
[1664579611747369560255383852150664232196944688846127229201368445834628452484335818632388778241355831445435096942923439215415668029303963447139878773193336721331520681591109393023554149326891112153577939814444699 0 0 0 0 0 0 0 0 0 0 0 0 1 0 0 0 0 0 0 0 0 0 0 0 0 0 0 0 0 0 0 0 0 0 0 0 0 0 0 0 0 0 0 0 0 0 0 0 0 0 0 0 0 0 0 0 0 0 0 0 0 0 0 0 0 0 0 0 0]
[683576784747522237107308768547016743389455202029384390132632364350359375087992915594335568387444229075774302172456351579349727073173829738989480116060559146451605956936585600148462904556959069809486659973323717 0 0 0 0 0 0 0 0 0 0 0 0 0 1 0 0 0 0 0 0 0 0 0 0 0 0 0 0 0 0 0 0 0 0 0 0 0 0 0 0 0 0 0 0 0 0 0 0 0 0 0 0 0 0 0 0 0 0 0 0 0 0 0 0 0 0 0 0 0]
[4753663642160862951108430353251950799457987273526286489614455356225821129548279548716206602059970996658015234933918475119479380641666521825687219405008751911842676933476391021755991036802572389338123975446522132 0 0 0 0 0 0 0 0 0 0 0 0 0 0 1 0 0 0 0 0 0 0 0 0 0 0 0 0 0 0 0 0 0 0 0 0 0 0 0 0 0 0 0 0 0 0 0 0 0 0 0 0 0 0 0 0 0 0 0 0 0 0 0 0 0 0 0 0 0]
[415876292835591537532139802786366625927676296641156275276580126315280920006917992442289763869958428059942565712161638603629210331247054028091435216851118448637842630114344667438906225634385742112489436579547116 0 0 0 0 0 0 0 0 0 0 0 0 0 0 0 1 0 0 0 0 0 0 0 0 0 0 0 0 0 0 0 0 0 0 0 0 0 0 0 0 0 0 0 0 0 0 0 0 0 0 0 0 0 0 0 0 0 0 0 0 0 0 0 0 0 0 0 0 0]
[1778664777908187476905013215541925153929525317061265717940575594809062033277972244840356782042897879455140309619883731494583880757642523967053952028750227505942905741553421575411288798787482721411976063494399772 0 0 0 0 0 0 0 0 0 0 0 0 0 0 0 0 1 0 0 0 0 0 0 0 0 0 0 0 0 0 0 0 0 0 0 0 0 0 0 0 0 0 0 0 0 0 0 0 0 0 0 0 0 0 0 0 0 0 0 0 0 0 0 0 0 0 0 0 0]
[1918764752114675175549177691156225383775653324345314652270511956111208889833439845528868796837432659893629416192428257921125238118199951397806054767994912395624933506860321796529359057306582522848747438171078740 0 0 0 0 0 0 0 0 0 0 0 0 0 0 0 0 0 1 0 0 0 0 0 0 0 0 0 0 0 0 0 0 0 0 0 0 0 0 0 0 0 0 0 0 0 0 0 0 0 0 0 0 0 0 0 0 0 0 0 0 0 0 0 0 0 0 0 0 0]
[1728417560507542130473583435801785083465628031670089049929795181625235974090988908264199399933511652942716302602089667899114610321810702000000610229031696988500730362239028082047254630038499397848820935979299942 0 0 0 0 0 0 0 0 0 0 0 0 0 0 0 0 0 0 1 0 0 0 0 0 0 0 0 0 0 0 0 0 0 0 0 0 0 0 0 0 0 0 0 0 0 0 0 0 0 0 0 0 0 0 0 0 0 0 0 0 0 0 0 0 0 0 0 0 0]
[1678485751882639521041242160335114072739543866359974739915441196753718007873266577908084465110320485254956667871036751627661919880127940237642348206911923715360334783337602421335536012732281293123737847497038582 0 0 0 0 0 0 0 0 0 0 0 0 0 0 0 0 0 0 0 1 0 0 0 0 0 0 0 0 0 0 0 0 0 0 0 0 0 0 0 0 0 0 0 0 0 0 0 0 0 0 0 0 0 0 0 0 0 0 0 0 0 0 0 0 0 0 0 0 0]
[2470282780316866829048148030628964078730607323151701940050592202114745860888146106287449948731902820909145498749821875784223336186289614160392871690523868153505561046823145914125677274563007512231361241309820545 0 0 0 0 0 0 0 0 0 0 0 0 0 0 0 0 0 0 0 0 1 0 0 0 0 0 0 0 0 0 0 0 0 0 0 0 0 0 0 0 0 0 0 0 0 0 0 0 0 0 0 0 0 0 0 0 0 0 0 0 0 0 0 0 0 0 0 0 0]
[3692007591186581849488107517582785237226277965642043825984660569979723208538233787961105932144543346273526086103108113868753826097919867278420146156781174194430008691675201414761513810232727422990417729974944831 0 0 0 0 0 0 0 0 0 0 0 0 0 0 0 0 0 0 0 0 0 1 0 0 0 0 0 0 0 0 0 0 0 0 0 0 0 0 0 0 0 0 0 0 0 0 0 0 0 0 0 0 0 0 0 0 0 0 0 0 0 0 0 0 0 0 0 0 0]
[1351438170433570514529638394818384716255298244662962438399639553140868555914045666591502112611920757591963698043881797633980707462095548966951446035779089637841644118265066507772276638249590562331069844484122059 0 0 0 0 0 0 0 0 0 0 0 0 0 0 0 0 0 0 0 0 0 0 1 0 0 0 0 0 0 0 0 0 0 0 0 0 0 0 0 0 0 0 0 0 0 0 0 0 0 0 0 0 0 0 0 0 0 0 0 0 0 0 0 0 0 0 0 0 0]
[4799504355181616070711415031912573945531568157472767558248988634798802882886349751492231209702345719319868081653246645624247093808546890108405105845636404529221434505455907588904765739456685684154147899589642296 0 0 0 0 0 0 0 0 0 0 0 0 0 0 0 0 0 0 0 0 0 0 0 1 0 0 0 0 0 0 0 0 0 0 0 0 0 0 0 0 0 0 0 0 0 0 0 0 0 0 0 0 0 0 0 0 0 0 0 0 0 0 0 0 0 0 0 0 0]
[4511452034311498622192779254132949610900688575467431804955583315637292747595958008240726830443398044585078893383591729354871910366528646850528677222305287779216382296523444755206914171536633281757850889856340072 0 0 0 0 0 0 0 0 0 0 0 0 0 0 0 0 0 0 0 0 0 0 0 0 1 0 0 0 0 0 0 0 0 0 0 0 0 0 0 0 0 0 0 0 0 0 0 0 0 0 0 0 0 0 0 0 0 0 0 0 0 0 0 0 0 0 0 0 0]
[4616497020024434411158263997016211392759022933975181312528459786372702796941668775573931595587533194044961770769017281262831091048192986262504047105865766250434789777567362613166127460863644253055869725144082195 0 0 0 0 0 0 0 0 0 0 0 0 0 0 0 0 0 0 0 0 0 0 0 0 0 1 0 0 0 0 0 0 0 0 0 0 0 0 0 0 0 0 0 0 0 0 0 0 0 0 0 0 0 0 0 0 0 0 0 0 0 0 0 0 0 0 0 0 0]
[2415934277600009155506926184966329729128815453393299595082130872721221672789414142527085435067008464329963360306769172898154049653235572403070042575429214205665389175893857599921290562569976044371935002347514558 0 0 0 0 0 0 0 0 0 0 0 0 0 0 0 0 0 0 0 0 0 0 0 0 0 0 1 0 0 0 0 0 0 0 0 0 0 0 0 0 0 0 0 0 0 0 0 0 0 0 0 0 0 0 0 0 0 0 0 0 0 0 0 0 0 0 0 0 0]
[1701371919223767731496954790738892179800945832795111192577783786492334701299336357125204588376093601991103665290629966587397103150250287540954588199137727606014288281222047609431871994424826597491966876429067852 0 0 0 0 0 0 0 0 0 0 0 0 0 0 0 0 0 0 0 0 0 0 0 0 0 0 0 1 0 0 0 0 0 0 0 0 0 0 0 0 0 0 0 0 0 0 0 0 0 0 0 0 0 0 0 0 0 0 0 0 0 0 0 0 0 0 0 0 0]
[2379864258507070337663360983652901146396561390526444894547773123116408059970435670250288880666054715187134609961328380097524398681387492967667202090182059498651364786055115491018911915589394719981981542324214376 0 0 0 0 0 0 0 0 0 0 0 0 0 0 0 0 0 0 0 0 0 0 0 0 0 0 0 0 1 0 0 0 0 0 0 0 0 0 0 0 0 0 0 0 0 0 0 0 0 0 0 0 0 0 0 0 0 0 0 0 0 0 0 0 0 0 0 0 0]
[550930964162595494825819346279769923886363883956725779142080605841121072264524248529310564204797024175587750022977502910870910883927912541795300150017691960126657590536520591012185950943731640305481736266177636 0 0 0 0 0 0 0 0 0 0 0 0 0 0 0 0 0 0 0 0 0 0 0 0 0 0 0 0 0 1 0 0 0 0 0 0 0 0 0 0 0 0 0 0 0 0 0 0 0 0 0 0 0 0 0 0 0 0 0 0 0 0 0 0 0 0 0 0 0]
[2379880452668340708852399131688147685131891970855246859732428260679839856531232599398542245304312963073574178633469992497366513255516466018776284032137947774875360468316579898025664581169628283740413000565910724 0 0 0 0 0 0 0 0 0 0 0 0 0 0 0 0 0 0 0 0 0 0 0 0 0 0 0 0 0 0 1 0 0 0 0 0 0 0 0 0 0 0 0 0 0 0 0 0 0 0 0 0 0 0 0 0 0 0 0 0 0 0 0 0 0 0 0 0 0]
[3854680811799902538756219406447260110969635402598213122906019647069322157184190654708420769083788598296127294498765084805384763016298172774754782683307415968640082295601569659055358079604155787169047335107783802 0 0 0 0 0 0 0 0 0 0 0 0 0 0 0 0 0 0 0 0 0 0 0 0 0 0 0 0 0 0 0 1 0 0 0 0 0 0 0 0 0 0 0 0 0 0 0 0 0 0 0 0 0 0 0 0 0 0 0 0 0 0 0 0 0 0 0 0 0]
[1696497767806877186299912960068875502389153936750367572516530847549598962812629669220008898581535929045882171709802415434492122993054074154900375711748072725756523116231621404951893307408021139994718921301226631 0 0 0 0 0 0 0 0 0 0 0 0 0 0 0 0 0 0 0 0 0 0 0 0 0 0 0 0 0 0 0 0 1 0 0 0 0 0 0 0 0 0 0 0 0 0 0 0 0 0 0 0 0 0 0 0 0 0 0 0 0 0 0 0 0 0 0 0 0]
[321161755328993889040017297269990020792900104979564157650474074952732296337646869219342269938855942877264865342846691283534021629723990082099824976992853537267934639052299221617756278072851392042586753483891408 0 0 0 0 0 0 0 0 0 0 0 0 0 0 0 0 0 0 0 0 0 0 0 0 0 0 0 0 0 0 0 0 0 1 0 0 0 0 0 0 0 0 0 0 0 0 0 0 0 0 0 0 0 0 0 0 0 0 0 0 0 0 0 0 0 0 0 0 0]
[506909314236375301822417691067338818424323415676830141854266439795388189095149052142467651907647473916372665564374031954325951074348193017465049259621892713276352745684684309080828136348354114993019315253619864 0 0 0 0 0 0 0 0 0 0 0 0 0 0 0 0 0 0 0 0 0 0 0 0 0 0 0 0 0 0 0 0 0 0 1 0 0 0 0 0 0 0 0 0 0 0 0 0 0 0 0 0 0 0 0 0 0 0 0 0 0 0 0 0 0 0 0 0 0]
[1535846178566409301087916997108415129652089509920203397747724630350098167782492375952360844478258051237500217580578059666885313694045677680168401678541594745450454543063719106264803860381218265369182226678683499 0 0 0 0 0 0 0 0 0 0 0 0 0 0 0 0 0 0 0 0 0 0 0 0 0 0 0 0 0 0 0 0 0 0 0 1 0 0 0 0 0 0 0 0 0 0 0 0 0 0 0 0 0 0 0 0 0 0 0 0 0 0 0 0 0 0 0 0 0]
[516481710166726609426683424407395536998265006209600380768840863405737268644446841041399955600637528142062951458151695531463303261590860334995331234125474170217415946405300330584828719482888758614399496183261339 0 0 0 0 0 0 0 0 0 0 0 0 0 0 0 0 0 0 0 0 0 0 0 0 0 0 0 0 0 0 0 0 0 0 0 0 1 0 0 0 0 0 0 0 0 0 0 0 0 0 0 0 0 0 0 0 0 0 0 0 0 0 0 0 0 0 0 0 0]
[575568931643009562993461902368964551646899924552117506836709030528252357737701603500906397325533707855839114018421971890312645086369692543202500554010253126332934200728913368655391682342037258089029694358413793 0 0 0 0 0 0 0 0 0 0 0 0 0 0 0 0 0 0 0 0 0 0 0 0 0 0 0 0 0 0 0 0 0 0 0 0 0 1 0 0 0 0 0 0 0 0 0 0 0 0 0 0 0 0 0 0 0 0 0 0 0 0 0 0 0 0 0 0 0]
[1693479812751959064345496526326789413798088928605968993481691435153849206263181429765220280141605192470542384338577737851064913258408137689670999596601018510583084123893791794416869338382012926227831834910367773 0 0 0 0 0 0 0 0 0 0 0 0 0 0 0 0 0 0 0 0 0 0 0 0 0 0 0 0 0 0 0 0 0 0 0 0 0 0 1 0 0 0 0 0 0 0 0 0 0 0 0 0 0 0 0 0 0 0 0 0 0 0 0 0 0 0 0 0 0]
[4313059129478713499507766380156316978485134545914851191089671898269973229891457980907230095181172430489258071589513771643256489511979051254533690126826873391242126045814548184164719001613962125136863878178185304 0 0 0 0 0 0 0 0 0 0 0 0 0 0 0 0 0 0 0 0 0 0 0 0 0 0 0 0 0 0 0 0 0 0 0 0 0 0 0 1 0 0 0 0 0 0 0 0 0 0 0 0 0 0 0 0 0 0 0 0 0 0 0 0 0 0 0 0 0]
[571867205051474153676717552502013461094916440610779566687102945081281078907914815485271741979543740832066801439083176214673754792071993827312790013744209491288499983547190547058840611150824270524187664287333986 0 0 0 0 0 0 0 0 0 0 0 0 0 0 0 0 0 0 0 0 0 0 0 0 0 0 0 0 0 0 0 0 0 0 0 0 0 0 0 0 1 0 0 0 0 0 0 0 0 0 0 0 0 0 0 0 0 0 0 0 0 0 0 0 0 0 0 0 0]
[3205795376333462231795495798601502093295716462677732439247166565600427486742744401651897720656098266746538170506074544547865700481540887717675792268583088814334320074778463428302662382576014225749396230106949164 0 0 0 0 0 0 0 0 0 0 0 0 0 0 0 0 0 0 0 0 0 0 0 0 0 0 0 0 0 0 0 0 0 0 0 0 0 0 0 0 0 1 0 0 0 0 0 0 0 0 0 0 0 0 0 0 0 0 0 0 0 0 0 0 0 0 0 0 0]
[4362699833499566856332512011395791082486511091572018524368994360418612654476556418504901222990093406228106014808685699060345219849009140298337413151991426842850905011075424787927515000786080723851643184628479757 0 0 0 0 0 0 0 0 0 0 0 0 0 0 0 0 0 0 0 0 0 0 0 0 0 0 0 0 0 0 0 0 0 0 0 0 0 0 0 0 0 0 1 0 0 0 0 0 0 0 0 0 0 0 0 0 0 0 0 0 0 0 0 0 0 0 0 0 0]
[1077169500462631476175838872192760985035614141131633922431802986559743788570017537106629350766211160288911861631900043593447827305146917171742732751388904682550766412472891479567456956979539264973849952728573155 0 0 0 0 0 0 0 0 0 0 0 0 0 0 0 0 0 0 0 0 0 0 0 0 0 0 0 0 0 0 0 0 0 0 0 0 0 0 0 0 0 0 0 1 0 0 0 0 0 0 0 0 0 0 0 0 0 0 0 0 0 0 0 0 0 0 0 0 0]
[1456217367168227807730556562122492414860446815904170229440114216296673000993036059520588901996781433040511267398963965245456718158028411872053973070555593733333940944271059181426982087392089705142947812739206189 0 0 0 0 0 0 0 0 0 0 0 0 0 0 0 0 0 0 0 0 0 0 0 0 0 0 0 0 0 0 0 0 0 0 0 0 0 0 0 0 0 0 0 0 1 0 0 0 0 0 0 0 0 0 0 0 0 0 0 0 0 0 0 0 0 0 0 0 0]
[3490477776544155978137250683702813801383608254123058162943063435598516935287954846031304985989797177668191383744817516271542625245409138444967131088318109348134662057664070839445465553847712496621330778021860988 0 0 0 0 0 0 0 0 0 0 0 0 0 0 0 0 0 0 0 0 0 0 0 0 0 0 0 0 0 0 0 0 0 0 0 0 0 0 0 0 0 0 0 0 0 1 0 0 0 0 0 0 0 0 0 0 0 0 0 0 0 0 0 0 0 0 0 0 0]
[4206274043413751914350728953192776556624049673016842008482361492554509781662228906474777480916197552554525827543213894203058725349363548024184538814134602675684060932829424297514107824312117975427871585529941418 0 0 0 0 0 0 0 0 0 0 0 0 0 0 0 0 0 0 0 0 0 0 0 0 0 0 0 0 0 0 0 0 0 0 0 0 0 0 0 0 0 0 0 0 0 0 1 0 0 0 0 0 0 0 0 0 0 0 0 0 0 0 0 0 0 0 0 0 0]
[960609473788845434885630124181677120877147951481846743542984181066068232541893708644796153900735187416508163981614639794596027937538434802832151299156827777597125165940994358594772393084897300091885636936908287 0 0 0 0 0 0 0 0 0 0 0 0 0 0 0 0 0 0 0 0 0 0 0 0 0 0 0 0 0 0 0 0 0 0 0 0 0 0 0 0 0 0 0 0 0 0 0 1 0 0 0 0 0 0 0 0 0 0 0 0 0 0 0 0 0 0 0 0 0]
[4261376131940748582063008754910045075386019527905901562423280558609657594962925303719450483702402576647517112799722427507616285054181142365036884292601652747050139169568246701648181587354150794796142048545069204 0 0 0 0 0 0 0 0 0 0 0 0 0 0 0 0 0 0 0 0 0 0 0 0 0 0 0 0 0 0 0 0 0 0 0 0 0 0 0 0 0 0 0 0 0 0 0 0 1 0 0 0 0 0 0 0 0 0 0 0 0 0 0 0 0 0 0 0 0]
[3213228540860303537008642365892587142826213109658766478199590983489090958016094551011812442093362383833010438930531369039601489165688432289897309517326582441052363636664649126411301035496682758158994132327429579 0 0 0 0 0 0 0 0 0 0 0 0 0 0 0 0 0 0 0 0 0 0 0 0 0 0 0 0 0 0 0 0 0 0 0 0 0 0 0 0 0 0 0 0 0 0 0 0 0 1 0 0 0 0 0 0 0 0 0 0 0 0 0 0 0 0 0 0 0]
[4194926753288645948537228981484504292592271698468666647325433387793744386989819123663386377763575754508883725047632219782820641266993618806991994690609030532602435707316868463189749623039593337167849192622160781 0 0 0 0 0 0 0 0 0 0 0 0 0 0 0 0 0 0 0 0 0 0 0 0 0 0 0 0 0 0 0 0 0 0 0 0 0 0 0 0 0 0 0 0 0 0 0 0 0 0 1 0 0 0 0 0 0 0 0 0 0 0 0 0 0 0 0 0 0]
[2224340479991422703402597254196794699331414906210972703363216504398619160694958534081616239135863469422666586277517621056784120860959314302169314784034538281651294505359328323994064095759280005722900940528280128 0 0 0 0 0 0 0 0 0 0 0 0 0 0 0 0 0 0 0 0 0 0 0 0 0 0 0 0 0 0 0 0 0 0 0 0 0 0 0 0 0 0 0 0 0 0 0 0 0 0 0 1 0 0 0 0 0 0 0 0 0 0 0 0 0 0 0 0 0]
[3117424938065466215408025638817125798997680472455716431687647843516705858228383246884784388395228926800718031359127381487998721615962931218737900514492415106319209043044107792995924860160877903575293767701326768 0 0 0 0 0 0 0 0 0 0 0 0 0 0 0 0 0 0 0 0 0 0 0 0 0 0 0 0 0 0 0 0 0 0 0 0 0 0 0 0 0 0 0 0 0 0 0 0 0 0 0 0 1 0 0 0 0 0 0 0 0 0 0 0 0 0 0 0 0]
[3697870355165342066001786702237441085121141412471939539122553442648926539471870457869420158382627371048964849904188550902930582161823136005419934708789594669050140146552196247823909164392077023082112357587282429 0 0 0 0 0 0 0 0 0 0 0 0 0 0 0 0 0 0 0 0 0 0 0 0 0 0 0 0 0 0 0 0 0 0 0 0 0 0 0 0 0 0 0 0 0 0 0 0 0 0 0 0 0 1 0 0 0 0 0 0 0 0 0 0 0 0 0 0 0]
[1492110300941768830828168741306309366194685412949789371805817685177396254226651732326328520693473876769242820024897165646903433522683400118313721040450977318849846543525095711677802242255463342315174160400374287 0 0 0 0 0 0 0 0 0 0 0 0 0 0 0 0 0 0 0 0 0 0 0 0 0 0 0 0 0 0 0 0 0 0 0 0 0 0 0 0 0 0 0 0 0 0 0 0 0 0 0 0 0 0 1 0 0 0 0 0 0 0 0 0 0 0 0 0 0]
[4368037001127279684601139682639602554402621551596498284146692650425534397425513712306805630870967048332045365343679581565373110613786180817712029929137078177488836978440635379886946743622084429348796873167094181 0 0 0 0 0 0 0 0 0 0 0 0 0 0 0 0 0 0 0 0 0 0 0 0 0 0 0 0 0 0 0 0 0 0 0 0 0 0 0 0 0 0 0 0 0 0 0 0 0 0 0 0 0 0 0 1 0 0 0 0 0 0 0 0 0 0 0 0 0]
[2513553312084419553214137313026751498655620570164671621264002973988452588949183136126676674603228647920353080002444042340972521754588478703651442302951319558939842197774969464564262664902229618036035303805507483 0 0 0 0 0 0 0 0 0 0 0 0 0 0 0 0 0 0 0 0 0 0 0 0 0 0 0 0 0 0 0 0 0 0 0 0 0 0 0 0 0 0 0 0 0 0 0 0 0 0 0 0 0 0 0 0 1 0 0 0 0 0 0 0 0 0 0 0 0]
[3097101470022423147966459328388374139261952394593910895244337338743695449221304300940705471279443641380840319309632607894640783044197631942570515523892807986294705837984713360384866898731103015991045792380875377 0 0 0 0 0 0 0 0 0 0 0 0 0 0 0 0 0 0 0 0 0 0 0 0 0 0 0 0 0 0 0 0 0 0 0 0 0 0 0 0 0 0 0 0 0 0 0 0 0 0 0 0 0 0 0 0 0 1 0 0 0 0 0 0 0 0 0 0 0]
[4533284950165155571613187231355237951973244443704376266023944823127223582757073352409105742775210882193554333252562739879753100103251185763244888409734257742720455986088269612334335038344373078636490660433106810 0 0 0 0 0 0 0 0 0 0 0 0 0 0 0 0 0 0 0 0 0 0 0 0 0 0 0 0 0 0 0 0 0 0 0 0 0 0 0 0 0 0 0 0 0 0 0 0 0 0 0 0 0 0 0 0 0 0 1 0 0 0 0 0 0 0 0 0 0]
[1894672596412546821477006422074109378859926077465688322187349925861025769091929859601731043709585089270323000818822817119359488510226159537284786319254806982163818146138737501206327873900682391246165980717838301 0 0 0 0 0 0 0 0 0 0 0 0 0 0 0 0 0 0 0 0 0 0 0 0 0 0 0 0 0 0 0 0 0 0 0 0 0 0 0 0 0 0 0 0 0 0 0 0 0 0 0 0 0 0 0 0 0 0 0 1 0 0 0 0 0 0 0 0 0]
[220801253479167376726869313375457738628926874834537506399835076381540206041002707675983571219108578986244377018533981333318034099763452964022583902960551768385780214523907102575900296986391240112088802243996243 0 0 0 0 0 0 0 0 0 0 0 0 0 0 0 0 0 0 0 0 0 0 0 0 0 0 0 0 0 0 0 0 0 0 0 0 0 0 0 0 0 0 0 0 0 0 0 0 0 0 0 0 0 0 0 0 0 0 0 0 1 0 0 0 0 0 0 0 0]
[2121390550775702204162582389834639789680677718601288601899647004253790035946802977806596847649316025009389050956182810706032844789575733989846368606999372080895027535267091759070239047004557644858107555290381067 0 0 0 0 0 0 0 0 0 0 0 0 0 0 0 0 0 0 0 0 0 0 0 0 0 0 0 0 0 0 0 0 0 0 0 0 0 0 0 0 0 0 0 0 0 0 0 0 0 0 0 0 0 0 0 0 0 0 0 0 0 1 0 0 0 0 0 0 0]
[1923289550846410435808045207688209123676592241031832967952137801141159988991532364568136103682705604126145967455533374734117715117987622621787773046866725554096233146402622278563938792930507482051319094499557723 0 0 0 0 0 0 0 0 0 0 0 0 0 0 0 0 0 0 0 0 0 0 0 0 0 0 0 0 0 0 0 0 0 0 0 0 0 0 0 0 0 0 0 0 0 0 0 0 0 0 0 0 0 0 0 0 0 0 0 0 0 0 1 0 0 0 0 0 0]
[2332161781599020364724101870619246482715842025938136101038000406648728159682505607487193031580905457297712298750775956425511267081436468503196377732349225698196701254366696259291998137156598331181033689355498681 0 0 0 0 0 0 0 0 0 0 0 0 0 0 0 0 0 0 0 0 0 0 0 0 0 0 0 0 0 0 0 0 0 0 0 0 0 0 0 0 0 0 0 0 0 0 0 0 0 0 0 0 0 0 0 0 0 0 0 0 0 0 0 1 0 0 0 0 0]
[1588779845265770826479132670163091305191473618981080028956457289384402847473560755990108900790768104056279303372763561397249832129136497202263499569016541550653694250598351122125677825314620674849705650989591976 0 0 0 0 0 0 0 0 0 0 0 0 0 0 0 0 0 0 0 0 0 0 0 0 0 0 0 0 0 0 0 0 0 0 0 0 0 0 0 0 0 0 0 0 0 0 0 0 0 0 0 0 0 0 0 0 0 0 0 0 0 0 0 0 1 0 0 0 0]
[2934648362029197798588993026821518842923843163366593010281062362653528541532201151639904576882128275556222263912287744163936196907560202115971187184997997039946331687437828110813279072514634064766478132286424314 0 0 0 0 0 0 0 0 0 0 0 0 0 0 0 0 0 0 0 0 0 0 0 0 0 0 0 0 0 0 0 0 0 0 0 0 0 0 0 0 0 0 0 0 0 0 0 0 0 0 0 0 0 0 0 0 0 0 0 0 0 0 0 0 0 1 0 0 0]
[2426595252879040194326642079162313803026125264160906238050057075918848102081699924140571650994847459524121008237618898883944254867829464154995342219386475509940031592062196402413320725385734414737014107367570267 0 0 0 0 0 0 0 0 0 0 0 0 0 0 0 0 0 0 0 0 0 0 0 0 0 0 0 0 0 0 0 0 0 0 0 0 0 0 0 0 0 0 0 0 0 0 0 0 0 0 0 0 0 0 0 0 0 0 0 0 0 0 0 0 0 0 1 0 0]
[2285310779764569083918073966094912659416306344852395185341395206922933731840746884388188933726703269737123215330539685391147680984052248571550961098759738796739291208774802490561456079961087951129839412963686136 0 0 0 0 0 0 0 0 0 0 0 0 0 0 0 0 0 0 0 0 0 0 0 0 0 0 0 0 0 0 0 0 0 0 0 0 0 0 0 0 0 0 0 0 0 0 0 0 0 0 0 0 0 0 0 0 0 0 0 0 0 0 0 0 0 0 0 1 0]
[3308323039821596838409661577844300497065967498306497283707380761328335380133745180217974606769821228127501779908158092499334179867228503976992250397337290035379593238842121897148210907792247783023501595382176038 0 0 0 0 0 0 0 0 0 0 0 0 0 0 0 0 0 0 0 0 0 0 0 0 0 0 0 0 0 0 0 0 0 0 0 0 0 0 0 0 0 0 0 0 0 0 0 0 0 0 0 0 0 0 0 0 0 0 0 0 0 0 0 0 0 0 0 0 1]
]
