[[3090450455471138004864097080864293170955967580587234214248916460218081209689750601389813779153012392918194328496070371055651231586586486476064266388027 0 0 0 0 0 0 0 0 0 0 0 0 0 0 0 0 0 0 0 0 0 0 0 0 0 0 0 0 0 0 0 0 0 0 0 0 0 0 0 0 0 0 0 0 0 0 0 0 0]
[977527510669232786516006646908150771602130422359357088925820549483874325279639056927789631929029375891491190575829404519352840648253180061407318475289 1 0 0 0 0 0 0 0 0 0 0 0 0 0 0 0 0 0 0 0 0 0 0 0 0 0 0 0 0 0 0 0 0 0 0 0 0 0 0 0 0 0 0 0 0 0 0 0 0]
[35419826569691261895687519434491955314869379993561694236032956976328819338649003391051266673408994384173184869360119933358314236313520006056202721283 0 1 0 0 0 0 0 0 0 0 0 0 0 0 0 0 0 0 0 0 0 0 0 0 0 0 0 0 0 0 0 0 0 0 0 0 0 0 0 0 0 0 0 0 0 0 0 0 0]
[2200789939381649794267985562303431639294767801277035555204738050782366684968608287614668212231779670398756802490525667878598154950388369723595210747179 0 0 1 0 0 0 0 0 0 0 0 0 0 0 0 0 0 0 0 0 0 0 0 0 0 0 0 0 0 0 0 0 0 0 0 0 0 0 0 0 0 0 0 0 0 0 0 0 0]
[178057482753997350526874173245606357279060096587948340798476910806770025948882467240651849797879290078807527839704436775016409396305264619850500870752 0 0 0 1 0 0 0 0 0 0 0 0 0 0 0 0 0 0 0 0 0 0 0 0 0 0 0 0 0 0 0 0 0 0 0 0 0 0 0 0 0 0 0 0 0 0 0 0 0]
[1639989129367101347543496639067371195049453825772864281755386885080953441916612255422030567917166600930254826172279971539064952658126439933762179857350 0 0 0 0 1 0 0 0 0 0 0 0 0 0 0 0 0 0 0 0 0 0 0 0 0 0 0 0 0 0 0 0 0 0 0 0 0 0 0 0 0 0 0 0 0 0 0 0 0]
[2513769056636005208211498259176739359065930798390471002118638035587336855642621470810998042570686496131519095956581686225544653919170536855520547770734 0 0 0 0 0 1 0 0 0 0 0 0 0 0 0 0 0 0 0 0 0 0 0 0 0 0 0 0 0 0 0 0 0 0 0 0 0 0 0 0 0 0 0 0 0 0 0 0 0]
[3049189388242096076514861104376205154365706559205264161468297717977119366843290770304769779438544027022874348661997970760402144154397169746118161118829 0 0 0 0 0 0 1 0 0 0 0 0 0 0 0 0 0 0 0 0 0 0 0 0 0 0 0 0 0 0 0 0 0 0 0 0 0 0 0 0 0 0 0 0 0 0 0 0 0]
[2797787003597598185327858562280538969448185189203479228601536950069297185742016897555697923444531041193937710707432513111260619498961214317289177060177 0 0 0 0 0 0 0 1 0 0 0 0 0 0 0 0 0 0 0 0 0 0 0 0 0 0 0 0 0 0 0 0 0 0 0 0 0 0 0 0 0 0 0 0 0 0 0 0 0]
[660235326081631611571303829197180624960597811239213795759542529716238250845426553047907331740236110563909680262135181227557119165696725431928547595886 0 0 0 0 0 0 0 0 1 0 0 0 0 0 0 0 0 0 0 0 0 0 0 0 0 0 0 0 0 0 0 0 0 0 0 0 0 0 0 0 0 0 0 0 0 0 0 0 0]
[3059800624145797617977993511682831018158370271354462296923624144150832483636057881741584729890440737259373464016354807781532401267813854379558265638869 0 0 0 0 0 0 0 0 0 1 0 0 0 0 0 0 0 0 0 0 0 0 0 0 0 0 0 0 0 0 0 0 0 0 0 0 0 0 0 0 0 0 0 0 0 0 0 0 0]
[2101425549999579160570543613990066752769387852992668687787423152190808687867097110958607098039182010004727712992495124711082097919331807059225145818543 0 0 0 0 0 0 0 0 0 0 1 0 0 0 0 0 0 0 0 0 0 0 0 0 0 0 0 0 0 0 0 0 0 0 0 0 0 0 0 0 0 0 0 0 0 0 0 0 0]
[1362306062690575247907613771072476545354338859327489822468868005741028172517550668956371928198930277422107744729582172406763300534171601203859571710599 0 0 0 0 0 0 0 0 0 0 0 1 0 0 0 0 0 0 0 0 0 0 0 0 0 0 0 0 0 0 0 0 0 0 0 0 0 0 0 0 0 0 0 0 0 0 0 0 0]
[1046260173711306611242897691741739631263800300922223060228833970596372285028249282062343801289930561836800273785297276337729827119520664533178601756661 0 0 0 0 0 0 0 0 0 0 0 0 1 0 0 0 0 0 0 0 0 0 0 0 0 0 0 0 0 0 0 0 0 0 0 0 0 0 0 0 0 0 0 0 0 0 0 0 0]
[1845013424936632314785219944863538477019165372295727101320695327064520551808700125769760998959185320733751941773685242233027382018383836460530029751019 0 0 0 0 0 0 0 0 0 0 0 0 0 1 0 0 0 0 0 0 0 0 0 0 0 0 0 0 0 0 0 0 0 0 0 0 0 0 0 0 0 0 0 0 0 0 0 0 0]
[274370268373412105740286400011329074740445249242083001393774262128438617914095731327008378387971912566531259678383150300143228286099743974170852482560 0 0 0 0 0 0 0 0 0 0 0 0 0 0 1 0 0 0 0 0 0 0 0 0 0 0 0 0 0 0 0 0 0 0 0 0 0 0 0 0 0 0 0 0 0 0 0 0 0]
[856632861605722791511022366648306748515602211249907740239966225425939560526770540625553029746974260832599257062120681236096131597424514344433816932533 0 0 0 0 0 0 0 0 0 0 0 0 0 0 0 1 0 0 0 0 0 0 0 0 0 0 0 0 0 0 0 0 0 0 0 0 0 0 0 0 0 0 0 0 0 0 0 0 0]
[1019661910865468922080959434356279912179413923661065513800697385260957047491436148715767290520426950332278692078991482077330880015731274360216821445591 0 0 0 0 0 0 0 0 0 0 0 0 0 0 0 0 1 0 0 0 0 0 0 0 0 0 0 0 0 0 0 0 0 0 0 0 0 0 0 0 0 0 0 0 0 0 0 0 0]
[511585272124087251867131280818233053705702104087359924168291895709881140785078757196761531353464797325528047863677956799968375680310316814234734338812 0 0 0 0 0 0 0 0 0 0 0 0 0 0 0 0 0 1 0 0 0 0 0 0 0 0 0 0 0 0 0 0 0 0 0 0 0 0 0 0 0 0 0 0 0 0 0 0 0]
[2624959068171806393420812794440028180228299422376225483132863274261544538386948672494709672090351671248646547357481064018325454566933057828513607027706 0 0 0 0 0 0 0 0 0 0 0 0 0 0 0 0 0 0 1 0 0 0 0 0 0 0 0 0 0 0 0 0 0 0 0 0 0 0 0 0 0 0 0 0 0 0 0 0 0]
[2383423084050746608720250247407196030904921136052215044069691832974569100597101612258143377862495126536620143403610050661830932019220933109217820581311 0 0 0 0 0 0 0 0 0 0 0 0 0 0 0 0 0 0 0 1 0 0 0 0 0 0 0 0 0 0 0 0 0 0 0 0 0 0 0 0 0 0 0 0 0 0 0 0 0]
[2291633977576884863887273468256058099263730795567852573675503281640198786207966050160405558164768910780213101399673821345341935329950991056531922640858 0 0 0 0 0 0 0 0 0 0 0 0 0 0 0 0 0 0 0 0 1 0 0 0 0 0 0 0 0 0 0 0 0 0 0 0 0 0 0 0 0 0 0 0 0 0 0 0 0]
[1711596780507204525193048937272654143477878667477913863203441586707824802188696501398199214986396618099331096404801338825618721840272369687993442724624 0 0 0 0 0 0 0 0 0 0 0 0 0 0 0 0 0 0 0 0 0 1 0 0 0 0 0 0 0 0 0 0 0 0 0 0 0 0 0 0 0 0 0 0 0 0 0 0 0]
[1345622954585156800825013248283169540495137730186224061853005941715725328773234040848096114427761705254341139136991700367889210163370961422587391590961 0 0 0 0 0 0 0 0 0 0 0 0 0 0 0 0 0 0 0 0 0 0 1 0 0 0 0 0 0 0 0 0 0 0 0 0 0 0 0 0 0 0 0 0 0 0 0 0 0]
[2724663882767222683146280707226836580513143208281677819640084213351584112435931767810020620429948307196153427853841836134763814243323181784826238004126 0 0 0 0 0 0 0 0 0 0 0 0 0 0 0 0 0 0 0 0 0 0 0 1 0 0 0 0 0 0 0 0 0 0 0 0 0 0 0 0 0 0 0 0 0 0 0 0 0]
[2527629297877526681048424285416983754213759284391513846299700040292689510382865836965866301247357857751917160382892495242220976311094575739702043237978 0 0 0 0 0 0 0 0 0 0 0 0 0 0 0 0 0 0 0 0 0 0 0 0 1 0 0 0 0 0 0 0 0 0 0 0 0 0 0 0 0 0 0 0 0 0 0 0 0]
[3077923676235172138210874938224608795350732535018078345022650588165510695286846019563890976976831251280269637376336567053971861112743356278688990119037 0 0 0 0 0 0 0 0 0 0 0 0 0 0 0 0 0 0 0 0 0 0 0 0 0 1 0 0 0 0 0 0 0 0 0 0 0 0 0 0 0 0 0 0 0 0 0 0 0]
[122164680894270296282064936014615270286090838292945975596331957328389937724961989018537406505561375229627164189537288625669650071422750719823653688471 0 0 0 0 0 0 0 0 0 0 0 0 0 0 0 0 0 0 0 0 0 0 0 0 0 0 1 0 0 0 0 0 0 0 0 0 0 0 0 0 0 0 0 0 0 0 0 0 0]
[2280837094416070560777809947944755093895094933221429626862973718682426056750496097083088006790247456056937394169468205367185451514380030071576969180342 0 0 0 0 0 0 0 0 0 0 0 0 0 0 0 0 0 0 0 0 0 0 0 0 0 0 0 1 0 0 0 0 0 0 0 0 0 0 0 0 0 0 0 0 0 0 0 0 0]
[2012600350371462733966794782526849497274652651034243827146469755489080913656115289588503291781090846173225513703568562868458701352819904038077238448732 0 0 0 0 0 0 0 0 0 0 0 0 0 0 0 0 0 0 0 0 0 0 0 0 0 0 0 0 1 0 0 0 0 0 0 0 0 0 0 0 0 0 0 0 0 0 0 0 0]
[227445244451182596093933207433218357845227691460367966795000193228818126813809053787651124127229846006080410070088331742440571688910684105495241417351 0 0 0 0 0 0 0 0 0 0 0 0 0 0 0 0 0 0 0 0 0 0 0 0 0 0 0 0 0 1 0 0 0 0 0 0 0 0 0 0 0 0 0 0 0 0 0 0 0]
[629039141603264154885408490086438775955942181875509346507552000358739307102492781385088487194796580172041897908620475813077680982307448348911282277550 0 0 0 0 0 0 0 0 0 0 0 0 0 0 0 0 0 0 0 0 0 0 0 0 0 0 0 0 0 0 1 0 0 0 0 0 0 0 0 0 0 0 0 0 0 0 0 0 0]
[2213471060599804424753506886280608941183041872857464985046752983095457540100727153573412897244311956982951180273509336946963381492818295701469406372491 0 0 0 0 0 0 0 0 0 0 0 0 0 0 0 0 0 0 0 0 0 0 0 0 0 0 0 0 0 0 0 1 0 0 0 0 0 0 0 0 0 0 0 0 0 0 0 0 0]
[770449857549068857661398725104830558286684833819515410129864985187879426681168605166245878434601666995318319405180435088865339202367519936040924473688 0 0 0 0 0 0 0 0 0 0 0 0 0 0 0 0 0 0 0 0 0 0 0 0 0 0 0 0 0 0 0 0 1 0 0 0 0 0 0 0 0 0 0 0 0 0 0 0 0]
[316869095689320580836411174081489245422471313195447699066686843759899952917405834011026192568242588085544905596335017271606787612726808833425413241374 0 0 0 0 0 0 0 0 0 0 0 0 0 0 0 0 0 0 0 0 0 0 0 0 0 0 0 0 0 0 0 0 0 1 0 0 0 0 0 0 0 0 0 0 0 0 0 0 0]
[2122452196298643113107012920973390701041409705194424998058475837247251752794699274938007824952674135475565317770089510475702571968773442158611440926305 0 0 0 0 0 0 0 0 0 0 0 0 0 0 0 0 0 0 0 0 0 0 0 0 0 0 0 0 0 0 0 0 0 0 1 0 0 0 0 0 0 0 0 0 0 0 0 0 0]
[615400311660790619311807342451400950139878896630849428861690364576425203684965557125448119606289591089016777379422187393700671412912815290999088466476 0 0 0 0 0 0 0 0 0 0 0 0 0 0 0 0 0 0 0 0 0 0 0 0 0 0 0 0 0 0 0 0 0 0 0 1 0 0 0 0 0 0 0 0 0 0 0 0 0]
[2494744279529331750550797810595795460758078522097385994936407307529030164835099286739653525631860532750970209455804560905597099530580827309196066079937 0 0 0 0 0 0 0 0 0 0 0 0 0 0 0 0 0 0 0 0 0 0 0 0 0 0 0 0 0 0 0 0 0 0 0 0 1 0 0 0 0 0 0 0 0 0 0 0 0]
[1365120005821334160698378072961521003410348201617789963692114537915944415570260153445350084393031889408454911992659056994468553949864246863388407265792 0 0 0 0 0 0 0 0 0 0 0 0 0 0 0 0 0 0 0 0 0 0 0 0 0 0 0 0 0 0 0 0 0 0 0 0 0 1 0 0 0 0 0 0 0 0 0 0 0]
[2910844974728612036419394958781523230535826482417046804035150411022596010793651935737148482112298274100319531461272688400288281581311569881294541990635 0 0 0 0 0 0 0 0 0 0 0 0 0 0 0 0 0 0 0 0 0 0 0 0 0 0 0 0 0 0 0 0 0 0 0 0 0 0 1 0 0 0 0 0 0 0 0 0 0]
[2900794468329092053900621652582847496606667527251605007025133398094222837819558380733420203102986466562390737198078725133835215840356991699622274918946 0 0 0 0 0 0 0 0 0 0 0 0 0 0 0 0 0 0 0 0 0 0 0 0 0 0 0 0 0 0 0 0 0 0 0 0 0 0 0 1 0 0 0 0 0 0 0 0 0]
[1191988502233185646923279718704213971616999430950261636835641579390535468794224294718854379115630362548934684057886877338881969101418088188077407627600 0 0 0 0 0 0 0 0 0 0 0 0 0 0 0 0 0 0 0 0 0 0 0 0 0 0 0 0 0 0 0 0 0 0 0 0 0 0 0 0 1 0 0 0 0 0 0 0 0]
[2241660880425193356726232146485919718987671646695057324500544647909152603290845087228051244535108216729064800466753584586044018189893414994862196001089 0 0 0 0 0 0 0 0 0 0 0 0 0 0 0 0 0 0 0 0 0 0 0 0 0 0 0 0 0 0 0 0 0 0 0 0 0 0 0 0 0 1 0 0 0 0 0 0 0]
[53342135500742064575538508251168105895149993364757893170750057267965751540291498941182001737906925410852268702904273601608593435590825339352458873574 0 0 0 0 0 0 0 0 0 0 0 0 0 0 0 0 0 0 0 0 0 0 0 0 0 0 0 0 0 0 0 0 0 0 0 0 0 0 0 0 0 0 1 0 0 0 0 0 0]
[1602780487592469691022929962017610663225421539744039694125202536184502220775233335240350237635533419995528611785720329371383571681827661146933589537053 0 0 0 0 0 0 0 0 0 0 0 0 0 0 0 0 0 0 0 0 0 0 0 0 0 0 0 0 0 0 0 0 0 0 0 0 0 0 0 0 0 0 0 1 0 0 0 0 0]
[608570541185615551941368700416082151804693789172130549702319379222644524163922204429354057130673491002698814211674740555532005913194677921392408315069 0 0 0 0 0 0 0 0 0 0 0 0 0 0 0 0 0 0 0 0 0 0 0 0 0 0 0 0 0 0 0 0 0 0 0 0 0 0 0 0 0 0 0 0 1 0 0 0 0]
[948846837749264239618231955000944247955656301220277097841424447156645903029272932802458229569009503085850943798495480141019028788146563061334713265188 0 0 0 0 0 0 0 0 0 0 0 0 0 0 0 0 0 0 0 0 0 0 0 0 0 0 0 0 0 0 0 0 0 0 0 0 0 0 0 0 0 0 0 0 0 1 0 0 0]
[900783647872192701884247079805802793648410455200701291781159374595021118560412796170655459079661490705276293718930250840113731768472154742112937545461 0 0 0 0 0 0 0 0 0 0 0 0 0 0 0 0 0 0 0 0 0 0 0 0 0 0 0 0 0 0 0 0 0 0 0 0 0 0 0 0 0 0 0 0 0 0 1 0 0]
[2309160435249263872216568241288602678823112641532741604994486623670301437956610628850718695469692135180270363529031435477376406177645355051938655693524 0 0 0 0 0 0 0 0 0 0 0 0 0 0 0 0 0 0 0 0 0 0 0 0 0 0 0 0 0 0 0 0 0 0 0 0 0 0 0 0 0 0 0 0 0 0 0 1 0]
[80383316170857089790883381031361293740457479901322863836018024103421928014301959850858630594475129003387207202916312920635101389930795151598929043449 0 0 0 0 0 0 0 0 0 0 0 0 0 0 0 0 0 0 0 0 0 0 0 0 0 0 0 0 0 0 0 0 0 0 0 0 0 0 0 0 0 0 0 0 0 0 0 0 1]
]
