[[3406875408458918510840549639680470049966807808016328104342295563662103610677521749976771323012058890036371721608558086750302355016181022577918892867420556024189342192699099375433663371108856622808266329829620773578906139621 0 0 0 0 0 0 0 0 0 0 0 0 0 0 0 0 0 0 0 0 0 0 0 0 0 0 0 0 0 0 0 0 0 0 0 0 0 0 0 0 0 0 0 0 0 0 0 0 0 0 0 0 0 0 0 0 0 0 0 0 0 0 0 0 0 0 0 0 0 0 0 0 0]
[1027754277072948904085461146675386448283773071224000903779702957556879987394489800801020425207525125784836597519794217933630165791882092207760683016361304273828822340068895592163813976605641115669783699909909881043523911102 1 0 0 0 0 0 0 0 0 0 0 0 0 0 0 0 0 0 0 0 0 0 0 0 0 0 0 0 0 0 0 0 0 0 0 0 0 0 0 0 0 0 0 0 0 0 0 0 0 0 0 0 0 0 0 0 0 0 0 0 0 0 0 0 0 0 0 0 0 0 0 0 0]
[1574420012905384857064512506479197079431696072274126456550409081808464859789879883820440783411454018341122195823578661106148435226293121999918604807014119293097477473137774843924100655665601768805060949369200620049543091998 0 1 0 0 0 0 0 0 0 0 0 0 0 0 0 0 0 0 0 0 0 0 0 0 0 0 0 0 0 0 0 0 0 0 0 0 0 0 0 0 0 0 0 0 0 0 0 0 0 0 0 0 0 0 0 0 0 0 0 0 0 0 0 0 0 0 0 0 0 0 0 0 0]
[1278583664092784283570544385391189709563525007526019167052951964562593746717258114175269754846864708223114240596703177276673611964283719633450832847614871121342643308516991654962147240510645786986362954992835800442767527587 0 0 1 0 0 0 0 0 0 0 0 0 0 0 0 0 0 0 0 0 0 0 0 0 0 0 0 0 0 0 0 0 0 0 0 0 0 0 0 0 0 0 0 0 0 0 0 0 0 0 0 0 0 0 0 0 0 0 0 0 0 0 0 0 0 0 0 0 0 0 0 0 0]
[810831661826285104421564279458737984304769031059729671093313932431070755329149594053828452673068696840327124719384231761818877155466350972082885323013303907204214144308995710780329186177099967752551127782421054505975346950 0 0 0 1 0 0 0 0 0 0 0 0 0 0 0 0 0 0 0 0 0 0 0 0 0 0 0 0 0 0 0 0 0 0 0 0 0 0 0 0 0 0 0 0 0 0 0 0 0 0 0 0 0 0 0 0 0 0 0 0 0 0 0 0 0 0 0 0 0 0 0 0 0]
[2970911237742923774584120209510992296854403414350778001723455541452194083141915385810592469107668315590016186387412249040535766953214202016701089334273137231004594920426850945945545260439362050744565272838631800617176769677 0 0 0 0 1 0 0 0 0 0 0 0 0 0 0 0 0 0 0 0 0 0 0 0 0 0 0 0 0 0 0 0 0 0 0 0 0 0 0 0 0 0 0 0 0 0 0 0 0 0 0 0 0 0 0 0 0 0 0 0 0 0 0 0 0 0 0 0 0 0 0 0 0]
[2585141746721318097798676757237556481277746437463083924454412939003303856060993992500438797900704739594705063402703345211576022363764204383455585937934033647044998197704338908295815186486700763102437859536631666844251967397 0 0 0 0 0 1 0 0 0 0 0 0 0 0 0 0 0 0 0 0 0 0 0 0 0 0 0 0 0 0 0 0 0 0 0 0 0 0 0 0 0 0 0 0 0 0 0 0 0 0 0 0 0 0 0 0 0 0 0 0 0 0 0 0 0 0 0 0 0 0 0 0 0]
[3177044931722895375366468235204884289565905858806193836502360029988013206592387158373098365831084170858092608586346175582610819088306439346419920707012388020918296650823847431414480918245783429043419419163067518452741954666 0 0 0 0 0 0 1 0 0 0 0 0 0 0 0 0 0 0 0 0 0 0 0 0 0 0 0 0 0 0 0 0 0 0 0 0 0 0 0 0 0 0 0 0 0 0 0 0 0 0 0 0 0 0 0 0 0 0 0 0 0 0 0 0 0 0 0 0 0 0 0 0 0]
[3235140638467141543937735120425742128874946788570629628295676132888940609228101225248216719652350580754935273149035280132313842747709870107448932019926291822275329880459311376167740794344858298159872469802756984295215740434 0 0 0 0 0 0 0 1 0 0 0 0 0 0 0 0 0 0 0 0 0 0 0 0 0 0 0 0 0 0 0 0 0 0 0 0 0 0 0 0 0 0 0 0 0 0 0 0 0 0 0 0 0 0 0 0 0 0 0 0 0 0 0 0 0 0 0 0 0 0 0 0 0]
[3029519875503025461007071462419313025082033969981773557249702480708796272901404464370758234723543754361717734119918215274611595467920006601411676261900415406556725895903988243780907440726190164131842316653548306019406936644 0 0 0 0 0 0 0 0 1 0 0 0 0 0 0 0 0 0 0 0 0 0 0 0 0 0 0 0 0 0 0 0 0 0 0 0 0 0 0 0 0 0 0 0 0 0 0 0 0 0 0 0 0 0 0 0 0 0 0 0 0 0 0 0 0 0 0 0 0 0 0 0 0]
[1417482275421199964344848230213115435054447894047078765515423498881533993763730893169194096109397017404762192773968033469000792226982710917554749484832037961481256721243877214301201513310240017314816424855398557995197375387 0 0 0 0 0 0 0 0 0 1 0 0 0 0 0 0 0 0 0 0 0 0 0 0 0 0 0 0 0 0 0 0 0 0 0 0 0 0 0 0 0 0 0 0 0 0 0 0 0 0 0 0 0 0 0 0 0 0 0 0 0 0 0 0 0 0 0 0 0 0 0 0 0]
[2261680652944717260594641675585389799510967494015835811004913193221346057130467597121666289261377487775887907292063660117691185465863292142595462865839063936947182772894026147972729470226628928542782458740091949195243401843 0 0 0 0 0 0 0 0 0 0 1 0 0 0 0 0 0 0 0 0 0 0 0 0 0 0 0 0 0 0 0 0 0 0 0 0 0 0 0 0 0 0 0 0 0 0 0 0 0 0 0 0 0 0 0 0 0 0 0 0 0 0 0 0 0 0 0 0 0 0 0 0 0]
[1104742930314996266219894924736620974532074792409010183699335292768683071545383447418791895441618875153927206315671971989618843517284828743483234827882738723524003008310598273679222512616965753039345984673344804416954288968 0 0 0 0 0 0 0 0 0 0 0 1 0 0 0 0 0 0 0 0 0 0 0 0 0 0 0 0 0 0 0 0 0 0 0 0 0 0 0 0 0 0 0 0 0 0 0 0 0 0 0 0 0 0 0 0 0 0 0 0 0 0 0 0 0 0 0 0 0 0 0 0 0]
[330397065519541861125164409778266298696918739392784851257676468364796482330056438882296270613599109618159126518641295562816733101741616663595700230763989298319207177277199394440789664584428669086110709966151249722117280848 0 0 0 0 0 0 0 0 0 0 0 0 1 0 0 0 0 0 0 0 0 0 0 0 0 0 0 0 0 0 0 0 0 0 0 0 0 0 0 0 0 0 0 0 0 0 0 0 0 0 0 0 0 0 0 0 0 0 0 0 0 0 0 0 0 0 0 0 0 0 0 0 0]
[329439652041697169884451443639622971057143922050259535457016669146145043342043571105841309975417487335953511571930828486137061597077343786852972508801423039956370493009834159536540024890189918050277474393109765079755840931 0 0 0 0 0 0 0 0 0 0 0 0 0 1 0 0 0 0 0 0 0 0 0 0 0 0 0 0 0 0 0 0 0 0 0 0 0 0 0 0 0 0 0 0 0 0 0 0 0 0 0 0 0 0 0 0 0 0 0 0 0 0 0 0 0 0 0 0 0 0 0 0 0]
[3385929844973806627291993491244380115132295813383109031969241786265049873867372819226829601802228010458428596368509415250392111518123784941188971422215919216850957338889081370616561196341542082967732659824085687719628697000 0 0 0 0 0 0 0 0 0 0 0 0 0 0 1 0 0 0 0 0 0 0 0 0 0 0 0 0 0 0 0 0 0 0 0 0 0 0 0 0 0 0 0 0 0 0 0 0 0 0 0 0 0 0 0 0 0 0 0 0 0 0 0 0 0 0 0 0 0 0 0 0 0]
[2702622575454220477701956209833624437106324795492321458847294504098983459599030310555754196759440336904088058682437170351392251675308873852954755451540144506294890154570168084597789411410178617694383579679705535114044002470 0 0 0 0 0 0 0 0 0 0 0 0 0 0 0 1 0 0 0 0 0 0 0 0 0 0 0 0 0 0 0 0 0 0 0 0 0 0 0 0 0 0 0 0 0 0 0 0 0 0 0 0 0 0 0 0 0 0 0 0 0 0 0 0 0 0 0 0 0 0 0 0 0]
[2950496881240713235151697983240391119532974203599883074829936603115301521673971077870353710016513431099435514792605118622376460245557440296588666365018828025707251549227905217346426194307640246144785159762660921613161186145 0 0 0 0 0 0 0 0 0 0 0 0 0 0 0 0 1 0 0 0 0 0 0 0 0 0 0 0 0 0 0 0 0 0 0 0 0 0 0 0 0 0 0 0 0 0 0 0 0 0 0 0 0 0 0 0 0 0 0 0 0 0 0 0 0 0 0 0 0 0 0 0 0]
[344056897093561196223350071702857470446292694313204677077377567746416526884953486972149886592354951396563224006000291637642928922584763899893633940900116779791299109003517967404944678078456287741133438579665167945230958379 0 0 0 0 0 0 0 0 0 0 0 0 0 0 0 0 0 1 0 0 0 0 0 0 0 0 0 0 0 0 0 0 0 0 0 0 0 0 0 0 0 0 0 0 0 0 0 0 0 0 0 0 0 0 0 0 0 0 0 0 0 0 0 0 0 0 0 0 0 0 0 0 0]
[3225427882908896172278673436338184553824377595829556298471469579309052125419217947574180807938147403641692963366320457293541988371603954973496488643319867377857375589126527899207034424985417290737934694447616287258218715295 0 0 0 0 0 0 0 0 0 0 0 0 0 0 0 0 0 0 1 0 0 0 0 0 0 0 0 0 0 0 0 0 0 0 0 0 0 0 0 0 0 0 0 0 0 0 0 0 0 0 0 0 0 0 0 0 0 0 0 0 0 0 0 0 0 0 0 0 0 0 0 0 0]
[1046617684665548916785352655504255793668657196730735330044946607811588917918241002169256624709460655464437761116694565122734923595594621398080289420219273126453907528820883800462249884491935572211942746432660322722360849175 0 0 0 0 0 0 0 0 0 0 0 0 0 0 0 0 0 0 0 1 0 0 0 0 0 0 0 0 0 0 0 0 0 0 0 0 0 0 0 0 0 0 0 0 0 0 0 0 0 0 0 0 0 0 0 0 0 0 0 0 0 0 0 0 0 0 0 0 0 0 0 0 0]
[1624807713882320776685322893288392056684123845464737878089904672814530970565374657504356990608369924136154451206276991845736472450680770590904687825952492524417426212440364904630955393382504624534825968398604892378393310639 0 0 0 0 0 0 0 0 0 0 0 0 0 0 0 0 0 0 0 0 1 0 0 0 0 0 0 0 0 0 0 0 0 0 0 0 0 0 0 0 0 0 0 0 0 0 0 0 0 0 0 0 0 0 0 0 0 0 0 0 0 0 0 0 0 0 0 0 0 0 0 0 0]
[3139050580304650280595674295443174238746561157000684231819492014055400146770895215631914508670546390613905835972491287648317838974633149140328985402961986977462794786590141496466381981266024419206803808322717270506659237284 0 0 0 0 0 0 0 0 0 0 0 0 0 0 0 0 0 0 0 0 0 1 0 0 0 0 0 0 0 0 0 0 0 0 0 0 0 0 0 0 0 0 0 0 0 0 0 0 0 0 0 0 0 0 0 0 0 0 0 0 0 0 0 0 0 0 0 0 0 0 0 0 0]
[2702237230376893529389737143294345489590667115014439379234639777894624159829490914978130548308609665339564446252244170709749939348821912784013606817147001615440500401370781936423376086381056663499958050179195184147466539608 0 0 0 0 0 0 0 0 0 0 0 0 0 0 0 0 0 0 0 0 0 0 1 0 0 0 0 0 0 0 0 0 0 0 0 0 0 0 0 0 0 0 0 0 0 0 0 0 0 0 0 0 0 0 0 0 0 0 0 0 0 0 0 0 0 0 0 0 0 0 0 0 0]
[1740828400864270507427432585794731083796341479822491618914622543341133761590744605816630928620202128882536371949827511937695057355511831584088427969881517284790595136858421073917505211458444747420883303711017840839016474072 0 0 0 0 0 0 0 0 0 0 0 0 0 0 0 0 0 0 0 0 0 0 0 1 0 0 0 0 0 0 0 0 0 0 0 0 0 0 0 0 0 0 0 0 0 0 0 0 0 0 0 0 0 0 0 0 0 0 0 0 0 0 0 0 0 0 0 0 0 0 0 0 0]
[442194598804966288981079299243200880901326591961548085059361811209799825363121653589979595543227585627575079436108170561210049717276437946012368554765651585282678911396965503690675705183494793718412170020084432820052556115 0 0 0 0 0 0 0 0 0 0 0 0 0 0 0 0 0 0 0 0 0 0 0 0 1 0 0 0 0 0 0 0 0 0 0 0 0 0 0 0 0 0 0 0 0 0 0 0 0 0 0 0 0 0 0 0 0 0 0 0 0 0 0 0 0 0 0 0 0 0 0 0 0]
[2864579171678488914690526243173068551289772108978530938146131910041748968235932596291065950194518701824551717801654540749437330257375916143720380402077272260561721954304142221517493139486657991025645003426575836749050994014 0 0 0 0 0 0 0 0 0 0 0 0 0 0 0 0 0 0 0 0 0 0 0 0 0 1 0 0 0 0 0 0 0 0 0 0 0 0 0 0 0 0 0 0 0 0 0 0 0 0 0 0 0 0 0 0 0 0 0 0 0 0 0 0 0 0 0 0 0 0 0 0 0]
[3031125720247623074753349069976816713400485529002985343523621390376646308952560415959442938698903453400249520677876159957213694582942403826177578159380334694359437119831040889286262226910319526664502885690434363330565205468 0 0 0 0 0 0 0 0 0 0 0 0 0 0 0 0 0 0 0 0 0 0 0 0 0 0 1 0 0 0 0 0 0 0 0 0 0 0 0 0 0 0 0 0 0 0 0 0 0 0 0 0 0 0 0 0 0 0 0 0 0 0 0 0 0 0 0 0 0 0 0 0 0]
[88033631234174304413339358305572107708171242617414171529487953008848933092608349364224871322351756936349785481116751060328957963796171214822895011605407400622495635657455285217376927592015867807704453354874968042889131239 0 0 0 0 0 0 0 0 0 0 0 0 0 0 0 0 0 0 0 0 0 0 0 0 0 0 0 1 0 0 0 0 0 0 0 0 0 0 0 0 0 0 0 0 0 0 0 0 0 0 0 0 0 0 0 0 0 0 0 0 0 0 0 0 0 0 0 0 0 0 0 0 0]
[314506698118100335851036844678845076211188423597228089870877776191971330454584047043529104617983561125596739704660039029583171618348918690875897600467818755549109554878084004628299173442457101948785270911173787228680921963 0 0 0 0 0 0 0 0 0 0 0 0 0 0 0 0 0 0 0 0 0 0 0 0 0 0 0 0 1 0 0 0 0 0 0 0 0 0 0 0 0 0 0 0 0 0 0 0 0 0 0 0 0 0 0 0 0 0 0 0 0 0 0 0 0 0 0 0 0 0 0 0 0]
[2688603942581964068781984297135494860552889507421981702246691527106622457109568726983324709944103980326531078404000890064329845049156384898600902873822529836698318140753462145477771894334398888843531426312269906350247105239 0 0 0 0 0 0 0 0 0 0 0 0 0 0 0 0 0 0 0 0 0 0 0 0 0 0 0 0 0 1 0 0 0 0 0 0 0 0 0 0 0 0 0 0 0 0 0 0 0 0 0 0 0 0 0 0 0 0 0 0 0 0 0 0 0 0 0 0 0 0 0 0 0]
[2345108670414939534809752437545356705693696849683984937085323200097375093110708385351243815354456842712581685380136939745956677543135796440261349858555691845320659017097560934364757165447493975005689705160569013567657568425 0 0 0 0 0 0 0 0 0 0 0 0 0 0 0 0 0 0 0 0 0 0 0 0 0 0 0 0 0 0 1 0 0 0 0 0 0 0 0 0 0 0 0 0 0 0 0 0 0 0 0 0 0 0 0 0 0 0 0 0 0 0 0 0 0 0 0 0 0 0 0 0 0]
[1920342604995803547175397315575341841924452419218399542880931211632425149665314014240230973453241649623601147909493493341294099487173794099608903905190452175015783771195529621684973583594820631339380746467902698128680512247 0 0 0 0 0 0 0 0 0 0 0 0 0 0 0 0 0 0 0 0 0 0 0 0 0 0 0 0 0 0 0 1 0 0 0 0 0 0 0 0 0 0 0 0 0 0 0 0 0 0 0 0 0 0 0 0 0 0 0 0 0 0 0 0 0 0 0 0 0 0 0 0 0]
[1815775018276804098372239813169509008991284460500997196462981477516856890406329055911979021421488642250311373913565600176550108646024348140092200540690170842677771608253252269368542139606714194767038900554006096328107986104 0 0 0 0 0 0 0 0 0 0 0 0 0 0 0 0 0 0 0 0 0 0 0 0 0 0 0 0 0 0 0 0 1 0 0 0 0 0 0 0 0 0 0 0 0 0 0 0 0 0 0 0 0 0 0 0 0 0 0 0 0 0 0 0 0 0 0 0 0 0 0 0 0]
[1730080109457813037502086581432889902836605850108556992328005733577327105930908739486477190761668999745502823603584865531689436208382293111151071680818547665934994678395446314038219152545137576528151631153108195419715882924 0 0 0 0 0 0 0 0 0 0 0 0 0 0 0 0 0 0 0 0 0 0 0 0 0 0 0 0 0 0 0 0 0 1 0 0 0 0 0 0 0 0 0 0 0 0 0 0 0 0 0 0 0 0 0 0 0 0 0 0 0 0 0 0 0 0 0 0 0 0 0 0 0]
[762721517514917081928767583412447667284096564398558954620378836619817575755648090987513655110800116316446207577392280389958545129486198073737828189155495802977201604169196921292268414411071247503377268700705127601175345216 0 0 0 0 0 0 0 0 0 0 0 0 0 0 0 0 0 0 0 0 0 0 0 0 0 0 0 0 0 0 0 0 0 0 1 0 0 0 0 0 0 0 0 0 0 0 0 0 0 0 0 0 0 0 0 0 0 0 0 0 0 0 0 0 0 0 0 0 0 0 0 0 0]
[2364852139834650257849992589136558935129427654108184992918351044083821230365330129166179880597832826103036524238410577221146836221412068644189844018124091288213793190906917121382210452886071605241000429700282079672403732934 0 0 0 0 0 0 0 0 0 0 0 0 0 0 0 0 0 0 0 0 0 0 0 0 0 0 0 0 0 0 0 0 0 0 0 1 0 0 0 0 0 0 0 0 0 0 0 0 0 0 0 0 0 0 0 0 0 0 0 0 0 0 0 0 0 0 0 0 0 0 0 0 0]
[2030864380729648880497840465389282304689632815807509421265366662327080717761719452527011591691902541264953928590095842308717371866180204945647321864468829392025240832424650725126840992380305348800310332185459015747098292001 0 0 0 0 0 0 0 0 0 0 0 0 0 0 0 0 0 0 0 0 0 0 0 0 0 0 0 0 0 0 0 0 0 0 0 0 1 0 0 0 0 0 0 0 0 0 0 0 0 0 0 0 0 0 0 0 0 0 0 0 0 0 0 0 0 0 0 0 0 0 0 0 0]
[852989960987789761118801565649769412161816634946747271551420647272671070339551156017398508816688753036133697039551441453450254006851150442253438205455724110989909202886835375314871282269664994610447931909296599714364747179 0 0 0 0 0 0 0 0 0 0 0 0 0 0 0 0 0 0 0 0 0 0 0 0 0 0 0 0 0 0 0 0 0 0 0 0 0 1 0 0 0 0 0 0 0 0 0 0 0 0 0 0 0 0 0 0 0 0 0 0 0 0 0 0 0 0 0 0 0 0 0 0 0]
[988065848563763671585033525513289612592911685427149120500138142843964790611034969979932145269246077204702848832100195661686028109934083849695988574118587879698213495269243448075350426453358269426816939362076656600667900964 0 0 0 0 0 0 0 0 0 0 0 0 0 0 0 0 0 0 0 0 0 0 0 0 0 0 0 0 0 0 0 0 0 0 0 0 0 0 1 0 0 0 0 0 0 0 0 0 0 0 0 0 0 0 0 0 0 0 0 0 0 0 0 0 0 0 0 0 0 0 0 0 0]
[1386611223933140914104664414989540175182425530038366975000407497475793925337865690960764590202400058730564588964645350386035200728203633178574849315229542037403335351597084836788228598395892123278615969489073472518175833364 0 0 0 0 0 0 0 0 0 0 0 0 0 0 0 0 0 0 0 0 0 0 0 0 0 0 0 0 0 0 0 0 0 0 0 0 0 0 0 1 0 0 0 0 0 0 0 0 0 0 0 0 0 0 0 0 0 0 0 0 0 0 0 0 0 0 0 0 0 0 0 0 0]
[2386206662308620602867709339167068700904653914127441236403566562403063397226306318281055211363361590104400127952574531748611114390940905936571315754918863052673312206263497659895485306049604783129713181064201651916140802135 0 0 0 0 0 0 0 0 0 0 0 0 0 0 0 0 0 0 0 0 0 0 0 0 0 0 0 0 0 0 0 0 0 0 0 0 0 0 0 0 1 0 0 0 0 0 0 0 0 0 0 0 0 0 0 0 0 0 0 0 0 0 0 0 0 0 0 0 0 0 0 0 0]
[752796350343855968531979173446879401771385485065583566221298971475908739185808170506430291371286884462156695416387401137793291962856611322106602770298228055794372653102428259006088571022105394474022445025874353790548771264 0 0 0 0 0 0 0 0 0 0 0 0 0 0 0 0 0 0 0 0 0 0 0 0 0 0 0 0 0 0 0 0 0 0 0 0 0 0 0 0 0 1 0 0 0 0 0 0 0 0 0 0 0 0 0 0 0 0 0 0 0 0 0 0 0 0 0 0 0 0 0 0 0]
[443843389776950462256765544793374053870671061662107314256758486547057562530932471819342298865408541997753816544837891550216865351265205635831285092093667727060787379624859648870476968811771533727908305754067853975845333532 0 0 0 0 0 0 0 0 0 0 0 0 0 0 0 0 0 0 0 0 0 0 0 0 0 0 0 0 0 0 0 0 0 0 0 0 0 0 0 0 0 0 1 0 0 0 0 0 0 0 0 0 0 0 0 0 0 0 0 0 0 0 0 0 0 0 0 0 0 0 0 0 0]
[3096669738818601432030811743129911456349134568438907279790883764390575300482618604048949295567228090302451255147541189946339029405802672298478325252398715770218761293271726894689641655073372090630446498291440609819743533429 0 0 0 0 0 0 0 0 0 0 0 0 0 0 0 0 0 0 0 0 0 0 0 0 0 0 0 0 0 0 0 0 0 0 0 0 0 0 0 0 0 0 0 1 0 0 0 0 0 0 0 0 0 0 0 0 0 0 0 0 0 0 0 0 0 0 0 0 0 0 0 0 0]
[1852368206405172144776484560761290872559465613298560089851113942364451259614714299074529243865148882526822653567299027042938152074920935133831215633609546404698732928775618170268341682139027557088119479014147456197470589921 0 0 0 0 0 0 0 0 0 0 0 0 0 0 0 0 0 0 0 0 0 0 0 0 0 0 0 0 0 0 0 0 0 0 0 0 0 0 0 0 0 0 0 0 1 0 0 0 0 0 0 0 0 0 0 0 0 0 0 0 0 0 0 0 0 0 0 0 0 0 0 0 0]
[732918680746362560132167573931780257976480443098240817850008952227531175253638587947273181498411154672637962622400160304654545605320729337877300854840435453963823218399202240843785905429769048018131245619259095403230967747 0 0 0 0 0 0 0 0 0 0 0 0 0 0 0 0 0 0 0 0 0 0 0 0 0 0 0 0 0 0 0 0 0 0 0 0 0 0 0 0 0 0 0 0 0 1 0 0 0 0 0 0 0 0 0 0 0 0 0 0 0 0 0 0 0 0 0 0 0 0 0 0 0]
[2283727660354773302103892867728490146286293383482092701219452448754762589307984426055454349335088448398577706292145483204917077066565510072377433337256790290594163612345208625889480000585806476478630175319037912784202635362 0 0 0 0 0 0 0 0 0 0 0 0 0 0 0 0 0 0 0 0 0 0 0 0 0 0 0 0 0 0 0 0 0 0 0 0 0 0 0 0 0 0 0 0 0 0 1 0 0 0 0 0 0 0 0 0 0 0 0 0 0 0 0 0 0 0 0 0 0 0 0 0 0]
[603480806395668756105490989429188885454699811372107319354674002392956091892900130338423152989050795190421095685697560908101972345268454487802213128018872466184626345106330022083123642649422994127638110477501498295955269603 0 0 0 0 0 0 0 0 0 0 0 0 0 0 0 0 0 0 0 0 0 0 0 0 0 0 0 0 0 0 0 0 0 0 0 0 0 0 0 0 0 0 0 0 0 0 0 1 0 0 0 0 0 0 0 0 0 0 0 0 0 0 0 0 0 0 0 0 0 0 0 0 0]
[2457954211299295836551478573683180928273510464722857467925440257895961230399539744426299011100106430543395510761677624147637345548502781827878758787959344377160082121488398297116918737760900482808653167073535461523181525830 0 0 0 0 0 0 0 0 0 0 0 0 0 0 0 0 0 0 0 0 0 0 0 0 0 0 0 0 0 0 0 0 0 0 0 0 0 0 0 0 0 0 0 0 0 0 0 0 1 0 0 0 0 0 0 0 0 0 0 0 0 0 0 0 0 0 0 0 0 0 0 0 0]
[1792383589125104977094703866837574646825573824962601641157666286390608424075360689079059413470120441911169024346912455615536611704669775896662218286358996137591513317486039779941926245570703431740324831824021915454561749777 0 0 0 0 0 0 0 0 0 0 0 0 0 0 0 0 0 0 0 0 0 0 0 0 0 0 0 0 0 0 0 0 0 0 0 0 0 0 0 0 0 0 0 0 0 0 0 0 0 1 0 0 0 0 0 0 0 0 0 0 0 0 0 0 0 0 0 0 0 0 0 0 0]
[320684834343712041712368234899858073042595739005201399354270327950961235439467170475233749129568318073133810034240451397230503751696242497616552106438436972532029344152336524933192315045316492794491586923243990560697782892 0 0 0 0 0 0 0 0 0 0 0 0 0 0 0 0 0 0 0 0 0 0 0 0 0 0 0 0 0 0 0 0 0 0 0 0 0 0 0 0 0 0 0 0 0 0 0 0 0 0 1 0 0 0 0 0 0 0 0 0 0 0 0 0 0 0 0 0 0 0 0 0 0]
[60550564873217566734283689416674644947991685905908525842448622111027923710659125466823620795065447864029447254400403382290494596846144920737988159827429296609961482746800888889817358187946014048000578288216400143881731177 0 0 0 0 0 0 0 0 0 0 0 0 0 0 0 0 0 0 0 0 0 0 0 0 0 0 0 0 0 0 0 0 0 0 0 0 0 0 0 0 0 0 0 0 0 0 0 0 0 0 0 1 0 0 0 0 0 0 0 0 0 0 0 0 0 0 0 0 0 0 0 0 0]
[3081954760361185351181461492168637113505252409078764127957564460492146264220737049083788161574650906821880020123113719069630466401066228466434513528725155308108884501466867419180696221642605738838907763372869955498606751168 0 0 0 0 0 0 0 0 0 0 0 0 0 0 0 0 0 0 0 0 0 0 0 0 0 0 0 0 0 0 0 0 0 0 0 0 0 0 0 0 0 0 0 0 0 0 0 0 0 0 0 0 1 0 0 0 0 0 0 0 0 0 0 0 0 0 0 0 0 0 0 0 0]
[3215392094481724873022566750184694396091981699144125391258413970638313974865307276964511927759294040844942982448330170095954412378041441274735145258874532302472339414233501299730780279704020058981733325877049192614290421595 0 0 0 0 0 0 0 0 0 0 0 0 0 0 0 0 0 0 0 0 0 0 0 0 0 0 0 0 0 0 0 0 0 0 0 0 0 0 0 0 0 0 0 0 0 0 0 0 0 0 0 0 0 1 0 0 0 0 0 0 0 0 0 0 0 0 0 0 0 0 0 0 0]
[639291129630890817546827343536260978875808577635858979528529372801934709083548217316646197865637358486118806414845287193497411466968357248760360263191583883291497495649134963547918771671419396955960985467352920158841031582 0 0 0 0 0 0 0 0 0 0 0 0 0 0 0 0 0 0 0 0 0 0 0 0 0 0 0 0 0 0 0 0 0 0 0 0 0 0 0 0 0 0 0 0 0 0 0 0 0 0 0 0 0 0 1 0 0 0 0 0 0 0 0 0 0 0 0 0 0 0 0 0 0]
[1041641049608550858162064489504088363136458654019959430422146704192129839221809639835236526657792302691346592930642944835824762994207309353789737063849117330329063640021988186304749132284920817996373289988705401252925386785 0 0 0 0 0 0 0 0 0 0 0 0 0 0 0 0 0 0 0 0 0 0 0 0 0 0 0 0 0 0 0 0 0 0 0 0 0 0 0 0 0 0 0 0 0 0 0 0 0 0 0 0 0 0 0 1 0 0 0 0 0 0 0 0 0 0 0 0 0 0 0 0 0]
[2125629150785981812305419465262662064798016275521950003374784497695403611132994880573686619479937391027706545118300822264774714355834864888606556051848527362718526322510539708170666528879769236093408159941862330170183507527 0 0 0 0 0 0 0 0 0 0 0 0 0 0 0 0 0 0 0 0 0 0 0 0 0 0 0 0 0 0 0 0 0 0 0 0 0 0 0 0 0 0 0 0 0 0 0 0 0 0 0 0 0 0 0 0 1 0 0 0 0 0 0 0 0 0 0 0 0 0 0 0 0]
[2607777686646640361399986382773618069535074604408254416099805871153643861171378631943440781446007252716747195983211004592944316495636354245224071322681113333552646689757926084798669403881444643079353838747580375920395020382 0 0 0 0 0 0 0 0 0 0 0 0 0 0 0 0 0 0 0 0 0 0 0 0 0 0 0 0 0 0 0 0 0 0 0 0 0 0 0 0 0 0 0 0 0 0 0 0 0 0 0 0 0 0 0 0 0 1 0 0 0 0 0 0 0 0 0 0 0 0 0 0 0]
[1297220607993183225811491615379212371192129730892273551573604200563898323782248778229837353049127711147512659488571655244622214074734872518437687416956368130567769702722656560635105135289938493070832067965099985006988423955 0 0 0 0 0 0 0 0 0 0 0 0 0 0 0 0 0 0 0 0 0 0 0 0 0 0 0 0 0 0 0 0 0 0 0 0 0 0 0 0 0 0 0 0 0 0 0 0 0 0 0 0 0 0 0 0 0 0 1 0 0 0 0 0 0 0 0 0 0 0 0 0 0]
[536379140728449880124847781178418158679312796917087722251344280875349056634535373186418874529688240395639295494802385256198305606120660024471649711761461339362250069477436362113713679471254456319735536076509620049378336672 0 0 0 0 0 0 0 0 0 0 0 0 0 0 0 0 0 0 0 0 0 0 0 0 0 0 0 0 0 0 0 0 0 0 0 0 0 0 0 0 0 0 0 0 0 0 0 0 0 0 0 0 0 0 0 0 0 0 0 1 0 0 0 0 0 0 0 0 0 0 0 0 0]
[3283584657018330619666733336089236139614873798035057636827866281851020772043311573665179073335398304806262227727689729108872697484209641443542308374344009485631735352085720709311887781359593812542338267298824118610540787205 0 0 0 0 0 0 0 0 0 0 0 0 0 0 0 0 0 0 0 0 0 0 0 0 0 0 0 0 0 0 0 0 0 0 0 0 0 0 0 0 0 0 0 0 0 0 0 0 0 0 0 0 0 0 0 0 0 0 0 0 1 0 0 0 0 0 0 0 0 0 0 0 0]
[2351712674185069670631408358446275109389006794188874414256353235248895529874166931809659968230981582171707274003365160376850126574224421133587948439080681646133971507285052800077100376337734410698061905118159164595635870799 0 0 0 0 0 0 0 0 0 0 0 0 0 0 0 0 0 0 0 0 0 0 0 0 0 0 0 0 0 0 0 0 0 0 0 0 0 0 0 0 0 0 0 0 0 0 0 0 0 0 0 0 0 0 0 0 0 0 0 0 0 1 0 0 0 0 0 0 0 0 0 0 0]
[1185103616524053279360921861124983936016144818787635712090292944315248824181488430943523622648159335243170587449856829942230743791589341121522563395380029110321886940564353303061273778622106203643149428977123255938626320856 0 0 0 0 0 0 0 0 0 0 0 0 0 0 0 0 0 0 0 0 0 0 0 0 0 0 0 0 0 0 0 0 0 0 0 0 0 0 0 0 0 0 0 0 0 0 0 0 0 0 0 0 0 0 0 0 0 0 0 0 0 0 1 0 0 0 0 0 0 0 0 0 0]
[2177664364424600593863268246814520180658311047670806867613344163861753215273882538999515205379628225123195213676149486220919524371164663859122845120030371495521095018250609619241471520277782091257961553856204220405775136949 0 0 0 0 0 0 0 0 0 0 0 0 0 0 0 0 0 0 0 0 0 0 0 0 0 0 0 0 0 0 0 0 0 0 0 0 0 0 0 0 0 0 0 0 0 0 0 0 0 0 0 0 0 0 0 0 0 0 0 0 0 0 0 1 0 0 0 0 0 0 0 0 0]
[2234791412346959754434993361170821609003575503472766066763696504807427952024604900625032043426683949603695527494140170029904693289507045101729202237033264426415927889151752023181742650209465730960469127510485524403985364548 0 0 0 0 0 0 0 0 0 0 0 0 0 0 0 0 0 0 0 0 0 0 0 0 0 0 0 0 0 0 0 0 0 0 0 0 0 0 0 0 0 0 0 0 0 0 0 0 0 0 0 0 0 0 0 0 0 0 0 0 0 0 0 0 1 0 0 0 0 0 0 0 0]
[2682040508328862772295134397913863930893391008697566687517812718006349566524844200849875786518897956009667279101388098888573004509382146777012559509217706277240200179081954636726785437433559943876719560502208661348026503698 0 0 0 0 0 0 0 0 0 0 0 0 0 0 0 0 0 0 0 0 0 0 0 0 0 0 0 0 0 0 0 0 0 0 0 0 0 0 0 0 0 0 0 0 0 0 0 0 0 0 0 0 0 0 0 0 0 0 0 0 0 0 0 0 0 1 0 0 0 0 0 0 0]
[2586167694977521175011552492827899374327507703189193548556047331181795618206752206427354245458586320177636188205125063128695397129684320728915935400287820195044319771192348030383343241019990798937530853164908668809658088210 0 0 0 0 0 0 0 0 0 0 0 0 0 0 0 0 0 0 0 0 0 0 0 0 0 0 0 0 0 0 0 0 0 0 0 0 0 0 0 0 0 0 0 0 0 0 0 0 0 0 0 0 0 0 0 0 0 0 0 0 0 0 0 0 0 0 1 0 0 0 0 0 0]
[1925036417455211097616755505810727085143122120890146711231580193450433175036968500673526314545631233657396340299641793539259837654813715171262234466522336694780017143111634615808971576695980775751599475676325746894694978766 0 0 0 0 0 0 0 0 0 0 0 0 0 0 0 0 0 0 0 0 0 0 0 0 0 0 0 0 0 0 0 0 0 0 0 0 0 0 0 0 0 0 0 0 0 0 0 0 0 0 0 0 0 0 0 0 0 0 0 0 0 0 0 0 0 0 0 1 0 0 0 0 0]
[827287619099787030259967240130943648993748667457797447109703741973276081948626061415048559661615672186858226840848239925125047508841351525637468789712863868028338548409367872583604619439411373327077913880512866573869997428 0 0 0 0 0 0 0 0 0 0 0 0 0 0 0 0 0 0 0 0 0 0 0 0 0 0 0 0 0 0 0 0 0 0 0 0 0 0 0 0 0 0 0 0 0 0 0 0 0 0 0 0 0 0 0 0 0 0 0 0 0 0 0 0 0 0 0 0 1 0 0 0 0]
[2578195295305023723689029993123641110041473901223889378584804365915628801481605201970974927324961983340906792439668522624768948923731043048128182343805617614432902615537334224747397040054104780781786219123960247805156828914 0 0 0 0 0 0 0 0 0 0 0 0 0 0 0 0 0 0 0 0 0 0 0 0 0 0 0 0 0 0 0 0 0 0 0 0 0 0 0 0 0 0 0 0 0 0 0 0 0 0 0 0 0 0 0 0 0 0 0 0 0 0 0 0 0 0 0 0 0 1 0 0 0]
[2699503621465848491543730011065172022720664641191663939618663000823442575646142103018618591734494496008040112435083987691196176839961211670275749227517891370211405047539784639008909735859054384421894214827616141943737139820 0 0 0 0 0 0 0 0 0 0 0 0 0 0 0 0 0 0 0 0 0 0 0 0 0 0 0 0 0 0 0 0 0 0 0 0 0 0 0 0 0 0 0 0 0 0 0 0 0 0 0 0 0 0 0 0 0 0 0 0 0 0 0 0 0 0 0 0 0 0 1 0 0]
[2435780879935407224283739441521355378434189329253669736548261334236384899139257232599302504045776520206360145006304711943470364923640846622181999461521947068804369510996261979317482898651617531686406499576045746135770491600 0 0 0 0 0 0 0 0 0 0 0 0 0 0 0 0 0 0 0 0 0 0 0 0 0 0 0 0 0 0 0 0 0 0 0 0 0 0 0 0 0 0 0 0 0 0 0 0 0 0 0 0 0 0 0 0 0 0 0 0 0 0 0 0 0 0 0 0 0 0 0 1 0]
[1637229794763989989809504793870232106336998272372872862078798401756814741367450719015076547507279909658555166382981935067927563839240522400881825828297567170090107405263188142318075565787840161403090317207502799031689689362 0 0 0 0 0 0 0 0 0 0 0 0 0 0 0 0 0 0 0 0 0 0 0 0 0 0 0 0 0 0 0 0 0 0 0 0 0 0 0 0 0 0 0 0 0 0 0 0 0 0 0 0 0 0 0 0 0 0 0 0 0 0 0 0 0 0 0 0 0 0 0 0 1]
]
