[[3170722038804842728611528412089631109624813799544739615193148462776200118443905314505910689777878669437914385797893831292733957939268222225222401705813 0 0 0 0 0 0 0 0 0 0 0 0 0 0 0 0 0 0 0 0 0 0 0 0 0 0 0 0 0 0 0 0 0 0 0 0 0 0 0 0 0 0 0 0 0 0 0 0 0]
[1392739312910359094561624875204848575298716325074725350530608205886871253845434101704952070881154243824940590491505056569841031877908936718832121809072 1 0 0 0 0 0 0 0 0 0 0 0 0 0 0 0 0 0 0 0 0 0 0 0 0 0 0 0 0 0 0 0 0 0 0 0 0 0 0 0 0 0 0 0 0 0 0 0 0]
[1111283935933753571689175780733062163865520597026627432605366325319471950614310802054670312071340400660772210765860201980429690718858463104045195932437 0 1 0 0 0 0 0 0 0 0 0 0 0 0 0 0 0 0 0 0 0 0 0 0 0 0 0 0 0 0 0 0 0 0 0 0 0 0 0 0 0 0 0 0 0 0 0 0 0]
[2581636588033101836921272064466002341880387234888081120846984634018277626267756901339871298236324494215771866000370696228120199807375296763431468716276 0 0 1 0 0 0 0 0 0 0 0 0 0 0 0 0 0 0 0 0 0 0 0 0 0 0 0 0 0 0 0 0 0 0 0 0 0 0 0 0 0 0 0 0 0 0 0 0 0]
[1593967535183554052897637609112074692858951540093861706269265904770918367337139003333117678666520687586841192101018390957738248927898673443905360103056 0 0 0 1 0 0 0 0 0 0 0 0 0 0 0 0 0 0 0 0 0 0 0 0 0 0 0 0 0 0 0 0 0 0 0 0 0 0 0 0 0 0 0 0 0 0 0 0 0]
[815553618720383239540128899085154112362656735916618915862230209469245126504565353743815196706576398954130405623003982386811491221582489361487993732019 0 0 0 0 1 0 0 0 0 0 0 0 0 0 0 0 0 0 0 0 0 0 0 0 0 0 0 0 0 0 0 0 0 0 0 0 0 0 0 0 0 0 0 0 0 0 0 0 0]
[176033619525838970952376887040383919350044775414294051433476807517967650594879773136898680043837958692442223438816154161182018559317923392885673995422 0 0 0 0 0 1 0 0 0 0 0 0 0 0 0 0 0 0 0 0 0 0 0 0 0 0 0 0 0 0 0 0 0 0 0 0 0 0 0 0 0 0 0 0 0 0 0 0 0]
[480762259510477387966199779475747858926962204754191281522189348327550816630233620980076812366886655696782161829176327779391302279467452436366400059694 0 0 0 0 0 0 1 0 0 0 0 0 0 0 0 0 0 0 0 0 0 0 0 0 0 0 0 0 0 0 0 0 0 0 0 0 0 0 0 0 0 0 0 0 0 0 0 0 0]
[207630078655279394641293184727324651342198666688039629939185935087975643720703019470443918249032357120200176251796056293927497816017613436925818291102 0 0 0 0 0 0 0 1 0 0 0 0 0 0 0 0 0 0 0 0 0 0 0 0 0 0 0 0 0 0 0 0 0 0 0 0 0 0 0 0 0 0 0 0 0 0 0 0 0]
[3089553405291790378856912294617034605756652325496363203908707726404309648278890743527955308081709354656261852424703101175415643957405015963526075169856 0 0 0 0 0 0 0 0 1 0 0 0 0 0 0 0 0 0 0 0 0 0 0 0 0 0 0 0 0 0 0 0 0 0 0 0 0 0 0 0 0 0 0 0 0 0 0 0 0]
[91210330833071298607024817710601699017337347578656584501904267282418937343208904504487053851592082095918606523097697352428684545451351509875571134730 0 0 0 0 0 0 0 0 0 1 0 0 0 0 0 0 0 0 0 0 0 0 0 0 0 0 0 0 0 0 0 0 0 0 0 0 0 0 0 0 0 0 0 0 0 0 0 0 0]
[141775075778174033704477498561849308395379194468429080481069716967270334952731850116767748603030477543190739615599422719462542555617108568125544890402 0 0 0 0 0 0 0 0 0 0 1 0 0 0 0 0 0 0 0 0 0 0 0 0 0 0 0 0 0 0 0 0 0 0 0 0 0 0 0 0 0 0 0 0 0 0 0 0 0]
[772834444716761205946358098974013070138500398124785577360627355854659522153260612342530364857892074407721756456360103100170133170373894284016548861000 0 0 0 0 0 0 0 0 0 0 0 1 0 0 0 0 0 0 0 0 0 0 0 0 0 0 0 0 0 0 0 0 0 0 0 0 0 0 0 0 0 0 0 0 0 0 0 0 0]
[1124492804322982676472853874288803423377529185460135487548840702217168044144474090832159042959397404022501573194964765764590365996479264295491078496673 0 0 0 0 0 0 0 0 0 0 0 0 1 0 0 0 0 0 0 0 0 0 0 0 0 0 0 0 0 0 0 0 0 0 0 0 0 0 0 0 0 0 0 0 0 0 0 0 0]
[2196163310901877757504266071354102570608073971908786869065557736200650908337155188058571448051621521452475521287948842762725611454282964633196539447612 0 0 0 0 0 0 0 0 0 0 0 0 0 1 0 0 0 0 0 0 0 0 0 0 0 0 0 0 0 0 0 0 0 0 0 0 0 0 0 0 0 0 0 0 0 0 0 0 0]
[1370294733407176438720238433160132769176234505591475791988243989868042596320611560225789335493521424528006124777736584931219886251939652525587411049609 0 0 0 0 0 0 0 0 0 0 0 0 0 0 1 0 0 0 0 0 0 0 0 0 0 0 0 0 0 0 0 0 0 0 0 0 0 0 0 0 0 0 0 0 0 0 0 0 0]
[1497107720677430962032932331599150843602143484828851954723645428954422585652898997229560304316318993814318390137390019394796792494876215930035190361851 0 0 0 0 0 0 0 0 0 0 0 0 0 0 0 1 0 0 0 0 0 0 0 0 0 0 0 0 0 0 0 0 0 0 0 0 0 0 0 0 0 0 0 0 0 0 0 0 0]
[2692870111715772661566981630210111625438040888923875995219732394939204524023098164573856775910312559435512403604145034491998000230208894994491109087887 0 0 0 0 0 0 0 0 0 0 0 0 0 0 0 0 1 0 0 0 0 0 0 0 0 0 0 0 0 0 0 0 0 0 0 0 0 0 0 0 0 0 0 0 0 0 0 0 0]
[384915244602376239717110183936398823737385263894507562928915703427100639489015009551495406212188847296034374306979286908661900152772463574436017934088 0 0 0 0 0 0 0 0 0 0 0 0 0 0 0 0 0 1 0 0 0 0 0 0 0 0 0 0 0 0 0 0 0 0 0 0 0 0 0 0 0 0 0 0 0 0 0 0 0]
[2667733640353539525083778613876679268476528029398774413455055445475483446222326222627834559937938580407938670432677445803034499937452223183089430120553 0 0 0 0 0 0 0 0 0 0 0 0 0 0 0 0 0 0 1 0 0 0 0 0 0 0 0 0 0 0 0 0 0 0 0 0 0 0 0 0 0 0 0 0 0 0 0 0 0]
[1334316015970979063401406667732094117862535117504351383459304841623811988101429443568974339338339882293894906268569097563053035895352381801743214727485 0 0 0 0 0 0 0 0 0 0 0 0 0 0 0 0 0 0 0 1 0 0 0 0 0 0 0 0 0 0 0 0 0 0 0 0 0 0 0 0 0 0 0 0 0 0 0 0 0]
[3016835575910268501658914961953096324825050643883367836826120100281693334399141601947586863031004924533594926695034211007567469701127641743958608210463 0 0 0 0 0 0 0 0 0 0 0 0 0 0 0 0 0 0 0 0 1 0 0 0 0 0 0 0 0 0 0 0 0 0 0 0 0 0 0 0 0 0 0 0 0 0 0 0 0]
[3144003045481064470919796359485232031807443741895219360632322608472123043035643123123899936374622923810642472071820347678516320490242855826875181672956 0 0 0 0 0 0 0 0 0 0 0 0 0 0 0 0 0 0 0 0 0 1 0 0 0 0 0 0 0 0 0 0 0 0 0 0 0 0 0 0 0 0 0 0 0 0 0 0 0]
[1323363893508285306667304251553149740664496169084446076538876836954559878096161032693774899516985037399760419907756750388140739428633751864075975372157 0 0 0 0 0 0 0 0 0 0 0 0 0 0 0 0 0 0 0 0 0 0 1 0 0 0 0 0 0 0 0 0 0 0 0 0 0 0 0 0 0 0 0 0 0 0 0 0 0]
[3077550233892188978642231234879812757863676257146071748344990618488526697319157933901042084204044103012235253950302124383809580705662859697855310201712 0 0 0 0 0 0 0 0 0 0 0 0 0 0 0 0 0 0 0 0 0 0 0 1 0 0 0 0 0 0 0 0 0 0 0 0 0 0 0 0 0 0 0 0 0 0 0 0 0]
[1619353742628097938222864871361518626181408473578041133922840669252980136983747717730001233097954464290390419387768645917037283286860712107219188403549 0 0 0 0 0 0 0 0 0 0 0 0 0 0 0 0 0 0 0 0 0 0 0 0 1 0 0 0 0 0 0 0 0 0 0 0 0 0 0 0 0 0 0 0 0 0 0 0 0]
[1503469018661463446611115376187490090083196454095435361235103463812624026579423829275947624059834192198369199498911283851860611826591288630603352746901 0 0 0 0 0 0 0 0 0 0 0 0 0 0 0 0 0 0 0 0 0 0 0 0 0 1 0 0 0 0 0 0 0 0 0 0 0 0 0 0 0 0 0 0 0 0 0 0 0]
[1303359397069969680008232565648578702703526966802200898521867604189706186767800961784220987145749531889342354410742233388965975837752422105568042577303 0 0 0 0 0 0 0 0 0 0 0 0 0 0 0 0 0 0 0 0 0 0 0 0 0 0 1 0 0 0 0 0 0 0 0 0 0 0 0 0 0 0 0 0 0 0 0 0 0]
[1612469007709546421267713491908851148272087020434520699092606043012037605344729736682119849594578750893499416336374055987372183052789516658454806318952 0 0 0 0 0 0 0 0 0 0 0 0 0 0 0 0 0 0 0 0 0 0 0 0 0 0 0 1 0 0 0 0 0 0 0 0 0 0 0 0 0 0 0 0 0 0 0 0 0]
[642505405986130621057533130742846130449030489720222669641401934096125898239270964328374629801929190196294686825388226716466831491858727124072864735829 0 0 0 0 0 0 0 0 0 0 0 0 0 0 0 0 0 0 0 0 0 0 0 0 0 0 0 0 1 0 0 0 0 0 0 0 0 0 0 0 0 0 0 0 0 0 0 0 0]
[1093893726924692904621420321804929647446353722790917792165938904977850232895618525235039541832219340307231604400633000271131717904247113584125377960433 0 0 0 0 0 0 0 0 0 0 0 0 0 0 0 0 0 0 0 0 0 0 0 0 0 0 0 0 0 1 0 0 0 0 0 0 0 0 0 0 0 0 0 0 0 0 0 0 0]
[2214681932255185052787549000939636107020458970883668063603028980111387871514643585348755341320353258949638932164051715554438316604617752389014896455767 0 0 0 0 0 0 0 0 0 0 0 0 0 0 0 0 0 0 0 0 0 0 0 0 0 0 0 0 0 0 1 0 0 0 0 0 0 0 0 0 0 0 0 0 0 0 0 0 0]
[593466253322449215841854864228819820186260840899742659825272603687524541885207141473336932897308577580358296055690381598171256948128478005443801825879 0 0 0 0 0 0 0 0 0 0 0 0 0 0 0 0 0 0 0 0 0 0 0 0 0 0 0 0 0 0 0 1 0 0 0 0 0 0 0 0 0 0 0 0 0 0 0 0 0]
[388383632794152703384927830475454818244037049061139969699005676393911940913661795525456573785945762885934422172161721638800764593571964234634293440896 0 0 0 0 0 0 0 0 0 0 0 0 0 0 0 0 0 0 0 0 0 0 0 0 0 0 0 0 0 0 0 0 1 0 0 0 0 0 0 0 0 0 0 0 0 0 0 0 0]
[44356625652679332946985264612606587118753183404802099928793277216832458479705986461197626940504462847205913126007978672819179984279945442059800257181 0 0 0 0 0 0 0 0 0 0 0 0 0 0 0 0 0 0 0 0 0 0 0 0 0 0 0 0 0 0 0 0 0 1 0 0 0 0 0 0 0 0 0 0 0 0 0 0 0]
[468908310700300263789713937053626252385172590029582827934474624895131860635863496411038930910893950671164266894777445173334877257276820686687209123360 0 0 0 0 0 0 0 0 0 0 0 0 0 0 0 0 0 0 0 0 0 0 0 0 0 0 0 0 0 0 0 0 0 0 1 0 0 0 0 0 0 0 0 0 0 0 0 0 0]
[2705628060047195799471278373147042228692937351111658003577309644442732656070365940498353627135760869271626884781613486961747635278092019742986686377200 0 0 0 0 0 0 0 0 0 0 0 0 0 0 0 0 0 0 0 0 0 0 0 0 0 0 0 0 0 0 0 0 0 0 0 1 0 0 0 0 0 0 0 0 0 0 0 0 0]
[2795760621575103527624231635296020681367906960680989981420558557186677576804987080261475967794221745907690264561368548622837359188595266925207561118561 0 0 0 0 0 0 0 0 0 0 0 0 0 0 0 0 0 0 0 0 0 0 0 0 0 0 0 0 0 0 0 0 0 0 0 0 1 0 0 0 0 0 0 0 0 0 0 0 0]
[2111407833563417699064302789397392836298232212742059583270730069218103760351570484663948160341460384157199855533132097766597099507616100780129152960833 0 0 0 0 0 0 0 0 0 0 0 0 0 0 0 0 0 0 0 0 0 0 0 0 0 0 0 0 0 0 0 0 0 0 0 0 0 1 0 0 0 0 0 0 0 0 0 0 0]
[667949125953050561159473126372555373907862652179479866284378719036406079986846771794544290090076578654417976483521097010308052210496755641830360317746 0 0 0 0 0 0 0 0 0 0 0 0 0 0 0 0 0 0 0 0 0 0 0 0 0 0 0 0 0 0 0 0 0 0 0 0 0 0 1 0 0 0 0 0 0 0 0 0 0]
[1924530102985359148171420759430758760333102506924679319221979934334244428682694987134014404891032127120417311600140840444201341809228068449106734247331 0 0 0 0 0 0 0 0 0 0 0 0 0 0 0 0 0 0 0 0 0 0 0 0 0 0 0 0 0 0 0 0 0 0 0 0 0 0 0 1 0 0 0 0 0 0 0 0 0]
[1803906440643991568171601597887583871046405955894448836522105614916670130911259921608689723488451277590367682964895169192635806396918497679886244921931 0 0 0 0 0 0 0 0 0 0 0 0 0 0 0 0 0 0 0 0 0 0 0 0 0 0 0 0 0 0 0 0 0 0 0 0 0 0 0 0 1 0 0 0 0 0 0 0 0]
[1265645399671157227771007720545760776205187273515569094189837984166989480862482328192496245572942894928306348064692707036494531146550339801224907201765 0 0 0 0 0 0 0 0 0 0 0 0 0 0 0 0 0 0 0 0 0 0 0 0 0 0 0 0 0 0 0 0 0 0 0 0 0 0 0 0 0 1 0 0 0 0 0 0 0]
[1966673737676060903712225570705050312817538815596585094390663521511944503735792942619272642461624512058487303805274967716370707026886852128032599308929 0 0 0 0 0 0 0 0 0 0 0 0 0 0 0 0 0 0 0 0 0 0 0 0 0 0 0 0 0 0 0 0 0 0 0 0 0 0 0 0 0 0 1 0 0 0 0 0 0]
[983033253383379035588575579375208049958521396110722545139474996331134310791933599253660908457667003131009965926063621239426488238302465458926286790005 0 0 0 0 0 0 0 0 0 0 0 0 0 0 0 0 0 0 0 0 0 0 0 0 0 0 0 0 0 0 0 0 0 0 0 0 0 0 0 0 0 0 0 1 0 0 0 0 0]
[3161801860799226124562424640060689658578768917225392537744364127598406530643442037503410979531756320295292042100631406022949381472243398147838878870003 0 0 0 0 0 0 0 0 0 0 0 0 0 0 0 0 0 0 0 0 0 0 0 0 0 0 0 0 0 0 0 0 0 0 0 0 0 0 0 0 0 0 0 0 1 0 0 0 0]
[2629220049760824205022058855593127365965665112948697597486263299391470588942715376860611119270856577034244136184661429199098877432327648126790264695508 0 0 0 0 0 0 0 0 0 0 0 0 0 0 0 0 0 0 0 0 0 0 0 0 0 0 0 0 0 0 0 0 0 0 0 0 0 0 0 0 0 0 0 0 0 1 0 0 0]
[1305603105432572313006154513315765662443834928465592055862907211091274373446841792073920504868708340203356053521385777084494261835807522339990895270984 0 0 0 0 0 0 0 0 0 0 0 0 0 0 0 0 0 0 0 0 0 0 0 0 0 0 0 0 0 0 0 0 0 0 0 0 0 0 0 0 0 0 0 0 0 0 1 0 0]
[1372544564885887489125170019510703211246792538964361259524603109353102904961139485906258855315785008597901855939621206367275435927793733665851474239728 0 0 0 0 0 0 0 0 0 0 0 0 0 0 0 0 0 0 0 0 0 0 0 0 0 0 0 0 0 0 0 0 0 0 0 0 0 0 0 0 0 0 0 0 0 0 0 1 0]
[1529133910517739741867116779442783621911363190599017347953930686917217771800656196429347241403100983820554083838263742538316289631287722966064011233824 0 0 0 0 0 0 0 0 0 0 0 0 0 0 0 0 0 0 0 0 0 0 0 0 0 0 0 0 0 0 0 0 0 0 0 0 0 0 0 0 0 0 0 0 0 0 0 0 1]
]

