[[3667267683219946445849297007104209897069294676591384677456330553290559588479443978601220466248380640346638334393307666922351493833260434045899926723374604458898137929951 0 0 0 0 0 0 0 0 0 0 0 0 0 0 0 0 0 0 0 0 0 0 0 0 0 0 0 0 0 0 0 0 0 0 0 0 0 0 0 0 0 0 0 0 0 0 0 0 0 0 0 0 0 0 0]
[1466145759245102074894038242540021659215928365238235151721901479637856491324713732174399381588409966105693542537885873900188772324338682699747189503170363241160391383783 1 0 0 0 0 0 0 0 0 0 0 0 0 0 0 0 0 0 0 0 0 0 0 0 0 0 0 0 0 0 0 0 0 0 0 0 0 0 0 0 0 0 0 0 0 0 0 0 0 0 0 0 0 0 0]
[655074537280345945771453825217415285759280338849552563775126155381214946450843876586648063060377081795919620783063988965254728661837406734083708443390105549532339298263 0 1 0 0 0 0 0 0 0 0 0 0 0 0 0 0 0 0 0 0 0 0 0 0 0 0 0 0 0 0 0 0 0 0 0 0 0 0 0 0 0 0 0 0 0 0 0 0 0 0 0 0 0 0 0]
[3164308308392524990760753767751126120019767594961789703554225552889338955682164199645576113532839008315860033940285996146105521153883823571848868662854956454778611863410 0 0 1 0 0 0 0 0 0 0 0 0 0 0 0 0 0 0 0 0 0 0 0 0 0 0 0 0 0 0 0 0 0 0 0 0 0 0 0 0 0 0 0 0 0 0 0 0 0 0 0 0 0 0 0]
[2458363635802774406640341046553505416922042240215786593195558600866579487727447935360559029077957048358460797083715149543291134562377226272668392321329475746525700273564 0 0 0 1 0 0 0 0 0 0 0 0 0 0 0 0 0 0 0 0 0 0 0 0 0 0 0 0 0 0 0 0 0 0 0 0 0 0 0 0 0 0 0 0 0 0 0 0 0 0 0 0 0 0 0]
[610084840293470709652340475338085197711355023997221672695111100076498176907459283231925786379824603361481906220079564410846059362329539883653377836658283978635289017577 0 0 0 0 1 0 0 0 0 0 0 0 0 0 0 0 0 0 0 0 0 0 0 0 0 0 0 0 0 0 0 0 0 0 0 0 0 0 0 0 0 0 0 0 0 0 0 0 0 0 0 0 0 0 0]
[2226066188291861979497389237477538386084278999083962194578488424683806343710760309550787791080340114510684870782766240505550544179841090976124322953110054334353276354928 0 0 0 0 0 1 0 0 0 0 0 0 0 0 0 0 0 0 0 0 0 0 0 0 0 0 0 0 0 0 0 0 0 0 0 0 0 0 0 0 0 0 0 0 0 0 0 0 0 0 0 0 0 0 0]
[1440585873419284787749839634645374919101302392426141187009247491652934513675083450911461849960312447089656851680621248035213736630256841452092571954385976566161281199872 0 0 0 0 0 0 1 0 0 0 0 0 0 0 0 0 0 0 0 0 0 0 0 0 0 0 0 0 0 0 0 0 0 0 0 0 0 0 0 0 0 0 0 0 0 0 0 0 0 0 0 0 0 0 0]
[3201860821769923877375937647968734240446383563751283169077824284720507235674656018530173474530495578886760900698098870191928530595567039430211176432780775505321038299503 0 0 0 0 0 0 0 1 0 0 0 0 0 0 0 0 0 0 0 0 0 0 0 0 0 0 0 0 0 0 0 0 0 0 0 0 0 0 0 0 0 0 0 0 0 0 0 0 0 0 0 0 0 0 0]
[38298969978609497707919824278087062085877588680462494922825948653885150493721055290954790175521522376273771138975570169458291996214783003691954691303689511543823742740 0 0 0 0 0 0 0 0 1 0 0 0 0 0 0 0 0 0 0 0 0 0 0 0 0 0 0 0 0 0 0 0 0 0 0 0 0 0 0 0 0 0 0 0 0 0 0 0 0 0 0 0 0 0 0]
[1917494997793248017744362872645665737607649209997378289955696960601876746698423298519658983614820591233767078565241016862678702707692892444703430732050913871777388123498 0 0 0 0 0 0 0 0 0 1 0 0 0 0 0 0 0 0 0 0 0 0 0 0 0 0 0 0 0 0 0 0 0 0 0 0 0 0 0 0 0 0 0 0 0 0 0 0 0 0 0 0 0 0 0]
[3334889026533351563275051877875928744515343623441945047938592372073496658877420523224523483485352070311350503641584825425745141120072266110528024747685729343092762419263 0 0 0 0 0 0 0 0 0 0 1 0 0 0 0 0 0 0 0 0 0 0 0 0 0 0 0 0 0 0 0 0 0 0 0 0 0 0 0 0 0 0 0 0 0 0 0 0 0 0 0 0 0 0 0]
[2067071671171585537213876572015745439016035623443572560844270607993969813888287909595812117426426484767554618068343433153494168504084295640612386348164507459811534420405 0 0 0 0 0 0 0 0 0 0 0 1 0 0 0 0 0 0 0 0 0 0 0 0 0 0 0 0 0 0 0 0 0 0 0 0 0 0 0 0 0 0 0 0 0 0 0 0 0 0 0 0 0 0 0]
[274260855652623992032290317540373817636948816565261287324956541099175751838643466701553360518151615083996521099790965779420100639818982768246283133149257459902546310259 0 0 0 0 0 0 0 0 0 0 0 0 1 0 0 0 0 0 0 0 0 0 0 0 0 0 0 0 0 0 0 0 0 0 0 0 0 0 0 0 0 0 0 0 0 0 0 0 0 0 0 0 0 0 0]
[2830322514165003466677435920084993885972775255128417868701227482151580969231269338648026259842807787862683705992081192569751262701499232126626807953148641042279384714603 0 0 0 0 0 0 0 0 0 0 0 0 0 1 0 0 0 0 0 0 0 0 0 0 0 0 0 0 0 0 0 0 0 0 0 0 0 0 0 0 0 0 0 0 0 0 0 0 0 0 0 0 0 0 0]
[1399260143276909172583928960141322568807156897810538595332327068388736658754727222279404491994456787398816014861345229743655046139947696786563881407591800845679396673319 0 0 0 0 0 0 0 0 0 0 0 0 0 0 1 0 0 0 0 0 0 0 0 0 0 0 0 0 0 0 0 0 0 0 0 0 0 0 0 0 0 0 0 0 0 0 0 0 0 0 0 0 0 0 0]
[3484433195260737755566191261989016002629005722149557781914880143934220553358888660825103090058602557447538007535636307436352741769430635238214464186209717092740744925371 0 0 0 0 0 0 0 0 0 0 0 0 0 0 0 1 0 0 0 0 0 0 0 0 0 0 0 0 0 0 0 0 0 0 0 0 0 0 0 0 0 0 0 0 0 0 0 0 0 0 0 0 0 0 0]
[1027180324372317666660555953869424326079205027995468247543114974214587098330958954521136822850952948081447266914011509020316942633018061993856559282230229522045995825639 0 0 0 0 0 0 0 0 0 0 0 0 0 0 0 0 1 0 0 0 0 0 0 0 0 0 0 0 0 0 0 0 0 0 0 0 0 0 0 0 0 0 0 0 0 0 0 0 0 0 0 0 0 0 0]
[2497563111169694250452446623657358839574977979624018220662910124580762281242185915439177998408122149917486520961728104549482093777436536224444314923168305001876088177136 0 0 0 0 0 0 0 0 0 0 0 0 0 0 0 0 0 1 0 0 0 0 0 0 0 0 0 0 0 0 0 0 0 0 0 0 0 0 0 0 0 0 0 0 0 0 0 0 0 0 0 0 0 0 0]
[1398576296786702198801149055045683763400873264328982906698352737310829113851339529487698786952774861401769482421556040005322886074555266038471986939162198924622814262293 0 0 0 0 0 0 0 0 0 0 0 0 0 0 0 0 0 0 1 0 0 0 0 0 0 0 0 0 0 0 0 0 0 0 0 0 0 0 0 0 0 0 0 0 0 0 0 0 0 0 0 0 0 0 0]
[2544861533863329322679935312390346891242137867877307867215079045031456595086120330463994234524300917170616584991450527524680576381705229320140769876357107299977901277253 0 0 0 0 0 0 0 0 0 0 0 0 0 0 0 0 0 0 0 1 0 0 0 0 0 0 0 0 0 0 0 0 0 0 0 0 0 0 0 0 0 0 0 0 0 0 0 0 0 0 0 0 0 0 0]
[1734010625196292812966443971333382144048508584410568942176664893205586373187733669425845315699151965655263134076595043248195722693206778706618037967294300310537211511665 0 0 0 0 0 0 0 0 0 0 0 0 0 0 0 0 0 0 0 0 1 0 0 0 0 0 0 0 0 0 0 0 0 0 0 0 0 0 0 0 0 0 0 0 0 0 0 0 0 0 0 0 0 0 0]
[2877633265499440142480448049280575752583981460983765716977876814494405167255147844003190574035688014736433597463179446002763134668838491236382048762938589380696340132295 0 0 0 0 0 0 0 0 0 0 0 0 0 0 0 0 0 0 0 0 0 1 0 0 0 0 0 0 0 0 0 0 0 0 0 0 0 0 0 0 0 0 0 0 0 0 0 0 0 0 0 0 0 0 0]
[1235375841949741616429764945613508532537316005693971382013908239305409354299537396982589613026944831458967583630278530567316564040913003058707344951961932715935504005248 0 0 0 0 0 0 0 0 0 0 0 0 0 0 0 0 0 0 0 0 0 0 1 0 0 0 0 0 0 0 0 0 0 0 0 0 0 0 0 0 0 0 0 0 0 0 0 0 0 0 0 0 0 0 0]
[621237964055264091272469717016718642698959265011264042562038161071829625994402563103397648854785655867355885191916597185150924364571938833488534823792954860361717138270 0 0 0 0 0 0 0 0 0 0 0 0 0 0 0 0 0 0 0 0 0 0 0 1 0 0 0 0 0 0 0 0 0 0 0 0 0 0 0 0 0 0 0 0 0 0 0 0 0 0 0 0 0 0 0]
[2627507726079054162327837389735913345848008448283063808027712658908584305435603908915893191810740593870809360056978936131109524411540776157484849144920600312708898821919 0 0 0 0 0 0 0 0 0 0 0 0 0 0 0 0 0 0 0 0 0 0 0 0 1 0 0 0 0 0 0 0 0 0 0 0 0 0 0 0 0 0 0 0 0 0 0 0 0 0 0 0 0 0 0]
[3220893008905988087727535975804945093161714537261922701837064040750225575582324870165422251377287134906340333048045769620437459286831675219452994515315410289769773780733 0 0 0 0 0 0 0 0 0 0 0 0 0 0 0 0 0 0 0 0 0 0 0 0 0 1 0 0 0 0 0 0 0 0 0 0 0 0 0 0 0 0 0 0 0 0 0 0 0 0 0 0 0 0 0]
[522935510658400200005667320916500792407019678111954188362821450260546376925007470239915558970169919824101470397798679908645283025468059480015111825270061355193549359913 0 0 0 0 0 0 0 0 0 0 0 0 0 0 0 0 0 0 0 0 0 0 0 0 0 0 1 0 0 0 0 0 0 0 0 0 0 0 0 0 0 0 0 0 0 0 0 0 0 0 0 0 0 0 0]
[65520970782090739603116221205154003312910168804021178969762177804333774025661047125209842894510320337513101550542982192710855533236400063544540643212978881680001805162 0 0 0 0 0 0 0 0 0 0 0 0 0 0 0 0 0 0 0 0 0 0 0 0 0 0 0 1 0 0 0 0 0 0 0 0 0 0 0 0 0 0 0 0 0 0 0 0 0 0 0 0 0 0 0]
[3368449342831087057763940524647494679868555578692475271082108365051390720232597736123746376161611455388889870535671801672884024508315721153036966550572210712091925861036 0 0 0 0 0 0 0 0 0 0 0 0 0 0 0 0 0 0 0 0 0 0 0 0 0 0 0 0 1 0 0 0 0 0 0 0 0 0 0 0 0 0 0 0 0 0 0 0 0 0 0 0 0 0 0]
[456072696902080894565250399433071068785613762604943696535484302988238612433274014244066495453059817521885733705875395128502411186824073835701088763968624733438913900547 0 0 0 0 0 0 0 0 0 0 0 0 0 0 0 0 0 0 0 0 0 0 0 0 0 0 0 0 0 1 0 0 0 0 0 0 0 0 0 0 0 0 0 0 0 0 0 0 0 0 0 0 0 0 0]
[1961058794926088502066596282921596904346001254073880068269779058098088910785804089832664389944196066219302802133639680946102061829153164798453167815736913005746082395774 0 0 0 0 0 0 0 0 0 0 0 0 0 0 0 0 0 0 0 0 0 0 0 0 0 0 0 0 0 0 1 0 0 0 0 0 0 0 0 0 0 0 0 0 0 0 0 0 0 0 0 0 0 0 0]
[1466864818345962739003384384051795914383231268661479149985939563653495312640640248130536624322892223819146164753168869135448393259791219456936684188425278159278478096982 0 0 0 0 0 0 0 0 0 0 0 0 0 0 0 0 0 0 0 0 0 0 0 0 0 0 0 0 0 0 0 1 0 0 0 0 0 0 0 0 0 0 0 0 0 0 0 0 0 0 0 0 0 0 0]
[1307740963804800502964140956138089416990595307906150618112012565981767910259329311942355670865643140408108970586556010033483080487829602693751290460923665702056255627089 0 0 0 0 0 0 0 0 0 0 0 0 0 0 0 0 0 0 0 0 0 0 0 0 0 0 0 0 0 0 0 0 1 0 0 0 0 0 0 0 0 0 0 0 0 0 0 0 0 0 0 0 0 0 0]
[1107758657412496817768349619458763636614541568399056407445760102956219358073751048559217530154067168854388367512752886776371299870914120225445762949453602163575581971067 0 0 0 0 0 0 0 0 0 0 0 0 0 0 0 0 0 0 0 0 0 0 0 0 0 0 0 0 0 0 0 0 0 1 0 0 0 0 0 0 0 0 0 0 0 0 0 0 0 0 0 0 0 0 0]
[1316689450909682282477098524190941937289323266353559023524698938084322380428976967321159493288776837301569716944589289337379823077152842866012038613374862396586883436497 0 0 0 0 0 0 0 0 0 0 0 0 0 0 0 0 0 0 0 0 0 0 0 0 0 0 0 0 0 0 0 0 0 0 1 0 0 0 0 0 0 0 0 0 0 0 0 0 0 0 0 0 0 0 0]
[1569100268908648151354467253868901836580158728099390256465633267432477100877615292259211901773955338665162067924584506429521604757076720699825031948746710248244928094568 0 0 0 0 0 0 0 0 0 0 0 0 0 0 0 0 0 0 0 0 0 0 0 0 0 0 0 0 0 0 0 0 0 0 0 1 0 0 0 0 0 0 0 0 0 0 0 0 0 0 0 0 0 0 0]
[184357182289019224973411916126699524649684266587737502843071489209132782542442811249502324591704795303385661738007966912289395032989565664361315220572092171175020287676 0 0 0 0 0 0 0 0 0 0 0 0 0 0 0 0 0 0 0 0 0 0 0 0 0 0 0 0 0 0 0 0 0 0 0 0 1 0 0 0 0 0 0 0 0 0 0 0 0 0 0 0 0 0 0]
[2703968359158736423916542592684655650238195166313702063454408823276355258009381432602796827888358584384964325710650482261674280833200787285227668313078459178726802121541 0 0 0 0 0 0 0 0 0 0 0 0 0 0 0 0 0 0 0 0 0 0 0 0 0 0 0 0 0 0 0 0 0 0 0 0 0 1 0 0 0 0 0 0 0 0 0 0 0 0 0 0 0 0 0]
[1905642447014368567738828461024192091726097526780002190909766571971450944146474091974226043336863204497376028568245417571012833553517279113786129479840500311332884209961 0 0 0 0 0 0 0 0 0 0 0 0 0 0 0 0 0 0 0 0 0 0 0 0 0 0 0 0 0 0 0 0 0 0 0 0 0 0 1 0 0 0 0 0 0 0 0 0 0 0 0 0 0 0 0]
[2751870685185066620511907134032930018195206618523197800302200383889385157170030403813643886096778251607412845327945269958974625036464469063597729839053431309047597537696 0 0 0 0 0 0 0 0 0 0 0 0 0 0 0 0 0 0 0 0 0 0 0 0 0 0 0 0 0 0 0 0 0 0 0 0 0 0 0 1 0 0 0 0 0 0 0 0 0 0 0 0 0 0 0]
[1830587705088312560286995975368372507486300048652639769485685626974554870634885588902342229870619427602272457761783036959939903908371961424383088077711794592702633202838 0 0 0 0 0 0 0 0 0 0 0 0 0 0 0 0 0 0 0 0 0 0 0 0 0 0 0 0 0 0 0 0 0 0 0 0 0 0 0 0 1 0 0 0 0 0 0 0 0 0 0 0 0 0 0]
[1430379843829180542917730287278990131945633925206302567514243231521293295917188757872286041647714150804145616203816785319665263270447015573271814026967842877224855897153 0 0 0 0 0 0 0 0 0 0 0 0 0 0 0 0 0 0 0 0 0 0 0 0 0 0 0 0 0 0 0 0 0 0 0 0 0 0 0 0 0 1 0 0 0 0 0 0 0 0 0 0 0 0 0]
[1279728090913444611021852190961959496050158718976022048569155014608933607298832525753241211976873606623567500126535369875548228173003863882083048775098734401304545065459 0 0 0 0 0 0 0 0 0 0 0 0 0 0 0 0 0 0 0 0 0 0 0 0 0 0 0 0 0 0 0 0 0 0 0 0 0 0 0 0 0 0 1 0 0 0 0 0 0 0 0 0 0 0 0]
[3462071761638395629241907420292495824972169919721861379807888985397530819246437384879199000843002109231108542282504056619847545638972852927348490158320797009289457005655 0 0 0 0 0 0 0 0 0 0 0 0 0 0 0 0 0 0 0 0 0 0 0 0 0 0 0 0 0 0 0 0 0 0 0 0 0 0 0 0 0 0 0 1 0 0 0 0 0 0 0 0 0 0 0]
[2282063673494878825672779899403471436129106753807450991242843414301308356531550007768406296660956802038997350281166078975665573145297573744008149014545036235653029811589 0 0 0 0 0 0 0 0 0 0 0 0 0 0 0 0 0 0 0 0 0 0 0 0 0 0 0 0 0 0 0 0 0 0 0 0 0 0 0 0 0 0 0 0 1 0 0 0 0 0 0 0 0 0 0]
[1360242189297002642511829322977369724658744479895561845004601286031402166576643832546819641955152809283642432644872900934419071328471783879437933121813960809838771527730 0 0 0 0 0 0 0 0 0 0 0 0 0 0 0 0 0 0 0 0 0 0 0 0 0 0 0 0 0 0 0 0 0 0 0 0 0 0 0 0 0 0 0 0 0 1 0 0 0 0 0 0 0 0 0]
[2503322034954194992075415893272595463891752380925781770342224337884929366619689434164432937885533753228480167657723047101826025262607930428678539832410777247773224310835 0 0 0 0 0 0 0 0 0 0 0 0 0 0 0 0 0 0 0 0 0 0 0 0 0 0 0 0 0 0 0 0 0 0 0 0 0 0 0 0 0 0 0 0 0 0 1 0 0 0 0 0 0 0 0]
[1519693421757079448107700251122645093959001456842888696694643788322171653233870704815628840279648779891460163429825793804168587418892575018445818516925409699998777274937 0 0 0 0 0 0 0 0 0 0 0 0 0 0 0 0 0 0 0 0 0 0 0 0 0 0 0 0 0 0 0 0 0 0 0 0 0 0 0 0 0 0 0 0 0 0 0 1 0 0 0 0 0 0 0]
[1313665993075373121960725168741475151203481193119661787036873048425951594695754561554624005299833886289128582855420189180853781311419221834314693890863718414001854902135 0 0 0 0 0 0 0 0 0 0 0 0 0 0 0 0 0 0 0 0 0 0 0 0 0 0 0 0 0 0 0 0 0 0 0 0 0 0 0 0 0 0 0 0 0 0 0 0 1 0 0 0 0 0 0]
[1930589287484000376715836361534001188819570435395727386939208630183644998356266976586660059080193213270135405230656557867307445715585737472444482605521342293157846060082 0 0 0 0 0 0 0 0 0 0 0 0 0 0 0 0 0 0 0 0 0 0 0 0 0 0 0 0 0 0 0 0 0 0 0 0 0 0 0 0 0 0 0 0 0 0 0 0 0 1 0 0 0 0 0]
[3560662972791694188822375229494617733472515952338576758871729207569072968569216158034682650804116654519400050001413820654351049152471283392072316146785091549168561902164 0 0 0 0 0 0 0 0 0 0 0 0 0 0 0 0 0 0 0 0 0 0 0 0 0 0 0 0 0 0 0 0 0 0 0 0 0 0 0 0 0 0 0 0 0 0 0 0 0 0 1 0 0 0 0]
[2219021335094135739483822206733126040981354343829549005490724213845920238149704210441350437132194240837756967680454322456312472257501853379005934908340289022501139627684 0 0 0 0 0 0 0 0 0 0 0 0 0 0 0 0 0 0 0 0 0 0 0 0 0 0 0 0 0 0 0 0 0 0 0 0 0 0 0 0 0 0 0 0 0 0 0 0 0 0 0 1 0 0 0]
[1760691789901029260908424876145916921457310531415328894537959437295555515297718352373880304258075748187544687277411089144063764624324696243807414907804885855447537474752 0 0 0 0 0 0 0 0 0 0 0 0 0 0 0 0 0 0 0 0 0 0 0 0 0 0 0 0 0 0 0 0 0 0 0 0 0 0 0 0 0 0 0 0 0 0 0 0 0 0 0 0 1 0 0]
[178790285174261079087854908706744193270370172814620674936213016277927438674677855966729304539142161576942152538760717809869684127086451558679530748272180763183408116485 0 0 0 0 0 0 0 0 0 0 0 0 0 0 0 0 0 0 0 0 0 0 0 0 0 0 0 0 0 0 0 0 0 0 0 0 0 0 0 0 0 0 0 0 0 0 0 0 0 0 0 0 0 1 0]
[1982047991922837733128250248697557614200633425819370542678772262415002677899044587878909675858905412545961091764414258471522680181545438440586928881687164845166430802694 0 0 0 0 0 0 0 0 0 0 0 0 0 0 0 0 0 0 0 0 0 0 0 0 0 0 0 0 0 0 0 0 0 0 0 0 0 0 0 0 0 0 0 0 0 0 0 0 0 0 0 0 0 0 1]
]
