[[6665840741283414111212237659312721032553500293942126241403530964621932749381377333833411249141189044832061729643340130289503353280257836608142557250215709012419094008090262588563220622069301550394722032498013406501972792573686879042662700004319450782125621592721220830122281541718605109838853651527793 0 0 0 0 0 0 0 0 0 0 0 0 0 0 0 0 0 0 0 0 0 0 0 0 0 0 0 0 0 0 0 0 0 0 0 0 0 0 0 0 0 0 0 0 0 0 0 0 0 0 0 0 0 0 0 0 0 0 0 0 0 0 0 0 0 0 0 0 0 0 0 0 0 0 0 0 0 0 0 0 0 0 0 0 0 0 0 0 0 0 0 0 0 0 0 0 0 0 0]
[1336925095824398857357760025037903400564225141030309914046886734013460834228142038280009539745980822729526942859583953539999702623703533682098965838838431244801987816656145710926380980052309719190381941613439950052829593432765299306061292241313425066520469241567065840492862163518516629696995471153415 1 0 0 0 0 0 0 0 0 0 0 0 0 0 0 0 0 0 0 0 0 0 0 0 0 0 0 0 0 0 0 0 0 0 0 0 0 0 0 0 0 0 0 0 0 0 0 0 0 0 0 0 0 0 0 0 0 0 0 0 0 0 0 0 0 0 0 0 0 0 0 0 0 0 0 0 0 0 0 0 0 0 0 0 0 0 0 0 0 0 0 0 0 0 0 0 0 0 0]
[1195226850062720641810604806256689865013320433201190916009983381901478626725102632093778817120936282624120973658203888074110859864724351675961746378894081020574468499613501942271751362149352232894871684283658310524177301019382826226374224874750654007327568674363869987947943251633916712663814377940704 0 1 0 0 0 0 0 0 0 0 0 0 0 0 0 0 0 0 0 0 0 0 0 0 0 0 0 0 0 0 0 0 0 0 0 0 0 0 0 0 0 0 0 0 0 0 0 0 0 0 0 0 0 0 0 0 0 0 0 0 0 0 0 0 0 0 0 0 0 0 0 0 0 0 0 0 0 0 0 0 0 0 0 0 0 0 0 0 0 0 0 0 0 0 0 0 0 0 0]
[3278720620314663037576007444077109944003589773283593540709144162083200224112838754347788950855546496940320176113915826990847671536292312492257369321846556432523017616781346991586847066232996692499452626648862699123806414158180812302438701718948647807292682729058115237170073495422310334064333500049296 0 0 1 0 0 0 0 0 0 0 0 0 0 0 0 0 0 0 0 0 0 0 0 0 0 0 0 0 0 0 0 0 0 0 0 0 0 0 0 0 0 0 0 0 0 0 0 0 0 0 0 0 0 0 0 0 0 0 0 0 0 0 0 0 0 0 0 0 0 0 0 0 0 0 0 0 0 0 0 0 0 0 0 0 0 0 0 0 0 0 0 0 0 0 0 0 0 0 0]
[6356350320493849499051061253825503827791260108858793111403856743529721836691543001564558798416286199454014948503708484525874955937496330226733718264574627268722891977335609237154555315391724917352658174027074719635030956149019369656647800104314598357280046135355711046720285586812566822185894943506051 0 0 0 1 0 0 0 0 0 0 0 0 0 0 0 0 0 0 0 0 0 0 0 0 0 0 0 0 0 0 0 0 0 0 0 0 0 0 0 0 0 0 0 0 0 0 0 0 0 0 0 0 0 0 0 0 0 0 0 0 0 0 0 0 0 0 0 0 0 0 0 0 0 0 0 0 0 0 0 0 0 0 0 0 0 0 0 0 0 0 0 0 0 0 0 0 0 0 0]
[1232419970549312955940067126538222883253647453790794481706004630856679090681538875780512602294983036864657230322497256180359074808559332832896160192363217520464551946837361302435851535037097508916261987711727548349748880822061025273940476792599243293538921869427241227355116046231972554265900854901154 0 0 0 0 1 0 0 0 0 0 0 0 0 0 0 0 0 0 0 0 0 0 0 0 0 0 0 0 0 0 0 0 0 0 0 0 0 0 0 0 0 0 0 0 0 0 0 0 0 0 0 0 0 0 0 0 0 0 0 0 0 0 0 0 0 0 0 0 0 0 0 0 0 0 0 0 0 0 0 0 0 0 0 0 0 0 0 0 0 0 0 0 0 0 0 0 0 0 0]
[5774961827536159977342326719738433950143094940706235352436423153396355683156381571667895386707229116298881216223708050771131216037673244478827443455981627846466430402141554132269733966112711254287892086338381104209893265560121739820291624260237086001289612361933919075942367282540611855809558937003145 0 0 0 0 0 1 0 0 0 0 0 0 0 0 0 0 0 0 0 0 0 0 0 0 0 0 0 0 0 0 0 0 0 0 0 0 0 0 0 0 0 0 0 0 0 0 0 0 0 0 0 0 0 0 0 0 0 0 0 0 0 0 0 0 0 0 0 0 0 0 0 0 0 0 0 0 0 0 0 0 0 0 0 0 0 0 0 0 0 0 0 0 0 0 0 0 0 0 0]
[4210205794366404011014676990882313406533061315640964588037254100211577619659407290716037140265958871530884126560427522613118926023211664037539677655119116279839385474202552744787512331514692039064085263214980156668011704610570402967857955176719167691243247621775171194083793509030223708939582380353756 0 0 0 0 0 0 1 0 0 0 0 0 0 0 0 0 0 0 0 0 0 0 0 0 0 0 0 0 0 0 0 0 0 0 0 0 0 0 0 0 0 0 0 0 0 0 0 0 0 0 0 0 0 0 0 0 0 0 0 0 0 0 0 0 0 0 0 0 0 0 0 0 0 0 0 0 0 0 0 0 0 0 0 0 0 0 0 0 0 0 0 0 0 0 0 0 0 0 0]
[543259134760254492174857597419341200080190398776993399115861234156603594565515570399757670996554916204460003398647209745289346480308801098760562843709831431385611840249333210055237206728394853695765005103442930365436291448657094504259032631164501286301451208531194594418789422118440028124637119577374 0 0 0 0 0 0 0 1 0 0 0 0 0 0 0 0 0 0 0 0 0 0 0 0 0 0 0 0 0 0 0 0 0 0 0 0 0 0 0 0 0 0 0 0 0 0 0 0 0 0 0 0 0 0 0 0 0 0 0 0 0 0 0 0 0 0 0 0 0 0 0 0 0 0 0 0 0 0 0 0 0 0 0 0 0 0 0 0 0 0 0 0 0 0 0 0 0 0 0]
[6204252604345946515981835199520452460341771557823725956256017749810381442786799353677199765521954545440806672351204679331912411607917464961040968606508866531649247599953366881387393076606001892390690695071438598920324166367180290737299947182901732116215391155760403323058742460852634359832709688939556 0 0 0 0 0 0 0 0 1 0 0 0 0 0 0 0 0 0 0 0 0 0 0 0 0 0 0 0 0 0 0 0 0 0 0 0 0 0 0 0 0 0 0 0 0 0 0 0 0 0 0 0 0 0 0 0 0 0 0 0 0 0 0 0 0 0 0 0 0 0 0 0 0 0 0 0 0 0 0 0 0 0 0 0 0 0 0 0 0 0 0 0 0 0 0 0 0 0 0]
[5771492812881053372039408995229650631145610802980000380871999493406998410527144032463273220706181454303354276028721795187106655828847353069288490604608708983058365524554231524698214098883678701121825778856339043163526470757581455817384199795066122070845500205706011745910626282282736772883333233138707 0 0 0 0 0 0 0 0 0 1 0 0 0 0 0 0 0 0 0 0 0 0 0 0 0 0 0 0 0 0 0 0 0 0 0 0 0 0 0 0 0 0 0 0 0 0 0 0 0 0 0 0 0 0 0 0 0 0 0 0 0 0 0 0 0 0 0 0 0 0 0 0 0 0 0 0 0 0 0 0 0 0 0 0 0 0 0 0 0 0 0 0 0 0 0 0 0 0 0]
[4822253264863481480626274416795710436251999581326688551489683912226472951671698624837267059897209181277003929605790966990475827030347367855247936901442244294289605223927568968987975395874867095223397528310483079153532266075684708964803824921819505624010926933209275881084245594479024741001107306359151 0 0 0 0 0 0 0 0 0 0 1 0 0 0 0 0 0 0 0 0 0 0 0 0 0 0 0 0 0 0 0 0 0 0 0 0 0 0 0 0 0 0 0 0 0 0 0 0 0 0 0 0 0 0 0 0 0 0 0 0 0 0 0 0 0 0 0 0 0 0 0 0 0 0 0 0 0 0 0 0 0 0 0 0 0 0 0 0 0 0 0 0 0 0 0 0 0 0 0]
[3713471512764871731459780631483029693905867907833062570108855548638097120046382286191143662101746466322506552364547153143348235321046544676303194590275059720538828259281031336458180888152430012512194522391672513700763994443296566412567699088887944790757563346706918293159601810746717495708527027580864 0 0 0 0 0 0 0 0 0 0 0 1 0 0 0 0 0 0 0 0 0 0 0 0 0 0 0 0 0 0 0 0 0 0 0 0 0 0 0 0 0 0 0 0 0 0 0 0 0 0 0 0 0 0 0 0 0 0 0 0 0 0 0 0 0 0 0 0 0 0 0 0 0 0 0 0 0 0 0 0 0 0 0 0 0 0 0 0 0 0 0 0 0 0 0 0 0 0 0]
[2754925682529826954879856259816933544737521163085360225444607304381683290203296834284589159127660898337301224728883468741556096719241393804958498342839130149133675503809751182933881205307245434823195032482078112441593491917983300030432440553763751495919417023790374174193589765415816792520160016381684 0 0 0 0 0 0 0 0 0 0 0 0 1 0 0 0 0 0 0 0 0 0 0 0 0 0 0 0 0 0 0 0 0 0 0 0 0 0 0 0 0 0 0 0 0 0 0 0 0 0 0 0 0 0 0 0 0 0 0 0 0 0 0 0 0 0 0 0 0 0 0 0 0 0 0 0 0 0 0 0 0 0 0 0 0 0 0 0 0 0 0 0 0 0 0 0 0 0 0]
[833395340446850736163507894145608775915095135576386020681517854809780236933911466624072924128812765199529623727892864589331215110849211157693726045881972761229350510051671612782656508653914036627715359449360048017782320495826889065495973458640307890333167326615303233455609108987307535509447756680346 0 0 0 0 0 0 0 0 0 0 0 0 0 1 0 0 0 0 0 0 0 0 0 0 0 0 0 0 0 0 0 0 0 0 0 0 0 0 0 0 0 0 0 0 0 0 0 0 0 0 0 0 0 0 0 0 0 0 0 0 0 0 0 0 0 0 0 0 0 0 0 0 0 0 0 0 0 0 0 0 0 0 0 0 0 0 0 0 0 0 0 0 0 0 0 0 0 0 0]
[2281073578482632916958756432708196990443174116317838475004076119088073269474682697025305896583703689230577858473682489628251625285139181526249442272109175739227164123486790136191956007862667321839402748592480773255854472969814651875866502754340783451426447057301938917686601741184076888072374106992039 0 0 0 0 0 0 0 0 0 0 0 0 0 0 1 0 0 0 0 0 0 0 0 0 0 0 0 0 0 0 0 0 0 0 0 0 0 0 0 0 0 0 0 0 0 0 0 0 0 0 0 0 0 0 0 0 0 0 0 0 0 0 0 0 0 0 0 0 0 0 0 0 0 0 0 0 0 0 0 0 0 0 0 0 0 0 0 0 0 0 0 0 0 0 0 0 0 0 0]
[2717196135709920515815499866905771015446909874529739143372760124516227426859405796720240929206286803104762826421222621040319568213008146402043688419451681691756814016715701852475594518636987818629754282549698897175964284760298821354719908411979120886609222853621618404259359570371872103911793947253282 0 0 0 0 0 0 0 0 0 0 0 0 0 0 0 1 0 0 0 0 0 0 0 0 0 0 0 0 0 0 0 0 0 0 0 0 0 0 0 0 0 0 0 0 0 0 0 0 0 0 0 0 0 0 0 0 0 0 0 0 0 0 0 0 0 0 0 0 0 0 0 0 0 0 0 0 0 0 0 0 0 0 0 0 0 0 0 0 0 0 0 0 0 0 0 0 0 0 0]
[5308063903805123750768197963262171927395886902166402914631131984325034420632533001400664546262537476224376953639541033322158982704977017901697977313678755374651479966306622020078800314676895309533419672929630614654303507278479085632126991100045017019890724416468221200169645241941363648984480077437264 0 0 0 0 0 0 0 0 0 0 0 0 0 0 0 0 1 0 0 0 0 0 0 0 0 0 0 0 0 0 0 0 0 0 0 0 0 0 0 0 0 0 0 0 0 0 0 0 0 0 0 0 0 0 0 0 0 0 0 0 0 0 0 0 0 0 0 0 0 0 0 0 0 0 0 0 0 0 0 0 0 0 0 0 0 0 0 0 0 0 0 0 0 0 0 0 0 0 0]
[3306469772948433640246394336367721733388550903014354629079995992472820467806567950973695143702021625663647116951696094294817675406527130001959719324119539623486590128582518570240543813739001238430944888901547211191865869262298436088968283005734808115781721189710795885884669134154555353830374194244779 0 0 0 0 0 0 0 0 0 0 0 0 0 0 0 0 0 1 0 0 0 0 0 0 0 0 0 0 0 0 0 0 0 0 0 0 0 0 0 0 0 0 0 0 0 0 0 0 0 0 0 0 0 0 0 0 0 0 0 0 0 0 0 0 0 0 0 0 0 0 0 0 0 0 0 0 0 0 0 0 0 0 0 0 0 0 0 0 0 0 0 0 0 0 0 0 0 0 0]
[626383583933993094337784820266458179365213975647607490914742749877297706141006054805921521325741290999571719084053658108342847386385899898598621157248825563606380078797497388431942076728576164536081618837612397584676659657436051993937905107264940163416678585553566508688674605771796641018614008831296 0 0 0 0 0 0 0 0 0 0 0 0 0 0 0 0 0 0 1 0 0 0 0 0 0 0 0 0 0 0 0 0 0 0 0 0 0 0 0 0 0 0 0 0 0 0 0 0 0 0 0 0 0 0 0 0 0 0 0 0 0 0 0 0 0 0 0 0 0 0 0 0 0 0 0 0 0 0 0 0 0 0 0 0 0 0 0 0 0 0 0 0 0 0 0 0 0 0 0]
[4121513166258070673135763408442750137942303104354804765548623829439346429564957366188163828088715111192987994262692591928313534836925488007386640630074640747071723137963784452907698363625918060435894106638465031317947006146491940852661282941823938290836023032430807020235509731400917226417470675362969 0 0 0 0 0 0 0 0 0 0 0 0 0 0 0 0 0 0 0 1 0 0 0 0 0 0 0 0 0 0 0 0 0 0 0 0 0 0 0 0 0 0 0 0 0 0 0 0 0 0 0 0 0 0 0 0 0 0 0 0 0 0 0 0 0 0 0 0 0 0 0 0 0 0 0 0 0 0 0 0 0 0 0 0 0 0 0 0 0 0 0 0 0 0 0 0 0 0 0]
[3108883705400716346748127743533197667379501246603771819551046517335682106779300904871783471387790992343518265318007933019935059897016258356644455995083218193971221081580621832271480592956839863305601645786920922910471940079852002531289571585117271135845260504383821356587186212727389985624034000655656 0 0 0 0 0 0 0 0 0 0 0 0 0 0 0 0 0 0 0 0 1 0 0 0 0 0 0 0 0 0 0 0 0 0 0 0 0 0 0 0 0 0 0 0 0 0 0 0 0 0 0 0 0 0 0 0 0 0 0 0 0 0 0 0 0 0 0 0 0 0 0 0 0 0 0 0 0 0 0 0 0 0 0 0 0 0 0 0 0 0 0 0 0 0 0 0 0 0 0]
[3576522260691871434226262568031920408208457719142745554564269139983573545608926141551090490645846126721040685704464205380731391475156431477837820777145629758310475513304623086196896606305201134537960209660545625353981711298920054356565518127162486948039258943152651530799227800323319519347741569542058 0 0 0 0 0 0 0 0 0 0 0 0 0 0 0 0 0 0 0 0 0 1 0 0 0 0 0 0 0 0 0 0 0 0 0 0 0 0 0 0 0 0 0 0 0 0 0 0 0 0 0 0 0 0 0 0 0 0 0 0 0 0 0 0 0 0 0 0 0 0 0 0 0 0 0 0 0 0 0 0 0 0 0 0 0 0 0 0 0 0 0 0 0 0 0 0 0 0 0]
[2017760541534910794921770830287406435046066548528645655293449873619022247817079187525552110762045934030181937808884383752979990387734499940945413863342172131652879698573951598005965354162793297485821640716805652880864036448673716389636243998662988263386572340783342618083535545790046169605529474196137 0 0 0 0 0 0 0 0 0 0 0 0 0 0 0 0 0 0 0 0 0 0 1 0 0 0 0 0 0 0 0 0 0 0 0 0 0 0 0 0 0 0 0 0 0 0 0 0 0 0 0 0 0 0 0 0 0 0 0 0 0 0 0 0 0 0 0 0 0 0 0 0 0 0 0 0 0 0 0 0 0 0 0 0 0 0 0 0 0 0 0 0 0 0 0 0 0 0 0]
[2328595665902351677136550303163521773208394701841281283504419463461749273795966911071902617600726769097612205316492444417643157388037079536970529573394380749963040393999757140980984996439639822253620269994059895646437635661837094898101262330149483643243465661451217113307386881040674463134592910038966 0 0 0 0 0 0 0 0 0 0 0 0 0 0 0 0 0 0 0 0 0 0 0 1 0 0 0 0 0 0 0 0 0 0 0 0 0 0 0 0 0 0 0 0 0 0 0 0 0 0 0 0 0 0 0 0 0 0 0 0 0 0 0 0 0 0 0 0 0 0 0 0 0 0 0 0 0 0 0 0 0 0 0 0 0 0 0 0 0 0 0 0 0 0 0 0 0 0 0]
[84188683768612807229632483070755865748893619231471087980747820355590801393690022404974131223918030363639001967350771300714074458145170215675311189532166344429499524967893320755581013586957543556092433648078838049292231730479077339343496456566513247786815434090932192266457755391170203373797461489318 0 0 0 0 0 0 0 0 0 0 0 0 0 0 0 0 0 0 0 0 0 0 0 0 1 0 0 0 0 0 0 0 0 0 0 0 0 0 0 0 0 0 0 0 0 0 0 0 0 0 0 0 0 0 0 0 0 0 0 0 0 0 0 0 0 0 0 0 0 0 0 0 0 0 0 0 0 0 0 0 0 0 0 0 0 0 0 0 0 0 0 0 0 0 0 0 0 0 0]
[3853685586815363113708681548086182340879788408144350082039776871627730936632298093344005453744660461681126472119341356925079385017293576783018780222028457041821532497627843213535491422862372320199357475512469509468065539635729012554315889638273517853662243064395865894570948127164698845532593346652132 0 0 0 0 0 0 0 0 0 0 0 0 0 0 0 0 0 0 0 0 0 0 0 0 0 1 0 0 0 0 0 0 0 0 0 0 0 0 0 0 0 0 0 0 0 0 0 0 0 0 0 0 0 0 0 0 0 0 0 0 0 0 0 0 0 0 0 0 0 0 0 0 0 0 0 0 0 0 0 0 0 0 0 0 0 0 0 0 0 0 0 0 0 0 0 0 0 0 0]
[5016218660552392617906790337776319269138867842876562619515304862313274511650110428087745875676095142540984398925982370710833209843488455776032680456112680772086279447140903599545759482627474292410824887174581160232204033029674085950650229163421930186895570208081675106690652712349775827721946381236465 0 0 0 0 0 0 0 0 0 0 0 0 0 0 0 0 0 0 0 0 0 0 0 0 0 0 1 0 0 0 0 0 0 0 0 0 0 0 0 0 0 0 0 0 0 0 0 0 0 0 0 0 0 0 0 0 0 0 0 0 0 0 0 0 0 0 0 0 0 0 0 0 0 0 0 0 0 0 0 0 0 0 0 0 0 0 0 0 0 0 0 0 0 0 0 0 0 0 0]
[170727749076840953924869730353378824517381605179328889449478865842489849852542152197093331669596197176272603260733479337022907157048530892904351630138749813133738670050964338786125816952546044313825187101837708526251536109564956161555833411281222318726590662640089417337045860386558163014715051534779 0 0 0 0 0 0 0 0 0 0 0 0 0 0 0 0 0 0 0 0 0 0 0 0 0 0 0 1 0 0 0 0 0 0 0 0 0 0 0 0 0 0 0 0 0 0 0 0 0 0 0 0 0 0 0 0 0 0 0 0 0 0 0 0 0 0 0 0 0 0 0 0 0 0 0 0 0 0 0 0 0 0 0 0 0 0 0 0 0 0 0 0 0 0 0 0 0 0 0]
[3117788438963494917324644879515688095568158193196627414755174850929131407120903679204388321372370473722160741676227642062119937927773574856150503326266995381144053363573234992488374093256067800795904129653859813560306366891825913809004289136029847786896461855867230842239463600723363177969570932048099 0 0 0 0 0 0 0 0 0 0 0 0 0 0 0 0 0 0 0 0 0 0 0 0 0 0 0 0 1 0 0 0 0 0 0 0 0 0 0 0 0 0 0 0 0 0 0 0 0 0 0 0 0 0 0 0 0 0 0 0 0 0 0 0 0 0 0 0 0 0 0 0 0 0 0 0 0 0 0 0 0 0 0 0 0 0 0 0 0 0 0 0 0 0 0 0 0 0 0]
[4317813799405108684404885412821060492321717713986972534678999822839064947431427045609606039524537694463723626211764511266106407122572222869484971006979077223743338938365896733797148021301339826636340662127725519421171356591515275785898056353628695224902892274771864668967833816856076180606825541828800 0 0 0 0 0 0 0 0 0 0 0 0 0 0 0 0 0 0 0 0 0 0 0 0 0 0 0 0 0 1 0 0 0 0 0 0 0 0 0 0 0 0 0 0 0 0 0 0 0 0 0 0 0 0 0 0 0 0 0 0 0 0 0 0 0 0 0 0 0 0 0 0 0 0 0 0 0 0 0 0 0 0 0 0 0 0 0 0 0 0 0 0 0 0 0 0 0 0 0]
[4814891429402987761963498069365364913649845589991553145967801790915331248732553351864759609751004606749486254046581223554852788797971151917394068416268037355058165109998965107241506165812133704868662692799106744117805245713776666119789801153224792205743549077681480808415612780062934162615653722345437 0 0 0 0 0 0 0 0 0 0 0 0 0 0 0 0 0 0 0 0 0 0 0 0 0 0 0 0 0 0 1 0 0 0 0 0 0 0 0 0 0 0 0 0 0 0 0 0 0 0 0 0 0 0 0 0 0 0 0 0 0 0 0 0 0 0 0 0 0 0 0 0 0 0 0 0 0 0 0 0 0 0 0 0 0 0 0 0 0 0 0 0 0 0 0 0 0 0 0]
[935157150954929076401897661355788438361611513132467868012756284896658506615465455217545281514801032939782164289702199304067329104031242373332061348824752580078147020222738965541356873701497219336836999987353554598910958781294568995332696045590409066053246276048144917149172760297941303999804165394633 0 0 0 0 0 0 0 0 0 0 0 0 0 0 0 0 0 0 0 0 0 0 0 0 0 0 0 0 0 0 0 1 0 0 0 0 0 0 0 0 0 0 0 0 0 0 0 0 0 0 0 0 0 0 0 0 0 0 0 0 0 0 0 0 0 0 0 0 0 0 0 0 0 0 0 0 0 0 0 0 0 0 0 0 0 0 0 0 0 0 0 0 0 0 0 0 0 0 0]
[6510071039326931590039745802987666218675186652711015922259312797093162102502058604848805608576567934767638951636185307760379154429629556428546973117214226502854111695254992346176818821354114496739999605894620607428683367341902997896838686511486757920346800965769800608093972945804152176727795965299695 0 0 0 0 0 0 0 0 0 0 0 0 0 0 0 0 0 0 0 0 0 0 0 0 0 0 0 0 0 0 0 0 1 0 0 0 0 0 0 0 0 0 0 0 0 0 0 0 0 0 0 0 0 0 0 0 0 0 0 0 0 0 0 0 0 0 0 0 0 0 0 0 0 0 0 0 0 0 0 0 0 0 0 0 0 0 0 0 0 0 0 0 0 0 0 0 0 0 0]
[1523934031726215253351548352619194170633535438032849922159818828693720859474262750130912612821114461055662252422191349682237934948863282516825854991786582022815366261495485451516447196202727293080364044714994488006399095327542810177956387042414408720307328162324758203271273813114565062391994533407976 0 0 0 0 0 0 0 0 0 0 0 0 0 0 0 0 0 0 0 0 0 0 0 0 0 0 0 0 0 0 0 0 0 1 0 0 0 0 0 0 0 0 0 0 0 0 0 0 0 0 0 0 0 0 0 0 0 0 0 0 0 0 0 0 0 0 0 0 0 0 0 0 0 0 0 0 0 0 0 0 0 0 0 0 0 0 0 0 0 0 0 0 0 0 0 0 0 0 0]
[893063868579165282253828194001342158256038042762634996555603468953460256691293987110167187535081331864199620188797771560774470744855812209156966260760196847956712820497142170942090173014665450249162040253242584499124798419325406863694609033068016594634572377773463501406966305733684810789750583858544 0 0 0 0 0 0 0 0 0 0 0 0 0 0 0 0 0 0 0 0 0 0 0 0 0 0 0 0 0 0 0 0 0 0 1 0 0 0 0 0 0 0 0 0 0 0 0 0 0 0 0 0 0 0 0 0 0 0 0 0 0 0 0 0 0 0 0 0 0 0 0 0 0 0 0 0 0 0 0 0 0 0 0 0 0 0 0 0 0 0 0 0 0 0 0 0 0 0 0]
[2572021413279046668498428820477377592299531007250486533791932608289478133151370838275868503179315665218854716762200483875647544325286778727702748781715200572090873509858424069844002933212030924426386873683858611954101780424226773748483174893700558983858488831454634782583717091298776228964901621011518 0 0 0 0 0 0 0 0 0 0 0 0 0 0 0 0 0 0 0 0 0 0 0 0 0 0 0 0 0 0 0 0 0 0 0 1 0 0 0 0 0 0 0 0 0 0 0 0 0 0 0 0 0 0 0 0 0 0 0 0 0 0 0 0 0 0 0 0 0 0 0 0 0 0 0 0 0 0 0 0 0 0 0 0 0 0 0 0 0 0 0 0 0 0 0 0 0 0 0]
[5926317320644573923910172985329723294402674668892089432725219659067740496009917986175515564544201054358761856321701511820107784665487811611372097328216887199124261237053166205763075779172690835646391770376671429526203382091656361754126485124560834217328344270346577245670513014379821184389229520879938 0 0 0 0 0 0 0 0 0 0 0 0 0 0 0 0 0 0 0 0 0 0 0 0 0 0 0 0 0 0 0 0 0 0 0 0 1 0 0 0 0 0 0 0 0 0 0 0 0 0 0 0 0 0 0 0 0 0 0 0 0 0 0 0 0 0 0 0 0 0 0 0 0 0 0 0 0 0 0 0 0 0 0 0 0 0 0 0 0 0 0 0 0 0 0 0 0 0 0]
[2657461500385712914023089182781617330594301426704328569502188202179665698654943597454167049691102244431197225970109088528655130508552540699758897972179713768040900832325930978929235972672605577074294155599131176672483768859868421824783228192613651860945004930882215186796187339555778965255201155038937 0 0 0 0 0 0 0 0 0 0 0 0 0 0 0 0 0 0 0 0 0 0 0 0 0 0 0 0 0 0 0 0 0 0 0 0 0 1 0 0 0 0 0 0 0 0 0 0 0 0 0 0 0 0 0 0 0 0 0 0 0 0 0 0 0 0 0 0 0 0 0 0 0 0 0 0 0 0 0 0 0 0 0 0 0 0 0 0 0 0 0 0 0 0 0 0 0 0 0]
[4496152809509277420102136549256571249665414459315881748511386681362400141669134192064527244443383297254472400121232582556156778785913088104203506485865892448567075496531553733214698517332907221876242453733864266246024071093256976091200335141903809015122400636230269430160794498761143709248200050302155 0 0 0 0 0 0 0 0 0 0 0 0 0 0 0 0 0 0 0 0 0 0 0 0 0 0 0 0 0 0 0 0 0 0 0 0 0 0 1 0 0 0 0 0 0 0 0 0 0 0 0 0 0 0 0 0 0 0 0 0 0 0 0 0 0 0 0 0 0 0 0 0 0 0 0 0 0 0 0 0 0 0 0 0 0 0 0 0 0 0 0 0 0 0 0 0 0 0 0]
[1456833621990555836963136539921988071938518583818793988357879569837915176706370910453824656207961227824981270857340032458287591983633601681988880781652257339168033377023750225803097956563681980066323514367555260330725060943079511577581625296621970724549871819125871787695850447898482993578956031142612 0 0 0 0 0 0 0 0 0 0 0 0 0 0 0 0 0 0 0 0 0 0 0 0 0 0 0 0 0 0 0 0 0 0 0 0 0 0 0 1 0 0 0 0 0 0 0 0 0 0 0 0 0 0 0 0 0 0 0 0 0 0 0 0 0 0 0 0 0 0 0 0 0 0 0 0 0 0 0 0 0 0 0 0 0 0 0 0 0 0 0 0 0 0 0 0 0 0 0]
[5892320414401498436944729566345311431057435494013266050134924775187822665864721601478972133955520521027526562309320857711163235435032845616479712683354033745367688971045548205858040606177300786877968240253419794853839763987120191228046664941573081581760261090498449263291332567135499736108969171716759 0 0 0 0 0 0 0 0 0 0 0 0 0 0 0 0 0 0 0 0 0 0 0 0 0 0 0 0 0 0 0 0 0 0 0 0 0 0 0 0 1 0 0 0 0 0 0 0 0 0 0 0 0 0 0 0 0 0 0 0 0 0 0 0 0 0 0 0 0 0 0 0 0 0 0 0 0 0 0 0 0 0 0 0 0 0 0 0 0 0 0 0 0 0 0 0 0 0 0]
[2733505697972487999586260982587768469210912293900824862199926013688780168526614571290857752397387056423866763169666154932081738259761249120894970157501601974681193900107477304068056891947390613286285761909410736787114268363959761382667351769023863529894759866657008219223532263769696493578424890174545 0 0 0 0 0 0 0 0 0 0 0 0 0 0 0 0 0 0 0 0 0 0 0 0 0 0 0 0 0 0 0 0 0 0 0 0 0 0 0 0 0 1 0 0 0 0 0 0 0 0 0 0 0 0 0 0 0 0 0 0 0 0 0 0 0 0 0 0 0 0 0 0 0 0 0 0 0 0 0 0 0 0 0 0 0 0 0 0 0 0 0 0 0 0 0 0 0 0 0]
[2659318940752843864979666454732507276297942352529384796829788560276753543992487076955245830828890322704914038486748016496674469798535134169326962872190605253505290462344248476006504499658853887807352761150960613191751605737680910665319362106226990381063598571124531137827077958787209865669263130727483 0 0 0 0 0 0 0 0 0 0 0 0 0 0 0 0 0 0 0 0 0 0 0 0 0 0 0 0 0 0 0 0 0 0 0 0 0 0 0 0 0 0 1 0 0 0 0 0 0 0 0 0 0 0 0 0 0 0 0 0 0 0 0 0 0 0 0 0 0 0 0 0 0 0 0 0 0 0 0 0 0 0 0 0 0 0 0 0 0 0 0 0 0 0 0 0 0 0 0]
[1446522805018551229962560973672831805877324761205142604235712478899426257292971086682976632683849069460136869884727962049928290747376853816583477247514348445656883798337825550182614024013458619693612992185703246372551288973229565883308717966487373249383212791695928272836241531109061213201621025498327 0 0 0 0 0 0 0 0 0 0 0 0 0 0 0 0 0 0 0 0 0 0 0 0 0 0 0 0 0 0 0 0 0 0 0 0 0 0 0 0 0 0 0 1 0 0 0 0 0 0 0 0 0 0 0 0 0 0 0 0 0 0 0 0 0 0 0 0 0 0 0 0 0 0 0 0 0 0 0 0 0 0 0 0 0 0 0 0 0 0 0 0 0 0 0 0 0 0 0]
[204308420888714360512669504046053227978118841529374799976765700926183449836161206932304300593010672497831682007054583205992088005530941391860084341926179133721868950720095807283591636943257460753475648022794082468722454117290361668369422973226815474893297676485543658007503861629778546834805651522685 0 0 0 0 0 0 0 0 0 0 0 0 0 0 0 0 0 0 0 0 0 0 0 0 0 0 0 0 0 0 0 0 0 0 0 0 0 0 0 0 0 0 0 0 1 0 0 0 0 0 0 0 0 0 0 0 0 0 0 0 0 0 0 0 0 0 0 0 0 0 0 0 0 0 0 0 0 0 0 0 0 0 0 0 0 0 0 0 0 0 0 0 0 0 0 0 0 0 0]
[2633070317656106071755551531858381732678408407557020656877309650408622638414926535052442581147564085527820491448848244529485149066553151969172837227858105469832149219958188618451219841764410274539916148811781587165433486514301919508201774360873076999657874061734268598029269500670487136716867861981052 0 0 0 0 0 0 0 0 0 0 0 0 0 0 0 0 0 0 0 0 0 0 0 0 0 0 0 0 0 0 0 0 0 0 0 0 0 0 0 0 0 0 0 0 0 1 0 0 0 0 0 0 0 0 0 0 0 0 0 0 0 0 0 0 0 0 0 0 0 0 0 0 0 0 0 0 0 0 0 0 0 0 0 0 0 0 0 0 0 0 0 0 0 0 0 0 0 0 0]
[6609755870762683087401945931569617524004265475182815571844997167966171842618489257224019032556417247842400817041207222673491799665393776507696241794628812942586460808828514965293199011406734068625647294941840881905869274600400641744114277671463933231512449916977377175784458591512613230543982732888195 0 0 0 0 0 0 0 0 0 0 0 0 0 0 0 0 0 0 0 0 0 0 0 0 0 0 0 0 0 0 0 0 0 0 0 0 0 0 0 0 0 0 0 0 0 0 1 0 0 0 0 0 0 0 0 0 0 0 0 0 0 0 0 0 0 0 0 0 0 0 0 0 0 0 0 0 0 0 0 0 0 0 0 0 0 0 0 0 0 0 0 0 0 0 0 0 0 0 0]
[5547149578946353068934932674559452433910252730623515130873012218255775325671217100214675073150932545325260504909949629656917229551167899450691815843116556827556995236372486492705339118344918559743070135768830852148836988655347233069864785413374727311967816849502535767258797808641465117263973210872945 0 0 0 0 0 0 0 0 0 0 0 0 0 0 0 0 0 0 0 0 0 0 0 0 0 0 0 0 0 0 0 0 0 0 0 0 0 0 0 0 0 0 0 0 0 0 0 1 0 0 0 0 0 0 0 0 0 0 0 0 0 0 0 0 0 0 0 0 0 0 0 0 0 0 0 0 0 0 0 0 0 0 0 0 0 0 0 0 0 0 0 0 0 0 0 0 0 0 0]
[2116297512815410968321571556195576936595015921983878790506052705576392518262524834677826258522928340453343561611475405499576687948131593830870814709973440558896229726026800301866375956381522888344295514076475560311207547498783977944817654995657067962859329714182250917313364512150166105112029905453998 0 0 0 0 0 0 0 0 0 0 0 0 0 0 0 0 0 0 0 0 0 0 0 0 0 0 0 0 0 0 0 0 0 0 0 0 0 0 0 0 0 0 0 0 0 0 0 0 1 0 0 0 0 0 0 0 0 0 0 0 0 0 0 0 0 0 0 0 0 0 0 0 0 0 0 0 0 0 0 0 0 0 0 0 0 0 0 0 0 0 0 0 0 0 0 0 0 0 0]
[1371697662084781965027582679242173525903896345104827083838863894998174089853155482164226859879195741961117508681581865978765631447631656568440037984033062792527324981269633606038464658261426503623096640594598695873244291313903938929619311052003919271241954494031454588892163248343544944239947275805799 0 0 0 0 0 0 0 0 0 0 0 0 0 0 0 0 0 0 0 0 0 0 0 0 0 0 0 0 0 0 0 0 0 0 0 0 0 0 0 0 0 0 0 0 0 0 0 0 0 1 0 0 0 0 0 0 0 0 0 0 0 0 0 0 0 0 0 0 0 0 0 0 0 0 0 0 0 0 0 0 0 0 0 0 0 0 0 0 0 0 0 0 0 0 0 0 0 0 0]
[4738850889173102457990740350305897680501132511143779115533721156380807560516570480891218157562986209542716219997091483148952828933327415214227182642307731945836357111515335193698886824461101678670559916114783749489362837368706817857727784063982822133878515340611578547684799840150534529872230562743516 0 0 0 0 0 0 0 0 0 0 0 0 0 0 0 0 0 0 0 0 0 0 0 0 0 0 0 0 0 0 0 0 0 0 0 0 0 0 0 0 0 0 0 0 0 0 0 0 0 0 1 0 0 0 0 0 0 0 0 0 0 0 0 0 0 0 0 0 0 0 0 0 0 0 0 0 0 0 0 0 0 0 0 0 0 0 0 0 0 0 0 0 0 0 0 0 0 0 0]
[5748480754594626033894780137263402232587048621669383950319730057847146926714891857234270796843719122782726115615424430517210781899056211916088761712300370814360945345286185681437221615382943272716752642842578113905956074635480698676516280233291616587597761497898346896634995161698832474657214662685533 0 0 0 0 0 0 0 0 0 0 0 0 0 0 0 0 0 0 0 0 0 0 0 0 0 0 0 0 0 0 0 0 0 0 0 0 0 0 0 0 0 0 0 0 0 0 0 0 0 0 0 1 0 0 0 0 0 0 0 0 0 0 0 0 0 0 0 0 0 0 0 0 0 0 0 0 0 0 0 0 0 0 0 0 0 0 0 0 0 0 0 0 0 0 0 0 0 0 0]
[725712563954385147782486379666692568757327164535898186718554196946865777087172880887412458245361940691095086097468335802187061497628436422422118620918705400322768617380993009089951503259759123598113890555096715993736120129312532053512654904490117292644282190382001482059964677333604007537476851122649 0 0 0 0 0 0 0 0 0 0 0 0 0 0 0 0 0 0 0 0 0 0 0 0 0 0 0 0 0 0 0 0 0 0 0 0 0 0 0 0 0 0 0 0 0 0 0 0 0 0 0 0 1 0 0 0 0 0 0 0 0 0 0 0 0 0 0 0 0 0 0 0 0 0 0 0 0 0 0 0 0 0 0 0 0 0 0 0 0 0 0 0 0 0 0 0 0 0 0]
[4835663573437259681825398537116714359416314002956517299169536585547194268453865628612928569779865221619675589208068345873058716639782322291287791684288703759870079734305480635590664721439820616679151108057881199184444341840524284039235997968073074320155982953180600663984474776287186225312750549151611 0 0 0 0 0 0 0 0 0 0 0 0 0 0 0 0 0 0 0 0 0 0 0 0 0 0 0 0 0 0 0 0 0 0 0 0 0 0 0 0 0 0 0 0 0 0 0 0 0 0 0 0 0 1 0 0 0 0 0 0 0 0 0 0 0 0 0 0 0 0 0 0 0 0 0 0 0 0 0 0 0 0 0 0 0 0 0 0 0 0 0 0 0 0 0 0 0 0 0]
[2070553180791088102958958463199267663222764055495651455397544542098035572237991188656505933477910094025448050867606182622325882540314707193141131197076683900803062626942430033100314949313831299588041647181783807591042394170299375661142884318617425251998264182527192805328215593290529217097931367034014 0 0 0 0 0 0 0 0 0 0 0 0 0 0 0 0 0 0 0 0 0 0 0 0 0 0 0 0 0 0 0 0 0 0 0 0 0 0 0 0 0 0 0 0 0 0 0 0 0 0 0 0 0 0 1 0 0 0 0 0 0 0 0 0 0 0 0 0 0 0 0 0 0 0 0 0 0 0 0 0 0 0 0 0 0 0 0 0 0 0 0 0 0 0 0 0 0 0 0]
[3926351527387700311602816078976120883383703892675676103385501547682301984713788068030447293855659006357754541021872176108519041262563073390391685350279253768756053302561517527258357563688160317511909525120656860330167934162989674729641892587795770125177384130670299915519345813786130915179480695744500 0 0 0 0 0 0 0 0 0 0 0 0 0 0 0 0 0 0 0 0 0 0 0 0 0 0 0 0 0 0 0 0 0 0 0 0 0 0 0 0 0 0 0 0 0 0 0 0 0 0 0 0 0 0 0 1 0 0 0 0 0 0 0 0 0 0 0 0 0 0 0 0 0 0 0 0 0 0 0 0 0 0 0 0 0 0 0 0 0 0 0 0 0 0 0 0 0 0 0]
[1119978071305609872667091267775814107351203233125990476006969755971318376086225384092963384309357532144984836285859161945812938548669789704371692371530732129639810944947229786302545999512386415668071039640537478838452767715919565469274252999656297455446797509008387569268678033138754724791439194367031 0 0 0 0 0 0 0 0 0 0 0 0 0 0 0 0 0 0 0 0 0 0 0 0 0 0 0 0 0 0 0 0 0 0 0 0 0 0 0 0 0 0 0 0 0 0 0 0 0 0 0 0 0 0 0 0 1 0 0 0 0 0 0 0 0 0 0 0 0 0 0 0 0 0 0 0 0 0 0 0 0 0 0 0 0 0 0 0 0 0 0 0 0 0 0 0 0 0 0]
[2722656768143103023760050829119783593238185412318791131644858657823228828297208615405361381802034761530657642665592175191533819146067755640341577029641264221544996248010919251860405592746492587514377788460992996195318611745629672800844926782345489433763874534725534786646783755925115723350891509747886 0 0 0 0 0 0 0 0 0 0 0 0 0 0 0 0 0 0 0 0 0 0 0 0 0 0 0 0 0 0 0 0 0 0 0 0 0 0 0 0 0 0 0 0 0 0 0 0 0 0 0 0 0 0 0 0 0 1 0 0 0 0 0 0 0 0 0 0 0 0 0 0 0 0 0 0 0 0 0 0 0 0 0 0 0 0 0 0 0 0 0 0 0 0 0 0 0 0 0]
[2049732857096789553183881718524173478593810350658728881656001424471341498828451613932565405170903508824302315252243658739169523936554427425513515745673782215915164097147674123166655221357724252908286038585151389688490684715600886673135184160560060390861615699816548402398112037751283867675270403062910 0 0 0 0 0 0 0 0 0 0 0 0 0 0 0 0 0 0 0 0 0 0 0 0 0 0 0 0 0 0 0 0 0 0 0 0 0 0 0 0 0 0 0 0 0 0 0 0 0 0 0 0 0 0 0 0 0 0 1 0 0 0 0 0 0 0 0 0 0 0 0 0 0 0 0 0 0 0 0 0 0 0 0 0 0 0 0 0 0 0 0 0 0 0 0 0 0 0 0]
[900963023179381210179962642700817048502310639760728979996517060717866137105814805521219516761463385866913042422687970221473956576073291728861299129506627044719726371689282974825749925454812360688030236967298126548667499588818169253270993984210680285798343413081903213456044553916213797093265771159256 0 0 0 0 0 0 0 0 0 0 0 0 0 0 0 0 0 0 0 0 0 0 0 0 0 0 0 0 0 0 0 0 0 0 0 0 0 0 0 0 0 0 0 0 0 0 0 0 0 0 0 0 0 0 0 0 0 0 0 1 0 0 0 0 0 0 0 0 0 0 0 0 0 0 0 0 0 0 0 0 0 0 0 0 0 0 0 0 0 0 0 0 0 0 0 0 0 0 0]
[3630349209882946429252417164373592492646692440525007598599934219922379315846231010809405241088294680004458013776063862011588122834046889900062654485708915683157605545264926855310014081485246809530044850840472518748474262879017555978206751725209021794762319888313648607965493361620195837360183937847096 0 0 0 0 0 0 0 0 0 0 0 0 0 0 0 0 0 0 0 0 0 0 0 0 0 0 0 0 0 0 0 0 0 0 0 0 0 0 0 0 0 0 0 0 0 0 0 0 0 0 0 0 0 0 0 0 0 0 0 0 1 0 0 0 0 0 0 0 0 0 0 0 0 0 0 0 0 0 0 0 0 0 0 0 0 0 0 0 0 0 0 0 0 0 0 0 0 0 0]
[3585009006304537727517431180797445696859376222019919511212425784642404193724987454645242687246445732107288442572464683760329449232184758961239748478535430800030850087180633570691387645512022819654364739161672655430817689562090961070027957338756440115337366026099574932379363458373526530105790118957379 0 0 0 0 0 0 0 0 0 0 0 0 0 0 0 0 0 0 0 0 0 0 0 0 0 0 0 0 0 0 0 0 0 0 0 0 0 0 0 0 0 0 0 0 0 0 0 0 0 0 0 0 0 0 0 0 0 0 0 0 0 1 0 0 0 0 0 0 0 0 0 0 0 0 0 0 0 0 0 0 0 0 0 0 0 0 0 0 0 0 0 0 0 0 0 0 0 0 0]
[471402695163512875566509406970372778146230363588061074496542081209306738129835586495778333784548911718082139931830148378063697829339265431624386354034925486578887045511365353040482993346817800341659729589735859567133033195625630702036128940478235831833753259641927155143159880526137392426382665085312 0 0 0 0 0 0 0 0 0 0 0 0 0 0 0 0 0 0 0 0 0 0 0 0 0 0 0 0 0 0 0 0 0 0 0 0 0 0 0 0 0 0 0 0 0 0 0 0 0 0 0 0 0 0 0 0 0 0 0 0 0 0 1 0 0 0 0 0 0 0 0 0 0 0 0 0 0 0 0 0 0 0 0 0 0 0 0 0 0 0 0 0 0 0 0 0 0 0 0]
[2744945559877404178044558542162338000260851573268787965102970917666424559537904367986989744860370310284249989486737566139328869220364289290031050792086906118539895556334688264943493509915859107752734951240801942277300844684240411559222445283926498822718660830303785735414274822207141695177768484509645 0 0 0 0 0 0 0 0 0 0 0 0 0 0 0 0 0 0 0 0 0 0 0 0 0 0 0 0 0 0 0 0 0 0 0 0 0 0 0 0 0 0 0 0 0 0 0 0 0 0 0 0 0 0 0 0 0 0 0 0 0 0 0 1 0 0 0 0 0 0 0 0 0 0 0 0 0 0 0 0 0 0 0 0 0 0 0 0 0 0 0 0 0 0 0 0 0 0 0]
[2185585856959322098220228709191939324121586785147890437602286509371553362282579364721444173876693036424487268466612890727682748823975838100683058094809961858957513839626187136929404674889717804217756568651824399204788805200460193440457673354625261852115247844523079778187859316495038440670799675603318 0 0 0 0 0 0 0 0 0 0 0 0 0 0 0 0 0 0 0 0 0 0 0 0 0 0 0 0 0 0 0 0 0 0 0 0 0 0 0 0 0 0 0 0 0 0 0 0 0 0 0 0 0 0 0 0 0 0 0 0 0 0 0 0 1 0 0 0 0 0 0 0 0 0 0 0 0 0 0 0 0 0 0 0 0 0 0 0 0 0 0 0 0 0 0 0 0 0 0]
[4689289217714713575117545013660337086998573207628226720881479538699581570323238357055919447840924564510077018685913040561519900556506512395676240038375568910880378257480194319596933945031576000686180795545873046290184630418825374389633115945509204235524747877168803103311495230120428338110656949790701 0 0 0 0 0 0 0 0 0 0 0 0 0 0 0 0 0 0 0 0 0 0 0 0 0 0 0 0 0 0 0 0 0 0 0 0 0 0 0 0 0 0 0 0 0 0 0 0 0 0 0 0 0 0 0 0 0 0 0 0 0 0 0 0 0 1 0 0 0 0 0 0 0 0 0 0 0 0 0 0 0 0 0 0 0 0 0 0 0 0 0 0 0 0 0 0 0 0 0]
[3989263108387632792836858555522882496114479914128443726548540244527377641411211473958963661722220425976204611494382488555811273482798428983857869114534727738833581575980281643249884836723148242305231025309654422583505406165707802123178953560800931150570611060358489786428311632817857982302021560813312 0 0 0 0 0 0 0 0 0 0 0 0 0 0 0 0 0 0 0 0 0 0 0 0 0 0 0 0 0 0 0 0 0 0 0 0 0 0 0 0 0 0 0 0 0 0 0 0 0 0 0 0 0 0 0 0 0 0 0 0 0 0 0 0 0 0 1 0 0 0 0 0 0 0 0 0 0 0 0 0 0 0 0 0 0 0 0 0 0 0 0 0 0 0 0 0 0 0 0]
[4977982066011670338445160533935740306912192055610052614535233109138349027427713415511395723464223533308606047688857062487736326871145759929945389736664394440266318761283488023764395797332236125982494715222198680115457405547956180776165905581876784642506066732268524369634451375850310806481465954270750 0 0 0 0 0 0 0 0 0 0 0 0 0 0 0 0 0 0 0 0 0 0 0 0 0 0 0 0 0 0 0 0 0 0 0 0 0 0 0 0 0 0 0 0 0 0 0 0 0 0 0 0 0 0 0 0 0 0 0 0 0 0 0 0 0 0 0 1 0 0 0 0 0 0 0 0 0 0 0 0 0 0 0 0 0 0 0 0 0 0 0 0 0 0 0 0 0 0 0]
[3576520462511523612470293971005028162527935189565097514813687162104514733485900697084394528218107468263259898535221984742183944110335776545103801015218683105097238345130225638724543576984245299389912131384814643599531516529707753127858896515545733095954483355740929116779703560927962978890502847736894 0 0 0 0 0 0 0 0 0 0 0 0 0 0 0 0 0 0 0 0 0 0 0 0 0 0 0 0 0 0 0 0 0 0 0 0 0 0 0 0 0 0 0 0 0 0 0 0 0 0 0 0 0 0 0 0 0 0 0 0 0 0 0 0 0 0 0 0 1 0 0 0 0 0 0 0 0 0 0 0 0 0 0 0 0 0 0 0 0 0 0 0 0 0 0 0 0 0 0]
[3641987861320650255075908111653989590026926655759478745870415013057605383652754579660046857344685527454777776555098587631389862163103089222149736921987130750224514164068386368412193486178266333358022432290587157121176569377021312870559728974240627257150830899571982221730394634572032835151088047317973 0 0 0 0 0 0 0 0 0 0 0 0 0 0 0 0 0 0 0 0 0 0 0 0 0 0 0 0 0 0 0 0 0 0 0 0 0 0 0 0 0 0 0 0 0 0 0 0 0 0 0 0 0 0 0 0 0 0 0 0 0 0 0 0 0 0 0 0 0 1 0 0 0 0 0 0 0 0 0 0 0 0 0 0 0 0 0 0 0 0 0 0 0 0 0 0 0 0 0]
[3054410252239938208135137839184256598304873449479080259217062793535676178499195721088812136126728025865098418110987268513638770213074752970770443489683710262480659499007444487744862941786041839863940323285105531755068168581380196516342728694820147536741393921683189275159821822399730385438985202200900 0 0 0 0 0 0 0 0 0 0 0 0 0 0 0 0 0 0 0 0 0 0 0 0 0 0 0 0 0 0 0 0 0 0 0 0 0 0 0 0 0 0 0 0 0 0 0 0 0 0 0 0 0 0 0 0 0 0 0 0 0 0 0 0 0 0 0 0 0 0 1 0 0 0 0 0 0 0 0 0 0 0 0 0 0 0 0 0 0 0 0 0 0 0 0 0 0 0 0]
[3681777790411972020840189188902676334617465292475863665849106121724341308876101799259322209622601647535120339942843745423779963230107243359351014833823817787125700884801131586050719232198485544285932730981529496583995875887736216992663970882471554688549201965522508916221243656437058368563680258928122 0 0 0 0 0 0 0 0 0 0 0 0 0 0 0 0 0 0 0 0 0 0 0 0 0 0 0 0 0 0 0 0 0 0 0 0 0 0 0 0 0 0 0 0 0 0 0 0 0 0 0 0 0 0 0 0 0 0 0 0 0 0 0 0 0 0 0 0 0 0 0 1 0 0 0 0 0 0 0 0 0 0 0 0 0 0 0 0 0 0 0 0 0 0 0 0 0 0 0]
[4269253761572320740125894983815933272574833433215879301907864683941229661129574392270149049828114680958297081857029601937105271947648138897016926316880557589940945801903536430316756586622520924086546745032138933016462653661817487828656117045367858596342429243379065407621052356216932237363295112546413 0 0 0 0 0 0 0 0 0 0 0 0 0 0 0 0 0 0 0 0 0 0 0 0 0 0 0 0 0 0 0 0 0 0 0 0 0 0 0 0 0 0 0 0 0 0 0 0 0 0 0 0 0 0 0 0 0 0 0 0 0 0 0 0 0 0 0 0 0 0 0 0 1 0 0 0 0 0 0 0 0 0 0 0 0 0 0 0 0 0 0 0 0 0 0 0 0 0 0]
[5444264425011350938569427527873813489106150081613932537634107884973395897064238421198279890562403477932660504385045999911301086995089164228224526963511922502009116792786964535965535207232835528181630236860427227763305297475645523278464281215630111848264322695098435094721986555679588596583208065564950 0 0 0 0 0 0 0 0 0 0 0 0 0 0 0 0 0 0 0 0 0 0 0 0 0 0 0 0 0 0 0 0 0 0 0 0 0 0 0 0 0 0 0 0 0 0 0 0 0 0 0 0 0 0 0 0 0 0 0 0 0 0 0 0 0 0 0 0 0 0 0 0 0 1 0 0 0 0 0 0 0 0 0 0 0 0 0 0 0 0 0 0 0 0 0 0 0 0 0]
[4191745243601762582689442730093082912054178402042663890000574835795308769282700169076978134024969349490607592753729394044568660603726345873868479074062253553708459766142396860553040938015323089592302156939967288776511675001975599726707758481672489423797203230910869122185972181539775233160487764651741 0 0 0 0 0 0 0 0 0 0 0 0 0 0 0 0 0 0 0 0 0 0 0 0 0 0 0 0 0 0 0 0 0 0 0 0 0 0 0 0 0 0 0 0 0 0 0 0 0 0 0 0 0 0 0 0 0 0 0 0 0 0 0 0 0 0 0 0 0 0 0 0 0 0 1 0 0 0 0 0 0 0 0 0 0 0 0 0 0 0 0 0 0 0 0 0 0 0 0]
[2566454156990917050449499812276087668353746980345342257795608634529508501208962360275614385031670137547179379130972647059604742138602046377120474969361237029778504994590145417936941197356819801647899151156550478997450374257142542183098610527705814901665656368123527963184798815078521877469100242403091 0 0 0 0 0 0 0 0 0 0 0 0 0 0 0 0 0 0 0 0 0 0 0 0 0 0 0 0 0 0 0 0 0 0 0 0 0 0 0 0 0 0 0 0 0 0 0 0 0 0 0 0 0 0 0 0 0 0 0 0 0 0 0 0 0 0 0 0 0 0 0 0 0 0 0 1 0 0 0 0 0 0 0 0 0 0 0 0 0 0 0 0 0 0 0 0 0 0 0]
[3795294130752795249324332894004863256961908082301301176960017022001879725188500165950223142521274244414996230015124683474246114597977614860077263767234121180002658944030991597859290225985177506014195191681724861099165963370720299798569360347870992259502309017621598001424856794868331519718919267599525 0 0 0 0 0 0 0 0 0 0 0 0 0 0 0 0 0 0 0 0 0 0 0 0 0 0 0 0 0 0 0 0 0 0 0 0 0 0 0 0 0 0 0 0 0 0 0 0 0 0 0 0 0 0 0 0 0 0 0 0 0 0 0 0 0 0 0 0 0 0 0 0 0 0 0 0 1 0 0 0 0 0 0 0 0 0 0 0 0 0 0 0 0 0 0 0 0 0 0]
[3834564514338531960542992900467468620185155280041237694061570009772334892543981195244746679837719947113286228835839234993926611256782540472121497190945544615167281935402252161855707468197673388105310977906306464368947293865373962953004071599676195091463925486706548302870842776185779609708474670218308 0 0 0 0 0 0 0 0 0 0 0 0 0 0 0 0 0 0 0 0 0 0 0 0 0 0 0 0 0 0 0 0 0 0 0 0 0 0 0 0 0 0 0 0 0 0 0 0 0 0 0 0 0 0 0 0 0 0 0 0 0 0 0 0 0 0 0 0 0 0 0 0 0 0 0 0 0 1 0 0 0 0 0 0 0 0 0 0 0 0 0 0 0 0 0 0 0 0 0]
[2402854950413165142300883518447419408449250110348775498042774394139498063998338843141198405249891770218712748293668082074168512279281144497142362055488742734290474747097847271436066810578488420316002181717316885526422437708206876739089996356289274270702390723552642211750682177018642047584180940130392 0 0 0 0 0 0 0 0 0 0 0 0 0 0 0 0 0 0 0 0 0 0 0 0 0 0 0 0 0 0 0 0 0 0 0 0 0 0 0 0 0 0 0 0 0 0 0 0 0 0 0 0 0 0 0 0 0 0 0 0 0 0 0 0 0 0 0 0 0 0 0 0 0 0 0 0 0 0 1 0 0 0 0 0 0 0 0 0 0 0 0 0 0 0 0 0 0 0 0]
[5575883108780793805148943809784033643273918790207672275325861100315741163047884641110770474185607812662561615685428450639226951028719122616633395252719521657524897431173376695220314380033194263509150669383958754321362625223506766815382316977009660971167983730517394459611659811207781231894335936298418 0 0 0 0 0 0 0 0 0 0 0 0 0 0 0 0 0 0 0 0 0 0 0 0 0 0 0 0 0 0 0 0 0 0 0 0 0 0 0 0 0 0 0 0 0 0 0 0 0 0 0 0 0 0 0 0 0 0 0 0 0 0 0 0 0 0 0 0 0 0 0 0 0 0 0 0 0 0 0 1 0 0 0 0 0 0 0 0 0 0 0 0 0 0 0 0 0 0 0]
[4530545610689250712211870655335341513045212356243038872234173133374040702738785681277057097170645499873598437030406193610098378057161643182412542628394362914142340926519504203553204727353557359971600458345914981744095425651250754744547689261871041755944378941182897092151232907309735003645336949794740 0 0 0 0 0 0 0 0 0 0 0 0 0 0 0 0 0 0 0 0 0 0 0 0 0 0 0 0 0 0 0 0 0 0 0 0 0 0 0 0 0 0 0 0 0 0 0 0 0 0 0 0 0 0 0 0 0 0 0 0 0 0 0 0 0 0 0 0 0 0 0 0 0 0 0 0 0 0 0 0 1 0 0 0 0 0 0 0 0 0 0 0 0 0 0 0 0 0 0]
[6082084121319552089039471535095581596873647885804153360543051731893168104187769546163934850019254611569892870564276428674251806744646635174811718607035460457750904143446131343345681175146918366181346422329557401129489765224144129062850437598695194397000232122386991390368483619130319934753164307687406 0 0 0 0 0 0 0 0 0 0 0 0 0 0 0 0 0 0 0 0 0 0 0 0 0 0 0 0 0 0 0 0 0 0 0 0 0 0 0 0 0 0 0 0 0 0 0 0 0 0 0 0 0 0 0 0 0 0 0 0 0 0 0 0 0 0 0 0 0 0 0 0 0 0 0 0 0 0 0 0 0 1 0 0 0 0 0 0 0 0 0 0 0 0 0 0 0 0 0]
[3763542614620382724699695258783660179858242986546859637185668393296739306671455886323152183463436750807131582203820406188590017065901364840517581587346547571024936533895197658201678008874885757629837441846948615697706177429546305822065911191169013576791615582659421114755018479912714661573288537680012 0 0 0 0 0 0 0 0 0 0 0 0 0 0 0 0 0 0 0 0 0 0 0 0 0 0 0 0 0 0 0 0 0 0 0 0 0 0 0 0 0 0 0 0 0 0 0 0 0 0 0 0 0 0 0 0 0 0 0 0 0 0 0 0 0 0 0 0 0 0 0 0 0 0 0 0 0 0 0 0 0 0 1 0 0 0 0 0 0 0 0 0 0 0 0 0 0 0 0]
[5095965915832577203415849307587715102800878733236979776267114552658892789748773401069765600515917958133254148459168485815016524803295555231760637610107524061821627877754511892986365125958878854243340833601161546146764726516399141592520753314869945698802226640843579250912145523741568199612420423990814 0 0 0 0 0 0 0 0 0 0 0 0 0 0 0 0 0 0 0 0 0 0 0 0 0 0 0 0 0 0 0 0 0 0 0 0 0 0 0 0 0 0 0 0 0 0 0 0 0 0 0 0 0 0 0 0 0 0 0 0 0 0 0 0 0 0 0 0 0 0 0 0 0 0 0 0 0 0 0 0 0 0 0 1 0 0 0 0 0 0 0 0 0 0 0 0 0 0 0]
[5096929907295806042675477702879941290373981914751330229111553293284542880228518076368920081742496036459135307068385619810920375916990794862307770888973838274929622407401986828408739571541574138433837185593112507374457080914426056159944575668070846757081564971871998643634349452013572646517773082429544 0 0 0 0 0 0 0 0 0 0 0 0 0 0 0 0 0 0 0 0 0 0 0 0 0 0 0 0 0 0 0 0 0 0 0 0 0 0 0 0 0 0 0 0 0 0 0 0 0 0 0 0 0 0 0 0 0 0 0 0 0 0 0 0 0 0 0 0 0 0 0 0 0 0 0 0 0 0 0 0 0 0 0 0 1 0 0 0 0 0 0 0 0 0 0 0 0 0 0]
[1141498933927377487430327928849533962773545141060717543208590788144213091730285600579342870410318525308773190463930874453462513930920048897271324339202566862556531530877027470388391021611106211724821973998166627535818909419408293614562225843171755961815554963510671105378715805735846248578184632242638 0 0 0 0 0 0 0 0 0 0 0 0 0 0 0 0 0 0 0 0 0 0 0 0 0 0 0 0 0 0 0 0 0 0 0 0 0 0 0 0 0 0 0 0 0 0 0 0 0 0 0 0 0 0 0 0 0 0 0 0 0 0 0 0 0 0 0 0 0 0 0 0 0 0 0 0 0 0 0 0 0 0 0 0 0 1 0 0 0 0 0 0 0 0 0 0 0 0 0]
[3833328710023421478994023846702459745017064871059315228309348398438440370638153259872193739735930759386970418085151938300147983949060076152646399053107791478040200972717225681112817349356021018618893951232506003135409466524763342203392576488057302293824948736856673364851360579498150570668241579910976 0 0 0 0 0 0 0 0 0 0 0 0 0 0 0 0 0 0 0 0 0 0 0 0 0 0 0 0 0 0 0 0 0 0 0 0 0 0 0 0 0 0 0 0 0 0 0 0 0 0 0 0 0 0 0 0 0 0 0 0 0 0 0 0 0 0 0 0 0 0 0 0 0 0 0 0 0 0 0 0 0 0 0 0 0 0 1 0 0 0 0 0 0 0 0 0 0 0 0]
[2959295825507983274364470149922146348535817180089728934451329281573413034481485640486648789628273883027577922776465296253026076874135704203460735100799988121431507758318665133240537171685048467431058410866006436707014160622411244825276761296333605353152607302881886950799201526309962816550037041090612 0 0 0 0 0 0 0 0 0 0 0 0 0 0 0 0 0 0 0 0 0 0 0 0 0 0 0 0 0 0 0 0 0 0 0 0 0 0 0 0 0 0 0 0 0 0 0 0 0 0 0 0 0 0 0 0 0 0 0 0 0 0 0 0 0 0 0 0 0 0 0 0 0 0 0 0 0 0 0 0 0 0 0 0 0 0 0 1 0 0 0 0 0 0 0 0 0 0 0]
[4890792654307848384196107470345133184665690348327481275034732021151222204792919643801543393173747062392905701709391560581692792460060993032806886453365860244012022587582550778582878141490573505412308399859318282809264715991086576143040291209205370300119320230916590600878719696891156669568808042310994 0 0 0 0 0 0 0 0 0 0 0 0 0 0 0 0 0 0 0 0 0 0 0 0 0 0 0 0 0 0 0 0 0 0 0 0 0 0 0 0 0 0 0 0 0 0 0 0 0 0 0 0 0 0 0 0 0 0 0 0 0 0 0 0 0 0 0 0 0 0 0 0 0 0 0 0 0 0 0 0 0 0 0 0 0 0 0 0 1 0 0 0 0 0 0 0 0 0 0]
[784976906276613567197082316378916627870108045776710536994000740240390762608509861782914119231442992767246123283460325173913771991559796459097739232503382376810686687179959643703610791652899413325181766705593249910199056605188094325205412221255211378506834932836081199845449318485373539716615376668999 0 0 0 0 0 0 0 0 0 0 0 0 0 0 0 0 0 0 0 0 0 0 0 0 0 0 0 0 0 0 0 0 0 0 0 0 0 0 0 0 0 0 0 0 0 0 0 0 0 0 0 0 0 0 0 0 0 0 0 0 0 0 0 0 0 0 0 0 0 0 0 0 0 0 0 0 0 0 0 0 0 0 0 0 0 0 0 0 0 1 0 0 0 0 0 0 0 0 0]
[1140428448926223689986671549968755385508168758043760088287956595249494245110196357995032490792246074316231287953812942974553493132337290682133250056460431468259974844028015445478048084524976321016755314867276902052071084444443518192159982524461985415505792043242010645314128293151609377200832089410802 0 0 0 0 0 0 0 0 0 0 0 0 0 0 0 0 0 0 0 0 0 0 0 0 0 0 0 0 0 0 0 0 0 0 0 0 0 0 0 0 0 0 0 0 0 0 0 0 0 0 0 0 0 0 0 0 0 0 0 0 0 0 0 0 0 0 0 0 0 0 0 0 0 0 0 0 0 0 0 0 0 0 0 0 0 0 0 0 0 0 1 0 0 0 0 0 0 0 0]
[3113557774084381742999892472530452876340433004427052963649843443572211122748563658916453820184526806710128431480079703811921505844917277526877419223551377530496315818966191357125533126159195386748762853218110174406593507857051786744313388559033431669371208971655865188156672479439551181202567179512027 0 0 0 0 0 0 0 0 0 0 0 0 0 0 0 0 0 0 0 0 0 0 0 0 0 0 0 0 0 0 0 0 0 0 0 0 0 0 0 0 0 0 0 0 0 0 0 0 0 0 0 0 0 0 0 0 0 0 0 0 0 0 0 0 0 0 0 0 0 0 0 0 0 0 0 0 0 0 0 0 0 0 0 0 0 0 0 0 0 0 0 1 0 0 0 0 0 0 0]
[984350998038983955072510406257066898605044799961517818802559678321404399719610278912303503251505362508045084408584961771548447233571209666263198849955393391970244634181635656052867476736325431735031979308461580089067702119174947570079829312326590556812935487138696903334535219999935093545133368033881 0 0 0 0 0 0 0 0 0 0 0 0 0 0 0 0 0 0 0 0 0 0 0 0 0 0 0 0 0 0 0 0 0 0 0 0 0 0 0 0 0 0 0 0 0 0 0 0 0 0 0 0 0 0 0 0 0 0 0 0 0 0 0 0 0 0 0 0 0 0 0 0 0 0 0 0 0 0 0 0 0 0 0 0 0 0 0 0 0 0 0 0 1 0 0 0 0 0 0]
[2376562054594846803617352576057812416874582694298930723266762745467449097014790088100541860838651278611839132099716863817602027356801581146040769091751906128399507800338687311057116590764037366480228155486576313227642325197285662933185759346101482144597828456333183515267692385262542603943674885086709 0 0 0 0 0 0 0 0 0 0 0 0 0 0 0 0 0 0 0 0 0 0 0 0 0 0 0 0 0 0 0 0 0 0 0 0 0 0 0 0 0 0 0 0 0 0 0 0 0 0 0 0 0 0 0 0 0 0 0 0 0 0 0 0 0 0 0 0 0 0 0 0 0 0 0 0 0 0 0 0 0 0 0 0 0 0 0 0 0 0 0 0 0 1 0 0 0 0 0]
[4543192901458908427691559167837565074243764493289865141326776540588847288854894029109135728258316220130506707813787549240708315184678828780814745139485603336388416511125950544294692564396898044810088458075183411799213930738462684634955761990484301391516930856286475575698355485588811401506002908758104 0 0 0 0 0 0 0 0 0 0 0 0 0 0 0 0 0 0 0 0 0 0 0 0 0 0 0 0 0 0 0 0 0 0 0 0 0 0 0 0 0 0 0 0 0 0 0 0 0 0 0 0 0 0 0 0 0 0 0 0 0 0 0 0 0 0 0 0 0 0 0 0 0 0 0 0 0 0 0 0 0 0 0 0 0 0 0 0 0 0 0 0 0 0 1 0 0 0 0]
[543423405772334147416094389133245568568619059745982259774565156615873165963602693528329489807566162562484023327149868074756964627240402865924993792902687770097410775825981485811353740077726494123633679022454572895744759070877117949109290399463662639039274506271640076545131617994999305088339800545409 0 0 0 0 0 0 0 0 0 0 0 0 0 0 0 0 0 0 0 0 0 0 0 0 0 0 0 0 0 0 0 0 0 0 0 0 0 0 0 0 0 0 0 0 0 0 0 0 0 0 0 0 0 0 0 0 0 0 0 0 0 0 0 0 0 0 0 0 0 0 0 0 0 0 0 0 0 0 0 0 0 0 0 0 0 0 0 0 0 0 0 0 0 0 0 1 0 0 0]
[1843521377524844044552409192950727813499634431896574271541168306107350719982351036738965413062163815437290080767541475352552995275653401714910723089202797578318878016929657024424378004649773890869305492694330160495956065591056356305670142399376136483461271844801424682184484607456093739107917609335673 0 0 0 0 0 0 0 0 0 0 0 0 0 0 0 0 0 0 0 0 0 0 0 0 0 0 0 0 0 0 0 0 0 0 0 0 0 0 0 0 0 0 0 0 0 0 0 0 0 0 0 0 0 0 0 0 0 0 0 0 0 0 0 0 0 0 0 0 0 0 0 0 0 0 0 0 0 0 0 0 0 0 0 0 0 0 0 0 0 0 0 0 0 0 0 0 1 0 0]
[3703707054721354062615767541905788254583088324878278075110115112597256248818557318854007801366854325184130919908019579501624057033330182617943233981061679172141683229637618420686502718012825843648875349035891200143729247627453953337359120683471005681904440728321514565704510437365521035633244698522491 0 0 0 0 0 0 0 0 0 0 0 0 0 0 0 0 0 0 0 0 0 0 0 0 0 0 0 0 0 0 0 0 0 0 0 0 0 0 0 0 0 0 0 0 0 0 0 0 0 0 0 0 0 0 0 0 0 0 0 0 0 0 0 0 0 0 0 0 0 0 0 0 0 0 0 0 0 0 0 0 0 0 0 0 0 0 0 0 0 0 0 0 0 0 0 0 0 1 0]
[414972172112947090220992019678000062850321958532588922124818145764323530053100667281493517911731122047434364890339279612406407776574833628786668815723774139609084965815366584828974577762771949460898848023693211782996650220683096017383978408807829691864333523079118960177924938778519865453465607859472 0 0 0 0 0 0 0 0 0 0 0 0 0 0 0 0 0 0 0 0 0 0 0 0 0 0 0 0 0 0 0 0 0 0 0 0 0 0 0 0 0 0 0 0 0 0 0 0 0 0 0 0 0 0 0 0 0 0 0 0 0 0 0 0 0 0 0 0 0 0 0 0 0 0 0 0 0 0 0 0 0 0 0 0 0 0 0 0 0 0 0 0 0 0 0 0 0 0 1]
]
