[[2283319892135618528347077088361525237658809439429798305941083238980312030555476262660249261550463597330108327752864430419824380032166670508910443961436705373 0 0 0 0 0 0 0 0 0 0 0 0 0 0 0 0 0 0 0 0 0 0 0 0 0 0 0 0 0 0 0 0 0 0 0 0 0 0 0 0 0 0 0 0 0 0 0 0 0 0 0]
[103892290861989429428886769851221658131209773411417528802749264062901043563493542308879660811618227634708430483152934314449550060223169025967344628291547702 1 0 0 0 0 0 0 0 0 0 0 0 0 0 0 0 0 0 0 0 0 0 0 0 0 0 0 0 0 0 0 0 0 0 0 0 0 0 0 0 0 0 0 0 0 0 0 0 0 0 0]
[1120569327466373529041754220247309999168072648639848739472453945004092545382880450947821591279286942204539531165024081957492878607915789820683314205716936095 0 1 0 0 0 0 0 0 0 0 0 0 0 0 0 0 0 0 0 0 0 0 0 0 0 0 0 0 0 0 0 0 0 0 0 0 0 0 0 0 0 0 0 0 0 0 0 0 0 0 0]
[1197059009663518587032637731318671850781008137692898885902524830923133256398600397034006006432811696787629964873952812164357712478647013735170743166561347907 0 0 1 0 0 0 0 0 0 0 0 0 0 0 0 0 0 0 0 0 0 0 0 0 0 0 0 0 0 0 0 0 0 0 0 0 0 0 0 0 0 0 0 0 0 0 0 0 0 0 0]
[1640238597132181118644067332910900547816322917136785700314938867835465512840533567840897207540095137754172048653608579207535130388692837758080693955046849787 0 0 0 1 0 0 0 0 0 0 0 0 0 0 0 0 0 0 0 0 0 0 0 0 0 0 0 0 0 0 0 0 0 0 0 0 0 0 0 0 0 0 0 0 0 0 0 0 0 0 0]
[2013545623376137938587883591205310040534901217485886246665403988332559486035775508235738828367540808200220634368488861531092154714266885453456231172865517745 0 0 0 0 1 0 0 0 0 0 0 0 0 0 0 0 0 0 0 0 0 0 0 0 0 0 0 0 0 0 0 0 0 0 0 0 0 0 0 0 0 0 0 0 0 0 0 0 0 0 0]
[671018421725430064185270553568628761925856195990587231558753963741240120467096745052193134600528962580735029328936482806489673388259354570484026639620258764 0 0 0 0 0 1 0 0 0 0 0 0 0 0 0 0 0 0 0 0 0 0 0 0 0 0 0 0 0 0 0 0 0 0 0 0 0 0 0 0 0 0 0 0 0 0 0 0 0 0 0]
[326569205224536282277940876637369066659365729069238923760121976274947491122698065258376236814588542658666482899724208131509668594307308486737235060112228216 0 0 0 0 0 0 1 0 0 0 0 0 0 0 0 0 0 0 0 0 0 0 0 0 0 0 0 0 0 0 0 0 0 0 0 0 0 0 0 0 0 0 0 0 0 0 0 0 0 0 0]
[1829552625379500993465647994513469747657461266557496953329835230044161652376108209907482779715069047264480759794885213151563192517300231665324186819446579674 0 0 0 0 0 0 0 1 0 0 0 0 0 0 0 0 0 0 0 0 0 0 0 0 0 0 0 0 0 0 0 0 0 0 0 0 0 0 0 0 0 0 0 0 0 0 0 0 0 0 0]
[2227394665451983170317920340776696396690806631503162262742981878794030343452177856395479774980014455633415535553956702445429700513851236404977595124108638004 0 0 0 0 0 0 0 0 1 0 0 0 0 0 0 0 0 0 0 0 0 0 0 0 0 0 0 0 0 0 0 0 0 0 0 0 0 0 0 0 0 0 0 0 0 0 0 0 0 0 0]
[249050553694550799639319413014917742203546379162772240197439188810038925439745454218507913189770725918479864231976273406302773269133150792119501532655363470 0 0 0 0 0 0 0 0 0 1 0 0 0 0 0 0 0 0 0 0 0 0 0 0 0 0 0 0 0 0 0 0 0 0 0 0 0 0 0 0 0 0 0 0 0 0 0 0 0 0 0]
[3756620544818950983001324183047702204060821758916733895927934812381524099406519187960029491619782777245892291635445576769224683513624174557557120928539899 0 0 0 0 0 0 0 0 0 0 1 0 0 0 0 0 0 0 0 0 0 0 0 0 0 0 0 0 0 0 0 0 0 0 0 0 0 0 0 0 0 0 0 0 0 0 0 0 0 0 0]
[402871028894013285150145872220188193562446413302605532410877756034472388596195842540870019390362734979640916765521040698714308928758953967321989322753300573 0 0 0 0 0 0 0 0 0 0 0 1 0 0 0 0 0 0 0 0 0 0 0 0 0 0 0 0 0 0 0 0 0 0 0 0 0 0 0 0 0 0 0 0 0 0 0 0 0 0 0]
[1489061254556065008365274283307645090140943600515520833897335893829722736807340824861250328545946287054937907643722132963684949847219909702924774861510500537 0 0 0 0 0 0 0 0 0 0 0 0 1 0 0 0 0 0 0 0 0 0 0 0 0 0 0 0 0 0 0 0 0 0 0 0 0 0 0 0 0 0 0 0 0 0 0 0 0 0 0]
[1487431901688693145095549837345256095170268141928350115045454877944043132034966335496652549872547715927415958927455158808961036157091191295542912267187266493 0 0 0 0 0 0 0 0 0 0 0 0 0 1 0 0 0 0 0 0 0 0 0 0 0 0 0 0 0 0 0 0 0 0 0 0 0 0 0 0 0 0 0 0 0 0 0 0 0 0 0]
[211665454773153901902226855584213239609251005575502931331234329445628865252778028171115039211496121625050558993078339155367790977151808594494355320987941092 0 0 0 0 0 0 0 0 0 0 0 0 0 0 1 0 0 0 0 0 0 0 0 0 0 0 0 0 0 0 0 0 0 0 0 0 0 0 0 0 0 0 0 0 0 0 0 0 0 0 0]
[806796570741778631978402071312966948943154598859801465295563136483560281335602669462984110545117176402869663648027534728381871262988190776316981399983294130 0 0 0 0 0 0 0 0 0 0 0 0 0 0 0 1 0 0 0 0 0 0 0 0 0 0 0 0 0 0 0 0 0 0 0 0 0 0 0 0 0 0 0 0 0 0 0 0 0 0 0]
[689335928632202839421551957531604000784495433090035967139856210215981603481083330166297645809943117369283635942192761312112177213831672691668622356000191610 0 0 0 0 0 0 0 0 0 0 0 0 0 0 0 0 1 0 0 0 0 0 0 0 0 0 0 0 0 0 0 0 0 0 0 0 0 0 0 0 0 0 0 0 0 0 0 0 0 0 0]
[1231610312285762643353774573279839370992695642730075530562652723432300606164555394007459830089408827738177935835320357439445136517950948349627026098323500621 0 0 0 0 0 0 0 0 0 0 0 0 0 0 0 0 0 1 0 0 0 0 0 0 0 0 0 0 0 0 0 0 0 0 0 0 0 0 0 0 0 0 0 0 0 0 0 0 0 0 0]
[636907314736788290193169383204236682093270220049882628295000510187887936333208853766800768723513986910149335931144596940624453356727167652599028914673600080 0 0 0 0 0 0 0 0 0 0 0 0 0 0 0 0 0 0 1 0 0 0 0 0 0 0 0 0 0 0 0 0 0 0 0 0 0 0 0 0 0 0 0 0 0 0 0 0 0 0 0]
[898116537685884987809979489966462817774211850750295658270270205740879859241539181859450809765344325038573358322646534470315279118508965375301730554159888104 0 0 0 0 0 0 0 0 0 0 0 0 0 0 0 0 0 0 0 1 0 0 0 0 0 0 0 0 0 0 0 0 0 0 0 0 0 0 0 0 0 0 0 0 0 0 0 0 0 0 0]
[307950952087613494574541213670235222933164311358583528927685566957913790708188996864886936201103048511664741713451496046676438423689899961346665697624041594 0 0 0 0 0 0 0 0 0 0 0 0 0 0 0 0 0 0 0 0 1 0 0 0 0 0 0 0 0 0 0 0 0 0 0 0 0 0 0 0 0 0 0 0 0 0 0 0 0 0 0]
[1211870425356883479517377686855562392686052901376907795198142543063314053182984185290308977974193259865894408310812910762354020699576505361219001918079793946 0 0 0 0 0 0 0 0 0 0 0 0 0 0 0 0 0 0 0 0 0 1 0 0 0 0 0 0 0 0 0 0 0 0 0 0 0 0 0 0 0 0 0 0 0 0 0 0 0 0 0]
[1480989681056095064976153798253352217840667024402875054247100088901201764659656428650212953086714393744305616322379664266113985455007616366424647824851076316 0 0 0 0 0 0 0 0 0 0 0 0 0 0 0 0 0 0 0 0 0 0 1 0 0 0 0 0 0 0 0 0 0 0 0 0 0 0 0 0 0 0 0 0 0 0 0 0 0 0 0]
[726985471761287646900201105214917372010018607294224717218403371666553463908468553745846540087752882327629243015089667734574824261102755712686974923166224144 0 0 0 0 0 0 0 0 0 0 0 0 0 0 0 0 0 0 0 0 0 0 0 1 0 0 0 0 0 0 0 0 0 0 0 0 0 0 0 0 0 0 0 0 0 0 0 0 0 0 0]
[417784289885384296492710113636507229851554512954078230040803247222754280245609495853930855232689781030724110048466580576908884444243001039342532694334351494 0 0 0 0 0 0 0 0 0 0 0 0 0 0 0 0 0 0 0 0 0 0 0 0 1 0 0 0 0 0 0 0 0 0 0 0 0 0 0 0 0 0 0 0 0 0 0 0 0 0 0]
[1339529277128007359842570952403880399986457628858832841955526274132434869014007509571256507964989246063332386863821888474985629682164887687605722186648145465 0 0 0 0 0 0 0 0 0 0 0 0 0 0 0 0 0 0 0 0 0 0 0 0 0 1 0 0 0 0 0 0 0 0 0 0 0 0 0 0 0 0 0 0 0 0 0 0 0 0 0]
[1126122116319942699204480304936959836074841896601928829570123444360609005166518500703831829022273723091733521950566951230012723823654924547300849051607442488 0 0 0 0 0 0 0 0 0 0 0 0 0 0 0 0 0 0 0 0 0 0 0 0 0 0 1 0 0 0 0 0 0 0 0 0 0 0 0 0 0 0 0 0 0 0 0 0 0 0 0]
[1433215269789466176938047463014123157903062526674166787991196556661838606313919396328598666996528321698824814333544239463328159177206054729307944567133997408 0 0 0 0 0 0 0 0 0 0 0 0 0 0 0 0 0 0 0 0 0 0 0 0 0 0 0 1 0 0 0 0 0 0 0 0 0 0 0 0 0 0 0 0 0 0 0 0 0 0 0]
[2267590974312357271626305372370125778817409360128339844403693022033681690951287559683599326308006175307632300411921338222835757971150461615727972812507533118 0 0 0 0 0 0 0 0 0 0 0 0 0 0 0 0 0 0 0 0 0 0 0 0 0 0 0 0 1 0 0 0 0 0 0 0 0 0 0 0 0 0 0 0 0 0 0 0 0 0 0]
[323713547067937150146246618879251955456620453133605877670515533768129920719926574728258477116801148813477464229025338764888318303523868936158410397021622114 0 0 0 0 0 0 0 0 0 0 0 0 0 0 0 0 0 0 0 0 0 0 0 0 0 0 0 0 0 1 0 0 0 0 0 0 0 0 0 0 0 0 0 0 0 0 0 0 0 0 0]
[911878835699889016298390900130167677211253524844157488500813019701694250498956314197257936658776113938726812834322121546158968829743342878140968022998925377 0 0 0 0 0 0 0 0 0 0 0 0 0 0 0 0 0 0 0 0 0 0 0 0 0 0 0 0 0 0 1 0 0 0 0 0 0 0 0 0 0 0 0 0 0 0 0 0 0 0 0]
[1033984552681085807102950800934940828001331268583025003792025666526109687459039750065076038197157634230434972583663088122614177728742218405801213235687934714 0 0 0 0 0 0 0 0 0 0 0 0 0 0 0 0 0 0 0 0 0 0 0 0 0 0 0 0 0 0 0 1 0 0 0 0 0 0 0 0 0 0 0 0 0 0 0 0 0 0 0]
[2000797155729731405917575885303353088533754084122886275233216174722145435341339255397876463419489383413730389812971153265907308608318316843761982011291781905 0 0 0 0 0 0 0 0 0 0 0 0 0 0 0 0 0 0 0 0 0 0 0 0 0 0 0 0 0 0 0 0 1 0 0 0 0 0 0 0 0 0 0 0 0 0 0 0 0 0 0]
[257377304487099974010535223324520363537796038490588219404420254962279257536293631993882461466214629618176214910028932588478942448975248324832226734214278883 0 0 0 0 0 0 0 0 0 0 0 0 0 0 0 0 0 0 0 0 0 0 0 0 0 0 0 0 0 0 0 0 0 1 0 0 0 0 0 0 0 0 0 0 0 0 0 0 0 0 0]
[600967479887417867995393218182020032148370594435809106777866268608519832653124074745051739113722538623243466824014032497986583662159742245418525691931422918 0 0 0 0 0 0 0 0 0 0 0 0 0 0 0 0 0 0 0 0 0 0 0 0 0 0 0 0 0 0 0 0 0 0 1 0 0 0 0 0 0 0 0 0 0 0 0 0 0 0 0]
[274262745200588046105218346168150366530905962450973517245426666982756334652640515303545168765904876509579626501863371472848226375151952107354456738383358521 0 0 0 0 0 0 0 0 0 0 0 0 0 0 0 0 0 0 0 0 0 0 0 0 0 0 0 0 0 0 0 0 0 0 0 1 0 0 0 0 0 0 0 0 0 0 0 0 0 0 0]
[1965180662586468099194770975306719442104860760242634755297321065366965834852944225782449092471879543177309438195314527387520559009233093520255253094133802955 0 0 0 0 0 0 0 0 0 0 0 0 0 0 0 0 0 0 0 0 0 0 0 0 0 0 0 0 0 0 0 0 0 0 0 0 1 0 0 0 0 0 0 0 0 0 0 0 0 0 0]
[1445656781614216756610428195436242414270495176835442879078533723924781046084473842044687961566973776910219897680418010154677055343440022074006203386229242082 0 0 0 0 0 0 0 0 0 0 0 0 0 0 0 0 0 0 0 0 0 0 0 0 0 0 0 0 0 0 0 0 0 0 0 0 0 1 0 0 0 0 0 0 0 0 0 0 0 0 0]
[1630768535205443864533057270003996862324065077899416967799167183893182543925564199521250294176426649494307255228254640913753601574277822127744898855564631174 0 0 0 0 0 0 0 0 0 0 0 0 0 0 0 0 0 0 0 0 0 0 0 0 0 0 0 0 0 0 0 0 0 0 0 0 0 0 1 0 0 0 0 0 0 0 0 0 0 0 0]
[2151596565304288351408558040815457679765445085934888297581822452402714229432811099554697524976178402206180912158361383939439619158981385495495157581668676158 0 0 0 0 0 0 0 0 0 0 0 0 0 0 0 0 0 0 0 0 0 0 0 0 0 0 0 0 0 0 0 0 0 0 0 0 0 0 0 1 0 0 0 0 0 0 0 0 0 0 0]
[1282900837431220569491510054394861101429178609643099388780550228878040585068958200977170239755427028355248549150781365861347850422986653211261339996739160062 0 0 0 0 0 0 0 0 0 0 0 0 0 0 0 0 0 0 0 0 0 0 0 0 0 0 0 0 0 0 0 0 0 0 0 0 0 0 0 0 1 0 0 0 0 0 0 0 0 0 0]
[409055433913826756019043352144272038531453058489358039851231012642218818674357098346401018553248964674186355049785762969526260767102485909354212386678357452 0 0 0 0 0 0 0 0 0 0 0 0 0 0 0 0 0 0 0 0 0 0 0 0 0 0 0 0 0 0 0 0 0 0 0 0 0 0 0 0 0 1 0 0 0 0 0 0 0 0 0]
[1862964770320605397921845713464289363490933976496516479993995589942868741242018033168470772200754095290955241409557721427397375527970168297463762224837291961 0 0 0 0 0 0 0 0 0 0 0 0 0 0 0 0 0 0 0 0 0 0 0 0 0 0 0 0 0 0 0 0 0 0 0 0 0 0 0 0 0 0 1 0 0 0 0 0 0 0 0]
[1971411732554092420253709052651752507752581535237918006799432375625830765339729754802250492225741235099490458962496516122379212106782769619391020275992205026 0 0 0 0 0 0 0 0 0 0 0 0 0 0 0 0 0 0 0 0 0 0 0 0 0 0 0 0 0 0 0 0 0 0 0 0 0 0 0 0 0 0 0 1 0 0 0 0 0 0 0]
[69882292098998404895167358873861539357225051862355610195306624245688482553472302120205301908933837780753643882815209542086872375117344831218584564557615549 0 0 0 0 0 0 0 0 0 0 0 0 0 0 0 0 0 0 0 0 0 0 0 0 0 0 0 0 0 0 0 0 0 0 0 0 0 0 0 0 0 0 0 0 1 0 0 0 0 0 0]
[672909592842254183682766536760719652707731316143127930580656543547982050281999886151542002291737735815651727008773064898462272267068422638783945320007126103 0 0 0 0 0 0 0 0 0 0 0 0 0 0 0 0 0 0 0 0 0 0 0 0 0 0 0 0 0 0 0 0 0 0 0 0 0 0 0 0 0 0 0 0 0 1 0 0 0 0 0]
[1059962431200940797515426163800566519396751963038547314112584320628710383636987592099585430474921625569949748932090545694772653818156211929400714742832487195 0 0 0 0 0 0 0 0 0 0 0 0 0 0 0 0 0 0 0 0 0 0 0 0 0 0 0 0 0 0 0 0 0 0 0 0 0 0 0 0 0 0 0 0 0 0 1 0 0 0 0]
[329617815974351162026358374822206793828017295637794682775405672744626401988351213421639445743132495619893617836445612516993613032293378612116131825899596612 0 0 0 0 0 0 0 0 0 0 0 0 0 0 0 0 0 0 0 0 0 0 0 0 0 0 0 0 0 0 0 0 0 0 0 0 0 0 0 0 0 0 0 0 0 0 0 1 0 0 0]
[348234558258272611919609988684059905374712056505785728396104943834619554796959587875085382936368286911360705775401888755284070844917922688071810738938637562 0 0 0 0 0 0 0 0 0 0 0 0 0 0 0 0 0 0 0 0 0 0 0 0 0 0 0 0 0 0 0 0 0 0 0 0 0 0 0 0 0 0 0 0 0 0 0 0 1 0 0]
[371369061106471751294764760539119574297099848978063151881517482386083508281909025912299605563216709846885265677512144059146884365812345666763197968668768848 0 0 0 0 0 0 0 0 0 0 0 0 0 0 0 0 0 0 0 0 0 0 0 0 0 0 0 0 0 0 0 0 0 0 0 0 0 0 0 0 0 0 0 0 0 0 0 0 0 1 0]
[426029058529721744356164896897976831369296451252755844744871091737270332170648525398019493697541422033532713468181845988659266246154960748806485680286417279 0 0 0 0 0 0 0 0 0 0 0 0 0 0 0 0 0 0 0 0 0 0 0 0 0 0 0 0 0 0 0 0 0 0 0 0 0 0 0 0 0 0 0 0 0 0 0 0 0 0 1]
]
