[[4898008480092932058333155405634034840996613970187655626107894862922759354865230134526497100766499460005105229708427010947071391500062216393177508830300059003097136666074335358912377408586550972053189846523226669834498078598218031352335885553868248359732149213068490008269 0 0 0 0 0 0 0 0 0 0 0 0 0 0 0 0 0 0 0 0 0 0 0 0 0 0 0 0 0 0 0 0 0 0 0 0 0 0 0 0 0 0 0 0 0 0 0 0 0 0 0 0 0 0 0 0 0 0 0 0 0 0 0 0 0 0 0 0 0 0 0 0 0 0 0 0 0 0 0 0 0 0 0 0 0 0 0 0 0]
[4116819942030760949805244822138096618139661215955700865013603911934363766492148863062905819122695377115864616317489649434771017550164224592754964978925046994496200698459568208364627584477360343906059752592548897467252762721970883904660883497911041734872704337812961901865 1 0 0 0 0 0 0 0 0 0 0 0 0 0 0 0 0 0 0 0 0 0 0 0 0 0 0 0 0 0 0 0 0 0 0 0 0 0 0 0 0 0 0 0 0 0 0 0 0 0 0 0 0 0 0 0 0 0 0 0 0 0 0 0 0 0 0 0 0 0 0 0 0 0 0 0 0 0 0 0 0 0 0 0 0 0 0 0 0]
[677336046934370134809351403681397139782091545776961132291912284251275820533814198256645234376068276160238600298876655458117999243695865371351978930731564993014597456947687183626042272991217347862211389190054966580740572694513339024258744566672239507812100047653694855543 0 1 0 0 0 0 0 0 0 0 0 0 0 0 0 0 0 0 0 0 0 0 0 0 0 0 0 0 0 0 0 0 0 0 0 0 0 0 0 0 0 0 0 0 0 0 0 0 0 0 0 0 0 0 0 0 0 0 0 0 0 0 0 0 0 0 0 0 0 0 0 0 0 0 0 0 0 0 0 0 0 0 0 0 0 0 0 0 0]
[1365480614800033916340562626377345241119981050766562345977410176228610279397479950996019504979195728848865472919713451728532878888055543827377721356724645808739271076264186495313703249971735176388650903075301732113051392261053881649103194270364023515861446601629800616683 0 0 1 0 0 0 0 0 0 0 0 0 0 0 0 0 0 0 0 0 0 0 0 0 0 0 0 0 0 0 0 0 0 0 0 0 0 0 0 0 0 0 0 0 0 0 0 0 0 0 0 0 0 0 0 0 0 0 0 0 0 0 0 0 0 0 0 0 0 0 0 0 0 0 0 0 0 0 0 0 0 0 0 0 0 0 0 0 0]
[1443069914390760725817521279035492153910715035822299134794741786434650581521805962975452461813273501829096747131567817944881701448720169572505695735542355796717503954120400346780409307805105104437316463917402955827665053963855772319155822599980975465902461779450345737981 0 0 0 1 0 0 0 0 0 0 0 0 0 0 0 0 0 0 0 0 0 0 0 0 0 0 0 0 0 0 0 0 0 0 0 0 0 0 0 0 0 0 0 0 0 0 0 0 0 0 0 0 0 0 0 0 0 0 0 0 0 0 0 0 0 0 0 0 0 0 0 0 0 0 0 0 0 0 0 0 0 0 0 0 0 0 0 0 0]
[1132225254414093830637187181980116525880878874165809829857766162546448683530888007063160467336280833732676195189969299058348837024793399784344729286946770142441427262419590312442494785087527498127987166457527748827517314918415594211753069814069420449124572283067475495717 0 0 0 0 1 0 0 0 0 0 0 0 0 0 0 0 0 0 0 0 0 0 0 0 0 0 0 0 0 0 0 0 0 0 0 0 0 0 0 0 0 0 0 0 0 0 0 0 0 0 0 0 0 0 0 0 0 0 0 0 0 0 0 0 0 0 0 0 0 0 0 0 0 0 0 0 0 0 0 0 0 0 0 0 0 0 0 0 0]
[429012276667315248243115530895928511008707273159622236308858442905569250213411139783451466750198289944762451208500604438226053397587627134709076502930072102753434765566080497701530828162935410354032216570601186187185087764306252288113254544556665457855704245741928428593 0 0 0 0 0 1 0 0 0 0 0 0 0 0 0 0 0 0 0 0 0 0 0 0 0 0 0 0 0 0 0 0 0 0 0 0 0 0 0 0 0 0 0 0 0 0 0 0 0 0 0 0 0 0 0 0 0 0 0 0 0 0 0 0 0 0 0 0 0 0 0 0 0 0 0 0 0 0 0 0 0 0 0 0 0 0 0 0 0]
[4234610645397001236873888243204170676808700854538106497263643822141813487395981593723828669548447389888449457514816146823721437034228290181812083290460681834192612976873213333957088947830082024122118805007656791049459022510003932885885270828765348934157753560998132285211 0 0 0 0 0 0 1 0 0 0 0 0 0 0 0 0 0 0 0 0 0 0 0 0 0 0 0 0 0 0 0 0 0 0 0 0 0 0 0 0 0 0 0 0 0 0 0 0 0 0 0 0 0 0 0 0 0 0 0 0 0 0 0 0 0 0 0 0 0 0 0 0 0 0 0 0 0 0 0 0 0 0 0 0 0 0 0 0 0]
[3130898156795828242011602625422218459793784266689066028314582323052460651648509243470743731014028529091890619753641144891816371660857500016383835827029447927098389907631036022039573625921301069471562144165882700907670277070961111887579205489252315154109080840939556698001 0 0 0 0 0 0 0 1 0 0 0 0 0 0 0 0 0 0 0 0 0 0 0 0 0 0 0 0 0 0 0 0 0 0 0 0 0 0 0 0 0 0 0 0 0 0 0 0 0 0 0 0 0 0 0 0 0 0 0 0 0 0 0 0 0 0 0 0 0 0 0 0 0 0 0 0 0 0 0 0 0 0 0 0 0 0 0 0 0]
[466732611149574221745276188343465999001271637328182815524236732668953688602562505990236223227018913543819260141974279129106582010629539326423409993624677944391286356051163603274770937846185559275257866674020236757797331969409105466735310689092522370283399044599697881389 0 0 0 0 0 0 0 0 1 0 0 0 0 0 0 0 0 0 0 0 0 0 0 0 0 0 0 0 0 0 0 0 0 0 0 0 0 0 0 0 0 0 0 0 0 0 0 0 0 0 0 0 0 0 0 0 0 0 0 0 0 0 0 0 0 0 0 0 0 0 0 0 0 0 0 0 0 0 0 0 0 0 0 0 0 0 0 0 0]
[3358200828342263973899977808940199612905569884283478059611891008421312301975758002986626333881094012784938911545046839737634318885946827395438108074637698302511474184355052476587441816125880328331083027789280045721638963309241520721551633942544051062220842878167402914279 0 0 0 0 0 0 0 0 0 1 0 0 0 0 0 0 0 0 0 0 0 0 0 0 0 0 0 0 0 0 0 0 0 0 0 0 0 0 0 0 0 0 0 0 0 0 0 0 0 0 0 0 0 0 0 0 0 0 0 0 0 0 0 0 0 0 0 0 0 0 0 0 0 0 0 0 0 0 0 0 0 0 0 0 0 0 0 0 0]
[2455893609910440842609660624288546904194347096760411911703606388637175314894471723474993564426873396036285163324649974369637374960055933161638184552355886923187108426895706771765407835922990841699460764344246681354592268174129040621036756641120562149653425740656336497642 0 0 0 0 0 0 0 0 0 0 1 0 0 0 0 0 0 0 0 0 0 0 0 0 0 0 0 0 0 0 0 0 0 0 0 0 0 0 0 0 0 0 0 0 0 0 0 0 0 0 0 0 0 0 0 0 0 0 0 0 0 0 0 0 0 0 0 0 0 0 0 0 0 0 0 0 0 0 0 0 0 0 0 0 0 0 0 0 0]
[1182274772699752066717529672705683421611535259845892702881419576190379189459295682049710781686137033352592870335543200463180210019195650332835662750838548774220368768683006004720415668962000882165556639624947677767699249178444277005225400710254612269121046713035047423455 0 0 0 0 0 0 0 0 0 0 0 1 0 0 0 0 0 0 0 0 0 0 0 0 0 0 0 0 0 0 0 0 0 0 0 0 0 0 0 0 0 0 0 0 0 0 0 0 0 0 0 0 0 0 0 0 0 0 0 0 0 0 0 0 0 0 0 0 0 0 0 0 0 0 0 0 0 0 0 0 0 0 0 0 0 0 0 0 0]
[3957675289907112338651584173508547653630356416210191610622042069918433148342892864550026807495644025732221998444838516415104497097746577486707454539440225872383780966808981022658954815138649104271453327600430933352281066736884928277795632553732094877718691146608236962496 0 0 0 0 0 0 0 0 0 0 0 0 1 0 0 0 0 0 0 0 0 0 0 0 0 0 0 0 0 0 0 0 0 0 0 0 0 0 0 0 0 0 0 0 0 0 0 0 0 0 0 0 0 0 0 0 0 0 0 0 0 0 0 0 0 0 0 0 0 0 0 0 0 0 0 0 0 0 0 0 0 0 0 0 0 0 0 0 0]
[3198036618488029355360167499027157874561437558848562653769927140473937820310366440990411075145124505256572158482378353968574302678817637703780202170478220153509670731120126844898637572413838879110189064047445157934192929412996578268922667921151318975984916691249883049199 0 0 0 0 0 0 0 0 0 0 0 0 0 1 0 0 0 0 0 0 0 0 0 0 0 0 0 0 0 0 0 0 0 0 0 0 0 0 0 0 0 0 0 0 0 0 0 0 0 0 0 0 0 0 0 0 0 0 0 0 0 0 0 0 0 0 0 0 0 0 0 0 0 0 0 0 0 0 0 0 0 0 0 0 0 0 0 0 0]
[340355747654422572287400808908794519376906158035963837594685131665423067348706166080035546797991333818084023871504886460172157461963442318367064048813473055033610104234835350281272078660489413572624798031621755509970778164416381944095860392308015726341566319375243507843 0 0 0 0 0 0 0 0 0 0 0 0 0 0 1 0 0 0 0 0 0 0 0 0 0 0 0 0 0 0 0 0 0 0 0 0 0 0 0 0 0 0 0 0 0 0 0 0 0 0 0 0 0 0 0 0 0 0 0 0 0 0 0 0 0 0 0 0 0 0 0 0 0 0 0 0 0 0 0 0 0 0 0 0 0 0 0 0 0]
[3650921935943826538837861142817447381259975273574346207904757174597304742491232296936918755298554143993992782853615054746695575215882756358309704514855152347042937955539453440761112298039728599640514482405482332197839873976630557900957819968110853110200928335063372024200 0 0 0 0 0 0 0 0 0 0 0 0 0 0 0 1 0 0 0 0 0 0 0 0 0 0 0 0 0 0 0 0 0 0 0 0 0 0 0 0 0 0 0 0 0 0 0 0 0 0 0 0 0 0 0 0 0 0 0 0 0 0 0 0 0 0 0 0 0 0 0 0 0 0 0 0 0 0 0 0 0 0 0 0 0 0 0 0 0]
[448144683881115980413571093926036133078049882703691469853701572844753344196649539924447772600077843121576629010774569870344890179752789161991125260237123393285630105907052100968751444346405335993457233642489856437772913211105294857120037450211307301441808060495985893843 0 0 0 0 0 0 0 0 0 0 0 0 0 0 0 0 1 0 0 0 0 0 0 0 0 0 0 0 0 0 0 0 0 0 0 0 0 0 0 0 0 0 0 0 0 0 0 0 0 0 0 0 0 0 0 0 0 0 0 0 0 0 0 0 0 0 0 0 0 0 0 0 0 0 0 0 0 0 0 0 0 0 0 0 0 0 0 0 0]
[4558499327211321205806826359223173933132749677461222782530417477732988404877732821839505723414754716433489616345260838627127360888840494271829053926751615666061708577471187404840728813540230666406509665550622006251196489286086558301161469408901680509330719255555642110055 0 0 0 0 0 0 0 0 0 0 0 0 0 0 0 0 0 1 0 0 0 0 0 0 0 0 0 0 0 0 0 0 0 0 0 0 0 0 0 0 0 0 0 0 0 0 0 0 0 0 0 0 0 0 0 0 0 0 0 0 0 0 0 0 0 0 0 0 0 0 0 0 0 0 0 0 0 0 0 0 0 0 0 0 0 0 0 0 0]
[1752137253429654551646723530260925029794882214139507214028132414307788101406754112824541232919431332118426361491224969850477222417117361981543727034227228433243783543260080876082089411014797631417919864267797605638252774740280135005297258110964767328305081454487230706948 0 0 0 0 0 0 0 0 0 0 0 0 0 0 0 0 0 0 1 0 0 0 0 0 0 0 0 0 0 0 0 0 0 0 0 0 0 0 0 0 0 0 0 0 0 0 0 0 0 0 0 0 0 0 0 0 0 0 0 0 0 0 0 0 0 0 0 0 0 0 0 0 0 0 0 0 0 0 0 0 0 0 0 0 0 0 0 0 0]
[2257565324924623257660519486699215700098799609622618784427110425588971584735254601165210158081894328976255399026446852664732673533575682759413799105682035163799042883669414749105329683838251977548647212600452255378755469626152798163778861116121134985336490704270169115849 0 0 0 0 0 0 0 0 0 0 0 0 0 0 0 0 0 0 0 1 0 0 0 0 0 0 0 0 0 0 0 0 0 0 0 0 0 0 0 0 0 0 0 0 0 0 0 0 0 0 0 0 0 0 0 0 0 0 0 0 0 0 0 0 0 0 0 0 0 0 0 0 0 0 0 0 0 0 0 0 0 0 0 0 0 0 0 0 0]
[1564048464538045122553492495412643492453084666321063426296862056819227774357156589169254775468128270483278865992427487897598836434918207736271807214044820682278754396762654419347485132718940299740254817038605457274523630318856719636753049771227111262259383582068493447303 0 0 0 0 0 0 0 0 0 0 0 0 0 0 0 0 0 0 0 0 1 0 0 0 0 0 0 0 0 0 0 0 0 0 0 0 0 0 0 0 0 0 0 0 0 0 0 0 0 0 0 0 0 0 0 0 0 0 0 0 0 0 0 0 0 0 0 0 0 0 0 0 0 0 0 0 0 0 0 0 0 0 0 0 0 0 0 0 0]
[4327369715133542784582086225089765738891229116992397865756940206583188521865848020721222351661882506515955369693857458852349394664071873065774114370956495281847985458238947586088688533316496957891277575113926899770380920253025279638840885706025238214182154696055335557039 0 0 0 0 0 0 0 0 0 0 0 0 0 0 0 0 0 0 0 0 0 1 0 0 0 0 0 0 0 0 0 0 0 0 0 0 0 0 0 0 0 0 0 0 0 0 0 0 0 0 0 0 0 0 0 0 0 0 0 0 0 0 0 0 0 0 0 0 0 0 0 0 0 0 0 0 0 0 0 0 0 0 0 0 0 0 0 0 0]
[1632718621090804546373875844141925267030644512846035655061671279460112003968970690328820985777944214390895308145900154749875932416278999710897540266655105266191161658076325196949028111018154632634131117456477537122512398274021264873405582184436680539283959125292891297781 0 0 0 0 0 0 0 0 0 0 0 0 0 0 0 0 0 0 0 0 0 0 1 0 0 0 0 0 0 0 0 0 0 0 0 0 0 0 0 0 0 0 0 0 0 0 0 0 0 0 0 0 0 0 0 0 0 0 0 0 0 0 0 0 0 0 0 0 0 0 0 0 0 0 0 0 0 0 0 0 0 0 0 0 0 0 0 0 0]
[1745985511229951616084710905336291551227325766438161771198287539956609944982220581107667490343533432307038860887082459702173389524315902711068711685839197849676935772679395693569369430814332407450138768327785347969566977984121017453696332178865522596534439025922580047498 0 0 0 0 0 0 0 0 0 0 0 0 0 0 0 0 0 0 0 0 0 0 0 1 0 0 0 0 0 0 0 0 0 0 0 0 0 0 0 0 0 0 0 0 0 0 0 0 0 0 0 0 0 0 0 0 0 0 0 0 0 0 0 0 0 0 0 0 0 0 0 0 0 0 0 0 0 0 0 0 0 0 0 0 0 0 0 0 0]
[4642038127743776024363233299067144229678232606758191331353718510853019388430181917558913101019755391119517791467939908845132556700366290813417844509259829035392022153948540838845599549540274310923250213783091137527720805977694100971205709741720194184346197473063912850877 0 0 0 0 0 0 0 0 0 0 0 0 0 0 0 0 0 0 0 0 0 0 0 0 1 0 0 0 0 0 0 0 0 0 0 0 0 0 0 0 0 0 0 0 0 0 0 0 0 0 0 0 0 0 0 0 0 0 0 0 0 0 0 0 0 0 0 0 0 0 0 0 0 0 0 0 0 0 0 0 0 0 0 0 0 0 0 0 0]
[1000458345743661778519678525029345017339584086434715600847093497225034021531153112629677276482294311522190764693817641070354839146044730437620284160711988107574116877504590792612736867954971739245579466198324380867139233969996165594618956107335476210005074937428495945630 0 0 0 0 0 0 0 0 0 0 0 0 0 0 0 0 0 0 0 0 0 0 0 0 0 1 0 0 0 0 0 0 0 0 0 0 0 0 0 0 0 0 0 0 0 0 0 0 0 0 0 0 0 0 0 0 0 0 0 0 0 0 0 0 0 0 0 0 0 0 0 0 0 0 0 0 0 0 0 0 0 0 0 0 0 0 0 0 0]
[2751546431946658050975601251829494679103874152488981577172907984684390239573158831206855710056838857468562159537745196507627512977536021622023416879788807519561513513968622145555379294367994766417783874733241999321114375781405036741978149102119580166188040912985526169988 0 0 0 0 0 0 0 0 0 0 0 0 0 0 0 0 0 0 0 0 0 0 0 0 0 0 1 0 0 0 0 0 0 0 0 0 0 0 0 0 0 0 0 0 0 0 0 0 0 0 0 0 0 0 0 0 0 0 0 0 0 0 0 0 0 0 0 0 0 0 0 0 0 0 0 0 0 0 0 0 0 0 0 0 0 0 0 0 0]
[4781797774704587135084029461831480782844641294866858980194520539169014194656426085750894490999661549602720356479276009715066509238263898863072085530949199691024712895083313796377152924127690490387884538066235544724356177920853175903471164344860150957741729960709071018705 0 0 0 0 0 0 0 0 0 0 0 0 0 0 0 0 0 0 0 0 0 0 0 0 0 0 0 1 0 0 0 0 0 0 0 0 0 0 0 0 0 0 0 0 0 0 0 0 0 0 0 0 0 0 0 0 0 0 0 0 0 0 0 0 0 0 0 0 0 0 0 0 0 0 0 0 0 0 0 0 0 0 0 0 0 0 0 0 0]
[2432510638400693523607797435521673532825809830429361418651681917998858332459972686238676454747916516477552879533862624934500347501019841562732611512112553981435588223447237808659808012112230924607299185181638942418124324507316841715469379554133297813734060016598802153258 0 0 0 0 0 0 0 0 0 0 0 0 0 0 0 0 0 0 0 0 0 0 0 0 0 0 0 0 1 0 0 0 0 0 0 0 0 0 0 0 0 0 0 0 0 0 0 0 0 0 0 0 0 0 0 0 0 0 0 0 0 0 0 0 0 0 0 0 0 0 0 0 0 0 0 0 0 0 0 0 0 0 0 0 0 0 0 0 0]
[1677375965111683799657175334435136759050683254918302079901291297187014834776391779144166357438762870356932454806595097823071480963064749031544445031226550960877325514717011280462640186144403669712692321241939803202972156906441366795186078546003657589713917454724447349875 0 0 0 0 0 0 0 0 0 0 0 0 0 0 0 0 0 0 0 0 0 0 0 0 0 0 0 0 0 1 0 0 0 0 0 0 0 0 0 0 0 0 0 0 0 0 0 0 0 0 0 0 0 0 0 0 0 0 0 0 0 0 0 0 0 0 0 0 0 0 0 0 0 0 0 0 0 0 0 0 0 0 0 0 0 0 0 0 0]
[1958132592446146954644403556666361560267350293639720764074191291452648747653010159450217431765228797904684791204140854801006485414054056255681980415148756648395334921861942044560421778207403690124765883051087954695843514287466696657216563206728793976022747340652637726304 0 0 0 0 0 0 0 0 0 0 0 0 0 0 0 0 0 0 0 0 0 0 0 0 0 0 0 0 0 0 1 0 0 0 0 0 0 0 0 0 0 0 0 0 0 0 0 0 0 0 0 0 0 0 0 0 0 0 0 0 0 0 0 0 0 0 0 0 0 0 0 0 0 0 0 0 0 0 0 0 0 0 0 0 0 0 0 0 0]
[963685169677391901387371555617796422823136564780767804606097320931217993798138920044926091527891889596651132341982763142386840513187141557907948013544216997676203896530758090204744010274590966474905063703129732184232051712031169867862395365059456748582582078674673744621 0 0 0 0 0 0 0 0 0 0 0 0 0 0 0 0 0 0 0 0 0 0 0 0 0 0 0 0 0 0 0 1 0 0 0 0 0 0 0 0 0 0 0 0 0 0 0 0 0 0 0 0 0 0 0 0 0 0 0 0 0 0 0 0 0 0 0 0 0 0 0 0 0 0 0 0 0 0 0 0 0 0 0 0 0 0 0 0 0]
[1529729549780293381929734411735426003927549925011536978801022865674391872350452318636179310218451806497624892896477270533175414650197106404075106245066984367313526654066854438906247330179763564939926423343692839697504114005933275163711790639329749422040007528544806905302 0 0 0 0 0 0 0 0 0 0 0 0 0 0 0 0 0 0 0 0 0 0 0 0 0 0 0 0 0 0 0 0 1 0 0 0 0 0 0 0 0 0 0 0 0 0 0 0 0 0 0 0 0 0 0 0 0 0 0 0 0 0 0 0 0 0 0 0 0 0 0 0 0 0 0 0 0 0 0 0 0 0 0 0 0 0 0 0 0]
[1411886236959525419209916750482591663629027377625943923492796449539026526849490925936275010302112660486017337204340174675993275112552891041696778808948524776763768851459337263287745682614786757323323491665102810291697584573756374060013973668250520027384174159785099225466 0 0 0 0 0 0 0 0 0 0 0 0 0 0 0 0 0 0 0 0 0 0 0 0 0 0 0 0 0 0 0 0 0 1 0 0 0 0 0 0 0 0 0 0 0 0 0 0 0 0 0 0 0 0 0 0 0 0 0 0 0 0 0 0 0 0 0 0 0 0 0 0 0 0 0 0 0 0 0 0 0 0 0 0 0 0 0 0 0]
[485552965778112566373633308521131802100836392978875654930042908495391738808776629659863775188275416414812086058587621119137904992069006584324912303012972809287247971945488863572694294949283274697307139944121908651953911071405572965357415871331057888191935280247273066313 0 0 0 0 0 0 0 0 0 0 0 0 0 0 0 0 0 0 0 0 0 0 0 0 0 0 0 0 0 0 0 0 0 0 1 0 0 0 0 0 0 0 0 0 0 0 0 0 0 0 0 0 0 0 0 0 0 0 0 0 0 0 0 0 0 0 0 0 0 0 0 0 0 0 0 0 0 0 0 0 0 0 0 0 0 0 0 0 0]
[4834981064926011762728148298296257498979404641024395356208605363185258714816440327902613398734384041372916860591020485818154013449751199186490945710858420018652788135601482213098014240785615725631967012081154125232828107401036670829346422208540102226593300447305517585425 0 0 0 0 0 0 0 0 0 0 0 0 0 0 0 0 0 0 0 0 0 0 0 0 0 0 0 0 0 0 0 0 0 0 0 1 0 0 0 0 0 0 0 0 0 0 0 0 0 0 0 0 0 0 0 0 0 0 0 0 0 0 0 0 0 0 0 0 0 0 0 0 0 0 0 0 0 0 0 0 0 0 0 0 0 0 0 0 0]
[4852918078052820193697969695030819427841843279302912494751483735502139605490503786075193597206620544707985733404589308991032907902154566068725623936765431522086854746826686149712368808004662570101422536030932566574207503569114457187654921264422402375189829482486526493506 0 0 0 0 0 0 0 0 0 0 0 0 0 0 0 0 0 0 0 0 0 0 0 0 0 0 0 0 0 0 0 0 0 0 0 0 1 0 0 0 0 0 0 0 0 0 0 0 0 0 0 0 0 0 0 0 0 0 0 0 0 0 0 0 0 0 0 0 0 0 0 0 0 0 0 0 0 0 0 0 0 0 0 0 0 0 0 0 0]
[4030547257724690155913439477222684163873999256309800126095577702592515857176799101027692995321141900175378713515084247773951369399851098898033338887295300237244419148781307828262326610587099742532331259329826450901086127812950656367197248761844983314434205019309216478398 0 0 0 0 0 0 0 0 0 0 0 0 0 0 0 0 0 0 0 0 0 0 0 0 0 0 0 0 0 0 0 0 0 0 0 0 0 1 0 0 0 0 0 0 0 0 0 0 0 0 0 0 0 0 0 0 0 0 0 0 0 0 0 0 0 0 0 0 0 0 0 0 0 0 0 0 0 0 0 0 0 0 0 0 0 0 0 0 0]
[3395173748864356806372849461225129689795414206977329760297011165946826348472958037202088745919241586667037290980455772073906068112023569157302040783862460494494123878255790976531122960978177245340638483210152097561051427674503965702580714919564198478958467544978527588782 0 0 0 0 0 0 0 0 0 0 0 0 0 0 0 0 0 0 0 0 0 0 0 0 0 0 0 0 0 0 0 0 0 0 0 0 0 0 1 0 0 0 0 0 0 0 0 0 0 0 0 0 0 0 0 0 0 0 0 0 0 0 0 0 0 0 0 0 0 0 0 0 0 0 0 0 0 0 0 0 0 0 0 0 0 0 0 0 0]
[4718888575293409931267557305819111198951725615249127134800154835881541466964229042391886183047966449000676076903730535974629987886302843460774175470927871449011486543077563959544001559882633119784292325424126826876234437952204607319946790632320148576700557101742748082604 0 0 0 0 0 0 0 0 0 0 0 0 0 0 0 0 0 0 0 0 0 0 0 0 0 0 0 0 0 0 0 0 0 0 0 0 0 0 0 1 0 0 0 0 0 0 0 0 0 0 0 0 0 0 0 0 0 0 0 0 0 0 0 0 0 0 0 0 0 0 0 0 0 0 0 0 0 0 0 0 0 0 0 0 0 0 0 0 0]
[2219727331989696064744882607834218863420439065476074005635952808451347829807892357114973077832891583807711533989840254524701766649455921766824730632697772440598053724177579976235041423663681080068325936990177700349834366245670700604955842683508114248795840865815299715905 0 0 0 0 0 0 0 0 0 0 0 0 0 0 0 0 0 0 0 0 0 0 0 0 0 0 0 0 0 0 0 0 0 0 0 0 0 0 0 0 1 0 0 0 0 0 0 0 0 0 0 0 0 0 0 0 0 0 0 0 0 0 0 0 0 0 0 0 0 0 0 0 0 0 0 0 0 0 0 0 0 0 0 0 0 0 0 0 0]
[3512118002925890723328566826543031306043224405441486392414508227876687095837318458479760732698602868764718552999165303499482034046468647253930364672427260261765280029613325532036942004826895287255705923914974883993849087592437853056633379428515331471271802287014294737319 0 0 0 0 0 0 0 0 0 0 0 0 0 0 0 0 0 0 0 0 0 0 0 0 0 0 0 0 0 0 0 0 0 0 0 0 0 0 0 0 0 1 0 0 0 0 0 0 0 0 0 0 0 0 0 0 0 0 0 0 0 0 0 0 0 0 0 0 0 0 0 0 0 0 0 0 0 0 0 0 0 0 0 0 0 0 0 0 0]
[23719455419772818885261939091177149764963390920983562893277714604404296919560873191484545756480642442189352428182339505143542799789783443088297501776719515910417713041413525790457968159265457366513418176487062979088677743235563916307292818091547695020038146886711986909 0 0 0 0 0 0 0 0 0 0 0 0 0 0 0 0 0 0 0 0 0 0 0 0 0 0 0 0 0 0 0 0 0 0 0 0 0 0 0 0 0 0 1 0 0 0 0 0 0 0 0 0 0 0 0 0 0 0 0 0 0 0 0 0 0 0 0 0 0 0 0 0 0 0 0 0 0 0 0 0 0 0 0 0 0 0 0 0 0]
[925857495116410518006591855584804894124332795317445017773593253197889354740482591094993440921650946465776098463264631447737600493140092030936311744961026271447350125175057200859283691764707903235812978592938785820128730694066777844132143971897823017488364841993790669727 0 0 0 0 0 0 0 0 0 0 0 0 0 0 0 0 0 0 0 0 0 0 0 0 0 0 0 0 0 0 0 0 0 0 0 0 0 0 0 0 0 0 0 1 0 0 0 0 0 0 0 0 0 0 0 0 0 0 0 0 0 0 0 0 0 0 0 0 0 0 0 0 0 0 0 0 0 0 0 0 0 0 0 0 0 0 0 0 0]
[3944713232444421719635654619437991042081083874399831505107400221949285097592685478781514998253796753651740799878937864475909711538537759226775596795036546376539367209676205742406467231725896723111924283787366162738364240533050933460616033314284572764792512843699663315763 0 0 0 0 0 0 0 0 0 0 0 0 0 0 0 0 0 0 0 0 0 0 0 0 0 0 0 0 0 0 0 0 0 0 0 0 0 0 0 0 0 0 0 0 1 0 0 0 0 0 0 0 0 0 0 0 0 0 0 0 0 0 0 0 0 0 0 0 0 0 0 0 0 0 0 0 0 0 0 0 0 0 0 0 0 0 0 0 0]
[39642037716558671921782478594701955038573456236888088513642521218982873501691714751542781633134647792651397595873576577158610407210794209603700745929893626345765731793938012523090806573638897200270521575425564946407720944127904701601614075154808714606067033063387787756 0 0 0 0 0 0 0 0 0 0 0 0 0 0 0 0 0 0 0 0 0 0 0 0 0 0 0 0 0 0 0 0 0 0 0 0 0 0 0 0 0 0 0 0 0 1 0 0 0 0 0 0 0 0 0 0 0 0 0 0 0 0 0 0 0 0 0 0 0 0 0 0 0 0 0 0 0 0 0 0 0 0 0 0 0 0 0 0 0]
[24308771886034575904238872984784085043942338161824714030659113406288618235030371778599932918961697632721830407839314774327822674097577901985779080216901135915087673499083765707373135203712153052227612525356271587059275301069615796368794087294151468490814833060275094952 0 0 0 0 0 0 0 0 0 0 0 0 0 0 0 0 0 0 0 0 0 0 0 0 0 0 0 0 0 0 0 0 0 0 0 0 0 0 0 0 0 0 0 0 0 0 1 0 0 0 0 0 0 0 0 0 0 0 0 0 0 0 0 0 0 0 0 0 0 0 0 0 0 0 0 0 0 0 0 0 0 0 0 0 0 0 0 0 0]
[2712852065939123209058472501376122392464813487937178990549249332671916443818984260958334956914968164788469580342162586871756641117501659769359396413875163923777236879304952832273168886322268822143799879380195595423302100611616179972081535225774959608926609760294339993685 0 0 0 0 0 0 0 0 0 0 0 0 0 0 0 0 0 0 0 0 0 0 0 0 0 0 0 0 0 0 0 0 0 0 0 0 0 0 0 0 0 0 0 0 0 0 0 1 0 0 0 0 0 0 0 0 0 0 0 0 0 0 0 0 0 0 0 0 0 0 0 0 0 0 0 0 0 0 0 0 0 0 0 0 0 0 0 0 0]
[3763776694365231614793136112097344300738501836644008374335493965123502211346701412596426976515017157251845067942306739758752073482495733607830683119251753794725629258425931014609190020216634027736950832311207915986929150148634004736463502445273456925596112408819687409432 0 0 0 0 0 0 0 0 0 0 0 0 0 0 0 0 0 0 0 0 0 0 0 0 0 0 0 0 0 0 0 0 0 0 0 0 0 0 0 0 0 0 0 0 0 0 0 0 1 0 0 0 0 0 0 0 0 0 0 0 0 0 0 0 0 0 0 0 0 0 0 0 0 0 0 0 0 0 0 0 0 0 0 0 0 0 0 0 0]
[2433759375976542837427423042147863232420069418445014784805367190984929386320901862328289982461641178465417355384078636841564651451130713290720245651130658469807623121368532385928730084758769059926284572806357235557929393002154342494306556678602232575814658752990577925288 0 0 0 0 0 0 0 0 0 0 0 0 0 0 0 0 0 0 0 0 0 0 0 0 0 0 0 0 0 0 0 0 0 0 0 0 0 0 0 0 0 0 0 0 0 0 0 0 0 1 0 0 0 0 0 0 0 0 0 0 0 0 0 0 0 0 0 0 0 0 0 0 0 0 0 0 0 0 0 0 0 0 0 0 0 0 0 0 0]
[1589063242840901831710457623652263614177033585197162306971597856820740539134815246954839875305678975626535658456338970570862272483920909754723012894300787103248918089663087025869958021592088677272139480080911247005859602982000157254575666875090806566013472743566536200106 0 0 0 0 0 0 0 0 0 0 0 0 0 0 0 0 0 0 0 0 0 0 0 0 0 0 0 0 0 0 0 0 0 0 0 0 0 0 0 0 0 0 0 0 0 0 0 0 0 0 1 0 0 0 0 0 0 0 0 0 0 0 0 0 0 0 0 0 0 0 0 0 0 0 0 0 0 0 0 0 0 0 0 0 0 0 0 0 0]
[687899575706780802651904847675534762172148847822073566019135492567813856888895695774794698938906056311039099427230132684110476776173357190674281527926587730811524519540945187256781398991343646530640553061247825735444260205668804275655308280819472669247349915547860974368 0 0 0 0 0 0 0 0 0 0 0 0 0 0 0 0 0 0 0 0 0 0 0 0 0 0 0 0 0 0 0 0 0 0 0 0 0 0 0 0 0 0 0 0 0 0 0 0 0 0 0 1 0 0 0 0 0 0 0 0 0 0 0 0 0 0 0 0 0 0 0 0 0 0 0 0 0 0 0 0 0 0 0 0 0 0 0 0 0]
[3187051481315604604172452197429759983768228335435186687127880488078517878610709572898077101064021352197998128361129717869605918186533835535723988653082572149561569579989130812850976049033074811692456572205019795168893198009800094477981917491844552331934767847975493531677 0 0 0 0 0 0 0 0 0 0 0 0 0 0 0 0 0 0 0 0 0 0 0 0 0 0 0 0 0 0 0 0 0 0 0 0 0 0 0 0 0 0 0 0 0 0 0 0 0 0 0 0 1 0 0 0 0 0 0 0 0 0 0 0 0 0 0 0 0 0 0 0 0 0 0 0 0 0 0 0 0 0 0 0 0 0 0 0 0]
[760532391159217213719849013750365519868452096769367936648822468828497994016408847241520373061259251016449808435602956024534209046419552872849978492275384766718157591930464354299571122527307420212119442649696641704376830511664469998043884316446736916053402417232792653186 0 0 0 0 0 0 0 0 0 0 0 0 0 0 0 0 0 0 0 0 0 0 0 0 0 0 0 0 0 0 0 0 0 0 0 0 0 0 0 0 0 0 0 0 0 0 0 0 0 0 0 0 0 1 0 0 0 0 0 0 0 0 0 0 0 0 0 0 0 0 0 0 0 0 0 0 0 0 0 0 0 0 0 0 0 0 0 0 0]
[316579956368384492560852954307802162843277900551248120915615810911121109900288038397894240536262384178324146471629841258819390195995462294939576323243796564274835919762647150820759474928446437843225092897142446401237743831591799856553636739181549065686822414646368628350 0 0 0 0 0 0 0 0 0 0 0 0 0 0 0 0 0 0 0 0 0 0 0 0 0 0 0 0 0 0 0 0 0 0 0 0 0 0 0 0 0 0 0 0 0 0 0 0 0 0 0 0 0 0 1 0 0 0 0 0 0 0 0 0 0 0 0 0 0 0 0 0 0 0 0 0 0 0 0 0 0 0 0 0 0 0 0 0 0]
[3498567756413260921953351653994274083438096737519991384757758231733012046667084759301745425640127094994835638317949902731044101945567679275594539457683352990409251526352196009821286154955256659287476844603572617518292351776982735490471354987603901055997804008798818105966 0 0 0 0 0 0 0 0 0 0 0 0 0 0 0 0 0 0 0 0 0 0 0 0 0 0 0 0 0 0 0 0 0 0 0 0 0 0 0 0 0 0 0 0 0 0 0 0 0 0 0 0 0 0 0 1 0 0 0 0 0 0 0 0 0 0 0 0 0 0 0 0 0 0 0 0 0 0 0 0 0 0 0 0 0 0 0 0 0]
[1506527677014135232334279461410955911044686932373774000451855548734253164184860950659325897528857942524967988598055129738047676981076393441307453071597624523389377225532782661050123300877842962150608627357086601473576017475432491955232570078688243964594542620918260588383 0 0 0 0 0 0 0 0 0 0 0 0 0 0 0 0 0 0 0 0 0 0 0 0 0 0 0 0 0 0 0 0 0 0 0 0 0 0 0 0 0 0 0 0 0 0 0 0 0 0 0 0 0 0 0 0 1 0 0 0 0 0 0 0 0 0 0 0 0 0 0 0 0 0 0 0 0 0 0 0 0 0 0 0 0 0 0 0 0]
[1714302027957159315017270525502229594746015575002522302265181131235188947128608071418703971910716863179615006367534364579215558734784103349388846446738425928420493072466274369391678187082777844577402942492776180808725087648000539606497534282867529874432259937254491902753 0 0 0 0 0 0 0 0 0 0 0 0 0 0 0 0 0 0 0 0 0 0 0 0 0 0 0 0 0 0 0 0 0 0 0 0 0 0 0 0 0 0 0 0 0 0 0 0 0 0 0 0 0 0 0 0 0 1 0 0 0 0 0 0 0 0 0 0 0 0 0 0 0 0 0 0 0 0 0 0 0 0 0 0 0 0 0 0 0]
[2340522566403341267252247571753874375187395170775494262189823736483922459650258899876149641424332177151307132913128719427876589801695070049919073117019533014957299775762233402820017333537187220367537415999404685668590502838121081506472439629441674450687008300582878758298 0 0 0 0 0 0 0 0 0 0 0 0 0 0 0 0 0 0 0 0 0 0 0 0 0 0 0 0 0 0 0 0 0 0 0 0 0 0 0 0 0 0 0 0 0 0 0 0 0 0 0 0 0 0 0 0 0 0 1 0 0 0 0 0 0 0 0 0 0 0 0 0 0 0 0 0 0 0 0 0 0 0 0 0 0 0 0 0 0]
[2280726956485117014774253427384272195534528263931369922966003300661268068184378828188916158349942890132456880208012720736193528979626313757228660485204717524503892490810277750710189550899545647868255342509549616970776937541591838679202198088906827464695836280470478745563 0 0 0 0 0 0 0 0 0 0 0 0 0 0 0 0 0 0 0 0 0 0 0 0 0 0 0 0 0 0 0 0 0 0 0 0 0 0 0 0 0 0 0 0 0 0 0 0 0 0 0 0 0 0 0 0 0 0 0 1 0 0 0 0 0 0 0 0 0 0 0 0 0 0 0 0 0 0 0 0 0 0 0 0 0 0 0 0 0]
[2096892080914993793030448140967167015140834096825602930957222968423078728011820885570827246864257378660726286557711990759445109457616157444603242470785156610901118133803583106272233477336225556264512513708718707686407136293524724596702882140359161602944188646432302926976 0 0 0 0 0 0 0 0 0 0 0 0 0 0 0 0 0 0 0 0 0 0 0 0 0 0 0 0 0 0 0 0 0 0 0 0 0 0 0 0 0 0 0 0 0 0 0 0 0 0 0 0 0 0 0 0 0 0 0 0 1 0 0 0 0 0 0 0 0 0 0 0 0 0 0 0 0 0 0 0 0 0 0 0 0 0 0 0 0]
[2884853757623720726415611084093873416344954804560266140650453693898777638606204055453246157468572205150947920717004510382332131941529691127949157807608338902528288593562201708683657833604713582799940354590622940981709134702849571091011782635646922236018315845372133319923 0 0 0 0 0 0 0 0 0 0 0 0 0 0 0 0 0 0 0 0 0 0 0 0 0 0 0 0 0 0 0 0 0 0 0 0 0 0 0 0 0 0 0 0 0 0 0 0 0 0 0 0 0 0 0 0 0 0 0 0 0 1 0 0 0 0 0 0 0 0 0 0 0 0 0 0 0 0 0 0 0 0 0 0 0 0 0 0 0]
[461657216498105767252073976568399614334793474205122364990646364609734834389754813842893886829277339860321387152068510310897934632584567527886022602469780090021700140105756439363937191237802825510470098213292914899539136401596319454797268271889752118781014946153239638683 0 0 0 0 0 0 0 0 0 0 0 0 0 0 0 0 0 0 0 0 0 0 0 0 0 0 0 0 0 0 0 0 0 0 0 0 0 0 0 0 0 0 0 0 0 0 0 0 0 0 0 0 0 0 0 0 0 0 0 0 0 0 1 0 0 0 0 0 0 0 0 0 0 0 0 0 0 0 0 0 0 0 0 0 0 0 0 0 0]
[1943901540584173814084141968627996913006360098128341988179017061487201295157066418509243236372136406533024689261584268016860279017002277959290602073542664332198545349229949181883613578650759719937392712373030055136161859737176155569232070386993804454905542151435495677094 0 0 0 0 0 0 0 0 0 0 0 0 0 0 0 0 0 0 0 0 0 0 0 0 0 0 0 0 0 0 0 0 0 0 0 0 0 0 0 0 0 0 0 0 0 0 0 0 0 0 0 0 0 0 0 0 0 0 0 0 0 0 0 1 0 0 0 0 0 0 0 0 0 0 0 0 0 0 0 0 0 0 0 0 0 0 0 0 0]
[4756629335571382738261530194013984265435874810946188655014798620376746574219164965255371197096373729291339125852546764036288183250885625225399508770837724908182441159743697819750495081472382912330080548646940219361572768175021597994357948856493936430815284002931992583673 0 0 0 0 0 0 0 0 0 0 0 0 0 0 0 0 0 0 0 0 0 0 0 0 0 0 0 0 0 0 0 0 0 0 0 0 0 0 0 0 0 0 0 0 0 0 0 0 0 0 0 0 0 0 0 0 0 0 0 0 0 0 0 0 1 0 0 0 0 0 0 0 0 0 0 0 0 0 0 0 0 0 0 0 0 0 0 0 0]
[3525296008154852202956894651679441587547377029067315569491900811567630612290784058558542177113067565261069267622210485030397314528593791754207591660049082765264439490656156672976011807734525509141463577770001663803781589909593799840030607350508800637375691505871239934089 0 0 0 0 0 0 0 0 0 0 0 0 0 0 0 0 0 0 0 0 0 0 0 0 0 0 0 0 0 0 0 0 0 0 0 0 0 0 0 0 0 0 0 0 0 0 0 0 0 0 0 0 0 0 0 0 0 0 0 0 0 0 0 0 0 1 0 0 0 0 0 0 0 0 0 0 0 0 0 0 0 0 0 0 0 0 0 0 0]
[3673664669465202203307361017440772679558475220531237720368435262951585366062428910484676567482718279829871175269500799961628204017737105926681356984555963402240566329294300253727938540108819810186382265049699129059330377987533688190235991766623841565769632246764722018766 0 0 0 0 0 0 0 0 0 0 0 0 0 0 0 0 0 0 0 0 0 0 0 0 0 0 0 0 0 0 0 0 0 0 0 0 0 0 0 0 0 0 0 0 0 0 0 0 0 0 0 0 0 0 0 0 0 0 0 0 0 0 0 0 0 0 1 0 0 0 0 0 0 0 0 0 0 0 0 0 0 0 0 0 0 0 0 0 0]
[2601406043432828818588777604094314781098498650011449693677904075522966511318248031202975266815528532029103296802793884322564090091416391033246454383028492276188872730302032166358481248512199140438678691553584105124344114699382281024772833641922439656716008056512853969842 0 0 0 0 0 0 0 0 0 0 0 0 0 0 0 0 0 0 0 0 0 0 0 0 0 0 0 0 0 0 0 0 0 0 0 0 0 0 0 0 0 0 0 0 0 0 0 0 0 0 0 0 0 0 0 0 0 0 0 0 0 0 0 0 0 0 0 1 0 0 0 0 0 0 0 0 0 0 0 0 0 0 0 0 0 0 0 0 0]
[944849795629819437306219850718669421648797607526639509810492975939278110774106622053939700992663690550220951741797399236468401241916436113379397869444716558229629427434263383227394867251938972434977133206113498501039550630256681614707583806989605838195261977777259575623 0 0 0 0 0 0 0 0 0 0 0 0 0 0 0 0 0 0 0 0 0 0 0 0 0 0 0 0 0 0 0 0 0 0 0 0 0 0 0 0 0 0 0 0 0 0 0 0 0 0 0 0 0 0 0 0 0 0 0 0 0 0 0 0 0 0 0 0 1 0 0 0 0 0 0 0 0 0 0 0 0 0 0 0 0 0 0 0 0]
[2760462158323657534943651954112553739736120409494051624889107417133744277642396175816390172266940312921866013832146099873762816243774178557056616781411831984859592443665787258759023646163106965470633913859920935966454124462882042092055724777079857411233822766309529227709 0 0 0 0 0 0 0 0 0 0 0 0 0 0 0 0 0 0 0 0 0 0 0 0 0 0 0 0 0 0 0 0 0 0 0 0 0 0 0 0 0 0 0 0 0 0 0 0 0 0 0 0 0 0 0 0 0 0 0 0 0 0 0 0 0 0 0 0 0 1 0 0 0 0 0 0 0 0 0 0 0 0 0 0 0 0 0 0 0]
[2974358383277307496974165346527251387114157103066984807197305991630353084498243446033705368485689379494269405058893428192851025745536214524290123522549233834131893584794370717781015634929610038587334277917142685610582960984899975326012580505936050535603858766604962432743 0 0 0 0 0 0 0 0 0 0 0 0 0 0 0 0 0 0 0 0 0 0 0 0 0 0 0 0 0 0 0 0 0 0 0 0 0 0 0 0 0 0 0 0 0 0 0 0 0 0 0 0 0 0 0 0 0 0 0 0 0 0 0 0 0 0 0 0 0 0 1 0 0 0 0 0 0 0 0 0 0 0 0 0 0 0 0 0 0]
[446296233695959749094434443656197494942022532926598336957201319775852179816042616956458839267977512086557037618593548987717761510650761453240208597307342688045602541776192661589950390566451180611234183194911999608734165758897079257585593344533353296017907379921422802669 0 0 0 0 0 0 0 0 0 0 0 0 0 0 0 0 0 0 0 0 0 0 0 0 0 0 0 0 0 0 0 0 0 0 0 0 0 0 0 0 0 0 0 0 0 0 0 0 0 0 0 0 0 0 0 0 0 0 0 0 0 0 0 0 0 0 0 0 0 0 0 1 0 0 0 0 0 0 0 0 0 0 0 0 0 0 0 0 0]
[1437301694759227719572765903873630062948490267287341614328156236884223962613921826644610524909833276357693563425723661653711615202582022313772467013728421166190778947125900696569863095476585776129365650132800567211682935716067284544533926406843031654230287913391488019777 0 0 0 0 0 0 0 0 0 0 0 0 0 0 0 0 0 0 0 0 0 0 0 0 0 0 0 0 0 0 0 0 0 0 0 0 0 0 0 0 0 0 0 0 0 0 0 0 0 0 0 0 0 0 0 0 0 0 0 0 0 0 0 0 0 0 0 0 0 0 0 0 1 0 0 0 0 0 0 0 0 0 0 0 0 0 0 0 0]
[183710711171912336399255823915973697026222946587491206549142414697898906695069856256366120154862285671291280989423552651299712884058466915478492116665281845556420937868360237236846267060204433036347696813219255601266655719656652293523882153074181092189368305550355522997 0 0 0 0 0 0 0 0 0 0 0 0 0 0 0 0 0 0 0 0 0 0 0 0 0 0 0 0 0 0 0 0 0 0 0 0 0 0 0 0 0 0 0 0 0 0 0 0 0 0 0 0 0 0 0 0 0 0 0 0 0 0 0 0 0 0 0 0 0 0 0 0 0 1 0 0 0 0 0 0 0 0 0 0 0 0 0 0 0]
[1039488993176628762483991943885576410050815828995030965124903045786441579030982716261063788858326249372503961970094586166753299216903748271264612117703362591974567629597128894764055506942661999690882806430233239991398949991714095533485255093564955282030772516550799507007 0 0 0 0 0 0 0 0 0 0 0 0 0 0 0 0 0 0 0 0 0 0 0 0 0 0 0 0 0 0 0 0 0 0 0 0 0 0 0 0 0 0 0 0 0 0 0 0 0 0 0 0 0 0 0 0 0 0 0 0 0 0 0 0 0 0 0 0 0 0 0 0 0 0 1 0 0 0 0 0 0 0 0 0 0 0 0 0 0]
[4592227035362432960221230880745704574354142991815283040645499282580467683209426906043147353096187431283228723665486066965130993818979973164223593461788256648432219371568800919244255750300963271664845860448292378877358004306554192981408476299729502486136965629144308242996 0 0 0 0 0 0 0 0 0 0 0 0 0 0 0 0 0 0 0 0 0 0 0 0 0 0 0 0 0 0 0 0 0 0 0 0 0 0 0 0 0 0 0 0 0 0 0 0 0 0 0 0 0 0 0 0 0 0 0 0 0 0 0 0 0 0 0 0 0 0 0 0 0 0 0 1 0 0 0 0 0 0 0 0 0 0 0 0 0]
[2893950429441237282669542007347903353684422959757988756354162223436843098038948847000793154266521301794140433977902249290645434020041755622247291415581280464653882383237324294810099593264385764189296559174145018238615466307505276642095110831096671950669490985396063826265 0 0 0 0 0 0 0 0 0 0 0 0 0 0 0 0 0 0 0 0 0 0 0 0 0 0 0 0 0 0 0 0 0 0 0 0 0 0 0 0 0 0 0 0 0 0 0 0 0 0 0 0 0 0 0 0 0 0 0 0 0 0 0 0 0 0 0 0 0 0 0 0 0 0 0 0 1 0 0 0 0 0 0 0 0 0 0 0 0]
[4360179520089867336770083050347412489503061312549704812496010929081964517028585288597349546444991727075777452735261804411610647898268549367207213300803762548843092357780588047950337204817916743993320552434986133388703763136902490304568621338590871985644913589327221978054 0 0 0 0 0 0 0 0 0 0 0 0 0 0 0 0 0 0 0 0 0 0 0 0 0 0 0 0 0 0 0 0 0 0 0 0 0 0 0 0 0 0 0 0 0 0 0 0 0 0 0 0 0 0 0 0 0 0 0 0 0 0 0 0 0 0 0 0 0 0 0 0 0 0 0 0 0 1 0 0 0 0 0 0 0 0 0 0 0]
[1454606634698623589578714713174880067806076698480811344780628530169874227860516412715705620028397768312801486271178716875951146827962971825762184377420069987822741305412096232740517063483379274633445043216946556309795153136879411788367599664977063716006259071922000658812 0 0 0 0 0 0 0 0 0 0 0 0 0 0 0 0 0 0 0 0 0 0 0 0 0 0 0 0 0 0 0 0 0 0 0 0 0 0 0 0 0 0 0 0 0 0 0 0 0 0 0 0 0 0 0 0 0 0 0 0 0 0 0 0 0 0 0 0 0 0 0 0 0 0 0 0 0 0 1 0 0 0 0 0 0 0 0 0 0]
[1294921743908957989582781494508943825561633015261094907402752218054968091071289855469089005155318250044979202548543713813947479119678986675615053776999034201231217837201952924505373566395865528081985358444011618892442941353133822252212779425960580850021345368482780855276 0 0 0 0 0 0 0 0 0 0 0 0 0 0 0 0 0 0 0 0 0 0 0 0 0 0 0 0 0 0 0 0 0 0 0 0 0 0 0 0 0 0 0 0 0 0 0 0 0 0 0 0 0 0 0 0 0 0 0 0 0 0 0 0 0 0 0 0 0 0 0 0 0 0 0 0 0 0 0 1 0 0 0 0 0 0 0 0 0]
[2011128368605442662697314065805774455210223195646687975547875346781384840952487038415630140603041835662219187092801922915669089626970483314432917828717454752014555437681530524606948972391077285124480527210623490377079867815202113487592075088316129965509626932791048135774 0 0 0 0 0 0 0 0 0 0 0 0 0 0 0 0 0 0 0 0 0 0 0 0 0 0 0 0 0 0 0 0 0 0 0 0 0 0 0 0 0 0 0 0 0 0 0 0 0 0 0 0 0 0 0 0 0 0 0 0 0 0 0 0 0 0 0 0 0 0 0 0 0 0 0 0 0 0 0 0 1 0 0 0 0 0 0 0 0]
[3216710972385515887276412577788795421730958057293783336979021418604548557361712844640774440503240765393271214934148010127881178259626990045324467586997578992948907748955827001917043991927668340149976597411266919910334709180604153571091009634712418498421391311392716628584 0 0 0 0 0 0 0 0 0 0 0 0 0 0 0 0 0 0 0 0 0 0 0 0 0 0 0 0 0 0 0 0 0 0 0 0 0 0 0 0 0 0 0 0 0 0 0 0 0 0 0 0 0 0 0 0 0 0 0 0 0 0 0 0 0 0 0 0 0 0 0 0 0 0 0 0 0 0 0 0 0 1 0 0 0 0 0 0 0]
[3092046967212056434509125061326156704236657429444182808705717699723433283771809895136556886472918527250420898550435996136951851414435684383474447629885495717360694415161916908665943231634747117721172367097978755183830258331246871319054716415039084286023628843636768492991 0 0 0 0 0 0 0 0 0 0 0 0 0 0 0 0 0 0 0 0 0 0 0 0 0 0 0 0 0 0 0 0 0 0 0 0 0 0 0 0 0 0 0 0 0 0 0 0 0 0 0 0 0 0 0 0 0 0 0 0 0 0 0 0 0 0 0 0 0 0 0 0 0 0 0 0 0 0 0 0 0 0 1 0 0 0 0 0 0]
[472445519727991803496395728597308635254613168846911031334117262042095105825682271934448016374752679811325663824664049273397510147607994973099998851537128300289655879221627540067011975137536218976948638015145868640872155120978542085323648374475420858500240107707380697753 0 0 0 0 0 0 0 0 0 0 0 0 0 0 0 0 0 0 0 0 0 0 0 0 0 0 0 0 0 0 0 0 0 0 0 0 0 0 0 0 0 0 0 0 0 0 0 0 0 0 0 0 0 0 0 0 0 0 0 0 0 0 0 0 0 0 0 0 0 0 0 0 0 0 0 0 0 0 0 0 0 0 0 1 0 0 0 0 0]
[1403384655576662198051618117965332878060528361055399383985418754049215042387325151152866121706567793326000914159239769028711121734426080256836800942671073833706434478449133928029771194034418265452917131091165710118409921452237170321329731011248794766164689397465280291609 0 0 0 0 0 0 0 0 0 0 0 0 0 0 0 0 0 0 0 0 0 0 0 0 0 0 0 0 0 0 0 0 0 0 0 0 0 0 0 0 0 0 0 0 0 0 0 0 0 0 0 0 0 0 0 0 0 0 0 0 0 0 0 0 0 0 0 0 0 0 0 0 0 0 0 0 0 0 0 0 0 0 0 0 1 0 0 0 0]
[1538969483071722269475386536889884594623673225631559384572526722813028243905433845781382782567501464736825432567650698213100092581938379731251961252352412604276794391495291473646334412623574254185073454690860416708123216695335653535398785220261534593821816724248675514198 0 0 0 0 0 0 0 0 0 0 0 0 0 0 0 0 0 0 0 0 0 0 0 0 0 0 0 0 0 0 0 0 0 0 0 0 0 0 0 0 0 0 0 0 0 0 0 0 0 0 0 0 0 0 0 0 0 0 0 0 0 0 0 0 0 0 0 0 0 0 0 0 0 0 0 0 0 0 0 0 0 0 0 0 0 1 0 0 0]
[4022791354822348303538982490811654212324722636969664487575443238775592601769586678649495825300562322122044153536604108314277049720520992157144894658889314422763577318153257552593890401035691422422309236539047552481477078994023915338586231477020289744146558644261398449324 0 0 0 0 0 0 0 0 0 0 0 0 0 0 0 0 0 0 0 0 0 0 0 0 0 0 0 0 0 0 0 0 0 0 0 0 0 0 0 0 0 0 0 0 0 0 0 0 0 0 0 0 0 0 0 0 0 0 0 0 0 0 0 0 0 0 0 0 0 0 0 0 0 0 0 0 0 0 0 0 0 0 0 0 0 0 1 0 0]
[2046387766712147628717943495030323317682931198899703355070967576285444223731909504235821858111275100736579390516914491527045180264282856096352031539051031032812345850065281665979992628305386009373857516782125662566203926396301941022896750632359493399250012387136065644183 0 0 0 0 0 0 0 0 0 0 0 0 0 0 0 0 0 0 0 0 0 0 0 0 0 0 0 0 0 0 0 0 0 0 0 0 0 0 0 0 0 0 0 0 0 0 0 0 0 0 0 0 0 0 0 0 0 0 0 0 0 0 0 0 0 0 0 0 0 0 0 0 0 0 0 0 0 0 0 0 0 0 0 0 0 0 0 1 0]
[129516624001056935591256872051223258967917765980994458007704098131400109576382070900611182518235917447698701353037576075330139761863101203117561646089357697589200658226261406751796219502488147936033645799948856778983641611427544334630285299068857541676919973134054948201 0 0 0 0 0 0 0 0 0 0 0 0 0 0 0 0 0 0 0 0 0 0 0 0 0 0 0 0 0 0 0 0 0 0 0 0 0 0 0 0 0 0 0 0 0 0 0 0 0 0 0 0 0 0 0 0 0 0 0 0 0 0 0 0 0 0 0 0 0 0 0 0 0 0 0 0 0 0 0 0 0 0 0 0 0 0 0 0 1]
]
