[[3201962273025774162995633249923744081595059342943891045557443893867294464863991457347425961923932678033053043116470889808805916782636117275410907527133627831 0 0 0 0 0 0 0 0 0 0 0 0 0 0 0 0 0 0 0 0 0 0 0 0 0 0 0 0 0 0 0 0 0 0 0 0 0 0 0 0 0 0 0 0 0 0 0 0 0 0 0]
[1510559337341430947235993864654287173367641178139347746733721529167750508810685773356989927480062370958928322248657477887996692302835033616421927551278556816 1 0 0 0 0 0 0 0 0 0 0 0 0 0 0 0 0 0 0 0 0 0 0 0 0 0 0 0 0 0 0 0 0 0 0 0 0 0 0 0 0 0 0 0 0 0 0 0 0 0 0]
[2711978040304172265073435724726212112822993636214619925855368583391538122091822962248974385940788301372399484578617644042449834283124780374061201550563977529 0 1 0 0 0 0 0 0 0 0 0 0 0 0 0 0 0 0 0 0 0 0 0 0 0 0 0 0 0 0 0 0 0 0 0 0 0 0 0 0 0 0 0 0 0 0 0 0 0 0 0]
[2911495935955914094022354779719704532374423661004192469450495439108999411486101823600132964335730213575597933300514488411597577112458954079681290780146584213 0 0 1 0 0 0 0 0 0 0 0 0 0 0 0 0 0 0 0 0 0 0 0 0 0 0 0 0 0 0 0 0 0 0 0 0 0 0 0 0 0 0 0 0 0 0 0 0 0 0 0]
[897061617021263979764725699873942394188367082808388846035163151861381442280552144334236759277513129185387421594583473398385906723389866494293815287443856382 0 0 0 1 0 0 0 0 0 0 0 0 0 0 0 0 0 0 0 0 0 0 0 0 0 0 0 0 0 0 0 0 0 0 0 0 0 0 0 0 0 0 0 0 0 0 0 0 0 0 0]
[242966321258137283547737962370068923848476028048252971493316710581102878104511991524187851488077478911743904203823046201995465992167106645768746819903282765 0 0 0 0 1 0 0 0 0 0 0 0 0 0 0 0 0 0 0 0 0 0 0 0 0 0 0 0 0 0 0 0 0 0 0 0 0 0 0 0 0 0 0 0 0 0 0 0 0 0 0]
[588473764270144354250577915537739121800199607756851857794711842385563230372952529278972218921241961589393931924529379943671684909150890093115028433844442549 0 0 0 0 0 1 0 0 0 0 0 0 0 0 0 0 0 0 0 0 0 0 0 0 0 0 0 0 0 0 0 0 0 0 0 0 0 0 0 0 0 0 0 0 0 0 0 0 0 0 0]
[511120588799867359148925305373860521849873836961946689246802785249970110957142830743306954661262337683922064431029147602336759874625417986535324491506469186 0 0 0 0 0 0 1 0 0 0 0 0 0 0 0 0 0 0 0 0 0 0 0 0 0 0 0 0 0 0 0 0 0 0 0 0 0 0 0 0 0 0 0 0 0 0 0 0 0 0 0]
[57677903564770515374807042844782372191536310964650817033526353245926013046801367994543986972074982421946259485645925772324453454343341492593588054706067704 0 0 0 0 0 0 0 1 0 0 0 0 0 0 0 0 0 0 0 0 0 0 0 0 0 0 0 0 0 0 0 0 0 0 0 0 0 0 0 0 0 0 0 0 0 0 0 0 0 0 0]
[2037961786467292884773866977017335964884063770664198626511301525785838786188078905610458486540062261641376699642437826052750542249026554053711436154634416983 0 0 0 0 0 0 0 0 1 0 0 0 0 0 0 0 0 0 0 0 0 0 0 0 0 0 0 0 0 0 0 0 0 0 0 0 0 0 0 0 0 0 0 0 0 0 0 0 0 0 0]
[295539139379714731232101345487114989020214216192558685385489885533935387689477165859819934174784282220981612737466056206636322016558741900536514071043059934 0 0 0 0 0 0 0 0 0 1 0 0 0 0 0 0 0 0 0 0 0 0 0 0 0 0 0 0 0 0 0 0 0 0 0 0 0 0 0 0 0 0 0 0 0 0 0 0 0 0 0]
[2231558751382310832144933360112776571884383965848632648669653485200270997806586044425840124662236940222774801741739026992025057971434026300277668476317019191 0 0 0 0 0 0 0 0 0 0 1 0 0 0 0 0 0 0 0 0 0 0 0 0 0 0 0 0 0 0 0 0 0 0 0 0 0 0 0 0 0 0 0 0 0 0 0 0 0 0 0]
[2585148551422287815936845627520029525706480427262778295702928317988326685999658320870195450136573460060432255740233499738851734854527312926300272327200348410 0 0 0 0 0 0 0 0 0 0 0 1 0 0 0 0 0 0 0 0 0 0 0 0 0 0 0 0 0 0 0 0 0 0 0 0 0 0 0 0 0 0 0 0 0 0 0 0 0 0 0]
[1217487727665898242399061813040395556492218122257820787917914066948689725737786390199090891410834762711747878874726093977993630981726973598611680610082263432 0 0 0 0 0 0 0 0 0 0 0 0 1 0 0 0 0 0 0 0 0 0 0 0 0 0 0 0 0 0 0 0 0 0 0 0 0 0 0 0 0 0 0 0 0 0 0 0 0 0 0]
[1613719194249340418759691176273371656560987592607913978799115583836876282464685580675395070677990259396815493650057958503306492012866445024685068409551248151 0 0 0 0 0 0 0 0 0 0 0 0 0 1 0 0 0 0 0 0 0 0 0 0 0 0 0 0 0 0 0 0 0 0 0 0 0 0 0 0 0 0 0 0 0 0 0 0 0 0 0]
[571124424254616464197162209119125158102332833042811316221591165174162058834750170444072341690716155282432846810691310305821109933713362029399472822013140180 0 0 0 0 0 0 0 0 0 0 0 0 0 0 1 0 0 0 0 0 0 0 0 0 0 0 0 0 0 0 0 0 0 0 0 0 0 0 0 0 0 0 0 0 0 0 0 0 0 0 0]
[2687442961245411243906397392776068370408071632745834373635633094710687463984512573550524338943955463222034967455561223660769580715872494698824010646559671119 0 0 0 0 0 0 0 0 0 0 0 0 0 0 0 1 0 0 0 0 0 0 0 0 0 0 0 0 0 0 0 0 0 0 0 0 0 0 0 0 0 0 0 0 0 0 0 0 0 0 0]
[198999388850163965933031016888122188045684791923693724060728557756026863124118036576883002906327497062512946534613231787506376147300360804465066697581269045 0 0 0 0 0 0 0 0 0 0 0 0 0 0 0 0 1 0 0 0 0 0 0 0 0 0 0 0 0 0 0 0 0 0 0 0 0 0 0 0 0 0 0 0 0 0 0 0 0 0 0]
[1042265128202197008680903378962811929690171781650494315149482691917636673293191973678671017195256836598851477781470786535040891402788135222040808832234293900 0 0 0 0 0 0 0 0 0 0 0 0 0 0 0 0 0 1 0 0 0 0 0 0 0 0 0 0 0 0 0 0 0 0 0 0 0 0 0 0 0 0 0 0 0 0 0 0 0 0 0]
[1210379987999036823140255058513762121989431601426309324820313308283714735391248312851658641009457595305133952176365966118043083617597667312024592999466080627 0 0 0 0 0 0 0 0 0 0 0 0 0 0 0 0 0 0 1 0 0 0 0 0 0 0 0 0 0 0 0 0 0 0 0 0 0 0 0 0 0 0 0 0 0 0 0 0 0 0 0]
[3026350564501192039138536490408847369891676487419712736702717099657872856088691608531076903893253931165148172403179837902152447558640624973229334597408625991 0 0 0 0 0 0 0 0 0 0 0 0 0 0 0 0 0 0 0 1 0 0 0 0 0 0 0 0 0 0 0 0 0 0 0 0 0 0 0 0 0 0 0 0 0 0 0 0 0 0 0]
[2065292072399518979296614739700800688529573256948201455603474917802041240759992866727857717426699676633750830853325232174578455923705827094056214477409700875 0 0 0 0 0 0 0 0 0 0 0 0 0 0 0 0 0 0 0 0 1 0 0 0 0 0 0 0 0 0 0 0 0 0 0 0 0 0 0 0 0 0 0 0 0 0 0 0 0 0 0]
[929857952110715449276828539868909972951479459492177672617358919283942767661033357912904478604786940699854201709395715828171747620978208369246571026092112793 0 0 0 0 0 0 0 0 0 0 0 0 0 0 0 0 0 0 0 0 0 1 0 0 0 0 0 0 0 0 0 0 0 0 0 0 0 0 0 0 0 0 0 0 0 0 0 0 0 0 0]
[802555016651015771652867157449238630090821185125311192125767718091093618939848119373929861456808546921333053349311806022004767673484339711369909628916064903 0 0 0 0 0 0 0 0 0 0 0 0 0 0 0 0 0 0 0 0 0 0 1 0 0 0 0 0 0 0 0 0 0 0 0 0 0 0 0 0 0 0 0 0 0 0 0 0 0 0 0]
[1838083585624613820483091957515301504195257975904887936942613711973880574836616011952905973670206518769460846219263002265805123276776012511977528148248104668 0 0 0 0 0 0 0 0 0 0 0 0 0 0 0 0 0 0 0 0 0 0 0 1 0 0 0 0 0 0 0 0 0 0 0 0 0 0 0 0 0 0 0 0 0 0 0 0 0 0 0]
[18958145947139438597088457179027300844622119173227184401260395763247603275626778241960331455477856060944931507832804800671591650011879462940318856045505032 0 0 0 0 0 0 0 0 0 0 0 0 0 0 0 0 0 0 0 0 0 0 0 0 1 0 0 0 0 0 0 0 0 0 0 0 0 0 0 0 0 0 0 0 0 0 0 0 0 0 0]
[396896831538527063602081148719934605360799206322011839998068551724540749391321418869871717603525254406753634817714412841762730314259305677404665920003886949 0 0 0 0 0 0 0 0 0 0 0 0 0 0 0 0 0 0 0 0 0 0 0 0 0 1 0 0 0 0 0 0 0 0 0 0 0 0 0 0 0 0 0 0 0 0 0 0 0 0 0]
[1971292239231653391724719418636969373824920881976888954684843153298517190253465116725736976126771874545138466757166118665531358755727558660815510651453052351 0 0 0 0 0 0 0 0 0 0 0 0 0 0 0 0 0 0 0 0 0 0 0 0 0 0 1 0 0 0 0 0 0 0 0 0 0 0 0 0 0 0 0 0 0 0 0 0 0 0 0]
[444405213324553430577319729684851834217733202323478734488027413515655743685670982034654895021408057342623477972744695180362575287526020558919676271216259639 0 0 0 0 0 0 0 0 0 0 0 0 0 0 0 0 0 0 0 0 0 0 0 0 0 0 0 1 0 0 0 0 0 0 0 0 0 0 0 0 0 0 0 0 0 0 0 0 0 0 0]
[1191211868224367629569699234683584303500881816780158510858792198035377493406289445333116703367683343333948459203588127326334244716592095919355719211714576328 0 0 0 0 0 0 0 0 0 0 0 0 0 0 0 0 0 0 0 0 0 0 0 0 0 0 0 0 1 0 0 0 0 0 0 0 0 0 0 0 0 0 0 0 0 0 0 0 0 0 0]
[1905059511409731941308302512227208370926287777477446767472486768857019344119586906877982375491509552419014984119979500577564246669882223067618243689412735254 0 0 0 0 0 0 0 0 0 0 0 0 0 0 0 0 0 0 0 0 0 0 0 0 0 0 0 0 0 1 0 0 0 0 0 0 0 0 0 0 0 0 0 0 0 0 0 0 0 0 0]
[2770323617252633277690392070795463327930280474968975130727117975613897879007516764500977822604983719740716613306631836317744645292821680343280892701883637342 0 0 0 0 0 0 0 0 0 0 0 0 0 0 0 0 0 0 0 0 0 0 0 0 0 0 0 0 0 0 1 0 0 0 0 0 0 0 0 0 0 0 0 0 0 0 0 0 0 0 0]
[1007090580779032410789716481963914729521947498793292951029940231717155310907340165033911274735650932109649003491766490322630941958148170025703537954594897442 0 0 0 0 0 0 0 0 0 0 0 0 0 0 0 0 0 0 0 0 0 0 0 0 0 0 0 0 0 0 0 1 0 0 0 0 0 0 0 0 0 0 0 0 0 0 0 0 0 0 0]
[534154483815214178734256413639139886443127468497847255486999862798069611607215831498783211426443019590221182140020252831653211196362232616430964234622917025 0 0 0 0 0 0 0 0 0 0 0 0 0 0 0 0 0 0 0 0 0 0 0 0 0 0 0 0 0 0 0 0 1 0 0 0 0 0 0 0 0 0 0 0 0 0 0 0 0 0 0]
[3055851812555874985964929427569028771441514501431744924947650177522068677484901791026753331740586448079993133063186602857628188743096120529978477915192395358 0 0 0 0 0 0 0 0 0 0 0 0 0 0 0 0 0 0 0 0 0 0 0 0 0 0 0 0 0 0 0 0 0 1 0 0 0 0 0 0 0 0 0 0 0 0 0 0 0 0 0]
[1758901366227000201764701656895233996863406308150664490532647462232501663851032991582631997699398841152172313765304730318385485755116777982290872266334021823 0 0 0 0 0 0 0 0 0 0 0 0 0 0 0 0 0 0 0 0 0 0 0 0 0 0 0 0 0 0 0 0 0 0 1 0 0 0 0 0 0 0 0 0 0 0 0 0 0 0 0]
[2473894951596497318122500309417577275307472776337664976974020272027859005647274488503098656100536901993515496717488205914468996699398969502075970589110229158 0 0 0 0 0 0 0 0 0 0 0 0 0 0 0 0 0 0 0 0 0 0 0 0 0 0 0 0 0 0 0 0 0 0 0 1 0 0 0 0 0 0 0 0 0 0 0 0 0 0 0]
[256825319196081602985572972606785990695997765627925625962583060591825397241945068342886531460975177969287726631779788730624521138414237877833195660975943027 0 0 0 0 0 0 0 0 0 0 0 0 0 0 0 0 0 0 0 0 0 0 0 0 0 0 0 0 0 0 0 0 0 0 0 0 1 0 0 0 0 0 0 0 0 0 0 0 0 0 0]
[468542969332472254617702356817787817463736076852278841735262848111718913101766720418586469628292860289039408606469226856975056094497666123890793055161688852 0 0 0 0 0 0 0 0 0 0 0 0 0 0 0 0 0 0 0 0 0 0 0 0 0 0 0 0 0 0 0 0 0 0 0 0 0 1 0 0 0 0 0 0 0 0 0 0 0 0 0]
[3112560745027353099570429299941789262193548665921772798637964790871383412582228762316908241706572364426554287010973203367001706203870939234487784802026215810 0 0 0 0 0 0 0 0 0 0 0 0 0 0 0 0 0 0 0 0 0 0 0 0 0 0 0 0 0 0 0 0 0 0 0 0 0 0 1 0 0 0 0 0 0 0 0 0 0 0 0]
[3142109752263031839591265024488377250390396633880043548785022806560253998067499565968457574244847025108459382039173911222642364587825949107342890876798913849 0 0 0 0 0 0 0 0 0 0 0 0 0 0 0 0 0 0 0 0 0 0 0 0 0 0 0 0 0 0 0 0 0 0 0 0 0 0 0 1 0 0 0 0 0 0 0 0 0 0 0]
[1778518226098588221054133419606313619274377889066966498491913513937916409847411590240404552669641889806906060302912000085540497233341613362464820086465242222 0 0 0 0 0 0 0 0 0 0 0 0 0 0 0 0 0 0 0 0 0 0 0 0 0 0 0 0 0 0 0 0 0 0 0 0 0 0 0 0 1 0 0 0 0 0 0 0 0 0 0]
[2135214792004374995159956614506245679650590675256001743963385361614029852648303819298762912738727277293898821512305133327702460289285529176088757142982861935 0 0 0 0 0 0 0 0 0 0 0 0 0 0 0 0 0 0 0 0 0 0 0 0 0 0 0 0 0 0 0 0 0 0 0 0 0 0 0 0 0 1 0 0 0 0 0 0 0 0 0]
[1969150257683128213270311293134120380736200079362549665998167352882119879222648206165284971914218579601161664586759511300046004163630900942611451542424846187 0 0 0 0 0 0 0 0 0 0 0 0 0 0 0 0 0 0 0 0 0 0 0 0 0 0 0 0 0 0 0 0 0 0 0 0 0 0 0 0 0 0 1 0 0 0 0 0 0 0 0]
[2082492627561079291887561011655064020901187075294785875754531099516744595568288564409513409731672061348248394281056395096510871121648201745562837968399474417 0 0 0 0 0 0 0 0 0 0 0 0 0 0 0 0 0 0 0 0 0 0 0 0 0 0 0 0 0 0 0 0 0 0 0 0 0 0 0 0 0 0 0 1 0 0 0 0 0 0 0]
[532343909795034238768844087537483238006856702204136164350821417249946367167386769720554841229821333302452128146466288582378703845255280876764171024930654714 0 0 0 0 0 0 0 0 0 0 0 0 0 0 0 0 0 0 0 0 0 0 0 0 0 0 0 0 0 0 0 0 0 0 0 0 0 0 0 0 0 0 0 0 1 0 0 0 0 0 0]
[543953277021019433968792578352032592645665433719656394546417761569378635599184836227239108139193176001256269022032285386890696450249286468846684106224373308 0 0 0 0 0 0 0 0 0 0 0 0 0 0 0 0 0 0 0 0 0 0 0 0 0 0 0 0 0 0 0 0 0 0 0 0 0 0 0 0 0 0 0 0 0 1 0 0 0 0 0]
[605740057752083071328128200531320332015458306616998496373100562328615018127708242220156625770105799546382112160674397408904092494394943903790156573572044533 0 0 0 0 0 0 0 0 0 0 0 0 0 0 0 0 0 0 0 0 0 0 0 0 0 0 0 0 0 0 0 0 0 0 0 0 0 0 0 0 0 0 0 0 0 0 1 0 0 0 0]
[1556272110048905877628860004766799966793927714538098448028188535433184084925135862186604545454674631012337624993746037834962131932465618120461737725074810182 0 0 0 0 0 0 0 0 0 0 0 0 0 0 0 0 0 0 0 0 0 0 0 0 0 0 0 0 0 0 0 0 0 0 0 0 0 0 0 0 0 0 0 0 0 0 0 1 0 0 0]
[1736046270506913223047772375602306065537307176931966458215854659086846825807148862774900496272768143363205037366617771630358611953576213490101199350058299512 0 0 0 0 0 0 0 0 0 0 0 0 0 0 0 0 0 0 0 0 0 0 0 0 0 0 0 0 0 0 0 0 0 0 0 0 0 0 0 0 0 0 0 0 0 0 0 0 1 0 0]
[2484119074623863361059865187461796320522688289520533083936028783155904897900416383225386898103077613728286404409093156153924523439239910472964878364012750701 0 0 0 0 0 0 0 0 0 0 0 0 0 0 0 0 0 0 0 0 0 0 0 0 0 0 0 0 0 0 0 0 0 0 0 0 0 0 0 0 0 0 0 0 0 0 0 0 0 1 0]
[1554993284761781498356639351630535450191604671319552056710462779073898843620119396147845596953892757135138817274717316418284221361606560341446969756449652174 0 0 0 0 0 0 0 0 0 0 0 0 0 0 0 0 0 0 0 0 0 0 0 0 0 0 0 0 0 0 0 0 0 0 0 0 0 0 0 0 0 0 0 0 0 0 0 0 0 0 1]
]
