[[3259088058925365090050451978829712040752274062681910759707428969254367447342172473004564082561004947798202405705156787501543420110606401478554162878047481098126801 0 0 0 0 0 0 0 0 0 0 0 0 0 0 0 0 0 0 0 0 0 0 0 0 0 0 0 0 0 0 0 0 0 0 0 0 0 0 0 0 0 0 0 0 0 0 0 0 0 0 0 0 0]
[486900874144898476907058172848129711360460867743498931478605536090204659903505425190882932251339911345231362791590184313590476937512888613565623208182099258097477 1 0 0 0 0 0 0 0 0 0 0 0 0 0 0 0 0 0 0 0 0 0 0 0 0 0 0 0 0 0 0 0 0 0 0 0 0 0 0 0 0 0 0 0 0 0 0 0 0 0 0 0 0]
[540864457217687006426914839945950106953905861283339486722400963928802867234402439878243951744057305770277113053887886623739601389701167086840222620445450091940248 0 1 0 0 0 0 0 0 0 0 0 0 0 0 0 0 0 0 0 0 0 0 0 0 0 0 0 0 0 0 0 0 0 0 0 0 0 0 0 0 0 0 0 0 0 0 0 0 0 0 0 0 0]
[1149033332741625687284012874876237523937584872347134193073426256080502880229017345272246184291715792680498906042817244198813021974255762666244738949430840473579311 0 0 1 0 0 0 0 0 0 0 0 0 0 0 0 0 0 0 0 0 0 0 0 0 0 0 0 0 0 0 0 0 0 0 0 0 0 0 0 0 0 0 0 0 0 0 0 0 0 0 0 0 0]
[75215897185587080994399312734337531217619275004425726889845446505584876340395307181180429809624234733599790160514699258728080664491493354828975771696813058860925 0 0 0 1 0 0 0 0 0 0 0 0 0 0 0 0 0 0 0 0 0 0 0 0 0 0 0 0 0 0 0 0 0 0 0 0 0 0 0 0 0 0 0 0 0 0 0 0 0 0 0 0 0]
[1565820902179404143345185237094394029593696129865081327437973222019938612875963496472475292224836229046230775087117199849035058618857423224635348069823994016148848 0 0 0 0 1 0 0 0 0 0 0 0 0 0 0 0 0 0 0 0 0 0 0 0 0 0 0 0 0 0 0 0 0 0 0 0 0 0 0 0 0 0 0 0 0 0 0 0 0 0 0 0 0]
[2135929847151921270148391670487338861272566820656348245468217882932904512963219802547241954791456564040523865372029012279373533510454941456635777045986159791328009 0 0 0 0 0 1 0 0 0 0 0 0 0 0 0 0 0 0 0 0 0 0 0 0 0 0 0 0 0 0 0 0 0 0 0 0 0 0 0 0 0 0 0 0 0 0 0 0 0 0 0 0 0]
[1987129024798284762917149508835489893224187794778986990224998514083410082692655985185761501283272029084286500278994841597535528574661040840851452606638684414210831 0 0 0 0 0 0 1 0 0 0 0 0 0 0 0 0 0 0 0 0 0 0 0 0 0 0 0 0 0 0 0 0 0 0 0 0 0 0 0 0 0 0 0 0 0 0 0 0 0 0 0 0 0]
[1056068644764066515031334221303096531693983066522821251050383107830889379940496385016876640980542939893365574265160130274603886398168183948718004643645529123030228 0 0 0 0 0 0 0 1 0 0 0 0 0 0 0 0 0 0 0 0 0 0 0 0 0 0 0 0 0 0 0 0 0 0 0 0 0 0 0 0 0 0 0 0 0 0 0 0 0 0 0 0 0]
[1747623518920760957789949864893256868260563513237475934371109747240943132969146838362189570966541676246199552900334223789056875546109796662218090256960979051421903 0 0 0 0 0 0 0 0 1 0 0 0 0 0 0 0 0 0 0 0 0 0 0 0 0 0 0 0 0 0 0 0 0 0 0 0 0 0 0 0 0 0 0 0 0 0 0 0 0 0 0 0 0]
[2292081788001652589698217845263482562191763307390918602595417329636300204938032560914807813863719330546113417266851440917977100836703640519518727991526719023325157 0 0 0 0 0 0 0 0 0 1 0 0 0 0 0 0 0 0 0 0 0 0 0 0 0 0 0 0 0 0 0 0 0 0 0 0 0 0 0 0 0 0 0 0 0 0 0 0 0 0 0 0 0]
[1161418453040047490529274080316771922160447182266144431180139688079190730712941254003664243675334726808079902794361923772432912760990103997089161579087883969937355 0 0 0 0 0 0 0 0 0 0 1 0 0 0 0 0 0 0 0 0 0 0 0 0 0 0 0 0 0 0 0 0 0 0 0 0 0 0 0 0 0 0 0 0 0 0 0 0 0 0 0 0 0]
[153713112618435673711157979874947722760712973559028022015987656812337352688915511191987413744352360881485760856330409960411027280334913045264034264220860854441230 0 0 0 0 0 0 0 0 0 0 0 1 0 0 0 0 0 0 0 0 0 0 0 0 0 0 0 0 0 0 0 0 0 0 0 0 0 0 0 0 0 0 0 0 0 0 0 0 0 0 0 0 0]
[909900792777962866305154112613790160600384489972609807694013547383037368297959129583837153194187454539122105213178581347569482146077378744081325472192360328103573 0 0 0 0 0 0 0 0 0 0 0 0 1 0 0 0 0 0 0 0 0 0 0 0 0 0 0 0 0 0 0 0 0 0 0 0 0 0 0 0 0 0 0 0 0 0 0 0 0 0 0 0 0]
[1158393533751480112474899520998808014865401033528322096152361330132753264537311515963853155721598619455363857050446338635123506348587653286867680149961207206775961 0 0 0 0 0 0 0 0 0 0 0 0 0 1 0 0 0 0 0 0 0 0 0 0 0 0 0 0 0 0 0 0 0 0 0 0 0 0 0 0 0 0 0 0 0 0 0 0 0 0 0 0 0]
[2523099270221963197187920298425730506931453033889703438980467129911322712118236015936811222336916259944393357153867010295521131254596131539327888424624691261529400 0 0 0 0 0 0 0 0 0 0 0 0 0 0 1 0 0 0 0 0 0 0 0 0 0 0 0 0 0 0 0 0 0 0 0 0 0 0 0 0 0 0 0 0 0 0 0 0 0 0 0 0 0]
[563813003497507925448267733779802998719268567022181690365726043659691698169645622409922676741469136617116951478501699324406360202270356506342103117545075723659452 0 0 0 0 0 0 0 0 0 0 0 0 0 0 0 1 0 0 0 0 0 0 0 0 0 0 0 0 0 0 0 0 0 0 0 0 0 0 0 0 0 0 0 0 0 0 0 0 0 0 0 0 0]
[1494592611743621721423608520397733453140681854472309607231061040432941628199773361086078503992880277679254881842979914470355146341371689590474499205195015686679048 0 0 0 0 0 0 0 0 0 0 0 0 0 0 0 0 1 0 0 0 0 0 0 0 0 0 0 0 0 0 0 0 0 0 0 0 0 0 0 0 0 0 0 0 0 0 0 0 0 0 0 0 0]
[463500257265634269345497655394657004408189207136943511800422383565871965898889552587815723273821606273101690715587814029727546716235892300697072524489853874169883 0 0 0 0 0 0 0 0 0 0 0 0 0 0 0 0 0 1 0 0 0 0 0 0 0 0 0 0 0 0 0 0 0 0 0 0 0 0 0 0 0 0 0 0 0 0 0 0 0 0 0 0 0]
[958759518071286972667866522267574645480795655813855040944227624961919170898011390825023684198944924910642974029418175556922888420918963843378694174711247984016413 0 0 0 0 0 0 0 0 0 0 0 0 0 0 0 0 0 0 1 0 0 0 0 0 0 0 0 0 0 0 0 0 0 0 0 0 0 0 0 0 0 0 0 0 0 0 0 0 0 0 0 0 0]
[2701797116792704835470831947509438015416096928921671557444319086436939561261863540273203107299428945180777478134185344632695143722798979525609555595064039238660899 0 0 0 0 0 0 0 0 0 0 0 0 0 0 0 0 0 0 0 1 0 0 0 0 0 0 0 0 0 0 0 0 0 0 0 0 0 0 0 0 0 0 0 0 0 0 0 0 0 0 0 0 0]
[1762714663302862003402696474577236530396012944435335968503735563012381356120009142555143973514910138238531919711215295436083199036771397616718362711984093668887316 0 0 0 0 0 0 0 0 0 0 0 0 0 0 0 0 0 0 0 0 1 0 0 0 0 0 0 0 0 0 0 0 0 0 0 0 0 0 0 0 0 0 0 0 0 0 0 0 0 0 0 0 0]
[2912541696427511048828527237643913328092789578930762484133733824020080224622667847305745202417538188588457371337686984631261226910311572650974919952388572604785382 0 0 0 0 0 0 0 0 0 0 0 0 0 0 0 0 0 0 0 0 0 1 0 0 0 0 0 0 0 0 0 0 0 0 0 0 0 0 0 0 0 0 0 0 0 0 0 0 0 0 0 0 0]
[1560030213997859778764050155092205083659387388393411847161396353256661070638896844418337615635116680571242815005304565931308000198537774163348269084400808126568154 0 0 0 0 0 0 0 0 0 0 0 0 0 0 0 0 0 0 0 0 0 0 1 0 0 0 0 0 0 0 0 0 0 0 0 0 0 0 0 0 0 0 0 0 0 0 0 0 0 0 0 0 0]
[854742933314056928414092088408483253146956097877979008373907078736501023087817190836307349585623309259439672115750897753950810246391011857767407768065138548369855 0 0 0 0 0 0 0 0 0 0 0 0 0 0 0 0 0 0 0 0 0 0 0 1 0 0 0 0 0 0 0 0 0 0 0 0 0 0 0 0 0 0 0 0 0 0 0 0 0 0 0 0 0]
[1080592076262912826492907159930043502007049380238398324229143509266512910422981211571818505808158440687665920400952647662161703076688118520555526747546372096168024 0 0 0 0 0 0 0 0 0 0 0 0 0 0 0 0 0 0 0 0 0 0 0 0 1 0 0 0 0 0 0 0 0 0 0 0 0 0 0 0 0 0 0 0 0 0 0 0 0 0 0 0 0]
[1941572941284570770322280260021577103200581726970913811761321809024410576472689917749589738214378294653068758412924373572537709537183517541843234381474018787208300 0 0 0 0 0 0 0 0 0 0 0 0 0 0 0 0 0 0 0 0 0 0 0 0 0 1 0 0 0 0 0 0 0 0 0 0 0 0 0 0 0 0 0 0 0 0 0 0 0 0 0 0 0]
[3148633033207800829739152005421223331864150338733434090775837418531115085232747088815738438681515562711313642939031783948225305237532948054851431166695609190507138 0 0 0 0 0 0 0 0 0 0 0 0 0 0 0 0 0 0 0 0 0 0 0 0 0 0 1 0 0 0 0 0 0 0 0 0 0 0 0 0 0 0 0 0 0 0 0 0 0 0 0 0 0]
[29099674230537964695351247228441720423884239343296347802863880056252548951487188598803788858231837263962649864979313033742432393793552367331259242444689293196300 0 0 0 0 0 0 0 0 0 0 0 0 0 0 0 0 0 0 0 0 0 0 0 0 0 0 0 1 0 0 0 0 0 0 0 0 0 0 0 0 0 0 0 0 0 0 0 0 0 0 0 0 0]
[3248143025563209934251044098994382647740418472206115655517331638891311463778077358638642729877480620466182557888595806548606882787489929944140998056987593723736822 0 0 0 0 0 0 0 0 0 0 0 0 0 0 0 0 0 0 0 0 0 0 0 0 0 0 0 0 1 0 0 0 0 0 0 0 0 0 0 0 0 0 0 0 0 0 0 0 0 0 0 0 0]
[814817091941611739718420260104103107932880842301503958642448263392673901752507505834194291305563533827019470589647808037845238861465238971499501289133790920507164 0 0 0 0 0 0 0 0 0 0 0 0 0 0 0 0 0 0 0 0 0 0 0 0 0 0 0 0 0 1 0 0 0 0 0 0 0 0 0 0 0 0 0 0 0 0 0 0 0 0 0 0 0]
[251564051257386387082120411135781035408332660940779823141269268018594560136630999638956866581136079891376490201892134407531240471716592534173223823228287702455328 0 0 0 0 0 0 0 0 0 0 0 0 0 0 0 0 0 0 0 0 0 0 0 0 0 0 0 0 0 0 1 0 0 0 0 0 0 0 0 0 0 0 0 0 0 0 0 0 0 0 0 0 0]
[1195853395444452616515808360848967081642336737229095195542039087344688758362412369795955766552030009206267771019748245435762209291107694920541295726038515626907430 0 0 0 0 0 0 0 0 0 0 0 0 0 0 0 0 0 0 0 0 0 0 0 0 0 0 0 0 0 0 0 1 0 0 0 0 0 0 0 0 0 0 0 0 0 0 0 0 0 0 0 0 0]
[2373336738120142452879780549122405540840918584893683217431386788874727675767271497349443238699021431432666774479606461467908016570993250141930080657247901483951479 0 0 0 0 0 0 0 0 0 0 0 0 0 0 0 0 0 0 0 0 0 0 0 0 0 0 0 0 0 0 0 0 1 0 0 0 0 0 0 0 0 0 0 0 0 0 0 0 0 0 0 0 0]
[2384383419859052583298894070744353248101648417126445920394423394678887088223876851860254512908541774443126832446831659672134554884574665617572413096905205415368683 0 0 0 0 0 0 0 0 0 0 0 0 0 0 0 0 0 0 0 0 0 0 0 0 0 0 0 0 0 0 0 0 0 1 0 0 0 0 0 0 0 0 0 0 0 0 0 0 0 0 0 0 0]
[490348014036333109140109061706337514934054802847238747390886238339060154345894816154814281048738967831630364883758919131544973992505900606350873820371463875948922 0 0 0 0 0 0 0 0 0 0 0 0 0 0 0 0 0 0 0 0 0 0 0 0 0 0 0 0 0 0 0 0 0 0 1 0 0 0 0 0 0 0 0 0 0 0 0 0 0 0 0 0 0]
[1166840458770033111369076022605446173831659976378481318448960282218304471690930867708232448405094114346651530645968667613251504250234134516958460135818963389326079 0 0 0 0 0 0 0 0 0 0 0 0 0 0 0 0 0 0 0 0 0 0 0 0 0 0 0 0 0 0 0 0 0 0 0 1 0 0 0 0 0 0 0 0 0 0 0 0 0 0 0 0 0]
[434854999170340629384136370134485016546778882895990363229456113373758730942526274933258301818487358046039301537787187208917242976902065021419382452036957059749503 0 0 0 0 0 0 0 0 0 0 0 0 0 0 0 0 0 0 0 0 0 0 0 0 0 0 0 0 0 0 0 0 0 0 0 0 1 0 0 0 0 0 0 0 0 0 0 0 0 0 0 0 0]
[1995408044108067812600626752425066297006199782179218202257974935713910501440749163413142199905843052880838652798886576465274987163765931156666941831599474064654878 0 0 0 0 0 0 0 0 0 0 0 0 0 0 0 0 0 0 0 0 0 0 0 0 0 0 0 0 0 0 0 0 0 0 0 0 0 1 0 0 0 0 0 0 0 0 0 0 0 0 0 0 0]
[896299806566679403761171223962606146128983757139539877750651232121715770536970876366787337156260449192612124115017818240967414620082564814824692240659798404273505 0 0 0 0 0 0 0 0 0 0 0 0 0 0 0 0 0 0 0 0 0 0 0 0 0 0 0 0 0 0 0 0 0 0 0 0 0 0 1 0 0 0 0 0 0 0 0 0 0 0 0 0 0]
[1554144554510884380864431765746132295262195407007546091745111524705313095518205109248525109542051429328643651073139154588392206995118508141475554255654064704539462 0 0 0 0 0 0 0 0 0 0 0 0 0 0 0 0 0 0 0 0 0 0 0 0 0 0 0 0 0 0 0 0 0 0 0 0 0 0 0 1 0 0 0 0 0 0 0 0 0 0 0 0 0]
[478273299209312134041938629644143612149483656968615131897767326333078735390218006134481911313212100200066694710649383443473964879881588737347506675991957527126004 0 0 0 0 0 0 0 0 0 0 0 0 0 0 0 0 0 0 0 0 0 0 0 0 0 0 0 0 0 0 0 0 0 0 0 0 0 0 0 0 1 0 0 0 0 0 0 0 0 0 0 0 0]
[2930413556414592066276146752047939759973993222148347404516812579107792998235684379938801417795702399615089485682713923942557987860774564650930516415615041747068948 0 0 0 0 0 0 0 0 0 0 0 0 0 0 0 0 0 0 0 0 0 0 0 0 0 0 0 0 0 0 0 0 0 0 0 0 0 0 0 0 0 1 0 0 0 0 0 0 0 0 0 0 0]
[1543588409917986730463070723277556880915663377726068221574057362764608102471904128286223126519137734421807820717328564112922712359935963315958714430919368861649185 0 0 0 0 0 0 0 0 0 0 0 0 0 0 0 0 0 0 0 0 0 0 0 0 0 0 0 0 0 0 0 0 0 0 0 0 0 0 0 0 0 0 1 0 0 0 0 0 0 0 0 0 0]
[2822816784216578352009793182612555675556553528942775927191447241317836082078613183665914990145481013620788523762207054723000347179489238735818728910475379189064335 0 0 0 0 0 0 0 0 0 0 0 0 0 0 0 0 0 0 0 0 0 0 0 0 0 0 0 0 0 0 0 0 0 0 0 0 0 0 0 0 0 0 0 1 0 0 0 0 0 0 0 0 0]
[2208815861514307276018723604829546987213562483823025418741377531384650080803845043393015437757935410266977987819476956324171579241594237944110605584100671962182783 0 0 0 0 0 0 0 0 0 0 0 0 0 0 0 0 0 0 0 0 0 0 0 0 0 0 0 0 0 0 0 0 0 0 0 0 0 0 0 0 0 0 0 0 1 0 0 0 0 0 0 0 0]
[2897595935602916413380953717382954555781825000840253387376643682001262829132035341981373948777638107709114253840854978533314557679781024272679154044662755827018478 0 0 0 0 0 0 0 0 0 0 0 0 0 0 0 0 0 0 0 0 0 0 0 0 0 0 0 0 0 0 0 0 0 0 0 0 0 0 0 0 0 0 0 0 0 1 0 0 0 0 0 0 0]
[3169255796091022282470049459976171923454627741969468228630255222452573634432151851587329157988930793463002578336902446861912582091264170030676596791781675861898481 0 0 0 0 0 0 0 0 0 0 0 0 0 0 0 0 0 0 0 0 0 0 0 0 0 0 0 0 0 0 0 0 0 0 0 0 0 0 0 0 0 0 0 0 0 0 1 0 0 0 0 0 0]
[2762136182920754002770042998423577314743465026362383301098645593989979594194467141975947218248549861161762246609195395103229513833045236400979985845926479373864097 0 0 0 0 0 0 0 0 0 0 0 0 0 0 0 0 0 0 0 0 0 0 0 0 0 0 0 0 0 0 0 0 0 0 0 0 0 0 0 0 0 0 0 0 0 0 0 1 0 0 0 0 0]
[138690004895256006274029332669215671164792917158181138734089717112514174505349826185050672862720335254136962900200788744274004537557967212732629397657604453934528 0 0 0 0 0 0 0 0 0 0 0 0 0 0 0 0 0 0 0 0 0 0 0 0 0 0 0 0 0 0 0 0 0 0 0 0 0 0 0 0 0 0 0 0 0 0 0 0 1 0 0 0 0]
[1281293062736096952862304918290716194254353736716274713667118050441657807425419657892376755597289753387732126164932056460361635678525562142838317617330330018998541 0 0 0 0 0 0 0 0 0 0 0 0 0 0 0 0 0 0 0 0 0 0 0 0 0 0 0 0 0 0 0 0 0 0 0 0 0 0 0 0 0 0 0 0 0 0 0 0 0 1 0 0 0]
[289091652974471869908544456716914390011525059054036771515882524966819160081247994077927607546561068038728276737724393671116533856484590482043161279533938931538396 0 0 0 0 0 0 0 0 0 0 0 0 0 0 0 0 0 0 0 0 0 0 0 0 0 0 0 0 0 0 0 0 0 0 0 0 0 0 0 0 0 0 0 0 0 0 0 0 0 0 1 0 0]
[1056495019006227690908912088256052595131936491069201028563781693153934346545027107408672708712987743440091028601015252377610320497302905744920963138096076695127400 0 0 0 0 0 0 0 0 0 0 0 0 0 0 0 0 0 0 0 0 0 0 0 0 0 0 0 0 0 0 0 0 0 0 0 0 0 0 0 0 0 0 0 0 0 0 0 0 0 0 0 1 0]
[1190933138326480364580231605981382335223632864688431856784695821319217101096606248964782266908739680075562559800652011167406889499372442050684920399720654826283837 0 0 0 0 0 0 0 0 0 0 0 0 0 0 0 0 0 0 0 0 0 0 0 0 0 0 0 0 0 0 0 0 0 0 0 0 0 0 0 0 0 0 0 0 0 0 0 0 0 0 0 0 1]
]
