[[6459004583120027588289483671669291731399094799986682165152642205393309805515694401815191666219360617642452364002597311042353296821824057516939562670106351883202882553286798295751694269870759618445431548264108953008426559989470771384707468241592573673573405991 0 0 0 0 0 0 0 0 0 0 0 0 0 0 0 0 0 0 0 0 0 0 0 0 0 0 0 0 0 0 0 0 0 0 0 0 0 0 0 0 0 0 0 0 0 0 0 0 0 0 0 0 0 0 0 0 0 0 0 0 0 0 0 0 0 0 0 0 0 0 0 0 0 0 0 0 0 0 0 0 0 0 0 0 0]
[4465755259033246292807371918138407350771370494565125593861648233151061313935924133802627191261022287386647882904742854887580592309768955941604569202049217481256141366175739959385405015076459524359869691288458249517069140767683154303164038808593443086561934982 1 0 0 0 0 0 0 0 0 0 0 0 0 0 0 0 0 0 0 0 0 0 0 0 0 0 0 0 0 0 0 0 0 0 0 0 0 0 0 0 0 0 0 0 0 0 0 0 0 0 0 0 0 0 0 0 0 0 0 0 0 0 0 0 0 0 0 0 0 0 0 0 0 0 0 0 0 0 0 0 0 0 0 0 0]
[1540342124539828735813993667991991951587068650462285678063346349272750862088125896284637962569907283076034693465246074290373030265829637373642998466485012025307337486537336422557770060224434769254752519837469537044734673416256043830127833174789373850274641554 0 1 0 0 0 0 0 0 0 0 0 0 0 0 0 0 0 0 0 0 0 0 0 0 0 0 0 0 0 0 0 0 0 0 0 0 0 0 0 0 0 0 0 0 0 0 0 0 0 0 0 0 0 0 0 0 0 0 0 0 0 0 0 0 0 0 0 0 0 0 0 0 0 0 0 0 0 0 0 0 0 0 0 0 0]
[3592092362595976497466525996968311209346096490131643988504174187749919953238446036879530440497040155388166137773990517796465540909836075036486396195302255095583746462572088753303033007870992376143859203490060153297828916272474525715834980231702030287768301312 0 0 1 0 0 0 0 0 0 0 0 0 0 0 0 0 0 0 0 0 0 0 0 0 0 0 0 0 0 0 0 0 0 0 0 0 0 0 0 0 0 0 0 0 0 0 0 0 0 0 0 0 0 0 0 0 0 0 0 0 0 0 0 0 0 0 0 0 0 0 0 0 0 0 0 0 0 0 0 0 0 0 0 0 0]
[3749776869371264207489081405329628903696975880793998793132121759114356680549657842734921079539572362618468037192053589243078508850525568780770186188325269054543474081478650153574981539821887439392137784219971229081745827401406203115973890597157074287341950467 0 0 0 1 0 0 0 0 0 0 0 0 0 0 0 0 0 0 0 0 0 0 0 0 0 0 0 0 0 0 0 0 0 0 0 0 0 0 0 0 0 0 0 0 0 0 0 0 0 0 0 0 0 0 0 0 0 0 0 0 0 0 0 0 0 0 0 0 0 0 0 0 0 0 0 0 0 0 0 0 0 0 0 0 0]
[3238634743038593257223327287362348364437072850552011287759401727637259809586333675684321865118920727216039365654073101107705940127720197349371743946740188050626153707655265521335924356077740664337216026777342048953301833182259463995860006047153983438987759950 0 0 0 0 1 0 0 0 0 0 0 0 0 0 0 0 0 0 0 0 0 0 0 0 0 0 0 0 0 0 0 0 0 0 0 0 0 0 0 0 0 0 0 0 0 0 0 0 0 0 0 0 0 0 0 0 0 0 0 0 0 0 0 0 0 0 0 0 0 0 0 0 0 0 0 0 0 0 0 0 0 0 0 0 0]
[4233557147831099844320308586000952270940384842193942743177352194150781408694249346736637274996597802760355871323476979191339993892537463122084774840786896402688389712954943967849399895863703551344740272181014845353335207806234278258388604921578234047244569845 0 0 0 0 0 1 0 0 0 0 0 0 0 0 0 0 0 0 0 0 0 0 0 0 0 0 0 0 0 0 0 0 0 0 0 0 0 0 0 0 0 0 0 0 0 0 0 0 0 0 0 0 0 0 0 0 0 0 0 0 0 0 0 0 0 0 0 0 0 0 0 0 0 0 0 0 0 0 0 0 0 0 0 0 0]
[2338895820855652646714693169046258926857377077290517771082193013082566933508673535389875862746900972779405617311932179039465390984531829500282162884531646665826007079244392119807937305552881196711671802042880889781472126999418349536981591639817501329503563252 0 0 0 0 0 0 1 0 0 0 0 0 0 0 0 0 0 0 0 0 0 0 0 0 0 0 0 0 0 0 0 0 0 0 0 0 0 0 0 0 0 0 0 0 0 0 0 0 0 0 0 0 0 0 0 0 0 0 0 0 0 0 0 0 0 0 0 0 0 0 0 0 0 0 0 0 0 0 0 0 0 0 0 0 0]
[5332581671516299663235553013093728978600619616288292226136468732188217312175213966683794758677570601719645304231433879512289465458142590352426555576487804366881468936383178416448102016946180040933896777289237102981552669637665877193884054917168313957767665652 0 0 0 0 0 0 0 1 0 0 0 0 0 0 0 0 0 0 0 0 0 0 0 0 0 0 0 0 0 0 0 0 0 0 0 0 0 0 0 0 0 0 0 0 0 0 0 0 0 0 0 0 0 0 0 0 0 0 0 0 0 0 0 0 0 0 0 0 0 0 0 0 0 0 0 0 0 0 0 0 0 0 0 0 0]
[4336637690066789692279642340523294885429591432439174232168085741672446696660258362284904316688323678446292847709847370093896747279019488041382833032976376326251443963067444952548946465674968180227673068938221236195419800213058108422508212391160875525143579338 0 0 0 0 0 0 0 0 1 0 0 0 0 0 0 0 0 0 0 0 0 0 0 0 0 0 0 0 0 0 0 0 0 0 0 0 0 0 0 0 0 0 0 0 0 0 0 0 0 0 0 0 0 0 0 0 0 0 0 0 0 0 0 0 0 0 0 0 0 0 0 0 0 0 0 0 0 0 0 0 0 0 0 0 0]
[2163246160734859483380830159243826005135269509636041134467797464657456503909566586228558503797074847497568482820949276317626136634918367947651229865032433314421944455031755356880279632265759268216632746852672339582488248946901576693928707903127436462398924698 0 0 0 0 0 0 0 0 0 1 0 0 0 0 0 0 0 0 0 0 0 0 0 0 0 0 0 0 0 0 0 0 0 0 0 0 0 0 0 0 0 0 0 0 0 0 0 0 0 0 0 0 0 0 0 0 0 0 0 0 0 0 0 0 0 0 0 0 0 0 0 0 0 0 0 0 0 0 0 0 0 0 0 0 0]
[4444512853111448264299399365225265714967098344681470438913771698824305327142583447159160780690341445994254787344914981700903726840487786864811316861264958916310664802028358294433463009190066822289615504053984156345227111568971103913220668788731395977629970438 0 0 0 0 0 0 0 0 0 0 1 0 0 0 0 0 0 0 0 0 0 0 0 0 0 0 0 0 0 0 0 0 0 0 0 0 0 0 0 0 0 0 0 0 0 0 0 0 0 0 0 0 0 0 0 0 0 0 0 0 0 0 0 0 0 0 0 0 0 0 0 0 0 0 0 0 0 0 0 0 0 0 0 0 0]
[2422808263262865467516796689050296582123907376708436148569480379524823536538270432872265158487981582336048723042984068468857763992028722181274700552763931782170023936556007101493616045684633313812874670203976928423724783182395518565330437627705076675648829861 0 0 0 0 0 0 0 0 0 0 0 1 0 0 0 0 0 0 0 0 0 0 0 0 0 0 0 0 0 0 0 0 0 0 0 0 0 0 0 0 0 0 0 0 0 0 0 0 0 0 0 0 0 0 0 0 0 0 0 0 0 0 0 0 0 0 0 0 0 0 0 0 0 0 0 0 0 0 0 0 0 0 0 0 0]
[2158711039447031942403061021593955670163412526858268403347396716837228264143878335717828388112905535289012723766406250390607115432838924899553754062340054260840716487229099234528953718271444308662358834170035992928154112255928585681572021826747603874469362264 0 0 0 0 0 0 0 0 0 0 0 0 1 0 0 0 0 0 0 0 0 0 0 0 0 0 0 0 0 0 0 0 0 0 0 0 0 0 0 0 0 0 0 0 0 0 0 0 0 0 0 0 0 0 0 0 0 0 0 0 0 0 0 0 0 0 0 0 0 0 0 0 0 0 0 0 0 0 0 0 0 0 0 0 0]
[342992073990154551432583913434025295206500405207994535317728341922594352520175670691913284723109007602887041624018503154945476335488032649226422435263816330152915896786692393536941552922411600461048962868481878793175646918390206016625502659089321603858698729 0 0 0 0 0 0 0 0 0 0 0 0 0 1 0 0 0 0 0 0 0 0 0 0 0 0 0 0 0 0 0 0 0 0 0 0 0 0 0 0 0 0 0 0 0 0 0 0 0 0 0 0 0 0 0 0 0 0 0 0 0 0 0 0 0 0 0 0 0 0 0 0 0 0 0 0 0 0 0 0 0 0 0 0 0]
[2853280848738739176826954864237404433701231076106002670984092184049272246090888357902456372921164087081807129692579221346725978304733917353553341703764300953928081607959078185451556223630029028881872904321278041477598211595065961672779959262068808535684083767 0 0 0 0 0 0 0 0 0 0 0 0 0 0 1 0 0 0 0 0 0 0 0 0 0 0 0 0 0 0 0 0 0 0 0 0 0 0 0 0 0 0 0 0 0 0 0 0 0 0 0 0 0 0 0 0 0 0 0 0 0 0 0 0 0 0 0 0 0 0 0 0 0 0 0 0 0 0 0 0 0 0 0 0 0]
[4395591288285816930066587535136080262595738385611823449662294171009053381919999096254661684292625542869638256895050632588542748513986830751309702798352976936477263986025285007356145733149884345589550765221944357780679714343028289419818183489485420113087493315 0 0 0 0 0 0 0 0 0 0 0 0 0 0 0 1 0 0 0 0 0 0 0 0 0 0 0 0 0 0 0 0 0 0 0 0 0 0 0 0 0 0 0 0 0 0 0 0 0 0 0 0 0 0 0 0 0 0 0 0 0 0 0 0 0 0 0 0 0 0 0 0 0 0 0 0 0 0 0 0 0 0 0 0 0]
[5985570919587563577408575488719192813185606858231773574168826552418504202194238652391075897981752597938024349729029328564222136075916171005044802278048356000020847848757979244346704061735186309253964680854955128405657695962433394280499186503283392375197580958 0 0 0 0 0 0 0 0 0 0 0 0 0 0 0 0 1 0 0 0 0 0 0 0 0 0 0 0 0 0 0 0 0 0 0 0 0 0 0 0 0 0 0 0 0 0 0 0 0 0 0 0 0 0 0 0 0 0 0 0 0 0 0 0 0 0 0 0 0 0 0 0 0 0 0 0 0 0 0 0 0 0 0 0 0]
[3612666337532025089954847499295455159761845534477981106704038984982721736480917275638652752006927777628661728760455820949171948346484068387906135520454552653950992589756345188226004801644898484966635680042560339583671563091696765778303208919953768962225320220 0 0 0 0 0 0 0 0 0 0 0 0 0 0 0 0 0 1 0 0 0 0 0 0 0 0 0 0 0 0 0 0 0 0 0 0 0 0 0 0 0 0 0 0 0 0 0 0 0 0 0 0 0 0 0 0 0 0 0 0 0 0 0 0 0 0 0 0 0 0 0 0 0 0 0 0 0 0 0 0 0 0 0 0 0]
[4639741721375732962237037854286170620587318274479588655145478806666759215183551223625446522677754387432140788549686380970961034738215424763410539392416357231612391320447671436693755842711548162231008386835447117223002391877910151311294131578998030136452799535 0 0 0 0 0 0 0 0 0 0 0 0 0 0 0 0 0 0 1 0 0 0 0 0 0 0 0 0 0 0 0 0 0 0 0 0 0 0 0 0 0 0 0 0 0 0 0 0 0 0 0 0 0 0 0 0 0 0 0 0 0 0 0 0 0 0 0 0 0 0 0 0 0 0 0 0 0 0 0 0 0 0 0 0 0]
[1487922214499025765389781349718644380506561690595472645372447882561380971229484389445767681036198031960802211191484195441040152909896394484332696701697356688832929145937837776443523689422031577975351427674847915493839035154542073105098312803231072318702843806 0 0 0 0 0 0 0 0 0 0 0 0 0 0 0 0 0 0 0 1 0 0 0 0 0 0 0 0 0 0 0 0 0 0 0 0 0 0 0 0 0 0 0 0 0 0 0 0 0 0 0 0 0 0 0 0 0 0 0 0 0 0 0 0 0 0 0 0 0 0 0 0 0 0 0 0 0 0 0 0 0 0 0 0 0]
[5027592288038497185466567417408474374021744247769750678420526981566540072111250496833674107680857294858527263574510941421413611847766208462992082983312243515536433442898276929348581594358838122919568545909069512346945064126118268788911082996839587619595128130 0 0 0 0 0 0 0 0 0 0 0 0 0 0 0 0 0 0 0 0 1 0 0 0 0 0 0 0 0 0 0 0 0 0 0 0 0 0 0 0 0 0 0 0 0 0 0 0 0 0 0 0 0 0 0 0 0 0 0 0 0 0 0 0 0 0 0 0 0 0 0 0 0 0 0 0 0 0 0 0 0 0 0 0 0]
[5461474983144921924344450800457136142900988862855086922700241026788913115976875533201581527369036352174726849526573997226346351147225416217805027845290632963130972267996055016166308493942639238246837072747728692711208175967763134749647191374675372694282702797 0 0 0 0 0 0 0 0 0 0 0 0 0 0 0 0 0 0 0 0 0 1 0 0 0 0 0 0 0 0 0 0 0 0 0 0 0 0 0 0 0 0 0 0 0 0 0 0 0 0 0 0 0 0 0 0 0 0 0 0 0 0 0 0 0 0 0 0 0 0 0 0 0 0 0 0 0 0 0 0 0 0 0 0 0]
[1298512414891091830165782027807235536004611920127892489304775535267504779526064888781256107970507992401410295215798391518698152670062719048651127366708183477285586965838534405108477380112791726400348113689656798299380781811630436044652323710260987860165696140 0 0 0 0 0 0 0 0 0 0 0 0 0 0 0 0 0 0 0 0 0 0 1 0 0 0 0 0 0 0 0 0 0 0 0 0 0 0 0 0 0 0 0 0 0 0 0 0 0 0 0 0 0 0 0 0 0 0 0 0 0 0 0 0 0 0 0 0 0 0 0 0 0 0 0 0 0 0 0 0 0 0 0 0 0]
[2875974443184320381138415779441895032730750682417288753929973346931880520780054229998959934114438736158496941650776445034581919311986300707481859606109835661765260995512181294978870267756706927485891213303223302402927230880587922741874197402747704308000329817 0 0 0 0 0 0 0 0 0 0 0 0 0 0 0 0 0 0 0 0 0 0 0 1 0 0 0 0 0 0 0 0 0 0 0 0 0 0 0 0 0 0 0 0 0 0 0 0 0 0 0 0 0 0 0 0 0 0 0 0 0 0 0 0 0 0 0 0 0 0 0 0 0 0 0 0 0 0 0 0 0 0 0 0 0]
[3758059648166719423089644213177981580274112364437573159331533656501530581497854187780118416628758466614317154188759606239754993735691016903824963168832641670336633654764762195295595520630041657260126306043123600419823390758928470354049178926416897221293877757 0 0 0 0 0 0 0 0 0 0 0 0 0 0 0 0 0 0 0 0 0 0 0 0 1 0 0 0 0 0 0 0 0 0 0 0 0 0 0 0 0 0 0 0 0 0 0 0 0 0 0 0 0 0 0 0 0 0 0 0 0 0 0 0 0 0 0 0 0 0 0 0 0 0 0 0 0 0 0 0 0 0 0 0 0]
[5015929821320943951564900487325173678622210868934779348364906784656443069620067015688284715962322463071109388966342981274845589339116163816744031454651258099315957195967597277819914526870538232438278718766980660712400684230887431794246309720973237787074181220 0 0 0 0 0 0 0 0 0 0 0 0 0 0 0 0 0 0 0 0 0 0 0 0 0 1 0 0 0 0 0 0 0 0 0 0 0 0 0 0 0 0 0 0 0 0 0 0 0 0 0 0 0 0 0 0 0 0 0 0 0 0 0 0 0 0 0 0 0 0 0 0 0 0 0 0 0 0 0 0 0 0 0 0 0]
[1602084367756849496196696994506516900029750064836796714920413099875558612394731933528703841941897760808316543819329007462049316684754562603688699347970082614462330128819425025024851019394932255343887923044012742606655813727815159604964369954608341539185025198 0 0 0 0 0 0 0 0 0 0 0 0 0 0 0 0 0 0 0 0 0 0 0 0 0 0 1 0 0 0 0 0 0 0 0 0 0 0 0 0 0 0 0 0 0 0 0 0 0 0 0 0 0 0 0 0 0 0 0 0 0 0 0 0 0 0 0 0 0 0 0 0 0 0 0 0 0 0 0 0 0 0 0 0 0]
[4776618636283961429783132549195740116085039556542131435475175336102401419847771367346967153767349519050300387854339524904690587781763764500132966180678971086028493393229008856360143941868472229913612073071759316508895748559305786701134735489481602477040791206 0 0 0 0 0 0 0 0 0 0 0 0 0 0 0 0 0 0 0 0 0 0 0 0 0 0 0 1 0 0 0 0 0 0 0 0 0 0 0 0 0 0 0 0 0 0 0 0 0 0 0 0 0 0 0 0 0 0 0 0 0 0 0 0 0 0 0 0 0 0 0 0 0 0 0 0 0 0 0 0 0 0 0 0 0]
[471957068468682522168116119454939697528370804908109021142451840397105072083563027620950982867438673070295039540555055505473040068418925125641852214893189556055954641887457665449726748894567044040414029128599578431205191221268789941777513347491058710419174669 0 0 0 0 0 0 0 0 0 0 0 0 0 0 0 0 0 0 0 0 0 0 0 0 0 0 0 0 1 0 0 0 0 0 0 0 0 0 0 0 0 0 0 0 0 0 0 0 0 0 0 0 0 0 0 0 0 0 0 0 0 0 0 0 0 0 0 0 0 0 0 0 0 0 0 0 0 0 0 0 0 0 0 0 0]
[1919066484743699685965405969855814158320270071181791100511184089015439428173031615561434997040097403233125406929366351776153924300221894329121827738097995440151397744991436490443174590504183866517165949445197086875401825877223448012313856213469466596691653305 0 0 0 0 0 0 0 0 0 0 0 0 0 0 0 0 0 0 0 0 0 0 0 0 0 0 0 0 0 1 0 0 0 0 0 0 0 0 0 0 0 0 0 0 0 0 0 0 0 0 0 0 0 0 0 0 0 0 0 0 0 0 0 0 0 0 0 0 0 0 0 0 0 0 0 0 0 0 0 0 0 0 0 0 0]
[5023880260785978176322631453148614235928528698017274622539490830216973023880329107724239657261376684797967417247965255838642813514128129766754717423715003716189682297447199097192273539507441886946867906542331851813347328538978051919500354407762903867652372698 0 0 0 0 0 0 0 0 0 0 0 0 0 0 0 0 0 0 0 0 0 0 0 0 0 0 0 0 0 0 1 0 0 0 0 0 0 0 0 0 0 0 0 0 0 0 0 0 0 0 0 0 0 0 0 0 0 0 0 0 0 0 0 0 0 0 0 0 0 0 0 0 0 0 0 0 0 0 0 0 0 0 0 0 0]
[2144719035218322322738187805097422681480581425074810328659905276907984748312230335420205622523412219716504575131040989139908009688683384916757286094740564857689654467462986059032996091725189872778028767886710822361414974259458799497377202271943446020793026472 0 0 0 0 0 0 0 0 0 0 0 0 0 0 0 0 0 0 0 0 0 0 0 0 0 0 0 0 0 0 0 1 0 0 0 0 0 0 0 0 0 0 0 0 0 0 0 0 0 0 0 0 0 0 0 0 0 0 0 0 0 0 0 0 0 0 0 0 0 0 0 0 0 0 0 0 0 0 0 0 0 0 0 0 0]
[3610949395974172481139904679591702077514483448582462569337823323634586045507041539375222822592425932967760818953738997874179301200348044415652088816994943965161269000149556146969716417034291291469514403540415928075181766826853041983009513678751826797707569564 0 0 0 0 0 0 0 0 0 0 0 0 0 0 0 0 0 0 0 0 0 0 0 0 0 0 0 0 0 0 0 0 1 0 0 0 0 0 0 0 0 0 0 0 0 0 0 0 0 0 0 0 0 0 0 0 0 0 0 0 0 0 0 0 0 0 0 0 0 0 0 0 0 0 0 0 0 0 0 0 0 0 0 0 0]
[2485767287897128615006797718032882986755575617073911963088685867503598755750639749050532297819759046039973113465565154423868104179882981518336730539745382599947175403509590844158517255682753862020976481930606894902616762839217870669338341556307396589324020937 0 0 0 0 0 0 0 0 0 0 0 0 0 0 0 0 0 0 0 0 0 0 0 0 0 0 0 0 0 0 0 0 0 1 0 0 0 0 0 0 0 0 0 0 0 0 0 0 0 0 0 0 0 0 0 0 0 0 0 0 0 0 0 0 0 0 0 0 0 0 0 0 0 0 0 0 0 0 0 0 0 0 0 0 0]
[111263080657288459443533272130887643661511507137395179377556236329533566417788717911811138102499950228806409785275204653729731245986325795684136188960887820394261959294126600666690539833406599108399746349148523627829021591242990173182291341662718195527438145 0 0 0 0 0 0 0 0 0 0 0 0 0 0 0 0 0 0 0 0 0 0 0 0 0 0 0 0 0 0 0 0 0 0 1 0 0 0 0 0 0 0 0 0 0 0 0 0 0 0 0 0 0 0 0 0 0 0 0 0 0 0 0 0 0 0 0 0 0 0 0 0 0 0 0 0 0 0 0 0 0 0 0 0 0]
[3820062744974622405890634389508867155119039416775522175791248337739108240117683927623487275713099204595029400286142186866485995102586128365231027570798079373429408946420347913114370571862777941779836723315221528506127926098417730064660737290730222116239984890 0 0 0 0 0 0 0 0 0 0 0 0 0 0 0 0 0 0 0 0 0 0 0 0 0 0 0 0 0 0 0 0 0 0 0 1 0 0 0 0 0 0 0 0 0 0 0 0 0 0 0 0 0 0 0 0 0 0 0 0 0 0 0 0 0 0 0 0 0 0 0 0 0 0 0 0 0 0 0 0 0 0 0 0 0]
[6058405198681621295127072996702068280971808410897728024268750288447420650835540680807736873409828542545123464016264179486107092736253274490765294706520656839667478982803938038152667098769641311634217675961729107904544332623143946340232096992128720309094782258 0 0 0 0 0 0 0 0 0 0 0 0 0 0 0 0 0 0 0 0 0 0 0 0 0 0 0 0 0 0 0 0 0 0 0 0 1 0 0 0 0 0 0 0 0 0 0 0 0 0 0 0 0 0 0 0 0 0 0 0 0 0 0 0 0 0 0 0 0 0 0 0 0 0 0 0 0 0 0 0 0 0 0 0 0]
[1490564604946366297314326702585382762512052200919168340224096566050840742275323705278770079898003904625557394037101127416785591922731748340242147525383943769879111289593301233724929384645032154871181646214513604844452116051232004729770034590855512632322710741 0 0 0 0 0 0 0 0 0 0 0 0 0 0 0 0 0 0 0 0 0 0 0 0 0 0 0 0 0 0 0 0 0 0 0 0 0 1 0 0 0 0 0 0 0 0 0 0 0 0 0 0 0 0 0 0 0 0 0 0 0 0 0 0 0 0 0 0 0 0 0 0 0 0 0 0 0 0 0 0 0 0 0 0 0]
[337930903793524760845379602088710245851366160750566266002692219046133473058079355542060547247427783588862538688017215023450812771900800419861616832563497197778272638117259930043539699468607261300152309550989443476418340298071656267880972857044167706266364987 0 0 0 0 0 0 0 0 0 0 0 0 0 0 0 0 0 0 0 0 0 0 0 0 0 0 0 0 0 0 0 0 0 0 0 0 0 0 1 0 0 0 0 0 0 0 0 0 0 0 0 0 0 0 0 0 0 0 0 0 0 0 0 0 0 0 0 0 0 0 0 0 0 0 0 0 0 0 0 0 0 0 0 0 0]
[3198444090294477537078230827552687228823710952965287720286487230415992285118466552835124036944360057148016261564107106028535413751509380993599643085699381141164278573966922208588778015050650484285861350705550753286452915933461111498949892510319233429189698784 0 0 0 0 0 0 0 0 0 0 0 0 0 0 0 0 0 0 0 0 0 0 0 0 0 0 0 0 0 0 0 0 0 0 0 0 0 0 0 1 0 0 0 0 0 0 0 0 0 0 0 0 0 0 0 0 0 0 0 0 0 0 0 0 0 0 0 0 0 0 0 0 0 0 0 0 0 0 0 0 0 0 0 0 0]
[1709636946379206280606890479604325787336724943216434132379168103100291762696065653580674787573822824070253815970098579974252188723835533114890146923569077606539645578883738806255945505667323743965745854997361060031509846598617119338747041820722016804978566810 0 0 0 0 0 0 0 0 0 0 0 0 0 0 0 0 0 0 0 0 0 0 0 0 0 0 0 0 0 0 0 0 0 0 0 0 0 0 0 0 1 0 0 0 0 0 0 0 0 0 0 0 0 0 0 0 0 0 0 0 0 0 0 0 0 0 0 0 0 0 0 0 0 0 0 0 0 0 0 0 0 0 0 0 0]
[2257875719171649433496227113115769242604174439273208035283903839260408345764709681002318536761657175668427268878821340214133429160997169204978811548555412510184476384916577742940543312637282934645741170368414645276461918865292810636950841056219406274598419245 0 0 0 0 0 0 0 0 0 0 0 0 0 0 0 0 0 0 0 0 0 0 0 0 0 0 0 0 0 0 0 0 0 0 0 0 0 0 0 0 0 1 0 0 0 0 0 0 0 0 0 0 0 0 0 0 0 0 0 0 0 0 0 0 0 0 0 0 0 0 0 0 0 0 0 0 0 0 0 0 0 0 0 0 0]
[5538310324487606368730560172474408414318629032743273830831926154890714463534268711749047568815341419211237720860497105636095042312017087379267684920729552706045956796562460949505641207951671414905878516779148290640313871860068027308409241963915419027826732025 0 0 0 0 0 0 0 0 0 0 0 0 0 0 0 0 0 0 0 0 0 0 0 0 0 0 0 0 0 0 0 0 0 0 0 0 0 0 0 0 0 0 1 0 0 0 0 0 0 0 0 0 0 0 0 0 0 0 0 0 0 0 0 0 0 0 0 0 0 0 0 0 0 0 0 0 0 0 0 0 0 0 0 0 0]
[2325213880407185802384670145100013886600929894402051554056186854770153578506534616291568005148963486767878672273915797934999975104945103436843050655628025858311705867933153310783510047304456920473090619999291412612942720244326825111266118028610694155883214368 0 0 0 0 0 0 0 0 0 0 0 0 0 0 0 0 0 0 0 0 0 0 0 0 0 0 0 0 0 0 0 0 0 0 0 0 0 0 0 0 0 0 0 1 0 0 0 0 0 0 0 0 0 0 0 0 0 0 0 0 0 0 0 0 0 0 0 0 0 0 0 0 0 0 0 0 0 0 0 0 0 0 0 0 0]
[889610620588851678952732798092183538185707834414193906512676196220279949557864580480793439244500926988526486578402085724398989837004023633434346915603669012273736148040745678703954319170328932850985281214389681592510216916109166724943711635019150267491655628 0 0 0 0 0 0 0 0 0 0 0 0 0 0 0 0 0 0 0 0 0 0 0 0 0 0 0 0 0 0 0 0 0 0 0 0 0 0 0 0 0 0 0 0 1 0 0 0 0 0 0 0 0 0 0 0 0 0 0 0 0 0 0 0 0 0 0 0 0 0 0 0 0 0 0 0 0 0 0 0 0 0 0 0 0]
[1576094143647491857916797605333084263899248607261662547014121027688687313840499713978422896813474112374949764026849656097199567125247833729594672100131819017193057491797312469084801615268443880623218338686499388799868081765856580777716844641248175702102637339 0 0 0 0 0 0 0 0 0 0 0 0 0 0 0 0 0 0 0 0 0 0 0 0 0 0 0 0 0 0 0 0 0 0 0 0 0 0 0 0 0 0 0 0 0 1 0 0 0 0 0 0 0 0 0 0 0 0 0 0 0 0 0 0 0 0 0 0 0 0 0 0 0 0 0 0 0 0 0 0 0 0 0 0 0]
[3204169579386377432205122353581136526874602055130646218912245315269928836374645242380523253488974491814234478452728818976043696571841012799035289993868713777227616611586898612541528051022096556022560970903449143567985066444800011184839169971087036569411184167 0 0 0 0 0 0 0 0 0 0 0 0 0 0 0 0 0 0 0 0 0 0 0 0 0 0 0 0 0 0 0 0 0 0 0 0 0 0 0 0 0 0 0 0 0 0 1 0 0 0 0 0 0 0 0 0 0 0 0 0 0 0 0 0 0 0 0 0 0 0 0 0 0 0 0 0 0 0 0 0 0 0 0 0 0]
[1468633783817732463098707690546057731465037346683832794150095589636935704046720945398158406817302270444821205409976675375880095676004999355572633923754367460428178219914141580159367629896632849058012627471341052755236707611052274812364596985460530206905800753 0 0 0 0 0 0 0 0 0 0 0 0 0 0 0 0 0 0 0 0 0 0 0 0 0 0 0 0 0 0 0 0 0 0 0 0 0 0 0 0 0 0 0 0 0 0 0 1 0 0 0 0 0 0 0 0 0 0 0 0 0 0 0 0 0 0 0 0 0 0 0 0 0 0 0 0 0 0 0 0 0 0 0 0 0]
[1959501724512416140775752678999556790285321365722242039215664169531383673491124040493353648346401360704093132517261421531720765546089900340279019587683213764303345556223619388194890545206052500225533413569187113959673415168070836281570035079197862207476280923 0 0 0 0 0 0 0 0 0 0 0 0 0 0 0 0 0 0 0 0 0 0 0 0 0 0 0 0 0 0 0 0 0 0 0 0 0 0 0 0 0 0 0 0 0 0 0 0 1 0 0 0 0 0 0 0 0 0 0 0 0 0 0 0 0 0 0 0 0 0 0 0 0 0 0 0 0 0 0 0 0 0 0 0 0]
[4705952637272902898832667119218229012057851665260197999015937242255589150585641412114012920711667299458442733341960185708369176744314690636474813622310786419590844224753105073633057242721534965605892507259525998133228912521340027682323831317755918982913865166 0 0 0 0 0 0 0 0 0 0 0 0 0 0 0 0 0 0 0 0 0 0 0 0 0 0 0 0 0 0 0 0 0 0 0 0 0 0 0 0 0 0 0 0 0 0 0 0 0 1 0 0 0 0 0 0 0 0 0 0 0 0 0 0 0 0 0 0 0 0 0 0 0 0 0 0 0 0 0 0 0 0 0 0 0]
[5750693791573869717582547761768483740424941567602417002563560321676526770624040823014792703653333883378191729855754837092080875380620252683154196137397098675134740659069166562151786057525152726982812717599262492015500542311559394740657293039674993066564516641 0 0 0 0 0 0 0 0 0 0 0 0 0 0 0 0 0 0 0 0 0 0 0 0 0 0 0 0 0 0 0 0 0 0 0 0 0 0 0 0 0 0 0 0 0 0 0 0 0 0 1 0 0 0 0 0 0 0 0 0 0 0 0 0 0 0 0 0 0 0 0 0 0 0 0 0 0 0 0 0 0 0 0 0 0]
[3564737764337113900676548902146176941513645716436403547296012820130853352416188592926657768139250863176065203772420175445879557521033904180881626983704067895005023664768539626796566764592163457159416308783228921926378197761369542678492866929685854063172198285 0 0 0 0 0 0 0 0 0 0 0 0 0 0 0 0 0 0 0 0 0 0 0 0 0 0 0 0 0 0 0 0 0 0 0 0 0 0 0 0 0 0 0 0 0 0 0 0 0 0 0 1 0 0 0 0 0 0 0 0 0 0 0 0 0 0 0 0 0 0 0 0 0 0 0 0 0 0 0 0 0 0 0 0 0]
[4167249429898418930927674026454134345261110463869034286599652220622570771683957278721451610193415427847799191379506901979311144378226820939248205459095342982918441814676966788371855493728644975175211221296868863195005290275390130675728901302445351496712401084 0 0 0 0 0 0 0 0 0 0 0 0 0 0 0 0 0 0 0 0 0 0 0 0 0 0 0 0 0 0 0 0 0 0 0 0 0 0 0 0 0 0 0 0 0 0 0 0 0 0 0 0 1 0 0 0 0 0 0 0 0 0 0 0 0 0 0 0 0 0 0 0 0 0 0 0 0 0 0 0 0 0 0 0 0]
[5351809443495633097089969222346667828177666451845189633022021965484622658236803839215017114504988115023081007979239042454978690605387432837063758463865472245987173557682765770574080473686008643409491697643829302495770578301840456115394161341953196503906961891 0 0 0 0 0 0 0 0 0 0 0 0 0 0 0 0 0 0 0 0 0 0 0 0 0 0 0 0 0 0 0 0 0 0 0 0 0 0 0 0 0 0 0 0 0 0 0 0 0 0 0 0 0 1 0 0 0 0 0 0 0 0 0 0 0 0 0 0 0 0 0 0 0 0 0 0 0 0 0 0 0 0 0 0 0]
[5634314242385389260889501773646930587931704321984674334982094501588602963538712083477389846445847508748447433829235827278972399265382228958753265295756862844239817617230556284724705759823892268559226877329097756997883130369533592261904710567979371912226105851 0 0 0 0 0 0 0 0 0 0 0 0 0 0 0 0 0 0 0 0 0 0 0 0 0 0 0 0 0 0 0 0 0 0 0 0 0 0 0 0 0 0 0 0 0 0 0 0 0 0 0 0 0 0 1 0 0 0 0 0 0 0 0 0 0 0 0 0 0 0 0 0 0 0 0 0 0 0 0 0 0 0 0 0 0]
[448522667777845129662931400602700800199730397237382017410764875575476498880407385904410256020577491189906006769216528051146000579500271057662551144757994454143960631343649305575534873418701743796799513931771379519901453605356434584369272798199913996373126597 0 0 0 0 0 0 0 0 0 0 0 0 0 0 0 0 0 0 0 0 0 0 0 0 0 0 0 0 0 0 0 0 0 0 0 0 0 0 0 0 0 0 0 0 0 0 0 0 0 0 0 0 0 0 0 1 0 0 0 0 0 0 0 0 0 0 0 0 0 0 0 0 0 0 0 0 0 0 0 0 0 0 0 0 0]
[5809066507062058024926554907077292076295961361581650824172281315220831330852759741090893913508662551537974182873572885101602328201649508792118065783484001012160215590634587278642816017906783952210910645779943835122711747697828758371414418059216897975808741349 0 0 0 0 0 0 0 0 0 0 0 0 0 0 0 0 0 0 0 0 0 0 0 0 0 0 0 0 0 0 0 0 0 0 0 0 0 0 0 0 0 0 0 0 0 0 0 0 0 0 0 0 0 0 0 0 1 0 0 0 0 0 0 0 0 0 0 0 0 0 0 0 0 0 0 0 0 0 0 0 0 0 0 0 0]
[3849599984840509043476232013605323681560205837281396053802848142145212114823143559955104430894949721949492041485254089027400653945361574534144532865166324000305285930929213991803267590713474819924141631926316972899677858875254025443891991898078184974674514813 0 0 0 0 0 0 0 0 0 0 0 0 0 0 0 0 0 0 0 0 0 0 0 0 0 0 0 0 0 0 0 0 0 0 0 0 0 0 0 0 0 0 0 0 0 0 0 0 0 0 0 0 0 0 0 0 0 1 0 0 0 0 0 0 0 0 0 0 0 0 0 0 0 0 0 0 0 0 0 0 0 0 0 0 0]
[1444184795508139528190503562829657114125445422179443518040011157757407414431614104773767525609538881894636870540289658476680191582417382464015680216598678005635334795471796159276637805007572983075599017680645563693742110711423212157555450555813653074439526946 0 0 0 0 0 0 0 0 0 0 0 0 0 0 0 0 0 0 0 0 0 0 0 0 0 0 0 0 0 0 0 0 0 0 0 0 0 0 0 0 0 0 0 0 0 0 0 0 0 0 0 0 0 0 0 0 0 0 1 0 0 0 0 0 0 0 0 0 0 0 0 0 0 0 0 0 0 0 0 0 0 0 0 0 0]
[3337350064720576559928947985445072902472057855810120919330034370113940269972735632043179045932096802887035541755410228697000494742463093681799838719143748769448419027291790235292655861876524334378131043853309255373850748630339111318031267562052894490501904652 0 0 0 0 0 0 0 0 0 0 0 0 0 0 0 0 0 0 0 0 0 0 0 0 0 0 0 0 0 0 0 0 0 0 0 0 0 0 0 0 0 0 0 0 0 0 0 0 0 0 0 0 0 0 0 0 0 0 0 1 0 0 0 0 0 0 0 0 0 0 0 0 0 0 0 0 0 0 0 0 0 0 0 0 0]
[2199500552455837022684670364707786902330124361927285589480975494479722224122343804682778004235661196864474797605414080459117962106310778042783883614131964912549710343349120111800553794963953002471870023926519674872988701830783638149359941220361569009145602945 0 0 0 0 0 0 0 0 0 0 0 0 0 0 0 0 0 0 0 0 0 0 0 0 0 0 0 0 0 0 0 0 0 0 0 0 0 0 0 0 0 0 0 0 0 0 0 0 0 0 0 0 0 0 0 0 0 0 0 0 1 0 0 0 0 0 0 0 0 0 0 0 0 0 0 0 0 0 0 0 0 0 0 0 0]
[732959655076678640230591799964078898912070350632802894974396899069192016729753052968161388275210674833012378907610380969903324061072580591603231971428191358282214851843666572639965228861543484126238369991751930933464259585770441808488729040058770899507415391 0 0 0 0 0 0 0 0 0 0 0 0 0 0 0 0 0 0 0 0 0 0 0 0 0 0 0 0 0 0 0 0 0 0 0 0 0 0 0 0 0 0 0 0 0 0 0 0 0 0 0 0 0 0 0 0 0 0 0 0 0 1 0 0 0 0 0 0 0 0 0 0 0 0 0 0 0 0 0 0 0 0 0 0 0]
[4735755384568486381943815676561522502167155320941874555221596684072946324767353536905946131084176500237016850098135357904346446185186049512174216592033371499153002902845707753724107444482603519821477241755641234914267841800688857092837016663264225419226249563 0 0 0 0 0 0 0 0 0 0 0 0 0 0 0 0 0 0 0 0 0 0 0 0 0 0 0 0 0 0 0 0 0 0 0 0 0 0 0 0 0 0 0 0 0 0 0 0 0 0 0 0 0 0 0 0 0 0 0 0 0 0 1 0 0 0 0 0 0 0 0 0 0 0 0 0 0 0 0 0 0 0 0 0 0]
[1781615157073698629082863467637184429010544168070321447132430226044740170087998684755285054283488627079086784142654679835870528151704290322187118190852130225078631555976368750083656532193434524085673045950120451181788757901421540610855322821213783166798002069 0 0 0 0 0 0 0 0 0 0 0 0 0 0 0 0 0 0 0 0 0 0 0 0 0 0 0 0 0 0 0 0 0 0 0 0 0 0 0 0 0 0 0 0 0 0 0 0 0 0 0 0 0 0 0 0 0 0 0 0 0 0 0 1 0 0 0 0 0 0 0 0 0 0 0 0 0 0 0 0 0 0 0 0 0]
[5140091834083652543932141705685950910361058882127493628279071945818202634557551560494859469435766755453375606898520851306603908457152792186561930116466239821759793713505104509708521144613143623994115011158810420715801989897979888289825155962400361843218984827 0 0 0 0 0 0 0 0 0 0 0 0 0 0 0 0 0 0 0 0 0 0 0 0 0 0 0 0 0 0 0 0 0 0 0 0 0 0 0 0 0 0 0 0 0 0 0 0 0 0 0 0 0 0 0 0 0 0 0 0 0 0 0 0 1 0 0 0 0 0 0 0 0 0 0 0 0 0 0 0 0 0 0 0 0]
[3374610742078122944125863034904542203563253181837192104160797280979556574318428496991036825044550728647777581496498618620259490863906810152615905179988413758857586847012162752255411450311847928591151939973729156375112207673365956238985243097927038351052019838 0 0 0 0 0 0 0 0 0 0 0 0 0 0 0 0 0 0 0 0 0 0 0 0 0 0 0 0 0 0 0 0 0 0 0 0 0 0 0 0 0 0 0 0 0 0 0 0 0 0 0 0 0 0 0 0 0 0 0 0 0 0 0 0 0 1 0 0 0 0 0 0 0 0 0 0 0 0 0 0 0 0 0 0 0]
[2175085501761695337425283239606348678663623170537854614725480829178795080615742659761360095163180400053583102684538641232175934512243386098029706435518523516688349529870593846498066894351339344116639690566694185934258599040996339108303546652793595979368975097 0 0 0 0 0 0 0 0 0 0 0 0 0 0 0 0 0 0 0 0 0 0 0 0 0 0 0 0 0 0 0 0 0 0 0 0 0 0 0 0 0 0 0 0 0 0 0 0 0 0 0 0 0 0 0 0 0 0 0 0 0 0 0 0 0 0 1 0 0 0 0 0 0 0 0 0 0 0 0 0 0 0 0 0 0]
[978348975924906125552274329849072706566919529913349567470351538979890521249065239319548853266571093837568537712389480752380656521874534353004402729977673575877282621792559629845769394515402900319473424577697566400297855988449057792596306522931638337668556165 0 0 0 0 0 0 0 0 0 0 0 0 0 0 0 0 0 0 0 0 0 0 0 0 0 0 0 0 0 0 0 0 0 0 0 0 0 0 0 0 0 0 0 0 0 0 0 0 0 0 0 0 0 0 0 0 0 0 0 0 0 0 0 0 0 0 0 1 0 0 0 0 0 0 0 0 0 0 0 0 0 0 0 0 0]
[642046312223028898696612635382285497751139216758416571749940070690932926448196996140773112304236773471682307338146369807876458914426398057277567400941673373108803299631554292653221080819440724460294481022251952868106933640739983493359529660355035471107239814 0 0 0 0 0 0 0 0 0 0 0 0 0 0 0 0 0 0 0 0 0 0 0 0 0 0 0 0 0 0 0 0 0 0 0 0 0 0 0 0 0 0 0 0 0 0 0 0 0 0 0 0 0 0 0 0 0 0 0 0 0 0 0 0 0 0 0 0 1 0 0 0 0 0 0 0 0 0 0 0 0 0 0 0 0]
[2044372631493982861528476471466984528789585235098289954834802721280771314417391874068074703096833796687554829385558624227707929512249943848432995672430917847587422033458518795035365265300682986699834179595459636392078531628770256915970386542995244486125723462 0 0 0 0 0 0 0 0 0 0 0 0 0 0 0 0 0 0 0 0 0 0 0 0 0 0 0 0 0 0 0 0 0 0 0 0 0 0 0 0 0 0 0 0 0 0 0 0 0 0 0 0 0 0 0 0 0 0 0 0 0 0 0 0 0 0 0 0 0 1 0 0 0 0 0 0 0 0 0 0 0 0 0 0 0]
[1628060700544150007295283180366267209145927183991970733385700545969676851738538545793600830393225402808460384427916291993543039722252084963477650314812851388306178468282683634987335395740271768326291566466729776832530728880283655244991881193947177723856094281 0 0 0 0 0 0 0 0 0 0 0 0 0 0 0 0 0 0 0 0 0 0 0 0 0 0 0 0 0 0 0 0 0 0 0 0 0 0 0 0 0 0 0 0 0 0 0 0 0 0 0 0 0 0 0 0 0 0 0 0 0 0 0 0 0 0 0 0 0 0 1 0 0 0 0 0 0 0 0 0 0 0 0 0 0]
[2576070601821471566746973833419517307244881748744628209322881890973844087978510023900877186367555308087996116789609263225660946021273579554859767057607773683243389609971033299066039184938942298963568492227020282123888940541428846517828538698291732213471456616 0 0 0 0 0 0 0 0 0 0 0 0 0 0 0 0 0 0 0 0 0 0 0 0 0 0 0 0 0 0 0 0 0 0 0 0 0 0 0 0 0 0 0 0 0 0 0 0 0 0 0 0 0 0 0 0 0 0 0 0 0 0 0 0 0 0 0 0 0 0 0 1 0 0 0 0 0 0 0 0 0 0 0 0 0]
[1902060099444542002911362943858742697936975164482900874128857551043830207707469776885215685728269851922451145756972951103754805130136295987742241206640160307444710082181082313754762059725220035100740786963906572032263037373037729068149433684874285056711815308 0 0 0 0 0 0 0 0 0 0 0 0 0 0 0 0 0 0 0 0 0 0 0 0 0 0 0 0 0 0 0 0 0 0 0 0 0 0 0 0 0 0 0 0 0 0 0 0 0 0 0 0 0 0 0 0 0 0 0 0 0 0 0 0 0 0 0 0 0 0 0 0 1 0 0 0 0 0 0 0 0 0 0 0 0]
[5995598561291503691924835073484190568088259093701937825278220071340281126776560129001925762827647007150521052375185414129249094364770791901657264065317355870940800121142716041425844006315280282456743107490546703775935041796592372342852067562354638706215744683 0 0 0 0 0 0 0 0 0 0 0 0 0 0 0 0 0 0 0 0 0 0 0 0 0 0 0 0 0 0 0 0 0 0 0 0 0 0 0 0 0 0 0 0 0 0 0 0 0 0 0 0 0 0 0 0 0 0 0 0 0 0 0 0 0 0 0 0 0 0 0 0 0 1 0 0 0 0 0 0 0 0 0 0 0]
[1057780563097742137886278943508678961465295762951837152886724044753433613322723151377566735813056580756420563801482435018693362913365776358886743938804586269282645544918653575767862062539915641807611035724124876369932696698550911934625241950802741111601031266 0 0 0 0 0 0 0 0 0 0 0 0 0 0 0 0 0 0 0 0 0 0 0 0 0 0 0 0 0 0 0 0 0 0 0 0 0 0 0 0 0 0 0 0 0 0 0 0 0 0 0 0 0 0 0 0 0 0 0 0 0 0 0 0 0 0 0 0 0 0 0 0 0 0 1 0 0 0 0 0 0 0 0 0 0]
[599875646259188336615374967402326303843836474628612902526662869425656618584795571184419829642714842872582730203670969285205558804324670615753250452428634819398953528813965721348202804005946277258396469491043115481598226277723332769566258860109369920228475860 0 0 0 0 0 0 0 0 0 0 0 0 0 0 0 0 0 0 0 0 0 0 0 0 0 0 0 0 0 0 0 0 0 0 0 0 0 0 0 0 0 0 0 0 0 0 0 0 0 0 0 0 0 0 0 0 0 0 0 0 0 0 0 0 0 0 0 0 0 0 0 0 0 0 0 1 0 0 0 0 0 0 0 0 0]
[338174499873857896953025211730822390319167570171273012550273115293326685742676312048548924452119900624363463576662053361151541896674588970817939905709715148396582717337433909613148225252518272012948123735553099480382825100203252322346850996434609803232138801 0 0 0 0 0 0 0 0 0 0 0 0 0 0 0 0 0 0 0 0 0 0 0 0 0 0 0 0 0 0 0 0 0 0 0 0 0 0 0 0 0 0 0 0 0 0 0 0 0 0 0 0 0 0 0 0 0 0 0 0 0 0 0 0 0 0 0 0 0 0 0 0 0 0 0 0 1 0 0 0 0 0 0 0 0]
[6119712395232558595060409916926539206233508581967824715641485047633532592826862092408063670922759181673352573029962740785416415947954117609663881074275248329568960025054155002684337092433127228739265761967719524796063630836742674377814725119902197575016319820 0 0 0 0 0 0 0 0 0 0 0 0 0 0 0 0 0 0 0 0 0 0 0 0 0 0 0 0 0 0 0 0 0 0 0 0 0 0 0 0 0 0 0 0 0 0 0 0 0 0 0 0 0 0 0 0 0 0 0 0 0 0 0 0 0 0 0 0 0 0 0 0 0 0 0 0 0 1 0 0 0 0 0 0 0]
[5053082603419488752731694459788776776741338849592862751055646130482027006591846218675343475284903433110555338529460898086505320776120254551926032580411562673402342987468393390529945878658807920565944055144276348948442758655879313048673022691784986268957483351 0 0 0 0 0 0 0 0 0 0 0 0 0 0 0 0 0 0 0 0 0 0 0 0 0 0 0 0 0 0 0 0 0 0 0 0 0 0 0 0 0 0 0 0 0 0 0 0 0 0 0 0 0 0 0 0 0 0 0 0 0 0 0 0 0 0 0 0 0 0 0 0 0 0 0 0 0 0 1 0 0 0 0 0 0]
[3951628059886834771501863820075735540587310438277355970631586322533369238051011094650786659645054064490539394749565717138517291357096443967313671032628360007299477186410324860165767166441416444376057215380101905065812308973618124991297101355956683020252945354 0 0 0 0 0 0 0 0 0 0 0 0 0 0 0 0 0 0 0 0 0 0 0 0 0 0 0 0 0 0 0 0 0 0 0 0 0 0 0 0 0 0 0 0 0 0 0 0 0 0 0 0 0 0 0 0 0 0 0 0 0 0 0 0 0 0 0 0 0 0 0 0 0 0 0 0 0 0 0 1 0 0 0 0 0]
[6414288883288636093809774717158132502416713872529307715172542153436592552629861754333538708654418660603792241336962652700140706539349648197716678207073588604294832170438999916524093629415618410168395775480650663221945946746843860552422660172368226222631070690 0 0 0 0 0 0 0 0 0 0 0 0 0 0 0 0 0 0 0 0 0 0 0 0 0 0 0 0 0 0 0 0 0 0 0 0 0 0 0 0 0 0 0 0 0 0 0 0 0 0 0 0 0 0 0 0 0 0 0 0 0 0 0 0 0 0 0 0 0 0 0 0 0 0 0 0 0 0 0 0 1 0 0 0 0]
[3742942492775215444693508646235752930328236439144325157515728525056409128328326142653415440452181962623888444616760310382274590015971923779030384962414267323854610984556980680347125553452753527940942656243615938324275627500176683397143627161670879372943135136 0 0 0 0 0 0 0 0 0 0 0 0 0 0 0 0 0 0 0 0 0 0 0 0 0 0 0 0 0 0 0 0 0 0 0 0 0 0 0 0 0 0 0 0 0 0 0 0 0 0 0 0 0 0 0 0 0 0 0 0 0 0 0 0 0 0 0 0 0 0 0 0 0 0 0 0 0 0 0 0 0 1 0 0 0]
[1781892484620738639435844327670447574392555692823160871980469800175386183226767689563914161583447862204973440313280275121563730197565220704905279478414288345474838182510857589302834645449384822896607583779481129275876787369128445963792577087837016650590742967 0 0 0 0 0 0 0 0 0 0 0 0 0 0 0 0 0 0 0 0 0 0 0 0 0 0 0 0 0 0 0 0 0 0 0 0 0 0 0 0 0 0 0 0 0 0 0 0 0 0 0 0 0 0 0 0 0 0 0 0 0 0 0 0 0 0 0 0 0 0 0 0 0 0 0 0 0 0 0 0 0 0 1 0 0]
[1471922127678780717523016046383112995234119464772438930694593678114559493299276897731345223606476835540870657346449652239889961063897260466000508808305969921990485934005043210350074886410022762625131942948501698467729419978371824478917736483991627240945243246 0 0 0 0 0 0 0 0 0 0 0 0 0 0 0 0 0 0 0 0 0 0 0 0 0 0 0 0 0 0 0 0 0 0 0 0 0 0 0 0 0 0 0 0 0 0 0 0 0 0 0 0 0 0 0 0 0 0 0 0 0 0 0 0 0 0 0 0 0 0 0 0 0 0 0 0 0 0 0 0 0 0 0 1 0]
[3114137851651150814986319279897230728081105407482870665790919084163392737031667520654059171193571143083478196688494023709623244035261535485057400388041292291472838259498207636521611141929352610359387993257433849701188478264522673719615220948570539859424091190 0 0 0 0 0 0 0 0 0 0 0 0 0 0 0 0 0 0 0 0 0 0 0 0 0 0 0 0 0 0 0 0 0 0 0 0 0 0 0 0 0 0 0 0 0 0 0 0 0 0 0 0 0 0 0 0 0 0 0 0 0 0 0 0 0 0 0 0 0 0 0 0 0 0 0 0 0 0 0 0 0 0 0 0 1]
]
