[[2816960764597182649410581182757127577684034817804384583316584146602130086382729217983993851629046326987333548110987986538652511115432578514474376750642786793 0 0 0 0 0 0 0 0 0 0 0 0 0 0 0 0 0 0 0 0 0 0 0 0 0 0 0 0 0 0 0 0 0 0 0 0 0 0 0 0 0 0 0 0 0 0 0 0 0 0 0]
[204556328827963034047122768405368374070900851977269377848387073464178516553991225748469513480437676259337590877748918262955438090678140831230922981214413672 1 0 0 0 0 0 0 0 0 0 0 0 0 0 0 0 0 0 0 0 0 0 0 0 0 0 0 0 0 0 0 0 0 0 0 0 0 0 0 0 0 0 0 0 0 0 0 0 0 0 0]
[2043967205308393793365650913706825186595810083327938888782865702639295731186467942425985576726403913993624563082224300112128504151674786857066855269047988839 0 1 0 0 0 0 0 0 0 0 0 0 0 0 0 0 0 0 0 0 0 0 0 0 0 0 0 0 0 0 0 0 0 0 0 0 0 0 0 0 0 0 0 0 0 0 0 0 0 0 0]
[270002291643874689355459348953437479610506078082646169182651108430928067342164415538097919250867434003744406231266971733035622147691003252622250093135121761 0 0 1 0 0 0 0 0 0 0 0 0 0 0 0 0 0 0 0 0 0 0 0 0 0 0 0 0 0 0 0 0 0 0 0 0 0 0 0 0 0 0 0 0 0 0 0 0 0 0 0]
[2007983861960661489572761245275280599967355784903677512255737897879342313972476839875708133662136312471325335080465158767523620939046249437960761555561065331 0 0 0 1 0 0 0 0 0 0 0 0 0 0 0 0 0 0 0 0 0 0 0 0 0 0 0 0 0 0 0 0 0 0 0 0 0 0 0 0 0 0 0 0 0 0 0 0 0 0 0]
[813149905076761205010974112193980621301473773445366683038165171931108506263186160151841009048261830714225148064577319241367347026894477956095494814237806525 0 0 0 0 1 0 0 0 0 0 0 0 0 0 0 0 0 0 0 0 0 0 0 0 0 0 0 0 0 0 0 0 0 0 0 0 0 0 0 0 0 0 0 0 0 0 0 0 0 0 0]
[463567867410750578201232525731769355892242389337363757792757063253769355154390637081732533519214019829298125669601786650345026841011017799225935432912473435 0 0 0 0 0 1 0 0 0 0 0 0 0 0 0 0 0 0 0 0 0 0 0 0 0 0 0 0 0 0 0 0 0 0 0 0 0 0 0 0 0 0 0 0 0 0 0 0 0 0 0]
[460372041090028931874920984719614341050879636289878119969429958311899320138610521214577777143896627582669904140996137103082180606128181840520100624761851958 0 0 0 0 0 0 1 0 0 0 0 0 0 0 0 0 0 0 0 0 0 0 0 0 0 0 0 0 0 0 0 0 0 0 0 0 0 0 0 0 0 0 0 0 0 0 0 0 0 0 0]
[829382965702915502671299371315124235618597104906384688419510584203880108503232127043925170138771403538628188708058724816552264818028654009342692719113386146 0 0 0 0 0 0 0 1 0 0 0 0 0 0 0 0 0 0 0 0 0 0 0 0 0 0 0 0 0 0 0 0 0 0 0 0 0 0 0 0 0 0 0 0 0 0 0 0 0 0 0]
[363119932911869585803891956302728878236395913036254560183387988468790043643690423799065518620390707534516979327181924994340706035349405342407649456520124872 0 0 0 0 0 0 0 0 1 0 0 0 0 0 0 0 0 0 0 0 0 0 0 0 0 0 0 0 0 0 0 0 0 0 0 0 0 0 0 0 0 0 0 0 0 0 0 0 0 0 0]
[2241328752995855954501960784725352137746809920447817717476060743115382082025112669466457146901686887518273696041694949317364383116596110428684261621993053023 0 0 0 0 0 0 0 0 0 1 0 0 0 0 0 0 0 0 0 0 0 0 0 0 0 0 0 0 0 0 0 0 0 0 0 0 0 0 0 0 0 0 0 0 0 0 0 0 0 0 0]
[733711385826551251066880832037720638388531383048499678371313411738627526247454807463160384997578908261924370049390850794621665748319109669283396929433884158 0 0 0 0 0 0 0 0 0 0 1 0 0 0 0 0 0 0 0 0 0 0 0 0 0 0 0 0 0 0 0 0 0 0 0 0 0 0 0 0 0 0 0 0 0 0 0 0 0 0 0]
[193641861904152905650026801255152569402092154821481485744944757443498214965542599450496170880522046523145686884634177610559836992852999636287321290478188802 0 0 0 0 0 0 0 0 0 0 0 1 0 0 0 0 0 0 0 0 0 0 0 0 0 0 0 0 0 0 0 0 0 0 0 0 0 0 0 0 0 0 0 0 0 0 0 0 0 0 0]
[2799580434896572241612539177445609432289608001061405316422442926390146168275742942081831972604722857352970779742217495249565779582861664839833728001834778662 0 0 0 0 0 0 0 0 0 0 0 0 1 0 0 0 0 0 0 0 0 0 0 0 0 0 0 0 0 0 0 0 0 0 0 0 0 0 0 0 0 0 0 0 0 0 0 0 0 0 0]
[1450617433849747412622503135613455731928674989166784117888071810887173689597671521038651217839098416842756544274793209787718987353925503932341867342281264695 0 0 0 0 0 0 0 0 0 0 0 0 0 1 0 0 0 0 0 0 0 0 0 0 0 0 0 0 0 0 0 0 0 0 0 0 0 0 0 0 0 0 0 0 0 0 0 0 0 0 0]
[1385293001951729301779139637183909428320032459047227346675352960750284898032335571147351598726403311222669352081234678878954681493963441382918243568745705187 0 0 0 0 0 0 0 0 0 0 0 0 0 0 1 0 0 0 0 0 0 0 0 0 0 0 0 0 0 0 0 0 0 0 0 0 0 0 0 0 0 0 0 0 0 0 0 0 0 0 0]
[1407798149858344787758906254295006034213497742453002560187976910605721244628061942647662078343530444821270624620166018005920938036000763030100873708169264958 0 0 0 0 0 0 0 0 0 0 0 0 0 0 0 1 0 0 0 0 0 0 0 0 0 0 0 0 0 0 0 0 0 0 0 0 0 0 0 0 0 0 0 0 0 0 0 0 0 0 0]
[2082489908805232626873562807470988319267455814681253915658718871496034839164197111200121154564472561468807349917949616199116706583338068402982616780864141555 0 0 0 0 0 0 0 0 0 0 0 0 0 0 0 0 1 0 0 0 0 0 0 0 0 0 0 0 0 0 0 0 0 0 0 0 0 0 0 0 0 0 0 0 0 0 0 0 0 0 0]
[624647062392831790067584239009267704733491563121026258652380584892825829302998235948913250846596904806315023538136233263862851647621769897216720730490954595 0 0 0 0 0 0 0 0 0 0 0 0 0 0 0 0 0 1 0 0 0 0 0 0 0 0 0 0 0 0 0 0 0 0 0 0 0 0 0 0 0 0 0 0 0 0 0 0 0 0 0]
[95859874454488112932757063309715527792080081222468964135643525907585224102805103005537469865706607088774755052217700579167680044736492154054355363318049291 0 0 0 0 0 0 0 0 0 0 0 0 0 0 0 0 0 0 1 0 0 0 0 0 0 0 0 0 0 0 0 0 0 0 0 0 0 0 0 0 0 0 0 0 0 0 0 0 0 0 0]
[1630220541540117885271018681753039203366848875269161130244891710542817650787627182145093286516944152693382966850234921847639763019278267959058563748242519549 0 0 0 0 0 0 0 0 0 0 0 0 0 0 0 0 0 0 0 1 0 0 0 0 0 0 0 0 0 0 0 0 0 0 0 0 0 0 0 0 0 0 0 0 0 0 0 0 0 0 0]
[564822765793588098459231786813782996153439563046626525838008986874091695335792812792029035589011275311832283535360997692832224187880543725228508036325854114 0 0 0 0 0 0 0 0 0 0 0 0 0 0 0 0 0 0 0 0 1 0 0 0 0 0 0 0 0 0 0 0 0 0 0 0 0 0 0 0 0 0 0 0 0 0 0 0 0 0 0]
[916393436372850683441061923771436686668531264659677432738807864887434256919911187192805575504198281250248365385282058780910893301439250081299075033772595545 0 0 0 0 0 0 0 0 0 0 0 0 0 0 0 0 0 0 0 0 0 1 0 0 0 0 0 0 0 0 0 0 0 0 0 0 0 0 0 0 0 0 0 0 0 0 0 0 0 0 0]
[1532305562904185237847346309057546967180061613017050939938168572654624264977001354600760606221994011847304162650769107756419182305338376566693535605888226244 0 0 0 0 0 0 0 0 0 0 0 0 0 0 0 0 0 0 0 0 0 0 1 0 0 0 0 0 0 0 0 0 0 0 0 0 0 0 0 0 0 0 0 0 0 0 0 0 0 0 0]
[677043292497426626095081627740124064785494128015426875797407890975063849687904785365073773315564394975840722647724621768592218227933928024937176434800848448 0 0 0 0 0 0 0 0 0 0 0 0 0 0 0 0 0 0 0 0 0 0 0 1 0 0 0 0 0 0 0 0 0 0 0 0 0 0 0 0 0 0 0 0 0 0 0 0 0 0 0]
[2449176207802352485628093607602368560016307998835064343332255325259438046839548170454157077073625351296373053490811374445543727827371444609619516378841207123 0 0 0 0 0 0 0 0 0 0 0 0 0 0 0 0 0 0 0 0 0 0 0 0 1 0 0 0 0 0 0 0 0 0 0 0 0 0 0 0 0 0 0 0 0 0 0 0 0 0 0]
[590314560379282943179433579073181433397736190675131726244652926279377716011120348201214826006038621311290060340174701832512045718429174493189962312508198724 0 0 0 0 0 0 0 0 0 0 0 0 0 0 0 0 0 0 0 0 0 0 0 0 0 1 0 0 0 0 0 0 0 0 0 0 0 0 0 0 0 0 0 0 0 0 0 0 0 0 0]
[644004252011832070884514783380573263694188352795565781173827095723287175898386620135988370212010193823525695858419965538122752089338541266508033961733933517 0 0 0 0 0 0 0 0 0 0 0 0 0 0 0 0 0 0 0 0 0 0 0 0 0 0 1 0 0 0 0 0 0 0 0 0 0 0 0 0 0 0 0 0 0 0 0 0 0 0 0]
[271030024555505388009930709523662785990818490006084595127033436615907577878470129023647125139530964052464832062934430979443372643480453387181091150480425749 0 0 0 0 0 0 0 0 0 0 0 0 0 0 0 0 0 0 0 0 0 0 0 0 0 0 0 1 0 0 0 0 0 0 0 0 0 0 0 0 0 0 0 0 0 0 0 0 0 0 0]
[2670282445357562630517039101847321332654353892835941272790613205436060081832586186842919520674463580197018936948211053338896635863360406276162182341692466155 0 0 0 0 0 0 0 0 0 0 0 0 0 0 0 0 0 0 0 0 0 0 0 0 0 0 0 0 1 0 0 0 0 0 0 0 0 0 0 0 0 0 0 0 0 0 0 0 0 0 0]
[2715438316492251687810656326770841747329529568873685636576706943930263114017171677763334087475509687022965889181807957410648528943869536176477018101072487339 0 0 0 0 0 0 0 0 0 0 0 0 0 0 0 0 0 0 0 0 0 0 0 0 0 0 0 0 0 1 0 0 0 0 0 0 0 0 0 0 0 0 0 0 0 0 0 0 0 0 0]
[2530746935267186928945360409357616322831388908730990907838252515150798139778747148550834336560870268306984211919056601903224865220074086075438619471191061278 0 0 0 0 0 0 0 0 0 0 0 0 0 0 0 0 0 0 0 0 0 0 0 0 0 0 0 0 0 0 1 0 0 0 0 0 0 0 0 0 0 0 0 0 0 0 0 0 0 0 0]
[2493034228847395366834932781152900757170639193544366222672656127479764430905602389355810285943001192003848564444384579860542789045835463020662481634821037891 0 0 0 0 0 0 0 0 0 0 0 0 0 0 0 0 0 0 0 0 0 0 0 0 0 0 0 0 0 0 0 1 0 0 0 0 0 0 0 0 0 0 0 0 0 0 0 0 0 0 0]
[2442021127646807482648325006898916902293529623084761440336388257823888864730813380494604478592648601701370369851908021069627422293688627708522097562962898816 0 0 0 0 0 0 0 0 0 0 0 0 0 0 0 0 0 0 0 0 0 0 0 0 0 0 0 0 0 0 0 0 1 0 0 0 0 0 0 0 0 0 0 0 0 0 0 0 0 0 0]
[236075451886713216936488714961068505885996958036957320294697816786884342618351020258253708211099370459117109746606908732768921417240499986247639138424626151 0 0 0 0 0 0 0 0 0 0 0 0 0 0 0 0 0 0 0 0 0 0 0 0 0 0 0 0 0 0 0 0 0 1 0 0 0 0 0 0 0 0 0 0 0 0 0 0 0 0 0]
[941390240855939878664023504283474325442638362456029298108419987901651859773131755312712491103220851973767354095338103161820104761798039439335281232298865107 0 0 0 0 0 0 0 0 0 0 0 0 0 0 0 0 0 0 0 0 0 0 0 0 0 0 0 0 0 0 0 0 0 0 1 0 0 0 0 0 0 0 0 0 0 0 0 0 0 0 0]
[1148584948712347344851635935684206516071560366473214156418297377796468088706585819467849354007210815573376578131192202102774643809810470026636763396671431901 0 0 0 0 0 0 0 0 0 0 0 0 0 0 0 0 0 0 0 0 0 0 0 0 0 0 0 0 0 0 0 0 0 0 0 1 0 0 0 0 0 0 0 0 0 0 0 0 0 0 0]
[2012244287623333403714535521159710431073940226669775331664847006630902552468552403248113530221645179317614324797492627300562663984041459288745017014728050010 0 0 0 0 0 0 0 0 0 0 0 0 0 0 0 0 0 0 0 0 0 0 0 0 0 0 0 0 0 0 0 0 0 0 0 0 1 0 0 0 0 0 0 0 0 0 0 0 0 0 0]
[2313990848970550065341328913793460038287587109547033203251530672585415715479704824159624670679867735627684308354212321032364682415214631385988507328058690124 0 0 0 0 0 0 0 0 0 0 0 0 0 0 0 0 0 0 0 0 0 0 0 0 0 0 0 0 0 0 0 0 0 0 0 0 0 1 0 0 0 0 0 0 0 0 0 0 0 0 0]
[1691368720108903044934234844229785437645193979328046533184856973035418999893919183165918503327370285167762376765349043088141372174878888941619610323436848563 0 0 0 0 0 0 0 0 0 0 0 0 0 0 0 0 0 0 0 0 0 0 0 0 0 0 0 0 0 0 0 0 0 0 0 0 0 0 1 0 0 0 0 0 0 0 0 0 0 0 0]
[1668805941683426924894635516101385241590324062623114477896964923766116999464758697930944561244119827818775784316667910733996522302989461531344708000827548855 0 0 0 0 0 0 0 0 0 0 0 0 0 0 0 0 0 0 0 0 0 0 0 0 0 0 0 0 0 0 0 0 0 0 0 0 0 0 0 1 0 0 0 0 0 0 0 0 0 0 0]
[1507472474450717989654509809795717361986253754030667254823387281393127379510656792335675246575258911521308508073751242116991340511033492959797937197495741037 0 0 0 0 0 0 0 0 0 0 0 0 0 0 0 0 0 0 0 0 0 0 0 0 0 0 0 0 0 0 0 0 0 0 0 0 0 0 0 0 1 0 0 0 0 0 0 0 0 0 0]
[1962443072787083917103496341812084288212611609535001256215349664935408530548403749520143063971327976853686960857303069559676575188143336332850543249085360690 0 0 0 0 0 0 0 0 0 0 0 0 0 0 0 0 0 0 0 0 0 0 0 0 0 0 0 0 0 0 0 0 0 0 0 0 0 0 0 0 0 1 0 0 0 0 0 0 0 0 0]
[896027001981462933398377497842234370139505258378793118874473469602017764230934898622159808500085905452182334388056572541027113001994628429548237409527153651 0 0 0 0 0 0 0 0 0 0 0 0 0 0 0 0 0 0 0 0 0 0 0 0 0 0 0 0 0 0 0 0 0 0 0 0 0 0 0 0 0 0 1 0 0 0 0 0 0 0 0]
[1967051610087225080837173740511875249986583245180164540173044204909536431007081021808965166924022320195715986351203895491009274727182974792090497000361073949 0 0 0 0 0 0 0 0 0 0 0 0 0 0 0 0 0 0 0 0 0 0 0 0 0 0 0 0 0 0 0 0 0 0 0 0 0 0 0 0 0 0 0 1 0 0 0 0 0 0 0]
[2300939319966913600407439537561832088786382196022633351384177121282932373504319143833563844937313312024870591053860371509868773867339847528020162848086862057 0 0 0 0 0 0 0 0 0 0 0 0 0 0 0 0 0 0 0 0 0 0 0 0 0 0 0 0 0 0 0 0 0 0 0 0 0 0 0 0 0 0 0 0 1 0 0 0 0 0 0]
[2160793881588309684806744138957112572554173551544680988913462259817806106944908393657769684101993090608945392745695174321260373760867449808049093927978852160 0 0 0 0 0 0 0 0 0 0 0 0 0 0 0 0 0 0 0 0 0 0 0 0 0 0 0 0 0 0 0 0 0 0 0 0 0 0 0 0 0 0 0 0 0 1 0 0 0 0 0]
[836144645080649994942193250661876214188680251150741144773780249306061790656345073377245089303609618826294718776990975415917309236494427948569338022319366097 0 0 0 0 0 0 0 0 0 0 0 0 0 0 0 0 0 0 0 0 0 0 0 0 0 0 0 0 0 0 0 0 0 0 0 0 0 0 0 0 0 0 0 0 0 0 1 0 0 0 0]
[58993246126641660543465974490182077693332419614029704989989741564692344336831580687177703130769213776998491657161120672313177919045372605610099878072283116 0 0 0 0 0 0 0 0 0 0 0 0 0 0 0 0 0 0 0 0 0 0 0 0 0 0 0 0 0 0 0 0 0 0 0 0 0 0 0 0 0 0 0 0 0 0 0 1 0 0 0]
[2414014310630781288174776657425110677298132483858918166057601205391763989409318907163635456167508507362416565172844453927530708343246053890567075007990462591 0 0 0 0 0 0 0 0 0 0 0 0 0 0 0 0 0 0 0 0 0 0 0 0 0 0 0 0 0 0 0 0 0 0 0 0 0 0 0 0 0 0 0 0 0 0 0 0 1 0 0]
[784665761609609502002230573132597468470863335976179687517802238801999265555177761611250320331179323713128289071221375395029321904780731450467028116252180373 0 0 0 0 0 0 0 0 0 0 0 0 0 0 0 0 0 0 0 0 0 0 0 0 0 0 0 0 0 0 0 0 0 0 0 0 0 0 0 0 0 0 0 0 0 0 0 0 0 1 0]
[2128231907546156501991018752889665512188529723854792135606153633537562436058802057914584532689688572213485272883682801369246359739497523516712115807693951884 0 0 0 0 0 0 0 0 0 0 0 0 0 0 0 0 0 0 0 0 0 0 0 0 0 0 0 0 0 0 0 0 0 0 0 0 0 0 0 0 0 0 0 0 0 0 0 0 0 0 1]
]
