[[6921499864053584329311637272174122796013971709116127106124995216721286827910964614308398038938258470354770164024597949634143271409341616324555607388777697461211026534583177588796955483844378779497167872596371432708539532102833241453133122337858752089621287260327328432161196723239538877461633223840662468014352361 0 0 0 0 0 0 0 0 0 0 0 0 0 0 0 0 0 0 0 0 0 0 0 0 0 0 0 0 0 0 0 0 0 0 0 0 0 0 0 0 0 0 0 0 0 0 0 0 0 0 0 0 0 0 0 0 0 0 0 0 0 0 0 0 0 0 0 0 0 0 0 0 0 0 0 0 0 0 0 0 0 0 0 0 0 0 0 0 0 0 0 0 0 0 0 0 0 0 0 0 0 0 0]
[5955562971259924774765898101294108683918162985392230425657205990927146613290724176756261652719834983409827509597851661079861202835460814698931387363247456786215178844968934463642696920194049253420150413584176687298392980983154798304792690470134430877164852541106149834628623844394204500634500510179219221926373590 1 0 0 0 0 0 0 0 0 0 0 0 0 0 0 0 0 0 0 0 0 0 0 0 0 0 0 0 0 0 0 0 0 0 0 0 0 0 0 0 0 0 0 0 0 0 0 0 0 0 0 0 0 0 0 0 0 0 0 0 0 0 0 0 0 0 0 0 0 0 0 0 0 0 0 0 0 0 0 0 0 0 0 0 0 0 0 0 0 0 0 0 0 0 0 0 0 0 0 0 0 0 0]
[6767462602455582581873592010887498539701613140460317131913866952047275730157525559366991982148825480141741152369798059338878895767808449708524862127715129718389601775470972547250133726524074562828116292561330830477773637011767503596961530332002048241055501018726276480085059747598704730538245925954088620071887680 0 1 0 0 0 0 0 0 0 0 0 0 0 0 0 0 0 0 0 0 0 0 0 0 0 0 0 0 0 0 0 0 0 0 0 0 0 0 0 0 0 0 0 0 0 0 0 0 0 0 0 0 0 0 0 0 0 0 0 0 0 0 0 0 0 0 0 0 0 0 0 0 0 0 0 0 0 0 0 0 0 0 0 0 0 0 0 0 0 0 0 0 0 0 0 0 0 0 0 0 0 0 0]
[252673714897405974071752425803495321799554868280989819127797910205670289423164013270139556214513225352105610677761817980092495138464489074762318698439522504488206502579659711813005276722534341383239572131166780756786001086670256045518613120745570608699167651382660924563440318301500000549049414357798906214586096 0 0 1 0 0 0 0 0 0 0 0 0 0 0 0 0 0 0 0 0 0 0 0 0 0 0 0 0 0 0 0 0 0 0 0 0 0 0 0 0 0 0 0 0 0 0 0 0 0 0 0 0 0 0 0 0 0 0 0 0 0 0 0 0 0 0 0 0 0 0 0 0 0 0 0 0 0 0 0 0 0 0 0 0 0 0 0 0 0 0 0 0 0 0 0 0 0 0 0 0 0 0 0]
[5209953913349512573115208217474609702473225555105916882514216291792529129114584510013554538695617151523395292311270603386774282114057971844437880563328155089082034160554297441755878262211394288873814601193776949565729046586400233634759192701571584690492947449012963711164766295733875318505382252030255246248114972 0 0 0 1 0 0 0 0 0 0 0 0 0 0 0 0 0 0 0 0 0 0 0 0 0 0 0 0 0 0 0 0 0 0 0 0 0 0 0 0 0 0 0 0 0 0 0 0 0 0 0 0 0 0 0 0 0 0 0 0 0 0 0 0 0 0 0 0 0 0 0 0 0 0 0 0 0 0 0 0 0 0 0 0 0 0 0 0 0 0 0 0 0 0 0 0 0 0 0 0 0 0 0]
[1113454791329252841064967458273953454371267183545771222749365225201443835832093390471285484668032779374249293970751164236368421603040996695484356364051756225330041857953373202290684946197900444966165451591304974142517595045424399295558900043532192049381500516200496814118670110220740722496652867133393620049185868 0 0 0 0 1 0 0 0 0 0 0 0 0 0 0 0 0 0 0 0 0 0 0 0 0 0 0 0 0 0 0 0 0 0 0 0 0 0 0 0 0 0 0 0 0 0 0 0 0 0 0 0 0 0 0 0 0 0 0 0 0 0 0 0 0 0 0 0 0 0 0 0 0 0 0 0 0 0 0 0 0 0 0 0 0 0 0 0 0 0 0 0 0 0 0 0 0 0 0 0 0 0 0]
[956372883994611701181886609690251066903814703544040482392052477841711602477406699183055503846539833252429645894584008480313509823321260581898705526544218385025509111973082998594234321864083759274557792526177821406714591634040902541656947517760255859221519893991056676316763410816960487246917132063116481892947206 0 0 0 0 0 1 0 0 0 0 0 0 0 0 0 0 0 0 0 0 0 0 0 0 0 0 0 0 0 0 0 0 0 0 0 0 0 0 0 0 0 0 0 0 0 0 0 0 0 0 0 0 0 0 0 0 0 0 0 0 0 0 0 0 0 0 0 0 0 0 0 0 0 0 0 0 0 0 0 0 0 0 0 0 0 0 0 0 0 0 0 0 0 0 0 0 0 0 0 0 0 0 0]
[2614860590175087605810278363829498908354750760649974267979028631830344646360401352273061945450700260440186575781736043287940665137090904576895735262856649390158639419886477818206687975818650036056678299926814765751981963895648643516855242822726311309492970824660745987605835830938889238426813514507272832894660613 0 0 0 0 0 0 1 0 0 0 0 0 0 0 0 0 0 0 0 0 0 0 0 0 0 0 0 0 0 0 0 0 0 0 0 0 0 0 0 0 0 0 0 0 0 0 0 0 0 0 0 0 0 0 0 0 0 0 0 0 0 0 0 0 0 0 0 0 0 0 0 0 0 0 0 0 0 0 0 0 0 0 0 0 0 0 0 0 0 0 0 0 0 0 0 0 0 0 0 0 0 0 0]
[4381283352727861747819122995271251307953237985913898041359839555311162450990458489927295131326506661723504460072744457992011256969115762653194774247067696392651818414488401490481994920533051407185133796187795255789566074341664578052982008136786115136321446266578162537079458920815107495307739298648412773925746291 0 0 0 0 0 0 0 1 0 0 0 0 0 0 0 0 0 0 0 0 0 0 0 0 0 0 0 0 0 0 0 0 0 0 0 0 0 0 0 0 0 0 0 0 0 0 0 0 0 0 0 0 0 0 0 0 0 0 0 0 0 0 0 0 0 0 0 0 0 0 0 0 0 0 0 0 0 0 0 0 0 0 0 0 0 0 0 0 0 0 0 0 0 0 0 0 0 0 0 0 0 0 0]
[6412300049226593099416310567846077236729766993769089306058132405477585628639255692742600689151850379359525477839811584074221629790753015744174786620754097856471716469839392467513351076181650577955167185513699733613077866456582721544204060552256387198717346298948481144045921829074206565984863898405971410588762288 0 0 0 0 0 0 0 0 1 0 0 0 0 0 0 0 0 0 0 0 0 0 0 0 0 0 0 0 0 0 0 0 0 0 0 0 0 0 0 0 0 0 0 0 0 0 0 0 0 0 0 0 0 0 0 0 0 0 0 0 0 0 0 0 0 0 0 0 0 0 0 0 0 0 0 0 0 0 0 0 0 0 0 0 0 0 0 0 0 0 0 0 0 0 0 0 0 0 0 0 0 0 0]
[6574669435608209422655301300045156997270258945161650278384583337975350356344097591920261954225759527465197232571861268950069691808814122335973142970452836596353637326348635468920793349796359407502165245285924093359755654549016598453102427426377780242684846260775944378910256830960966557626026220137742369401379233 0 0 0 0 0 0 0 0 0 1 0 0 0 0 0 0 0 0 0 0 0 0 0 0 0 0 0 0 0 0 0 0 0 0 0 0 0 0 0 0 0 0 0 0 0 0 0 0 0 0 0 0 0 0 0 0 0 0 0 0 0 0 0 0 0 0 0 0 0 0 0 0 0 0 0 0 0 0 0 0 0 0 0 0 0 0 0 0 0 0 0 0 0 0 0 0 0 0 0 0 0 0 0]
[138533612360440684455186849240271330345632495938202854114546983314259120065055664413207432915261899473296478511732993189834871546103661418929378903243910387646715005962903739741259746956669348558908637760367561362024119700376900133041340504837439292878288595249307829443278273154731007934958129370960694877023367 0 0 0 0 0 0 0 0 0 0 1 0 0 0 0 0 0 0 0 0 0 0 0 0 0 0 0 0 0 0 0 0 0 0 0 0 0 0 0 0 0 0 0 0 0 0 0 0 0 0 0 0 0 0 0 0 0 0 0 0 0 0 0 0 0 0 0 0 0 0 0 0 0 0 0 0 0 0 0 0 0 0 0 0 0 0 0 0 0 0 0 0 0 0 0 0 0 0 0 0 0 0 0]
[4346666540399409256403967212626218838189371143407107805187507246171372650239878853462221872723582282011529628123112834048564593591410147543592745922708954870636280215349046722438641263219336473504323252193414772426775958566004850735495169002052001234291659926996300615337301043988784282178406201587642141079133733 0 0 0 0 0 0 0 0 0 0 0 1 0 0 0 0 0 0 0 0 0 0 0 0 0 0 0 0 0 0 0 0 0 0 0 0 0 0 0 0 0 0 0 0 0 0 0 0 0 0 0 0 0 0 0 0 0 0 0 0 0 0 0 0 0 0 0 0 0 0 0 0 0 0 0 0 0 0 0 0 0 0 0 0 0 0 0 0 0 0 0 0 0 0 0 0 0 0 0 0 0 0 0]
[1770358649006724429627829603955040451897182995736423361416725379952763973348258232017453110322982564858852345081842691025737605496229325862751341297380436367090436144813982638905841283710916608985699514555739049042252286922326777070895542794902903747434618512216782830697544041684800973873786096458736528826977116 0 0 0 0 0 0 0 0 0 0 0 0 1 0 0 0 0 0 0 0 0 0 0 0 0 0 0 0 0 0 0 0 0 0 0 0 0 0 0 0 0 0 0 0 0 0 0 0 0 0 0 0 0 0 0 0 0 0 0 0 0 0 0 0 0 0 0 0 0 0 0 0 0 0 0 0 0 0 0 0 0 0 0 0 0 0 0 0 0 0 0 0 0 0 0 0 0 0 0 0 0 0 0]
[5572400923897787338049202010065312604749360327087456998937829494419907943670379709450788790197936764300158393096771890334395749768639083701890002907999876353672051053166958503843204173371403496915440818103260263909979364542931156240861272518188388657795754538391781429055226424649927702709682859179321686487194194 0 0 0 0 0 0 0 0 0 0 0 0 0 1 0 0 0 0 0 0 0 0 0 0 0 0 0 0 0 0 0 0 0 0 0 0 0 0 0 0 0 0 0 0 0 0 0 0 0 0 0 0 0 0 0 0 0 0 0 0 0 0 0 0 0 0 0 0 0 0 0 0 0 0 0 0 0 0 0 0 0 0 0 0 0 0 0 0 0 0 0 0 0 0 0 0 0 0 0 0 0 0 0]
[4347087086112198512065691064230692204533393914307419694682724157978983245223646988393173169151585717185474638645602806600669710770831011131065281503400051023880657679417696184757868329069482476615589648140791760198759467400539250825353376248748735068184523043967153948886964409586416224297359503917283333224897187 0 0 0 0 0 0 0 0 0 0 0 0 0 0 1 0 0 0 0 0 0 0 0 0 0 0 0 0 0 0 0 0 0 0 0 0 0 0 0 0 0 0 0 0 0 0 0 0 0 0 0 0 0 0 0 0 0 0 0 0 0 0 0 0 0 0 0 0 0 0 0 0 0 0 0 0 0 0 0 0 0 0 0 0 0 0 0 0 0 0 0 0 0 0 0 0 0 0 0 0 0 0 0]
[4320566115672116833025773799857439031822068664615479701871868697521882952529257350981241178814561892290930279008123600358733984463862645587261042444476782255115949819268491538819946315494307113028770299310987531107562474582307210807478427345231901724444505815582818986688620566225502042296451901924532328625769514 0 0 0 0 0 0 0 0 0 0 0 0 0 0 0 1 0 0 0 0 0 0 0 0 0 0 0 0 0 0 0 0 0 0 0 0 0 0 0 0 0 0 0 0 0 0 0 0 0 0 0 0 0 0 0 0 0 0 0 0 0 0 0 0 0 0 0 0 0 0 0 0 0 0 0 0 0 0 0 0 0 0 0 0 0 0 0 0 0 0 0 0 0 0 0 0 0 0 0 0 0 0 0]
[6393798236771244098531275571465210273084199760112636511598294857459993292701728798917284742948607422686615985199012099070477050707383228919963322064500931646328293651176599003084323560298978236250217768230301870708746625337134209987762860375797655561636512770478548452199617491986966178407564181645903261585202318 0 0 0 0 0 0 0 0 0 0 0 0 0 0 0 0 1 0 0 0 0 0 0 0 0 0 0 0 0 0 0 0 0 0 0 0 0 0 0 0 0 0 0 0 0 0 0 0 0 0 0 0 0 0 0 0 0 0 0 0 0 0 0 0 0 0 0 0 0 0 0 0 0 0 0 0 0 0 0 0 0 0 0 0 0 0 0 0 0 0 0 0 0 0 0 0 0 0 0 0 0 0 0]
[6846807272022048783350576712806255116509424029287213321712951078300908065205523472177558972148138328889167340109058432111744854769644481007192349951625417807244879959451215509297506313172390658621771771704927146864047243153425172331084567945666413685558722118715869992164530262711863393901019642446150864066257624 0 0 0 0 0 0 0 0 0 0 0 0 0 0 0 0 0 1 0 0 0 0 0 0 0 0 0 0 0 0 0 0 0 0 0 0 0 0 0 0 0 0 0 0 0 0 0 0 0 0 0 0 0 0 0 0 0 0 0 0 0 0 0 0 0 0 0 0 0 0 0 0 0 0 0 0 0 0 0 0 0 0 0 0 0 0 0 0 0 0 0 0 0 0 0 0 0 0 0 0 0 0 0]
[1486583193919277976259329625511487108075220754380320347591654789799920684147733290961386074507867279027908731938679445256825168928452903716028195848326215064316579703797079957258112008343515673362354927274497843765817492173192168390407230466167161521563492152149020252436896322306980779589086896660103402586125173 0 0 0 0 0 0 0 0 0 0 0 0 0 0 0 0 0 0 1 0 0 0 0 0 0 0 0 0 0 0 0 0 0 0 0 0 0 0 0 0 0 0 0 0 0 0 0 0 0 0 0 0 0 0 0 0 0 0 0 0 0 0 0 0 0 0 0 0 0 0 0 0 0 0 0 0 0 0 0 0 0 0 0 0 0 0 0 0 0 0 0 0 0 0 0 0 0 0 0 0 0 0 0]
[5175247818634576284090091611556053166209176443461061809441215891467989470475579393391014573325251401670855028013821031167953597431097927885302252120674627433604442605950247771256072932695387418494088554943462880356941815296462390400755326011464870333790357231640933981229010696741142485773248172899887937183718341 0 0 0 0 0 0 0 0 0 0 0 0 0 0 0 0 0 0 0 1 0 0 0 0 0 0 0 0 0 0 0 0 0 0 0 0 0 0 0 0 0 0 0 0 0 0 0 0 0 0 0 0 0 0 0 0 0 0 0 0 0 0 0 0 0 0 0 0 0 0 0 0 0 0 0 0 0 0 0 0 0 0 0 0 0 0 0 0 0 0 0 0 0 0 0 0 0 0 0 0 0 0 0]
[1899607216444483392957636708862514488163314679868166634967301681607581120337345419548798520418806920243746988317451801006610058049785176839655594740674009177644337279968207850449483971618820792052545499790952050288001089985492442794858817999792852903834213975841461981274282725097721440441149631308622331222967516 0 0 0 0 0 0 0 0 0 0 0 0 0 0 0 0 0 0 0 0 1 0 0 0 0 0 0 0 0 0 0 0 0 0 0 0 0 0 0 0 0 0 0 0 0 0 0 0 0 0 0 0 0 0 0 0 0 0 0 0 0 0 0 0 0 0 0 0 0 0 0 0 0 0 0 0 0 0 0 0 0 0 0 0 0 0 0 0 0 0 0 0 0 0 0 0 0 0 0 0 0 0 0]
[449741598959556691076651670245134901735541147039482155223652576866960080660341210152398702740688566985874235651733529947630888553391838280028526102910140384268718408507051988995851568422149469457609850344968577866509816551463434379924738339736196913815126773199349717023661208965058775897964390127886297271533018 0 0 0 0 0 0 0 0 0 0 0 0 0 0 0 0 0 0 0 0 0 1 0 0 0 0 0 0 0 0 0 0 0 0 0 0 0 0 0 0 0 0 0 0 0 0 0 0 0 0 0 0 0 0 0 0 0 0 0 0 0 0 0 0 0 0 0 0 0 0 0 0 0 0 0 0 0 0 0 0 0 0 0 0 0 0 0 0 0 0 0 0 0 0 0 0 0 0 0 0 0 0 0]
[5449426836183175521918982462069789647885599493145463623696878817704629308631297830655234904528070646173775185661173061078721629520465041595776315745171192338365776824988737957640218225597414395389109558048769853280081458465132081259309955946821673031787230013589438626844390603078961854126411533130316757346014640 0 0 0 0 0 0 0 0 0 0 0 0 0 0 0 0 0 0 0 0 0 0 1 0 0 0 0 0 0 0 0 0 0 0 0 0 0 0 0 0 0 0 0 0 0 0 0 0 0 0 0 0 0 0 0 0 0 0 0 0 0 0 0 0 0 0 0 0 0 0 0 0 0 0 0 0 0 0 0 0 0 0 0 0 0 0 0 0 0 0 0 0 0 0 0 0 0 0 0 0 0 0 0]
[719788720844059012559973704990251096714080244292354041320565278586892317472950922057843235973716446185079930212007867111695709099478657145866857760046733352103217458062711487923460091440935408938523332858104142802997674904033665723958881323787295610321144254299910193312984388626900415137919924290387251935269133 0 0 0 0 0 0 0 0 0 0 0 0 0 0 0 0 0 0 0 0 0 0 0 1 0 0 0 0 0 0 0 0 0 0 0 0 0 0 0 0 0 0 0 0 0 0 0 0 0 0 0 0 0 0 0 0 0 0 0 0 0 0 0 0 0 0 0 0 0 0 0 0 0 0 0 0 0 0 0 0 0 0 0 0 0 0 0 0 0 0 0 0 0 0 0 0 0 0 0 0 0 0 0]
[3495235037172770667041007430872858308256893296434082793222475805117639204160380234358540834454732521621709585041829363095459315838191509085073913896672689484295910364992269044564040311351613322729017245125086363917926770546995383315153661861264530899335000904339029641874154017042450597029365601952667146758585925 0 0 0 0 0 0 0 0 0 0 0 0 0 0 0 0 0 0 0 0 0 0 0 0 1 0 0 0 0 0 0 0 0 0 0 0 0 0 0 0 0 0 0 0 0 0 0 0 0 0 0 0 0 0 0 0 0 0 0 0 0 0 0 0 0 0 0 0 0 0 0 0 0 0 0 0 0 0 0 0 0 0 0 0 0 0 0 0 0 0 0 0 0 0 0 0 0 0 0 0 0 0 0]
[5637256871354028547026210665389820279503601275062840340210306887054816604764272300738312631400117541737791628942591200003076574293650054172043513734561340577298053977500051644141610328192037020574725686470763669650842827953500600738180062539792993502279867476519641525349463428541532985643677892357786869267429938 0 0 0 0 0 0 0 0 0 0 0 0 0 0 0 0 0 0 0 0 0 0 0 0 0 1 0 0 0 0 0 0 0 0 0 0 0 0 0 0 0 0 0 0 0 0 0 0 0 0 0 0 0 0 0 0 0 0 0 0 0 0 0 0 0 0 0 0 0 0 0 0 0 0 0 0 0 0 0 0 0 0 0 0 0 0 0 0 0 0 0 0 0 0 0 0 0 0 0 0 0 0 0]
[961724379189804951098752651818265286783145989262232579530285372748351980458746777456102923115130359642928263300623390940548616991152950484889629552797742815423776104036107509425110968277571816964590490910890002722049004243799942925053576255690453827724675533885222310407602665072719177424763881082488351944143168 0 0 0 0 0 0 0 0 0 0 0 0 0 0 0 0 0 0 0 0 0 0 0 0 0 0 1 0 0 0 0 0 0 0 0 0 0 0 0 0 0 0 0 0 0 0 0 0 0 0 0 0 0 0 0 0 0 0 0 0 0 0 0 0 0 0 0 0 0 0 0 0 0 0 0 0 0 0 0 0 0 0 0 0 0 0 0 0 0 0 0 0 0 0 0 0 0 0 0 0 0 0 0]
[5886314592571112971981468287221133987654179424216020134725327205050713834121721680049185444874989689377341823138088059632295002684541778139629656300779167278690172341997814332289392789734556686938133303832727601985472944355902424714739094208423550580268808892887738686786618964489149649557321716472995970563538599 0 0 0 0 0 0 0 0 0 0 0 0 0 0 0 0 0 0 0 0 0 0 0 0 0 0 0 1 0 0 0 0 0 0 0 0 0 0 0 0 0 0 0 0 0 0 0 0 0 0 0 0 0 0 0 0 0 0 0 0 0 0 0 0 0 0 0 0 0 0 0 0 0 0 0 0 0 0 0 0 0 0 0 0 0 0 0 0 0 0 0 0 0 0 0 0 0 0 0 0 0 0 0]
[215699110056943047559470668526851957874798306891864884651892883897232240835108736217431134535811289996874634753569420516717185164107870184509435226915218324256208844243259035735997439766294533317848822299345083654818074170331506887024584209579068814289711902345047116743795902188858416773834453623697041861728868 0 0 0 0 0 0 0 0 0 0 0 0 0 0 0 0 0 0 0 0 0 0 0 0 0 0 0 0 1 0 0 0 0 0 0 0 0 0 0 0 0 0 0 0 0 0 0 0 0 0 0 0 0 0 0 0 0 0 0 0 0 0 0 0 0 0 0 0 0 0 0 0 0 0 0 0 0 0 0 0 0 0 0 0 0 0 0 0 0 0 0 0 0 0 0 0 0 0 0 0 0 0 0]
[1941153179349496947436859825163046051090771677800585783544537993315059482457334976196279210423215655683338118621131065000847662551433810705753803117116614403772578590482439062339333932082124389989138834455925930346629950454372955717707839964164702741873652976891756264662237104312003832936585870402133823156252528 0 0 0 0 0 0 0 0 0 0 0 0 0 0 0 0 0 0 0 0 0 0 0 0 0 0 0 0 0 1 0 0 0 0 0 0 0 0 0 0 0 0 0 0 0 0 0 0 0 0 0 0 0 0 0 0 0 0 0 0 0 0 0 0 0 0 0 0 0 0 0 0 0 0 0 0 0 0 0 0 0 0 0 0 0 0 0 0 0 0 0 0 0 0 0 0 0 0 0 0 0 0 0]
[3969066952765839748868042190425761419756432448204182368703065590237446415316828541203752118628482359265570877102473261778123227732036607329855460638861426067907321714904978297385593686102950061169915795819841515810868411151156360454768955096443128280933486664829899339817355455984086939014711363860012203576056543 0 0 0 0 0 0 0 0 0 0 0 0 0 0 0 0 0 0 0 0 0 0 0 0 0 0 0 0 0 0 1 0 0 0 0 0 0 0 0 0 0 0 0 0 0 0 0 0 0 0 0 0 0 0 0 0 0 0 0 0 0 0 0 0 0 0 0 0 0 0 0 0 0 0 0 0 0 0 0 0 0 0 0 0 0 0 0 0 0 0 0 0 0 0 0 0 0 0 0 0 0 0 0]
[6077549499149884071860298544645084430561693813601391909601642536649848013869433302348785783760104007746404190823819836523353636310828889234219655429500641786522505569675508304249513728830081714296611712407243593949185277303533644701256644786938736630258208197731783817627365544157760683728614860522627781918991600 0 0 0 0 0 0 0 0 0 0 0 0 0 0 0 0 0 0 0 0 0 0 0 0 0 0 0 0 0 0 0 1 0 0 0 0 0 0 0 0 0 0 0 0 0 0 0 0 0 0 0 0 0 0 0 0 0 0 0 0 0 0 0 0 0 0 0 0 0 0 0 0 0 0 0 0 0 0 0 0 0 0 0 0 0 0 0 0 0 0 0 0 0 0 0 0 0 0 0 0 0 0 0]
[824600181710738711421008716649421793218148606368388011173749113175693386631071001657775514870307192993069352335091702217709597566831572126659509739798264053539301310941222352448587528656861438555572198298001360911464407705659363659629308800076266021121047950446042848582399416625056520792083916980918901332529371 0 0 0 0 0 0 0 0 0 0 0 0 0 0 0 0 0 0 0 0 0 0 0 0 0 0 0 0 0 0 0 0 1 0 0 0 0 0 0 0 0 0 0 0 0 0 0 0 0 0 0 0 0 0 0 0 0 0 0 0 0 0 0 0 0 0 0 0 0 0 0 0 0 0 0 0 0 0 0 0 0 0 0 0 0 0 0 0 0 0 0 0 0 0 0 0 0 0 0 0 0 0 0]
[1508426099829830469257821263370709382475726288555664569228981814812869058216569309825190707811482705923819628986277745349298760301625494879685824884606348505085750185321637072218589604292449603999360874155325619554270847397850647565778567929292409720667641865696930413339952867221037746620316724371120044604375403 0 0 0 0 0 0 0 0 0 0 0 0 0 0 0 0 0 0 0 0 0 0 0 0 0 0 0 0 0 0 0 0 0 1 0 0 0 0 0 0 0 0 0 0 0 0 0 0 0 0 0 0 0 0 0 0 0 0 0 0 0 0 0 0 0 0 0 0 0 0 0 0 0 0 0 0 0 0 0 0 0 0 0 0 0 0 0 0 0 0 0 0 0 0 0 0 0 0 0 0 0 0 0]
[171513544271471686727282350497071989992108204661814678234682347245492570979567965779171587312642066693117545588362601133520996476503693387756504707355424845148805256682038785350249870871988537270751046406292506858569042135987618600090281561628938021132013692809846292193642210115092062441689278670669063663883845 0 0 0 0 0 0 0 0 0 0 0 0 0 0 0 0 0 0 0 0 0 0 0 0 0 0 0 0 0 0 0 0 0 0 1 0 0 0 0 0 0 0 0 0 0 0 0 0 0 0 0 0 0 0 0 0 0 0 0 0 0 0 0 0 0 0 0 0 0 0 0 0 0 0 0 0 0 0 0 0 0 0 0 0 0 0 0 0 0 0 0 0 0 0 0 0 0 0 0 0 0 0 0]
[3901887509965738538035667739079496907895067137892006206765551682450049093788592282527549603745864485316820881561208998812052797876303437219355360824132986823287030286787995326785781820287520386931021511550083058014526331163441229057913337754016777708938134455968033330723142056507465574832629797130324426620230842 0 0 0 0 0 0 0 0 0 0 0 0 0 0 0 0 0 0 0 0 0 0 0 0 0 0 0 0 0 0 0 0 0 0 0 1 0 0 0 0 0 0 0 0 0 0 0 0 0 0 0 0 0 0 0 0 0 0 0 0 0 0 0 0 0 0 0 0 0 0 0 0 0 0 0 0 0 0 0 0 0 0 0 0 0 0 0 0 0 0 0 0 0 0 0 0 0 0 0 0 0 0 0]
[5441131132624975104693367128980756112374686176410965741992166050209073919493162995501069386400878817603879611130391757671135117370650825824550256509782774584395504953885404483331385569917631271526651524472490747892473608798592686078756503286401815021284513962707736844645744209312652332392016153746149451013114311 0 0 0 0 0 0 0 0 0 0 0 0 0 0 0 0 0 0 0 0 0 0 0 0 0 0 0 0 0 0 0 0 0 0 0 0 1 0 0 0 0 0 0 0 0 0 0 0 0 0 0 0 0 0 0 0 0 0 0 0 0 0 0 0 0 0 0 0 0 0 0 0 0 0 0 0 0 0 0 0 0 0 0 0 0 0 0 0 0 0 0 0 0 0 0 0 0 0 0 0 0 0 0]
[4001302979004550048493598784904963899711388861658245854752373113835389312129809571390477214160080448388920169992793956340085100396100101316665819163069919843059839811837500228696182671398399626570554582423607463129413144528248988570308865677489652642545332763413894452775121926308678353267163953922569274248094560 0 0 0 0 0 0 0 0 0 0 0 0 0 0 0 0 0 0 0 0 0 0 0 0 0 0 0 0 0 0 0 0 0 0 0 0 0 1 0 0 0 0 0 0 0 0 0 0 0 0 0 0 0 0 0 0 0 0 0 0 0 0 0 0 0 0 0 0 0 0 0 0 0 0 0 0 0 0 0 0 0 0 0 0 0 0 0 0 0 0 0 0 0 0 0 0 0 0 0 0 0 0 0]
[976763827857750283763737371657083930737037968701383281716495476385880189323528085007616020212840121249898413769531944949247344791448653920610481368245853245294080544175341377290278474654800427774444672445479656928951120038875279233247483688313623995236806381736294645613934243022932205434750582231463992207483456 0 0 0 0 0 0 0 0 0 0 0 0 0 0 0 0 0 0 0 0 0 0 0 0 0 0 0 0 0 0 0 0 0 0 0 0 0 0 1 0 0 0 0 0 0 0 0 0 0 0 0 0 0 0 0 0 0 0 0 0 0 0 0 0 0 0 0 0 0 0 0 0 0 0 0 0 0 0 0 0 0 0 0 0 0 0 0 0 0 0 0 0 0 0 0 0 0 0 0 0 0 0 0]
[4672189684843497640919592088248139031635534146295870355459019989778976077450307306109988870029040754063983968993677343297543255320470802733068459796690512842557236132611554211466353023874959753089297902813305166958102672162987544566969902646499770053217059006073411125702416043289509343461423357488308935781918610 0 0 0 0 0 0 0 0 0 0 0 0 0 0 0 0 0 0 0 0 0 0 0 0 0 0 0 0 0 0 0 0 0 0 0 0 0 0 0 1 0 0 0 0 0 0 0 0 0 0 0 0 0 0 0 0 0 0 0 0 0 0 0 0 0 0 0 0 0 0 0 0 0 0 0 0 0 0 0 0 0 0 0 0 0 0 0 0 0 0 0 0 0 0 0 0 0 0 0 0 0 0 0]
[5051649818516265984189941406434529893880093122163633789569084401685659979671675739899150672430920433188503534540163470097228603334531319702670837200751395342292308858534453934072059062275315408362651990643196850444760707897611326545636029375337370180878406083856542659580017906676990248459131507956716900681660607 0 0 0 0 0 0 0 0 0 0 0 0 0 0 0 0 0 0 0 0 0 0 0 0 0 0 0 0 0 0 0 0 0 0 0 0 0 0 0 0 1 0 0 0 0 0 0 0 0 0 0 0 0 0 0 0 0 0 0 0 0 0 0 0 0 0 0 0 0 0 0 0 0 0 0 0 0 0 0 0 0 0 0 0 0 0 0 0 0 0 0 0 0 0 0 0 0 0 0 0 0 0 0]
[6136642061139725219772713386270521727684987853617247700254603977118629463831167020271157880201866831174646039174672326627154623825432861446000513558766514833962938822068924556223147900371824858664228089287600114823364562047384942335583429239673480000979238685518347993580523974017510288896741700430458120347286803 0 0 0 0 0 0 0 0 0 0 0 0 0 0 0 0 0 0 0 0 0 0 0 0 0 0 0 0 0 0 0 0 0 0 0 0 0 0 0 0 0 1 0 0 0 0 0 0 0 0 0 0 0 0 0 0 0 0 0 0 0 0 0 0 0 0 0 0 0 0 0 0 0 0 0 0 0 0 0 0 0 0 0 0 0 0 0 0 0 0 0 0 0 0 0 0 0 0 0 0 0 0 0]
[3675837208173401317598471032917961019064480892029968524566561075980574429414751129452241237838605027676357091411768047506613798245756306993029938839828257903484351886023288698521667699480758700869278455345555023020535835844702279382126549857083804163077425359171135042966665198936849600772438768582153762557641315 0 0 0 0 0 0 0 0 0 0 0 0 0 0 0 0 0 0 0 0 0 0 0 0 0 0 0 0 0 0 0 0 0 0 0 0 0 0 0 0 0 0 1 0 0 0 0 0 0 0 0 0 0 0 0 0 0 0 0 0 0 0 0 0 0 0 0 0 0 0 0 0 0 0 0 0 0 0 0 0 0 0 0 0 0 0 0 0 0 0 0 0 0 0 0 0 0 0 0 0 0 0 0]
[1894905169729027551907255314009541598144001523581272749386933496149512426099592660398467701406143006556507705884734724681915285608826346681807392807773879998647497674966664078060574002141994954575139311131270891620624953963041947910778118235319653501438936963810326473278700978547289829821275766573473751572297801 0 0 0 0 0 0 0 0 0 0 0 0 0 0 0 0 0 0 0 0 0 0 0 0 0 0 0 0 0 0 0 0 0 0 0 0 0 0 0 0 0 0 0 1 0 0 0 0 0 0 0 0 0 0 0 0 0 0 0 0 0 0 0 0 0 0 0 0 0 0 0 0 0 0 0 0 0 0 0 0 0 0 0 0 0 0 0 0 0 0 0 0 0 0 0 0 0 0 0 0 0 0 0]
[656133260465213026557968313825350511198410198748903596958018352240742396576906017197526234586579557988382910069152075921815773088828095821791487171855827265059543548762099444334807742934743938734721976052471644171311531855344804444509246343877493896593146454595883369751110926647725621504842703112993352432732110 0 0 0 0 0 0 0 0 0 0 0 0 0 0 0 0 0 0 0 0 0 0 0 0 0 0 0 0 0 0 0 0 0 0 0 0 0 0 0 0 0 0 0 0 1 0 0 0 0 0 0 0 0 0 0 0 0 0 0 0 0 0 0 0 0 0 0 0 0 0 0 0 0 0 0 0 0 0 0 0 0 0 0 0 0 0 0 0 0 0 0 0 0 0 0 0 0 0 0 0 0 0 0]
[2410575267242250257913830274307077869859367426659874504901437616592840407421843616313488778033960033238187214929915985787523644702167431282278463591759951941605129221519505263629947743007669613844609412948625806130968261072183118707583684915893105374764152169820373892126760212634483244368171367928908385663875499 0 0 0 0 0 0 0 0 0 0 0 0 0 0 0 0 0 0 0 0 0 0 0 0 0 0 0 0 0 0 0 0 0 0 0 0 0 0 0 0 0 0 0 0 0 1 0 0 0 0 0 0 0 0 0 0 0 0 0 0 0 0 0 0 0 0 0 0 0 0 0 0 0 0 0 0 0 0 0 0 0 0 0 0 0 0 0 0 0 0 0 0 0 0 0 0 0 0 0 0 0 0 0]
[5994435043757812428664976163674113970329739458229090078698425542600967754207638055383014467589417866011229926502206715158004077197154825530815865282930740579456792361749007240200518330222514971552975021769041956942301587832715782029405894754734651416175245574896484005442193675903858227849841861158730495795893260 0 0 0 0 0 0 0 0 0 0 0 0 0 0 0 0 0 0 0 0 0 0 0 0 0 0 0 0 0 0 0 0 0 0 0 0 0 0 0 0 0 0 0 0 0 0 1 0 0 0 0 0 0 0 0 0 0 0 0 0 0 0 0 0 0 0 0 0 0 0 0 0 0 0 0 0 0 0 0 0 0 0 0 0 0 0 0 0 0 0 0 0 0 0 0 0 0 0 0 0 0 0 0]
[1891130412806867385828884984485495455460051431885661409873884074361063862712274006389445690657139983053103592286294032988650289691659642730401497473897378053837501838594406599901858905914329046333821608562588466334321392411117987065511085495065195892898109687942260874437974457843439403222131757617053539182447208 0 0 0 0 0 0 0 0 0 0 0 0 0 0 0 0 0 0 0 0 0 0 0 0 0 0 0 0 0 0 0 0 0 0 0 0 0 0 0 0 0 0 0 0 0 0 0 1 0 0 0 0 0 0 0 0 0 0 0 0 0 0 0 0 0 0 0 0 0 0 0 0 0 0 0 0 0 0 0 0 0 0 0 0 0 0 0 0 0 0 0 0 0 0 0 0 0 0 0 0 0 0 0]
[5544402298910028872817571325167647998115233944735377377521405849451748160158478550395691784374841487158707645736628399077739135361368381527074251626961861365260185236078971161807508553027677688073225900582287302441984303881656029482717358879381853725441452658162776208724229974783629811623723269694496466519161587 0 0 0 0 0 0 0 0 0 0 0 0 0 0 0 0 0 0 0 0 0 0 0 0 0 0 0 0 0 0 0 0 0 0 0 0 0 0 0 0 0 0 0 0 0 0 0 0 1 0 0 0 0 0 0 0 0 0 0 0 0 0 0 0 0 0 0 0 0 0 0 0 0 0 0 0 0 0 0 0 0 0 0 0 0 0 0 0 0 0 0 0 0 0 0 0 0 0 0 0 0 0 0]
[6228361205407243035289692652452587031714050403405455193431773368244440831649559876253456246372936637247783719989466774147659892597011015421839120865362437828217922935215230480917705333114464382063884859172540976846586306965924269019626113607903059077866176444626083603555484779011469263001301766516323293228090602 0 0 0 0 0 0 0 0 0 0 0 0 0 0 0 0 0 0 0 0 0 0 0 0 0 0 0 0 0 0 0 0 0 0 0 0 0 0 0 0 0 0 0 0 0 0 0 0 0 1 0 0 0 0 0 0 0 0 0 0 0 0 0 0 0 0 0 0 0 0 0 0 0 0 0 0 0 0 0 0 0 0 0 0 0 0 0 0 0 0 0 0 0 0 0 0 0 0 0 0 0 0 0]
[3261477912911040418046859908816593763013744205871271504712221749797985452925032873347091587539261884333596424419920845019434361750093921107338343747342819544797906142519505914535714947012022936991075068145045287915252941041540890349250853502515283983070942619811418679170996681932577150772170807216782282190651005 0 0 0 0 0 0 0 0 0 0 0 0 0 0 0 0 0 0 0 0 0 0 0 0 0 0 0 0 0 0 0 0 0 0 0 0 0 0 0 0 0 0 0 0 0 0 0 0 0 0 1 0 0 0 0 0 0 0 0 0 0 0 0 0 0 0 0 0 0 0 0 0 0 0 0 0 0 0 0 0 0 0 0 0 0 0 0 0 0 0 0 0 0 0 0 0 0 0 0 0 0 0 0]
[2647165442712884938650086039148976181751050529039610393727796115647813422286550127533527797140844199853958909629707322326164139249138918311137021954376612801106018555917573799937308952104660734290350389587117736393661681550058320924816319675192830976997319741136674563609686771874295318089071745688331828498763640 0 0 0 0 0 0 0 0 0 0 0 0 0 0 0 0 0 0 0 0 0 0 0 0 0 0 0 0 0 0 0 0 0 0 0 0 0 0 0 0 0 0 0 0 0 0 0 0 0 0 0 1 0 0 0 0 0 0 0 0 0 0 0 0 0 0 0 0 0 0 0 0 0 0 0 0 0 0 0 0 0 0 0 0 0 0 0 0 0 0 0 0 0 0 0 0 0 0 0 0 0 0 0]
[2889092696346419521377948745171142908422475226918616379214678644553569157970871668496170645766191219702478772625699040067192020034292620525504703150837337583174247023575416855328486758691657628073286987167195353053028624147709987536032741884417335260323029304796302110888038158344446722446735154986574052855278239 0 0 0 0 0 0 0 0 0 0 0 0 0 0 0 0 0 0 0 0 0 0 0 0 0 0 0 0 0 0 0 0 0 0 0 0 0 0 0 0 0 0 0 0 0 0 0 0 0 0 0 0 1 0 0 0 0 0 0 0 0 0 0 0 0 0 0 0 0 0 0 0 0 0 0 0 0 0 0 0 0 0 0 0 0 0 0 0 0 0 0 0 0 0 0 0 0 0 0 0 0 0 0]
[6163063199886601851290420097187620892795801355195874556538511801143141647293328819880780010363303932612103256514388980886125512467157771262841184405020107728862147891971669189172313400952450710023555627417630596381343125538825597301013817499711501589602115225513240144166224519525018238631338652551252413054776671 0 0 0 0 0 0 0 0 0 0 0 0 0 0 0 0 0 0 0 0 0 0 0 0 0 0 0 0 0 0 0 0 0 0 0 0 0 0 0 0 0 0 0 0 0 0 0 0 0 0 0 0 0 1 0 0 0 0 0 0 0 0 0 0 0 0 0 0 0 0 0 0 0 0 0 0 0 0 0 0 0 0 0 0 0 0 0 0 0 0 0 0 0 0 0 0 0 0 0 0 0 0 0]
[6565765339361251863028051622664392882699698050658907824175199855516525102987712645346470830344850842799501439202395290761139837742972639286179988145210378765062263108159388838953762883331541709565853449892955407387198696855380204041032971344843955862138566935995277559934252163613306274702660254387175468815711943 0 0 0 0 0 0 0 0 0 0 0 0 0 0 0 0 0 0 0 0 0 0 0 0 0 0 0 0 0 0 0 0 0 0 0 0 0 0 0 0 0 0 0 0 0 0 0 0 0 0 0 0 0 0 1 0 0 0 0 0 0 0 0 0 0 0 0 0 0 0 0 0 0 0 0 0 0 0 0 0 0 0 0 0 0 0 0 0 0 0 0 0 0 0 0 0 0 0 0 0 0 0 0]
[256156007559946907980775984773809057249930410853006858538403075712950578898082876922679655878566896216202946956168708456566168317232970040412451988232581777233659215390370788428812589992070656243481464672537325758518206956258409216593838700572645179927504528416766623690087990794189294214958277893819605167067705 0 0 0 0 0 0 0 0 0 0 0 0 0 0 0 0 0 0 0 0 0 0 0 0 0 0 0 0 0 0 0 0 0 0 0 0 0 0 0 0 0 0 0 0 0 0 0 0 0 0 0 0 0 0 0 1 0 0 0 0 0 0 0 0 0 0 0 0 0 0 0 0 0 0 0 0 0 0 0 0 0 0 0 0 0 0 0 0 0 0 0 0 0 0 0 0 0 0 0 0 0 0 0]
[411703408864901235750865700571667348914619240319170136660043747320661465019386546962763252400470207736034888628367366650126762868399106659835914211530396826835280680475767224910612393762375313867626737932637174917612078418122408628227209395280447172755049654274492513199133591327332331481419000677511621675748141 0 0 0 0 0 0 0 0 0 0 0 0 0 0 0 0 0 0 0 0 0 0 0 0 0 0 0 0 0 0 0 0 0 0 0 0 0 0 0 0 0 0 0 0 0 0 0 0 0 0 0 0 0 0 0 0 1 0 0 0 0 0 0 0 0 0 0 0 0 0 0 0 0 0 0 0 0 0 0 0 0 0 0 0 0 0 0 0 0 0 0 0 0 0 0 0 0 0 0 0 0 0 0]
[2068640018959600245296229406681768423459272365496070506772773894663275036071347674242965985305856522558121024288559088921736247772948926768267695627464047766546699793044769352870653084453212069177884436708517901291844246356708313727020777777351557237634665054883953859236811027555478050333889168203348091823862338 0 0 0 0 0 0 0 0 0 0 0 0 0 0 0 0 0 0 0 0 0 0 0 0 0 0 0 0 0 0 0 0 0 0 0 0 0 0 0 0 0 0 0 0 0 0 0 0 0 0 0 0 0 0 0 0 0 1 0 0 0 0 0 0 0 0 0 0 0 0 0 0 0 0 0 0 0 0 0 0 0 0 0 0 0 0 0 0 0 0 0 0 0 0 0 0 0 0 0 0 0 0 0]
[3399851208678687660263041545504033676770888958727010088912153011787867542404718370457402661044422204692347980444410863276834336395259451096999687826526492628962687535882152460008443382851495338423191749557705917079249429972384852991180524928791885530415952557525312062309057879189904617504600425526143860103356741 0 0 0 0 0 0 0 0 0 0 0 0 0 0 0 0 0 0 0 0 0 0 0 0 0 0 0 0 0 0 0 0 0 0 0 0 0 0 0 0 0 0 0 0 0 0 0 0 0 0 0 0 0 0 0 0 0 0 1 0 0 0 0 0 0 0 0 0 0 0 0 0 0 0 0 0 0 0 0 0 0 0 0 0 0 0 0 0 0 0 0 0 0 0 0 0 0 0 0 0 0 0 0]
[280598496935989013203811016510406944356249577141315562647456433724553714391021486854509426644516013286464201612947622146245203673033481946403323728021535764393189030356497298301747056218459511162853195257732745766463110684706236341295378086080119986770952057703715803575191672953058546032281362334306230480953757 0 0 0 0 0 0 0 0 0 0 0 0 0 0 0 0 0 0 0 0 0 0 0 0 0 0 0 0 0 0 0 0 0 0 0 0 0 0 0 0 0 0 0 0 0 0 0 0 0 0 0 0 0 0 0 0 0 0 0 1 0 0 0 0 0 0 0 0 0 0 0 0 0 0 0 0 0 0 0 0 0 0 0 0 0 0 0 0 0 0 0 0 0 0 0 0 0 0 0 0 0 0 0]
[2623260130301221299271933046806936072616200544163859905098701782906446345758985434260783836941026470169246096613396664240165403153354479554397319855948341169402102975976916916677858397486095295758213492170462288376726265581009015306121598533434548801163137193574827704671175634929714915989651921277728878760675641 0 0 0 0 0 0 0 0 0 0 0 0 0 0 0 0 0 0 0 0 0 0 0 0 0 0 0 0 0 0 0 0 0 0 0 0 0 0 0 0 0 0 0 0 0 0 0 0 0 0 0 0 0 0 0 0 0 0 0 0 1 0 0 0 0 0 0 0 0 0 0 0 0 0 0 0 0 0 0 0 0 0 0 0 0 0 0 0 0 0 0 0 0 0 0 0 0 0 0 0 0 0 0]
[3279896022264309184467706074826684174613180272122466511552499704242295325245968772881954657844732006477305538639568745117266653100535717835226416664682948798064958951580283368827386328887260585724606731026844691922343373514752340969147121521001664951042084384339832307909902050483682229293998043304307005280440211 0 0 0 0 0 0 0 0 0 0 0 0 0 0 0 0 0 0 0 0 0 0 0 0 0 0 0 0 0 0 0 0 0 0 0 0 0 0 0 0 0 0 0 0 0 0 0 0 0 0 0 0 0 0 0 0 0 0 0 0 0 1 0 0 0 0 0 0 0 0 0 0 0 0 0 0 0 0 0 0 0 0 0 0 0 0 0 0 0 0 0 0 0 0 0 0 0 0 0 0 0 0 0]
[1483226675279672460638058806592958616418757660313985705767192656499453901839542012203379699102663479717137425448111254626853497139951365457897327752216588476467265031162398063851846119522333655494838437706653189631512443965765999366012929162880067302052832203618949396922534638557367586105386591808666298569162850 0 0 0 0 0 0 0 0 0 0 0 0 0 0 0 0 0 0 0 0 0 0 0 0 0 0 0 0 0 0 0 0 0 0 0 0 0 0 0 0 0 0 0 0 0 0 0 0 0 0 0 0 0 0 0 0 0 0 0 0 0 0 1 0 0 0 0 0 0 0 0 0 0 0 0 0 0 0 0 0 0 0 0 0 0 0 0 0 0 0 0 0 0 0 0 0 0 0 0 0 0 0 0]
[2018510794251592190545455335263735824038747114400264077845162517380315058285300116430364884822937679523851605492384585779914740988091065753743347162636377704658971178512286691955352499826044453505368033079928744233843207347389450704329724456547102444091144451608931621892765003109336347634956415670082371080156659 0 0 0 0 0 0 0 0 0 0 0 0 0 0 0 0 0 0 0 0 0 0 0 0 0 0 0 0 0 0 0 0 0 0 0 0 0 0 0 0 0 0 0 0 0 0 0 0 0 0 0 0 0 0 0 0 0 0 0 0 0 0 0 1 0 0 0 0 0 0 0 0 0 0 0 0 0 0 0 0 0 0 0 0 0 0 0 0 0 0 0 0 0 0 0 0 0 0 0 0 0 0 0]
[3807460257708504652082238087926545219799580785090684083193220056486462555927323993914311204681074863480462367533695031937322922406067517504061003258560378158483248149590795159596534137570487184150149190576636340730254817930657225583829479959800950448244936048835112928575709909254599507371778452464245690026998411 0 0 0 0 0 0 0 0 0 0 0 0 0 0 0 0 0 0 0 0 0 0 0 0 0 0 0 0 0 0 0 0 0 0 0 0 0 0 0 0 0 0 0 0 0 0 0 0 0 0 0 0 0 0 0 0 0 0 0 0 0 0 0 0 1 0 0 0 0 0 0 0 0 0 0 0 0 0 0 0 0 0 0 0 0 0 0 0 0 0 0 0 0 0 0 0 0 0 0 0 0 0 0]
[2162888649053667289784120737377338486392746389977399738706700703229972575493732953427705178373369317075939587088208350410853541470425158613592499332770974979588861615257496163514567937389386188179623626309902044823055599733709645246715631206489603250197810818747237872241116035238101586586468119755320792747200371 0 0 0 0 0 0 0 0 0 0 0 0 0 0 0 0 0 0 0 0 0 0 0 0 0 0 0 0 0 0 0 0 0 0 0 0 0 0 0 0 0 0 0 0 0 0 0 0 0 0 0 0 0 0 0 0 0 0 0 0 0 0 0 0 0 1 0 0 0 0 0 0 0 0 0 0 0 0 0 0 0 0 0 0 0 0 0 0 0 0 0 0 0 0 0 0 0 0 0 0 0 0 0]
[3130099613167727786434507565751716510749287076823918416445049055636515684992622417610294376873567800154006459718445557537512543547989286400227735515661866591970928490936457411656315819403343987130395530276077941132559193383085303282490003976687157724900245595815545485833885624984582889260056159082580812714383612 0 0 0 0 0 0 0 0 0 0 0 0 0 0 0 0 0 0 0 0 0 0 0 0 0 0 0 0 0 0 0 0 0 0 0 0 0 0 0 0 0 0 0 0 0 0 0 0 0 0 0 0 0 0 0 0 0 0 0 0 0 0 0 0 0 0 1 0 0 0 0 0 0 0 0 0 0 0 0 0 0 0 0 0 0 0 0 0 0 0 0 0 0 0 0 0 0 0 0 0 0 0 0]
[3712970616041860760452449817569291352943864938293960350515363932508016516887457347845964729575994936023451212702390263507696899336941620355791045895118746272871338678451272874940270562633959313526317950010015560093193681024164431077061294837204586421289427432461965182795722965729822985235362866127312693214500658 0 0 0 0 0 0 0 0 0 0 0 0 0 0 0 0 0 0 0 0 0 0 0 0 0 0 0 0 0 0 0 0 0 0 0 0 0 0 0 0 0 0 0 0 0 0 0 0 0 0 0 0 0 0 0 0 0 0 0 0 0 0 0 0 0 0 0 1 0 0 0 0 0 0 0 0 0 0 0 0 0 0 0 0 0 0 0 0 0 0 0 0 0 0 0 0 0 0 0 0 0 0 0]
[6076175069778362809309329833334658764816808017757205793043658504155391451660375406575623020494698046540035133076566949060983311299410172526086299368083033311082700484653383751697437373216603963195663081137645375212807025852901947580764414049255584929250197349401370693111864572358422420275594759831913396281690263 0 0 0 0 0 0 0 0 0 0 0 0 0 0 0 0 0 0 0 0 0 0 0 0 0 0 0 0 0 0 0 0 0 0 0 0 0 0 0 0 0 0 0 0 0 0 0 0 0 0 0 0 0 0 0 0 0 0 0 0 0 0 0 0 0 0 0 0 1 0 0 0 0 0 0 0 0 0 0 0 0 0 0 0 0 0 0 0 0 0 0 0 0 0 0 0 0 0 0 0 0 0 0]
[3815929363432263367043582661621896034166560128137194412076775140555655311638654381530672549963560146627548417350608158023373603958467379042825896807501059179339390472970106826698304397177196630016716643533944281063377326180190691500765840649373385052494858306277081567743501020866696614905887495667712854500245416 0 0 0 0 0 0 0 0 0 0 0 0 0 0 0 0 0 0 0 0 0 0 0 0 0 0 0 0 0 0 0 0 0 0 0 0 0 0 0 0 0 0 0 0 0 0 0 0 0 0 0 0 0 0 0 0 0 0 0 0 0 0 0 0 0 0 0 0 0 1 0 0 0 0 0 0 0 0 0 0 0 0 0 0 0 0 0 0 0 0 0 0 0 0 0 0 0 0 0 0 0 0 0]
[2827069627486330045487380457435511314962138373229718894821218593599998881240568210090178881735550288528762994512873529388471395762401836165027806029250607189429721665238334032894135727802895137958780603761718448650319921434183779750969538159997413512920939769457440387815722722550758627632759643045106544962110866 0 0 0 0 0 0 0 0 0 0 0 0 0 0 0 0 0 0 0 0 0 0 0 0 0 0 0 0 0 0 0 0 0 0 0 0 0 0 0 0 0 0 0 0 0 0 0 0 0 0 0 0 0 0 0 0 0 0 0 0 0 0 0 0 0 0 0 0 0 0 1 0 0 0 0 0 0 0 0 0 0 0 0 0 0 0 0 0 0 0 0 0 0 0 0 0 0 0 0 0 0 0 0]
[3415800987398796748617831969008183239480071656130901770771505431544829039012341151687289351909049982649991772413941724643907018935733947665498827388770490123499181357023826706057896655796540521678087013088603720153286682096726036255434161842349243045986051420075259697916909339628770017880407330849051353725737220 0 0 0 0 0 0 0 0 0 0 0 0 0 0 0 0 0 0 0 0 0 0 0 0 0 0 0 0 0 0 0 0 0 0 0 0 0 0 0 0 0 0 0 0 0 0 0 0 0 0 0 0 0 0 0 0 0 0 0 0 0 0 0 0 0 0 0 0 0 0 0 1 0 0 0 0 0 0 0 0 0 0 0 0 0 0 0 0 0 0 0 0 0 0 0 0 0 0 0 0 0 0 0]
[3472526206389762235299552500607606342894497352690979678839858198254339543160209990679034715215536693262310786920617880956184992530802714459905091019396676421542350779973778724695313914201764298097692054940859420602365880917810815677643104804399730006035622644806840172509178438940854209590116285058488305645444535 0 0 0 0 0 0 0 0 0 0 0 0 0 0 0 0 0 0 0 0 0 0 0 0 0 0 0 0 0 0 0 0 0 0 0 0 0 0 0 0 0 0 0 0 0 0 0 0 0 0 0 0 0 0 0 0 0 0 0 0 0 0 0 0 0 0 0 0 0 0 0 0 1 0 0 0 0 0 0 0 0 0 0 0 0 0 0 0 0 0 0 0 0 0 0 0 0 0 0 0 0 0 0]
[1956731681986507418474459356696933099215753127818562649270565009246473815125383911853350103025180413436169659789287152778070345682126361571055220222888018987313341092465281829408249348452098951602278059113634086539201994193597564526207256844179255529723418321315862174370019099453760566958678296713426993524354554 0 0 0 0 0 0 0 0 0 0 0 0 0 0 0 0 0 0 0 0 0 0 0 0 0 0 0 0 0 0 0 0 0 0 0 0 0 0 0 0 0 0 0 0 0 0 0 0 0 0 0 0 0 0 0 0 0 0 0 0 0 0 0 0 0 0 0 0 0 0 0 0 0 1 0 0 0 0 0 0 0 0 0 0 0 0 0 0 0 0 0 0 0 0 0 0 0 0 0 0 0 0 0]
[5265712526036896635571833357356789886442952262224506933167019830871403497820429680480316155201302437369962095979541792614582628397256547490874372978192930768217888883505837372877140871327242078889685995542013990786501322871330522697935618019199262607219618228102433732824174109937392590348271718600036878716671773 0 0 0 0 0 0 0 0 0 0 0 0 0 0 0 0 0 0 0 0 0 0 0 0 0 0 0 0 0 0 0 0 0 0 0 0 0 0 0 0 0 0 0 0 0 0 0 0 0 0 0 0 0 0 0 0 0 0 0 0 0 0 0 0 0 0 0 0 0 0 0 0 0 0 1 0 0 0 0 0 0 0 0 0 0 0 0 0 0 0 0 0 0 0 0 0 0 0 0 0 0 0 0]
[2986564130543865239460920586796136622977254526932492994590231627204586414863087294935200142706771338564248649203680239701655962430320573979904496570336699679326894680400145580337633278650309734239943143746479046682699280430658598028921655133490375156336783242748728743270936565143896653032840302021206964553386679 0 0 0 0 0 0 0 0 0 0 0 0 0 0 0 0 0 0 0 0 0 0 0 0 0 0 0 0 0 0 0 0 0 0 0 0 0 0 0 0 0 0 0 0 0 0 0 0 0 0 0 0 0 0 0 0 0 0 0 0 0 0 0 0 0 0 0 0 0 0 0 0 0 0 0 1 0 0 0 0 0 0 0 0 0 0 0 0 0 0 0 0 0 0 0 0 0 0 0 0 0 0 0]
[5802179922924445877111181982162660014670988526344800949572646258792013677174575526271999099506226206768217544975015489029445088553392933312527455151391171246718831082744413311047558679973955194813301429605445732871118839826201749148550545464839926973996037393924642144958255296862232581041235164954852092937764794 0 0 0 0 0 0 0 0 0 0 0 0 0 0 0 0 0 0 0 0 0 0 0 0 0 0 0 0 0 0 0 0 0 0 0 0 0 0 0 0 0 0 0 0 0 0 0 0 0 0 0 0 0 0 0 0 0 0 0 0 0 0 0 0 0 0 0 0 0 0 0 0 0 0 0 0 1 0 0 0 0 0 0 0 0 0 0 0 0 0 0 0 0 0 0 0 0 0 0 0 0 0 0]
[2618351224867438815773629030565127656044429637683330021883715320500032214088164008397070577569371907118002611428752325794471991850621657601512244387974717546853139467761184074182987061314717258529150434102327532338475799993009292688959291048353716459646819143323198341736429325006190008414176193165503321984377227 0 0 0 0 0 0 0 0 0 0 0 0 0 0 0 0 0 0 0 0 0 0 0 0 0 0 0 0 0 0 0 0 0 0 0 0 0 0 0 0 0 0 0 0 0 0 0 0 0 0 0 0 0 0 0 0 0 0 0 0 0 0 0 0 0 0 0 0 0 0 0 0 0 0 0 0 0 1 0 0 0 0 0 0 0 0 0 0 0 0 0 0 0 0 0 0 0 0 0 0 0 0 0]
[6894669040701256630417274109848632105568438044806843767934511549552927159327227344123163756251877504167291284914189429852609847967403811718853575750865127155469864860409129004191210314953652537775974538023929731093829515171362758556806946675286475414184508448311241151026023466855160210363636035463717932203788465 0 0 0 0 0 0 0 0 0 0 0 0 0 0 0 0 0 0 0 0 0 0 0 0 0 0 0 0 0 0 0 0 0 0 0 0 0 0 0 0 0 0 0 0 0 0 0 0 0 0 0 0 0 0 0 0 0 0 0 0 0 0 0 0 0 0 0 0 0 0 0 0 0 0 0 0 0 0 1 0 0 0 0 0 0 0 0 0 0 0 0 0 0 0 0 0 0 0 0 0 0 0 0]
[1522999276984247130290735294247463996520673401738349401245204549299905099179074956018006261013862364791861801752456089075774545235016554777896272428209538243156076950717412885906050657634463884323739850048990045779394276107382059887422274439294748159280987081334613869125122309344857793152578621959978092237414256 0 0 0 0 0 0 0 0 0 0 0 0 0 0 0 0 0 0 0 0 0 0 0 0 0 0 0 0 0 0 0 0 0 0 0 0 0 0 0 0 0 0 0 0 0 0 0 0 0 0 0 0 0 0 0 0 0 0 0 0 0 0 0 0 0 0 0 0 0 0 0 0 0 0 0 0 0 0 0 1 0 0 0 0 0 0 0 0 0 0 0 0 0 0 0 0 0 0 0 0 0 0 0]
[6621684932487194670651645302696319878716265615549909617788826617649688257624022889139603540453282844724950977434414841854324015643868347541007040223941666540579703206987892110576983949461087358742063333034358995285927998829025077610244086778886927285760528223778053467056532162135583626503870733627876655012826202 0 0 0 0 0 0 0 0 0 0 0 0 0 0 0 0 0 0 0 0 0 0 0 0 0 0 0 0 0 0 0 0 0 0 0 0 0 0 0 0 0 0 0 0 0 0 0 0 0 0 0 0 0 0 0 0 0 0 0 0 0 0 0 0 0 0 0 0 0 0 0 0 0 0 0 0 0 0 0 0 1 0 0 0 0 0 0 0 0 0 0 0 0 0 0 0 0 0 0 0 0 0 0]
[6131295110585988256379849784691575217692510278357951815002797964424002680973229245215472696048781539109655838894598889187655859223612097289115992788032463145921973922137547409919629568350217202313320242107123600399352561857409055383877620789759517171193878929439097021305070180307235699339185664900585447995372808 0 0 0 0 0 0 0 0 0 0 0 0 0 0 0 0 0 0 0 0 0 0 0 0 0 0 0 0 0 0 0 0 0 0 0 0 0 0 0 0 0 0 0 0 0 0 0 0 0 0 0 0 0 0 0 0 0 0 0 0 0 0 0 0 0 0 0 0 0 0 0 0 0 0 0 0 0 0 0 0 0 1 0 0 0 0 0 0 0 0 0 0 0 0 0 0 0 0 0 0 0 0 0]
[3491065083956337615001797908502173064170842604557419313178015266217760467716919494043398959123762944558122047376476980993946556014675800631955777964344339833084167456326932748005743977429085341480069384161012568841520568656592795841056962618605196899212113112114632390006797232093350889608032431534209062220513090 0 0 0 0 0 0 0 0 0 0 0 0 0 0 0 0 0 0 0 0 0 0 0 0 0 0 0 0 0 0 0 0 0 0 0 0 0 0 0 0 0 0 0 0 0 0 0 0 0 0 0 0 0 0 0 0 0 0 0 0 0 0 0 0 0 0 0 0 0 0 0 0 0 0 0 0 0 0 0 0 0 0 1 0 0 0 0 0 0 0 0 0 0 0 0 0 0 0 0 0 0 0 0]
[2808285004516029614229697858013168998876565654163012610790155628889597332958216179075772442080694570368281718038964560678960652555336901451011156379741538166179097653951322421808340171255992610207274976273149291943045826518842825743441720946868839488398323574840636438713588764094410560466673511661099256972700759 0 0 0 0 0 0 0 0 0 0 0 0 0 0 0 0 0 0 0 0 0 0 0 0 0 0 0 0 0 0 0 0 0 0 0 0 0 0 0 0 0 0 0 0 0 0 0 0 0 0 0 0 0 0 0 0 0 0 0 0 0 0 0 0 0 0 0 0 0 0 0 0 0 0 0 0 0 0 0 0 0 0 0 1 0 0 0 0 0 0 0 0 0 0 0 0 0 0 0 0 0 0 0]
[2415073836752407033688778325966839179147127694104009837065443243282490716165096735676928062586179372257093320537632372841429174496862537987903669263376663413028802325980861065773389603841435968365811682102768491340989790300529227826019252827401628941685535897492379251899507317080352592379789297216275102805367289 0 0 0 0 0 0 0 0 0 0 0 0 0 0 0 0 0 0 0 0 0 0 0 0 0 0 0 0 0 0 0 0 0 0 0 0 0 0 0 0 0 0 0 0 0 0 0 0 0 0 0 0 0 0 0 0 0 0 0 0 0 0 0 0 0 0 0 0 0 0 0 0 0 0 0 0 0 0 0 0 0 0 0 0 1 0 0 0 0 0 0 0 0 0 0 0 0 0 0 0 0 0 0]
[2751896650938730333466271237268780396995765631694103644651891590755043456195744917528792330010645573661443236425577281238936511655911988537162754724476172911762774740636789564697751007486213662729600180650435075700046787219517355506192022870249946021293428976739668628932328636545988732752363451001165259035783919 0 0 0 0 0 0 0 0 0 0 0 0 0 0 0 0 0 0 0 0 0 0 0 0 0 0 0 0 0 0 0 0 0 0 0 0 0 0 0 0 0 0 0 0 0 0 0 0 0 0 0 0 0 0 0 0 0 0 0 0 0 0 0 0 0 0 0 0 0 0 0 0 0 0 0 0 0 0 0 0 0 0 0 0 0 1 0 0 0 0 0 0 0 0 0 0 0 0 0 0 0 0 0]
[6412104593525985381489726476174677321274066638184563695927122771160492115834430523494072150952203739041088777605012248258193300204363296870708976721797130997544407646589079797020343356302821300989428093333042792017209895972045435106416070071056755665880033498032808631745353284499819988486101772726942459712822845 0 0 0 0 0 0 0 0 0 0 0 0 0 0 0 0 0 0 0 0 0 0 0 0 0 0 0 0 0 0 0 0 0 0 0 0 0 0 0 0 0 0 0 0 0 0 0 0 0 0 0 0 0 0 0 0 0 0 0 0 0 0 0 0 0 0 0 0 0 0 0 0 0 0 0 0 0 0 0 0 0 0 0 0 0 0 1 0 0 0 0 0 0 0 0 0 0 0 0 0 0 0 0]
[4766258612056066610904425170119577819824278075872699528090606686531146337281109440069606922492234501901830148897972422128276449666208640719699013693029644401144652428118885229461793591763493896237537504740237081744177638155893751025800750544312659430351644360370476681700134899361030512284931700499826604345973505 0 0 0 0 0 0 0 0 0 0 0 0 0 0 0 0 0 0 0 0 0 0 0 0 0 0 0 0 0 0 0 0 0 0 0 0 0 0 0 0 0 0 0 0 0 0 0 0 0 0 0 0 0 0 0 0 0 0 0 0 0 0 0 0 0 0 0 0 0 0 0 0 0 0 0 0 0 0 0 0 0 0 0 0 0 0 0 1 0 0 0 0 0 0 0 0 0 0 0 0 0 0 0]
[3677883136803553751328672422528618293782726284351529293320463611943239197823262059547829110052134879036135462816867496270945090191392063685918522164728100765545412709071458768391249069736274174651856958099954714037831057102816106572983161020854031632774661924820457457786494271617787771432887601695692339549120893 0 0 0 0 0 0 0 0 0 0 0 0 0 0 0 0 0 0 0 0 0 0 0 0 0 0 0 0 0 0 0 0 0 0 0 0 0 0 0 0 0 0 0 0 0 0 0 0 0 0 0 0 0 0 0 0 0 0 0 0 0 0 0 0 0 0 0 0 0 0 0 0 0 0 0 0 0 0 0 0 0 0 0 0 0 0 0 0 1 0 0 0 0 0 0 0 0 0 0 0 0 0 0]
[5526998399558892737092010114719291078307547001753002438887293932875846911784238300084687348250740730288304464059107940199806562602106634905627324047599865220116286302378650675359012929804200992073328112062476508641600989402568237041408918756067596912710963482710506589740229382844647079740775760757764637243790418 0 0 0 0 0 0 0 0 0 0 0 0 0 0 0 0 0 0 0 0 0 0 0 0 0 0 0 0 0 0 0 0 0 0 0 0 0 0 0 0 0 0 0 0 0 0 0 0 0 0 0 0 0 0 0 0 0 0 0 0 0 0 0 0 0 0 0 0 0 0 0 0 0 0 0 0 0 0 0 0 0 0 0 0 0 0 0 0 0 1 0 0 0 0 0 0 0 0 0 0 0 0 0]
[6258179039424276985390307330771513930266441328582577405974332865610150410496539163642111467833309804627445679013142126994741360540286727796556198929842303144727318589970341411091083482629870436873524451209344543217312653798386806557347323718068121743350939475010444633838072322091400446274721924248618426242384626 0 0 0 0 0 0 0 0 0 0 0 0 0 0 0 0 0 0 0 0 0 0 0 0 0 0 0 0 0 0 0 0 0 0 0 0 0 0 0 0 0 0 0 0 0 0 0 0 0 0 0 0 0 0 0 0 0 0 0 0 0 0 0 0 0 0 0 0 0 0 0 0 0 0 0 0 0 0 0 0 0 0 0 0 0 0 0 0 0 0 1 0 0 0 0 0 0 0 0 0 0 0 0]
[3004191522479125535711709393179101028486175874045079681363255276691504969721445707959140197932279994766953528279794668436423115299307634035186132766484739438415218531809641689635776370607133180454874193604755413299544119938971872073918077229601346387775332091827614076100273534655616025839628406463303974975466856 0 0 0 0 0 0 0 0 0 0 0 0 0 0 0 0 0 0 0 0 0 0 0 0 0 0 0 0 0 0 0 0 0 0 0 0 0 0 0 0 0 0 0 0 0 0 0 0 0 0 0 0 0 0 0 0 0 0 0 0 0 0 0 0 0 0 0 0 0 0 0 0 0 0 0 0 0 0 0 0 0 0 0 0 0 0 0 0 0 0 0 1 0 0 0 0 0 0 0 0 0 0 0]
[1521776515398384949581878298472416865960452977645486757266324699288026424007428829457326159553891542475397473208886572760153284780539541927069403199724686941187610009073014270508780938601536742712143909634975803885317153355747926879591511996380651486744877885139451180968287953165313279974915618867597604986436255 0 0 0 0 0 0 0 0 0 0 0 0 0 0 0 0 0 0 0 0 0 0 0 0 0 0 0 0 0 0 0 0 0 0 0 0 0 0 0 0 0 0 0 0 0 0 0 0 0 0 0 0 0 0 0 0 0 0 0 0 0 0 0 0 0 0 0 0 0 0 0 0 0 0 0 0 0 0 0 0 0 0 0 0 0 0 0 0 0 0 0 0 1 0 0 0 0 0 0 0 0 0 0]
[5558456504553706455381184054201190647379278693555985563908792209076023002646570038412233649889501956414820299521616853511641022362336642930615506327710407383559732767447504007073743652543450748664632476258747415920854783131961471507294643927689246922874644412839281887595454422455217371556191562775917382529248084 0 0 0 0 0 0 0 0 0 0 0 0 0 0 0 0 0 0 0 0 0 0 0 0 0 0 0 0 0 0 0 0 0 0 0 0 0 0 0 0 0 0 0 0 0 0 0 0 0 0 0 0 0 0 0 0 0 0 0 0 0 0 0 0 0 0 0 0 0 0 0 0 0 0 0 0 0 0 0 0 0 0 0 0 0 0 0 0 0 0 0 0 0 1 0 0 0 0 0 0 0 0 0]
[277319093545266679077288994690849958469102378317034583428130807307539736640958584696723644648032509041268521876699018033544817330849744114215381702368644556450948831010537524143809734998891691670620890036373105981751644274326082816230167714617875968519880623098740673185558832332846773876241846314154550051295345 0 0 0 0 0 0 0 0 0 0 0 0 0 0 0 0 0 0 0 0 0 0 0 0 0 0 0 0 0 0 0 0 0 0 0 0 0 0 0 0 0 0 0 0 0 0 0 0 0 0 0 0 0 0 0 0 0 0 0 0 0 0 0 0 0 0 0 0 0 0 0 0 0 0 0 0 0 0 0 0 0 0 0 0 0 0 0 0 0 0 0 0 0 0 1 0 0 0 0 0 0 0 0]
[5508507555277206525052752511087542665637554006994901130504397737908034414019863182173256007254506187660530786280502688079930248955610849312688511960009505589456538371419823097373649596547948038398455455155152722935702879708706640267221403055112233038763144099911356198417684493237693805572678980853133796921382429 0 0 0 0 0 0 0 0 0 0 0 0 0 0 0 0 0 0 0 0 0 0 0 0 0 0 0 0 0 0 0 0 0 0 0 0 0 0 0 0 0 0 0 0 0 0 0 0 0 0 0 0 0 0 0 0 0 0 0 0 0 0 0 0 0 0 0 0 0 0 0 0 0 0 0 0 0 0 0 0 0 0 0 0 0 0 0 0 0 0 0 0 0 0 0 1 0 0 0 0 0 0 0]
[5388699093809556592064069916529269212199719973030104918665093020647179674702923467262724606459130537351619589797626320966708368037027356679999798548173567499879194701159178543130877613775877949547992287973075339574102214921241053561252081727296251892174215509743676660713788678850413174304092980041568951053316605 0 0 0 0 0 0 0 0 0 0 0 0 0 0 0 0 0 0 0 0 0 0 0 0 0 0 0 0 0 0 0 0 0 0 0 0 0 0 0 0 0 0 0 0 0 0 0 0 0 0 0 0 0 0 0 0 0 0 0 0 0 0 0 0 0 0 0 0 0 0 0 0 0 0 0 0 0 0 0 0 0 0 0 0 0 0 0 0 0 0 0 0 0 0 0 0 1 0 0 0 0 0 0]
[1261414662665908279806553704658641010016738713126014544176085644625932642987760554920452989712837087352965793917204751777184639696859425691073147043294495316151023390571981269248195533242633292867605314485229132385266596937909102089617006661927163793502184737990347970843573098903692904768249284026457022064049087 0 0 0 0 0 0 0 0 0 0 0 0 0 0 0 0 0 0 0 0 0 0 0 0 0 0 0 0 0 0 0 0 0 0 0 0 0 0 0 0 0 0 0 0 0 0 0 0 0 0 0 0 0 0 0 0 0 0 0 0 0 0 0 0 0 0 0 0 0 0 0 0 0 0 0 0 0 0 0 0 0 0 0 0 0 0 0 0 0 0 0 0 0 0 0 0 0 1 0 0 0 0 0]
[1582415041719966303940985507915598069836632614256587176314026654152768434707341735227748114071130518366680477998565492876764935091622127114659218906456950643892036261493256537016658397088209883906021021446140560679224489362613763959206041728847217752450764845515815331679630571591894037463434769381316093604202983 0 0 0 0 0 0 0 0 0 0 0 0 0 0 0 0 0 0 0 0 0 0 0 0 0 0 0 0 0 0 0 0 0 0 0 0 0 0 0 0 0 0 0 0 0 0 0 0 0 0 0 0 0 0 0 0 0 0 0 0 0 0 0 0 0 0 0 0 0 0 0 0 0 0 0 0 0 0 0 0 0 0 0 0 0 0 0 0 0 0 0 0 0 0 0 0 0 0 1 0 0 0 0]
[1875036586484102906371331225378664551482109034633436552238191656055183304839450162443771047891658179271639759807555279315325817873445441274412166857743997935597077542731071045391485311238301677823284503295147653574237513155041872161612323164133869519406105986640046755250468781873262691595819097201155140463278221 0 0 0 0 0 0 0 0 0 0 0 0 0 0 0 0 0 0 0 0 0 0 0 0 0 0 0 0 0 0 0 0 0 0 0 0 0 0 0 0 0 0 0 0 0 0 0 0 0 0 0 0 0 0 0 0 0 0 0 0 0 0 0 0 0 0 0 0 0 0 0 0 0 0 0 0 0 0 0 0 0 0 0 0 0 0 0 0 0 0 0 0 0 0 0 0 0 0 0 1 0 0 0]
[2374300663200729828970685622981916854877967538033928601527039895617989293250566453367157019708470975332381411680629077611792663322316503745297253463045742191075737971976560244700825635351174004078872168640036470517964694056511251244530439892605997708708915965036037332156782656052090980495126157977965106929569823 0 0 0 0 0 0 0 0 0 0 0 0 0 0 0 0 0 0 0 0 0 0 0 0 0 0 0 0 0 0 0 0 0 0 0 0 0 0 0 0 0 0 0 0 0 0 0 0 0 0 0 0 0 0 0 0 0 0 0 0 0 0 0 0 0 0 0 0 0 0 0 0 0 0 0 0 0 0 0 0 0 0 0 0 0 0 0 0 0 0 0 0 0 0 0 0 0 0 0 0 1 0 0]
[5379800670487862098561425694115829359919061955403234972758694406235177979746024300777068793672938439717147135626172940478249539350831926999786426792140701368438450807755975937095708184255224508686313287583675504117106419932886594118863574597670358605966458330343501524843993593483486660043433772525601172508315342 0 0 0 0 0 0 0 0 0 0 0 0 0 0 0 0 0 0 0 0 0 0 0 0 0 0 0 0 0 0 0 0 0 0 0 0 0 0 0 0 0 0 0 0 0 0 0 0 0 0 0 0 0 0 0 0 0 0 0 0 0 0 0 0 0 0 0 0 0 0 0 0 0 0 0 0 0 0 0 0 0 0 0 0 0 0 0 0 0 0 0 0 0 0 0 0 0 0 0 0 0 1 0]
[3388820656534592493398077655524376238071125767557201485882573464545019697108270240349573526027171167800509242198649302867380555396254556607697987417822154889614400645591639878229675732106501918524578376426586096621786826619342200445140716369624276118214606064781461130775735499540256949220253588196369679243112928 0 0 0 0 0 0 0 0 0 0 0 0 0 0 0 0 0 0 0 0 0 0 0 0 0 0 0 0 0 0 0 0 0 0 0 0 0 0 0 0 0 0 0 0 0 0 0 0 0 0 0 0 0 0 0 0 0 0 0 0 0 0 0 0 0 0 0 0 0 0 0 0 0 0 0 0 0 0 0 0 0 0 0 0 0 0 0 0 0 0 0 0 0 0 0 0 0 0 0 0 0 0 1]
]
