[[2642144446798871927981691955746464333918341905710425940965835784298875121023441293395118487455789635198354336601967613285217328108419234703885224367947 0 0 0 0 0 0 0 0 0 0 0 0 0 0 0 0 0 0 0 0 0 0 0 0 0 0 0 0 0 0 0 0 0 0 0 0 0 0 0 0 0 0 0 0 0 0 0 0 0]
[412684029216164750728922467057020324876474517433183110588545364468796060593254814135571918332584052667068403474807469457755360349354804890791603692667 1 0 0 0 0 0 0 0 0 0 0 0 0 0 0 0 0 0 0 0 0 0 0 0 0 0 0 0 0 0 0 0 0 0 0 0 0 0 0 0 0 0 0 0 0 0 0 0 0]
[1363656183557764803848965593061026011132088258363351314043582612434658602790822682764247645189962990303819232580278833338808416965378864569298391665419 0 1 0 0 0 0 0 0 0 0 0 0 0 0 0 0 0 0 0 0 0 0 0 0 0 0 0 0 0 0 0 0 0 0 0 0 0 0 0 0 0 0 0 0 0 0 0 0 0]
[489512244015565411427785422815248087483571325954231074167864941270518698130461076913129572319726527504216920596989167523115662724670129054758888850792 0 0 1 0 0 0 0 0 0 0 0 0 0 0 0 0 0 0 0 0 0 0 0 0 0 0 0 0 0 0 0 0 0 0 0 0 0 0 0 0 0 0 0 0 0 0 0 0 0]
[2338334469518723772843787463671607098596969537987907943117217597172062984921703759727982281713758789975022051728229239763144209036864691378147236837976 0 0 0 1 0 0 0 0 0 0 0 0 0 0 0 0 0 0 0 0 0 0 0 0 0 0 0 0 0 0 0 0 0 0 0 0 0 0 0 0 0 0 0 0 0 0 0 0 0]
[2372667071906275452808420480453687230420014675677386404795381709122837497938225172230312208880537848937297343758355417947742901447621426564470803490158 0 0 0 0 1 0 0 0 0 0 0 0 0 0 0 0 0 0 0 0 0 0 0 0 0 0 0 0 0 0 0 0 0 0 0 0 0 0 0 0 0 0 0 0 0 0 0 0 0]
[994354196259541571762518537761616200455689973453986307938286659753890160076934049991378152621314164744197598091082354354606985177063597731345784582206 0 0 0 0 0 1 0 0 0 0 0 0 0 0 0 0 0 0 0 0 0 0 0 0 0 0 0 0 0 0 0 0 0 0 0 0 0 0 0 0 0 0 0 0 0 0 0 0 0]
[1636373225067507455081077386338665362026610896682536373937145759413810804730793737324424898206165166183420761898910688046799698936721592212726918300552 0 0 0 0 0 0 1 0 0 0 0 0 0 0 0 0 0 0 0 0 0 0 0 0 0 0 0 0 0 0 0 0 0 0 0 0 0 0 0 0 0 0 0 0 0 0 0 0 0]
[1530078484558661528967960854816633015562912895687067736520596015296637319030123755625698757517886618632598611963912114653999447099944275365619848688038 0 0 0 0 0 0 0 1 0 0 0 0 0 0 0 0 0 0 0 0 0 0 0 0 0 0 0 0 0 0 0 0 0 0 0 0 0 0 0 0 0 0 0 0 0 0 0 0 0]
[2310656741549375955586040910575420310722238456370961520913066507143140248573049721394213965382339573840872347200419129653282337287918469634612066696941 0 0 0 0 0 0 0 0 1 0 0 0 0 0 0 0 0 0 0 0 0 0 0 0 0 0 0 0 0 0 0 0 0 0 0 0 0 0 0 0 0 0 0 0 0 0 0 0 0]
[1260656053365615029754132559103722260194604467676086217066615352779284985047953704091499556335914837370002190756283195310123540043848300900056395085529 0 0 0 0 0 0 0 0 0 1 0 0 0 0 0 0 0 0 0 0 0 0 0 0 0 0 0 0 0 0 0 0 0 0 0 0 0 0 0 0 0 0 0 0 0 0 0 0 0]
[549828078329919921037362911760697346835987516677547953251620739629388986598736014544913363280618959155738570853047502090708031296658416122546877128386 0 0 0 0 0 0 0 0 0 0 1 0 0 0 0 0 0 0 0 0 0 0 0 0 0 0 0 0 0 0 0 0 0 0 0 0 0 0 0 0 0 0 0 0 0 0 0 0 0]
[1414310468531153957310775497453008051878982743092195151225863169140593404425682328588537985578788686203222659969766654392710588743146236311372563520730 0 0 0 0 0 0 0 0 0 0 0 1 0 0 0 0 0 0 0 0 0 0 0 0 0 0 0 0 0 0 0 0 0 0 0 0 0 0 0 0 0 0 0 0 0 0 0 0 0]
[1485936046606944266267919740952077737304017885367292716349303869429216097148389969122633588257789682386822698098331482024890073201995574966911595665850 0 0 0 0 0 0 0 0 0 0 0 0 1 0 0 0 0 0 0 0 0 0 0 0 0 0 0 0 0 0 0 0 0 0 0 0 0 0 0 0 0 0 0 0 0 0 0 0 0]
[981734512420060263220250852407376273126238052705958820776961476495732442327544371488916727722292741410657872907451577482550464361874213150237306472191 0 0 0 0 0 0 0 0 0 0 0 0 0 1 0 0 0 0 0 0 0 0 0 0 0 0 0 0 0 0 0 0 0 0 0 0 0 0 0 0 0 0 0 0 0 0 0 0 0]
[339468080554364309151020858527962083225856583375002786968575877555927487359073609762708335395436570320317732608073429223190320738823895712893121886139 0 0 0 0 0 0 0 0 0 0 0 0 0 0 1 0 0 0 0 0 0 0 0 0 0 0 0 0 0 0 0 0 0 0 0 0 0 0 0 0 0 0 0 0 0 0 0 0 0]
[181109281258320846431038425623851256054597532416243472094825567953193243402682726986960875345135214639722950836660255303718285649288915214665938271701 0 0 0 0 0 0 0 0 0 0 0 0 0 0 0 1 0 0 0 0 0 0 0 0 0 0 0 0 0 0 0 0 0 0 0 0 0 0 0 0 0 0 0 0 0 0 0 0 0]
[1086779260113059814584056422217604982892271494104187574839693685980423240004428276653800962077387329849265107310575176944014019935826323670400021867171 0 0 0 0 0 0 0 0 0 0 0 0 0 0 0 0 1 0 0 0 0 0 0 0 0 0 0 0 0 0 0 0 0 0 0 0 0 0 0 0 0 0 0 0 0 0 0 0 0]
[2108223316962517551180026427129047078006839397889923747844343405146280798066241408502656852592919349094308368556384176563554715705920993814302970980160 0 0 0 0 0 0 0 0 0 0 0 0 0 0 0 0 0 1 0 0 0 0 0 0 0 0 0 0 0 0 0 0 0 0 0 0 0 0 0 0 0 0 0 0 0 0 0 0 0]
[2415476886274374817784927201584676760789261619778319394378593776883655260498863316140462741135937524681480507008041989151086981549009062444558395491940 0 0 0 0 0 0 0 0 0 0 0 0 0 0 0 0 0 0 1 0 0 0 0 0 0 0 0 0 0 0 0 0 0 0 0 0 0 0 0 0 0 0 0 0 0 0 0 0 0]
[1639582509854936581450499304815839500963797919833731127636818646476809736146809917719031963355820033574534287498534752270149676868995457376021824914227 0 0 0 0 0 0 0 0 0 0 0 0 0 0 0 0 0 0 0 1 0 0 0 0 0 0 0 0 0 0 0 0 0 0 0 0 0 0 0 0 0 0 0 0 0 0 0 0 0]
[547482246400329854433209566213006725097574925334912840879893914629307022644926158129814413566377318433411603149704384512708172711319451304448434501455 0 0 0 0 0 0 0 0 0 0 0 0 0 0 0 0 0 0 0 0 1 0 0 0 0 0 0 0 0 0 0 0 0 0 0 0 0 0 0 0 0 0 0 0 0 0 0 0 0]
[2262017796889210061531227823106977663615410745913751399144924815795445434723517852695995435893285652113765801658652540799668519388202739964233570287660 0 0 0 0 0 0 0 0 0 0 0 0 0 0 0 0 0 0 0 0 0 1 0 0 0 0 0 0 0 0 0 0 0 0 0 0 0 0 0 0 0 0 0 0 0 0 0 0 0]
[910026157595841837054078498595211165211472214117047275583883792369155489002730130970454036589379691855355790650972546889733067922569996320560064294804 0 0 0 0 0 0 0 0 0 0 0 0 0 0 0 0 0 0 0 0 0 0 1 0 0 0 0 0 0 0 0 0 0 0 0 0 0 0 0 0 0 0 0 0 0 0 0 0 0]
[2242140122780723861683390901391823042454529940675530806289572611767003331875596104399776695327709831004039949519759008838084577249153748147923998013549 0 0 0 0 0 0 0 0 0 0 0 0 0 0 0 0 0 0 0 0 0 0 0 1 0 0 0 0 0 0 0 0 0 0 0 0 0 0 0 0 0 0 0 0 0 0 0 0 0]
[1123555793002349274518880602711775028709387894694685474992111260540734474356411466316320879684478878923903183724847342914296022787629069537901835070534 0 0 0 0 0 0 0 0 0 0 0 0 0 0 0 0 0 0 0 0 0 0 0 0 1 0 0 0 0 0 0 0 0 0 0 0 0 0 0 0 0 0 0 0 0 0 0 0 0]
[2175507091441605961051529608851158679316338190509403160178021334380505797404387854590909882695503774564900787365172104398549830055805441349781307484113 0 0 0 0 0 0 0 0 0 0 0 0 0 0 0 0 0 0 0 0 0 0 0 0 0 1 0 0 0 0 0 0 0 0 0 0 0 0 0 0 0 0 0 0 0 0 0 0 0]
[2297882354484562014768372576723026008738134899739351866148490537382460934866229483117101057615555121409273748040390524456019613104653708777015937605115 0 0 0 0 0 0 0 0 0 0 0 0 0 0 0 0 0 0 0 0 0 0 0 0 0 0 1 0 0 0 0 0 0 0 0 0 0 0 0 0 0 0 0 0 0 0 0 0 0]
[2019808154014571152086958882223182082447516599841524471531297205307453482743788765200189035092692453020500621136344396435237060090077582543344316481147 0 0 0 0 0 0 0 0 0 0 0 0 0 0 0 0 0 0 0 0 0 0 0 0 0 0 0 1 0 0 0 0 0 0 0 0 0 0 0 0 0 0 0 0 0 0 0 0 0]
[254420722728917135384285463767752424982051193689123270395448706445670037990062467837478080410852720848092637184033123501591425034807764152118776976514 0 0 0 0 0 0 0 0 0 0 0 0 0 0 0 0 0 0 0 0 0 0 0 0 0 0 0 0 1 0 0 0 0 0 0 0 0 0 0 0 0 0 0 0 0 0 0 0 0]
[1138627493701888262400021188479264628440236042048987248241259678755848488702521056673359899810962060919476222345712114560619899964517605034320728543943 0 0 0 0 0 0 0 0 0 0 0 0 0 0 0 0 0 0 0 0 0 0 0 0 0 0 0 0 0 1 0 0 0 0 0 0 0 0 0 0 0 0 0 0 0 0 0 0 0]
[1760101364275167416561257404716109254953195504475026689416155320991336404845508066131992248786141610886226503260405685620546633455501800075678761660390 0 0 0 0 0 0 0 0 0 0 0 0 0 0 0 0 0 0 0 0 0 0 0 0 0 0 0 0 0 0 1 0 0 0 0 0 0 0 0 0 0 0 0 0 0 0 0 0 0]
[1415219308169827028695929163954351694347764293455391594134277928129467646263998286247840909348516715650795628477153158121614005623490136600060053156382 0 0 0 0 0 0 0 0 0 0 0 0 0 0 0 0 0 0 0 0 0 0 0 0 0 0 0 0 0 0 0 1 0 0 0 0 0 0 0 0 0 0 0 0 0 0 0 0 0]
[2296130334257315511118222549109828171434100742531633483542865209310792557154163069800225699172529954116978143854445262908750043534594885902266385143580 0 0 0 0 0 0 0 0 0 0 0 0 0 0 0 0 0 0 0 0 0 0 0 0 0 0 0 0 0 0 0 0 1 0 0 0 0 0 0 0 0 0 0 0 0 0 0 0 0]
[420815219617893320459772819219012327328686226639415609903587021384679772779418616452725502505935453499476323165588264665420214872132359317949701725232 0 0 0 0 0 0 0 0 0 0 0 0 0 0 0 0 0 0 0 0 0 0 0 0 0 0 0 0 0 0 0 0 0 1 0 0 0 0 0 0 0 0 0 0 0 0 0 0 0]
[693831611064221442154516268100974191616203814632656030245068032316059921206669623605524877260438562100319061499172210364908369840832798244160808443448 0 0 0 0 0 0 0 0 0 0 0 0 0 0 0 0 0 0 0 0 0 0 0 0 0 0 0 0 0 0 0 0 0 0 1 0 0 0 0 0 0 0 0 0 0 0 0 0 0]
[2560447331932215382292653445623678175784098946654788846561589975254335745028519911267751268209529206963111378625871349078302725605301758797172056776926 0 0 0 0 0 0 0 0 0 0 0 0 0 0 0 0 0 0 0 0 0 0 0 0 0 0 0 0 0 0 0 0 0 0 0 1 0 0 0 0 0 0 0 0 0 0 0 0 0]
[1302447819556023987318111602659100627153795513860305334074587454279224179961523309842102740600541358199173275916436351580363455568353932481226620445015 0 0 0 0 0 0 0 0 0 0 0 0 0 0 0 0 0 0 0 0 0 0 0 0 0 0 0 0 0 0 0 0 0 0 0 0 1 0 0 0 0 0 0 0 0 0 0 0 0]
[2188643399185159134193193322285199754268017461938912226545160453126607584859531108751532954259721326845607931195185315703971685238553535847064158404645 0 0 0 0 0 0 0 0 0 0 0 0 0 0 0 0 0 0 0 0 0 0 0 0 0 0 0 0 0 0 0 0 0 0 0 0 0 1 0 0 0 0 0 0 0 0 0 0 0]
[696360278683409456465731221678498849173535421333474758775141876384469397453777316174155003857856998092409988584052028244487944390346986620908549271982 0 0 0 0 0 0 0 0 0 0 0 0 0 0 0 0 0 0 0 0 0 0 0 0 0 0 0 0 0 0 0 0 0 0 0 0 0 0 1 0 0 0 0 0 0 0 0 0 0]
[1000845989928375043565645211112758101521254729618246420956216440904778668016552182454826144504114087785624636859982098716567383888179180307979037134290 0 0 0 0 0 0 0 0 0 0 0 0 0 0 0 0 0 0 0 0 0 0 0 0 0 0 0 0 0 0 0 0 0 0 0 0 0 0 0 1 0 0 0 0 0 0 0 0 0]
[107697599647324419029877884741905343563289481008515006096197627098397400679981961047409701081048921780235464901306497795101210590146522952556151659722 0 0 0 0 0 0 0 0 0 0 0 0 0 0 0 0 0 0 0 0 0 0 0 0 0 0 0 0 0 0 0 0 0 0 0 0 0 0 0 0 1 0 0 0 0 0 0 0 0]
[388358146901273448475101836016031099488462228081162913150470871876322107433743205235485512806029219524601458987292928470467101379002570439240204455717 0 0 0 0 0 0 0 0 0 0 0 0 0 0 0 0 0 0 0 0 0 0 0 0 0 0 0 0 0 0 0 0 0 0 0 0 0 0 0 0 0 1 0 0 0 0 0 0 0]
[1562134978634032625115024194628540024787605671766868064361152128964831696320315852883859506980907446119521060007732040767216517464840060259911549129513 0 0 0 0 0 0 0 0 0 0 0 0 0 0 0 0 0 0 0 0 0 0 0 0 0 0 0 0 0 0 0 0 0 0 0 0 0 0 0 0 0 0 1 0 0 0 0 0 0]
[1764594663164795802380795910146568576935405575341425865454889683330057331754271266221754694678716518068586162077600947140431634014506837177506927289367 0 0 0 0 0 0 0 0 0 0 0 0 0 0 0 0 0 0 0 0 0 0 0 0 0 0 0 0 0 0 0 0 0 0 0 0 0 0 0 0 0 0 0 1 0 0 0 0 0]
[601655342639452068817998431811342785911836988180798901376333287503699905279416509191001587822719072625849451128106274935393424324101726102164051101673 0 0 0 0 0 0 0 0 0 0 0 0 0 0 0 0 0 0 0 0 0 0 0 0 0 0 0 0 0 0 0 0 0 0 0 0 0 0 0 0 0 0 0 0 1 0 0 0 0]
[795696010348071159357263583669581865529687569399581374119834306141695891325701035348603063560728238816020715846190879866071537387614978583882001401456 0 0 0 0 0 0 0 0 0 0 0 0 0 0 0 0 0 0 0 0 0 0 0 0 0 0 0 0 0 0 0 0 0 0 0 0 0 0 0 0 0 0 0 0 0 1 0 0 0]
[2376481347442810383904216110253566541446037408897752120429395878148954068892601020044527353383769010343454685704381697697868297129491071887913268974867 0 0 0 0 0 0 0 0 0 0 0 0 0 0 0 0 0 0 0 0 0 0 0 0 0 0 0 0 0 0 0 0 0 0 0 0 0 0 0 0 0 0 0 0 0 0 1 0 0]
[2595473634867233597098572344426603367430280368444923046832702616388692173938601776238476287905956568576358325823035103037687525794594089716043847059095 0 0 0 0 0 0 0 0 0 0 0 0 0 0 0 0 0 0 0 0 0 0 0 0 0 0 0 0 0 0 0 0 0 0 0 0 0 0 0 0 0 0 0 0 0 0 0 1 0]
[2187380816588295334059069290433726655423306270242918805663574310746100060338034085903343090070357165820427595318977970905246533748390138054335145694690 0 0 0 0 0 0 0 0 0 0 0 0 0 0 0 0 0 0 0 0 0 0 0 0 0 0 0 0 0 0 0 0 0 0 0 0 0 0 0 0 0 0 0 0 0 0 0 0 1]
]
