[[3352625906074745395763165856392595652225967769807962180404615065076543939858738160874434326566231697805988443130274306937467837316703858237137053711994297015477952263141 0 0 0 0 0 0 0 0 0 0 0 0 0 0 0 0 0 0 0 0 0 0 0 0 0 0 0 0 0 0 0 0 0 0 0 0 0 0 0 0 0 0 0 0 0 0 0 0 0 0 0 0 0 0 0]
[2408955221803600938908147562458285882464475810975612184638847556044125936776129638405842569161565609006689490865358206726450915825365430584359936453432918788281195657385 1 0 0 0 0 0 0 0 0 0 0 0 0 0 0 0 0 0 0 0 0 0 0 0 0 0 0 0 0 0 0 0 0 0 0 0 0 0 0 0 0 0 0 0 0 0 0 0 0 0 0 0 0 0 0]
[878558176656773765361994365983574132459243557033120641983895343823856279259997381903411423600928182821064564681713737797977135733754617772496964194576921990479296308329 0 1 0 0 0 0 0 0 0 0 0 0 0 0 0 0 0 0 0 0 0 0 0 0 0 0 0 0 0 0 0 0 0 0 0 0 0 0 0 0 0 0 0 0 0 0 0 0 0 0 0 0 0 0 0]
[2140483648890122107847526661533084147783569446459757872890327597307175155005304265481777960180925004213697031091275220269205660832390154611832265866039036235904050057684 0 0 1 0 0 0 0 0 0 0 0 0 0 0 0 0 0 0 0 0 0 0 0 0 0 0 0 0 0 0 0 0 0 0 0 0 0 0 0 0 0 0 0 0 0 0 0 0 0 0 0 0 0 0 0]
[3132332671640406457630647274558078209052165964706717671106428639832288048865751530362609490138600665911979980594848997080138237574353831895818001150016007951149324571024 0 0 0 1 0 0 0 0 0 0 0 0 0 0 0 0 0 0 0 0 0 0 0 0 0 0 0 0 0 0 0 0 0 0 0 0 0 0 0 0 0 0 0 0 0 0 0 0 0 0 0 0 0 0 0]
[3035868990350030722866666278609751786164495438791359769441820737622731242818239805310770130033703548658088689069756190925690527634738657600269298207297449591278699426349 0 0 0 0 1 0 0 0 0 0 0 0 0 0 0 0 0 0 0 0 0 0 0 0 0 0 0 0 0 0 0 0 0 0 0 0 0 0 0 0 0 0 0 0 0 0 0 0 0 0 0 0 0 0 0]
[2648681646373938240332029393239661115177826372103856192768964206099393634357220948957813092051728838947368964481789089519414846686319689512115204200939209724541706732314 0 0 0 0 0 1 0 0 0 0 0 0 0 0 0 0 0 0 0 0 0 0 0 0 0 0 0 0 0 0 0 0 0 0 0 0 0 0 0 0 0 0 0 0 0 0 0 0 0 0 0 0 0 0 0]
[2602792182039568283978175081340384376406390520538337463948477497067372626252067646517844266637159355325675526795895457109749821825682670306258443858400442155439117788208 0 0 0 0 0 0 1 0 0 0 0 0 0 0 0 0 0 0 0 0 0 0 0 0 0 0 0 0 0 0 0 0 0 0 0 0 0 0 0 0 0 0 0 0 0 0 0 0 0 0 0 0 0 0 0]
[712869780452880294363711145568392283267031011945137035789605587764292972545242021769076221421862186310747934102116456760961798285288321348436813871076404722215439802937 0 0 0 0 0 0 0 1 0 0 0 0 0 0 0 0 0 0 0 0 0 0 0 0 0 0 0 0 0 0 0 0 0 0 0 0 0 0 0 0 0 0 0 0 0 0 0 0 0 0 0 0 0 0 0]
[2610316406475820779251789885000345108262878293042086586351436539608277907352446224503148044453091578508416816543126443617832190338862128576690282498870495241274892839932 0 0 0 0 0 0 0 0 1 0 0 0 0 0 0 0 0 0 0 0 0 0 0 0 0 0 0 0 0 0 0 0 0 0 0 0 0 0 0 0 0 0 0 0 0 0 0 0 0 0 0 0 0 0 0]
[1702582680100118046406976627472834535278882404687678750558958311132966339205773116546808039921330534949449678864334688621987753475171833378121846549233525116652820836015 0 0 0 0 0 0 0 0 0 1 0 0 0 0 0 0 0 0 0 0 0 0 0 0 0 0 0 0 0 0 0 0 0 0 0 0 0 0 0 0 0 0 0 0 0 0 0 0 0 0 0 0 0 0 0]
[2885323204526529868779059583694651638471551385572915963924747462263183801246087847402391252086520940894853602545017992365267521228774255308388892414295951535041295374046 0 0 0 0 0 0 0 0 0 0 1 0 0 0 0 0 0 0 0 0 0 0 0 0 0 0 0 0 0 0 0 0 0 0 0 0 0 0 0 0 0 0 0 0 0 0 0 0 0 0 0 0 0 0 0]
[2717244520285350573066736866251811569904478896187016769937540873710472880483338131215272911335834378582919122705980330726550906827868082223709627015227319716040292636822 0 0 0 0 0 0 0 0 0 0 0 1 0 0 0 0 0 0 0 0 0 0 0 0 0 0 0 0 0 0 0 0 0 0 0 0 0 0 0 0 0 0 0 0 0 0 0 0 0 0 0 0 0 0 0]
[1740348892359642535738876900477377579460751932666641965431038399809199031526114948526631759685240424734131608152382434817955590138720138255926190543832979185528410481343 0 0 0 0 0 0 0 0 0 0 0 0 1 0 0 0 0 0 0 0 0 0 0 0 0 0 0 0 0 0 0 0 0 0 0 0 0 0 0 0 0 0 0 0 0 0 0 0 0 0 0 0 0 0 0]
[35788135894325701714886680451947627617100639200114775360391555803945690200263460281322912919865021703971835573608879394103153143743101353141211954883258205411888729169 0 0 0 0 0 0 0 0 0 0 0 0 0 1 0 0 0 0 0 0 0 0 0 0 0 0 0 0 0 0 0 0 0 0 0 0 0 0 0 0 0 0 0 0 0 0 0 0 0 0 0 0 0 0 0]
[251872756174067639486849076646452468186502996494720317833909339517024460819299438045676882693109490339306392004464318897136300097336781799425559141061636982664043169764 0 0 0 0 0 0 0 0 0 0 0 0 0 0 1 0 0 0 0 0 0 0 0 0 0 0 0 0 0 0 0 0 0 0 0 0 0 0 0 0 0 0 0 0 0 0 0 0 0 0 0 0 0 0 0]
[2894125817396271880508015927680562650184745778170519141103716631468319241807574942770812967444043971104273861028303446843233615754395335831897803694366040451856029132690 0 0 0 0 0 0 0 0 0 0 0 0 0 0 0 1 0 0 0 0 0 0 0 0 0 0 0 0 0 0 0 0 0 0 0 0 0 0 0 0 0 0 0 0 0 0 0 0 0 0 0 0 0 0 0]
[686655875978786948618169894923086633247876879398715530773501550360475673177252928255866143512291166897522797153965033495408705441706489509330690314118029954262327338202 0 0 0 0 0 0 0 0 0 0 0 0 0 0 0 0 1 0 0 0 0 0 0 0 0 0 0 0 0 0 0 0 0 0 0 0 0 0 0 0 0 0 0 0 0 0 0 0 0 0 0 0 0 0 0]
[1387461244605318839085024124314221655842436032194611105058620544695203887881956047655591362903966090639999749967441649404745795571458173911220911083820432642836636395088 0 0 0 0 0 0 0 0 0 0 0 0 0 0 0 0 0 1 0 0 0 0 0 0 0 0 0 0 0 0 0 0 0 0 0 0 0 0 0 0 0 0 0 0 0 0 0 0 0 0 0 0 0 0 0]
[2483679834668356482582038571298209505565241414496282425181434817564096101767537437308211796972688702080965036095329570533560872059356274894987465730826952056635448929232 0 0 0 0 0 0 0 0 0 0 0 0 0 0 0 0 0 0 1 0 0 0 0 0 0 0 0 0 0 0 0 0 0 0 0 0 0 0 0 0 0 0 0 0 0 0 0 0 0 0 0 0 0 0 0]
[1048107793317017668155054772687062513036510126639991090116142093276036912073618633251827457582372543123000297566791194134394519429096815237759499951445833823688485182708 0 0 0 0 0 0 0 0 0 0 0 0 0 0 0 0 0 0 0 1 0 0 0 0 0 0 0 0 0 0 0 0 0 0 0 0 0 0 0 0 0 0 0 0 0 0 0 0 0 0 0 0 0 0 0]
[3091322243978567578318424023368374423159642908121461587627936938652940733492880064619096479256592057024772427065525640953863877470723841162204373144797756998671786355236 0 0 0 0 0 0 0 0 0 0 0 0 0 0 0 0 0 0 0 0 1 0 0 0 0 0 0 0 0 0 0 0 0 0 0 0 0 0 0 0 0 0 0 0 0 0 0 0 0 0 0 0 0 0 0]
[304520904181554422403653390202506270683019725917736328458932095748881804823602888730742045161018694495376290044999013592036697032689191078015236621483827922394865651911 0 0 0 0 0 0 0 0 0 0 0 0 0 0 0 0 0 0 0 0 0 1 0 0 0 0 0 0 0 0 0 0 0 0 0 0 0 0 0 0 0 0 0 0 0 0 0 0 0 0 0 0 0 0 0]
[2432413806676130005791863511121170365938196926667117618431181996326384926923232098083968128618238337528726424507026552468968610179208921657657278665943437369884654792158 0 0 0 0 0 0 0 0 0 0 0 0 0 0 0 0 0 0 0 0 0 0 1 0 0 0 0 0 0 0 0 0 0 0 0 0 0 0 0 0 0 0 0 0 0 0 0 0 0 0 0 0 0 0 0]
[1325374415386916417867526260742454242135119304716842883789455192743073411533405047878365663956093911990077774594420173589684365389968767205180661775104003232140203562043 0 0 0 0 0 0 0 0 0 0 0 0 0 0 0 0 0 0 0 0 0 0 0 1 0 0 0 0 0 0 0 0 0 0 0 0 0 0 0 0 0 0 0 0 0 0 0 0 0 0 0 0 0 0 0]
[2984991168572996841369725250353883200775089657011592609608826374512805217539389520276412203193745602248734929875892882731624982408562994594801797359870165117567294765507 0 0 0 0 0 0 0 0 0 0 0 0 0 0 0 0 0 0 0 0 0 0 0 0 1 0 0 0 0 0 0 0 0 0 0 0 0 0 0 0 0 0 0 0 0 0 0 0 0 0 0 0 0 0 0]
[349061764396294798688485999589426556838031663346495807439557678243598495072802085822802269959921909548510110463043923439408903896413148812967594412638683656410945675872 0 0 0 0 0 0 0 0 0 0 0 0 0 0 0 0 0 0 0 0 0 0 0 0 0 1 0 0 0 0 0 0 0 0 0 0 0 0 0 0 0 0 0 0 0 0 0 0 0 0 0 0 0 0 0]
[2986370480429708991439880599273133974407168389635065016312475771983694170885114800923954446593714037656540220679779527973407445649586605297221274064213056409132874485605 0 0 0 0 0 0 0 0 0 0 0 0 0 0 0 0 0 0 0 0 0 0 0 0 0 0 1 0 0 0 0 0 0 0 0 0 0 0 0 0 0 0 0 0 0 0 0 0 0 0 0 0 0 0 0]
[788528654959720136220574271715352813545374637336629766218300396499465018287107046588868330512526297463608963847620144254163367606627215251982657158920487119888998653288 0 0 0 0 0 0 0 0 0 0 0 0 0 0 0 0 0 0 0 0 0 0 0 0 0 0 0 1 0 0 0 0 0 0 0 0 0 0 0 0 0 0 0 0 0 0 0 0 0 0 0 0 0 0 0]
[1565570335308009412492341283282182572856294262080540677675142733254734528997760956499885180322777017448044439408872449561583209786854137132502791046126577848028909873814 0 0 0 0 0 0 0 0 0 0 0 0 0 0 0 0 0 0 0 0 0 0 0 0 0 0 0 0 1 0 0 0 0 0 0 0 0 0 0 0 0 0 0 0 0 0 0 0 0 0 0 0 0 0 0]
[42050516223312792072228012507929199362910470556169586732557139809696439952181851690424725436059874810867780156905297108038469651916702059670351114763442937527842194519 0 0 0 0 0 0 0 0 0 0 0 0 0 0 0 0 0 0 0 0 0 0 0 0 0 0 0 0 0 1 0 0 0 0 0 0 0 0 0 0 0 0 0 0 0 0 0 0 0 0 0 0 0 0 0]
[2263257546137924491996241266739884484652375681379814088011359056558100633538350482947086821977778305540127136966067465836951292469932921056167571945234434956818166170363 0 0 0 0 0 0 0 0 0 0 0 0 0 0 0 0 0 0 0 0 0 0 0 0 0 0 0 0 0 0 1 0 0 0 0 0 0 0 0 0 0 0 0 0 0 0 0 0 0 0 0 0 0 0 0]
[2385112242470356713314044636724781914805122420483069713209730489028348994983548574643313299589482390271075073453965067826143663414424198662626111675888680315763832206017 0 0 0 0 0 0 0 0 0 0 0 0 0 0 0 0 0 0 0 0 0 0 0 0 0 0 0 0 0 0 0 1 0 0 0 0 0 0 0 0 0 0 0 0 0 0 0 0 0 0 0 0 0 0 0]
[2513449551139242077247008356707750632047089228876607142549806318253035816706813192746179092486999509303934910658481057017351138914550887025313937084520251950453794433017 0 0 0 0 0 0 0 0 0 0 0 0 0 0 0 0 0 0 0 0 0 0 0 0 0 0 0 0 0 0 0 0 1 0 0 0 0 0 0 0 0 0 0 0 0 0 0 0 0 0 0 0 0 0 0]
[1849232723772773873018327123908963453622705842084344292528132539087526472074768420464925055726994550075071968957426308699755851495092881323059714935143463401073770485299 0 0 0 0 0 0 0 0 0 0 0 0 0 0 0 0 0 0 0 0 0 0 0 0 0 0 0 0 0 0 0 0 0 1 0 0 0 0 0 0 0 0 0 0 0 0 0 0 0 0 0 0 0 0 0]
[503212850672677661361179924016379188862064886501523659057308149269466409034868223492374223373339455286641531084921277282901370559073950157003714826834007756754866562648 0 0 0 0 0 0 0 0 0 0 0 0 0 0 0 0 0 0 0 0 0 0 0 0 0 0 0 0 0 0 0 0 0 0 1 0 0 0 0 0 0 0 0 0 0 0 0 0 0 0 0 0 0 0 0]
[962515850773988576180820929543811392005654011740858450153879361150588075759467254666819105807080604829238059569038124202666753929026084145749251861575572862536140618322 0 0 0 0 0 0 0 0 0 0 0 0 0 0 0 0 0 0 0 0 0 0 0 0 0 0 0 0 0 0 0 0 0 0 0 1 0 0 0 0 0 0 0 0 0 0 0 0 0 0 0 0 0 0 0]
[745610806934042071688960165858176686273784524813144357565946554083965783947613497809116116256086066110199241980406390447188623216565932046363771557718605939297653233662 0 0 0 0 0 0 0 0 0 0 0 0 0 0 0 0 0 0 0 0 0 0 0 0 0 0 0 0 0 0 0 0 0 0 0 0 1 0 0 0 0 0 0 0 0 0 0 0 0 0 0 0 0 0 0]
[2890175270417469299879287759062815664305986721212083082139720365473359803992480639986371734127394699609312374968739673552378633882776005788063903592193988193289538271649 0 0 0 0 0 0 0 0 0 0 0 0 0 0 0 0 0 0 0 0 0 0 0 0 0 0 0 0 0 0 0 0 0 0 0 0 0 1 0 0 0 0 0 0 0 0 0 0 0 0 0 0 0 0 0]
[3308181190337596119759461156467301317052625429382966058136733611116568491688385737685085277824104671398193709133128306324655551523366616415591658110724158490576104839391 0 0 0 0 0 0 0 0 0 0 0 0 0 0 0 0 0 0 0 0 0 0 0 0 0 0 0 0 0 0 0 0 0 0 0 0 0 0 1 0 0 0 0 0 0 0 0 0 0 0 0 0 0 0 0]
[2929202100221678411266521477582951957695038094832500433834080057664436832577693606664572605840165528854350281066977127697041205745684076943810788360267748283411221738094 0 0 0 0 0 0 0 0 0 0 0 0 0 0 0 0 0 0 0 0 0 0 0 0 0 0 0 0 0 0 0 0 0 0 0 0 0 0 0 1 0 0 0 0 0 0 0 0 0 0 0 0 0 0 0]
[2414278478278853661091638470849895683078740376920869001508268849600505473063088347133185678305718250074176121187285424009663714795048790256248799381835376797104807668325 0 0 0 0 0 0 0 0 0 0 0 0 0 0 0 0 0 0 0 0 0 0 0 0 0 0 0 0 0 0 0 0 0 0 0 0 0 0 0 0 1 0 0 0 0 0 0 0 0 0 0 0 0 0 0]
[2488908095428912482032176755394362375690470462783969467358172789879275173121848286628407943285741765167814263382798916458472930726559120342507774419975410875017553204498 0 0 0 0 0 0 0 0 0 0 0 0 0 0 0 0 0 0 0 0 0 0 0 0 0 0 0 0 0 0 0 0 0 0 0 0 0 0 0 0 0 1 0 0 0 0 0 0 0 0 0 0 0 0 0]
[1149598548116173686148650348507182550304562971876039213208499547815871510608332126294523219836168480537135525754363745834431617277528632749794558740217493381401337284063 0 0 0 0 0 0 0 0 0 0 0 0 0 0 0 0 0 0 0 0 0 0 0 0 0 0 0 0 0 0 0 0 0 0 0 0 0 0 0 0 0 0 1 0 0 0 0 0 0 0 0 0 0 0 0]
[1580733358798054585459602239424080773868920952763756983854009996669496406465780865311800507757775506124990696005716814369927636647656920153278808162267036973153287661926 0 0 0 0 0 0 0 0 0 0 0 0 0 0 0 0 0 0 0 0 0 0 0 0 0 0 0 0 0 0 0 0 0 0 0 0 0 0 0 0 0 0 0 1 0 0 0 0 0 0 0 0 0 0 0]
[3301615227456348458946315293551055651763785710466229921345155599028563906432206995214896305555574881942291476027996738629433608899017195255291789147727360026645251097505 0 0 0 0 0 0 0 0 0 0 0 0 0 0 0 0 0 0 0 0 0 0 0 0 0 0 0 0 0 0 0 0 0 0 0 0 0 0 0 0 0 0 0 0 1 0 0 0 0 0 0 0 0 0 0]
[726475763226898971424420450852764662464674995841003734716054276548025909751619435025921863190996559529109404379783904052565406631619362303946147597046044057437878159513 0 0 0 0 0 0 0 0 0 0 0 0 0 0 0 0 0 0 0 0 0 0 0 0 0 0 0 0 0 0 0 0 0 0 0 0 0 0 0 0 0 0 0 0 0 1 0 0 0 0 0 0 0 0 0]
[2482088906703704311518773428951412422370999204677709711966404212873311728510886155867744028751399541649186291563541252239675367314589870036121523221244336304288158312850 0 0 0 0 0 0 0 0 0 0 0 0 0 0 0 0 0 0 0 0 0 0 0 0 0 0 0 0 0 0 0 0 0 0 0 0 0 0 0 0 0 0 0 0 0 0 1 0 0 0 0 0 0 0 0]
[2013871295433263741239235927631739763790532985640598517531867799320993983556036671145139112445907515958195819211123388572113876669105613208576583197897223466118859719163 0 0 0 0 0 0 0 0 0 0 0 0 0 0 0 0 0 0 0 0 0 0 0 0 0 0 0 0 0 0 0 0 0 0 0 0 0 0 0 0 0 0 0 0 0 0 0 1 0 0 0 0 0 0 0]
[1009455558668954425165649079266385373616609364957196945976368824050462498759543467513778577738218869931335644824143655989319401224274268316745882636212463417471151959644 0 0 0 0 0 0 0 0 0 0 0 0 0 0 0 0 0 0 0 0 0 0 0 0 0 0 0 0 0 0 0 0 0 0 0 0 0 0 0 0 0 0 0 0 0 0 0 0 1 0 0 0 0 0 0]
[3199234732360324300174741634988733552909119434202516861055322735134395174022742950542726098423421081785556497030726898652207120356501680265776019558374908490163194331842 0 0 0 0 0 0 0 0 0 0 0 0 0 0 0 0 0 0 0 0 0 0 0 0 0 0 0 0 0 0 0 0 0 0 0 0 0 0 0 0 0 0 0 0 0 0 0 0 0 1 0 0 0 0 0]
[1203857372280380480427872395734992304950084231611923669026901501186623552841491865271839838036222133576810867522288899553699955548741946235358954770114160070368725317252 0 0 0 0 0 0 0 0 0 0 0 0 0 0 0 0 0 0 0 0 0 0 0 0 0 0 0 0 0 0 0 0 0 0 0 0 0 0 0 0 0 0 0 0 0 0 0 0 0 0 1 0 0 0 0]
[2654234157861432922842732255250464060138975156842288550227444549774107647157507342108576734713299022041012328255860146253776906125702342786582737770302596216810381985130 0 0 0 0 0 0 0 0 0 0 0 0 0 0 0 0 0 0 0 0 0 0 0 0 0 0 0 0 0 0 0 0 0 0 0 0 0 0 0 0 0 0 0 0 0 0 0 0 0 0 0 1 0 0 0]
[298374863563413542418321288488053345738004219005474949953505533185332766304954643771217116577020704866125803633592383688285403552095644961987663805538985196713072749061 0 0 0 0 0 0 0 0 0 0 0 0 0 0 0 0 0 0 0 0 0 0 0 0 0 0 0 0 0 0 0 0 0 0 0 0 0 0 0 0 0 0 0 0 0 0 0 0 0 0 0 0 1 0 0]
[3024210548972764696968710496716543032129003075299204014471267579328110374168919974140150762790931544725697418423466766446930695729395666782911246723570419468877285109917 0 0 0 0 0 0 0 0 0 0 0 0 0 0 0 0 0 0 0 0 0 0 0 0 0 0 0 0 0 0 0 0 0 0 0 0 0 0 0 0 0 0 0 0 0 0 0 0 0 0 0 0 0 1 0]
[1847634003694629454456409275898830435392856885633380740983714307777525394057865984110227275088581019538407238042290331699404442463783724351998663361855114497445329595755 0 0 0 0 0 0 0 0 0 0 0 0 0 0 0 0 0 0 0 0 0 0 0 0 0 0 0 0 0 0 0 0 0 0 0 0 0 0 0 0 0 0 0 0 0 0 0 0 0 0 0 0 0 0 1]
]
