[[6282567064032646668502307609193003878634224096383508025448414305219573909727247380425637863626745043886154876041517329240524786924299513133432216463076461068005657612475828603394142818663963911493346875049158266441469029110016738647216116003716406348975071104913691131205608700830171670537824570629481 0 0 0 0 0 0 0 0 0 0 0 0 0 0 0 0 0 0 0 0 0 0 0 0 0 0 0 0 0 0 0 0 0 0 0 0 0 0 0 0 0 0 0 0 0 0 0 0 0 0 0 0 0 0 0 0 0 0 0 0 0 0 0 0 0 0 0 0 0 0 0 0 0 0 0 0 0 0 0 0 0 0 0 0 0 0 0 0 0 0 0 0 0 0 0 0 0 0 0]
[3523294772372345331324660264447567111578677640232697603563006703713889697188604577865208069840346025358897584569231856732141582818170039451524382626051537539239296352328020937964419277635891751669242293329300069118785812890538146717701256544823596060920636102508814810167569319830798782507737067797798 1 0 0 0 0 0 0 0 0 0 0 0 0 0 0 0 0 0 0 0 0 0 0 0 0 0 0 0 0 0 0 0 0 0 0 0 0 0 0 0 0 0 0 0 0 0 0 0 0 0 0 0 0 0 0 0 0 0 0 0 0 0 0 0 0 0 0 0 0 0 0 0 0 0 0 0 0 0 0 0 0 0 0 0 0 0 0 0 0 0 0 0 0 0 0 0 0 0 0]
[4932490010738215917711774642828067739482444392563723342084275610992982503406639538826139274759882677744899125557985695021991072943197636099719574843393916401819830939904476094332943579718983962340728211325109155384797992321073701056785068542125728053607506164067681460770087244510212482194305885262404 0 1 0 0 0 0 0 0 0 0 0 0 0 0 0 0 0 0 0 0 0 0 0 0 0 0 0 0 0 0 0 0 0 0 0 0 0 0 0 0 0 0 0 0 0 0 0 0 0 0 0 0 0 0 0 0 0 0 0 0 0 0 0 0 0 0 0 0 0 0 0 0 0 0 0 0 0 0 0 0 0 0 0 0 0 0 0 0 0 0 0 0 0 0 0 0 0 0 0]
[2704160413638668357967279256328728235180480328384781250009896829652990816049759972374626298801567942251096084226012348670087836302066924124679172354171546479135548608579436258586626996836838690467251327142092318329026146391808583285426595018178616558445043888093309574451919023652325614496596772225689 0 0 1 0 0 0 0 0 0 0 0 0 0 0 0 0 0 0 0 0 0 0 0 0 0 0 0 0 0 0 0 0 0 0 0 0 0 0 0 0 0 0 0 0 0 0 0 0 0 0 0 0 0 0 0 0 0 0 0 0 0 0 0 0 0 0 0 0 0 0 0 0 0 0 0 0 0 0 0 0 0 0 0 0 0 0 0 0 0 0 0 0 0 0 0 0 0 0 0]
[4698749395833356855525051007710254583886140996487585703012505874932866176681316675710238017320353902580688417490085563522196082246662085559966725915523790487070630842335903261943912203630959545466412811248743397020690444584777537481482917698114094770914027738201681309099595734609887971920374618905630 0 0 0 1 0 0 0 0 0 0 0 0 0 0 0 0 0 0 0 0 0 0 0 0 0 0 0 0 0 0 0 0 0 0 0 0 0 0 0 0 0 0 0 0 0 0 0 0 0 0 0 0 0 0 0 0 0 0 0 0 0 0 0 0 0 0 0 0 0 0 0 0 0 0 0 0 0 0 0 0 0 0 0 0 0 0 0 0 0 0 0 0 0 0 0 0 0 0 0]
[6280304861723314266489902336536977289077671890407861133275946707169889063299986318413249013316153524311400827769247442922911535988220636589614138593690577763270025873338367647546008770575478461070340130122076550896139595151378068860637941732036582086411346674637056129914894863915306260965994757135207 0 0 0 0 1 0 0 0 0 0 0 0 0 0 0 0 0 0 0 0 0 0 0 0 0 0 0 0 0 0 0 0 0 0 0 0 0 0 0 0 0 0 0 0 0 0 0 0 0 0 0 0 0 0 0 0 0 0 0 0 0 0 0 0 0 0 0 0 0 0 0 0 0 0 0 0 0 0 0 0 0 0 0 0 0 0 0 0 0 0 0 0 0 0 0 0 0 0 0]
[25868585856436388354908493026556636098336017754965327771936836486346767056588756186939885981424635776037179606782673304060043323714782955087608178070267556726984933353608429999313078766034878295799448623385015223584591058924050843475281679722604706489055075747955607460164597762134746143266701242932 0 0 0 0 0 1 0 0 0 0 0 0 0 0 0 0 0 0 0 0 0 0 0 0 0 0 0 0 0 0 0 0 0 0 0 0 0 0 0 0 0 0 0 0 0 0 0 0 0 0 0 0 0 0 0 0 0 0 0 0 0 0 0 0 0 0 0 0 0 0 0 0 0 0 0 0 0 0 0 0 0 0 0 0 0 0 0 0 0 0 0 0 0 0 0 0 0 0 0]
[4070581018696361585279744012595855105895953917510328899905152987631845364184403974295879932192011322469491397091572897188791391212819430466639906784836810408072908976691248034644393496077854012455551213154273379197607779654435372032827710233388610152037404670898864677892808263320205376617865983259280 0 0 0 0 0 0 1 0 0 0 0 0 0 0 0 0 0 0 0 0 0 0 0 0 0 0 0 0 0 0 0 0 0 0 0 0 0 0 0 0 0 0 0 0 0 0 0 0 0 0 0 0 0 0 0 0 0 0 0 0 0 0 0 0 0 0 0 0 0 0 0 0 0 0 0 0 0 0 0 0 0 0 0 0 0 0 0 0 0 0 0 0 0 0 0 0 0 0 0]
[2709283660992218635122827273111933704358699761020465259652569325714785218960939209309052516159041285754534789908957913368087877028785212480918833625561671448893123160354588228781139473275627008589281914046614973385039165790594809925501222508913702590210605766341902841631124312856004368555093034091746 0 0 0 0 0 0 0 1 0 0 0 0 0 0 0 0 0 0 0 0 0 0 0 0 0 0 0 0 0 0 0 0 0 0 0 0 0 0 0 0 0 0 0 0 0 0 0 0 0 0 0 0 0 0 0 0 0 0 0 0 0 0 0 0 0 0 0 0 0 0 0 0 0 0 0 0 0 0 0 0 0 0 0 0 0 0 0 0 0 0 0 0 0 0 0 0 0 0 0]
[1483324629492661038478202635322377248588289330100412705809840744305046944527121341136797596798012069251808322492432724613048572534334152343446555058730925346424766376317361768853092942110492371992209480752636420185597615041310958694850316955151370265036746879860532884803924675241927961914118996452724 0 0 0 0 0 0 0 0 1 0 0 0 0 0 0 0 0 0 0 0 0 0 0 0 0 0 0 0 0 0 0 0 0 0 0 0 0 0 0 0 0 0 0 0 0 0 0 0 0 0 0 0 0 0 0 0 0 0 0 0 0 0 0 0 0 0 0 0 0 0 0 0 0 0 0 0 0 0 0 0 0 0 0 0 0 0 0 0 0 0 0 0 0 0 0 0 0 0 0]
[5322216696768747920515151178364728157396950292551600323973253007057878596001213644182268652306715498396524020696891289228468685592878620282974708370415182756471891351921037411419792839056053976808513833057794386105542085113142219588492435328684267372896971914512540339946804724494971477073525602703464 0 0 0 0 0 0 0 0 0 1 0 0 0 0 0 0 0 0 0 0 0 0 0 0 0 0 0 0 0 0 0 0 0 0 0 0 0 0 0 0 0 0 0 0 0 0 0 0 0 0 0 0 0 0 0 0 0 0 0 0 0 0 0 0 0 0 0 0 0 0 0 0 0 0 0 0 0 0 0 0 0 0 0 0 0 0 0 0 0 0 0 0 0 0 0 0 0 0 0]
[5182003582371059931088291304512921620275722929341873892740284408659327090043546979810056719744736014590778817589321306048700889293732656480174679341653117045589252684493511347191615482881169566547889052714537154611791521912046362650070885377380640027697044127129521685745955275611489795918161030698796 0 0 0 0 0 0 0 0 0 0 1 0 0 0 0 0 0 0 0 0 0 0 0 0 0 0 0 0 0 0 0 0 0 0 0 0 0 0 0 0 0 0 0 0 0 0 0 0 0 0 0 0 0 0 0 0 0 0 0 0 0 0 0 0 0 0 0 0 0 0 0 0 0 0 0 0 0 0 0 0 0 0 0 0 0 0 0 0 0 0 0 0 0 0 0 0 0 0 0]
[942803138525691955945866909068004332671705943605782173217916530852196063117359589354342191986597654190098133731293972812908235251252097329265106819184331297770597229684413756569905519780565889794005369947272730689703013336092120638455013875810188173778363221329527921243319678360260874973763882767318 0 0 0 0 0 0 0 0 0 0 0 1 0 0 0 0 0 0 0 0 0 0 0 0 0 0 0 0 0 0 0 0 0 0 0 0 0 0 0 0 0 0 0 0 0 0 0 0 0 0 0 0 0 0 0 0 0 0 0 0 0 0 0 0 0 0 0 0 0 0 0 0 0 0 0 0 0 0 0 0 0 0 0 0 0 0 0 0 0 0 0 0 0 0 0 0 0 0 0]
[1379343354567503228740081212730053240298639248383409293927191475433423711890328566514044402752280111043193663259924629470795321685996978031235863252239311670154197639061284164459396381623470735925466486905390679959413466303154309334513259299469646521164955391238052869688318985579594458265409638481974 0 0 0 0 0 0 0 0 0 0 0 0 1 0 0 0 0 0 0 0 0 0 0 0 0 0 0 0 0 0 0 0 0 0 0 0 0 0 0 0 0 0 0 0 0 0 0 0 0 0 0 0 0 0 0 0 0 0 0 0 0 0 0 0 0 0 0 0 0 0 0 0 0 0 0 0 0 0 0 0 0 0 0 0 0 0 0 0 0 0 0 0 0 0 0 0 0 0 0]
[4988297431210215790715129162784422427299227212799384212381247666896535077232794401707048586715114106437080594013034589347816191787298544468447384484688991316684991606003137488680085423168344896186635089627011470736591357442723769960102597864435322713898753604970979636020232168806803865287293722256036 0 0 0 0 0 0 0 0 0 0 0 0 0 1 0 0 0 0 0 0 0 0 0 0 0 0 0 0 0 0 0 0 0 0 0 0 0 0 0 0 0 0 0 0 0 0 0 0 0 0 0 0 0 0 0 0 0 0 0 0 0 0 0 0 0 0 0 0 0 0 0 0 0 0 0 0 0 0 0 0 0 0 0 0 0 0 0 0 0 0 0 0 0 0 0 0 0 0 0]
[5961812334281316144362383285737902528914533587633234962073948182528438572991514816155588880090994848563632950703782514841386726652610782512698860327240743680172797997160213463074645043550399861933690444512219047374724176909353035530821924421619420218667728268730907020086334246984003063795365578812646 0 0 0 0 0 0 0 0 0 0 0 0 0 0 1 0 0 0 0 0 0 0 0 0 0 0 0 0 0 0 0 0 0 0 0 0 0 0 0 0 0 0 0 0 0 0 0 0 0 0 0 0 0 0 0 0 0 0 0 0 0 0 0 0 0 0 0 0 0 0 0 0 0 0 0 0 0 0 0 0 0 0 0 0 0 0 0 0 0 0 0 0 0 0 0 0 0 0 0]
[161007576317798659600171982590734203148815424905811537361447759462995188609073262604298823391102023312538304146739511668188324194958730608886937914601323083095251964670819779706171632668562432717184320856596599788439918527591360581363578503626760508816737932465875966532644245270606056931908475509835 0 0 0 0 0 0 0 0 0 0 0 0 0 0 0 1 0 0 0 0 0 0 0 0 0 0 0 0 0 0 0 0 0 0 0 0 0 0 0 0 0 0 0 0 0 0 0 0 0 0 0 0 0 0 0 0 0 0 0 0 0 0 0 0 0 0 0 0 0 0 0 0 0 0 0 0 0 0 0 0 0 0 0 0 0 0 0 0 0 0 0 0 0 0 0 0 0 0 0]
[1899593278200878638867677196929794902745826050033387971296021576192721219750916137503076200548210949587645196443304879510914677380535738461239066691312028529356665665585327870531885420257104828870405439189194765737031298447682058232799574425766290160015940008906576679817973777932252687313365220205107 0 0 0 0 0 0 0 0 0 0 0 0 0 0 0 0 1 0 0 0 0 0 0 0 0 0 0 0 0 0 0 0 0 0 0 0 0 0 0 0 0 0 0 0 0 0 0 0 0 0 0 0 0 0 0 0 0 0 0 0 0 0 0 0 0 0 0 0 0 0 0 0 0 0 0 0 0 0 0 0 0 0 0 0 0 0 0 0 0 0 0 0 0 0 0 0 0 0 0]
[4500137384629395030276467022915859566508036048824338205357607008347318468347003179233557152202727387188164123386060726552272646510443235023251049528476270098940159543053733782964240794691381435508559270231183346111142737193745399996680975551811058110228642980405369165248310986815568095137787068762965 0 0 0 0 0 0 0 0 0 0 0 0 0 0 0 0 0 1 0 0 0 0 0 0 0 0 0 0 0 0 0 0 0 0 0 0 0 0 0 0 0 0 0 0 0 0 0 0 0 0 0 0 0 0 0 0 0 0 0 0 0 0 0 0 0 0 0 0 0 0 0 0 0 0 0 0 0 0 0 0 0 0 0 0 0 0 0 0 0 0 0 0 0 0 0 0 0 0 0]
[5468757259555928073126427553632829989579816723717668795798884284377957021315155288927628603604143746868795490646039038251804449924167164060427726128683815991827670725503468494729396864283312833187731833547006123766315477820022761467250312143411749308222400595889514157569384529633506920244869267174970 0 0 0 0 0 0 0 0 0 0 0 0 0 0 0 0 0 0 1 0 0 0 0 0 0 0 0 0 0 0 0 0 0 0 0 0 0 0 0 0 0 0 0 0 0 0 0 0 0 0 0 0 0 0 0 0 0 0 0 0 0 0 0 0 0 0 0 0 0 0 0 0 0 0 0 0 0 0 0 0 0 0 0 0 0 0 0 0 0 0 0 0 0 0 0 0 0 0 0]
[902637110378839840082314613295875938691581101658967618341033054657848283055264402266511669534058483714062818125096026845744661624350079739782900323787752262260490021522992712472465075307277181449575765657788832661868264669883454201735037620254221704393871186163258989236150232763553327284940541877363 0 0 0 0 0 0 0 0 0 0 0 0 0 0 0 0 0 0 0 1 0 0 0 0 0 0 0 0 0 0 0 0 0 0 0 0 0 0 0 0 0 0 0 0 0 0 0 0 0 0 0 0 0 0 0 0 0 0 0 0 0 0 0 0 0 0 0 0 0 0 0 0 0 0 0 0 0 0 0 0 0 0 0 0 0 0 0 0 0 0 0 0 0 0 0 0 0 0 0]
[3323500390641688651854305788838917302852371719310817356287015171303009351200380044164576805542638178906963058674380041386732420093638180870927257933384678662388816800908401032307568818957374001288913023578578360596695534083660768337489393715880224241121977300501164785381345653856889557520381258902736 0 0 0 0 0 0 0 0 0 0 0 0 0 0 0 0 0 0 0 0 1 0 0 0 0 0 0 0 0 0 0 0 0 0 0 0 0 0 0 0 0 0 0 0 0 0 0 0 0 0 0 0 0 0 0 0 0 0 0 0 0 0 0 0 0 0 0 0 0 0 0 0 0 0 0 0 0 0 0 0 0 0 0 0 0 0 0 0 0 0 0 0 0 0 0 0 0 0 0]
[2132334694446695034791862226420999808972576831784533141392516276579286974109300845919364604776536706206907115444104917469895485945874054740147562938802184177825746143370633147826357521719214592026289674912738168144988695628156748913547161410121306152329963589007395401839036903555819496998277302349810 0 0 0 0 0 0 0 0 0 0 0 0 0 0 0 0 0 0 0 0 0 1 0 0 0 0 0 0 0 0 0 0 0 0 0 0 0 0 0 0 0 0 0 0 0 0 0 0 0 0 0 0 0 0 0 0 0 0 0 0 0 0 0 0 0 0 0 0 0 0 0 0 0 0 0 0 0 0 0 0 0 0 0 0 0 0 0 0 0 0 0 0 0 0 0 0 0 0 0]
[1040110057822870241080164247400598822262677804979042708279910023509877157448077308151681257149094900386198585843821647000230455522726102364144582678954321495788653559771221601823223025352236314636938474258673003095844301678230801593568484826330571987352704511877473693101998069545274184994826375551048 0 0 0 0 0 0 0 0 0 0 0 0 0 0 0 0 0 0 0 0 0 0 1 0 0 0 0 0 0 0 0 0 0 0 0 0 0 0 0 0 0 0 0 0 0 0 0 0 0 0 0 0 0 0 0 0 0 0 0 0 0 0 0 0 0 0 0 0 0 0 0 0 0 0 0 0 0 0 0 0 0 0 0 0 0 0 0 0 0 0 0 0 0 0 0 0 0 0 0]
[1969635422798143128906448532181689131242221805070639885436267845080657814881567066814682519236267527167633469249490661651149988109559286401837392819144638070595663666888481281125107555829406329376566921654980325220921144992532021175224211042687665413205222929779680779389872405615557863131923242923079 0 0 0 0 0 0 0 0 0 0 0 0 0 0 0 0 0 0 0 0 0 0 0 1 0 0 0 0 0 0 0 0 0 0 0 0 0 0 0 0 0 0 0 0 0 0 0 0 0 0 0 0 0 0 0 0 0 0 0 0 0 0 0 0 0 0 0 0 0 0 0 0 0 0 0 0 0 0 0 0 0 0 0 0 0 0 0 0 0 0 0 0 0 0 0 0 0 0 0]
[3046003959792993284695364950198834508226291706950219862023112835867409458114412478106708652330948646632245975442379856934516120987439041822219142566008675932789162265393771077930991171759985766755557627742256774635298788143622601394795767481919192779414658875500671071377005006928044528092955677747586 0 0 0 0 0 0 0 0 0 0 0 0 0 0 0 0 0 0 0 0 0 0 0 0 1 0 0 0 0 0 0 0 0 0 0 0 0 0 0 0 0 0 0 0 0 0 0 0 0 0 0 0 0 0 0 0 0 0 0 0 0 0 0 0 0 0 0 0 0 0 0 0 0 0 0 0 0 0 0 0 0 0 0 0 0 0 0 0 0 0 0 0 0 0 0 0 0 0 0]
[4981161465384420107666539737351629752465889524486976875845991675675460034526367134895762701867484601103834314145626486802902559659018205295408960734208609097653558359897652382796970115973008150973374219524809664203777853092586170162571476551853526742877835791254225665797305457729142268242324065443887 0 0 0 0 0 0 0 0 0 0 0 0 0 0 0 0 0 0 0 0 0 0 0 0 0 1 0 0 0 0 0 0 0 0 0 0 0 0 0 0 0 0 0 0 0 0 0 0 0 0 0 0 0 0 0 0 0 0 0 0 0 0 0 0 0 0 0 0 0 0 0 0 0 0 0 0 0 0 0 0 0 0 0 0 0 0 0 0 0 0 0 0 0 0 0 0 0 0 0]
[2650555209453155075514638324152300858407507217874141045586508642022247397937948679221772720184390317843381572608014697259060915748962881466378768600511305044577541215864955941790159991240638523518496824644358283586669665900630105369636768185945451692606444597495691907958377124962361576827094302472351 0 0 0 0 0 0 0 0 0 0 0 0 0 0 0 0 0 0 0 0 0 0 0 0 0 0 1 0 0 0 0 0 0 0 0 0 0 0 0 0 0 0 0 0 0 0 0 0 0 0 0 0 0 0 0 0 0 0 0 0 0 0 0 0 0 0 0 0 0 0 0 0 0 0 0 0 0 0 0 0 0 0 0 0 0 0 0 0 0 0 0 0 0 0 0 0 0 0 0]
[4932086233562034666152958809047446216959311210195261026069292991082483979089701129208529091464159473320125667868571417451595028140611011133651595289373636843931433952471845969015895749104319579726944054854220654849694759503960287368905015984992898560005663497908002549521733546270597468265093210659001 0 0 0 0 0 0 0 0 0 0 0 0 0 0 0 0 0 0 0 0 0 0 0 0 0 0 0 1 0 0 0 0 0 0 0 0 0 0 0 0 0 0 0 0 0 0 0 0 0 0 0 0 0 0 0 0 0 0 0 0 0 0 0 0 0 0 0 0 0 0 0 0 0 0 0 0 0 0 0 0 0 0 0 0 0 0 0 0 0 0 0 0 0 0 0 0 0 0 0]
[2828934248878356753037639184172400423265358650311167388885846532068556583999745711466821371320476758842727565202224150221009475212229834650349394092391521184946084945573900367107801914344264212546119290906070508075518815284580185146396704067066178715775778817364578263698344974270839468015128013668944 0 0 0 0 0 0 0 0 0 0 0 0 0 0 0 0 0 0 0 0 0 0 0 0 0 0 0 0 1 0 0 0 0 0 0 0 0 0 0 0 0 0 0 0 0 0 0 0 0 0 0 0 0 0 0 0 0 0 0 0 0 0 0 0 0 0 0 0 0 0 0 0 0 0 0 0 0 0 0 0 0 0 0 0 0 0 0 0 0 0 0 0 0 0 0 0 0 0 0]
[766177836361547602828049494262471711155730833557193663576081740810761549916945320381890315442464774346354074544363061720805192431116375351936515362307442300914458549645182699444978616992554989517918604455725334254830857164453612648519841059155372859887030663179231867721344927139101873733798899487290 0 0 0 0 0 0 0 0 0 0 0 0 0 0 0 0 0 0 0 0 0 0 0 0 0 0 0 0 0 1 0 0 0 0 0 0 0 0 0 0 0 0 0 0 0 0 0 0 0 0 0 0 0 0 0 0 0 0 0 0 0 0 0 0 0 0 0 0 0 0 0 0 0 0 0 0 0 0 0 0 0 0 0 0 0 0 0 0 0 0 0 0 0 0 0 0 0 0 0]
[495955796097590872517188347531788981066156759303200543755037796646757807787672410190381426403931218834653665990657258323943549811572056509829054405019607862526969117415744403390658753099964295247142335244940404423459508430700568982332147369760698853396092666806923325771308129282325275096010496670277 0 0 0 0 0 0 0 0 0 0 0 0 0 0 0 0 0 0 0 0 0 0 0 0 0 0 0 0 0 0 1 0 0 0 0 0 0 0 0 0 0 0 0 0 0 0 0 0 0 0 0 0 0 0 0 0 0 0 0 0 0 0 0 0 0 0 0 0 0 0 0 0 0 0 0 0 0 0 0 0 0 0 0 0 0 0 0 0 0 0 0 0 0 0 0 0 0 0 0]
[4228405369856292983027722260995934959726613780143593474156961722556493626876865631907950450682215507120166205664147220970780547554735078893338845235224268562778373374353450582556012518917445781959528582972415899496209096611188298074016326422785508214131225689494599748444659584928246244246480087840594 0 0 0 0 0 0 0 0 0 0 0 0 0 0 0 0 0 0 0 0 0 0 0 0 0 0 0 0 0 0 0 1 0 0 0 0 0 0 0 0 0 0 0 0 0 0 0 0 0 0 0 0 0 0 0 0 0 0 0 0 0 0 0 0 0 0 0 0 0 0 0 0 0 0 0 0 0 0 0 0 0 0 0 0 0 0 0 0 0 0 0 0 0 0 0 0 0 0 0]
[2377391740383381083341321026916498831015735792615802853571317378046763219232703075039431056732910992271815835862609320185438221763090079148675763786420203902230125964184482000643806024573157791275855720095330778138759013671091331735093227095882271559830978523086818051269839886210504427433550936385641 0 0 0 0 0 0 0 0 0 0 0 0 0 0 0 0 0 0 0 0 0 0 0 0 0 0 0 0 0 0 0 0 1 0 0 0 0 0 0 0 0 0 0 0 0 0 0 0 0 0 0 0 0 0 0 0 0 0 0 0 0 0 0 0 0 0 0 0 0 0 0 0 0 0 0 0 0 0 0 0 0 0 0 0 0 0 0 0 0 0 0 0 0 0 0 0 0 0 0]
[3275977974134513438043102593120594972296847535803116931403194887353306246707750639005451896471347434421902977490394560968976690948348374782879627514174261410044808891338537479005788700460093974936265828979403215156655366750219867687315507474454089054616510167726353386347250633644785968191416617565944 0 0 0 0 0 0 0 0 0 0 0 0 0 0 0 0 0 0 0 0 0 0 0 0 0 0 0 0 0 0 0 0 0 1 0 0 0 0 0 0 0 0 0 0 0 0 0 0 0 0 0 0 0 0 0 0 0 0 0 0 0 0 0 0 0 0 0 0 0 0 0 0 0 0 0 0 0 0 0 0 0 0 0 0 0 0 0 0 0 0 0 0 0 0 0 0 0 0 0]
[4028677161382694476023157196028424912966586435852041963925223234374241432484751018260329543913481830003439382837361516439524988902743156208522656220243781777583208891560363706861693941375438160671307465550344239186570652509892911797666806212324045881518809908137539826620747585756512361221445995184152 0 0 0 0 0 0 0 0 0 0 0 0 0 0 0 0 0 0 0 0 0 0 0 0 0 0 0 0 0 0 0 0 0 0 1 0 0 0 0 0 0 0 0 0 0 0 0 0 0 0 0 0 0 0 0 0 0 0 0 0 0 0 0 0 0 0 0 0 0 0 0 0 0 0 0 0 0 0 0 0 0 0 0 0 0 0 0 0 0 0 0 0 0 0 0 0 0 0 0]
[5829804614757529609397504188323995764844107208909840813583955306399358789249644115510392872606900049264106340180335095297480808975310590763218427960482731605095739603389776487477781329358444944335287102944936677354146731968263606154106959640357203977108689883837464516942756247252367511117417400742559 0 0 0 0 0 0 0 0 0 0 0 0 0 0 0 0 0 0 0 0 0 0 0 0 0 0 0 0 0 0 0 0 0 0 0 1 0 0 0 0 0 0 0 0 0 0 0 0 0 0 0 0 0 0 0 0 0 0 0 0 0 0 0 0 0 0 0 0 0 0 0 0 0 0 0 0 0 0 0 0 0 0 0 0 0 0 0 0 0 0 0 0 0 0 0 0 0 0 0]
[4731812681211094668025809295269516578515067548549843383334934593359203117759634163062483960496951139937305633066802429870800146555248122372454130789443315452286249142284553731344272822822403456007511113832424216248244442198612808004001345925501423912967460424454738070222947334464581869017504065961005 0 0 0 0 0 0 0 0 0 0 0 0 0 0 0 0 0 0 0 0 0 0 0 0 0 0 0 0 0 0 0 0 0 0 0 0 1 0 0 0 0 0 0 0 0 0 0 0 0 0 0 0 0 0 0 0 0 0 0 0 0 0 0 0 0 0 0 0 0 0 0 0 0 0 0 0 0 0 0 0 0 0 0 0 0 0 0 0 0 0 0 0 0 0 0 0 0 0 0]
[5985927642782063833641887085128705075018401611753800691049040996976539349327981233295428992248965197861580808678631511048292120210655032561327500907877547232667736156045953816414919437455638843782934367419112460184521254135638924247961770173322195038277261558237275261419061131600960940021340705277609 0 0 0 0 0 0 0 0 0 0 0 0 0 0 0 0 0 0 0 0 0 0 0 0 0 0 0 0 0 0 0 0 0 0 0 0 0 1 0 0 0 0 0 0 0 0 0 0 0 0 0 0 0 0 0 0 0 0 0 0 0 0 0 0 0 0 0 0 0 0 0 0 0 0 0 0 0 0 0 0 0 0 0 0 0 0 0 0 0 0 0 0 0 0 0 0 0 0 0]
[472673437843655776655478579677414553451386083394135782715131534806834846365819866528981213165930453350502165173072171204399484397514252334324887018532032297898196510810901250065354965438676135342771423593301350030432096794805761141698228519192493645685050486616152343452168508963418209074242703828101 0 0 0 0 0 0 0 0 0 0 0 0 0 0 0 0 0 0 0 0 0 0 0 0 0 0 0 0 0 0 0 0 0 0 0 0 0 0 1 0 0 0 0 0 0 0 0 0 0 0 0 0 0 0 0 0 0 0 0 0 0 0 0 0 0 0 0 0 0 0 0 0 0 0 0 0 0 0 0 0 0 0 0 0 0 0 0 0 0 0 0 0 0 0 0 0 0 0 0]
[2859008228897598099940907678713316000298978652226933778703863530913763826623832322318621916936964530952584567139732612422411093726222046121629359176927440047215627279447869541529953031738208195993561746824208757778343038059403917804905486716432942146534452429307676966897504575464031979089569062772945 0 0 0 0 0 0 0 0 0 0 0 0 0 0 0 0 0 0 0 0 0 0 0 0 0 0 0 0 0 0 0 0 0 0 0 0 0 0 0 1 0 0 0 0 0 0 0 0 0 0 0 0 0 0 0 0 0 0 0 0 0 0 0 0 0 0 0 0 0 0 0 0 0 0 0 0 0 0 0 0 0 0 0 0 0 0 0 0 0 0 0 0 0 0 0 0 0 0 0]
[1973330892134870487633868320830984631347180904338212657055965050875939242177173127470331422328150291926591382493636300166337166944208635370349185289178054678125980671045487669206107024065290778657134526035950452029897861874625822009646837535194289713232565944787010498942043092618451145099193785695403 0 0 0 0 0 0 0 0 0 0 0 0 0 0 0 0 0 0 0 0 0 0 0 0 0 0 0 0 0 0 0 0 0 0 0 0 0 0 0 0 1 0 0 0 0 0 0 0 0 0 0 0 0 0 0 0 0 0 0 0 0 0 0 0 0 0 0 0 0 0 0 0 0 0 0 0 0 0 0 0 0 0 0 0 0 0 0 0 0 0 0 0 0 0 0 0 0 0 0]
[5722502637238630995480909119781321353068465994148511862221779031369864281373975035905262978328040226155334441696215922679476836154783806013554662594100399864557013142860434971334206480741022672138429600475419799433135685387859710273529119332250286293774463974000794377409425936440043408417963950943099 0 0 0 0 0 0 0 0 0 0 0 0 0 0 0 0 0 0 0 0 0 0 0 0 0 0 0 0 0 0 0 0 0 0 0 0 0 0 0 0 0 1 0 0 0 0 0 0 0 0 0 0 0 0 0 0 0 0 0 0 0 0 0 0 0 0 0 0 0 0 0 0 0 0 0 0 0 0 0 0 0 0 0 0 0 0 0 0 0 0 0 0 0 0 0 0 0 0 0]
[3878314823084583296886995844356487365251848279308139492369748781449041507909564802962637617318334395460590420114614722673869134763462888710269660326966432035952681506710120849913058464246234398614207078450164253665311916760971337203478444147538065355612785900619881228978123460246543542621806327000229 0 0 0 0 0 0 0 0 0 0 0 0 0 0 0 0 0 0 0 0 0 0 0 0 0 0 0 0 0 0 0 0 0 0 0 0 0 0 0 0 0 0 1 0 0 0 0 0 0 0 0 0 0 0 0 0 0 0 0 0 0 0 0 0 0 0 0 0 0 0 0 0 0 0 0 0 0 0 0 0 0 0 0 0 0 0 0 0 0 0 0 0 0 0 0 0 0 0 0]
[1532448186952973591782551162631088200216604177928419021871506334591673201870166329161545118396278518564101114837631914391467057851618729367020704184631846060400257475414933718459593266022455650283341591169411743312153670474567143420282656832024113193785160350650834663079969505872447044693948120365761 0 0 0 0 0 0 0 0 0 0 0 0 0 0 0 0 0 0 0 0 0 0 0 0 0 0 0 0 0 0 0 0 0 0 0 0 0 0 0 0 0 0 0 1 0 0 0 0 0 0 0 0 0 0 0 0 0 0 0 0 0 0 0 0 0 0 0 0 0 0 0 0 0 0 0 0 0 0 0 0 0 0 0 0 0 0 0 0 0 0 0 0 0 0 0 0 0 0 0]
[446570080774592157289138948811642912043475268622405660690018475516102296648389407831011613616184985524850790791836515588147334526608001843374846902433476791907189304743347146347327230496688059300660338778599069512083108060690183784074995608508802798954548121995668090254344247443402463356190710935580 0 0 0 0 0 0 0 0 0 0 0 0 0 0 0 0 0 0 0 0 0 0 0 0 0 0 0 0 0 0 0 0 0 0 0 0 0 0 0 0 0 0 0 0 1 0 0 0 0 0 0 0 0 0 0 0 0 0 0 0 0 0 0 0 0 0 0 0 0 0 0 0 0 0 0 0 0 0 0 0 0 0 0 0 0 0 0 0 0 0 0 0 0 0 0 0 0 0 0]
[2784434972201153629574159920777741953937370778824436487306450109292303863419065540308924282922489747387900171485864734982126625742117838957039251759101504069264157342976839737251080030250719360707285301374301982772075374498681251479193580769250163576603048886929143685767598617326303348483291330057933 0 0 0 0 0 0 0 0 0 0 0 0 0 0 0 0 0 0 0 0 0 0 0 0 0 0 0 0 0 0 0 0 0 0 0 0 0 0 0 0 0 0 0 0 0 1 0 0 0 0 0 0 0 0 0 0 0 0 0 0 0 0 0 0 0 0 0 0 0 0 0 0 0 0 0 0 0 0 0 0 0 0 0 0 0 0 0 0 0 0 0 0 0 0 0 0 0 0 0]
[2103443589219419517051138279458047028369921422530708519675137090699049895321042626052118789732048082382560628479419799309673975441371309390640547702088761873986548872319858684052460985884187210858073544382979524899945369771674789493862904498610258233906307865589656469004187281026174282553706096726309 0 0 0 0 0 0 0 0 0 0 0 0 0 0 0 0 0 0 0 0 0 0 0 0 0 0 0 0 0 0 0 0 0 0 0 0 0 0 0 0 0 0 0 0 0 0 1 0 0 0 0 0 0 0 0 0 0 0 0 0 0 0 0 0 0 0 0 0 0 0 0 0 0 0 0 0 0 0 0 0 0 0 0 0 0 0 0 0 0 0 0 0 0 0 0 0 0 0 0]
[28228348381412083270831634787654657979877372328368701860156546849303636459869489884431784881720307411839747170597867363756082112875141743975761509880278063372761917570518385745162273544377646385447450504716707519106142864785914748606694951913499214413606811296654071980873861595402472043854285623945 0 0 0 0 0 0 0 0 0 0 0 0 0 0 0 0 0 0 0 0 0 0 0 0 0 0 0 0 0 0 0 0 0 0 0 0 0 0 0 0 0 0 0 0 0 0 0 1 0 0 0 0 0 0 0 0 0 0 0 0 0 0 0 0 0 0 0 0 0 0 0 0 0 0 0 0 0 0 0 0 0 0 0 0 0 0 0 0 0 0 0 0 0 0 0 0 0 0 0]
[5760814552958603429059911178223547353834670385442237635442636348093713909657276161907890834483651179411646472163939525337009253475944549873795047048026574626389063519143068469844013018497358010654562809544499296418679555020994465692855362106050047257088195190687654977049039794347899485956979679951286 0 0 0 0 0 0 0 0 0 0 0 0 0 0 0 0 0 0 0 0 0 0 0 0 0 0 0 0 0 0 0 0 0 0 0 0 0 0 0 0 0 0 0 0 0 0 0 0 1 0 0 0 0 0 0 0 0 0 0 0 0 0 0 0 0 0 0 0 0 0 0 0 0 0 0 0 0 0 0 0 0 0 0 0 0 0 0 0 0 0 0 0 0 0 0 0 0 0 0]
[2619457957011098057632171486420792704327230710181130290356797015765188381489102295179665598837416724527938675873901361690956437130544744484912268104780872457987307698871494307151661542247903346070252004595705919710119066397288602432767733636410079104298076289835774150774878688693871217380146363294519 0 0 0 0 0 0 0 0 0 0 0 0 0 0 0 0 0 0 0 0 0 0 0 0 0 0 0 0 0 0 0 0 0 0 0 0 0 0 0 0 0 0 0 0 0 0 0 0 0 1 0 0 0 0 0 0 0 0 0 0 0 0 0 0 0 0 0 0 0 0 0 0 0 0 0 0 0 0 0 0 0 0 0 0 0 0 0 0 0 0 0 0 0 0 0 0 0 0 0]
[4789982058411013611286199217132868792305150507489756967163071999929952843437239376123269788383987173252216662552035430836768810840341943098364151503158732821887095103621463458340197476497437719894331426478612239609973281907564640304503638064574787825457062059191094996856663359146092627196581307730733 0 0 0 0 0 0 0 0 0 0 0 0 0 0 0 0 0 0 0 0 0 0 0 0 0 0 0 0 0 0 0 0 0 0 0 0 0 0 0 0 0 0 0 0 0 0 0 0 0 0 1 0 0 0 0 0 0 0 0 0 0 0 0 0 0 0 0 0 0 0 0 0 0 0 0 0 0 0 0 0 0 0 0 0 0 0 0 0 0 0 0 0 0 0 0 0 0 0 0]
[2783492675395779608857135291331435342241978377473834874389399619502104306455140149201447070255823396828235318587666611689305812364150778236850917067907218484461694736920638879148304656356455144827465093674186625490170911537392028197527575086368830740050186937287127848234020518405280437014303439411063 0 0 0 0 0 0 0 0 0 0 0 0 0 0 0 0 0 0 0 0 0 0 0 0 0 0 0 0 0 0 0 0 0 0 0 0 0 0 0 0 0 0 0 0 0 0 0 0 0 0 0 1 0 0 0 0 0 0 0 0 0 0 0 0 0 0 0 0 0 0 0 0 0 0 0 0 0 0 0 0 0 0 0 0 0 0 0 0 0 0 0 0 0 0 0 0 0 0 0]
[4939205192967312995347729203834996747388545228351480161062940427632777341895249175575136058520614033802514174697972853756725629077616262417137387838550943913606433602846313842950642939783011555829633877656096530814457156577354863188365171822054329213367082955483011510506513520001793949736408401225126 0 0 0 0 0 0 0 0 0 0 0 0 0 0 0 0 0 0 0 0 0 0 0 0 0 0 0 0 0 0 0 0 0 0 0 0 0 0 0 0 0 0 0 0 0 0 0 0 0 0 0 0 1 0 0 0 0 0 0 0 0 0 0 0 0 0 0 0 0 0 0 0 0 0 0 0 0 0 0 0 0 0 0 0 0 0 0 0 0 0 0 0 0 0 0 0 0 0 0]
[2007667181440441292184752609833433292526956373511953290359438539160146061239591902055968726887257662841533987935327371919614464780393564582242032191873613413318172452409472787595318881092426774862792129405166596648149646274658158205685115933423293937707572067992443760085204761678543501126229600518212 0 0 0 0 0 0 0 0 0 0 0 0 0 0 0 0 0 0 0 0 0 0 0 0 0 0 0 0 0 0 0 0 0 0 0 0 0 0 0 0 0 0 0 0 0 0 0 0 0 0 0 0 0 1 0 0 0 0 0 0 0 0 0 0 0 0 0 0 0 0 0 0 0 0 0 0 0 0 0 0 0 0 0 0 0 0 0 0 0 0 0 0 0 0 0 0 0 0 0]
[696291551321390388815568019864967558228527484191079713801489891127331477196413338182138678350937151599614468529259012076742466798825022137449767300512914901487036077158184693377238122396010073344137704157221086757895999809753147570434150189242425256502377798681675395619725320314837757266191718697405 0 0 0 0 0 0 0 0 0 0 0 0 0 0 0 0 0 0 0 0 0 0 0 0 0 0 0 0 0 0 0 0 0 0 0 0 0 0 0 0 0 0 0 0 0 0 0 0 0 0 0 0 0 0 1 0 0 0 0 0 0 0 0 0 0 0 0 0 0 0 0 0 0 0 0 0 0 0 0 0 0 0 0 0 0 0 0 0 0 0 0 0 0 0 0 0 0 0 0]
[644085031234788626916278941361031293158324653892697397973380358041078668059821181152092568083530118324749932420119427024055248015261247065323892425932337021040659943196847667978566137737543486360641954367915837139726033368725550432588757789521003881677066570733392717370180470592411956637089170324672 0 0 0 0 0 0 0 0 0 0 0 0 0 0 0 0 0 0 0 0 0 0 0 0 0 0 0 0 0 0 0 0 0 0 0 0 0 0 0 0 0 0 0 0 0 0 0 0 0 0 0 0 0 0 0 1 0 0 0 0 0 0 0 0 0 0 0 0 0 0 0 0 0 0 0 0 0 0 0 0 0 0 0 0 0 0 0 0 0 0 0 0 0 0 0 0 0 0 0]
[75748940980482136494649433786390594576281754796700172169024886227163268487674819159649198206905603260706497850697142521212931789622934593949026717706363681892574346298510051829271292287492559194512428917706482855924836536159731345165120119404023841396457945399387026862225575244809369779973181707 0 0 0 0 0 0 0 0 0 0 0 0 0 0 0 0 0 0 0 0 0 0 0 0 0 0 0 0 0 0 0 0 0 0 0 0 0 0 0 0 0 0 0 0 0 0 0 0 0 0 0 0 0 0 0 0 1 0 0 0 0 0 0 0 0 0 0 0 0 0 0 0 0 0 0 0 0 0 0 0 0 0 0 0 0 0 0 0 0 0 0 0 0 0 0 0 0 0 0]
[2771681321070110346117927209572644894404156077142481703047951994920736680509771335218039448009053484908450163255736940793315428788171941649859763170819693024526622414752407492191227682532841908114207882814355710531198718728784351634113415311908655953231498784524318004595392545974734000403614557336927 0 0 0 0 0 0 0 0 0 0 0 0 0 0 0 0 0 0 0 0 0 0 0 0 0 0 0 0 0 0 0 0 0 0 0 0 0 0 0 0 0 0 0 0 0 0 0 0 0 0 0 0 0 0 0 0 0 1 0 0 0 0 0 0 0 0 0 0 0 0 0 0 0 0 0 0 0 0 0 0 0 0 0 0 0 0 0 0 0 0 0 0 0 0 0 0 0 0 0]
[1012205713259496077332871005919878660978583149574643882267668187790819267102444179640265221615259031665348622109584021154124942115372719861479630931346580165756075427815648801034896250186039700830131431378308248862653376385596954450006210041897496973935586390384737631297028830633629787549403633784433 0 0 0 0 0 0 0 0 0 0 0 0 0 0 0 0 0 0 0 0 0 0 0 0 0 0 0 0 0 0 0 0 0 0 0 0 0 0 0 0 0 0 0 0 0 0 0 0 0 0 0 0 0 0 0 0 0 0 1 0 0 0 0 0 0 0 0 0 0 0 0 0 0 0 0 0 0 0 0 0 0 0 0 0 0 0 0 0 0 0 0 0 0 0 0 0 0 0 0]
[4805125720678599055431691829056713697605922717855778894299712605902685339800903165598399222114825631687570784850401912469293942818978472584914486809592385859782019099697044542798751796835536212621871756323862106565482669425391243737031654001701071290923246436142539488362743898311770549551584700765030 0 0 0 0 0 0 0 0 0 0 0 0 0 0 0 0 0 0 0 0 0 0 0 0 0 0 0 0 0 0 0 0 0 0 0 0 0 0 0 0 0 0 0 0 0 0 0 0 0 0 0 0 0 0 0 0 0 0 0 1 0 0 0 0 0 0 0 0 0 0 0 0 0 0 0 0 0 0 0 0 0 0 0 0 0 0 0 0 0 0 0 0 0 0 0 0 0 0 0]
[2475986016387875578467549267798399855174212670358250485579567077005996697973133287858632848236029730342297475119910506226129687086159726891249057746487025440000973393187660013108155227935995483050226014152837426627553533604605937571065732932314561230493877818896658430614434415636721384250219254397047 0 0 0 0 0 0 0 0 0 0 0 0 0 0 0 0 0 0 0 0 0 0 0 0 0 0 0 0 0 0 0 0 0 0 0 0 0 0 0 0 0 0 0 0 0 0 0 0 0 0 0 0 0 0 0 0 0 0 0 0 1 0 0 0 0 0 0 0 0 0 0 0 0 0 0 0 0 0 0 0 0 0 0 0 0 0 0 0 0 0 0 0 0 0 0 0 0 0 0]
[1008387604160048214220199456856502739724281374461147668501892724318397238362647194464290303785374654022348116226135191286338454407196669306431575158196965068301565823795032826671722051689024013857347645885222479274945575000767835724124218561247509989816662389787659190598888994830444334996653775425380 0 0 0 0 0 0 0 0 0 0 0 0 0 0 0 0 0 0 0 0 0 0 0 0 0 0 0 0 0 0 0 0 0 0 0 0 0 0 0 0 0 0 0 0 0 0 0 0 0 0 0 0 0 0 0 0 0 0 0 0 0 1 0 0 0 0 0 0 0 0 0 0 0 0 0 0 0 0 0 0 0 0 0 0 0 0 0 0 0 0 0 0 0 0 0 0 0 0 0]
[5794163419443056340821179236567139281616354896640594836123294655996408215952478891183500790096042436956701275986885261667821897554033204563353216390584762972394479660148123432072019271619830574095854678521386014703262686155537945073566399969333789715252234839099724314147678972733673285850339954975110 0 0 0 0 0 0 0 0 0 0 0 0 0 0 0 0 0 0 0 0 0 0 0 0 0 0 0 0 0 0 0 0 0 0 0 0 0 0 0 0 0 0 0 0 0 0 0 0 0 0 0 0 0 0 0 0 0 0 0 0 0 0 1 0 0 0 0 0 0 0 0 0 0 0 0 0 0 0 0 0 0 0 0 0 0 0 0 0 0 0 0 0 0 0 0 0 0 0 0]
[5494753026768488264768279674589152971900085999209933169841346703634781898418856000746074758611355007473806664611625898791578436922720607116075854394126999873608851654476737676872370021355311577768458426962034348835800573696820146186333856625489923189010025172048728302449131148897970197470940272859492 0 0 0 0 0 0 0 0 0 0 0 0 0 0 0 0 0 0 0 0 0 0 0 0 0 0 0 0 0 0 0 0 0 0 0 0 0 0 0 0 0 0 0 0 0 0 0 0 0 0 0 0 0 0 0 0 0 0 0 0 0 0 0 1 0 0 0 0 0 0 0 0 0 0 0 0 0 0 0 0 0 0 0 0 0 0 0 0 0 0 0 0 0 0 0 0 0 0 0]
[632146769130021854930397875870108694520842084194359173571876834002285467327304279710234393016770957893601841991946783606289853812720402550978788374375755145338450847784068902508290363108038596843200016840927665077831591687053755234798715922891931128197561158593772238475127518427947922793672628468565 0 0 0 0 0 0 0 0 0 0 0 0 0 0 0 0 0 0 0 0 0 0 0 0 0 0 0 0 0 0 0 0 0 0 0 0 0 0 0 0 0 0 0 0 0 0 0 0 0 0 0 0 0 0 0 0 0 0 0 0 0 0 0 0 1 0 0 0 0 0 0 0 0 0 0 0 0 0 0 0 0 0 0 0 0 0 0 0 0 0 0 0 0 0 0 0 0 0 0]
[113449363983751729156708447252091492457770893469949887928458749064076678194765355046897036048345925140321434226203645092188553856005027200904247658229174762201035591368688813169698851130635925014052724114797668868650951069917316167766652134342228727132113162822397277301045772736865939949825116516987 0 0 0 0 0 0 0 0 0 0 0 0 0 0 0 0 0 0 0 0 0 0 0 0 0 0 0 0 0 0 0 0 0 0 0 0 0 0 0 0 0 0 0 0 0 0 0 0 0 0 0 0 0 0 0 0 0 0 0 0 0 0 0 0 0 1 0 0 0 0 0 0 0 0 0 0 0 0 0 0 0 0 0 0 0 0 0 0 0 0 0 0 0 0 0 0 0 0 0]
[1545229038954943489475170589541634537814649987243762197073281360191728236010872832169686904300941710080263102089787506942459140687952728261154925600356577451749181712402681266918609049867033304200025685573283323201027580345859730705879186606100938926988519926423524520028055374797457378268519781426402 0 0 0 0 0 0 0 0 0 0 0 0 0 0 0 0 0 0 0 0 0 0 0 0 0 0 0 0 0 0 0 0 0 0 0 0 0 0 0 0 0 0 0 0 0 0 0 0 0 0 0 0 0 0 0 0 0 0 0 0 0 0 0 0 0 0 1 0 0 0 0 0 0 0 0 0 0 0 0 0 0 0 0 0 0 0 0 0 0 0 0 0 0 0 0 0 0 0 0]
[2981507766716596719039111095200665483795700552475199238839682229522652471208971340328227865040386023634832206071021804999773214475305332101561705031691311397076862465147224265261009359376094541272329044189857191796354545380118888204060383641763344297489684689568885752504918821726777633988202571064739 0 0 0 0 0 0 0 0 0 0 0 0 0 0 0 0 0 0 0 0 0 0 0 0 0 0 0 0 0 0 0 0 0 0 0 0 0 0 0 0 0 0 0 0 0 0 0 0 0 0 0 0 0 0 0 0 0 0 0 0 0 0 0 0 0 0 0 1 0 0 0 0 0 0 0 0 0 0 0 0 0 0 0 0 0 0 0 0 0 0 0 0 0 0 0 0 0 0 0]
[4702947573611051968980966591862128895871419905204780450587057542093213678821788123237948463471853098212658641030765319948707794520340272442670111786293303630845823929284140357012915339326741421866898336342710150310515644284380204989279169680407533746323098328827787529282591504638883527588369460055792 0 0 0 0 0 0 0 0 0 0 0 0 0 0 0 0 0 0 0 0 0 0 0 0 0 0 0 0 0 0 0 0 0 0 0 0 0 0 0 0 0 0 0 0 0 0 0 0 0 0 0 0 0 0 0 0 0 0 0 0 0 0 0 0 0 0 0 0 1 0 0 0 0 0 0 0 0 0 0 0 0 0 0 0 0 0 0 0 0 0 0 0 0 0 0 0 0 0 0]
[3177649630473475764701434513766822712003288500017781221951776379333903770471124037870147716020336406424451077781357945797356451245440404252238309929679481800672114626645463186142556268125101338101650585287460450343029551215190611975336168390202890872929918845673374854951389594333528149796290667127800 0 0 0 0 0 0 0 0 0 0 0 0 0 0 0 0 0 0 0 0 0 0 0 0 0 0 0 0 0 0 0 0 0 0 0 0 0 0 0 0 0 0 0 0 0 0 0 0 0 0 0 0 0 0 0 0 0 0 0 0 0 0 0 0 0 0 0 0 0 1 0 0 0 0 0 0 0 0 0 0 0 0 0 0 0 0 0 0 0 0 0 0 0 0 0 0 0 0 0]
[2096534498232716170819645640515169568799063539862635072232767701084304425174198845590409322496303545620279612017732012164437303916233650693583852620390202304871764564136108562513886156017707470146199452463057256492128286061235461263336810474857207927738038742705364733044028541778538020582946887368073 0 0 0 0 0 0 0 0 0 0 0 0 0 0 0 0 0 0 0 0 0 0 0 0 0 0 0 0 0 0 0 0 0 0 0 0 0 0 0 0 0 0 0 0 0 0 0 0 0 0 0 0 0 0 0 0 0 0 0 0 0 0 0 0 0 0 0 0 0 0 1 0 0 0 0 0 0 0 0 0 0 0 0 0 0 0 0 0 0 0 0 0 0 0 0 0 0 0 0]
[216528772861215077199036364418497473436920139178940376968181824673124344565547554899976379648777564810581757413202703404274155172302654395668514035024763752339442992682092331737013466421678541853783805308127725796870406940130318852403640790313480037937537621205678522615070346458828889415622647909852 0 0 0 0 0 0 0 0 0 0 0 0 0 0 0 0 0 0 0 0 0 0 0 0 0 0 0 0 0 0 0 0 0 0 0 0 0 0 0 0 0 0 0 0 0 0 0 0 0 0 0 0 0 0 0 0 0 0 0 0 0 0 0 0 0 0 0 0 0 0 0 1 0 0 0 0 0 0 0 0 0 0 0 0 0 0 0 0 0 0 0 0 0 0 0 0 0 0 0]
[5436085674296836882439871321559566416905722534966034891496969888469241093750238831109523108176986458016767475334096651166714105192414938115887785675859601835391619466229947328701396818987815859723821862210945828878204922606172250573488974964401615408821692098864857642962980905318067182884201256943834 0 0 0 0 0 0 0 0 0 0 0 0 0 0 0 0 0 0 0 0 0 0 0 0 0 0 0 0 0 0 0 0 0 0 0 0 0 0 0 0 0 0 0 0 0 0 0 0 0 0 0 0 0 0 0 0 0 0 0 0 0 0 0 0 0 0 0 0 0 0 0 0 1 0 0 0 0 0 0 0 0 0 0 0 0 0 0 0 0 0 0 0 0 0 0 0 0 0 0]
[5134062276464126998220873571070732915635403282295659745525423128757067041134165892844602304642869367941658680314517267634922722945399669250236903469368445501356895852869785211131661662743833170939162666292599790213706593355036266624884466683845681379119381170414942440899336063042465934223319851628661 0 0 0 0 0 0 0 0 0 0 0 0 0 0 0 0 0 0 0 0 0 0 0 0 0 0 0 0 0 0 0 0 0 0 0 0 0 0 0 0 0 0 0 0 0 0 0 0 0 0 0 0 0 0 0 0 0 0 0 0 0 0 0 0 0 0 0 0 0 0 0 0 0 1 0 0 0 0 0 0 0 0 0 0 0 0 0 0 0 0 0 0 0 0 0 0 0 0 0]
[5859660312428036749757317915860716632265983033107661038444669125837917836781229333014003224892364976798608894894181329196866498873158496936880741693529002773595333451407002126083382967275487105584800385104720359594087171709180697728335853341159469385012106020968486499654353507136526801205823697535570 0 0 0 0 0 0 0 0 0 0 0 0 0 0 0 0 0 0 0 0 0 0 0 0 0 0 0 0 0 0 0 0 0 0 0 0 0 0 0 0 0 0 0 0 0 0 0 0 0 0 0 0 0 0 0 0 0 0 0 0 0 0 0 0 0 0 0 0 0 0 0 0 0 0 1 0 0 0 0 0 0 0 0 0 0 0 0 0 0 0 0 0 0 0 0 0 0 0 0]
[469343751272644921827305854180790914946311178199000586603821780247049330654574157017145452240148924567851828398545599112224746096954177728762449202468825589081911496275578629251338874977286792564723504768995445246623682437362520626468578379520215742121277089827978239787675536874972070827676052760922 0 0 0 0 0 0 0 0 0 0 0 0 0 0 0 0 0 0 0 0 0 0 0 0 0 0 0 0 0 0 0 0 0 0 0 0 0 0 0 0 0 0 0 0 0 0 0 0 0 0 0 0 0 0 0 0 0 0 0 0 0 0 0 0 0 0 0 0 0 0 0 0 0 0 0 1 0 0 0 0 0 0 0 0 0 0 0 0 0 0 0 0 0 0 0 0 0 0 0]
[2854167480832279743050549554700126708222910697968358270227117795035356716885845984386042135844007160658726172546447581905910527467830628267992321836798719765250051312819999004626160222796072992870616796435555717359399543683486247570194440216262472425237348403728375783194600800641034101749871115048938 0 0 0 0 0 0 0 0 0 0 0 0 0 0 0 0 0 0 0 0 0 0 0 0 0 0 0 0 0 0 0 0 0 0 0 0 0 0 0 0 0 0 0 0 0 0 0 0 0 0 0 0 0 0 0 0 0 0 0 0 0 0 0 0 0 0 0 0 0 0 0 0 0 0 0 0 1 0 0 0 0 0 0 0 0 0 0 0 0 0 0 0 0 0 0 0 0 0 0]
[4106902486135068999575162564386409974553213474053282223359552594267467347784408826124455523271417359746816208039042895535174901008844168899106410131423663974305574290679504215977807277951187039890856350796741977039178150864675289005506697783175102257562275600794168519151994166748610351805392165169230 0 0 0 0 0 0 0 0 0 0 0 0 0 0 0 0 0 0 0 0 0 0 0 0 0 0 0 0 0 0 0 0 0 0 0 0 0 0 0 0 0 0 0 0 0 0 0 0 0 0 0 0 0 0 0 0 0 0 0 0 0 0 0 0 0 0 0 0 0 0 0 0 0 0 0 0 0 1 0 0 0 0 0 0 0 0 0 0 0 0 0 0 0 0 0 0 0 0 0]
[488706483046311314891346405776836446929364617837212688733488003137534436939278100235854546866334818474587785017546652656466655361638057776532512128429676191775799891930650146696697047241602087347619448327450464965763169810827089600715510917986080689119223442619599383139315142521036783594911982861927 0 0 0 0 0 0 0 0 0 0 0 0 0 0 0 0 0 0 0 0 0 0 0 0 0 0 0 0 0 0 0 0 0 0 0 0 0 0 0 0 0 0 0 0 0 0 0 0 0 0 0 0 0 0 0 0 0 0 0 0 0 0 0 0 0 0 0 0 0 0 0 0 0 0 0 0 0 0 1 0 0 0 0 0 0 0 0 0 0 0 0 0 0 0 0 0 0 0 0]
[1477155505083736845082943029951911818389662058335367802341112619739007533802200074854793936574685741045837242972143110393715682299285240637471782934663520130643466565625670577889409864230965157646525893322130741028037174741076358199671898097529028701658521161442148163534625506159439508013919368590323 0 0 0 0 0 0 0 0 0 0 0 0 0 0 0 0 0 0 0 0 0 0 0 0 0 0 0 0 0 0 0 0 0 0 0 0 0 0 0 0 0 0 0 0 0 0 0 0 0 0 0 0 0 0 0 0 0 0 0 0 0 0 0 0 0 0 0 0 0 0 0 0 0 0 0 0 0 0 0 1 0 0 0 0 0 0 0 0 0 0 0 0 0 0 0 0 0 0 0]
[2031262783460319174931481313498932894985062598113570739239916799632188654691412984352629116704568111117825990960852593567354518912123939468918281246990977454576586148581618520610194485725590926533564343700921746932298305195969275301296014343517218652549721582048955498975739285111173624909025245566043 0 0 0 0 0 0 0 0 0 0 0 0 0 0 0 0 0 0 0 0 0 0 0 0 0 0 0 0 0 0 0 0 0 0 0 0 0 0 0 0 0 0 0 0 0 0 0 0 0 0 0 0 0 0 0 0 0 0 0 0 0 0 0 0 0 0 0 0 0 0 0 0 0 0 0 0 0 0 0 0 1 0 0 0 0 0 0 0 0 0 0 0 0 0 0 0 0 0 0]
[74761284789183226662990915346123847156645627190224652016469814365606023793416643431179652768994953679028339549402631910847425740934579757141331445297417228476660134870576453359575024228859458390068663572887828717701317215569704394606662176014547486411763296942586382993320112344584128071544619479463 0 0 0 0 0 0 0 0 0 0 0 0 0 0 0 0 0 0 0 0 0 0 0 0 0 0 0 0 0 0 0 0 0 0 0 0 0 0 0 0 0 0 0 0 0 0 0 0 0 0 0 0 0 0 0 0 0 0 0 0 0 0 0 0 0 0 0 0 0 0 0 0 0 0 0 0 0 0 0 0 0 1 0 0 0 0 0 0 0 0 0 0 0 0 0 0 0 0 0]
[1990777407402274789986341898491620416208948403402426203551748258167152798883298517401093425918583454210995235947810435992615009968851255603432297116186166882431716456900512216751816378584198308802753351788968541176479242818434579871863741593699397252701226820485689174918032592801524385228369990290962 0 0 0 0 0 0 0 0 0 0 0 0 0 0 0 0 0 0 0 0 0 0 0 0 0 0 0 0 0 0 0 0 0 0 0 0 0 0 0 0 0 0 0 0 0 0 0 0 0 0 0 0 0 0 0 0 0 0 0 0 0 0 0 0 0 0 0 0 0 0 0 0 0 0 0 0 0 0 0 0 0 0 1 0 0 0 0 0 0 0 0 0 0 0 0 0 0 0 0]
[500272217733987981956179254023988042397879442451856209483764260282668520053406566548066422654492041696680424408273574139631051909247713795445247251893644451059754852361398584850732179232042816727097997022007719452577720744750175356498484878645880193690008235945036019988835411436205118108103585755766 0 0 0 0 0 0 0 0 0 0 0 0 0 0 0 0 0 0 0 0 0 0 0 0 0 0 0 0 0 0 0 0 0 0 0 0 0 0 0 0 0 0 0 0 0 0 0 0 0 0 0 0 0 0 0 0 0 0 0 0 0 0 0 0 0 0 0 0 0 0 0 0 0 0 0 0 0 0 0 0 0 0 0 1 0 0 0 0 0 0 0 0 0 0 0 0 0 0 0]
[389260958880932212757227081407939215502178412638764024331007674013908831063526075628003403287747591270244143450134106434844371630830623763587747275181391405012985545470613008030441367703361866212466859294272490663005976851271805967152239699770382616715764324703027860977946691694496385042272259320112 0 0 0 0 0 0 0 0 0 0 0 0 0 0 0 0 0 0 0 0 0 0 0 0 0 0 0 0 0 0 0 0 0 0 0 0 0 0 0 0 0 0 0 0 0 0 0 0 0 0 0 0 0 0 0 0 0 0 0 0 0 0 0 0 0 0 0 0 0 0 0 0 0 0 0 0 0 0 0 0 0 0 0 0 1 0 0 0 0 0 0 0 0 0 0 0 0 0 0]
[4965422440601378636334657958480937726643593376133675231982328211634952766819929973262106959528039834297424444539317883431924117165349566808280762051722381663635621654689220051672885256177199928963958436583905983064046185927408795706618790395196753457599275211911747794136468351166216487760002511237650 0 0 0 0 0 0 0 0 0 0 0 0 0 0 0 0 0 0 0 0 0 0 0 0 0 0 0 0 0 0 0 0 0 0 0 0 0 0 0 0 0 0 0 0 0 0 0 0 0 0 0 0 0 0 0 0 0 0 0 0 0 0 0 0 0 0 0 0 0 0 0 0 0 0 0 0 0 0 0 0 0 0 0 0 0 1 0 0 0 0 0 0 0 0 0 0 0 0 0]
[302889770509168799433947658309441818107309708631422001479772942299384684020618477383030163568113195851226298876386593662825015227843992439253914092599027701556185156209644209655349365653108394904318322680103338241058241588024514853864781879592385830150491722832480237761564309561445792698718237419381 0 0 0 0 0 0 0 0 0 0 0 0 0 0 0 0 0 0 0 0 0 0 0 0 0 0 0 0 0 0 0 0 0 0 0 0 0 0 0 0 0 0 0 0 0 0 0 0 0 0 0 0 0 0 0 0 0 0 0 0 0 0 0 0 0 0 0 0 0 0 0 0 0 0 0 0 0 0 0 0 0 0 0 0 0 0 1 0 0 0 0 0 0 0 0 0 0 0 0]
[5347503822404126910853593884241060703576195984005549307065815713711681158383123537498903529861859365922516041295939239965625183161297243820754989768606896452272361975303291776607530197395683317521696345568130815785956761298155287599881723156059568472311366024878007728087724665713886978142877959318643 0 0 0 0 0 0 0 0 0 0 0 0 0 0 0 0 0 0 0 0 0 0 0 0 0 0 0 0 0 0 0 0 0 0 0 0 0 0 0 0 0 0 0 0 0 0 0 0 0 0 0 0 0 0 0 0 0 0 0 0 0 0 0 0 0 0 0 0 0 0 0 0 0 0 0 0 0 0 0 0 0 0 0 0 0 0 0 1 0 0 0 0 0 0 0 0 0 0 0]
[3940417417840700631505896684233799187449056643706940295335808267382711813480906490948805210850386136822565198693694099374371574656588844213261109770643639115427931359204465880019061033840292507163659498152317480437574944112972790259709050198852484364622453194068282832110756325178801694219116081908270 0 0 0 0 0 0 0 0 0 0 0 0 0 0 0 0 0 0 0 0 0 0 0 0 0 0 0 0 0 0 0 0 0 0 0 0 0 0 0 0 0 0 0 0 0 0 0 0 0 0 0 0 0 0 0 0 0 0 0 0 0 0 0 0 0 0 0 0 0 0 0 0 0 0 0 0 0 0 0 0 0 0 0 0 0 0 0 0 1 0 0 0 0 0 0 0 0 0 0]
[225061738162279813067756991668428816125967898470608210818134518525632044833947805013840165166833417766039246848053823597359590729831283151775329497108259481028792025881528703924993699720466261204050359359093497171507419956367363392973036374343434537705003164985093336672208287509248427952404826326318 0 0 0 0 0 0 0 0 0 0 0 0 0 0 0 0 0 0 0 0 0 0 0 0 0 0 0 0 0 0 0 0 0 0 0 0 0 0 0 0 0 0 0 0 0 0 0 0 0 0 0 0 0 0 0 0 0 0 0 0 0 0 0 0 0 0 0 0 0 0 0 0 0 0 0 0 0 0 0 0 0 0 0 0 0 0 0 0 0 1 0 0 0 0 0 0 0 0 0]
[926190127868686952298365563638832010042839563947440987215621815323126930563605789058109143472673889722963744720215385105654505666879746955398134876837209231313420213183666079049694695499677674627416539219562833849549604736480281245805934337356265506366673442410319882709457043030329933571201762850872 0 0 0 0 0 0 0 0 0 0 0 0 0 0 0 0 0 0 0 0 0 0 0 0 0 0 0 0 0 0 0 0 0 0 0 0 0 0 0 0 0 0 0 0 0 0 0 0 0 0 0 0 0 0 0 0 0 0 0 0 0 0 0 0 0 0 0 0 0 0 0 0 0 0 0 0 0 0 0 0 0 0 0 0 0 0 0 0 0 0 1 0 0 0 0 0 0 0 0]
[2977089019651724000111828044988161901924700414921987451448501523262812719782185337572883557823965059565939933010181210439896182539488392748528973095678782717686549008776318806531761276787891547056283439776358636121516493372685470584456703093328946626133928933386934201775452844277988311719699553888541 0 0 0 0 0 0 0 0 0 0 0 0 0 0 0 0 0 0 0 0 0 0 0 0 0 0 0 0 0 0 0 0 0 0 0 0 0 0 0 0 0 0 0 0 0 0 0 0 0 0 0 0 0 0 0 0 0 0 0 0 0 0 0 0 0 0 0 0 0 0 0 0 0 0 0 0 0 0 0 0 0 0 0 0 0 0 0 0 0 0 0 1 0 0 0 0 0 0 0]
[4421990057895533446774594337443658981261400667009166991955666759206609741365437152891641575910986804807554662580702772055585897975862412132689119799055821942104168663184689042040166524720542396191256834852001497545572606575666587935156188563493413380768276005003642479589058488222899743357774345890730 0 0 0 0 0 0 0 0 0 0 0 0 0 0 0 0 0 0 0 0 0 0 0 0 0 0 0 0 0 0 0 0 0 0 0 0 0 0 0 0 0 0 0 0 0 0 0 0 0 0 0 0 0 0 0 0 0 0 0 0 0 0 0 0 0 0 0 0 0 0 0 0 0 0 0 0 0 0 0 0 0 0 0 0 0 0 0 0 0 0 0 0 1 0 0 0 0 0 0]
[36901338055687710839049767051676596417326743140878463026056725597878899314357912660059593925924492701420185686501988495304204021005385856095837165674030468613131159205305969974485727424860213263124927013162827799012098537237258121281287617927159275938542257208117138073596989523138857346411573093857 0 0 0 0 0 0 0 0 0 0 0 0 0 0 0 0 0 0 0 0 0 0 0 0 0 0 0 0 0 0 0 0 0 0 0 0 0 0 0 0 0 0 0 0 0 0 0 0 0 0 0 0 0 0 0 0 0 0 0 0 0 0 0 0 0 0 0 0 0 0 0 0 0 0 0 0 0 0 0 0 0 0 0 0 0 0 0 0 0 0 0 0 0 1 0 0 0 0 0]
[5648438222621868181245469782780627175860365444176773380414544043758577766558339710728202089720813148691222811501809017285933300044468530761590885272350637023472283734145618723608876024662840522796446014672866277196756469261305822301252619882769509587985636757884758786396977094484653306823839180064634 0 0 0 0 0 0 0 0 0 0 0 0 0 0 0 0 0 0 0 0 0 0 0 0 0 0 0 0 0 0 0 0 0 0 0 0 0 0 0 0 0 0 0 0 0 0 0 0 0 0 0 0 0 0 0 0 0 0 0 0 0 0 0 0 0 0 0 0 0 0 0 0 0 0 0 0 0 0 0 0 0 0 0 0 0 0 0 0 0 0 0 0 0 0 1 0 0 0 0]
[2954808051739958327094981047546676253836091867877158399399945782154092139795724782781761829399878822388225406138884322624225298424392259569920351636635169004048746382410484515327795083713639426426103930165086361856388116161974130126609763919372314988928607457656094154283197144958242421262938301268531 0 0 0 0 0 0 0 0 0 0 0 0 0 0 0 0 0 0 0 0 0 0 0 0 0 0 0 0 0 0 0 0 0 0 0 0 0 0 0 0 0 0 0 0 0 0 0 0 0 0 0 0 0 0 0 0 0 0 0 0 0 0 0 0 0 0 0 0 0 0 0 0 0 0 0 0 0 0 0 0 0 0 0 0 0 0 0 0 0 0 0 0 0 0 0 1 0 0 0]
[4109599956445858616236227952154202823892549871417373150093509556749811035428292248556339724854465013675548757709015814234154174725136395949526660450854263523374140176105972747361788329138079714195582290849485201599541267629894587776652196944763411145041822291606739835555879006504766861871443858735580 0 0 0 0 0 0 0 0 0 0 0 0 0 0 0 0 0 0 0 0 0 0 0 0 0 0 0 0 0 0 0 0 0 0 0 0 0 0 0 0 0 0 0 0 0 0 0 0 0 0 0 0 0 0 0 0 0 0 0 0 0 0 0 0 0 0 0 0 0 0 0 0 0 0 0 0 0 0 0 0 0 0 0 0 0 0 0 0 0 0 0 0 0 0 0 0 1 0 0]
[197851956904483624450996213564287970880487636264492716615141913524578298128311231551869458173867293469860407288522811839734286428048174661356244600682688940239386024076076593617777036712241613496434552356443613265079080559921672679420491114746870836198913515377424370239976692356854835193160408280559 0 0 0 0 0 0 0 0 0 0 0 0 0 0 0 0 0 0 0 0 0 0 0 0 0 0 0 0 0 0 0 0 0 0 0 0 0 0 0 0 0 0 0 0 0 0 0 0 0 0 0 0 0 0 0 0 0 0 0 0 0 0 0 0 0 0 0 0 0 0 0 0 0 0 0 0 0 0 0 0 0 0 0 0 0 0 0 0 0 0 0 0 0 0 0 0 0 1 0]
[4611034709084451010088889241529835586341775953052786327463309641001535122443664085677838537263050287168310147916117664496452788802848063324734140021902343687235051194698533540027505696646090935295285605257089038533202288324509300458869146341082733392136937304903170698886283016844805392578410848794001 0 0 0 0 0 0 0 0 0 0 0 0 0 0 0 0 0 0 0 0 0 0 0 0 0 0 0 0 0 0 0 0 0 0 0 0 0 0 0 0 0 0 0 0 0 0 0 0 0 0 0 0 0 0 0 0 0 0 0 0 0 0 0 0 0 0 0 0 0 0 0 0 0 0 0 0 0 0 0 0 0 0 0 0 0 0 0 0 0 0 0 0 0 0 0 0 0 0 1]
]
