[[3512462905454524001459845618247359161350254040034125702545735798645042819728152724120158378950154562127982330350568812789885974970245619310871628979591201068899670275408185020253794132738638923623583081215167581 0 0 0 0 0 0 0 0 0 0 0 0 0 0 0 0 0 0 0 0 0 0 0 0 0 0 0 0 0 0 0 0 0 0 0 0 0 0 0 0 0 0 0 0 0 0 0 0 0 0 0 0 0 0 0 0 0 0 0 0 0 0 0 0 0 0 0 0 0]
[288969759136053045936489203917403799958998536223114592339906089802225882207919537795887572481758493664979672334213970574353026822147617715193910491171318051706237438434372348600809084192185360303016609423204764 1 0 0 0 0 0 0 0 0 0 0 0 0 0 0 0 0 0 0 0 0 0 0 0 0 0 0 0 0 0 0 0 0 0 0 0 0 0 0 0 0 0 0 0 0 0 0 0 0 0 0 0 0 0 0 0 0 0 0 0 0 0 0 0 0 0 0 0 0]
[592791491586896092171680522159097945470914749641404257135524265608357039226306953327286132520405641184856655916013179069131651883990745309579843812533904580499728040267495234044854339683474464900948779872806693 0 1 0 0 0 0 0 0 0 0 0 0 0 0 0 0 0 0 0 0 0 0 0 0 0 0 0 0 0 0 0 0 0 0 0 0 0 0 0 0 0 0 0 0 0 0 0 0 0 0 0 0 0 0 0 0 0 0 0 0 0 0 0 0 0 0 0 0 0]
[471407003187473764613557534859286543612239862489253764168230331662218622805790481821610033067185540144028159845511732593277747599941247310589145786842077021233372282812287601245342006312271266005197806763072852 0 0 1 0 0 0 0 0 0 0 0 0 0 0 0 0 0 0 0 0 0 0 0 0 0 0 0 0 0 0 0 0 0 0 0 0 0 0 0 0 0 0 0 0 0 0 0 0 0 0 0 0 0 0 0 0 0 0 0 0 0 0 0 0 0 0 0 0 0]
[1988557803634276301851488425051620106091853706356803539988313561865718859038021689118257715097453975497208559837005011305197423176861975036133256150836185333375148021939001501947508214036151717168557996502624647 0 0 0 1 0 0 0 0 0 0 0 0 0 0 0 0 0 0 0 0 0 0 0 0 0 0 0 0 0 0 0 0 0 0 0 0 0 0 0 0 0 0 0 0 0 0 0 0 0 0 0 0 0 0 0 0 0 0 0 0 0 0 0 0 0 0 0 0 0]
[1123321173275788739730947035914344205809416490026521659722649846089339237382407695592745660660712788335179759819801889484143325618436223734394107674244362181819641794120455344677334492201497015034054587050271070 0 0 0 0 1 0 0 0 0 0 0 0 0 0 0 0 0 0 0 0 0 0 0 0 0 0 0 0 0 0 0 0 0 0 0 0 0 0 0 0 0 0 0 0 0 0 0 0 0 0 0 0 0 0 0 0 0 0 0 0 0 0 0 0 0 0 0 0 0]
[387783449770505351781817806772355262544224750416222689630777104919281804283322680169781123631183381400867897775120513639367084846610331693152659647594963973595278362878982021833916607876863380354467949069238470 0 0 0 0 0 1 0 0 0 0 0 0 0 0 0 0 0 0 0 0 0 0 0 0 0 0 0 0 0 0 0 0 0 0 0 0 0 0 0 0 0 0 0 0 0 0 0 0 0 0 0 0 0 0 0 0 0 0 0 0 0 0 0 0 0 0 0 0 0]
[600465858006394334093013674968818500278325501939912653266117124218451160207260260696446511925680703749133326675919630174777334194453830018556888376039194264116349082367150136608775388165290316687514623806374650 0 0 0 0 0 0 1 0 0 0 0 0 0 0 0 0 0 0 0 0 0 0 0 0 0 0 0 0 0 0 0 0 0 0 0 0 0 0 0 0 0 0 0 0 0 0 0 0 0 0 0 0 0 0 0 0 0 0 0 0 0 0 0 0 0 0 0 0 0]
[1842568521518816773265271159438313056879661730572869435798761017156856905046744014971825214738993498042437486746493196048993989554707708233951353863147071660718321338182565659298084132896648730771529678641566213 0 0 0 0 0 0 0 1 0 0 0 0 0 0 0 0 0 0 0 0 0 0 0 0 0 0 0 0 0 0 0 0 0 0 0 0 0 0 0 0 0 0 0 0 0 0 0 0 0 0 0 0 0 0 0 0 0 0 0 0 0 0 0 0 0 0 0 0 0]
[3112965605656141261682885211178239288279624754046734522270022782661439404978420584291414373044511792629777146507304908086402534965944849928448439326242207014902710120616828945300550378194824374058686645264208600 0 0 0 0 0 0 0 0 1 0 0 0 0 0 0 0 0 0 0 0 0 0 0 0 0 0 0 0 0 0 0 0 0 0 0 0 0 0 0 0 0 0 0 0 0 0 0 0 0 0 0 0 0 0 0 0 0 0 0 0 0 0 0 0 0 0 0 0 0]
[472619742850114558832266454413026072222425285119209376589153441441986934563864213396274462583349268221577537938736543418574890148285790162840963082035688909273706678874915857536212341107088338774112085780366001 0 0 0 0 0 0 0 0 0 1 0 0 0 0 0 0 0 0 0 0 0 0 0 0 0 0 0 0 0 0 0 0 0 0 0 0 0 0 0 0 0 0 0 0 0 0 0 0 0 0 0 0 0 0 0 0 0 0 0 0 0 0 0 0 0 0 0 0 0]
[3392095791123621815204364001876931990200144229601069363279863526557343380894487322836448224269770277830257551567513323246003224008183298564039475394439938821574062699755832124080379070247293991094242206543292620 0 0 0 0 0 0 0 0 0 0 1 0 0 0 0 0 0 0 0 0 0 0 0 0 0 0 0 0 0 0 0 0 0 0 0 0 0 0 0 0 0 0 0 0 0 0 0 0 0 0 0 0 0 0 0 0 0 0 0 0 0 0 0 0 0 0 0 0 0]
[1927540138371513364603140701709753776132601795820418342709745693692161546712612925291574165032839422192340927238261019543783324483404251855848903802070527902433915984341461444560698562396756984701135856285224494 0 0 0 0 0 0 0 0 0 0 0 1 0 0 0 0 0 0 0 0 0 0 0 0 0 0 0 0 0 0 0 0 0 0 0 0 0 0 0 0 0 0 0 0 0 0 0 0 0 0 0 0 0 0 0 0 0 0 0 0 0 0 0 0 0 0 0 0 0]
[744282827822730434686103932305367736093962098497641743933422308620966547751588287477058849599894591787757321839441258777451257201814333946703693208290274041298130547680299594482272959425058599377963525486980776 0 0 0 0 0 0 0 0 0 0 0 0 1 0 0 0 0 0 0 0 0 0 0 0 0 0 0 0 0 0 0 0 0 0 0 0 0 0 0 0 0 0 0 0 0 0 0 0 0 0 0 0 0 0 0 0 0 0 0 0 0 0 0 0 0 0 0 0 0]
[445139801554196522704387216433479401973422904860278691036770364605861717029893447139263394051033434798064308905801472162735056200065867768886591846707646259594926342435806628366598464349884889549685092382724965 0 0 0 0 0 0 0 0 0 0 0 0 0 1 0 0 0 0 0 0 0 0 0 0 0 0 0 0 0 0 0 0 0 0 0 0 0 0 0 0 0 0 0 0 0 0 0 0 0 0 0 0 0 0 0 0 0 0 0 0 0 0 0 0 0 0 0 0 0]
[2964894669857952364668882805883571063138671519098912577878560776903970058740083553852190694633983246454474005173579662372256505727216569283964502677412512832934683809246833061527934674977740404972247440397826860 0 0 0 0 0 0 0 0 0 0 0 0 0 0 1 0 0 0 0 0 0 0 0 0 0 0 0 0 0 0 0 0 0 0 0 0 0 0 0 0 0 0 0 0 0 0 0 0 0 0 0 0 0 0 0 0 0 0 0 0 0 0 0 0 0 0 0 0 0]
[3474828898690018220692767249320705839564342034316850436056435876056030657343513395110780717426740124220274850440974088099813603637977363456509381957086203675690238374989694172627783609670077169613471915500821240 0 0 0 0 0 0 0 0 0 0 0 0 0 0 0 1 0 0 0 0 0 0 0 0 0 0 0 0 0 0 0 0 0 0 0 0 0 0 0 0 0 0 0 0 0 0 0 0 0 0 0 0 0 0 0 0 0 0 0 0 0 0 0 0 0 0 0 0 0]
[2211744560666733731766428563087190461964728145201381946918675122250556933261064526306573406240410325122309771833289910974977368856138723091019160541108143764861124412350555557435820204230999593639883577823272013 0 0 0 0 0 0 0 0 0 0 0 0 0 0 0 0 1 0 0 0 0 0 0 0 0 0 0 0 0 0 0 0 0 0 0 0 0 0 0 0 0 0 0 0 0 0 0 0 0 0 0 0 0 0 0 0 0 0 0 0 0 0 0 0 0 0 0 0 0]
[3100901605616499861114447558516374700912796963856611464125849197657928265784145961955450614670594189919469071768675232692602914802206796250232799912426162888765934301962980522954611120684708842733193863280691421 0 0 0 0 0 0 0 0 0 0 0 0 0 0 0 0 0 1 0 0 0 0 0 0 0 0 0 0 0 0 0 0 0 0 0 0 0 0 0 0 0 0 0 0 0 0 0 0 0 0 0 0 0 0 0 0 0 0 0 0 0 0 0 0 0 0 0 0 0]
[3158648990508403472244553412588210410459350883365194986393951577514905079658536398486789228276227462193087433599231887520285279036604690984290195631675569148899433242159836563774311757848953315771917611182272916 0 0 0 0 0 0 0 0 0 0 0 0 0 0 0 0 0 0 1 0 0 0 0 0 0 0 0 0 0 0 0 0 0 0 0 0 0 0 0 0 0 0 0 0 0 0 0 0 0 0 0 0 0 0 0 0 0 0 0 0 0 0 0 0 0 0 0 0 0]
[1635946015049605596803608694821069348170293086762181811554435970535873005697309185229699629528985815000800367335437679642276953520501560831373597404690633513796193489418683387083823088792489452413487185560466226 0 0 0 0 0 0 0 0 0 0 0 0 0 0 0 0 0 0 0 1 0 0 0 0 0 0 0 0 0 0 0 0 0 0 0 0 0 0 0 0 0 0 0 0 0 0 0 0 0 0 0 0 0 0 0 0 0 0 0 0 0 0 0 0 0 0 0 0 0]
[588139720531094918057215383984251732874303493126800706728013216482947559414710326798974819771396329385385798834456054089405957624984112300134390290291582701157529634444264253541838166902961371042071519839411010 0 0 0 0 0 0 0 0 0 0 0 0 0 0 0 0 0 0 0 0 1 0 0 0 0 0 0 0 0 0 0 0 0 0 0 0 0 0 0 0 0 0 0 0 0 0 0 0 0 0 0 0 0 0 0 0 0 0 0 0 0 0 0 0 0 0 0 0 0]
[2990409538190383999056239876732189722974194977092713972852472387649062236674077091749059173741383706266827967797799029546093422491614022061903028164361359023797685585706742189447698135598624920655986629183843107 0 0 0 0 0 0 0 0 0 0 0 0 0 0 0 0 0 0 0 0 0 1 0 0 0 0 0 0 0 0 0 0 0 0 0 0 0 0 0 0 0 0 0 0 0 0 0 0 0 0 0 0 0 0 0 0 0 0 0 0 0 0 0 0 0 0 0 0 0]
[182252324308707825473120992203808668588316147281528777398933580547579612426133092726117291783035004337681032643087393108280439225436285086943175553195518420946490477858346366347546346806791735287219492664911948 0 0 0 0 0 0 0 0 0 0 0 0 0 0 0 0 0 0 0 0 0 0 1 0 0 0 0 0 0 0 0 0 0 0 0 0 0 0 0 0 0 0 0 0 0 0 0 0 0 0 0 0 0 0 0 0 0 0 0 0 0 0 0 0 0 0 0 0 0]
[2282438051046401857174973320765882235414224958913907347574612707807629333659308213479093832879549430770201780517280410481224223669130499439896658575252376234225601955923205404191692658795814120376651059282058280 0 0 0 0 0 0 0 0 0 0 0 0 0 0 0 0 0 0 0 0 0 0 0 1 0 0 0 0 0 0 0 0 0 0 0 0 0 0 0 0 0 0 0 0 0 0 0 0 0 0 0 0 0 0 0 0 0 0 0 0 0 0 0 0 0 0 0 0 0]
[2347855419553010865820578663145680448849009046383501002351905496574115769299865365172680698867840588739615542653343404054040776121698734769041815056057149817251609306406078952816028229558695109922548529040475119 0 0 0 0 0 0 0 0 0 0 0 0 0 0 0 0 0 0 0 0 0 0 0 0 1 0 0 0 0 0 0 0 0 0 0 0 0 0 0 0 0 0 0 0 0 0 0 0 0 0 0 0 0 0 0 0 0 0 0 0 0 0 0 0 0 0 0 0 0]
[2868718930644084200017374612498843415476083332802135795378108314662825068251362222782445363310946220553678923719204315533401806517091207862924650022338811939416766660722646935869469883958634442669023344672607503 0 0 0 0 0 0 0 0 0 0 0 0 0 0 0 0 0 0 0 0 0 0 0 0 0 1 0 0 0 0 0 0 0 0 0 0 0 0 0 0 0 0 0 0 0 0 0 0 0 0 0 0 0 0 0 0 0 0 0 0 0 0 0 0 0 0 0 0 0]
[1194525158103963354508690122758178609591912189337715330619204173570040747397845819956352076306625110063488141298869825878294997038307518185642930103949618161256357906861619036230974561054249992500447483224374703 0 0 0 0 0 0 0 0 0 0 0 0 0 0 0 0 0 0 0 0 0 0 0 0 0 0 1 0 0 0 0 0 0 0 0 0 0 0 0 0 0 0 0 0 0 0 0 0 0 0 0 0 0 0 0 0 0 0 0 0 0 0 0 0 0 0 0 0 0]
[2548624677461937112193298467313269568188824798695203952915660127654545236828360861982035851919014398079057537628775515784615382877935139191352759304049437166773229556604257282696640837027267857898272569227153875 0 0 0 0 0 0 0 0 0 0 0 0 0 0 0 0 0 0 0 0 0 0 0 0 0 0 0 1 0 0 0 0 0 0 0 0 0 0 0 0 0 0 0 0 0 0 0 0 0 0 0 0 0 0 0 0 0 0 0 0 0 0 0 0 0 0 0 0 0]
[2804978260228751144459569247574487364898612165640620653900429329304578045310383762343574480669223033481972236107660851648275927677295314856045594161502183002662326781461702988050354664075999400471651566984296313 0 0 0 0 0 0 0 0 0 0 0 0 0 0 0 0 0 0 0 0 0 0 0 0 0 0 0 0 1 0 0 0 0 0 0 0 0 0 0 0 0 0 0 0 0 0 0 0 0 0 0 0 0 0 0 0 0 0 0 0 0 0 0 0 0 0 0 0 0]
[924582813425867494763045626656803458135345694574104016974089954589632097068563135154153336242160898016242555661878784507153953922533307153696995100828862501984575021815134227709561781648899267752246671741018313 0 0 0 0 0 0 0 0 0 0 0 0 0 0 0 0 0 0 0 0 0 0 0 0 0 0 0 0 0 1 0 0 0 0 0 0 0 0 0 0 0 0 0 0 0 0 0 0 0 0 0 0 0 0 0 0 0 0 0 0 0 0 0 0 0 0 0 0 0]
[2911062272395260889891921243202175501165858132080610106707327444771270334630703743808277043866773908903180807019771595876370833573771208391670659048910823641204627666838465939475047328977561932675340517236959745 0 0 0 0 0 0 0 0 0 0 0 0 0 0 0 0 0 0 0 0 0 0 0 0 0 0 0 0 0 0 1 0 0 0 0 0 0 0 0 0 0 0 0 0 0 0 0 0 0 0 0 0 0 0 0 0 0 0 0 0 0 0 0 0 0 0 0 0 0]
[91850363301639704720562459103999061752711131583249928242673465117932039606788981576417846073790393784010100398921178649569503161428925518729799598320759028639621528752419125364009490366315603392485157757965373 0 0 0 0 0 0 0 0 0 0 0 0 0 0 0 0 0 0 0 0 0 0 0 0 0 0 0 0 0 0 0 1 0 0 0 0 0 0 0 0 0 0 0 0 0 0 0 0 0 0 0 0 0 0 0 0 0 0 0 0 0 0 0 0 0 0 0 0 0]
[1650831018857730852034973646388471388238138407746620160524463185277207132695749479654435620719188516066310142678879139200158759489844086586738906554612569166151730599471045362312784144023897649538625532883228750 0 0 0 0 0 0 0 0 0 0 0 0 0 0 0 0 0 0 0 0 0 0 0 0 0 0 0 0 0 0 0 0 1 0 0 0 0 0 0 0 0 0 0 0 0 0 0 0 0 0 0 0 0 0 0 0 0 0 0 0 0 0 0 0 0 0 0 0 0]
[2177253729127881029807071965310826586233433552963568775125596472459199943874436534391771923311169110805799822929568649747568724255744735096442514547445803330006234141124090748122311234155794042935476573530827669 0 0 0 0 0 0 0 0 0 0 0 0 0 0 0 0 0 0 0 0 0 0 0 0 0 0 0 0 0 0 0 0 0 1 0 0 0 0 0 0 0 0 0 0 0 0 0 0 0 0 0 0 0 0 0 0 0 0 0 0 0 0 0 0 0 0 0 0 0]
[264394608196730644063029940953343268157352978208915348337324825001389699902675133668446905540108094601125852465865665957881083669412215224763529986734678888412570808822123502913246428188329686814372341942032653 0 0 0 0 0 0 0 0 0 0 0 0 0 0 0 0 0 0 0 0 0 0 0 0 0 0 0 0 0 0 0 0 0 0 1 0 0 0 0 0 0 0 0 0 0 0 0 0 0 0 0 0 0 0 0 0 0 0 0 0 0 0 0 0 0 0 0 0 0]
[396539472928414949173436000980195984138867885167336760709700320482714974609189776601488419407193780692740173694463564277247875632775177129175738528934976987605764657114316513373204081773692094504267078782617625 0 0 0 0 0 0 0 0 0 0 0 0 0 0 0 0 0 0 0 0 0 0 0 0 0 0 0 0 0 0 0 0 0 0 0 1 0 0 0 0 0 0 0 0 0 0 0 0 0 0 0 0 0 0 0 0 0 0 0 0 0 0 0 0 0 0 0 0 0]
[1388334215546003078060098210342171025776534692241030707090703499227705820838301667350441236501706299684987016228412630577321171889727114717437825940745479338876916998293605973080875540487318599194133766959766324 0 0 0 0 0 0 0 0 0 0 0 0 0 0 0 0 0 0 0 0 0 0 0 0 0 0 0 0 0 0 0 0 0 0 0 0 1 0 0 0 0 0 0 0 0 0 0 0 0 0 0 0 0 0 0 0 0 0 0 0 0 0 0 0 0 0 0 0 0]
[680292550411611766703333438758722140299261875426516801636222897712898793043688665793895441381611604202267930651153940005047762494316205357827582667693755329755666215159998576566430601551781970974570728685851933 0 0 0 0 0 0 0 0 0 0 0 0 0 0 0 0 0 0 0 0 0 0 0 0 0 0 0 0 0 0 0 0 0 0 0 0 0 1 0 0 0 0 0 0 0 0 0 0 0 0 0 0 0 0 0 0 0 0 0 0 0 0 0 0 0 0 0 0 0]
[1877489612470958070979191297074024805962107657239203708893977405207333242106553967246207664579755456644514603649737182981695715257622739215695992186365644630003256573421737368576813353558144580700393151349915095 0 0 0 0 0 0 0 0 0 0 0 0 0 0 0 0 0 0 0 0 0 0 0 0 0 0 0 0 0 0 0 0 0 0 0 0 0 0 1 0 0 0 0 0 0 0 0 0 0 0 0 0 0 0 0 0 0 0 0 0 0 0 0 0 0 0 0 0 0]
[2308193206229339385146175435619963431232601582086916034296090483824512036065249497803984853751595836038950674691968985809549729184084705463845594089789295599036290641989302627049274238580948002054691441624903761 0 0 0 0 0 0 0 0 0 0 0 0 0 0 0 0 0 0 0 0 0 0 0 0 0 0 0 0 0 0 0 0 0 0 0 0 0 0 0 1 0 0 0 0 0 0 0 0 0 0 0 0 0 0 0 0 0 0 0 0 0 0 0 0 0 0 0 0 0]
[544268790340641907956931092387264408188967345364023724605367603766413663713918958163732622623813555732294492636777265977576011649082488654602581027129221654211562486725716825566362569963906033528124443672779510 0 0 0 0 0 0 0 0 0 0 0 0 0 0 0 0 0 0 0 0 0 0 0 0 0 0 0 0 0 0 0 0 0 0 0 0 0 0 0 0 1 0 0 0 0 0 0 0 0 0 0 0 0 0 0 0 0 0 0 0 0 0 0 0 0 0 0 0 0]
[278593628786009388521600324545346632939370437535770755738370638708698586195244469654270989927273483550681932639092727379064635979911053296924291878742876467129538857479981791354042701918765417710083223768297188 0 0 0 0 0 0 0 0 0 0 0 0 0 0 0 0 0 0 0 0 0 0 0 0 0 0 0 0 0 0 0 0 0 0 0 0 0 0 0 0 0 1 0 0 0 0 0 0 0 0 0 0 0 0 0 0 0 0 0 0 0 0 0 0 0 0 0 0 0]
[1562348048508770290034292846129669979594015341739215028991232288616628957570098798014531701669504567687444456336961909705117798778385578149548361319611023484453871852480936556848611293629545800758317591153884534 0 0 0 0 0 0 0 0 0 0 0 0 0 0 0 0 0 0 0 0 0 0 0 0 0 0 0 0 0 0 0 0 0 0 0 0 0 0 0 0 0 0 1 0 0 0 0 0 0 0 0 0 0 0 0 0 0 0 0 0 0 0 0 0 0 0 0 0 0]
[1350661223372598925356806708255056384494093455051256417051544084086709710629654149891233185320471416368431931962123401597987228561214415214052011891023640582907084492008189278172442831985363930608517381830896736 0 0 0 0 0 0 0 0 0 0 0 0 0 0 0 0 0 0 0 0 0 0 0 0 0 0 0 0 0 0 0 0 0 0 0 0 0 0 0 0 0 0 0 1 0 0 0 0 0 0 0 0 0 0 0 0 0 0 0 0 0 0 0 0 0 0 0 0 0]
[3285967521289425196013475618102470825010018421487541123876346739460431532501783603247019890858590259924135356340424442888749764224844419290824547447975384021704561150427805513069581527173022255496226469394881836 0 0 0 0 0 0 0 0 0 0 0 0 0 0 0 0 0 0 0 0 0 0 0 0 0 0 0 0 0 0 0 0 0 0 0 0 0 0 0 0 0 0 0 0 1 0 0 0 0 0 0 0 0 0 0 0 0 0 0 0 0 0 0 0 0 0 0 0 0]
[3433567479681358446622905513273855738315746826383215606859763919388220872177669191624444315294367605335953843891554824668795838607227480571163752804540240264205628948210619398094653538883000115365385608219587410 0 0 0 0 0 0 0 0 0 0 0 0 0 0 0 0 0 0 0 0 0 0 0 0 0 0 0 0 0 0 0 0 0 0 0 0 0 0 0 0 0 0 0 0 0 1 0 0 0 0 0 0 0 0 0 0 0 0 0 0 0 0 0 0 0 0 0 0 0]
[402016384761098415781828411183250454232047528332058023396045099988082914210015675985268777017255854637828967614387994641497607646374916637452235586409148499435798666093129159358518576028898090493770680583390391 0 0 0 0 0 0 0 0 0 0 0 0 0 0 0 0 0 0 0 0 0 0 0 0 0 0 0 0 0 0 0 0 0 0 0 0 0 0 0 0 0 0 0 0 0 0 1 0 0 0 0 0 0 0 0 0 0 0 0 0 0 0 0 0 0 0 0 0 0]
[1337280960994590879195235392667456494104505433989867246876930280149265144312999173941374504802477106257931048575901103019790483171055666389524219948285744122505194492763581958442809019648204525139341434869450814 0 0 0 0 0 0 0 0 0 0 0 0 0 0 0 0 0 0 0 0 0 0 0 0 0 0 0 0 0 0 0 0 0 0 0 0 0 0 0 0 0 0 0 0 0 0 0 1 0 0 0 0 0 0 0 0 0 0 0 0 0 0 0 0 0 0 0 0 0]
[3073888333982743650527344664513884808438758140732465912006367681718982108618506366041338414231046318341687319547143684920590343441421258262399091949674657231317544592433154360771408144990024945171294582914812605 0 0 0 0 0 0 0 0 0 0 0 0 0 0 0 0 0 0 0 0 0 0 0 0 0 0 0 0 0 0 0 0 0 0 0 0 0 0 0 0 0 0 0 0 0 0 0 0 1 0 0 0 0 0 0 0 0 0 0 0 0 0 0 0 0 0 0 0 0]
[1880059968011014654567073417948618825123758491375308822097271660053143276276589096326859701985927391907041397431610939786444018550359180965515884855008669581682707469944705793709950442595322085349322330279392436 0 0 0 0 0 0 0 0 0 0 0 0 0 0 0 0 0 0 0 0 0 0 0 0 0 0 0 0 0 0 0 0 0 0 0 0 0 0 0 0 0 0 0 0 0 0 0 0 0 1 0 0 0 0 0 0 0 0 0 0 0 0 0 0 0 0 0 0 0]
[3022180647327438296740721828706310371453702615600438702654233137440112103687188171239337544705875289371763665118070309506373200003930938655084650456509826501115127133681634538361103804850028711639742362964537725 0 0 0 0 0 0 0 0 0 0 0 0 0 0 0 0 0 0 0 0 0 0 0 0 0 0 0 0 0 0 0 0 0 0 0 0 0 0 0 0 0 0 0 0 0 0 0 0 0 0 1 0 0 0 0 0 0 0 0 0 0 0 0 0 0 0 0 0 0]
[1608979961616549149146679001010652787248152746007484516269064944405821393610518462082132930542975672660457293518895008735990523728596328943417343697790975905814865584900110907927313545342438355355732543411072621 0 0 0 0 0 0 0 0 0 0 0 0 0 0 0 0 0 0 0 0 0 0 0 0 0 0 0 0 0 0 0 0 0 0 0 0 0 0 0 0 0 0 0 0 0 0 0 0 0 0 0 1 0 0 0 0 0 0 0 0 0 0 0 0 0 0 0 0 0]
[3467319730105427791708710186541331009251864939649700450369897984696687885534892665707390187437805259664831355167837258923725335607066997457731353555005251888954700712835355269551124495650122690522202925158956163 0 0 0 0 0 0 0 0 0 0 0 0 0 0 0 0 0 0 0 0 0 0 0 0 0 0 0 0 0 0 0 0 0 0 0 0 0 0 0 0 0 0 0 0 0 0 0 0 0 0 0 0 1 0 0 0 0 0 0 0 0 0 0 0 0 0 0 0 0]
[260836337508286204113217315457287737428171341633975395379512975468166937990034188891394838410124934719200705639262606803704628645514962260860478327881231151359147478698254136875369569617119469087271084461842180 0 0 0 0 0 0 0 0 0 0 0 0 0 0 0 0 0 0 0 0 0 0 0 0 0 0 0 0 0 0 0 0 0 0 0 0 0 0 0 0 0 0 0 0 0 0 0 0 0 0 0 0 0 1 0 0 0 0 0 0 0 0 0 0 0 0 0 0 0]
[1147381811326547846662663020127981792811708511459120362913428870009751400744483711982399089450233221470822837285707406019031370067366423193470957506839516713563494631222344959405906971947832348262077486747815415 0 0 0 0 0 0 0 0 0 0 0 0 0 0 0 0 0 0 0 0 0 0 0 0 0 0 0 0 0 0 0 0 0 0 0 0 0 0 0 0 0 0 0 0 0 0 0 0 0 0 0 0 0 0 1 0 0 0 0 0 0 0 0 0 0 0 0 0 0]
[2022424910202029367863820384523238570246946548266910149629074761700043679552022466921335704270305285099678781321557022894516180692822610767919980196600198610689046191104092045463089406250313295362030529613552268 0 0 0 0 0 0 0 0 0 0 0 0 0 0 0 0 0 0 0 0 0 0 0 0 0 0 0 0 0 0 0 0 0 0 0 0 0 0 0 0 0 0 0 0 0 0 0 0 0 0 0 0 0 0 0 1 0 0 0 0 0 0 0 0 0 0 0 0 0]
[2754832198439660151778830647926265601454615445938772348349159071277715752387787137371649516592891343600479143420014818344464466819371674932938149170818425567037267131950232514394409802704102553443595731246358976 0 0 0 0 0 0 0 0 0 0 0 0 0 0 0 0 0 0 0 0 0 0 0 0 0 0 0 0 0 0 0 0 0 0 0 0 0 0 0 0 0 0 0 0 0 0 0 0 0 0 0 0 0 0 0 0 1 0 0 0 0 0 0 0 0 0 0 0 0]
[1343567739140267363466074892163025852368808997280482259769277255059099528407067106681511842696059433145907413295524215067425692291783664789128940348880633432935827021803403952999945966259379344880550288790157603 0 0 0 0 0 0 0 0 0 0 0 0 0 0 0 0 0 0 0 0 0 0 0 0 0 0 0 0 0 0 0 0 0 0 0 0 0 0 0 0 0 0 0 0 0 0 0 0 0 0 0 0 0 0 0 0 0 1 0 0 0 0 0 0 0 0 0 0 0]
[1755151367894219931275850017157254340954421083965900082513328063366650938498653314340099990336963551284553002453301946829229361317437560947756051524323842260217351830479802837780574227130010439575059628455833819 0 0 0 0 0 0 0 0 0 0 0 0 0 0 0 0 0 0 0 0 0 0 0 0 0 0 0 0 0 0 0 0 0 0 0 0 0 0 0 0 0 0 0 0 0 0 0 0 0 0 0 0 0 0 0 0 0 0 1 0 0 0 0 0 0 0 0 0 0]
[3044945665834419258575700196540518332956879370221748177683852078811248475525358415015665314209365797686883740541148265322757660455798185481561428651523831843244465203738324521010458532021026872589012917061856390 0 0 0 0 0 0 0 0 0 0 0 0 0 0 0 0 0 0 0 0 0 0 0 0 0 0 0 0 0 0 0 0 0 0 0 0 0 0 0 0 0 0 0 0 0 0 0 0 0 0 0 0 0 0 0 0 0 0 0 1 0 0 0 0 0 0 0 0 0]
[3044370823346308528053865862666897810291159042775687577192801365889642791188193336061511504105413984431591458780647980759382361533492840476084593105196299899740698677598380395638389330512960447787983018598920662 0 0 0 0 0 0 0 0 0 0 0 0 0 0 0 0 0 0 0 0 0 0 0 0 0 0 0 0 0 0 0 0 0 0 0 0 0 0 0 0 0 0 0 0 0 0 0 0 0 0 0 0 0 0 0 0 0 0 0 0 1 0 0 0 0 0 0 0 0]
[1512306022852514690210202991013816639393289988729688513712640532044844589134425085249829402587911884306367556769353239528935535736200846033873268307765051199453264449426715439358350348350515939769646142394798826 0 0 0 0 0 0 0 0 0 0 0 0 0 0 0 0 0 0 0 0 0 0 0 0 0 0 0 0 0 0 0 0 0 0 0 0 0 0 0 0 0 0 0 0 0 0 0 0 0 0 0 0 0 0 0 0 0 0 0 0 0 1 0 0 0 0 0 0 0]
[1178926176078236840284681120830892564288428765256233189687598084536856204251996218625890236438521981148635166084678298662856691000447130426977435950413412564972622607779316558548124941442013703758662843971027514 0 0 0 0 0 0 0 0 0 0 0 0 0 0 0 0 0 0 0 0 0 0 0 0 0 0 0 0 0 0 0 0 0 0 0 0 0 0 0 0 0 0 0 0 0 0 0 0 0 0 0 0 0 0 0 0 0 0 0 0 0 0 1 0 0 0 0 0 0]
[2929753307027365451530234123629735433830539711342055911415887608612320842062880597002214586598811572468191120021064683972480592015750598859480392983146458991404915956249338826699224361217416782908305622712434945 0 0 0 0 0 0 0 0 0 0 0 0 0 0 0 0 0 0 0 0 0 0 0 0 0 0 0 0 0 0 0 0 0 0 0 0 0 0 0 0 0 0 0 0 0 0 0 0 0 0 0 0 0 0 0 0 0 0 0 0 0 0 0 1 0 0 0 0 0]
[509595723028879885013210853476995452636462406170830313532946389393711775275652315958477724480673385411264049831015797277360492076315303353418748739602072215994990499261176348859680020502682265028142427240365011 0 0 0 0 0 0 0 0 0 0 0 0 0 0 0 0 0 0 0 0 0 0 0 0 0 0 0 0 0 0 0 0 0 0 0 0 0 0 0 0 0 0 0 0 0 0 0 0 0 0 0 0 0 0 0 0 0 0 0 0 0 0 0 0 1 0 0 0 0]
[3417451840907481783920820567452511519219402843227426292469914360426410652815516506384118540646388026833916089281686695958591540022700837592760666697659577349946938587361608918888935313133011726950864684035035323 0 0 0 0 0 0 0 0 0 0 0 0 0 0 0 0 0 0 0 0 0 0 0 0 0 0 0 0 0 0 0 0 0 0 0 0 0 0 0 0 0 0 0 0 0 0 0 0 0 0 0 0 0 0 0 0 0 0 0 0 0 0 0 0 0 1 0 0 0]
[2117679823474495719936654436741089293007699442562807651371665258122230717314536964297496907593524602208223201643496143810523400924724863368681579031254014292949454350892832842575837438575059081130017687590881544 0 0 0 0 0 0 0 0 0 0 0 0 0 0 0 0 0 0 0 0 0 0 0 0 0 0 0 0 0 0 0 0 0 0 0 0 0 0 0 0 0 0 0 0 0 0 0 0 0 0 0 0 0 0 0 0 0 0 0 0 0 0 0 0 0 0 1 0 0]
[2974644622015094893531232917884611718739652893548168849458611114056164057035011167185480890377319349147053244896239593231675323330495495892837522952213663372647318827766013595049784091430890253440807820389099344 0 0 0 0 0 0 0 0 0 0 0 0 0 0 0 0 0 0 0 0 0 0 0 0 0 0 0 0 0 0 0 0 0 0 0 0 0 0 0 0 0 0 0 0 0 0 0 0 0 0 0 0 0 0 0 0 0 0 0 0 0 0 0 0 0 0 0 1 0]
[1336406230155655960871119311901158115013951981886811802767031378863743654506412982181078581412171593189248334446915208856490369995786682100458121017012755010935427222306001423177621760253964639849788602187283329 0 0 0 0 0 0 0 0 0 0 0 0 0 0 0 0 0 0 0 0 0 0 0 0 0 0 0 0 0 0 0 0 0 0 0 0 0 0 0 0 0 0 0 0 0 0 0 0 0 0 0 0 0 0 0 0 0 0 0 0 0 0 0 0 0 0 0 0 1]
]
