[[2566945665001170713097300888419382627951207066926685432753670695101006539465723356633449859715617991701369108199559591404394309715168595980482841589407515459895599214002756336470537833607 0 0 0 0 0 0 0 0 0 0 0 0 0 0 0 0 0 0 0 0 0 0 0 0 0 0 0 0 0 0 0 0 0 0 0 0 0 0 0 0 0 0 0 0 0 0 0 0 0 0 0 0 0 0 0 0 0 0 0 0 0]
[1755768836548663099037148120162377283180615032972854776671793615883281963795640007135429265793567621852633804456222569340205667848765251289222120924957559421637568046785208089843915281154 1 0 0 0 0 0 0 0 0 0 0 0 0 0 0 0 0 0 0 0 0 0 0 0 0 0 0 0 0 0 0 0 0 0 0 0 0 0 0 0 0 0 0 0 0 0 0 0 0 0 0 0 0 0 0 0 0 0 0 0 0]
[1450408976520189379223895480831310591953275693121292572424938398241705774157619861677968418605720945624904360824123742235715611233170262715336681700646412412306294165670197301324476159362 0 1 0 0 0 0 0 0 0 0 0 0 0 0 0 0 0 0 0 0 0 0 0 0 0 0 0 0 0 0 0 0 0 0 0 0 0 0 0 0 0 0 0 0 0 0 0 0 0 0 0 0 0 0 0 0 0 0 0 0 0]
[742624461104702815812752611483474819214609061344633931323659956468433121831973540920311610634168588038418085690018579674064420232081595593169891591271492839832236746139588258980366880350 0 0 1 0 0 0 0 0 0 0 0 0 0 0 0 0 0 0 0 0 0 0 0 0 0 0 0 0 0 0 0 0 0 0 0 0 0 0 0 0 0 0 0 0 0 0 0 0 0 0 0 0 0 0 0 0 0 0 0 0 0]
[753646547307063746869184831203677565188564880637748363843090399503456383580213683010471045468686226060601133619207590835760698167572139891671565048168986294447752464916284986092361087619 0 0 0 1 0 0 0 0 0 0 0 0 0 0 0 0 0 0 0 0 0 0 0 0 0 0 0 0 0 0 0 0 0 0 0 0 0 0 0 0 0 0 0 0 0 0 0 0 0 0 0 0 0 0 0 0 0 0 0 0 0]
[1721461774998023532242354362528634477959775783361948709292831023413223170156896076548780833810002796817423968774238824969693241265285290611066420423974270722254524646650204727635568695695 0 0 0 0 1 0 0 0 0 0 0 0 0 0 0 0 0 0 0 0 0 0 0 0 0 0 0 0 0 0 0 0 0 0 0 0 0 0 0 0 0 0 0 0 0 0 0 0 0 0 0 0 0 0 0 0 0 0 0 0 0]
[269699683088649568522580494782014216247448069878823706436313094845668822936686711070648599080241183393964409323471355134331993239004974855318484740530671031202459819142329392790561549002 0 0 0 0 0 1 0 0 0 0 0 0 0 0 0 0 0 0 0 0 0 0 0 0 0 0 0 0 0 0 0 0 0 0 0 0 0 0 0 0 0 0 0 0 0 0 0 0 0 0 0 0 0 0 0 0 0 0 0 0 0]
[627744994867834539704993733456299991978684615450789944776064327384805149648731240689839686161710797999822394234604365851703183330199586593153849000287390437742122815561204680107839871795 0 0 0 0 0 0 1 0 0 0 0 0 0 0 0 0 0 0 0 0 0 0 0 0 0 0 0 0 0 0 0 0 0 0 0 0 0 0 0 0 0 0 0 0 0 0 0 0 0 0 0 0 0 0 0 0 0 0 0 0 0]
[1711161350601823821304853605431287826174302375738215320740577976196697898190621944163617715401592944861958384901603100253683346527091366397857704715017590495779889516633393151618323540037 0 0 0 0 0 0 0 1 0 0 0 0 0 0 0 0 0 0 0 0 0 0 0 0 0 0 0 0 0 0 0 0 0 0 0 0 0 0 0 0 0 0 0 0 0 0 0 0 0 0 0 0 0 0 0 0 0 0 0 0 0]
[1921723524943176845788213526641781798840254860428296781366238744379011675713276504161545231334359892683557285520685053459636626870626818426915729759942320704282811987764353560381601387346 0 0 0 0 0 0 0 0 1 0 0 0 0 0 0 0 0 0 0 0 0 0 0 0 0 0 0 0 0 0 0 0 0 0 0 0 0 0 0 0 0 0 0 0 0 0 0 0 0 0 0 0 0 0 0 0 0 0 0 0 0]
[853525969301392483515549120942070601633251140794356943534718200988800683082891675565430585350919021338661915369694339699376136953841875795016751062369624590454052687412069232655169600670 0 0 0 0 0 0 0 0 0 1 0 0 0 0 0 0 0 0 0 0 0 0 0 0 0 0 0 0 0 0 0 0 0 0 0 0 0 0 0 0 0 0 0 0 0 0 0 0 0 0 0 0 0 0 0 0 0 0 0 0 0]
[872771676816059239622643190470362592310626928701837204919453839749301162857029657889179252407399200570481520917704157053556396415184523247835479115830223547360014370927444142991948943542 0 0 0 0 0 0 0 0 0 0 1 0 0 0 0 0 0 0 0 0 0 0 0 0 0 0 0 0 0 0 0 0 0 0 0 0 0 0 0 0 0 0 0 0 0 0 0 0 0 0 0 0 0 0 0 0 0 0 0 0 0]
[2036398271353417062027524953137493058094992281582088599259966154918177483845010884306507644838240615884923858973611736478663205965004482677934485132282715449556654607930723743168308687040 0 0 0 0 0 0 0 0 0 0 0 1 0 0 0 0 0 0 0 0 0 0 0 0 0 0 0 0 0 0 0 0 0 0 0 0 0 0 0 0 0 0 0 0 0 0 0 0 0 0 0 0 0 0 0 0 0 0 0 0 0]
[1960686905136200075419310840473994180144186351926363275689014496750606194706300619961262700548340096690809366252728546630881827472466328245531873171199465132919350832351777373537786754225 0 0 0 0 0 0 0 0 0 0 0 0 1 0 0 0 0 0 0 0 0 0 0 0 0 0 0 0 0 0 0 0 0 0 0 0 0 0 0 0 0 0 0 0 0 0 0 0 0 0 0 0 0 0 0 0 0 0 0 0 0]
[602374840327530984452679608557296417732030190035477385111231195458003380725615465096117747979059878253928022457199929057587868707820281385626655237933332037395763439513359667748931447110 0 0 0 0 0 0 0 0 0 0 0 0 0 1 0 0 0 0 0 0 0 0 0 0 0 0 0 0 0 0 0 0 0 0 0 0 0 0 0 0 0 0 0 0 0 0 0 0 0 0 0 0 0 0 0 0 0 0 0 0 0]
[156020158213126448771851519740536395599042996934995739922875085305541493775572785179821335287438167447808152291527516257773327753051754335066545670873453097912973449671060935265259155053 0 0 0 0 0 0 0 0 0 0 0 0 0 0 1 0 0 0 0 0 0 0 0 0 0 0 0 0 0 0 0 0 0 0 0 0 0 0 0 0 0 0 0 0 0 0 0 0 0 0 0 0 0 0 0 0 0 0 0 0 0]
[2332996546111860199452362366508890997644973235480130457774388850974610845715781206629589790640428922904680122246455869894355071682044895193408651578296124423707178808131670927418554549273 0 0 0 0 0 0 0 0 0 0 0 0 0 0 0 1 0 0 0 0 0 0 0 0 0 0 0 0 0 0 0 0 0 0 0 0 0 0 0 0 0 0 0 0 0 0 0 0 0 0 0 0 0 0 0 0 0 0 0 0 0]
[2424295231085726179146930863637969147960233179426731744641851024545365930633675200424108507680599788635676003907294552162097342974923025629141792953432487286816970267315250482676523675824 0 0 0 0 0 0 0 0 0 0 0 0 0 0 0 0 1 0 0 0 0 0 0 0 0 0 0 0 0 0 0 0 0 0 0 0 0 0 0 0 0 0 0 0 0 0 0 0 0 0 0 0 0 0 0 0 0 0 0 0 0]
[2359757980896157622350038476247058929487529915859469947245907768614687977454579519815898325887587038913934141599685144819741791124357166416710779020394760864525024674727405551596673721474 0 0 0 0 0 0 0 0 0 0 0 0 0 0 0 0 0 1 0 0 0 0 0 0 0 0 0 0 0 0 0 0 0 0 0 0 0 0 0 0 0 0 0 0 0 0 0 0 0 0 0 0 0 0 0 0 0 0 0 0 0]
[2451338385263766176296451439516650929248739538665801063620931807905642217702757326914258110241406578284951668704196517530748909383108491652037101723317443824310929685148503193823745983511 0 0 0 0 0 0 0 0 0 0 0 0 0 0 0 0 0 0 1 0 0 0 0 0 0 0 0 0 0 0 0 0 0 0 0 0 0 0 0 0 0 0 0 0 0 0 0 0 0 0 0 0 0 0 0 0 0 0 0 0 0]
[406610647925985761742069868069365150323375073091850710766699782407132158450304300613307410824307460561965701248851273805967870160954666221725939927096346287064678462344446174121313098203 0 0 0 0 0 0 0 0 0 0 0 0 0 0 0 0 0 0 0 1 0 0 0 0 0 0 0 0 0 0 0 0 0 0 0 0 0 0 0 0 0 0 0 0 0 0 0 0 0 0 0 0 0 0 0 0 0 0 0 0 0]
[767735850800735402260521165358129782582245898679911764336417475992419672390872661017128727201859921032070432483085847228493432410066968598623060719535979688093569220488580865967259926354 0 0 0 0 0 0 0 0 0 0 0 0 0 0 0 0 0 0 0 0 1 0 0 0 0 0 0 0 0 0 0 0 0 0 0 0 0 0 0 0 0 0 0 0 0 0 0 0 0 0 0 0 0 0 0 0 0 0 0 0 0]
[554907477953392856492853185032699826571838378428818672365541490469428498177195496941960078018356628416716494039317930812200158703762887222559257013016075167634143930685976712228968108446 0 0 0 0 0 0 0 0 0 0 0 0 0 0 0 0 0 0 0 0 0 1 0 0 0 0 0 0 0 0 0 0 0 0 0 0 0 0 0 0 0 0 0 0 0 0 0 0 0 0 0 0 0 0 0 0 0 0 0 0 0]
[2524977795485023440820532615996981825086879497009329821955810707378806954454694174013270894055791339768129638008064718859586645678901172549907319279330335001379626117439121176475131929654 0 0 0 0 0 0 0 0 0 0 0 0 0 0 0 0 0 0 0 0 0 0 1 0 0 0 0 0 0 0 0 0 0 0 0 0 0 0 0 0 0 0 0 0 0 0 0 0 0 0 0 0 0 0 0 0 0 0 0 0 0]
[158438691833628122504352873981860262398081713591045047339052336042981035250037365277732750448957688190884062441637474299051291564521297268438335875806782540998687851045143156701135317179 0 0 0 0 0 0 0 0 0 0 0 0 0 0 0 0 0 0 0 0 0 0 0 1 0 0 0 0 0 0 0 0 0 0 0 0 0 0 0 0 0 0 0 0 0 0 0 0 0 0 0 0 0 0 0 0 0 0 0 0 0]
[1398057978883057297424316212963812170865104401008159986744324985798284712195553652334533000217760557566134789810988953746978162412072476508557115867839242000821819751007050175440743668576 0 0 0 0 0 0 0 0 0 0 0 0 0 0 0 0 0 0 0 0 0 0 0 0 1 0 0 0 0 0 0 0 0 0 0 0 0 0 0 0 0 0 0 0 0 0 0 0 0 0 0 0 0 0 0 0 0 0 0 0 0]
[562293735455975079573202434434380749061635922356825365892018824069585185121622636690633369036243545935790652639455692550922281938525001362915825100349278185665727188401842662810299144263 0 0 0 0 0 0 0 0 0 0 0 0 0 0 0 0 0 0 0 0 0 0 0 0 0 1 0 0 0 0 0 0 0 0 0 0 0 0 0 0 0 0 0 0 0 0 0 0 0 0 0 0 0 0 0 0 0 0 0 0 0]
[1476557854744113832634270919836213931349838544512271921583213676120997913340717764487240490159325326508489351600805885386833775005759822935309952565212001822800727218110738024318361202665 0 0 0 0 0 0 0 0 0 0 0 0 0 0 0 0 0 0 0 0 0 0 0 0 0 0 1 0 0 0 0 0 0 0 0 0 0 0 0 0 0 0 0 0 0 0 0 0 0 0 0 0 0 0 0 0 0 0 0 0 0]
[1146494122795240396522957237973520204429653796622239955942084772929999978676678345771282851761820359352563108841920093726348588903984252100187320438610433186267752169121822854957656399971 0 0 0 0 0 0 0 0 0 0 0 0 0 0 0 0 0 0 0 0 0 0 0 0 0 0 0 1 0 0 0 0 0 0 0 0 0 0 0 0 0 0 0 0 0 0 0 0 0 0 0 0 0 0 0 0 0 0 0 0 0]
[1877054399976752928392916794473055043404734549730701693707964463594260537027479807234135688413219522006559355273301272089653448276411903368163963818608058706228153149674165217278717553307 0 0 0 0 0 0 0 0 0 0 0 0 0 0 0 0 0 0 0 0 0 0 0 0 0 0 0 0 1 0 0 0 0 0 0 0 0 0 0 0 0 0 0 0 0 0 0 0 0 0 0 0 0 0 0 0 0 0 0 0 0]
[4243180686303675245684204390036395360977761625724211409721067635371898378068422811046374296610115151161411575222368936179536886701805641840476210886411243737691689353471309463091488192 0 0 0 0 0 0 0 0 0 0 0 0 0 0 0 0 0 0 0 0 0 0 0 0 0 0 0 0 0 1 0 0 0 0 0 0 0 0 0 0 0 0 0 0 0 0 0 0 0 0 0 0 0 0 0 0 0 0 0 0 0]
[798777480612316453850641079274727075443601824271108539268286285142136360143145020576715894703768800360802784322225430169251848698247668494145978707638987584075314197252964648541020559999 0 0 0 0 0 0 0 0 0 0 0 0 0 0 0 0 0 0 0 0 0 0 0 0 0 0 0 0 0 0 1 0 0 0 0 0 0 0 0 0 0 0 0 0 0 0 0 0 0 0 0 0 0 0 0 0 0 0 0 0 0]
[134306160927336429673370485635772573065843379881530707634196837008853674580490460433142712736109655769930807274346619220400800993028912510118557963027375398264422221338290471196721916680 0 0 0 0 0 0 0 0 0 0 0 0 0 0 0 0 0 0 0 0 0 0 0 0 0 0 0 0 0 0 0 1 0 0 0 0 0 0 0 0 0 0 0 0 0 0 0 0 0 0 0 0 0 0 0 0 0 0 0 0 0]
[1282113553743296767539210334809859191321482572782971818981736411774202612309360761078191438733692624426373593247772152453633624386571028306870229850324497560476846329420381036856545214936 0 0 0 0 0 0 0 0 0 0 0 0 0 0 0 0 0 0 0 0 0 0 0 0 0 0 0 0 0 0 0 0 1 0 0 0 0 0 0 0 0 0 0 0 0 0 0 0 0 0 0 0 0 0 0 0 0 0 0 0 0]
[519585360502531994102598709398881097360966648073550929057991695509845324649837113013808773265480879006317603354106490967207142981618918172036285522476482554772472788176489334497289921469 0 0 0 0 0 0 0 0 0 0 0 0 0 0 0 0 0 0 0 0 0 0 0 0 0 0 0 0 0 0 0 0 0 1 0 0 0 0 0 0 0 0 0 0 0 0 0 0 0 0 0 0 0 0 0 0 0 0 0 0 0]
[2037306447058257473773466820589674873335993602847592240182202533326915783737674356434595385317681624774138278460816401917960739046669916673571526207041913824635983491166089822003739075475 0 0 0 0 0 0 0 0 0 0 0 0 0 0 0 0 0 0 0 0 0 0 0 0 0 0 0 0 0 0 0 0 0 0 1 0 0 0 0 0 0 0 0 0 0 0 0 0 0 0 0 0 0 0 0 0 0 0 0 0 0]
[580262686317855102072729976537848762559397980295875383894808516393642163263139741806276076392684319794728730869319614369558155825620440160520587029880875894064022803170276002267951973444 0 0 0 0 0 0 0 0 0 0 0 0 0 0 0 0 0 0 0 0 0 0 0 0 0 0 0 0 0 0 0 0 0 0 0 1 0 0 0 0 0 0 0 0 0 0 0 0 0 0 0 0 0 0 0 0 0 0 0 0 0]
[2117442673312043172985082826677801336828724268945312426694794356127344336648472729217746497328745662307718751098397452724004762185624218002207576976373308690540976952836233193160942639065 0 0 0 0 0 0 0 0 0 0 0 0 0 0 0 0 0 0 0 0 0 0 0 0 0 0 0 0 0 0 0 0 0 0 0 0 1 0 0 0 0 0 0 0 0 0 0 0 0 0 0 0 0 0 0 0 0 0 0 0 0]
[750238451094436099415297811682505963406128235470394585552871481469984372666814064077408122638960210265632608384127870014830098948612592990366470955667187970999187648909774167287569184657 0 0 0 0 0 0 0 0 0 0 0 0 0 0 0 0 0 0 0 0 0 0 0 0 0 0 0 0 0 0 0 0 0 0 0 0 0 1 0 0 0 0 0 0 0 0 0 0 0 0 0 0 0 0 0 0 0 0 0 0 0]
[570858122836527757302414615656742476310246030861404554711373204583099877982122280675490895579106930574483851441651882434855195549370093999207799486898805121813188526259733945303828535437 0 0 0 0 0 0 0 0 0 0 0 0 0 0 0 0 0 0 0 0 0 0 0 0 0 0 0 0 0 0 0 0 0 0 0 0 0 0 1 0 0 0 0 0 0 0 0 0 0 0 0 0 0 0 0 0 0 0 0 0 0]
[2348160147591674611543676674877117102605724667214906936462267817085018673494051427994664044506735242807378972661462080720844319688646889219337298539891133696664646023110234237242209908273 0 0 0 0 0 0 0 0 0 0 0 0 0 0 0 0 0 0 0 0 0 0 0 0 0 0 0 0 0 0 0 0 0 0 0 0 0 0 0 1 0 0 0 0 0 0 0 0 0 0 0 0 0 0 0 0 0 0 0 0 0]
[2329924841191300148872050738014371894043133504269338896790309920654225022423071087941834447792314759257071278460718925203571831759484538960941087635087732573157652505719756005051510764636 0 0 0 0 0 0 0 0 0 0 0 0 0 0 0 0 0 0 0 0 0 0 0 0 0 0 0 0 0 0 0 0 0 0 0 0 0 0 0 0 1 0 0 0 0 0 0 0 0 0 0 0 0 0 0 0 0 0 0 0 0]
[757616106839174032431383263988894343136547945698932928999341292234908974557123149736922498294176996376748795660734782806381805019188323495834304318555517500924258916078677625285546964881 0 0 0 0 0 0 0 0 0 0 0 0 0 0 0 0 0 0 0 0 0 0 0 0 0 0 0 0 0 0 0 0 0 0 0 0 0 0 0 0 0 1 0 0 0 0 0 0 0 0 0 0 0 0 0 0 0 0 0 0 0]
[316755613352005938203673205560388687239697561235994476418139839069702311138299130284974752197300143009969438539629915307488954671723401467658537882705068439481467258574402063917832555065 0 0 0 0 0 0 0 0 0 0 0 0 0 0 0 0 0 0 0 0 0 0 0 0 0 0 0 0 0 0 0 0 0 0 0 0 0 0 0 0 0 0 1 0 0 0 0 0 0 0 0 0 0 0 0 0 0 0 0 0 0]
[201454711349324062580426798688411586726709113009713997659901543209405353931215179422379504319803062038197613285387510607340350418509683889708186391655371474633851858930897973074086933551 0 0 0 0 0 0 0 0 0 0 0 0 0 0 0 0 0 0 0 0 0 0 0 0 0 0 0 0 0 0 0 0 0 0 0 0 0 0 0 0 0 0 0 1 0 0 0 0 0 0 0 0 0 0 0 0 0 0 0 0 0]
[1275014859543196837605309992998134087350158463610095582903862137370210838460449590159697902987708769284409342909783343624048736177837764946476008832480007685549715152209379607670759064694 0 0 0 0 0 0 0 0 0 0 0 0 0 0 0 0 0 0 0 0 0 0 0 0 0 0 0 0 0 0 0 0 0 0 0 0 0 0 0 0 0 0 0 0 1 0 0 0 0 0 0 0 0 0 0 0 0 0 0 0 0]
[1588267466911455858650680853468487131500149919002464177241494174358994302921853304314345436868409300256738170111386221375249473290093535888353113879781785052414968470594055779055805398564 0 0 0 0 0 0 0 0 0 0 0 0 0 0 0 0 0 0 0 0 0 0 0 0 0 0 0 0 0 0 0 0 0 0 0 0 0 0 0 0 0 0 0 0 0 1 0 0 0 0 0 0 0 0 0 0 0 0 0 0 0]
[215476764041803690481212248898212172296191219303139343862659410898576572257317477852098067506991820889738465381559916805513661616008353792562779017805439191833582745203756943025355212442 0 0 0 0 0 0 0 0 0 0 0 0 0 0 0 0 0 0 0 0 0 0 0 0 0 0 0 0 0 0 0 0 0 0 0 0 0 0 0 0 0 0 0 0 0 0 1 0 0 0 0 0 0 0 0 0 0 0 0 0 0]
[771444115537928326796838038143517527290569743166611915361553196301989268696496290096534023480573782084292696858910513968758840950163021649653880082953151943272868991457496806724722675607 0 0 0 0 0 0 0 0 0 0 0 0 0 0 0 0 0 0 0 0 0 0 0 0 0 0 0 0 0 0 0 0 0 0 0 0 0 0 0 0 0 0 0 0 0 0 0 1 0 0 0 0 0 0 0 0 0 0 0 0 0]
[546637536694575374679164355332080323555981301313011326407142340379872409389895018530312716675489615668003033229186801873787365238028746798414162538065335899962687372852990859285469589087 0 0 0 0 0 0 0 0 0 0 0 0 0 0 0 0 0 0 0 0 0 0 0 0 0 0 0 0 0 0 0 0 0 0 0 0 0 0 0 0 0 0 0 0 0 0 0 0 1 0 0 0 0 0 0 0 0 0 0 0 0]
[1395369889143165231174918016183835954808399941368442778880752131208522710274123721967488132791351861937912459823860350548448964230745489666768201536891796479397960572325790967956905868071 0 0 0 0 0 0 0 0 0 0 0 0 0 0 0 0 0 0 0 0 0 0 0 0 0 0 0 0 0 0 0 0 0 0 0 0 0 0 0 0 0 0 0 0 0 0 0 0 0 1 0 0 0 0 0 0 0 0 0 0 0]
[2142949605107867772611121324623979491148972465237566598817763608198073941441632916832073807686238043281975977424654373486754256435535725623750140719850052296806079371183763801634683791267 0 0 0 0 0 0 0 0 0 0 0 0 0 0 0 0 0 0 0 0 0 0 0 0 0 0 0 0 0 0 0 0 0 0 0 0 0 0 0 0 0 0 0 0 0 0 0 0 0 0 1 0 0 0 0 0 0 0 0 0 0]
[1099003887676299147692294668599432901429052687111572716495802634130691404560099739498600555767394171026357147956256647529214257801213600543085462168979414413427794321727125338445688771257 0 0 0 0 0 0 0 0 0 0 0 0 0 0 0 0 0 0 0 0 0 0 0 0 0 0 0 0 0 0 0 0 0 0 0 0 0 0 0 0 0 0 0 0 0 0 0 0 0 0 0 1 0 0 0 0 0 0 0 0 0]
[1697457207947555740420406515229559975512413391877377508272983788776571716698313031620298770862510010265386265845519653501307195119046371792038845155154188720233602124211492154945312571373 0 0 0 0 0 0 0 0 0 0 0 0 0 0 0 0 0 0 0 0 0 0 0 0 0 0 0 0 0 0 0 0 0 0 0 0 0 0 0 0 0 0 0 0 0 0 0 0 0 0 0 0 1 0 0 0 0 0 0 0 0]
[1403936366424623405713052522806210396111124106431416383103572078035871376944527057980747539080588567503595651301761718469313156568638322573882549124657117548622421650563416999074671511179 0 0 0 0 0 0 0 0 0 0 0 0 0 0 0 0 0 0 0 0 0 0 0 0 0 0 0 0 0 0 0 0 0 0 0 0 0 0 0 0 0 0 0 0 0 0 0 0 0 0 0 0 0 1 0 0 0 0 0 0 0]
[2151779231858109672318999733374968306250861617300208288689004466176385354924444208956143772685183299269986805390285650142864262850173702426750867814005510323871707285303117868422779186903 0 0 0 0 0 0 0 0 0 0 0 0 0 0 0 0 0 0 0 0 0 0 0 0 0 0 0 0 0 0 0 0 0 0 0 0 0 0 0 0 0 0 0 0 0 0 0 0 0 0 0 0 0 0 1 0 0 0 0 0 0]
[817661297163093933110365917154634079161240647984267313530863916016461020290730244246006086563459382543792090068528068735413352768472438152491837642701778765280536935036269404146539460084 0 0 0 0 0 0 0 0 0 0 0 0 0 0 0 0 0 0 0 0 0 0 0 0 0 0 0 0 0 0 0 0 0 0 0 0 0 0 0 0 0 0 0 0 0 0 0 0 0 0 0 0 0 0 0 1 0 0 0 0 0]
[489222628531941925395366803010986498426072505415016152850639351745668986803587746842412553142090685000749025185900149466704612587794062987249503339501077492098069334334539297925355645317 0 0 0 0 0 0 0 0 0 0 0 0 0 0 0 0 0 0 0 0 0 0 0 0 0 0 0 0 0 0 0 0 0 0 0 0 0 0 0 0 0 0 0 0 0 0 0 0 0 0 0 0 0 0 0 0 1 0 0 0 0]
[2032232554067808970479809809769047676567190840897954173142777030527240225125869055314661020018907921071371224246469797665179780745942054290165243949815055056442539947259374865802818462322 0 0 0 0 0 0 0 0 0 0 0 0 0 0 0 0 0 0 0 0 0 0 0 0 0 0 0 0 0 0 0 0 0 0 0 0 0 0 0 0 0 0 0 0 0 0 0 0 0 0 0 0 0 0 0 0 0 1 0 0 0]
[1749041701431968940755500303031623451334683598287397686999221563250239174073997950781247931271959573240340350004365655741771948415376605767606101201495187672667773347967046895024195440727 0 0 0 0 0 0 0 0 0 0 0 0 0 0 0 0 0 0 0 0 0 0 0 0 0 0 0 0 0 0 0 0 0 0 0 0 0 0 0 0 0 0 0 0 0 0 0 0 0 0 0 0 0 0 0 0 0 0 1 0 0]
[1179529163259168692939141214405901540030281287218404929698576984900987069027564397090868717955321025829088235010941030620676650680353373861487885935911900828937317117516859646228962476699 0 0 0 0 0 0 0 0 0 0 0 0 0 0 0 0 0 0 0 0 0 0 0 0 0 0 0 0 0 0 0 0 0 0 0 0 0 0 0 0 0 0 0 0 0 0 0 0 0 0 0 0 0 0 0 0 0 0 0 1 0]
[354088017587404193057102856497620639213683857934009221089437655557836103101043255774211723914770675384318928658750061031580295401210832965246397099038662553590904966933009321469558791330 0 0 0 0 0 0 0 0 0 0 0 0 0 0 0 0 0 0 0 0 0 0 0 0 0 0 0 0 0 0 0 0 0 0 0 0 0 0 0 0 0 0 0 0 0 0 0 0 0 0 0 0 0 0 0 0 0 0 0 0 1]
]
