[[5851502376139469880231578525193338998964054876053317072051047390023809638647843205363794870167911921033137620022976300816549752559654942687792002773932355394609481398771506509872093772595467902789032765668160084068788539891597969253747208669137008257232506223329461 0 0 0 0 0 0 0 0 0 0 0 0 0 0 0 0 0 0 0 0 0 0 0 0 0 0 0 0 0 0 0 0 0 0 0 0 0 0 0 0 0 0 0 0 0 0 0 0 0 0 0 0 0 0 0 0 0 0 0 0 0 0 0 0 0 0 0 0 0 0 0 0 0 0 0 0 0 0 0 0 0 0 0 0 0 0 0]
[2644870053811039106273359097268259624591975386103663913162030453343870765588642751156003644432337809310034021783528544636139813941493076188296321552499811022530717198326115298125209835894520033208927305159090196523169115163810531217368636330444532515556474488338179 1 0 0 0 0 0 0 0 0 0 0 0 0 0 0 0 0 0 0 0 0 0 0 0 0 0 0 0 0 0 0 0 0 0 0 0 0 0 0 0 0 0 0 0 0 0 0 0 0 0 0 0 0 0 0 0 0 0 0 0 0 0 0 0 0 0 0 0 0 0 0 0 0 0 0 0 0 0 0 0 0 0 0 0 0 0 0]
[5308985539836731548968214854689320339855086079141617540226337301424232134233858216324142132677546532079500742745656685373614954505312698834208570014122702937118543288825277491320029196263618836492652792352384146221616322642992367204654595584922521138700390796801499 0 1 0 0 0 0 0 0 0 0 0 0 0 0 0 0 0 0 0 0 0 0 0 0 0 0 0 0 0 0 0 0 0 0 0 0 0 0 0 0 0 0 0 0 0 0 0 0 0 0 0 0 0 0 0 0 0 0 0 0 0 0 0 0 0 0 0 0 0 0 0 0 0 0 0 0 0 0 0 0 0 0 0 0 0 0 0]
[4275387301440420161972929532044134300921299255989461472500955191187077393973444852975854110377738179003620678607942440793420138401725013125583201105158444775600781252640214285052072778614459735179573127073200644135416051509541718503029688225345537095881723012157649 0 0 1 0 0 0 0 0 0 0 0 0 0 0 0 0 0 0 0 0 0 0 0 0 0 0 0 0 0 0 0 0 0 0 0 0 0 0 0 0 0 0 0 0 0 0 0 0 0 0 0 0 0 0 0 0 0 0 0 0 0 0 0 0 0 0 0 0 0 0 0 0 0 0 0 0 0 0 0 0 0 0 0 0 0 0 0]
[3740355364373789239995383283179555877777762048513709370796378961541188560148869824510242724694079966532765493991649121611165208718230327827919865044668866635693950522285606168021887360699579230263455517882442522132614905724618926389518108260161276238345753586947726 0 0 0 1 0 0 0 0 0 0 0 0 0 0 0 0 0 0 0 0 0 0 0 0 0 0 0 0 0 0 0 0 0 0 0 0 0 0 0 0 0 0 0 0 0 0 0 0 0 0 0 0 0 0 0 0 0 0 0 0 0 0 0 0 0 0 0 0 0 0 0 0 0 0 0 0 0 0 0 0 0 0 0 0 0 0 0]
[318783469821207692840982050745927706083251715819489918253582506949121578465474014312392886579749147378565086652508456523059407519535885796978179740991044034006239924145477536687059321415232305231556904856529515417361488191489485869679763667970684923196488155941238 0 0 0 0 1 0 0 0 0 0 0 0 0 0 0 0 0 0 0 0 0 0 0 0 0 0 0 0 0 0 0 0 0 0 0 0 0 0 0 0 0 0 0 0 0 0 0 0 0 0 0 0 0 0 0 0 0 0 0 0 0 0 0 0 0 0 0 0 0 0 0 0 0 0 0 0 0 0 0 0 0 0 0 0 0 0 0]
[3959984350912949569868466065880675524204032756455540841803118595909639777008920299378084106267469664866236729248428368410281721218280461242505850955757651354163939110059225994773941736234238734689800379382302928452325351297745751679098358581745895314013427913731358 0 0 0 0 0 1 0 0 0 0 0 0 0 0 0 0 0 0 0 0 0 0 0 0 0 0 0 0 0 0 0 0 0 0 0 0 0 0 0 0 0 0 0 0 0 0 0 0 0 0 0 0 0 0 0 0 0 0 0 0 0 0 0 0 0 0 0 0 0 0 0 0 0 0 0 0 0 0 0 0 0 0 0 0 0 0 0]
[3054092790449791251310370332292525985649220888952922482802632021227223884626625800812454600167237150507810219773475558729640139380454917643036307345662538505268790692467250412022643372903483864792209851038544245859488647653218145736858747207579644193345677615627336 0 0 0 0 0 0 1 0 0 0 0 0 0 0 0 0 0 0 0 0 0 0 0 0 0 0 0 0 0 0 0 0 0 0 0 0 0 0 0 0 0 0 0 0 0 0 0 0 0 0 0 0 0 0 0 0 0 0 0 0 0 0 0 0 0 0 0 0 0 0 0 0 0 0 0 0 0 0 0 0 0 0 0 0 0 0 0]
[1628253710907916895359776897460992213554355310647310597500539226450666094618346934022793066295858195324546851764785336673278006541735320435972114212376540925293505252881025494043064691613258936500868113404691195934533580796117015873864259963537330043725119344477075 0 0 0 0 0 0 0 1 0 0 0 0 0 0 0 0 0 0 0 0 0 0 0 0 0 0 0 0 0 0 0 0 0 0 0 0 0 0 0 0 0 0 0 0 0 0 0 0 0 0 0 0 0 0 0 0 0 0 0 0 0 0 0 0 0 0 0 0 0 0 0 0 0 0 0 0 0 0 0 0 0 0 0 0 0 0 0]
[4857166797143830314650929993475053569249731109201523196398593673244302295280979596190530454288357610373029334544263502631926711577303251032776538769384452555180140836123116181621072537459368295319635358403470411991908780974222907604832536919321905204444354872402544 0 0 0 0 0 0 0 0 1 0 0 0 0 0 0 0 0 0 0 0 0 0 0 0 0 0 0 0 0 0 0 0 0 0 0 0 0 0 0 0 0 0 0 0 0 0 0 0 0 0 0 0 0 0 0 0 0 0 0 0 0 0 0 0 0 0 0 0 0 0 0 0 0 0 0 0 0 0 0 0 0 0 0 0 0 0 0]
[4989851803181746576725255925886600529503981317197212905012762366044248509689320180442848202497295958623793429502414934381911914957092126837587447186187666606404420996133273955964540084467758016687507147415799983897307792945437978929523125835855193620072715691091007 0 0 0 0 0 0 0 0 0 1 0 0 0 0 0 0 0 0 0 0 0 0 0 0 0 0 0 0 0 0 0 0 0 0 0 0 0 0 0 0 0 0 0 0 0 0 0 0 0 0 0 0 0 0 0 0 0 0 0 0 0 0 0 0 0 0 0 0 0 0 0 0 0 0 0 0 0 0 0 0 0 0 0 0 0 0 0]
[1575513432764680962398708660749846213584713146310341487049272666936290507590133181390108891336391430004580162746565824172809465265295437127898705958868182411548342275008227234519317334180900643125370381124563030620838983147313256475966064589913886458107038897734997 0 0 0 0 0 0 0 0 0 0 1 0 0 0 0 0 0 0 0 0 0 0 0 0 0 0 0 0 0 0 0 0 0 0 0 0 0 0 0 0 0 0 0 0 0 0 0 0 0 0 0 0 0 0 0 0 0 0 0 0 0 0 0 0 0 0 0 0 0 0 0 0 0 0 0 0 0 0 0 0 0 0 0 0 0 0 0]
[573523426973313632679459747076905361884990272647656665226613180423191442252323039409326841733117349929634496122191607805594568576390775185434167853821384065691177009642949009778498236784967475152078369648765115545741247878893512693308349935695090694839206672878079 0 0 0 0 0 0 0 0 0 0 0 1 0 0 0 0 0 0 0 0 0 0 0 0 0 0 0 0 0 0 0 0 0 0 0 0 0 0 0 0 0 0 0 0 0 0 0 0 0 0 0 0 0 0 0 0 0 0 0 0 0 0 0 0 0 0 0 0 0 0 0 0 0 0 0 0 0 0 0 0 0 0 0 0 0 0 0]
[105204210877111715243835224394409617700843846022382669654219254470064667014022085037248323813202191784252647133843263896809506787334663666631808856872155387886762130345650682753620104998248709724953333941291275429125065198641057014993932252383871730636847336140164 0 0 0 0 0 0 0 0 0 0 0 0 1 0 0 0 0 0 0 0 0 0 0 0 0 0 0 0 0 0 0 0 0 0 0 0 0 0 0 0 0 0 0 0 0 0 0 0 0 0 0 0 0 0 0 0 0 0 0 0 0 0 0 0 0 0 0 0 0 0 0 0 0 0 0 0 0 0 0 0 0 0 0 0 0 0 0]
[5714763646923004892484916230805636802476782106713007276195579464926953840039444290971143486704450014192471106074235196939680979287117278899674983078080307478081844552417346166008395770789080034964810426379333781981911876025520407477694889834537968120419736849154606 0 0 0 0 0 0 0 0 0 0 0 0 0 1 0 0 0 0 0 0 0 0 0 0 0 0 0 0 0 0 0 0 0 0 0 0 0 0 0 0 0 0 0 0 0 0 0 0 0 0 0 0 0 0 0 0 0 0 0 0 0 0 0 0 0 0 0 0 0 0 0 0 0 0 0 0 0 0 0 0 0 0 0 0 0 0 0]
[3356667410009328291220364408520771238504986687280428930513397050613138108236014624099191081514721865557318466359590113961894775301301821237454115886975860298855470621275778155661577016647537388927974481978663046604511160797623464013593020128802959006548791236126625 0 0 0 0 0 0 0 0 0 0 0 0 0 0 1 0 0 0 0 0 0 0 0 0 0 0 0 0 0 0 0 0 0 0 0 0 0 0 0 0 0 0 0 0 0 0 0 0 0 0 0 0 0 0 0 0 0 0 0 0 0 0 0 0 0 0 0 0 0 0 0 0 0 0 0 0 0 0 0 0 0 0 0 0 0 0 0]
[474854100000917747837871156839817623077677760360581869155023413486760688307131311649047151929126953398271391385775595700069379913633810824298850989959757120677545915294280982560064764803269258269937377030461210518346541607460891050546413005521006414520448131414713 0 0 0 0 0 0 0 0 0 0 0 0 0 0 0 1 0 0 0 0 0 0 0 0 0 0 0 0 0 0 0 0 0 0 0 0 0 0 0 0 0 0 0 0 0 0 0 0 0 0 0 0 0 0 0 0 0 0 0 0 0 0 0 0 0 0 0 0 0 0 0 0 0 0 0 0 0 0 0 0 0 0 0 0 0 0 0]
[3903450575118983982057493832966345366101590086195449784082874206769482844562528875930272440999275905695431207004589061951815516925194736836259429188208893213537847967987647194989314249160853167852443265327269001436487479160269859369059680455710307951384406115361087 0 0 0 0 0 0 0 0 0 0 0 0 0 0 0 0 1 0 0 0 0 0 0 0 0 0 0 0 0 0 0 0 0 0 0 0 0 0 0 0 0 0 0 0 0 0 0 0 0 0 0 0 0 0 0 0 0 0 0 0 0 0 0 0 0 0 0 0 0 0 0 0 0 0 0 0 0 0 0 0 0 0 0 0 0 0 0]
[4550932942416549462696743833536400312402184054325447710049039963625185004083355454268959396000441501635273472511058227217334374211570470440424664263097892594838353231365988931064011994534128371836244843089320766531676824404403893769929432358349283382359163278275457 0 0 0 0 0 0 0 0 0 0 0 0 0 0 0 0 0 1 0 0 0 0 0 0 0 0 0 0 0 0 0 0 0 0 0 0 0 0 0 0 0 0 0 0 0 0 0 0 0 0 0 0 0 0 0 0 0 0 0 0 0 0 0 0 0 0 0 0 0 0 0 0 0 0 0 0 0 0 0 0 0 0 0 0 0 0 0]
[961083002718421265359708082250322940057180763312747440785431393782485225939313058180226295566309916797738404276670565105416032759681379027508043129615722490930687656535658447976075725568373422086937364724792797768748372057277059597127146814893029509672536405931838 0 0 0 0 0 0 0 0 0 0 0 0 0 0 0 0 0 0 1 0 0 0 0 0 0 0 0 0 0 0 0 0 0 0 0 0 0 0 0 0 0 0 0 0 0 0 0 0 0 0 0 0 0 0 0 0 0 0 0 0 0 0 0 0 0 0 0 0 0 0 0 0 0 0 0 0 0 0 0 0 0 0 0 0 0 0 0]
[3694082388802370064256972645906136099318753481771800137581998665248459393898633392693316428561348821951598182176093603574222343049521054144692606072347712137229953199341872109508868512438105857325894396974267526634026095031172170896211848644427592879793957532975007 0 0 0 0 0 0 0 0 0 0 0 0 0 0 0 0 0 0 0 1 0 0 0 0 0 0 0 0 0 0 0 0 0 0 0 0 0 0 0 0 0 0 0 0 0 0 0 0 0 0 0 0 0 0 0 0 0 0 0 0 0 0 0 0 0 0 0 0 0 0 0 0 0 0 0 0 0 0 0 0 0 0 0 0 0 0 0]
[2988452841248777821016361337725543955131918464797360635354129122508058227810145685199929027437669774845639094158460779906749617707435797841530519810474559592004384610545653034881921976752881133904806429193030517834345885807558444180569100567239331662593045872060854 0 0 0 0 0 0 0 0 0 0 0 0 0 0 0 0 0 0 0 0 1 0 0 0 0 0 0 0 0 0 0 0 0 0 0 0 0 0 0 0 0 0 0 0 0 0 0 0 0 0 0 0 0 0 0 0 0 0 0 0 0 0 0 0 0 0 0 0 0 0 0 0 0 0 0 0 0 0 0 0 0 0 0 0 0 0 0]
[424982533470331708617460282161003256841831906303804495160347679973814309656354315039819543689270068431374428399448246867290630495234468696582910399464660909505008859223111359122323970530799768852143334637743743701507825556535395674630699657059166712742716578577429 0 0 0 0 0 0 0 0 0 0 0 0 0 0 0 0 0 0 0 0 0 1 0 0 0 0 0 0 0 0 0 0 0 0 0 0 0 0 0 0 0 0 0 0 0 0 0 0 0 0 0 0 0 0 0 0 0 0 0 0 0 0 0 0 0 0 0 0 0 0 0 0 0 0 0 0 0 0 0 0 0 0 0 0 0 0 0]
[990581534399574347669159843223834060600799635801194506664028176634984733144939374063955731921576587143726348154698449896022746160319862773220605559642756551128080908590033990787128730315436849422329940641184425307828339204171349875339892808299976013458971968486485 0 0 0 0 0 0 0 0 0 0 0 0 0 0 0 0 0 0 0 0 0 0 1 0 0 0 0 0 0 0 0 0 0 0 0 0 0 0 0 0 0 0 0 0 0 0 0 0 0 0 0 0 0 0 0 0 0 0 0 0 0 0 0 0 0 0 0 0 0 0 0 0 0 0 0 0 0 0 0 0 0 0 0 0 0 0 0]
[5256893859628307497113323722118684177902492363325606849493859410010761848096693296787399724968837617223366680416145150873499957534696321771040630077511711332742113664840248288266014231260127264175254991883328502059481644107968843019333762923355501790814266553829383 0 0 0 0 0 0 0 0 0 0 0 0 0 0 0 0 0 0 0 0 0 0 0 1 0 0 0 0 0 0 0 0 0 0 0 0 0 0 0 0 0 0 0 0 0 0 0 0 0 0 0 0 0 0 0 0 0 0 0 0 0 0 0 0 0 0 0 0 0 0 0 0 0 0 0 0 0 0 0 0 0 0 0 0 0 0 0]
[1902196816388092592011637974592355879278695695777713026056913654316269430526693209618827998586499344875895352841704266124285712279027433301385044376561039420816140869716216693269923799081400045463176515448630652044017964449355852364533483165280322706707294839019743 0 0 0 0 0 0 0 0 0 0 0 0 0 0 0 0 0 0 0 0 0 0 0 0 1 0 0 0 0 0 0 0 0 0 0 0 0 0 0 0 0 0 0 0 0 0 0 0 0 0 0 0 0 0 0 0 0 0 0 0 0 0 0 0 0 0 0 0 0 0 0 0 0 0 0 0 0 0 0 0 0 0 0 0 0 0 0]
[2604838720815258278611442576261137231521476815206893825425431801918102980543640241351027329918853014929628417402693124475040723431552644083174848722524569079298874005365528360541244608880810972761612204491269414306706393427433614356473728936913214202748250659901574 0 0 0 0 0 0 0 0 0 0 0 0 0 0 0 0 0 0 0 0 0 0 0 0 0 1 0 0 0 0 0 0 0 0 0 0 0 0 0 0 0 0 0 0 0 0 0 0 0 0 0 0 0 0 0 0 0 0 0 0 0 0 0 0 0 0 0 0 0 0 0 0 0 0 0 0 0 0 0 0 0 0 0 0 0 0 0]
[128135527428854851465997095144719868748271331066253226060831144093072661741679800888753782324139524429583044550951459793215880660647945095912323996295498157110970905600133019420424560994736762464407831138618213383715043049714845393290582524776057633924422224324696 0 0 0 0 0 0 0 0 0 0 0 0 0 0 0 0 0 0 0 0 0 0 0 0 0 0 1 0 0 0 0 0 0 0 0 0 0 0 0 0 0 0 0 0 0 0 0 0 0 0 0 0 0 0 0 0 0 0 0 0 0 0 0 0 0 0 0 0 0 0 0 0 0 0 0 0 0 0 0 0 0 0 0 0 0 0 0]
[1999115526924909737123238027477407797620620418332141242511165257121569127166308854265124508918627715911056948508366430752299410297298094344588568301137146079222287093158241737422363863864394466968181712377871614900764189221549834466254190465111199634221706580859167 0 0 0 0 0 0 0 0 0 0 0 0 0 0 0 0 0 0 0 0 0 0 0 0 0 0 0 1 0 0 0 0 0 0 0 0 0 0 0 0 0 0 0 0 0 0 0 0 0 0 0 0 0 0 0 0 0 0 0 0 0 0 0 0 0 0 0 0 0 0 0 0 0 0 0 0 0 0 0 0 0 0 0 0 0 0 0]
[2496635581297167904997475042491894914877576484214371157874138636368694561247100021080269786203216095937632124290167109351754402195472626229911339419167484545367538188289440920715288908162292560731154343233727119012700192246085185137866782409575593780297397969466117 0 0 0 0 0 0 0 0 0 0 0 0 0 0 0 0 0 0 0 0 0 0 0 0 0 0 0 0 1 0 0 0 0 0 0 0 0 0 0 0 0 0 0 0 0 0 0 0 0 0 0 0 0 0 0 0 0 0 0 0 0 0 0 0 0 0 0 0 0 0 0 0 0 0 0 0 0 0 0 0 0 0 0 0 0 0 0]
[3055917029675448447591324816117304884512739566709754887838958134327579791339985944679249402166927556655663304434740215935934318782422498681920742031059184113372940809997507157348568941508843818312899088906830973083700416295556304063398345822614343730851355788862913 0 0 0 0 0 0 0 0 0 0 0 0 0 0 0 0 0 0 0 0 0 0 0 0 0 0 0 0 0 1 0 0 0 0 0 0 0 0 0 0 0 0 0 0 0 0 0 0 0 0 0 0 0 0 0 0 0 0 0 0 0 0 0 0 0 0 0 0 0 0 0 0 0 0 0 0 0 0 0 0 0 0 0 0 0 0 0]
[165447636649823793397597245443585527342010363054150792783658877696039294356694703624159727045869606085424856359701630744348258612548376651251846207184306469829307163044827290439279366385931833338238302909759582812330774483975573331692566983870095505143118273050483 0 0 0 0 0 0 0 0 0 0 0 0 0 0 0 0 0 0 0 0 0 0 0 0 0 0 0 0 0 0 1 0 0 0 0 0 0 0 0 0 0 0 0 0 0 0 0 0 0 0 0 0 0 0 0 0 0 0 0 0 0 0 0 0 0 0 0 0 0 0 0 0 0 0 0 0 0 0 0 0 0 0 0 0 0 0 0]
[1912661355569305584590396429693243688410327018894634633716976000311921432267742838263871335391539743074618966320912062874735651091809527910976734007075123216400262176853911808807446858227293158648941291047082821634594826858961123711576154657319515003410992985036609 0 0 0 0 0 0 0 0 0 0 0 0 0 0 0 0 0 0 0 0 0 0 0 0 0 0 0 0 0 0 0 1 0 0 0 0 0 0 0 0 0 0 0 0 0 0 0 0 0 0 0 0 0 0 0 0 0 0 0 0 0 0 0 0 0 0 0 0 0 0 0 0 0 0 0 0 0 0 0 0 0 0 0 0 0 0 0]
[720552486722757566823160395565836157233101677448779295138346227656571177559220405089137880917732643641682827215800539505991829474328928072967458535900276306944531862358200306287669638368264130559329078977640450340563377645375779502981787634920072356728116193132878 0 0 0 0 0 0 0 0 0 0 0 0 0 0 0 0 0 0 0 0 0 0 0 0 0 0 0 0 0 0 0 0 1 0 0 0 0 0 0 0 0 0 0 0 0 0 0 0 0 0 0 0 0 0 0 0 0 0 0 0 0 0 0 0 0 0 0 0 0 0 0 0 0 0 0 0 0 0 0 0 0 0 0 0 0 0 0]
[1036905373878509108317158800874720769912078440001221502699877612156889164662456227117766834866691220955459837656676508737661067167048544592943898501091875051128494573804368298547550013497476071345143832555733048997448486846406532501766010161869076511728823978845945 0 0 0 0 0 0 0 0 0 0 0 0 0 0 0 0 0 0 0 0 0 0 0 0 0 0 0 0 0 0 0 0 0 1 0 0 0 0 0 0 0 0 0 0 0 0 0 0 0 0 0 0 0 0 0 0 0 0 0 0 0 0 0 0 0 0 0 0 0 0 0 0 0 0 0 0 0 0 0 0 0 0 0 0 0 0 0]
[281323116991362879299613036310440855537226283655563946608547806630200834473477574897808707110840294528264084098876824694447849375934050395551907835505828771903453211288551753347120435121755848478665830686376294420887661161452880320465407763306848631411840656116879 0 0 0 0 0 0 0 0 0 0 0 0 0 0 0 0 0 0 0 0 0 0 0 0 0 0 0 0 0 0 0 0 0 0 1 0 0 0 0 0 0 0 0 0 0 0 0 0 0 0 0 0 0 0 0 0 0 0 0 0 0 0 0 0 0 0 0 0 0 0 0 0 0 0 0 0 0 0 0 0 0 0 0 0 0 0 0]
[2585970122377733977481582505195708086443885148137460870009756757777408855810330261208242676449668927450000089620192479357248096217754371545384042168984727861069077460027718467525641720841493768638349826805654276429321338159332941289692232370890275978974212335981095 0 0 0 0 0 0 0 0 0 0 0 0 0 0 0 0 0 0 0 0 0 0 0 0 0 0 0 0 0 0 0 0 0 0 0 1 0 0 0 0 0 0 0 0 0 0 0 0 0 0 0 0 0 0 0 0 0 0 0 0 0 0 0 0 0 0 0 0 0 0 0 0 0 0 0 0 0 0 0 0 0 0 0 0 0 0 0]
[94234767043730946220339869866302950967635292994057590644541702791918990718771557664720064112855209660404543793935122109986932030881776641646221585011602064902855695752145421606854457145504523004214138401293926556980139004629185886430791476692654365507762496121651 0 0 0 0 0 0 0 0 0 0 0 0 0 0 0 0 0 0 0 0 0 0 0 0 0 0 0 0 0 0 0 0 0 0 0 0 1 0 0 0 0 0 0 0 0 0 0 0 0 0 0 0 0 0 0 0 0 0 0 0 0 0 0 0 0 0 0 0 0 0 0 0 0 0 0 0 0 0 0 0 0 0 0 0 0 0 0]
[2899898495499589373084496135678834216613651247276872474969868406321097815479898493654551890636763974231655723581756605035679361058697234215220188373622264927822592209063754211977307407606010444427693473939748794665279843393173609192463977807590171212340520461504494 0 0 0 0 0 0 0 0 0 0 0 0 0 0 0 0 0 0 0 0 0 0 0 0 0 0 0 0 0 0 0 0 0 0 0 0 0 1 0 0 0 0 0 0 0 0 0 0 0 0 0 0 0 0 0 0 0 0 0 0 0 0 0 0 0 0 0 0 0 0 0 0 0 0 0 0 0 0 0 0 0 0 0 0 0 0 0]
[1125661097320994229187794804692267552286611874769650692386175703863741949170275782632092812751178065764876249680439184668519066930610137253161514783120921577325972468223657743707021910847839110048134096395320038056088376177597016801845958080688520329550209752433053 0 0 0 0 0 0 0 0 0 0 0 0 0 0 0 0 0 0 0 0 0 0 0 0 0 0 0 0 0 0 0 0 0 0 0 0 0 0 1 0 0 0 0 0 0 0 0 0 0 0 0 0 0 0 0 0 0 0 0 0 0 0 0 0 0 0 0 0 0 0 0 0 0 0 0 0 0 0 0 0 0 0 0 0 0 0 0]
[1591047668687266373301312258523514314146497268759652166125974837512381784120516888389703362269397247220537689459976742881461475759532857687974423257581025950150344532530852149104752999499457012020268904188530047272776160586929124511859199784982660657230098561176872 0 0 0 0 0 0 0 0 0 0 0 0 0 0 0 0 0 0 0 0 0 0 0 0 0 0 0 0 0 0 0 0 0 0 0 0 0 0 0 1 0 0 0 0 0 0 0 0 0 0 0 0 0 0 0 0 0 0 0 0 0 0 0 0 0 0 0 0 0 0 0 0 0 0 0 0 0 0 0 0 0 0 0 0 0 0 0]
[2116363991235301595234464132804683640380227987346907173907025866157773864804865917702672679921195570238955966693757639319863471982766616003879705499103133881064527479340362216015778644442907621212313839149932241557042767223968052139552413137316142231767403288536677 0 0 0 0 0 0 0 0 0 0 0 0 0 0 0 0 0 0 0 0 0 0 0 0 0 0 0 0 0 0 0 0 0 0 0 0 0 0 0 0 1 0 0 0 0 0 0 0 0 0 0 0 0 0 0 0 0 0 0 0 0 0 0 0 0 0 0 0 0 0 0 0 0 0 0 0 0 0 0 0 0 0 0 0 0 0 0]
[1616029355751142636713502807747678750841491661741959532388288898394514712389106178754789066082615433712478445565688435207946680163162575852026916295641674701215272983679064355592318635431776945003280816362154155957689534599075804725149425729573622919753676422806592 0 0 0 0 0 0 0 0 0 0 0 0 0 0 0 0 0 0 0 0 0 0 0 0 0 0 0 0 0 0 0 0 0 0 0 0 0 0 0 0 0 1 0 0 0 0 0 0 0 0 0 0 0 0 0 0 0 0 0 0 0 0 0 0 0 0 0 0 0 0 0 0 0 0 0 0 0 0 0 0 0 0 0 0 0 0 0]
[4451373037376753029812207497866398264312929978511401407330956640336079730738967383968093059519602928676152834632350026522808448400598667910007617774076292219935614789973303114355746402383425388244749535917174619556846729499232921811880331060377746890906064146475805 0 0 0 0 0 0 0 0 0 0 0 0 0 0 0 0 0 0 0 0 0 0 0 0 0 0 0 0 0 0 0 0 0 0 0 0 0 0 0 0 0 0 1 0 0 0 0 0 0 0 0 0 0 0 0 0 0 0 0 0 0 0 0 0 0 0 0 0 0 0 0 0 0 0 0 0 0 0 0 0 0 0 0 0 0 0 0]
[378048478716850131138708343376495738857800233397125526344899441176359601175523646991791032607406787117352648092849230517751520134803231458915892911914957330135239201389157182475025551155465174620284846315944279756693598822330913696705043584027611431247856606196955 0 0 0 0 0 0 0 0 0 0 0 0 0 0 0 0 0 0 0 0 0 0 0 0 0 0 0 0 0 0 0 0 0 0 0 0 0 0 0 0 0 0 0 1 0 0 0 0 0 0 0 0 0 0 0 0 0 0 0 0 0 0 0 0 0 0 0 0 0 0 0 0 0 0 0 0 0 0 0 0 0 0 0 0 0 0 0]
[2266150516139854741139660283067242965017746766877674566488982496495193123722086634196622030677339176343878028515531460472785144964348580796047562881521904290396009942219050733902152889220847412701318696377530741294861703535273594837433768945658225592379995461013965 0 0 0 0 0 0 0 0 0 0 0 0 0 0 0 0 0 0 0 0 0 0 0 0 0 0 0 0 0 0 0 0 0 0 0 0 0 0 0 0 0 0 0 0 1 0 0 0 0 0 0 0 0 0 0 0 0 0 0 0 0 0 0 0 0 0 0 0 0 0 0 0 0 0 0 0 0 0 0 0 0 0 0 0 0 0 0]
[4781308626500045673170781351056564952100400542434729484809620241465208787971837654852817927723895298231342889183592891303152181026200987106539160958010226584411108360652294791687689132656637351465830550424433786297740362318768551352898216373376594670152093315764683 0 0 0 0 0 0 0 0 0 0 0 0 0 0 0 0 0 0 0 0 0 0 0 0 0 0 0 0 0 0 0 0 0 0 0 0 0 0 0 0 0 0 0 0 0 1 0 0 0 0 0 0 0 0 0 0 0 0 0 0 0 0 0 0 0 0 0 0 0 0 0 0 0 0 0 0 0 0 0 0 0 0 0 0 0 0 0]
[3651937599197498017713274691672530006806973296629695164243415050733588255083302393959819361456890033727010575895708438287103468320812738212005868993191398945754686482821915164580557702205984241684260874819887893837550003848436850341022138348310740823135250005708092 0 0 0 0 0 0 0 0 0 0 0 0 0 0 0 0 0 0 0 0 0 0 0 0 0 0 0 0 0 0 0 0 0 0 0 0 0 0 0 0 0 0 0 0 0 0 1 0 0 0 0 0 0 0 0 0 0 0 0 0 0 0 0 0 0 0 0 0 0 0 0 0 0 0 0 0 0 0 0 0 0 0 0 0 0 0 0]
[2219541289149720574102454810285556597413874949345804102257263256130079004725674798498318567127370893066275906049953123984905381548445051566862967984394683717044057607115716331399788451794597248662730892844285929924129811658043879529308727623773594626476826876372179 0 0 0 0 0 0 0 0 0 0 0 0 0 0 0 0 0 0 0 0 0 0 0 0 0 0 0 0 0 0 0 0 0 0 0 0 0 0 0 0 0 0 0 0 0 0 0 1 0 0 0 0 0 0 0 0 0 0 0 0 0 0 0 0 0 0 0 0 0 0 0 0 0 0 0 0 0 0 0 0 0 0 0 0 0 0 0]
[1751342497832514111600893675347893980709829748267683173013323929012164013052327807708209149091326833593493703990295290542722787960014230060404547593508810614096927997864065973735668199444320047283976094367453887653608636812996024524170007284233175955892942562424024 0 0 0 0 0 0 0 0 0 0 0 0 0 0 0 0 0 0 0 0 0 0 0 0 0 0 0 0 0 0 0 0 0 0 0 0 0 0 0 0 0 0 0 0 0 0 0 0 1 0 0 0 0 0 0 0 0 0 0 0 0 0 0 0 0 0 0 0 0 0 0 0 0 0 0 0 0 0 0 0 0 0 0 0 0 0 0]
[110534349736734975521213241039088179866673720543154779808832913991139026435095270770315779177575744322788856455683933537039801583085730696783631264879661529870089558583059469251460496052293695468976396223936780279252047421427260496983198384387503912736635357472972 0 0 0 0 0 0 0 0 0 0 0 0 0 0 0 0 0 0 0 0 0 0 0 0 0 0 0 0 0 0 0 0 0 0 0 0 0 0 0 0 0 0 0 0 0 0 0 0 0 1 0 0 0 0 0 0 0 0 0 0 0 0 0 0 0 0 0 0 0 0 0 0 0 0 0 0 0 0 0 0 0 0 0 0 0 0 0]
[4071767861007762954807588945932325681171745012135341699264501320070785315810530132374376258201176050190657248376415138317617066906281836720471413891655590910854592858036429562491067720224919543921893337621511046890511703428951767007715446143941236795278680050945080 0 0 0 0 0 0 0 0 0 0 0 0 0 0 0 0 0 0 0 0 0 0 0 0 0 0 0 0 0 0 0 0 0 0 0 0 0 0 0 0 0 0 0 0 0 0 0 0 0 0 1 0 0 0 0 0 0 0 0 0 0 0 0 0 0 0 0 0 0 0 0 0 0 0 0 0 0 0 0 0 0 0 0 0 0 0 0]
[4973283214304379614799753574988671497517891970276356528201687182329190923310155029293559645284594976923157898607662970505776063283863168416048083320616713773576043779736084507534021686461639436173281753391031021498947160589618154263412746092912029281170805249760596 0 0 0 0 0 0 0 0 0 0 0 0 0 0 0 0 0 0 0 0 0 0 0 0 0 0 0 0 0 0 0 0 0 0 0 0 0 0 0 0 0 0 0 0 0 0 0 0 0 0 0 1 0 0 0 0 0 0 0 0 0 0 0 0 0 0 0 0 0 0 0 0 0 0 0 0 0 0 0 0 0 0 0 0 0 0 0]
[4673564581617487241492102856447920266530141565036862565142122904154468760589670459702652132764587519969738887981940341678613364422780122806733108867207676249740609790953846059707007546119235866654410734815695328424972575308796832739824948948394106210106641583328422 0 0 0 0 0 0 0 0 0 0 0 0 0 0 0 0 0 0 0 0 0 0 0 0 0 0 0 0 0 0 0 0 0 0 0 0 0 0 0 0 0 0 0 0 0 0 0 0 0 0 0 0 1 0 0 0 0 0 0 0 0 0 0 0 0 0 0 0 0 0 0 0 0 0 0 0 0 0 0 0 0 0 0 0 0 0 0]
[5081146377242673407352727149309405711127747410067878163699095748240985697368028982169325538608875865871423845622148045697972962276796265131498288102840892754051685358231459542761652313224743386476328586191100325583620314599334112248196375423337290478987091209178496 0 0 0 0 0 0 0 0 0 0 0 0 0 0 0 0 0 0 0 0 0 0 0 0 0 0 0 0 0 0 0 0 0 0 0 0 0 0 0 0 0 0 0 0 0 0 0 0 0 0 0 0 0 1 0 0 0 0 0 0 0 0 0 0 0 0 0 0 0 0 0 0 0 0 0 0 0 0 0 0 0 0 0 0 0 0 0]
[4395045090311379342465444459420637088873789510089733313306115688279148143052882773638770616044353770915528001662750052264395886514032315183209409796295525409359395825521843979488982910110812165595656722594058828165349097475138953117122419595594258190970333940496835 0 0 0 0 0 0 0 0 0 0 0 0 0 0 0 0 0 0 0 0 0 0 0 0 0 0 0 0 0 0 0 0 0 0 0 0 0 0 0 0 0 0 0 0 0 0 0 0 0 0 0 0 0 0 1 0 0 0 0 0 0 0 0 0 0 0 0 0 0 0 0 0 0 0 0 0 0 0 0 0 0 0 0 0 0 0 0]
[496298563733763173608250632084540339237051362340500260245191840176369671599186816166637281217255341283256620741288266772481601648225703026028210468899761239508052037625352060376710954515283091652183683337909348671388516902478163975358154849509170441282036288491443 0 0 0 0 0 0 0 0 0 0 0 0 0 0 0 0 0 0 0 0 0 0 0 0 0 0 0 0 0 0 0 0 0 0 0 0 0 0 0 0 0 0 0 0 0 0 0 0 0 0 0 0 0 0 0 1 0 0 0 0 0 0 0 0 0 0 0 0 0 0 0 0 0 0 0 0 0 0 0 0 0 0 0 0 0 0 0]
[3326613029223675158278983293418886649699622300831931362112205475750535035532086106729382423525232536957594898586462309538378833616515330560847107084012435003107848517639061669332265260897256243434781276192652309770416304106453462690730567399956141830446238324974509 0 0 0 0 0 0 0 0 0 0 0 0 0 0 0 0 0 0 0 0 0 0 0 0 0 0 0 0 0 0 0 0 0 0 0 0 0 0 0 0 0 0 0 0 0 0 0 0 0 0 0 0 0 0 0 0 1 0 0 0 0 0 0 0 0 0 0 0 0 0 0 0 0 0 0 0 0 0 0 0 0 0 0 0 0 0 0]
[153032028179403598548382372100775914213813584742503975792514663571645385973496063100541909327586111647700318564110457501896654164646657378126042652933388310163421911521524187441915758765960808368376293680657770096175412228989221091877610455126152985748962616541339 0 0 0 0 0 0 0 0 0 0 0 0 0 0 0 0 0 0 0 0 0 0 0 0 0 0 0 0 0 0 0 0 0 0 0 0 0 0 0 0 0 0 0 0 0 0 0 0 0 0 0 0 0 0 0 0 0 1 0 0 0 0 0 0 0 0 0 0 0 0 0 0 0 0 0 0 0 0 0 0 0 0 0 0 0 0 0]
[502978276658909373094942805284994096945393907025563408099326049228604727545130502817699775470540017554903280791207567360071885196009796987088014851763599643715425810865790676770840632471551594706393036502796815205078636814065662777842648534411769071817888014222944 0 0 0 0 0 0 0 0 0 0 0 0 0 0 0 0 0 0 0 0 0 0 0 0 0 0 0 0 0 0 0 0 0 0 0 0 0 0 0 0 0 0 0 0 0 0 0 0 0 0 0 0 0 0 0 0 0 0 1 0 0 0 0 0 0 0 0 0 0 0 0 0 0 0 0 0 0 0 0 0 0 0 0 0 0 0 0]
[430845298810981096645433376842203428144161049449696728533450296826198940695923760054713373910365095209773929764508069732406072142754239577151410310469331565250709205431883577141515016830082410601691795235426947892576650166294074853143520861176877521202693547846042 0 0 0 0 0 0 0 0 0 0 0 0 0 0 0 0 0 0 0 0 0 0 0 0 0 0 0 0 0 0 0 0 0 0 0 0 0 0 0 0 0 0 0 0 0 0 0 0 0 0 0 0 0 0 0 0 0 0 0 1 0 0 0 0 0 0 0 0 0 0 0 0 0 0 0 0 0 0 0 0 0 0 0 0 0 0 0]
[3800639528522148076543215175551319793666351092169371225776408785238230775998581734307121415186369944043172804976721122343002838332094371320294811001937158459418879981344790796163915741229017134606065276874100642275979870345590533796129188221988061143305928515973537 0 0 0 0 0 0 0 0 0 0 0 0 0 0 0 0 0 0 0 0 0 0 0 0 0 0 0 0 0 0 0 0 0 0 0 0 0 0 0 0 0 0 0 0 0 0 0 0 0 0 0 0 0 0 0 0 0 0 0 0 1 0 0 0 0 0 0 0 0 0 0 0 0 0 0 0 0 0 0 0 0 0 0 0 0 0 0]
[4143794909854085758894182590555564682969494493156894318572480214298748820538506192494461597660950487341309539628455661216048508756139071861677855786652556726726959208592451722145568044653603492393648538121594875292939273234619681560610099834624529464471250185921951 0 0 0 0 0 0 0 0 0 0 0 0 0 0 0 0 0 0 0 0 0 0 0 0 0 0 0 0 0 0 0 0 0 0 0 0 0 0 0 0 0 0 0 0 0 0 0 0 0 0 0 0 0 0 0 0 0 0 0 0 0 1 0 0 0 0 0 0 0 0 0 0 0 0 0 0 0 0 0 0 0 0 0 0 0 0 0]
[4765456544731504633717380224736263725389937913886359595150553749802254999624684358547047489307056519524883690475718748274476487763964791229484382797077809773596980854165197629944265753521796448305799671035696896404754190730233749467214527948898962531173869346773480 0 0 0 0 0 0 0 0 0 0 0 0 0 0 0 0 0 0 0 0 0 0 0 0 0 0 0 0 0 0 0 0 0 0 0 0 0 0 0 0 0 0 0 0 0 0 0 0 0 0 0 0 0 0 0 0 0 0 0 0 0 0 1 0 0 0 0 0 0 0 0 0 0 0 0 0 0 0 0 0 0 0 0 0 0 0 0]
[3524672205238862941769053622437945378654887385685390771765611100480984304107297621760392790027642842569612303081509926341740151106804003744679289905143886943427362608073729089666735534252223677293537894067777614472021983574350399839041910106445458539532851379921821 0 0 0 0 0 0 0 0 0 0 0 0 0 0 0 0 0 0 0 0 0 0 0 0 0 0 0 0 0 0 0 0 0 0 0 0 0 0 0 0 0 0 0 0 0 0 0 0 0 0 0 0 0 0 0 0 0 0 0 0 0 0 0 1 0 0 0 0 0 0 0 0 0 0 0 0 0 0 0 0 0 0 0 0 0 0 0]
[1379490846452896611862224478659225843689225042896218265491211379552919583824712627065456718731593240076102427349289713057081527647759474866932510481388212570763036028017871648922878650532275864172469779618244058628868086233584873650820005114450540550061934794354867 0 0 0 0 0 0 0 0 0 0 0 0 0 0 0 0 0 0 0 0 0 0 0 0 0 0 0 0 0 0 0 0 0 0 0 0 0 0 0 0 0 0 0 0 0 0 0 0 0 0 0 0 0 0 0 0 0 0 0 0 0 0 0 0 1 0 0 0 0 0 0 0 0 0 0 0 0 0 0 0 0 0 0 0 0 0 0]
[2379219816393889629584180811265943279131972839402581529814643491566233594346445681590110902642373292538951520491702506435492135829686808090258430564000160973760755046086472216856874989157906616389073945777888394284599135711208328565842540111819367643419040439930775 0 0 0 0 0 0 0 0 0 0 0 0 0 0 0 0 0 0 0 0 0 0 0 0 0 0 0 0 0 0 0 0 0 0 0 0 0 0 0 0 0 0 0 0 0 0 0 0 0 0 0 0 0 0 0 0 0 0 0 0 0 0 0 0 0 1 0 0 0 0 0 0 0 0 0 0 0 0 0 0 0 0 0 0 0 0 0]
[5536369412813662997425042458463366026232654550745195995423630526595982091362245678872492006712916152058383593775054136417696671302359116728587262583533609466241865907284365159390723891615443425344503599272807746932309788067548399842525359894118414961681512297248667 0 0 0 0 0 0 0 0 0 0 0 0 0 0 0 0 0 0 0 0 0 0 0 0 0 0 0 0 0 0 0 0 0 0 0 0 0 0 0 0 0 0 0 0 0 0 0 0 0 0 0 0 0 0 0 0 0 0 0 0 0 0 0 0 0 0 1 0 0 0 0 0 0 0 0 0 0 0 0 0 0 0 0 0 0 0 0]
[4565897614903126916633612528772180436564556038787901290710958786274964270535753444433962226394715053820907456278339059687606631481823626164130402078743292922590623921740815133021291511810234042002055317890061037892323739567883480231410558662459026632244511403146702 0 0 0 0 0 0 0 0 0 0 0 0 0 0 0 0 0 0 0 0 0 0 0 0 0 0 0 0 0 0 0 0 0 0 0 0 0 0 0 0 0 0 0 0 0 0 0 0 0 0 0 0 0 0 0 0 0 0 0 0 0 0 0 0 0 0 0 1 0 0 0 0 0 0 0 0 0 0 0 0 0 0 0 0 0 0 0]
[1958982443685321445365432816215932352965935393980222101485473055835956329018245572691529730959349721689607995226711636824407791086723214860818693706229362327081658875994893399784549061122854070746985582380241036898946117487352229794342065540055259867705360300490411 0 0 0 0 0 0 0 0 0 0 0 0 0 0 0 0 0 0 0 0 0 0 0 0 0 0 0 0 0 0 0 0 0 0 0 0 0 0 0 0 0 0 0 0 0 0 0 0 0 0 0 0 0 0 0 0 0 0 0 0 0 0 0 0 0 0 0 0 1 0 0 0 0 0 0 0 0 0 0 0 0 0 0 0 0 0 0]
[2605371529413380088517338385968248032535646320769198734198202562710807352537014701014440673625275185343105399315859306954668242959664409337227851431716441404011296434132025336233451223260934800167431575755299787161186216382311094167703512104738838739929731573514126 0 0 0 0 0 0 0 0 0 0 0 0 0 0 0 0 0 0 0 0 0 0 0 0 0 0 0 0 0 0 0 0 0 0 0 0 0 0 0 0 0 0 0 0 0 0 0 0 0 0 0 0 0 0 0 0 0 0 0 0 0 0 0 0 0 0 0 0 0 1 0 0 0 0 0 0 0 0 0 0 0 0 0 0 0 0 0]
[650573155382061338168266966848856521365890070535313935232721815427279698855935896056365061051339646603649683432223065880716597826632754292533387478603410061316879156318276328835593373682024900853451364247618953716321368150518225484387693760736269201757402206265498 0 0 0 0 0 0 0 0 0 0 0 0 0 0 0 0 0 0 0 0 0 0 0 0 0 0 0 0 0 0 0 0 0 0 0 0 0 0 0 0 0 0 0 0 0 0 0 0 0 0 0 0 0 0 0 0 0 0 0 0 0 0 0 0 0 0 0 0 0 0 1 0 0 0 0 0 0 0 0 0 0 0 0 0 0 0 0]
[5177540863445637231819277163814557764745512313829081785805164366697478991624522676642889241553171566317844735117469543759805640062184639216993236965858845156547559339809764286938706724125146070767277137248446528186111749916354121618811920687616965013092094051209209 0 0 0 0 0 0 0 0 0 0 0 0 0 0 0 0 0 0 0 0 0 0 0 0 0 0 0 0 0 0 0 0 0 0 0 0 0 0 0 0 0 0 0 0 0 0 0 0 0 0 0 0 0 0 0 0 0 0 0 0 0 0 0 0 0 0 0 0 0 0 0 1 0 0 0 0 0 0 0 0 0 0 0 0 0 0 0]
[2993973609003062837012214676872150196092028033092310170973026891957687130576206663350628481460374698736706547090309743773761836023831281121426696256120029095003598784502232415820676856796919980429138155982525517584422522938560895984815649257594655561413449457449054 0 0 0 0 0 0 0 0 0 0 0 0 0 0 0 0 0 0 0 0 0 0 0 0 0 0 0 0 0 0 0 0 0 0 0 0 0 0 0 0 0 0 0 0 0 0 0 0 0 0 0 0 0 0 0 0 0 0 0 0 0 0 0 0 0 0 0 0 0 0 0 0 1 0 0 0 0 0 0 0 0 0 0 0 0 0 0]
[1811593506090625413239944128875189627052062700582466267222182999595042865427139014591534020172405823605178249260095828604724010380772283125626436642528976481376376454669947339032670359978138503577761884623720965454796226574758660638154907990180661824001219037256810 0 0 0 0 0 0 0 0 0 0 0 0 0 0 0 0 0 0 0 0 0 0 0 0 0 0 0 0 0 0 0 0 0 0 0 0 0 0 0 0 0 0 0 0 0 0 0 0 0 0 0 0 0 0 0 0 0 0 0 0 0 0 0 0 0 0 0 0 0 0 0 0 0 1 0 0 0 0 0 0 0 0 0 0 0 0 0]
[1093510338166002041420697971038561136327351413930806584507553472943249635674410508562402781556209703375792414421263839988199004033554841982960444919107845924673133378299274236802551127696823487872217580035182850365020970329575090415611850294258954250069078407649423 0 0 0 0 0 0 0 0 0 0 0 0 0 0 0 0 0 0 0 0 0 0 0 0 0 0 0 0 0 0 0 0 0 0 0 0 0 0 0 0 0 0 0 0 0 0 0 0 0 0 0 0 0 0 0 0 0 0 0 0 0 0 0 0 0 0 0 0 0 0 0 0 0 0 1 0 0 0 0 0 0 0 0 0 0 0 0]
[1037688430777040341703144462653487653338446722465873193285817136972638578060644084141137780860549113255320790040969751235222785246039697259559030244610620513987333918469537062669816280806302561597112223639085850268444868363369086313389968597404465665737814432372572 0 0 0 0 0 0 0 0 0 0 0 0 0 0 0 0 0 0 0 0 0 0 0 0 0 0 0 0 0 0 0 0 0 0 0 0 0 0 0 0 0 0 0 0 0 0 0 0 0 0 0 0 0 0 0 0 0 0 0 0 0 0 0 0 0 0 0 0 0 0 0 0 0 0 0 1 0 0 0 0 0 0 0 0 0 0 0]
[1983390662979388938031098432501280310761866959647924636145701857586849143233690846419514332600761900663729723828921256245893224343804351843127275701608587434185963394818019792627666414017615721286672901549799780840531526304517831520888253005807122722029546342481994 0 0 0 0 0 0 0 0 0 0 0 0 0 0 0 0 0 0 0 0 0 0 0 0 0 0 0 0 0 0 0 0 0 0 0 0 0 0 0 0 0 0 0 0 0 0 0 0 0 0 0 0 0 0 0 0 0 0 0 0 0 0 0 0 0 0 0 0 0 0 0 0 0 0 0 0 1 0 0 0 0 0 0 0 0 0 0]
[2551547447687016445085434208705634047110371769423996006197568562618373725213401656760646487909749009313068256102788032835030684805396132088138231638512506101479388162127810362028102721914079629972374438214288445312587254296314282799573646772131191592881274149942959 0 0 0 0 0 0 0 0 0 0 0 0 0 0 0 0 0 0 0 0 0 0 0 0 0 0 0 0 0 0 0 0 0 0 0 0 0 0 0 0 0 0 0 0 0 0 0 0 0 0 0 0 0 0 0 0 0 0 0 0 0 0 0 0 0 0 0 0 0 0 0 0 0 0 0 0 0 1 0 0 0 0 0 0 0 0 0]
[447461474441483219901809565915020671605401563468072296434584779464003680319183561794756133323105686595639193595086197717873150052966252750648569080380814855028809406306400865583329220506723151006643911995980766095099488279059569073716208421595374992431220151051727 0 0 0 0 0 0 0 0 0 0 0 0 0 0 0 0 0 0 0 0 0 0 0 0 0 0 0 0 0 0 0 0 0 0 0 0 0 0 0 0 0 0 0 0 0 0 0 0 0 0 0 0 0 0 0 0 0 0 0 0 0 0 0 0 0 0 0 0 0 0 0 0 0 0 0 0 0 0 1 0 0 0 0 0 0 0 0]
[5235920863807453865337072321904940583886240472687241475847360290800055578044325030579827274356055492824613817237447132308883023933216882900641193270237151435966987219741745383430188343914638672770098408665163810696230231380099921539068721262771063356407701420673918 0 0 0 0 0 0 0 0 0 0 0 0 0 0 0 0 0 0 0 0 0 0 0 0 0 0 0 0 0 0 0 0 0 0 0 0 0 0 0 0 0 0 0 0 0 0 0 0 0 0 0 0 0 0 0 0 0 0 0 0 0 0 0 0 0 0 0 0 0 0 0 0 0 0 0 0 0 0 0 1 0 0 0 0 0 0 0]
[2265864024012925292732534444074196555319696667165594302466889951044048764642793204968311221488713231303323039485710032048233898002269366330805412403108863220433180003816795042716519262736993651320180651900786405374290261009927409957590377515447443960188619384767737 0 0 0 0 0 0 0 0 0 0 0 0 0 0 0 0 0 0 0 0 0 0 0 0 0 0 0 0 0 0 0 0 0 0 0 0 0 0 0 0 0 0 0 0 0 0 0 0 0 0 0 0 0 0 0 0 0 0 0 0 0 0 0 0 0 0 0 0 0 0 0 0 0 0 0 0 0 0 0 0 1 0 0 0 0 0 0]
[1192271760285442896600652119843916915305196555920855340584341950647084956436707719141520561015404688573277800887161581936829681383328820845413778660083093746706929357033504883841233605396578577541395970231520326476337646406041112818883350448374686884718946762752537 0 0 0 0 0 0 0 0 0 0 0 0 0 0 0 0 0 0 0 0 0 0 0 0 0 0 0 0 0 0 0 0 0 0 0 0 0 0 0 0 0 0 0 0 0 0 0 0 0 0 0 0 0 0 0 0 0 0 0 0 0 0 0 0 0 0 0 0 0 0 0 0 0 0 0 0 0 0 0 0 0 1 0 0 0 0 0]
[5461754278367592247204948521217812624569961538928041765026908226394092416302337523696575719363440530309769029836898720114658330208229853882274037634272482821950105380750260722018454779040216037831721386749003382763959374063229223495401036146777068960199474011859523 0 0 0 0 0 0 0 0 0 0 0 0 0 0 0 0 0 0 0 0 0 0 0 0 0 0 0 0 0 0 0 0 0 0 0 0 0 0 0 0 0 0 0 0 0 0 0 0 0 0 0 0 0 0 0 0 0 0 0 0 0 0 0 0 0 0 0 0 0 0 0 0 0 0 0 0 0 0 0 0 0 0 1 0 0 0 0]
[4937388708919245052046858575364221578876951887148644553719154590793706547709212544274830519842177708925926463980472435716045946045415857147981499778645996846437247873288839532663867460208398333716797180132711121027930532509012109932835993651041259001644072519743828 0 0 0 0 0 0 0 0 0 0 0 0 0 0 0 0 0 0 0 0 0 0 0 0 0 0 0 0 0 0 0 0 0 0 0 0 0 0 0 0 0 0 0 0 0 0 0 0 0 0 0 0 0 0 0 0 0 0 0 0 0 0 0 0 0 0 0 0 0 0 0 0 0 0 0 0 0 0 0 0 0 0 0 1 0 0 0]
[780442622177973230766994897462726620014446589335957902108894990475391857284953335940751068075845404423452821403138807129691823672787715448048534492827740856927860539010509860826363615461884467803271561396863827309974297129448607863142124632960644347964825295631453 0 0 0 0 0 0 0 0 0 0 0 0 0 0 0 0 0 0 0 0 0 0 0 0 0 0 0 0 0 0 0 0 0 0 0 0 0 0 0 0 0 0 0 0 0 0 0 0 0 0 0 0 0 0 0 0 0 0 0 0 0 0 0 0 0 0 0 0 0 0 0 0 0 0 0 0 0 0 0 0 0 0 0 0 1 0 0]
[2819655597733139043144109550065913510193571911932622031279481688317886761680052371093480088693502183298484782196884312419047171171030667319085404465868233004158803194366080915040081310117407243893666261906652604458992076539010002634290712045496939401166351898481809 0 0 0 0 0 0 0 0 0 0 0 0 0 0 0 0 0 0 0 0 0 0 0 0 0 0 0 0 0 0 0 0 0 0 0 0 0 0 0 0 0 0 0 0 0 0 0 0 0 0 0 0 0 0 0 0 0 0 0 0 0 0 0 0 0 0 0 0 0 0 0 0 0 0 0 0 0 0 0 0 0 0 0 0 0 1 0]
[554262056372489986054131511708015572967801338255119614233550142253040563969574783238044287073656472493470325764278515163304294702982281162762007452081405262295005303683309404881346449447516411694227096237305960611119243189759289395516255226754539889330693936234862 0 0 0 0 0 0 0 0 0 0 0 0 0 0 0 0 0 0 0 0 0 0 0 0 0 0 0 0 0 0 0 0 0 0 0 0 0 0 0 0 0 0 0 0 0 0 0 0 0 0 0 0 0 0 0 0 0 0 0 0 0 0 0 0 0 0 0 0 0 0 0 0 0 0 0 0 0 0 0 0 0 0 0 0 0 0 1]
]
