[[7339363733249517070193125620841511365680628823212236241464433489030935889818891146312503748788525139999199824578864223490078876101233630962331766399447700838994883854038364408561679691702455737365597071280180127498732065988060312201964436385966669318938852019031549114257 0 0 0 0 0 0 0 0 0 0 0 0 0 0 0 0 0 0 0 0 0 0 0 0 0 0 0 0 0 0 0 0 0 0 0 0 0 0 0 0 0 0 0 0 0 0 0 0 0 0 0 0 0 0 0 0 0 0 0 0 0 0 0 0 0 0 0 0 0 0 0 0 0 0 0 0 0 0 0 0 0 0 0 0 0 0 0 0 0]
[50003312517605342577342623791073886049977478924332947917474729149848882943067304784723662817694328997455193524872420729606129149964117533192615828642922435970081348802284929662285791028804678567274903720709585773040794091473913297477536405387813368878184257352621193708 1 0 0 0 0 0 0 0 0 0 0 0 0 0 0 0 0 0 0 0 0 0 0 0 0 0 0 0 0 0 0 0 0 0 0 0 0 0 0 0 0 0 0 0 0 0 0 0 0 0 0 0 0 0 0 0 0 0 0 0 0 0 0 0 0 0 0 0 0 0 0 0 0 0 0 0 0 0 0 0 0 0 0 0 0 0 0 0 0]
[5831602401869095389877787752738344198020792145547253545522107262061420539708686454591468956416291080330637582067870793214792415538201324354426176042481461697785137757382516516910858600493739682625296958329742632301222508631320877998782491488711376251591657818794604312294 0 1 0 0 0 0 0 0 0 0 0 0 0 0 0 0 0 0 0 0 0 0 0 0 0 0 0 0 0 0 0 0 0 0 0 0 0 0 0 0 0 0 0 0 0 0 0 0 0 0 0 0 0 0 0 0 0 0 0 0 0 0 0 0 0 0 0 0 0 0 0 0 0 0 0 0 0 0 0 0 0 0 0 0 0 0 0 0 0]
[102788502287031945811835572808786005203158513858167343620959817098504469398600510489541015098250527895288003591028047214550087389466526324388712177400776856595739021044217998002824852673773116512467132660292529131079316771928162044614012469074913711190074256101786184899 0 0 1 0 0 0 0 0 0 0 0 0 0 0 0 0 0 0 0 0 0 0 0 0 0 0 0 0 0 0 0 0 0 0 0 0 0 0 0 0 0 0 0 0 0 0 0 0 0 0 0 0 0 0 0 0 0 0 0 0 0 0 0 0 0 0 0 0 0 0 0 0 0 0 0 0 0 0 0 0 0 0 0 0 0 0 0 0 0]
[4944504581489410393016744477745423191627243775490725839920092150003294675346564127159037258718379612238251584001379355599274701517461296272889860224326887758045064217849933704491869279795824871988722256488812813796205295333389363090495459159020897907709623301274610433434 0 0 0 1 0 0 0 0 0 0 0 0 0 0 0 0 0 0 0 0 0 0 0 0 0 0 0 0 0 0 0 0 0 0 0 0 0 0 0 0 0 0 0 0 0 0 0 0 0 0 0 0 0 0 0 0 0 0 0 0 0 0 0 0 0 0 0 0 0 0 0 0 0 0 0 0 0 0 0 0 0 0 0 0 0 0 0 0 0]
[6227493772311571356702821596305386686479498871118523055201766182423500820560310592488911452448910945868853683025048761415031578115730006874608468630853281995485199107345686049102378093256171066961429518420387597610279905301299024449097944365352112791174473291262300390155 0 0 0 0 1 0 0 0 0 0 0 0 0 0 0 0 0 0 0 0 0 0 0 0 0 0 0 0 0 0 0 0 0 0 0 0 0 0 0 0 0 0 0 0 0 0 0 0 0 0 0 0 0 0 0 0 0 0 0 0 0 0 0 0 0 0 0 0 0 0 0 0 0 0 0 0 0 0 0 0 0 0 0 0 0 0 0 0 0]
[2567402232698385655644366320926478209271465577550394100403599651178908154321958912549814911077706246527190364719662219188570765988631883177683529510917561182852073281993440041858934731237928830339818356972844540945984204453160550448585651261148757579509502266926333145761 0 0 0 0 0 1 0 0 0 0 0 0 0 0 0 0 0 0 0 0 0 0 0 0 0 0 0 0 0 0 0 0 0 0 0 0 0 0 0 0 0 0 0 0 0 0 0 0 0 0 0 0 0 0 0 0 0 0 0 0 0 0 0 0 0 0 0 0 0 0 0 0 0 0 0 0 0 0 0 0 0 0 0 0 0 0 0 0 0]
[3111970487147805810149179953417075406775662246898409734501458553225987377242057083090598153564947825391254137326731217528798922652228803570575714780169399974683382896446446054996828685696164144266242808927626034357083306892207983826071303259402648031466514451329930758510 0 0 0 0 0 0 1 0 0 0 0 0 0 0 0 0 0 0 0 0 0 0 0 0 0 0 0 0 0 0 0 0 0 0 0 0 0 0 0 0 0 0 0 0 0 0 0 0 0 0 0 0 0 0 0 0 0 0 0 0 0 0 0 0 0 0 0 0 0 0 0 0 0 0 0 0 0 0 0 0 0 0 0 0 0 0 0 0 0]
[2976609835490017490389535223558347806153824731240519730993782797181247293496044767200621141282616841974019121341436362584840442123566085026677593726952745072743672502925547687438794948144671349497264220952185266003985177310989631366016842978418610965005631170403233642603 0 0 0 0 0 0 0 1 0 0 0 0 0 0 0 0 0 0 0 0 0 0 0 0 0 0 0 0 0 0 0 0 0 0 0 0 0 0 0 0 0 0 0 0 0 0 0 0 0 0 0 0 0 0 0 0 0 0 0 0 0 0 0 0 0 0 0 0 0 0 0 0 0 0 0 0 0 0 0 0 0 0 0 0 0 0 0 0 0]
[2669324495589986696845376007163912239564538531034416202207707034537678963671424786779461913332032791385102853288771900684484806788644761641495998300280559219063493824381160672994805098321160129745126881791018824876576402107854854687993430527072040856967563266438219533285 0 0 0 0 0 0 0 0 1 0 0 0 0 0 0 0 0 0 0 0 0 0 0 0 0 0 0 0 0 0 0 0 0 0 0 0 0 0 0 0 0 0 0 0 0 0 0 0 0 0 0 0 0 0 0 0 0 0 0 0 0 0 0 0 0 0 0 0 0 0 0 0 0 0 0 0 0 0 0 0 0 0 0 0 0 0 0 0 0]
[1785434116645121920458718291096676528691523323697727722361522035379414538977220477792394368717480406996112553988216786906699022713911542563171452787394882696873457684457039185669132999446705918267388742621829796379520361586520967615160163563868522865055093456635426124605 0 0 0 0 0 0 0 0 0 1 0 0 0 0 0 0 0 0 0 0 0 0 0 0 0 0 0 0 0 0 0 0 0 0 0 0 0 0 0 0 0 0 0 0 0 0 0 0 0 0 0 0 0 0 0 0 0 0 0 0 0 0 0 0 0 0 0 0 0 0 0 0 0 0 0 0 0 0 0 0 0 0 0 0 0 0 0 0 0]
[2891008669933798865324704013679986721407779231786023683954028893501306647065248411806755292067652323133538471385579780138092082392632390111471439583859717051953290145002793952477641931914727521453471141778131141997180874287093387151015255748927951794230282734284851975939 0 0 0 0 0 0 0 0 0 0 1 0 0 0 0 0 0 0 0 0 0 0 0 0 0 0 0 0 0 0 0 0 0 0 0 0 0 0 0 0 0 0 0 0 0 0 0 0 0 0 0 0 0 0 0 0 0 0 0 0 0 0 0 0 0 0 0 0 0 0 0 0 0 0 0 0 0 0 0 0 0 0 0 0 0 0 0 0 0]
[4143941147487441311618699000116898502058324272230909170724296252897492582645604429053790623655206121115603825178501231074526796855766951732269650298202170817804272955593406080708584555343502799660976961312979442471437745013451908096687086194265759395767547320290779728265 0 0 0 0 0 0 0 0 0 0 0 1 0 0 0 0 0 0 0 0 0 0 0 0 0 0 0 0 0 0 0 0 0 0 0 0 0 0 0 0 0 0 0 0 0 0 0 0 0 0 0 0 0 0 0 0 0 0 0 0 0 0 0 0 0 0 0 0 0 0 0 0 0 0 0 0 0 0 0 0 0 0 0 0 0 0 0 0 0]
[431063869205514040681154889272938105873102142345517854336534530562615869622638773757421614548180737210615175122850694785606027014591228133363837884881623882578018846580918611610870886675687585962139988552798502079876084200322659214458527064535159785575893611655159813587 0 0 0 0 0 0 0 0 0 0 0 0 1 0 0 0 0 0 0 0 0 0 0 0 0 0 0 0 0 0 0 0 0 0 0 0 0 0 0 0 0 0 0 0 0 0 0 0 0 0 0 0 0 0 0 0 0 0 0 0 0 0 0 0 0 0 0 0 0 0 0 0 0 0 0 0 0 0 0 0 0 0 0 0 0 0 0 0 0]
[6264783906850568595297432395888912195866937375322045801367564502586330026514121309510062459506158784091336970558934254408892556341823443528115849810970003090033754435437351985373798635649982810181230595657373758916400843485646374056109738894689962402226927261915303609093 0 0 0 0 0 0 0 0 0 0 0 0 0 1 0 0 0 0 0 0 0 0 0 0 0 0 0 0 0 0 0 0 0 0 0 0 0 0 0 0 0 0 0 0 0 0 0 0 0 0 0 0 0 0 0 0 0 0 0 0 0 0 0 0 0 0 0 0 0 0 0 0 0 0 0 0 0 0 0 0 0 0 0 0 0 0 0 0 0]
[3645333241499729069699873001204623057976062078403568280963768798331921513197225028039371824837020409704464306189852330963556248430777513209278288461167618285028151024241421514036839152085924825037437370258901424292569520434123414891654335901489140048629116073251999735184 0 0 0 0 0 0 0 0 0 0 0 0 0 0 1 0 0 0 0 0 0 0 0 0 0 0 0 0 0 0 0 0 0 0 0 0 0 0 0 0 0 0 0 0 0 0 0 0 0 0 0 0 0 0 0 0 0 0 0 0 0 0 0 0 0 0 0 0 0 0 0 0 0 0 0 0 0 0 0 0 0 0 0 0 0 0 0 0 0]
[3389249231001025791491473704594160791063539419284196932249748732597051608479635130616267137418180141221602120128834944054694545268615785271251497763311012700196677525450251728391002340103498455213183128309596371265392127651525500280728967515528683667141380663186358532610 0 0 0 0 0 0 0 0 0 0 0 0 0 0 0 1 0 0 0 0 0 0 0 0 0 0 0 0 0 0 0 0 0 0 0 0 0 0 0 0 0 0 0 0 0 0 0 0 0 0 0 0 0 0 0 0 0 0 0 0 0 0 0 0 0 0 0 0 0 0 0 0 0 0 0 0 0 0 0 0 0 0 0 0 0 0 0 0 0]
[6576383856567473490116798345358540782871729822928214342922396991982843582385799149350726022114828509268006355105779551221220098224160595894645107647264908385658168672777366993367236633657763376282926428274054687099122758042825448906692964199695028355418424557000550079948 0 0 0 0 0 0 0 0 0 0 0 0 0 0 0 0 1 0 0 0 0 0 0 0 0 0 0 0 0 0 0 0 0 0 0 0 0 0 0 0 0 0 0 0 0 0 0 0 0 0 0 0 0 0 0 0 0 0 0 0 0 0 0 0 0 0 0 0 0 0 0 0 0 0 0 0 0 0 0 0 0 0 0 0 0 0 0 0 0]
[6904440657540590771390473893253034824245183179200140108237755537250444165300392412279974910167425799342755456394579889005313748572350082924955449592157141549860883584064084941305314403710355697036163306181744811178110667328085938883537840431680328001861307423276271317727 0 0 0 0 0 0 0 0 0 0 0 0 0 0 0 0 0 1 0 0 0 0 0 0 0 0 0 0 0 0 0 0 0 0 0 0 0 0 0 0 0 0 0 0 0 0 0 0 0 0 0 0 0 0 0 0 0 0 0 0 0 0 0 0 0 0 0 0 0 0 0 0 0 0 0 0 0 0 0 0 0 0 0 0 0 0 0 0 0]
[1698966007544609223633158915872307907235494348619348532029128041614851478455190113463318015459901445617271923030203142838169062502161846352680811582765946897112227844456600606014356727479141246209301961004994309968933322968710565835741461816274889103604652839789923547838 0 0 0 0 0 0 0 0 0 0 0 0 0 0 0 0 0 0 1 0 0 0 0 0 0 0 0 0 0 0 0 0 0 0 0 0 0 0 0 0 0 0 0 0 0 0 0 0 0 0 0 0 0 0 0 0 0 0 0 0 0 0 0 0 0 0 0 0 0 0 0 0 0 0 0 0 0 0 0 0 0 0 0 0 0 0 0 0 0]
[2971694620365417363154875198419811864672840294697184085079438593499594244253787533344329020570658224053716654196527970989215852773554760260814973863894118827365383954139931116412252395060074763180326648011792575851704955483033116366958412334604661748863168803836383365409 0 0 0 0 0 0 0 0 0 0 0 0 0 0 0 0 0 0 0 1 0 0 0 0 0 0 0 0 0 0 0 0 0 0 0 0 0 0 0 0 0 0 0 0 0 0 0 0 0 0 0 0 0 0 0 0 0 0 0 0 0 0 0 0 0 0 0 0 0 0 0 0 0 0 0 0 0 0 0 0 0 0 0 0 0 0 0 0 0]
[5563223233651323105460107273528909614977067187192390548114372563416591283853675748133130827279585543581136463831218466460122968352231024428389478252501187837413730125695827076030722004963061260261055152523723773501420481633504687588785389167931582714789595058698953133899 0 0 0 0 0 0 0 0 0 0 0 0 0 0 0 0 0 0 0 0 1 0 0 0 0 0 0 0 0 0 0 0 0 0 0 0 0 0 0 0 0 0 0 0 0 0 0 0 0 0 0 0 0 0 0 0 0 0 0 0 0 0 0 0 0 0 0 0 0 0 0 0 0 0 0 0 0 0 0 0 0 0 0 0 0 0 0 0 0]
[1836908935460757442847080765444971646967618877458734624057618722697517095154777933275390312941501775546253494512166657104236359361948082418366639947443474171347506216246618942358579405982057997638060483233134712182789853553456425980358664953726020546778636670460673162739 0 0 0 0 0 0 0 0 0 0 0 0 0 0 0 0 0 0 0 0 0 1 0 0 0 0 0 0 0 0 0 0 0 0 0 0 0 0 0 0 0 0 0 0 0 0 0 0 0 0 0 0 0 0 0 0 0 0 0 0 0 0 0 0 0 0 0 0 0 0 0 0 0 0 0 0 0 0 0 0 0 0 0 0 0 0 0 0 0]
[5289975572999243923190045475213623806662088183530939883442013824836159717066641126171687687667276703252833722838601647725797204735816625131711017503023668721263310310845485984602441477786674254008275890129359747779640327972145612539815004086268675847329800078484514167981 0 0 0 0 0 0 0 0 0 0 0 0 0 0 0 0 0 0 0 0 0 0 1 0 0 0 0 0 0 0 0 0 0 0 0 0 0 0 0 0 0 0 0 0 0 0 0 0 0 0 0 0 0 0 0 0 0 0 0 0 0 0 0 0 0 0 0 0 0 0 0 0 0 0 0 0 0 0 0 0 0 0 0 0 0 0 0 0 0]
[690919430700993407540867618139117967431388242274057977065463306912639523362937330886248891533269740168074704189853893099408934284549598716339693767109213733568081218392006978761779189976236601871464067144252239033407600381804781746710351063345788448555451766935037029047 0 0 0 0 0 0 0 0 0 0 0 0 0 0 0 0 0 0 0 0 0 0 0 1 0 0 0 0 0 0 0 0 0 0 0 0 0 0 0 0 0 0 0 0 0 0 0 0 0 0 0 0 0 0 0 0 0 0 0 0 0 0 0 0 0 0 0 0 0 0 0 0 0 0 0 0 0 0 0 0 0 0 0 0 0 0 0 0 0]
[5415203235606073375299504764845869035932166216461797097704685959244492860592466113989192634892211765709092837732838922515133669833827444263364560388001200328539227664680896003519459389203678652499167415310532688286345994848708048818667322910931726181002788363118587665496 0 0 0 0 0 0 0 0 0 0 0 0 0 0 0 0 0 0 0 0 0 0 0 0 1 0 0 0 0 0 0 0 0 0 0 0 0 0 0 0 0 0 0 0 0 0 0 0 0 0 0 0 0 0 0 0 0 0 0 0 0 0 0 0 0 0 0 0 0 0 0 0 0 0 0 0 0 0 0 0 0 0 0 0 0 0 0 0 0]
[276531361730773843398952442690999418033566634345529401489516258187305780926082270021604575014120177804323133214314298467202591940779816307340438029847294850670232488557768295981655198957656771168416969523913306097854404166426901264618447806822791536468248522726345698977 0 0 0 0 0 0 0 0 0 0 0 0 0 0 0 0 0 0 0 0 0 0 0 0 0 1 0 0 0 0 0 0 0 0 0 0 0 0 0 0 0 0 0 0 0 0 0 0 0 0 0 0 0 0 0 0 0 0 0 0 0 0 0 0 0 0 0 0 0 0 0 0 0 0 0 0 0 0 0 0 0 0 0 0 0 0 0 0 0]
[5602741882089615055858703367658173252513739262574930522742274998689580232458237976415964298340091223563788106235811918623306060787736919173181435244560134800667308851779609425473954454559834008739980741154943106046821839901871084536525954140693419126439693226917419401877 0 0 0 0 0 0 0 0 0 0 0 0 0 0 0 0 0 0 0 0 0 0 0 0 0 0 1 0 0 0 0 0 0 0 0 0 0 0 0 0 0 0 0 0 0 0 0 0 0 0 0 0 0 0 0 0 0 0 0 0 0 0 0 0 0 0 0 0 0 0 0 0 0 0 0 0 0 0 0 0 0 0 0 0 0 0 0 0 0]
[2318896633792307334786953565301327968459941451213199516409446537994312853981760598530369186154908167073087188495025467367473743623619228231051536329707051509019085806953499621696032873104511631918254941517565046724235332283127401192013805008746395412975896912717452016191 0 0 0 0 0 0 0 0 0 0 0 0 0 0 0 0 0 0 0 0 0 0 0 0 0 0 0 1 0 0 0 0 0 0 0 0 0 0 0 0 0 0 0 0 0 0 0 0 0 0 0 0 0 0 0 0 0 0 0 0 0 0 0 0 0 0 0 0 0 0 0 0 0 0 0 0 0 0 0 0 0 0 0 0 0 0 0 0 0]
[802473677975617987343488055561049643993042265453249268423848038258429654074234783236966444473223561571102341856677741116671362377159482597459520157712889940862176137074348473279704272884413634657045056400374617364505741505191892689537591014197720197919612149398193714242 0 0 0 0 0 0 0 0 0 0 0 0 0 0 0 0 0 0 0 0 0 0 0 0 0 0 0 0 1 0 0 0 0 0 0 0 0 0 0 0 0 0 0 0 0 0 0 0 0 0 0 0 0 0 0 0 0 0 0 0 0 0 0 0 0 0 0 0 0 0 0 0 0 0 0 0 0 0 0 0 0 0 0 0 0 0 0 0 0]
[3392838598735959636727896048814853997297145452658046797089195459062611833061379816361277374605072397354429512480519520421822878305214299421524280164507700217007352059258111959013916400924244586899385434675149243234280644743996948066820703194737173533381044804569686314971 0 0 0 0 0 0 0 0 0 0 0 0 0 0 0 0 0 0 0 0 0 0 0 0 0 0 0 0 0 1 0 0 0 0 0 0 0 0 0 0 0 0 0 0 0 0 0 0 0 0 0 0 0 0 0 0 0 0 0 0 0 0 0 0 0 0 0 0 0 0 0 0 0 0 0 0 0 0 0 0 0 0 0 0 0 0 0 0 0]
[1652975237662732283008141880205133167492567281929414511166733828539139738285408999180220933870855537970054637994969541872784663755988852710373539252629737101443415911023566520886880363577337909353570948012806547372126365516527208104322334481468392026540739307007325399011 0 0 0 0 0 0 0 0 0 0 0 0 0 0 0 0 0 0 0 0 0 0 0 0 0 0 0 0 0 0 1 0 0 0 0 0 0 0 0 0 0 0 0 0 0 0 0 0 0 0 0 0 0 0 0 0 0 0 0 0 0 0 0 0 0 0 0 0 0 0 0 0 0 0 0 0 0 0 0 0 0 0 0 0 0 0 0 0 0]
[5423502724986520745019776474375188184784933729627924547777600027912940065164836152237075568562867916850865432654109353827431154469621609801491219155759684330649074712991080056909514586734438222366862948634085695208503210702584577087698299057147222406855986269250247851709 0 0 0 0 0 0 0 0 0 0 0 0 0 0 0 0 0 0 0 0 0 0 0 0 0 0 0 0 0 0 0 1 0 0 0 0 0 0 0 0 0 0 0 0 0 0 0 0 0 0 0 0 0 0 0 0 0 0 0 0 0 0 0 0 0 0 0 0 0 0 0 0 0 0 0 0 0 0 0 0 0 0 0 0 0 0 0 0 0]
[1001303585203332749151322774652382133995194123366133446556811835021911527080001274487431962308296943186578936369439492066575899915477109340205526374630202106757383851798643480997131689120402336988450753246546778213038589177776588830407829707546087336478417978127809557562 0 0 0 0 0 0 0 0 0 0 0 0 0 0 0 0 0 0 0 0 0 0 0 0 0 0 0 0 0 0 0 0 1 0 0 0 0 0 0 0 0 0 0 0 0 0 0 0 0 0 0 0 0 0 0 0 0 0 0 0 0 0 0 0 0 0 0 0 0 0 0 0 0 0 0 0 0 0 0 0 0 0 0 0 0 0 0 0 0]
[6140309831350590687959182916018246762197103436259926380349023828274434725372555276375455812862865392613337699064453051976138482164825158827871363234743741984543022020504694458732824179322032825409558168274307326577253628560010089390971558312191351395444935247248907630151 0 0 0 0 0 0 0 0 0 0 0 0 0 0 0 0 0 0 0 0 0 0 0 0 0 0 0 0 0 0 0 0 0 1 0 0 0 0 0 0 0 0 0 0 0 0 0 0 0 0 0 0 0 0 0 0 0 0 0 0 0 0 0 0 0 0 0 0 0 0 0 0 0 0 0 0 0 0 0 0 0 0 0 0 0 0 0 0 0]
[123461894319421584936346519679236850264990678333775166746370081740118962262393800959633835087973222824091429125279288621652072228062308629452307783961086789141720441946361546127690236574341018592884951354840970478538983506742116759257285987947725657844969821447019980948 0 0 0 0 0 0 0 0 0 0 0 0 0 0 0 0 0 0 0 0 0 0 0 0 0 0 0 0 0 0 0 0 0 0 1 0 0 0 0 0 0 0 0 0 0 0 0 0 0 0 0 0 0 0 0 0 0 0 0 0 0 0 0 0 0 0 0 0 0 0 0 0 0 0 0 0 0 0 0 0 0 0 0 0 0 0 0 0 0]
[374636870597654562502813442420496567104612358334146327534744187154441539637557413812066834622432971903790001428297289053348246842381506045828457604631850596469264433539141944921132601776802681578274673740415486812352549998689661659671115567155800021290356583930439796490 0 0 0 0 0 0 0 0 0 0 0 0 0 0 0 0 0 0 0 0 0 0 0 0 0 0 0 0 0 0 0 0 0 0 0 1 0 0 0 0 0 0 0 0 0 0 0 0 0 0 0 0 0 0 0 0 0 0 0 0 0 0 0 0 0 0 0 0 0 0 0 0 0 0 0 0 0 0 0 0 0 0 0 0 0 0 0 0 0]
[6763892489166323198641498403704473675640395015439806235876194101510069987036087679296961741484089088137667671572738909919493570671982083102841847569444389391660193709964799689092129363799324260043256931219574517424343398923745810921686088534530461769566274426600679169744 0 0 0 0 0 0 0 0 0 0 0 0 0 0 0 0 0 0 0 0 0 0 0 0 0 0 0 0 0 0 0 0 0 0 0 0 1 0 0 0 0 0 0 0 0 0 0 0 0 0 0 0 0 0 0 0 0 0 0 0 0 0 0 0 0 0 0 0 0 0 0 0 0 0 0 0 0 0 0 0 0 0 0 0 0 0 0 0 0]
[6074075129458816105882515501115561749558281593818933818368957255111851018718812540047496704813687329900651624343307347269096576326346173531875541158011151622123417843196192185130605393860506866908620139807652275400336474327204132443125630677325451990941097882341795448622 0 0 0 0 0 0 0 0 0 0 0 0 0 0 0 0 0 0 0 0 0 0 0 0 0 0 0 0 0 0 0 0 0 0 0 0 0 1 0 0 0 0 0 0 0 0 0 0 0 0 0 0 0 0 0 0 0 0 0 0 0 0 0 0 0 0 0 0 0 0 0 0 0 0 0 0 0 0 0 0 0 0 0 0 0 0 0 0 0]
[6224076291478743711249760575099823676968448591826920460378869421810873027393629427369466330150286572790487452043668993547032672375820721161409786270813869117276976532376972797583690698213866656174852870732081085467666390739425140957095918450329626756790812339753211785581 0 0 0 0 0 0 0 0 0 0 0 0 0 0 0 0 0 0 0 0 0 0 0 0 0 0 0 0 0 0 0 0 0 0 0 0 0 0 1 0 0 0 0 0 0 0 0 0 0 0 0 0 0 0 0 0 0 0 0 0 0 0 0 0 0 0 0 0 0 0 0 0 0 0 0 0 0 0 0 0 0 0 0 0 0 0 0 0 0]
[4968380130140559046347046951225039776762120764273655125223834309026813916355838392835005253210416319664288505010001314802207002037021827483716672743346234813236988673501363661606810510076360961172146957539399408278222104291657614848492576979361523841288149971548476966353 0 0 0 0 0 0 0 0 0 0 0 0 0 0 0 0 0 0 0 0 0 0 0 0 0 0 0 0 0 0 0 0 0 0 0 0 0 0 0 1 0 0 0 0 0 0 0 0 0 0 0 0 0 0 0 0 0 0 0 0 0 0 0 0 0 0 0 0 0 0 0 0 0 0 0 0 0 0 0 0 0 0 0 0 0 0 0 0 0]
[4022677182125312866570431888607171591760693100896996984430082324241960934836619953100327014148797581247314910790998412578082818284780294897932917636255249892641475657985842280903459445361954617493182224148492108199361720923357385263207487617953871569542069638080991081762 0 0 0 0 0 0 0 0 0 0 0 0 0 0 0 0 0 0 0 0 0 0 0 0 0 0 0 0 0 0 0 0 0 0 0 0 0 0 0 0 1 0 0 0 0 0 0 0 0 0 0 0 0 0 0 0 0 0 0 0 0 0 0 0 0 0 0 0 0 0 0 0 0 0 0 0 0 0 0 0 0 0 0 0 0 0 0 0 0]
[6051865832208714449140917288255070206419305468315749680979921079471941001637969963746645051265068765217483442035754754131772700626933185408182483080328298077455985517373991171539272817049143000812644336464865348430309124584345316014974854337372039377399471099555619124991 0 0 0 0 0 0 0 0 0 0 0 0 0 0 0 0 0 0 0 0 0 0 0 0 0 0 0 0 0 0 0 0 0 0 0 0 0 0 0 0 0 1 0 0 0 0 0 0 0 0 0 0 0 0 0 0 0 0 0 0 0 0 0 0 0 0 0 0 0 0 0 0 0 0 0 0 0 0 0 0 0 0 0 0 0 0 0 0 0]
[4951431160052131096358170169135020003554617380601731614092238242486945380235825319331734623843460867951965868095527401403774159174994792173663803925750525530824061942726835792935630003561001710330654977427233196912927457198358122768398658487192289573147497907983678621578 0 0 0 0 0 0 0 0 0 0 0 0 0 0 0 0 0 0 0 0 0 0 0 0 0 0 0 0 0 0 0 0 0 0 0 0 0 0 0 0 0 0 1 0 0 0 0 0 0 0 0 0 0 0 0 0 0 0 0 0 0 0 0 0 0 0 0 0 0 0 0 0 0 0 0 0 0 0 0 0 0 0 0 0 0 0 0 0 0]
[4678856838915764471499526119594966020500786903472492755695659272742356581406340659040634261983345630273242989517595318733381496585140255419713183039897839635653486981962652315222273524816503029826303919701475836987507054652352555245335466977706903256437559332283687642912 0 0 0 0 0 0 0 0 0 0 0 0 0 0 0 0 0 0 0 0 0 0 0 0 0 0 0 0 0 0 0 0 0 0 0 0 0 0 0 0 0 0 0 1 0 0 0 0 0 0 0 0 0 0 0 0 0 0 0 0 0 0 0 0 0 0 0 0 0 0 0 0 0 0 0 0 0 0 0 0 0 0 0 0 0 0 0 0 0]
[3773321646907064281114023954141604213215294220397551566495787258172649589515702907674992688133336035802988200865410094191467505155517642621852096317425924261705829384971353576315327817004171888742082191318967170351962550389004279485723493127946267187744993662335009237391 0 0 0 0 0 0 0 0 0 0 0 0 0 0 0 0 0 0 0 0 0 0 0 0 0 0 0 0 0 0 0 0 0 0 0 0 0 0 0 0 0 0 0 0 1 0 0 0 0 0 0 0 0 0 0 0 0 0 0 0 0 0 0 0 0 0 0 0 0 0 0 0 0 0 0 0 0 0 0 0 0 0 0 0 0 0 0 0 0]
[2466383691074362686714144714920765184526869800276367827091560656515650157422085090273275150550809211128265909256643342213054504993872438605271993806584157940600691801498958693831177104160643799655081288146244915238407559745578394307295950447427179268197271471644502032041 0 0 0 0 0 0 0 0 0 0 0 0 0 0 0 0 0 0 0 0 0 0 0 0 0 0 0 0 0 0 0 0 0 0 0 0 0 0 0 0 0 0 0 0 0 1 0 0 0 0 0 0 0 0 0 0 0 0 0 0 0 0 0 0 0 0 0 0 0 0 0 0 0 0 0 0 0 0 0 0 0 0 0 0 0 0 0 0 0]
[1145938213733568135563712869208511186429236405085661548284115019061256576327625502547067059939961326441729843035458658919408638194840459726525158531142610462773065973980451141828048673852451370143369006019707660818035832732815284521832396493375571863373609497694076603453 0 0 0 0 0 0 0 0 0 0 0 0 0 0 0 0 0 0 0 0 0 0 0 0 0 0 0 0 0 0 0 0 0 0 0 0 0 0 0 0 0 0 0 0 0 0 1 0 0 0 0 0 0 0 0 0 0 0 0 0 0 0 0 0 0 0 0 0 0 0 0 0 0 0 0 0 0 0 0 0 0 0 0 0 0 0 0 0 0]
[215498893172772524286010658400812938866679858153228312850346608344648673260743391693909748569182909345155923616636784481096984812898938595327618385253691107637825153208945615471117504321963014497688535437117329553184809201296844257155379417537358521612719132537363663888 0 0 0 0 0 0 0 0 0 0 0 0 0 0 0 0 0 0 0 0 0 0 0 0 0 0 0 0 0 0 0 0 0 0 0 0 0 0 0 0 0 0 0 0 0 0 0 1 0 0 0 0 0 0 0 0 0 0 0 0 0 0 0 0 0 0 0 0 0 0 0 0 0 0 0 0 0 0 0 0 0 0 0 0 0 0 0 0 0]
[7324448724476235258520376955248330327622333247192522373330272350417059152047777941854342389574049349615305130979114874081450639444809289308379215575738926002643264382346236613139018950626956487701320477032355971106404504712198153186400963243617626932735681618369669202801 0 0 0 0 0 0 0 0 0 0 0 0 0 0 0 0 0 0 0 0 0 0 0 0 0 0 0 0 0 0 0 0 0 0 0 0 0 0 0 0 0 0 0 0 0 0 0 0 1 0 0 0 0 0 0 0 0 0 0 0 0 0 0 0 0 0 0 0 0 0 0 0 0 0 0 0 0 0 0 0 0 0 0 0 0 0 0 0 0]
[1088736843780386746378017130759177190315078339517478517523425373349184971283017910642688916781601286077589498897186879740787736995778596095412575427929429246663339879880816264630947886215396593183262762125965610124780470686965732321861098728461756808193732123349444180920 0 0 0 0 0 0 0 0 0 0 0 0 0 0 0 0 0 0 0 0 0 0 0 0 0 0 0 0 0 0 0 0 0 0 0 0 0 0 0 0 0 0 0 0 0 0 0 0 0 1 0 0 0 0 0 0 0 0 0 0 0 0 0 0 0 0 0 0 0 0 0 0 0 0 0 0 0 0 0 0 0 0 0 0 0 0 0 0 0]
[2053628953252814129827073756158187667703277677772500168026382828008343464126555522894793922663832513731864125511147386913326108585317332491019738891066136791702919715753837431050410651943283031409363565020814534587915703199825091311924627202193347557546997974641611447670 0 0 0 0 0 0 0 0 0 0 0 0 0 0 0 0 0 0 0 0 0 0 0 0 0 0 0 0 0 0 0 0 0 0 0 0 0 0 0 0 0 0 0 0 0 0 0 0 0 0 1 0 0 0 0 0 0 0 0 0 0 0 0 0 0 0 0 0 0 0 0 0 0 0 0 0 0 0 0 0 0 0 0 0 0 0 0 0 0]
[1940050446202965799870276698458491420269119496491079888921949565053986523906850930777603257267391236215234299334142276052013723424569725874673231646367520783053339039078197388507345505832477768936114668839042262725441891029585565368695032872569695862813027272744823689088 0 0 0 0 0 0 0 0 0 0 0 0 0 0 0 0 0 0 0 0 0 0 0 0 0 0 0 0 0 0 0 0 0 0 0 0 0 0 0 0 0 0 0 0 0 0 0 0 0 0 0 1 0 0 0 0 0 0 0 0 0 0 0 0 0 0 0 0 0 0 0 0 0 0 0 0 0 0 0 0 0 0 0 0 0 0 0 0 0]
[4654439231553261138204419130635417556960132104496716690025941914850423753709359298853314066333724378967720777133615716899396438267287905354742902800198841205903562501798343175469865842024947605084863214848084333596347433365406256478000114520869491310198561120279485222328 0 0 0 0 0 0 0 0 0 0 0 0 0 0 0 0 0 0 0 0 0 0 0 0 0 0 0 0 0 0 0 0 0 0 0 0 0 0 0 0 0 0 0 0 0 0 0 0 0 0 0 0 1 0 0 0 0 0 0 0 0 0 0 0 0 0 0 0 0 0 0 0 0 0 0 0 0 0 0 0 0 0 0 0 0 0 0 0 0]
[6437197292312487898077258300243868672882786474767417449275754416765966889128463683824198873713570933350568530752855353162493808107390588201949367210824674057845946856929736606950538971191117643008807648884484511949418612926957067365714892809697653889723512042732971462254 0 0 0 0 0 0 0 0 0 0 0 0 0 0 0 0 0 0 0 0 0 0 0 0 0 0 0 0 0 0 0 0 0 0 0 0 0 0 0 0 0 0 0 0 0 0 0 0 0 0 0 0 0 1 0 0 0 0 0 0 0 0 0 0 0 0 0 0 0 0 0 0 0 0 0 0 0 0 0 0 0 0 0 0 0 0 0 0 0]
[4372953734105112982139631083674999179238023685419906746382926935565163900172429210340451253350593553722309510516588781861367690235768337611154299858080187968405625052689809190080261764293134690373604429225805679488606228562495918578875632473451146006386560794857575382271 0 0 0 0 0 0 0 0 0 0 0 0 0 0 0 0 0 0 0 0 0 0 0 0 0 0 0 0 0 0 0 0 0 0 0 0 0 0 0 0 0 0 0 0 0 0 0 0 0 0 0 0 0 0 1 0 0 0 0 0 0 0 0 0 0 0 0 0 0 0 0 0 0 0 0 0 0 0 0 0 0 0 0 0 0 0 0 0 0]
[1806574129762047734495169183971299293187419055557704993697817675966019410281970559192747019669874781889960768864395139352824477137779975623400173394855646409701880319793129699439443058421236525530518768224772156708666196586849146576892467464780049198243387277673849951160 0 0 0 0 0 0 0 0 0 0 0 0 0 0 0 0 0 0 0 0 0 0 0 0 0 0 0 0 0 0 0 0 0 0 0 0 0 0 0 0 0 0 0 0 0 0 0 0 0 0 0 0 0 0 0 1 0 0 0 0 0 0 0 0 0 0 0 0 0 0 0 0 0 0 0 0 0 0 0 0 0 0 0 0 0 0 0 0 0]
[5480867838615014319246982095899048830378002266428513607900506697202722680867336400989836297218898919763495051836212561004859410614877377261793420729244633731039659640333238999098200452535235893652938130671255668955760262993468536505696546454885202420187066980167537627512 0 0 0 0 0 0 0 0 0 0 0 0 0 0 0 0 0 0 0 0 0 0 0 0 0 0 0 0 0 0 0 0 0 0 0 0 0 0 0 0 0 0 0 0 0 0 0 0 0 0 0 0 0 0 0 0 1 0 0 0 0 0 0 0 0 0 0 0 0 0 0 0 0 0 0 0 0 0 0 0 0 0 0 0 0 0 0 0 0]
[7247922220620592227597025730933192428818536764529803252456826983419253173432802486569097409617049490925604101520863157427242956859514360169469163582993207174980860622921820235899187188979398788907798780644356163336895185506345412856482264612692109216512446895937967487825 0 0 0 0 0 0 0 0 0 0 0 0 0 0 0 0 0 0 0 0 0 0 0 0 0 0 0 0 0 0 0 0 0 0 0 0 0 0 0 0 0 0 0 0 0 0 0 0 0 0 0 0 0 0 0 0 0 1 0 0 0 0 0 0 0 0 0 0 0 0 0 0 0 0 0 0 0 0 0 0 0 0 0 0 0 0 0 0 0]
[455309832281688968183060029839019627546231475124012860191850718006223095595208450703004708736189171367717920752958171137618811241942666468494164480637767890585861792383174019271706238744479909283367489255841404561577069970947053328959700216390366892148237849140564199915 0 0 0 0 0 0 0 0 0 0 0 0 0 0 0 0 0 0 0 0 0 0 0 0 0 0 0 0 0 0 0 0 0 0 0 0 0 0 0 0 0 0 0 0 0 0 0 0 0 0 0 0 0 0 0 0 0 0 1 0 0 0 0 0 0 0 0 0 0 0 0 0 0 0 0 0 0 0 0 0 0 0 0 0 0 0 0 0 0]
[1446461279082296706905369779445887380222194883022067550103072574829209045263062205195753327610064699219461614456019972765575753549875069772612984431000773217369802904009875039325038911801535309737933506994332721387693087029583743803915790463299162807232145717835691835194 0 0 0 0 0 0 0 0 0 0 0 0 0 0 0 0 0 0 0 0 0 0 0 0 0 0 0 0 0 0 0 0 0 0 0 0 0 0 0 0 0 0 0 0 0 0 0 0 0 0 0 0 0 0 0 0 0 0 0 1 0 0 0 0 0 0 0 0 0 0 0 0 0 0 0 0 0 0 0 0 0 0 0 0 0 0 0 0 0]
[6096336701640993980529350077222055427964719945823848864379773182253311747695618318052136433412271906284619816156603758988905225037216638197064305483548379354431928701734566102183756359297264583660969956129301583488915572994201721507886782099939916401456216028806462197291 0 0 0 0 0 0 0 0 0 0 0 0 0 0 0 0 0 0 0 0 0 0 0 0 0 0 0 0 0 0 0 0 0 0 0 0 0 0 0 0 0 0 0 0 0 0 0 0 0 0 0 0 0 0 0 0 0 0 0 0 1 0 0 0 0 0 0 0 0 0 0 0 0 0 0 0 0 0 0 0 0 0 0 0 0 0 0 0 0]
[4012826461428030926100023811582413110211954245754061688927348423842207393738629120002149014236908512329732869899885251803284406134491111690993340106904967108048103562832608635627056853246409944157625365269528398675397581376175365056746116411734528268983847402700839248876 0 0 0 0 0 0 0 0 0 0 0 0 0 0 0 0 0 0 0 0 0 0 0 0 0 0 0 0 0 0 0 0 0 0 0 0 0 0 0 0 0 0 0 0 0 0 0 0 0 0 0 0 0 0 0 0 0 0 0 0 0 1 0 0 0 0 0 0 0 0 0 0 0 0 0 0 0 0 0 0 0 0 0 0 0 0 0 0 0]
[276410601758436921532369311878876087894970098963532205129867546768797776770691177712313594406551148075589250701127414626153439197690990097773463538928140424929981032615113137229617924571201693416993135715873052700786863284353877419418577318484717318560082573755639942501 0 0 0 0 0 0 0 0 0 0 0 0 0 0 0 0 0 0 0 0 0 0 0 0 0 0 0 0 0 0 0 0 0 0 0 0 0 0 0 0 0 0 0 0 0 0 0 0 0 0 0 0 0 0 0 0 0 0 0 0 0 0 1 0 0 0 0 0 0 0 0 0 0 0 0 0 0 0 0 0 0 0 0 0 0 0 0 0 0]
[6621469334621720169579231931234648131095823237098949652991786804422910651770993650263241660797052429991612627367310386116543853437682413412340411108130182951729128586249600902975066223776065647522635089228005313296560948160288666785125255178587480412782185477115011399606 0 0 0 0 0 0 0 0 0 0 0 0 0 0 0 0 0 0 0 0 0 0 0 0 0 0 0 0 0 0 0 0 0 0 0 0 0 0 0 0 0 0 0 0 0 0 0 0 0 0 0 0 0 0 0 0 0 0 0 0 0 0 0 1 0 0 0 0 0 0 0 0 0 0 0 0 0 0 0 0 0 0 0 0 0 0 0 0 0]
[5383905704725919166528503960788121484396433284344581267184313989243693535741893658807857905087291899887033605132754302214428800066829738180519213115261885096188867227270008721933627234684761381866854294762139148930355749742542413394893801371366327677899594491851844571705 0 0 0 0 0 0 0 0 0 0 0 0 0 0 0 0 0 0 0 0 0 0 0 0 0 0 0 0 0 0 0 0 0 0 0 0 0 0 0 0 0 0 0 0 0 0 0 0 0 0 0 0 0 0 0 0 0 0 0 0 0 0 0 0 1 0 0 0 0 0 0 0 0 0 0 0 0 0 0 0 0 0 0 0 0 0 0 0 0]
[3331375302020228816973644800491933804937074500270833786653378861756298590334188124853669084064820475115078088988202072379673216193661748716501019258632214673891289928586957370438119246282077931886290132038243336170992825471977822984589330843453575737888575582615447262995 0 0 0 0 0 0 0 0 0 0 0 0 0 0 0 0 0 0 0 0 0 0 0 0 0 0 0 0 0 0 0 0 0 0 0 0 0 0 0 0 0 0 0 0 0 0 0 0 0 0 0 0 0 0 0 0 0 0 0 0 0 0 0 0 0 1 0 0 0 0 0 0 0 0 0 0 0 0 0 0 0 0 0 0 0 0 0 0 0]
[3291605469147911916461394347046807369730026961509600254081904630882479486391816436286009606843052062297368429699352058820751328847105083458686269808983703279497146529126177431620362624508890628306557989984989654549752650410453148451002532280393781902511461574648348209167 0 0 0 0 0 0 0 0 0 0 0 0 0 0 0 0 0 0 0 0 0 0 0 0 0 0 0 0 0 0 0 0 0 0 0 0 0 0 0 0 0 0 0 0 0 0 0 0 0 0 0 0 0 0 0 0 0 0 0 0 0 0 0 0 0 0 1 0 0 0 0 0 0 0 0 0 0 0 0 0 0 0 0 0 0 0 0 0 0]
[1456089486537774617265684414503995242120772088137649017846323369807093922474867831989801712537760952246266948508762001082154479271066562672168437092324438464942617499335290115692014889471748813928634919150487076258831169274966192794470997431064852935888993254158539782323 0 0 0 0 0 0 0 0 0 0 0 0 0 0 0 0 0 0 0 0 0 0 0 0 0 0 0 0 0 0 0 0 0 0 0 0 0 0 0 0 0 0 0 0 0 0 0 0 0 0 0 0 0 0 0 0 0 0 0 0 0 0 0 0 0 0 0 1 0 0 0 0 0 0 0 0 0 0 0 0 0 0 0 0 0 0 0 0 0]
[4974547907340121524057593581675954665442395723424003946554579546466291057682264437317968931192811476764661489509174048417652363123114354379740784117708915482705872953561786394518364713669976554225147118375490841683078459756739080072850675213402358984634145923039981272289 0 0 0 0 0 0 0 0 0 0 0 0 0 0 0 0 0 0 0 0 0 0 0 0 0 0 0 0 0 0 0 0 0 0 0 0 0 0 0 0 0 0 0 0 0 0 0 0 0 0 0 0 0 0 0 0 0 0 0 0 0 0 0 0 0 0 0 0 1 0 0 0 0 0 0 0 0 0 0 0 0 0 0 0 0 0 0 0 0]
[6713497174701483928027951310775998315500010062012936044094614318153058308622015757357544976417576990810079890363004831786748126221886332532987198169296745601727967726118090808641233355861923035410019217986042833563627729435793371661822377841329238544193706449086568545787 0 0 0 0 0 0 0 0 0 0 0 0 0 0 0 0 0 0 0 0 0 0 0 0 0 0 0 0 0 0 0 0 0 0 0 0 0 0 0 0 0 0 0 0 0 0 0 0 0 0 0 0 0 0 0 0 0 0 0 0 0 0 0 0 0 0 0 0 0 1 0 0 0 0 0 0 0 0 0 0 0 0 0 0 0 0 0 0 0]
[1332523631526684509350981125073524236987662341189078395131084448851910522619053353936376758799432759600337712773457661504295650426686953973680655018635479409670374061616902288341374647189917137602029376444077138900712098918199650672791692311302586439879797333263055970020 0 0 0 0 0 0 0 0 0 0 0 0 0 0 0 0 0 0 0 0 0 0 0 0 0 0 0 0 0 0 0 0 0 0 0 0 0 0 0 0 0 0 0 0 0 0 0 0 0 0 0 0 0 0 0 0 0 0 0 0 0 0 0 0 0 0 0 0 0 0 1 0 0 0 0 0 0 0 0 0 0 0 0 0 0 0 0 0 0]
[1584122842866415510478433910321529944681477716432838996989716476467104466347211274960350749717334973287030042163713468901271076879026415118314797515909650480272852948501212970987710721377116701608538236670632665451912431787368686863787040217523425905415026671866046870968 0 0 0 0 0 0 0 0 0 0 0 0 0 0 0 0 0 0 0 0 0 0 0 0 0 0 0 0 0 0 0 0 0 0 0 0 0 0 0 0 0 0 0 0 0 0 0 0 0 0 0 0 0 0 0 0 0 0 0 0 0 0 0 0 0 0 0 0 0 0 0 1 0 0 0 0 0 0 0 0 0 0 0 0 0 0 0 0 0]
[6065280919395099016598183637274961576846806163415877611028120618754540351265721013144366829936691105866807213361231917972858570527990078959553861883348442690666777903070368848391955201762846309609290979921168575490549328642921326356488956207459019924963036610491854502037 0 0 0 0 0 0 0 0 0 0 0 0 0 0 0 0 0 0 0 0 0 0 0 0 0 0 0 0 0 0 0 0 0 0 0 0 0 0 0 0 0 0 0 0 0 0 0 0 0 0 0 0 0 0 0 0 0 0 0 0 0 0 0 0 0 0 0 0 0 0 0 0 1 0 0 0 0 0 0 0 0 0 0 0 0 0 0 0 0]
[3757008730370955666334620270431703814985395251321322459134962760451945814185019218612178339668601322065148041308913013402657983079479001894459557717620726151276162239594445152312301620851095729007873101582319056857434285938004510440052222291127880364413215707793430965040 0 0 0 0 0 0 0 0 0 0 0 0 0 0 0 0 0 0 0 0 0 0 0 0 0 0 0 0 0 0 0 0 0 0 0 0 0 0 0 0 0 0 0 0 0 0 0 0 0 0 0 0 0 0 0 0 0 0 0 0 0 0 0 0 0 0 0 0 0 0 0 0 0 1 0 0 0 0 0 0 0 0 0 0 0 0 0 0 0]
[2383311736385907956771147828748019792841664548450772452209771881978662375522001947226688871420371113524411283843397553392043624512870321979598531754290588076815726034515466235764603555905887856930939260935267412393045961589317478927712646916830225498188856135671108857537 0 0 0 0 0 0 0 0 0 0 0 0 0 0 0 0 0 0 0 0 0 0 0 0 0 0 0 0 0 0 0 0 0 0 0 0 0 0 0 0 0 0 0 0 0 0 0 0 0 0 0 0 0 0 0 0 0 0 0 0 0 0 0 0 0 0 0 0 0 0 0 0 0 0 1 0 0 0 0 0 0 0 0 0 0 0 0 0 0]
[1923521463499453089171514332823035800373334646064354288356334017732153358200850035758633166033851658672175619196212085422947380879548712638770265554502970877445261884765380869002477162884879781867500894985526148924368325962603151634351357243975496077216855685136628297683 0 0 0 0 0 0 0 0 0 0 0 0 0 0 0 0 0 0 0 0 0 0 0 0 0 0 0 0 0 0 0 0 0 0 0 0 0 0 0 0 0 0 0 0 0 0 0 0 0 0 0 0 0 0 0 0 0 0 0 0 0 0 0 0 0 0 0 0 0 0 0 0 0 0 0 1 0 0 0 0 0 0 0 0 0 0 0 0 0]
[4225218042444754090165422319987154181894550942485660819925537647903323840649502396712206473627047623720835703617406146097139093703422246724542695553742167853655611316623450512591208494675621959109012121773682543678027930733598683526991130445788809030017797741884191796781 0 0 0 0 0 0 0 0 0 0 0 0 0 0 0 0 0 0 0 0 0 0 0 0 0 0 0 0 0 0 0 0 0 0 0 0 0 0 0 0 0 0 0 0 0 0 0 0 0 0 0 0 0 0 0 0 0 0 0 0 0 0 0 0 0 0 0 0 0 0 0 0 0 0 0 0 1 0 0 0 0 0 0 0 0 0 0 0 0]
[7307436954351308860058227311818037477301213870303081016833851217707836806254939965619144053186936684929742580934543772719855760280015452876506951603822613203439878153956783504702740084296754251939488712774459740269290919700421280462012424570929214733297981209614046109337 0 0 0 0 0 0 0 0 0 0 0 0 0 0 0 0 0 0 0 0 0 0 0 0 0 0 0 0 0 0 0 0 0 0 0 0 0 0 0 0 0 0 0 0 0 0 0 0 0 0 0 0 0 0 0 0 0 0 0 0 0 0 0 0 0 0 0 0 0 0 0 0 0 0 0 0 0 1 0 0 0 0 0 0 0 0 0 0 0]
[1196763643736482741009419822118218914236547610384051006999265076051850207500829798797887081428972188926388606200636480552032565572000580741734160850089965875984319124389401188002818837883285616362670060544634873615501099556647301500154521462797900143891099762271048042563 0 0 0 0 0 0 0 0 0 0 0 0 0 0 0 0 0 0 0 0 0 0 0 0 0 0 0 0 0 0 0 0 0 0 0 0 0 0 0 0 0 0 0 0 0 0 0 0 0 0 0 0 0 0 0 0 0 0 0 0 0 0 0 0 0 0 0 0 0 0 0 0 0 0 0 0 0 0 1 0 0 0 0 0 0 0 0 0 0]
[5276002555533839796212071051960944395527302706467188500952314443849308649889817623085041045410445050579806610955953888921511221846062742688218147189817383924935130705835217363333779168614536509003093071943525777783716437679027149481177167228396193153086843083726024105984 0 0 0 0 0 0 0 0 0 0 0 0 0 0 0 0 0 0 0 0 0 0 0 0 0 0 0 0 0 0 0 0 0 0 0 0 0 0 0 0 0 0 0 0 0 0 0 0 0 0 0 0 0 0 0 0 0 0 0 0 0 0 0 0 0 0 0 0 0 0 0 0 0 0 0 0 0 0 0 1 0 0 0 0 0 0 0 0 0]
[812294280572352236939173450724523318295640445242624945152499144660577811383674374833970329209291142533377611728651263132566507656536241011669432576880754799516259470283417957006379856779680374405580155467041441228901777594382694414213897804742875768102535863495534198366 0 0 0 0 0 0 0 0 0 0 0 0 0 0 0 0 0 0 0 0 0 0 0 0 0 0 0 0 0 0 0 0 0 0 0 0 0 0 0 0 0 0 0 0 0 0 0 0 0 0 0 0 0 0 0 0 0 0 0 0 0 0 0 0 0 0 0 0 0 0 0 0 0 0 0 0 0 0 0 0 1 0 0 0 0 0 0 0 0]
[7113800920806257904417253264226849149446443825419304205433353252279726223735598464438528952043588039849367890314531574363854157760568238607544071830810090451078138624211757791273961322301506927197705327313736447312280845054963682970125682193390036488126010589558482605723 0 0 0 0 0 0 0 0 0 0 0 0 0 0 0 0 0 0 0 0 0 0 0 0 0 0 0 0 0 0 0 0 0 0 0 0 0 0 0 0 0 0 0 0 0 0 0 0 0 0 0 0 0 0 0 0 0 0 0 0 0 0 0 0 0 0 0 0 0 0 0 0 0 0 0 0 0 0 0 0 0 1 0 0 0 0 0 0 0]
[4882848423087047387768081064306346216774968798679444660707060940924762332046983503602513103381742515453248695134668114940627014455949755817591572722932400352237321883228359135137127211278250756678880153382648166683095296054718000603491370848988531870708573532612197134226 0 0 0 0 0 0 0 0 0 0 0 0 0 0 0 0 0 0 0 0 0 0 0 0 0 0 0 0 0 0 0 0 0 0 0 0 0 0 0 0 0 0 0 0 0 0 0 0 0 0 0 0 0 0 0 0 0 0 0 0 0 0 0 0 0 0 0 0 0 0 0 0 0 0 0 0 0 0 0 0 0 0 1 0 0 0 0 0 0]
[1615613834394289703082259622690631956318660088702090576766991605479472155018320000008846056409319412647622840031484131491583104143467920747122361268939387167230127957883902668286334493374036988629970298437441947054742073684492985165826564471926222150124543471548736478504 0 0 0 0 0 0 0 0 0 0 0 0 0 0 0 0 0 0 0 0 0 0 0 0 0 0 0 0 0 0 0 0 0 0 0 0 0 0 0 0 0 0 0 0 0 0 0 0 0 0 0 0 0 0 0 0 0 0 0 0 0 0 0 0 0 0 0 0 0 0 0 0 0 0 0 0 0 0 0 0 0 0 0 1 0 0 0 0 0]
[3985329367771551164011844981267713097056820002250363023526077903194036909652978106781760072776097114788495373547419630315066993197885981713058925732418359295545597010354047772352362898802234826065642741781888504104346557715371185195278744739323071167214612214994064797920 0 0 0 0 0 0 0 0 0 0 0 0 0 0 0 0 0 0 0 0 0 0 0 0 0 0 0 0 0 0 0 0 0 0 0 0 0 0 0 0 0 0 0 0 0 0 0 0 0 0 0 0 0 0 0 0 0 0 0 0 0 0 0 0 0 0 0 0 0 0 0 0 0 0 0 0 0 0 0 0 0 0 0 0 1 0 0 0 0]
[247070533660608368060011641586589280950541198320376015809347492956056848139344305514353763815716870813224377373834488210567033338154847923362263113254691851356907327677321917441262216440500986091329496150195630976977659665436164455770227202588299908152647438765222517840 0 0 0 0 0 0 0 0 0 0 0 0 0 0 0 0 0 0 0 0 0 0 0 0 0 0 0 0 0 0 0 0 0 0 0 0 0 0 0 0 0 0 0 0 0 0 0 0 0 0 0 0 0 0 0 0 0 0 0 0 0 0 0 0 0 0 0 0 0 0 0 0 0 0 0 0 0 0 0 0 0 0 0 0 0 1 0 0 0]
[6177703036180962116356024179440502014203676881906227063961202453758532740825076485909525832150166922026263725821484196275751584504396352551962262236551188828615106460276633648405032077531305739465023730070674350980704611557092451647208786310220273323043611864406850254204 0 0 0 0 0 0 0 0 0 0 0 0 0 0 0 0 0 0 0 0 0 0 0 0 0 0 0 0 0 0 0 0 0 0 0 0 0 0 0 0 0 0 0 0 0 0 0 0 0 0 0 0 0 0 0 0 0 0 0 0 0 0 0 0 0 0 0 0 0 0 0 0 0 0 0 0 0 0 0 0 0 0 0 0 0 0 1 0 0]
[1757225112475538630077509490606498636742747659129218785811149864251214491019707553259053689710532245596116271613595528930375168199463429127503779469305207086717929947341825177068536036314005343073124917160926695504633119228717433404601688296483171479191093670430706878759 0 0 0 0 0 0 0 0 0 0 0 0 0 0 0 0 0 0 0 0 0 0 0 0 0 0 0 0 0 0 0 0 0 0 0 0 0 0 0 0 0 0 0 0 0 0 0 0 0 0 0 0 0 0 0 0 0 0 0 0 0 0 0 0 0 0 0 0 0 0 0 0 0 0 0 0 0 0 0 0 0 0 0 0 0 0 0 1 0]
[470787204533613095877007219808321216265885582618790890214068537313898857269291395260650378411976947973016539542971820119562320787238862011572332124215935436920764419128950873881165365096968454405149478072219391536413248400655640493075136167967042032308217388449427434757 0 0 0 0 0 0 0 0 0 0 0 0 0 0 0 0 0 0 0 0 0 0 0 0 0 0 0 0 0 0 0 0 0 0 0 0 0 0 0 0 0 0 0 0 0 0 0 0 0 0 0 0 0 0 0 0 0 0 0 0 0 0 0 0 0 0 0 0 0 0 0 0 0 0 0 0 0 0 0 0 0 0 0 0 0 0 0 0 1]
]
