[[10044003322479294947446478979859890181710316110262155202031888938603496538255892635652179223599078085873352269960329823831398097371840937910710075511808714677472687415358376200260657915447623730175405631485666919071237610285064512965907592808676813910306463358442062295613598504966318732457439635237678779961 0 0 0 0 0 0 0 0 0 0 0 0 0 0 0 0 0 0 0 0 0 0 0 0 0 0 0 0 0 0 0 0 0 0 0 0 0 0 0 0 0 0 0 0 0 0 0 0 0 0 0 0 0 0 0 0 0 0 0 0 0 0 0 0 0 0 0 0 0 0 0 0 0 0 0 0 0 0 0 0 0 0 0 0 0 0 0 0 0 0 0 0 0 0 0 0 0 0 0 0 0]
[1897690685109496876768906252628930957358453316793675267463621291103169926371702880682214117453223423433842353863058116168779535538398401014912021708406807180534962876455460998396149917762591414923771602837883661736741956037990598130314245048371649260632484039107124860221648169584029778091431850994707403971 1 0 0 0 0 0 0 0 0 0 0 0 0 0 0 0 0 0 0 0 0 0 0 0 0 0 0 0 0 0 0 0 0 0 0 0 0 0 0 0 0 0 0 0 0 0 0 0 0 0 0 0 0 0 0 0 0 0 0 0 0 0 0 0 0 0 0 0 0 0 0 0 0 0 0 0 0 0 0 0 0 0 0 0 0 0 0 0 0 0 0 0 0 0 0 0 0 0 0 0 0]
[1011002710578716764165100160170945082817359098285900045811224552642398624483800821138625770926948139056295036861300349595761761496258721290358141066920659168716041683329515180676158854274578730672085749385391937612451897421512784364629296639241507997332364985041164570837269207200432088729720077626646993070 0 1 0 0 0 0 0 0 0 0 0 0 0 0 0 0 0 0 0 0 0 0 0 0 0 0 0 0 0 0 0 0 0 0 0 0 0 0 0 0 0 0 0 0 0 0 0 0 0 0 0 0 0 0 0 0 0 0 0 0 0 0 0 0 0 0 0 0 0 0 0 0 0 0 0 0 0 0 0 0 0 0 0 0 0 0 0 0 0 0 0 0 0 0 0 0 0 0 0 0 0]
[6462410080409797922614354248555878517783753582360652648108083828598670412336588882386462153166141707119527659544191535118536803055708945146288413419784953840881998958778764440378151499588673505345861097243992934625508668902171564750610200160195396249495269136158719550976350973433640904964025611620371426821 0 0 1 0 0 0 0 0 0 0 0 0 0 0 0 0 0 0 0 0 0 0 0 0 0 0 0 0 0 0 0 0 0 0 0 0 0 0 0 0 0 0 0 0 0 0 0 0 0 0 0 0 0 0 0 0 0 0 0 0 0 0 0 0 0 0 0 0 0 0 0 0 0 0 0 0 0 0 0 0 0 0 0 0 0 0 0 0 0 0 0 0 0 0 0 0 0 0 0 0 0]
[5586106209986080415669769195713679164198680511310667272705426427519931077337662653235807654655376075299175761533077932796655269163486217067753865363221031915809998459634630133322590972390857184720159688630406816269242901376273649289742770494682347413569679944663305092027329483707972443492489345672035042834 0 0 0 1 0 0 0 0 0 0 0 0 0 0 0 0 0 0 0 0 0 0 0 0 0 0 0 0 0 0 0 0 0 0 0 0 0 0 0 0 0 0 0 0 0 0 0 0 0 0 0 0 0 0 0 0 0 0 0 0 0 0 0 0 0 0 0 0 0 0 0 0 0 0 0 0 0 0 0 0 0 0 0 0 0 0 0 0 0 0 0 0 0 0 0 0 0 0 0 0 0]
[8420210260216032805785917788097948139406960439656057033545983755054029981036960694893846315315485621241370674925804681989245151751267293008157342158558239092605577088630199993513284728678155261112786833472980792794302209831021373791571044486864777270786766207140008516292820927190312220705381687279279660859 0 0 0 0 1 0 0 0 0 0 0 0 0 0 0 0 0 0 0 0 0 0 0 0 0 0 0 0 0 0 0 0 0 0 0 0 0 0 0 0 0 0 0 0 0 0 0 0 0 0 0 0 0 0 0 0 0 0 0 0 0 0 0 0 0 0 0 0 0 0 0 0 0 0 0 0 0 0 0 0 0 0 0 0 0 0 0 0 0 0 0 0 0 0 0 0 0 0 0 0 0]
[7144744719360328971113835050095746170847456591205467120554562944842674231291390050538427643404705812042487149191689410329895044177490270202015500901614223672977601247673027173401785501768625939323178147784385294278347739127663346489668254258677061061887167200573206917929759875948643638078256284603833112530 0 0 0 0 0 1 0 0 0 0 0 0 0 0 0 0 0 0 0 0 0 0 0 0 0 0 0 0 0 0 0 0 0 0 0 0 0 0 0 0 0 0 0 0 0 0 0 0 0 0 0 0 0 0 0 0 0 0 0 0 0 0 0 0 0 0 0 0 0 0 0 0 0 0 0 0 0 0 0 0 0 0 0 0 0 0 0 0 0 0 0 0 0 0 0 0 0 0 0 0 0]
[8483642889153526606474314143115990980398808547819427769773341230775067152259703770347775445778079100568883096458080883080518167695659871293739199664292093610861036000902359977881198770311973997865333149316445306052832100059157352712379222157529208449046892979227896052043554352344858687700740031070672681048 0 0 0 0 0 0 1 0 0 0 0 0 0 0 0 0 0 0 0 0 0 0 0 0 0 0 0 0 0 0 0 0 0 0 0 0 0 0 0 0 0 0 0 0 0 0 0 0 0 0 0 0 0 0 0 0 0 0 0 0 0 0 0 0 0 0 0 0 0 0 0 0 0 0 0 0 0 0 0 0 0 0 0 0 0 0 0 0 0 0 0 0 0 0 0 0 0 0 0 0 0]
[4912325740558868363283177198484540576164545374619998427289414462788102758686826729714412811088006160290254109647539833275245742111815166109104460891315420227037480608623255281090774590374365870742176091407957603441813141863644058920021037791806577227406469207482900545095166243835426907508587724674859426681 0 0 0 0 0 0 0 1 0 0 0 0 0 0 0 0 0 0 0 0 0 0 0 0 0 0 0 0 0 0 0 0 0 0 0 0 0 0 0 0 0 0 0 0 0 0 0 0 0 0 0 0 0 0 0 0 0 0 0 0 0 0 0 0 0 0 0 0 0 0 0 0 0 0 0 0 0 0 0 0 0 0 0 0 0 0 0 0 0 0 0 0 0 0 0 0 0 0 0 0 0]
[2707517284383146525560064115416259626549722958611702475318144833254873803384760055006770622418820745901594913188926868693525714224176610070461406424580176432902466893706472527108969089485011875408960359071231986499297432217838859585394039110329291661287602236492159105072485329440506504475418179235312770155 0 0 0 0 0 0 0 0 1 0 0 0 0 0 0 0 0 0 0 0 0 0 0 0 0 0 0 0 0 0 0 0 0 0 0 0 0 0 0 0 0 0 0 0 0 0 0 0 0 0 0 0 0 0 0 0 0 0 0 0 0 0 0 0 0 0 0 0 0 0 0 0 0 0 0 0 0 0 0 0 0 0 0 0 0 0 0 0 0 0 0 0 0 0 0 0 0 0 0 0 0]
[5081579091296015571170736870966681187778108662282315574750943824904401277992075713779388044930452337354175561645515592150408561145537007273111184300363164070223150562742613724950866022797712933168470975030958718556218408630990702999652079212408589073986973671204198597429144991909898121298318722753090669632 0 0 0 0 0 0 0 0 0 1 0 0 0 0 0 0 0 0 0 0 0 0 0 0 0 0 0 0 0 0 0 0 0 0 0 0 0 0 0 0 0 0 0 0 0 0 0 0 0 0 0 0 0 0 0 0 0 0 0 0 0 0 0 0 0 0 0 0 0 0 0 0 0 0 0 0 0 0 0 0 0 0 0 0 0 0 0 0 0 0 0 0 0 0 0 0 0 0 0 0 0]
[2885312449846593438710211208109278716933453880167485325442083167352340472781607769640366805239743082216471766954677589011142371377789184369032980432581705200424552765289282801886930152529435190143911255205450765939985429075767358512510464011066742215619848684914821250786420112762674578186497318265465979688 0 0 0 0 0 0 0 0 0 0 1 0 0 0 0 0 0 0 0 0 0 0 0 0 0 0 0 0 0 0 0 0 0 0 0 0 0 0 0 0 0 0 0 0 0 0 0 0 0 0 0 0 0 0 0 0 0 0 0 0 0 0 0 0 0 0 0 0 0 0 0 0 0 0 0 0 0 0 0 0 0 0 0 0 0 0 0 0 0 0 0 0 0 0 0 0 0 0 0 0 0]
[7608023367886281778221376495334158674837329427289877816663445919043306032916374579565907233494286730657607391684294256006629024281356347565212425794447856507724644958640873739540826342343464409120687160983548039760469435103982859137916305698759782501264333672136879614044940473444567075770015679203840552130 0 0 0 0 0 0 0 0 0 0 0 1 0 0 0 0 0 0 0 0 0 0 0 0 0 0 0 0 0 0 0 0 0 0 0 0 0 0 0 0 0 0 0 0 0 0 0 0 0 0 0 0 0 0 0 0 0 0 0 0 0 0 0 0 0 0 0 0 0 0 0 0 0 0 0 0 0 0 0 0 0 0 0 0 0 0 0 0 0 0 0 0 0 0 0 0 0 0 0 0 0]
[7192890976978490084861473755432160523807043433491683742135530885721596093527652769039091199628862952069601868430150930335979366225338581073136703129997932651805529685700567109703757876029797908800169025803476113752317053901945134758069827093241075437924646276528029030510447368242845521874764881220948088250 0 0 0 0 0 0 0 0 0 0 0 0 1 0 0 0 0 0 0 0 0 0 0 0 0 0 0 0 0 0 0 0 0 0 0 0 0 0 0 0 0 0 0 0 0 0 0 0 0 0 0 0 0 0 0 0 0 0 0 0 0 0 0 0 0 0 0 0 0 0 0 0 0 0 0 0 0 0 0 0 0 0 0 0 0 0 0 0 0 0 0 0 0 0 0 0 0 0 0 0 0]
[5930627260035548931542701539565771380458784217521802272178749420107305574584340189823391606354660880975707108525652752939908790598437501403629910907540845111913496084900103085279576861850240792332259114174623699095409853687536222065083086798832738979812242772498744066154281069295654967695183879532696771440 0 0 0 0 0 0 0 0 0 0 0 0 0 1 0 0 0 0 0 0 0 0 0 0 0 0 0 0 0 0 0 0 0 0 0 0 0 0 0 0 0 0 0 0 0 0 0 0 0 0 0 0 0 0 0 0 0 0 0 0 0 0 0 0 0 0 0 0 0 0 0 0 0 0 0 0 0 0 0 0 0 0 0 0 0 0 0 0 0 0 0 0 0 0 0 0 0 0 0 0 0]
[8900704265885691600804074117963927580457935926434739480618658929493444750862735952166671988145363322253343931242966567216278757918195847520527787563612023892737035143288230386551296438204975069070239775802121042995815012383363992505456159346479502162009184526300830317086742268225597420461849693441050941272 0 0 0 0 0 0 0 0 0 0 0 0 0 0 1 0 0 0 0 0 0 0 0 0 0 0 0 0 0 0 0 0 0 0 0 0 0 0 0 0 0 0 0 0 0 0 0 0 0 0 0 0 0 0 0 0 0 0 0 0 0 0 0 0 0 0 0 0 0 0 0 0 0 0 0 0 0 0 0 0 0 0 0 0 0 0 0 0 0 0 0 0 0 0 0 0 0 0 0 0 0]
[7438348291642452870397702473059671930921575297520154083567154771476484154942308867899673718186591156613069708384145915134230324816608910678993234758819877619991242410911793781219209220358189628896900914317309658711009498021630504679164611755661361265347852728877330981429988402197891499641132557500658550574 0 0 0 0 0 0 0 0 0 0 0 0 0 0 0 1 0 0 0 0 0 0 0 0 0 0 0 0 0 0 0 0 0 0 0 0 0 0 0 0 0 0 0 0 0 0 0 0 0 0 0 0 0 0 0 0 0 0 0 0 0 0 0 0 0 0 0 0 0 0 0 0 0 0 0 0 0 0 0 0 0 0 0 0 0 0 0 0 0 0 0 0 0 0 0 0 0 0 0 0 0]
[4666577491860064049689241813986971576055916739712529759011790950673071798016210198616516939675067954919989039009329265343419109004649129504433880711330659732104217432869705536459574818782128944684269280828882449904813577317519371943612724679362770064214054674179787826706069855213659340489010378997386904604 0 0 0 0 0 0 0 0 0 0 0 0 0 0 0 0 1 0 0 0 0 0 0 0 0 0 0 0 0 0 0 0 0 0 0 0 0 0 0 0 0 0 0 0 0 0 0 0 0 0 0 0 0 0 0 0 0 0 0 0 0 0 0 0 0 0 0 0 0 0 0 0 0 0 0 0 0 0 0 0 0 0 0 0 0 0 0 0 0 0 0 0 0 0 0 0 0 0 0 0 0]
[8449399671937682798840530113223081044380194500568705421251801324853578690587482151306821720799982234055939410319952028763267484065179850407699492160074288484866074589793321805734941404276696162193187574508196387313085504804275485740478325434027148018272886367274997953593511552253363944486714828230218020760 0 0 0 0 0 0 0 0 0 0 0 0 0 0 0 0 0 1 0 0 0 0 0 0 0 0 0 0 0 0 0 0 0 0 0 0 0 0 0 0 0 0 0 0 0 0 0 0 0 0 0 0 0 0 0 0 0 0 0 0 0 0 0 0 0 0 0 0 0 0 0 0 0 0 0 0 0 0 0 0 0 0 0 0 0 0 0 0 0 0 0 0 0 0 0 0 0 0 0 0 0]
[1199254909260128285076888042081809858751535331748970108752035048357930786793886802083451954618190846319430337094821510078670046580422286480904144615890189429122814347409695424131850968908816843633364777730565169074965704139592990761531468611856811565974597530886613324562542754760211711992040003297152053458 0 0 0 0 0 0 0 0 0 0 0 0 0 0 0 0 0 0 1 0 0 0 0 0 0 0 0 0 0 0 0 0 0 0 0 0 0 0 0 0 0 0 0 0 0 0 0 0 0 0 0 0 0 0 0 0 0 0 0 0 0 0 0 0 0 0 0 0 0 0 0 0 0 0 0 0 0 0 0 0 0 0 0 0 0 0 0 0 0 0 0 0 0 0 0 0 0 0 0 0 0]
[6876257292375784704021476381317272654953749912481503383289712112126109409906350209403416128829128063836834093374722769385262013789650409078119152470645427688066231196728218887057672384355098685858984883390157387888762680407711693884714146123321227135034001296808261027064930999963447745694715404393601805223 0 0 0 0 0 0 0 0 0 0 0 0 0 0 0 0 0 0 0 1 0 0 0 0 0 0 0 0 0 0 0 0 0 0 0 0 0 0 0 0 0 0 0 0 0 0 0 0 0 0 0 0 0 0 0 0 0 0 0 0 0 0 0 0 0 0 0 0 0 0 0 0 0 0 0 0 0 0 0 0 0 0 0 0 0 0 0 0 0 0 0 0 0 0 0 0 0 0 0 0 0]
[4350648101192311469568647285724875422130198539233456741415479111583974670151394739115248041451720044283981282103030975467879873367016027069242945715519939676583055666021587956192370143536328078425186585036670951508338474698675313364119229791479595385359521413066826021235757480007102473135145522341263811733 0 0 0 0 0 0 0 0 0 0 0 0 0 0 0 0 0 0 0 0 1 0 0 0 0 0 0 0 0 0 0 0 0 0 0 0 0 0 0 0 0 0 0 0 0 0 0 0 0 0 0 0 0 0 0 0 0 0 0 0 0 0 0 0 0 0 0 0 0 0 0 0 0 0 0 0 0 0 0 0 0 0 0 0 0 0 0 0 0 0 0 0 0 0 0 0 0 0 0 0 0]
[4687759597217199835148476675184300193810747002366772073859913624973384135061651884695254917727443844166527981385908175766855034080543049663540755468089857669124836688233314616466613455904861475320043673356766514717334058557657056674323179731839183653740428221099575840770902992962295179432943733104757041214 0 0 0 0 0 0 0 0 0 0 0 0 0 0 0 0 0 0 0 0 0 1 0 0 0 0 0 0 0 0 0 0 0 0 0 0 0 0 0 0 0 0 0 0 0 0 0 0 0 0 0 0 0 0 0 0 0 0 0 0 0 0 0 0 0 0 0 0 0 0 0 0 0 0 0 0 0 0 0 0 0 0 0 0 0 0 0 0 0 0 0 0 0 0 0 0 0 0 0 0 0]
[5480764937770690003284335075201055961039514943189375777916116037199016458059142734075774809880387348746572964932629525990079849682077531337977185535449383061228830886264080785690455148779917353049894466811291970771018758948820579727616687911158612864091364723617597217435272082578733435115249506162460098886 0 0 0 0 0 0 0 0 0 0 0 0 0 0 0 0 0 0 0 0 0 0 1 0 0 0 0 0 0 0 0 0 0 0 0 0 0 0 0 0 0 0 0 0 0 0 0 0 0 0 0 0 0 0 0 0 0 0 0 0 0 0 0 0 0 0 0 0 0 0 0 0 0 0 0 0 0 0 0 0 0 0 0 0 0 0 0 0 0 0 0 0 0 0 0 0 0 0 0 0 0]
[1075752281279435421233419124960992821414987854723018176291343763010943262424867529502307724583276988807451604301862915698112454330255564185977664126610537090508992138450857194299004762115214925388430352660784678123997449366678365334194035635099309690085285888737234478060275962309966172018040708069689410636 0 0 0 0 0 0 0 0 0 0 0 0 0 0 0 0 0 0 0 0 0 0 0 1 0 0 0 0 0 0 0 0 0 0 0 0 0 0 0 0 0 0 0 0 0 0 0 0 0 0 0 0 0 0 0 0 0 0 0 0 0 0 0 0 0 0 0 0 0 0 0 0 0 0 0 0 0 0 0 0 0 0 0 0 0 0 0 0 0 0 0 0 0 0 0 0 0 0 0 0 0]
[6692506976516500524581786445029589884485255509649383354657157407466332688344737402730708973445668700575675806627571621064042874022307234436893845090579415867530834294181095673778769374185162024599376848462537348820659740141454263955231160452740558063762085893977091183328706903366660095301015048685331689987 0 0 0 0 0 0 0 0 0 0 0 0 0 0 0 0 0 0 0 0 0 0 0 0 1 0 0 0 0 0 0 0 0 0 0 0 0 0 0 0 0 0 0 0 0 0 0 0 0 0 0 0 0 0 0 0 0 0 0 0 0 0 0 0 0 0 0 0 0 0 0 0 0 0 0 0 0 0 0 0 0 0 0 0 0 0 0 0 0 0 0 0 0 0 0 0 0 0 0 0 0]
[5327870236942662117366367246116887032587230817543214683868693483906237045883983348188642426481356233792861110833020116105299553242787171784225288910848832359207692310331797910591432753890959595494023293161664831736457678230484904515801233299797362549065921020694762348339405996529185787352532363520978628562 0 0 0 0 0 0 0 0 0 0 0 0 0 0 0 0 0 0 0 0 0 0 0 0 0 1 0 0 0 0 0 0 0 0 0 0 0 0 0 0 0 0 0 0 0 0 0 0 0 0 0 0 0 0 0 0 0 0 0 0 0 0 0 0 0 0 0 0 0 0 0 0 0 0 0 0 0 0 0 0 0 0 0 0 0 0 0 0 0 0 0 0 0 0 0 0 0 0 0 0 0]
[1191631260229707766752615458475352874789143969300281900112943177808165997662885763935476655094036224719018065380324296196825286288278324596232187984213788139060988389595204291396374107004523979581026766611003532839688596941628291891810527432971185059255746066362846632898977589585971377819113763381828444386 0 0 0 0 0 0 0 0 0 0 0 0 0 0 0 0 0 0 0 0 0 0 0 0 0 0 1 0 0 0 0 0 0 0 0 0 0 0 0 0 0 0 0 0 0 0 0 0 0 0 0 0 0 0 0 0 0 0 0 0 0 0 0 0 0 0 0 0 0 0 0 0 0 0 0 0 0 0 0 0 0 0 0 0 0 0 0 0 0 0 0 0 0 0 0 0 0 0 0 0 0]
[1128969278430788333587480202245147955928992847450463138320711434544972296625961224618727950330603045096063210259057446785777494524147940703347303590409702817309171237284776785602256580498342243395923769226594803552889550254842105655379466581658174591392680040261947324672416101239026209902230545697653776406 0 0 0 0 0 0 0 0 0 0 0 0 0 0 0 0 0 0 0 0 0 0 0 0 0 0 0 1 0 0 0 0 0 0 0 0 0 0 0 0 0 0 0 0 0 0 0 0 0 0 0 0 0 0 0 0 0 0 0 0 0 0 0 0 0 0 0 0 0 0 0 0 0 0 0 0 0 0 0 0 0 0 0 0 0 0 0 0 0 0 0 0 0 0 0 0 0 0 0 0 0]
[1006591738309875910871921540475109454438561046245195229473029923454687570319572878009760404663107467648246684997967430841200551402277512723104414328594636354120387513428737648816883418672317279407443383060922105305763570891078341904394081204614667083097822233010685842654415585473451845120397195160613260724 0 0 0 0 0 0 0 0 0 0 0 0 0 0 0 0 0 0 0 0 0 0 0 0 0 0 0 0 1 0 0 0 0 0 0 0 0 0 0 0 0 0 0 0 0 0 0 0 0 0 0 0 0 0 0 0 0 0 0 0 0 0 0 0 0 0 0 0 0 0 0 0 0 0 0 0 0 0 0 0 0 0 0 0 0 0 0 0 0 0 0 0 0 0 0 0 0 0 0 0 0]
[514143007651539599684853348824688369814679779699250905815540331621481934231741763215772593208908636186401432553548372216609370102421903248632214568449797612657571947563902570584184471653250005595369729303904189536688521035639442926591306846199444016642827066981498846932381943634176865627496713582318251926 0 0 0 0 0 0 0 0 0 0 0 0 0 0 0 0 0 0 0 0 0 0 0 0 0 0 0 0 0 1 0 0 0 0 0 0 0 0 0 0 0 0 0 0 0 0 0 0 0 0 0 0 0 0 0 0 0 0 0 0 0 0 0 0 0 0 0 0 0 0 0 0 0 0 0 0 0 0 0 0 0 0 0 0 0 0 0 0 0 0 0 0 0 0 0 0 0 0 0 0 0]
[9752764198514918592254229670383465390158215360505523190410676502963469520445289489146467214729934584164526755123213626684110396832911540478647472235259186778186599696090236465331341441405746452701159392378365461773314391768427199389353130442944697611310610180690177622939864739672525916548148354146558027971 0 0 0 0 0 0 0 0 0 0 0 0 0 0 0 0 0 0 0 0 0 0 0 0 0 0 0 0 0 0 1 0 0 0 0 0 0 0 0 0 0 0 0 0 0 0 0 0 0 0 0 0 0 0 0 0 0 0 0 0 0 0 0 0 0 0 0 0 0 0 0 0 0 0 0 0 0 0 0 0 0 0 0 0 0 0 0 0 0 0 0 0 0 0 0 0 0 0 0 0 0]
[4586752566166634832419630097133987601058478118937826606323125358165832930541992523302575998270370096563130317514211654711689188712086509706364393462167111849604102223943843704497873195864758332520628269568759749821135697785689283593985730043264573974514893618753473668226771886754099471582771996759913883931 0 0 0 0 0 0 0 0 0 0 0 0 0 0 0 0 0 0 0 0 0 0 0 0 0 0 0 0 0 0 0 1 0 0 0 0 0 0 0 0 0 0 0 0 0 0 0 0 0 0 0 0 0 0 0 0 0 0 0 0 0 0 0 0 0 0 0 0 0 0 0 0 0 0 0 0 0 0 0 0 0 0 0 0 0 0 0 0 0 0 0 0 0 0 0 0 0 0 0 0 0]
[1626872788710422204252067364555253533923990637961967983137244442857834752907176466091512235609778293945101366852696172985490804227580691537343547811392232682468690704112451468325030158600998840987164796574325619634810822333185356891268658448438623993850372583687448863166618714686644236349937028486068469105 0 0 0 0 0 0 0 0 0 0 0 0 0 0 0 0 0 0 0 0 0 0 0 0 0 0 0 0 0 0 0 0 1 0 0 0 0 0 0 0 0 0 0 0 0 0 0 0 0 0 0 0 0 0 0 0 0 0 0 0 0 0 0 0 0 0 0 0 0 0 0 0 0 0 0 0 0 0 0 0 0 0 0 0 0 0 0 0 0 0 0 0 0 0 0 0 0 0 0 0 0]
[615723648493816915714594144523456003744689452613690402133829354402070671411102212171611902473585641168720526586769004766012141064676400143183840572339755490310112170240803351517481350935348564687022873573284420653544289893700754934636200253750989205949715624200558340696183972122039521512983963302595962009 0 0 0 0 0 0 0 0 0 0 0 0 0 0 0 0 0 0 0 0 0 0 0 0 0 0 0 0 0 0 0 0 0 1 0 0 0 0 0 0 0 0 0 0 0 0 0 0 0 0 0 0 0 0 0 0 0 0 0 0 0 0 0 0 0 0 0 0 0 0 0 0 0 0 0 0 0 0 0 0 0 0 0 0 0 0 0 0 0 0 0 0 0 0 0 0 0 0 0 0 0]
[5018740943184581730933113839953504069294473134945636245229039667781716101556886000733842154104501384182686047599995845099212163864996737634689932777643944312148474262380018933355489874857885464420235488124472869578515239090527934088106146346502837370252011562434276717023374889808340384881989770387933574902 0 0 0 0 0 0 0 0 0 0 0 0 0 0 0 0 0 0 0 0 0 0 0 0 0 0 0 0 0 0 0 0 0 0 1 0 0 0 0 0 0 0 0 0 0 0 0 0 0 0 0 0 0 0 0 0 0 0 0 0 0 0 0 0 0 0 0 0 0 0 0 0 0 0 0 0 0 0 0 0 0 0 0 0 0 0 0 0 0 0 0 0 0 0 0 0 0 0 0 0 0]
[3250511870127552778932110605354342451381826195641030877453995343056740384847373935577668284176393393986945141586027324801452831345959138401020575261931041880513269121424569193989290901412580136746459005627728853507070525069905295400626073994190208135294318014904609456175210276871963907396978888995236208066 0 0 0 0 0 0 0 0 0 0 0 0 0 0 0 0 0 0 0 0 0 0 0 0 0 0 0 0 0 0 0 0 0 0 0 1 0 0 0 0 0 0 0 0 0 0 0 0 0 0 0 0 0 0 0 0 0 0 0 0 0 0 0 0 0 0 0 0 0 0 0 0 0 0 0 0 0 0 0 0 0 0 0 0 0 0 0 0 0 0 0 0 0 0 0 0 0 0 0 0 0]
[1318339080730098903217713493277669796816521706966249273541687380305292031147287228049323290659988172898234334805908862426893287537023738997458918930451093780294649991078154284613110119900160096854952063216319676594658335272066845749252420222906569389800187374202856441714002391917469189792444411793858026051 0 0 0 0 0 0 0 0 0 0 0 0 0 0 0 0 0 0 0 0 0 0 0 0 0 0 0 0 0 0 0 0 0 0 0 0 1 0 0 0 0 0 0 0 0 0 0 0 0 0 0 0 0 0 0 0 0 0 0 0 0 0 0 0 0 0 0 0 0 0 0 0 0 0 0 0 0 0 0 0 0 0 0 0 0 0 0 0 0 0 0 0 0 0 0 0 0 0 0 0 0]
[6009230821367556952496223637598168664203007012742366612870483378749603300760806650670754413868720901248124037683000883938303139948149219091564053870663295607137563740569215638937108057958554060421090054607579658949206638906038415941933621195633179778519919056789738454817900863601626522068546022608166172512 0 0 0 0 0 0 0 0 0 0 0 0 0 0 0 0 0 0 0 0 0 0 0 0 0 0 0 0 0 0 0 0 0 0 0 0 0 1 0 0 0 0 0 0 0 0 0 0 0 0 0 0 0 0 0 0 0 0 0 0 0 0 0 0 0 0 0 0 0 0 0 0 0 0 0 0 0 0 0 0 0 0 0 0 0 0 0 0 0 0 0 0 0 0 0 0 0 0 0 0 0]
[2601734707913851881792950976994044627802780873092482921719557292877743596257243617348804125569177072885005965912518857142156186458437110738442233717181281226723880867212633299677007280808777310249267541617624040537702870083892396731701800617157234624778541355835185203967775465733773897734126437167881461354 0 0 0 0 0 0 0 0 0 0 0 0 0 0 0 0 0 0 0 0 0 0 0 0 0 0 0 0 0 0 0 0 0 0 0 0 0 0 1 0 0 0 0 0 0 0 0 0 0 0 0 0 0 0 0 0 0 0 0 0 0 0 0 0 0 0 0 0 0 0 0 0 0 0 0 0 0 0 0 0 0 0 0 0 0 0 0 0 0 0 0 0 0 0 0 0 0 0 0 0 0]
[5295012391160204766910502282930964576772005615227301508533895141594733314337411686263243760973998589082550157854675276344885523867023287603638710859021057297145836521032752048655505433425500845971202200241136811531259126618701463784059395429415230103911838129992511903179974769211842280961422272886585835541 0 0 0 0 0 0 0 0 0 0 0 0 0 0 0 0 0 0 0 0 0 0 0 0 0 0 0 0 0 0 0 0 0 0 0 0 0 0 0 1 0 0 0 0 0 0 0 0 0 0 0 0 0 0 0 0 0 0 0 0 0 0 0 0 0 0 0 0 0 0 0 0 0 0 0 0 0 0 0 0 0 0 0 0 0 0 0 0 0 0 0 0 0 0 0 0 0 0 0 0 0]
[574240083315071550890323576616886120770140632370162554069334141244429623392731080717360831987510351955441440786951372565608822139753616646678924602462491488316110841940410117066250216905320364493388672083284686245633058779032922194982097010352657462657045573449560100485788001845297894130329099321462413113 0 0 0 0 0 0 0 0 0 0 0 0 0 0 0 0 0 0 0 0 0 0 0 0 0 0 0 0 0 0 0 0 0 0 0 0 0 0 0 0 1 0 0 0 0 0 0 0 0 0 0 0 0 0 0 0 0 0 0 0 0 0 0 0 0 0 0 0 0 0 0 0 0 0 0 0 0 0 0 0 0 0 0 0 0 0 0 0 0 0 0 0 0 0 0 0 0 0 0 0 0]
[5753022309968881358692960155419874292441785842794853235031603248338729694167471522180911345756459209698120984911194500292858370800193485133831134370196119733237570604222775538976842453674822534809556613381246481275400294880138447405760608592268099651861255801096164751032337984827693095876580372535724609834 0 0 0 0 0 0 0 0 0 0 0 0 0 0 0 0 0 0 0 0 0 0 0 0 0 0 0 0 0 0 0 0 0 0 0 0 0 0 0 0 0 1 0 0 0 0 0 0 0 0 0 0 0 0 0 0 0 0 0 0 0 0 0 0 0 0 0 0 0 0 0 0 0 0 0 0 0 0 0 0 0 0 0 0 0 0 0 0 0 0 0 0 0 0 0 0 0 0 0 0 0]
[8518102994707722384373197209384988553209655964175437801102847251205355184464843011426882661598028676854985367871421929996777014856211488397082717645954950843203589639428650186804955726852859353846951240176299867433768971038524280569080716503029306103635629412610733432898609546869568343907595749410331728683 0 0 0 0 0 0 0 0 0 0 0 0 0 0 0 0 0 0 0 0 0 0 0 0 0 0 0 0 0 0 0 0 0 0 0 0 0 0 0 0 0 0 1 0 0 0 0 0 0 0 0 0 0 0 0 0 0 0 0 0 0 0 0 0 0 0 0 0 0 0 0 0 0 0 0 0 0 0 0 0 0 0 0 0 0 0 0 0 0 0 0 0 0 0 0 0 0 0 0 0 0]
[3624162114548441718397381822727413148655509815985010596367762706214602253699611109282769958150717008846130190740273397606552818651749583374781258914888018870640554265961139144844605999243511284810165559125563321120029900248985599113857681055291409908752957390539697228376804373945310482989087459623595200394 0 0 0 0 0 0 0 0 0 0 0 0 0 0 0 0 0 0 0 0 0 0 0 0 0 0 0 0 0 0 0 0 0 0 0 0 0 0 0 0 0 0 0 1 0 0 0 0 0 0 0 0 0 0 0 0 0 0 0 0 0 0 0 0 0 0 0 0 0 0 0 0 0 0 0 0 0 0 0 0 0 0 0 0 0 0 0 0 0 0 0 0 0 0 0 0 0 0 0 0 0]
[8993904235341992379757539199268242504776858796096658075134887857408846158790048765894325135726492222720761835187770187580909000742341648199049945540541333994289030952019772181438340756948991656936002103969811227606164918113569933754599982558473136573669766225794727147930425902923857546348293161309284948373 0 0 0 0 0 0 0 0 0 0 0 0 0 0 0 0 0 0 0 0 0 0 0 0 0 0 0 0 0 0 0 0 0 0 0 0 0 0 0 0 0 0 0 0 1 0 0 0 0 0 0 0 0 0 0 0 0 0 0 0 0 0 0 0 0 0 0 0 0 0 0 0 0 0 0 0 0 0 0 0 0 0 0 0 0 0 0 0 0 0 0 0 0 0 0 0 0 0 0 0 0]
[656503265572206904685891029633189939955482236189323560080778280037895064773140854497737548642752204278075776673612931073686885619958218942988727078304980282168874975420518944432615388489528510573198594699804086347552936014561181355390271309045244944096765956314081313083075887456093519290440949897945670989 0 0 0 0 0 0 0 0 0 0 0 0 0 0 0 0 0 0 0 0 0 0 0 0 0 0 0 0 0 0 0 0 0 0 0 0 0 0 0 0 0 0 0 0 0 1 0 0 0 0 0 0 0 0 0 0 0 0 0 0 0 0 0 0 0 0 0 0 0 0 0 0 0 0 0 0 0 0 0 0 0 0 0 0 0 0 0 0 0 0 0 0 0 0 0 0 0 0 0 0 0]
[3724322955794504815920420081542619950152944776311046475836798136741662071382774686610689044265176305650351946919165631053217793243259926915787670830891916776489606796422706486826003605692938764218418714524959656456071681482875276417554900230321133867792478779568329072227666920280053264734438652715679612902 0 0 0 0 0 0 0 0 0 0 0 0 0 0 0 0 0 0 0 0 0 0 0 0 0 0 0 0 0 0 0 0 0 0 0 0 0 0 0 0 0 0 0 0 0 0 1 0 0 0 0 0 0 0 0 0 0 0 0 0 0 0 0 0 0 0 0 0 0 0 0 0 0 0 0 0 0 0 0 0 0 0 0 0 0 0 0 0 0 0 0 0 0 0 0 0 0 0 0 0 0]
[6417435765826897163700244079140330759253282070118285829264221267655555021056560019513993103709730576226369804924328932923230059027898905984627226951253197580884736585797259737061116090461076282637071979468708600113458228736368487488681390540004787999640221584428415388996131190903740914618269712156118907503 0 0 0 0 0 0 0 0 0 0 0 0 0 0 0 0 0 0 0 0 0 0 0 0 0 0 0 0 0 0 0 0 0 0 0 0 0 0 0 0 0 0 0 0 0 0 0 1 0 0 0 0 0 0 0 0 0 0 0 0 0 0 0 0 0 0 0 0 0 0 0 0 0 0 0 0 0 0 0 0 0 0 0 0 0 0 0 0 0 0 0 0 0 0 0 0 0 0 0 0 0]
[6809201447397209885220027528637169861271653295983191070396701728637659602128965585351071901730013844812081788331760776056494055264568839869564053729896748114476563278283199428651702148519719208843949708522926483331066723255994872498744865674166701034665438118619901671108399233688236121592080857455640976926 0 0 0 0 0 0 0 0 0 0 0 0 0 0 0 0 0 0 0 0 0 0 0 0 0 0 0 0 0 0 0 0 0 0 0 0 0 0 0 0 0 0 0 0 0 0 0 0 1 0 0 0 0 0 0 0 0 0 0 0 0 0 0 0 0 0 0 0 0 0 0 0 0 0 0 0 0 0 0 0 0 0 0 0 0 0 0 0 0 0 0 0 0 0 0 0 0 0 0 0 0]
[641333235889972973836514989967086892869151210285691711147081490641899541434080731351567132317145484088946862843479954625694520621671035132734379396834059188916579483864968438242046406945077572393501141510077740848915990208774007454984863809510276077206393996830107226498936039705934914580736013718003767246 0 0 0 0 0 0 0 0 0 0 0 0 0 0 0 0 0 0 0 0 0 0 0 0 0 0 0 0 0 0 0 0 0 0 0 0 0 0 0 0 0 0 0 0 0 0 0 0 0 1 0 0 0 0 0 0 0 0 0 0 0 0 0 0 0 0 0 0 0 0 0 0 0 0 0 0 0 0 0 0 0 0 0 0 0 0 0 0 0 0 0 0 0 0 0 0 0 0 0 0 0]
[3527682706194061189778153525832432970566155944326858163004222939968860588485105381789995224362554906832039572058894197399843287420564809415663655079661775291463898753405820052135792807013738341740140897048106816273959727770719422686148170731056071854909058564245436936320944024891092801168333526948475648446 0 0 0 0 0 0 0 0 0 0 0 0 0 0 0 0 0 0 0 0 0 0 0 0 0 0 0 0 0 0 0 0 0 0 0 0 0 0 0 0 0 0 0 0 0 0 0 0 0 0 1 0 0 0 0 0 0 0 0 0 0 0 0 0 0 0 0 0 0 0 0 0 0 0 0 0 0 0 0 0 0 0 0 0 0 0 0 0 0 0 0 0 0 0 0 0 0 0 0 0 0]
[8681960851296315676770322352968730997494265769568286578598889842818032587734087130125464291003933476040006708404814391011456758895371648151752139149509806825805694873743805068200920355584072673650181413766607514966427204041766689511322840793281150821602707284968462806571720343590459164701012752959360274563 0 0 0 0 0 0 0 0 0 0 0 0 0 0 0 0 0 0 0 0 0 0 0 0 0 0 0 0 0 0 0 0 0 0 0 0 0 0 0 0 0 0 0 0 0 0 0 0 0 0 0 1 0 0 0 0 0 0 0 0 0 0 0 0 0 0 0 0 0 0 0 0 0 0 0 0 0 0 0 0 0 0 0 0 0 0 0 0 0 0 0 0 0 0 0 0 0 0 0 0 0]
[146124522635834590541264706752431383471053064131155103739611371924402695488400153466789275396336674100878203758226685031727230290067738502899086700584073262650687207977987011550385498768726449022387769685379012095401417638584991628891541621219006982045641238390254294719719896419009345783589563250402113189 0 0 0 0 0 0 0 0 0 0 0 0 0 0 0 0 0 0 0 0 0 0 0 0 0 0 0 0 0 0 0 0 0 0 0 0 0 0 0 0 0 0 0 0 0 0 0 0 0 0 0 0 1 0 0 0 0 0 0 0 0 0 0 0 0 0 0 0 0 0 0 0 0 0 0 0 0 0 0 0 0 0 0 0 0 0 0 0 0 0 0 0 0 0 0 0 0 0 0 0 0]
[3760936383426226317560153668321117089222193652116565870245507130117080230727089734337946866329322804793028534316628656161279998390502690991049936631771784125881617041316187900380558668560818871668641572414766724756801312171748054357577827932572978869614520129645573760095908714514586735591440898955562768386 0 0 0 0 0 0 0 0 0 0 0 0 0 0 0 0 0 0 0 0 0 0 0 0 0 0 0 0 0 0 0 0 0 0 0 0 0 0 0 0 0 0 0 0 0 0 0 0 0 0 0 0 0 1 0 0 0 0 0 0 0 0 0 0 0 0 0 0 0 0 0 0 0 0 0 0 0 0 0 0 0 0 0 0 0 0 0 0 0 0 0 0 0 0 0 0 0 0 0 0 0]
[2626310213409445181384671589717808431150351548258251986581756820538288580458239657012156548483929108560242653797637348165175106749505742219710655545538333406813371107001044148164612520535483022838232525645615804098169178667911625790086835670738011532064189250399904028100070697610690589706444181991409841995 0 0 0 0 0 0 0 0 0 0 0 0 0 0 0 0 0 0 0 0 0 0 0 0 0 0 0 0 0 0 0 0 0 0 0 0 0 0 0 0 0 0 0 0 0 0 0 0 0 0 0 0 0 0 1 0 0 0 0 0 0 0 0 0 0 0 0 0 0 0 0 0 0 0 0 0 0 0 0 0 0 0 0 0 0 0 0 0 0 0 0 0 0 0 0 0 0 0 0 0 0]
[4672318179212642728581548586532595056492938136676317409485392726621222000371448230050632378731638730286301493577785859118957868682757705698378339603444573159939917711061728363644644670982810457359013619182190143851292267159897439011875526900596097565862428782589883301054130083967250601953196643391192796403 0 0 0 0 0 0 0 0 0 0 0 0 0 0 0 0 0 0 0 0 0 0 0 0 0 0 0 0 0 0 0 0 0 0 0 0 0 0 0 0 0 0 0 0 0 0 0 0 0 0 0 0 0 0 0 1 0 0 0 0 0 0 0 0 0 0 0 0 0 0 0 0 0 0 0 0 0 0 0 0 0 0 0 0 0 0 0 0 0 0 0 0 0 0 0 0 0 0 0 0 0]
[4691341784571867493303533216637949435237893087856516802436653573639782883437864092876741683297159157675693410811357000131546389392258502422398167805433467196119748229565682025867485629434111890138161689447804131793291326466292628615547924309399845067781345298477228885833822144891482585168956463263229453028 0 0 0 0 0 0 0 0 0 0 0 0 0 0 0 0 0 0 0 0 0 0 0 0 0 0 0 0 0 0 0 0 0 0 0 0 0 0 0 0 0 0 0 0 0 0 0 0 0 0 0 0 0 0 0 0 1 0 0 0 0 0 0 0 0 0 0 0 0 0 0 0 0 0 0 0 0 0 0 0 0 0 0 0 0 0 0 0 0 0 0 0 0 0 0 0 0 0 0 0 0]
[2580966517557214959189530717833424983384496120896623152646711715424267489700911602431220643277852475408058751429292457482987421882685042925154265814049171177792664400288950954126307698384058087966829428549166463094494461008486391096264168526351745108181112121591788269324472258287662397106049438371442191906 0 0 0 0 0 0 0 0 0 0 0 0 0 0 0 0 0 0 0 0 0 0 0 0 0 0 0 0 0 0 0 0 0 0 0 0 0 0 0 0 0 0 0 0 0 0 0 0 0 0 0 0 0 0 0 0 0 1 0 0 0 0 0 0 0 0 0 0 0 0 0 0 0 0 0 0 0 0 0 0 0 0 0 0 0 0 0 0 0 0 0 0 0 0 0 0 0 0 0 0 0]
[6370383029664901401203288435653457078219481325748888569658109121699109653814101542684975584094504759850739787656510177613017229250398085360460652950591309968027768971363342196197231882015829435253999476172918829944353342944805682322419718138720808891561184774884740566907188593135007306934479819787973484895 0 0 0 0 0 0 0 0 0 0 0 0 0 0 0 0 0 0 0 0 0 0 0 0 0 0 0 0 0 0 0 0 0 0 0 0 0 0 0 0 0 0 0 0 0 0 0 0 0 0 0 0 0 0 0 0 0 0 1 0 0 0 0 0 0 0 0 0 0 0 0 0 0 0 0 0 0 0 0 0 0 0 0 0 0 0 0 0 0 0 0 0 0 0 0 0 0 0 0 0 0]
[556000684849314682350397348849867327861775174605561316262721275286858277554259208563878352394148863411447317717195349119814386669106150033666835142740037747714790400007224494705248879311826368985582960779241928281221866220832565822394297832791843076581939457271804172000037756174451774811409657928910652928 0 0 0 0 0 0 0 0 0 0 0 0 0 0 0 0 0 0 0 0 0 0 0 0 0 0 0 0 0 0 0 0 0 0 0 0 0 0 0 0 0 0 0 0 0 0 0 0 0 0 0 0 0 0 0 0 0 0 0 1 0 0 0 0 0 0 0 0 0 0 0 0 0 0 0 0 0 0 0 0 0 0 0 0 0 0 0 0 0 0 0 0 0 0 0 0 0 0 0 0 0]
[7837819395324303208932718885152189513196614156380309451590215624816825018123953981854129277314597843649849101946116709797024133587824578471430121228944972407832633326017771953006386158671540411050124617485032248834582102453674162788314401227060991700741650661600488311023469585688215463865761215416189280198 0 0 0 0 0 0 0 0 0 0 0 0 0 0 0 0 0 0 0 0 0 0 0 0 0 0 0 0 0 0 0 0 0 0 0 0 0 0 0 0 0 0 0 0 0 0 0 0 0 0 0 0 0 0 0 0 0 0 0 0 1 0 0 0 0 0 0 0 0 0 0 0 0 0 0 0 0 0 0 0 0 0 0 0 0 0 0 0 0 0 0 0 0 0 0 0 0 0 0 0 0]
[1048130539775534976639251732977093317026760654594670679878955287620398352669980691831279929410363842713309924540810048311642840332667657945070475710552553655337129267842841300543015700339929532393526453134470152660264637362714221234483962077263263587811168924255866592110516201274121899302463318998967702198 0 0 0 0 0 0 0 0 0 0 0 0 0 0 0 0 0 0 0 0 0 0 0 0 0 0 0 0 0 0 0 0 0 0 0 0 0 0 0 0 0 0 0 0 0 0 0 0 0 0 0 0 0 0 0 0 0 0 0 0 0 1 0 0 0 0 0 0 0 0 0 0 0 0 0 0 0 0 0 0 0 0 0 0 0 0 0 0 0 0 0 0 0 0 0 0 0 0 0 0 0]
[7701555628085323008661680839961412020373595419688630891646030789915539449216505425321832618638118662585076873828609716627635808038995118377233650473277694079463073063745245617382067357444597604992149763629767627491669629502078596249906270171372699903363698630991362323181293654918558056782534124195566740153 0 0 0 0 0 0 0 0 0 0 0 0 0 0 0 0 0 0 0 0 0 0 0 0 0 0 0 0 0 0 0 0 0 0 0 0 0 0 0 0 0 0 0 0 0 0 0 0 0 0 0 0 0 0 0 0 0 0 0 0 0 0 1 0 0 0 0 0 0 0 0 0 0 0 0 0 0 0 0 0 0 0 0 0 0 0 0 0 0 0 0 0 0 0 0 0 0 0 0 0 0]
[6446727506638180444107623796293398354790023811569175848625149433781156402127784250117610318618466510613009679266998262294365587688241523777420647151789030411006265591941640525728749029998650151755298368948803906329179726753712975795347033428029022118370883161753581863695908683008153448351208808165336982470 0 0 0 0 0 0 0 0 0 0 0 0 0 0 0 0 0 0 0 0 0 0 0 0 0 0 0 0 0 0 0 0 0 0 0 0 0 0 0 0 0 0 0 0 0 0 0 0 0 0 0 0 0 0 0 0 0 0 0 0 0 0 0 1 0 0 0 0 0 0 0 0 0 0 0 0 0 0 0 0 0 0 0 0 0 0 0 0 0 0 0 0 0 0 0 0 0 0 0 0 0]
[7396167284759400097243471631495054648114008157569529109063245146607530209187003745696491177712411596099361869619624953324208415210626253277765115953423411010375756020747475993896237564503099908449600214048332249747582728439593694909730446719002687551977799928150181614684955510398786360268439508693761404916 0 0 0 0 0 0 0 0 0 0 0 0 0 0 0 0 0 0 0 0 0 0 0 0 0 0 0 0 0 0 0 0 0 0 0 0 0 0 0 0 0 0 0 0 0 0 0 0 0 0 0 0 0 0 0 0 0 0 0 0 0 0 0 0 1 0 0 0 0 0 0 0 0 0 0 0 0 0 0 0 0 0 0 0 0 0 0 0 0 0 0 0 0 0 0 0 0 0 0 0 0]
[456502056557947615585205531933911505619022828249413841473984425342454277796295840581250661864203928005480784270523458765693798712358849765663709027775791558642099665635300026461996597770518828665975540550123012126239395920009663777521249464277617662089573015645560565590599103973008190664481394080916458245 0 0 0 0 0 0 0 0 0 0 0 0 0 0 0 0 0 0 0 0 0 0 0 0 0 0 0 0 0 0 0 0 0 0 0 0 0 0 0 0 0 0 0 0 0 0 0 0 0 0 0 0 0 0 0 0 0 0 0 0 0 0 0 0 0 1 0 0 0 0 0 0 0 0 0 0 0 0 0 0 0 0 0 0 0 0 0 0 0 0 0 0 0 0 0 0 0 0 0 0 0]
[2799767397131799122225020923202331211155566950079047610696296356219861413561223168191385540879134526566842804403194892445471025946893166959838965003625313175955219912971026077119823580945509072824128187313787824886226944406396901929770382636975689110350302106230578526342632871286821088277074865092016669283 0 0 0 0 0 0 0 0 0 0 0 0 0 0 0 0 0 0 0 0 0 0 0 0 0 0 0 0 0 0 0 0 0 0 0 0 0 0 0 0 0 0 0 0 0 0 0 0 0 0 0 0 0 0 0 0 0 0 0 0 0 0 0 0 0 0 1 0 0 0 0 0 0 0 0 0 0 0 0 0 0 0 0 0 0 0 0 0 0 0 0 0 0 0 0 0 0 0 0 0 0]
[930141943903454992512009228374462184476693337430393830262030461848728979381022788146458229581176334567233503105548265266979051193651743771404907173070653389389424527466465739077513804419652158815977260214596621869636538347267365543938423980037032461642963854980929714153379482928791578712950608083902559857 0 0 0 0 0 0 0 0 0 0 0 0 0 0 0 0 0 0 0 0 0 0 0 0 0 0 0 0 0 0 0 0 0 0 0 0 0 0 0 0 0 0 0 0 0 0 0 0 0 0 0 0 0 0 0 0 0 0 0 0 0 0 0 0 0 0 0 1 0 0 0 0 0 0 0 0 0 0 0 0 0 0 0 0 0 0 0 0 0 0 0 0 0 0 0 0 0 0 0 0 0]
[6968714474212454437131758684683938257919485553321179001248129176872185978118674630595807882966736896693741820228590770976062226914636647804260879145312688401171135975983523040509521509771073618383628232397703929386528451463074689218354146266008777223706812483917024143467961509305338755939774428344621207275 0 0 0 0 0 0 0 0 0 0 0 0 0 0 0 0 0 0 0 0 0 0 0 0 0 0 0 0 0 0 0 0 0 0 0 0 0 0 0 0 0 0 0 0 0 0 0 0 0 0 0 0 0 0 0 0 0 0 0 0 0 0 0 0 0 0 0 0 1 0 0 0 0 0 0 0 0 0 0 0 0 0 0 0 0 0 0 0 0 0 0 0 0 0 0 0 0 0 0 0 0]
[1643840340765323758222669222590641392182535234665475824254004474102888205381013054181964363013619251263348209700494668643638439648358952640087867793382431006167982721855730946712143373546413389907892114088354039269208586613441248119108521283329402476191088597771320851413405753601437356299352199042650931327 0 0 0 0 0 0 0 0 0 0 0 0 0 0 0 0 0 0 0 0 0 0 0 0 0 0 0 0 0 0 0 0 0 0 0 0 0 0 0 0 0 0 0 0 0 0 0 0 0 0 0 0 0 0 0 0 0 0 0 0 0 0 0 0 0 0 0 0 0 1 0 0 0 0 0 0 0 0 0 0 0 0 0 0 0 0 0 0 0 0 0 0 0 0 0 0 0 0 0 0 0]
[8334366660457530658205596486307012347377901693685084727677318149629252760720200225316465527525289901767291479954813696645590094747791465981011888144879219210404656170789390938977241503831831478770228503874088696304821020556612947699448285109675094899213149512173003353472014818486734072442451354097664488113 0 0 0 0 0 0 0 0 0 0 0 0 0 0 0 0 0 0 0 0 0 0 0 0 0 0 0 0 0 0 0 0 0 0 0 0 0 0 0 0 0 0 0 0 0 0 0 0 0 0 0 0 0 0 0 0 0 0 0 0 0 0 0 0 0 0 0 0 0 0 1 0 0 0 0 0 0 0 0 0 0 0 0 0 0 0 0 0 0 0 0 0 0 0 0 0 0 0 0 0 0]
[9116324786804850110509481991881189966743856394670516678682236955643376439076864055178799358791438711333938725164310047082488874285137995666723037660617975289442336085982342593408514878232351204413792697422562357111145274591540387079623168784781457171800314140015283777744389349616287462817928727861714806504 0 0 0 0 0 0 0 0 0 0 0 0 0 0 0 0 0 0 0 0 0 0 0 0 0 0 0 0 0 0 0 0 0 0 0 0 0 0 0 0 0 0 0 0 0 0 0 0 0 0 0 0 0 0 0 0 0 0 0 0 0 0 0 0 0 0 0 0 0 0 0 1 0 0 0 0 0 0 0 0 0 0 0 0 0 0 0 0 0 0 0 0 0 0 0 0 0 0 0 0 0]
[3462625360713351064495695263807073813853107704460141472909568819387105636939064070016974646446284984239906506596419537289683206069116305915860381556486133823088893592867068289812449308791117105164286378532549900895778421599521807491950107034305657407534313976060028619896202680665158738575148109109440148107 0 0 0 0 0 0 0 0 0 0 0 0 0 0 0 0 0 0 0 0 0 0 0 0 0 0 0 0 0 0 0 0 0 0 0 0 0 0 0 0 0 0 0 0 0 0 0 0 0 0 0 0 0 0 0 0 0 0 0 0 0 0 0 0 0 0 0 0 0 0 0 0 1 0 0 0 0 0 0 0 0 0 0 0 0 0 0 0 0 0 0 0 0 0 0 0 0 0 0 0 0]
[9167696855823647393137453988172216623868275327636675976978725923075880150098781100619957227714200412498520544370647705800592073967437160425070072435168763118294269049385365632777905491932056978165255376554378127630079926837102692496006487590517816032677042321364906979140085488370971191168050739807523848131 0 0 0 0 0 0 0 0 0 0 0 0 0 0 0 0 0 0 0 0 0 0 0 0 0 0 0 0 0 0 0 0 0 0 0 0 0 0 0 0 0 0 0 0 0 0 0 0 0 0 0 0 0 0 0 0 0 0 0 0 0 0 0 0 0 0 0 0 0 0 0 0 0 1 0 0 0 0 0 0 0 0 0 0 0 0 0 0 0 0 0 0 0 0 0 0 0 0 0 0 0]
[3288541967572695040072375761919256770951059274171748793501292854970910623220431866323154179628922690795387294179790964040098487229962437184261623021192097689713345974214759373763103396140020534679337146097992954797212641628018062268376875976197187248297932911813689337513205431737596981208020462845544924782 0 0 0 0 0 0 0 0 0 0 0 0 0 0 0 0 0 0 0 0 0 0 0 0 0 0 0 0 0 0 0 0 0 0 0 0 0 0 0 0 0 0 0 0 0 0 0 0 0 0 0 0 0 0 0 0 0 0 0 0 0 0 0 0 0 0 0 0 0 0 0 0 0 0 1 0 0 0 0 0 0 0 0 0 0 0 0 0 0 0 0 0 0 0 0 0 0 0 0 0 0]
[3039585554401267942907398363574447921748611597489062454518311633119099259527756860237459440143733812418252664552328026850639874202754845658727056712953208697542603465189016297178366081424247396658829958619550549197524787281383070419648130688086451395970176252510478030867767219216477110961088133168299457359 0 0 0 0 0 0 0 0 0 0 0 0 0 0 0 0 0 0 0 0 0 0 0 0 0 0 0 0 0 0 0 0 0 0 0 0 0 0 0 0 0 0 0 0 0 0 0 0 0 0 0 0 0 0 0 0 0 0 0 0 0 0 0 0 0 0 0 0 0 0 0 0 0 0 0 1 0 0 0 0 0 0 0 0 0 0 0 0 0 0 0 0 0 0 0 0 0 0 0 0 0]
[4336681959514476866114748330644412158583232875985484332101810234363852451720933478279137121358806764502425733301325590489437314935568065678303276913088234980332737617256021081192118587635381464450446436120372272396675288700060737579083037364537746245375321000935958609871045093378848328605592015057277857606 0 0 0 0 0 0 0 0 0 0 0 0 0 0 0 0 0 0 0 0 0 0 0 0 0 0 0 0 0 0 0 0 0 0 0 0 0 0 0 0 0 0 0 0 0 0 0 0 0 0 0 0 0 0 0 0 0 0 0 0 0 0 0 0 0 0 0 0 0 0 0 0 0 0 0 0 1 0 0 0 0 0 0 0 0 0 0 0 0 0 0 0 0 0 0 0 0 0 0 0 0]
[6791399788238622463880043748456179981915151634430536480862059344580067001164394595194060949391913319416100786683938869555090320435964586449422731119796253880909304552115920348776735790544649228723020504517395752041109961458693879840697435976261763466962393470826395047298957436507454186752336650357760409431 0 0 0 0 0 0 0 0 0 0 0 0 0 0 0 0 0 0 0 0 0 0 0 0 0 0 0 0 0 0 0 0 0 0 0 0 0 0 0 0 0 0 0 0 0 0 0 0 0 0 0 0 0 0 0 0 0 0 0 0 0 0 0 0 0 0 0 0 0 0 0 0 0 0 0 0 0 1 0 0 0 0 0 0 0 0 0 0 0 0 0 0 0 0 0 0 0 0 0 0 0]
[5799067559247696025611365049876315384852959516190921989940179228154278823237615473664874814111399638726985432709864964007088255541639910019009938023421044692232478962897100335822296150795480597104233389335587052095051692839766863195995910877414952440019072051807802832711812802487144844287138644298937157800 0 0 0 0 0 0 0 0 0 0 0 0 0 0 0 0 0 0 0 0 0 0 0 0 0 0 0 0 0 0 0 0 0 0 0 0 0 0 0 0 0 0 0 0 0 0 0 0 0 0 0 0 0 0 0 0 0 0 0 0 0 0 0 0 0 0 0 0 0 0 0 0 0 0 0 0 0 0 1 0 0 0 0 0 0 0 0 0 0 0 0 0 0 0 0 0 0 0 0 0 0]
[6581058135417525226238585871842574761287553043498073051145501683633811150583325970815035086003981190810484263732077700701952998436280292678885787631860793832993616045601175171841739043626811473707057789024373511759638062102129303341162283734962061212244767141803145118540889355267622986543964335558158866646 0 0 0 0 0 0 0 0 0 0 0 0 0 0 0 0 0 0 0 0 0 0 0 0 0 0 0 0 0 0 0 0 0 0 0 0 0 0 0 0 0 0 0 0 0 0 0 0 0 0 0 0 0 0 0 0 0 0 0 0 0 0 0 0 0 0 0 0 0 0 0 0 0 0 0 0 0 0 0 1 0 0 0 0 0 0 0 0 0 0 0 0 0 0 0 0 0 0 0 0 0]
[1613753107834907491546546481464124107221308035278357464598939563046378343937532255526852926873992486770864944884971232416433556663824546339388356065864751093927761116667015893127274488858473475231574134405168213630161829262884899250178224291080050662449239595066871793943140840787624803171247187899890599905 0 0 0 0 0 0 0 0 0 0 0 0 0 0 0 0 0 0 0 0 0 0 0 0 0 0 0 0 0 0 0 0 0 0 0 0 0 0 0 0 0 0 0 0 0 0 0 0 0 0 0 0 0 0 0 0 0 0 0 0 0 0 0 0 0 0 0 0 0 0 0 0 0 0 0 0 0 0 0 0 1 0 0 0 0 0 0 0 0 0 0 0 0 0 0 0 0 0 0 0 0]
[8686327055104989361212821677719134384640920572043360045078192221068157083164302573283848623487357400365489333895638676377599629737074300106286739349913360646494533875657755256394010508859354332161467064259622721068871763448842623634939919339225291558051657519709769964040348591711748419280886143202517520163 0 0 0 0 0 0 0 0 0 0 0 0 0 0 0 0 0 0 0 0 0 0 0 0 0 0 0 0 0 0 0 0 0 0 0 0 0 0 0 0 0 0 0 0 0 0 0 0 0 0 0 0 0 0 0 0 0 0 0 0 0 0 0 0 0 0 0 0 0 0 0 0 0 0 0 0 0 0 0 0 0 1 0 0 0 0 0 0 0 0 0 0 0 0 0 0 0 0 0 0 0]
[6661802164525950740179545443083887150241992955323186412740351435094438300770554985379475538027169360851133352114395541336048395055178783714760558116336623062965786965313720048333412360996680992102158423688325662834004499465310428984468933541297108235071517357518178111835147508810588947276057263196365427388 0 0 0 0 0 0 0 0 0 0 0 0 0 0 0 0 0 0 0 0 0 0 0 0 0 0 0 0 0 0 0 0 0 0 0 0 0 0 0 0 0 0 0 0 0 0 0 0 0 0 0 0 0 0 0 0 0 0 0 0 0 0 0 0 0 0 0 0 0 0 0 0 0 0 0 0 0 0 0 0 0 0 1 0 0 0 0 0 0 0 0 0 0 0 0 0 0 0 0 0 0]
[5341407240703902131254365834661499707582613955651613813503426191742432247378597454245751940551101144684045124075858172303880845007968442923993917060889470941892025292528397309847483168451548547010840368384573879603244680779695103681660753412038866032260900732254763204448101233762849406001122781470573129614 0 0 0 0 0 0 0 0 0 0 0 0 0 0 0 0 0 0 0 0 0 0 0 0 0 0 0 0 0 0 0 0 0 0 0 0 0 0 0 0 0 0 0 0 0 0 0 0 0 0 0 0 0 0 0 0 0 0 0 0 0 0 0 0 0 0 0 0 0 0 0 0 0 0 0 0 0 0 0 0 0 0 0 1 0 0 0 0 0 0 0 0 0 0 0 0 0 0 0 0 0]
[9977839434344911180088693949456338954907768080801662854760802446588454964154057480073758058657044205812928835250031048916275509343676924113083819928285516476783722482022126865466194204389016430851858488199475033455033141962327431747006914776962567576544148017286303328268716070566543616428211946205355669830 0 0 0 0 0 0 0 0 0 0 0 0 0 0 0 0 0 0 0 0 0 0 0 0 0 0 0 0 0 0 0 0 0 0 0 0 0 0 0 0 0 0 0 0 0 0 0 0 0 0 0 0 0 0 0 0 0 0 0 0 0 0 0 0 0 0 0 0 0 0 0 0 0 0 0 0 0 0 0 0 0 0 0 0 1 0 0 0 0 0 0 0 0 0 0 0 0 0 0 0 0]
[2965454150418216231314538972835327460754680990140396216745464856758049866133413534088436806359078757784685308386934856890714974894563688978039172853012561140830754879715086275795411545420976955700661076811851968846104512965139809920465354217374222224352865277725007249003770139817124871369202044331870516013 0 0 0 0 0 0 0 0 0 0 0 0 0 0 0 0 0 0 0 0 0 0 0 0 0 0 0 0 0 0 0 0 0 0 0 0 0 0 0 0 0 0 0 0 0 0 0 0 0 0 0 0 0 0 0 0 0 0 0 0 0 0 0 0 0 0 0 0 0 0 0 0 0 0 0 0 0 0 0 0 0 0 0 0 0 1 0 0 0 0 0 0 0 0 0 0 0 0 0 0 0]
[761985666708970978987580812819067924747260549612228846451638370876925629451413411990909896626883983877338962078387526686872254902503676077726099079717284137533777883465648170325793709692070210507866528811083960799828339711697892189081090535100130948777386852788910080092844622519967417864027210278504834850 0 0 0 0 0 0 0 0 0 0 0 0 0 0 0 0 0 0 0 0 0 0 0 0 0 0 0 0 0 0 0 0 0 0 0 0 0 0 0 0 0 0 0 0 0 0 0 0 0 0 0 0 0 0 0 0 0 0 0 0 0 0 0 0 0 0 0 0 0 0 0 0 0 0 0 0 0 0 0 0 0 0 0 0 0 0 1 0 0 0 0 0 0 0 0 0 0 0 0 0 0]
[405828410255179412232959697210718506993733820734156806195632119019474614996945798630084728736026408879363630876030152018955912406614868978917857713710777121244631414004333450348169514992780861443908748059935100998704735855635915831223172038691206290240062781483027500023075730796894295743425193716150859419 0 0 0 0 0 0 0 0 0 0 0 0 0 0 0 0 0 0 0 0 0 0 0 0 0 0 0 0 0 0 0 0 0 0 0 0 0 0 0 0 0 0 0 0 0 0 0 0 0 0 0 0 0 0 0 0 0 0 0 0 0 0 0 0 0 0 0 0 0 0 0 0 0 0 0 0 0 0 0 0 0 0 0 0 0 0 0 1 0 0 0 0 0 0 0 0 0 0 0 0 0]
[8214344458931953165332590626135696107355561194609988003916737921903238761048953637726821159168571778729120547961615431318098920456301089394983865069467968632359058328981956908998614771576870594388590004867378977726886001630242810652440954443340438039294922176282497788151900917200566984299869942484806627934 0 0 0 0 0 0 0 0 0 0 0 0 0 0 0 0 0 0 0 0 0 0 0 0 0 0 0 0 0 0 0 0 0 0 0 0 0 0 0 0 0 0 0 0 0 0 0 0 0 0 0 0 0 0 0 0 0 0 0 0 0 0 0 0 0 0 0 0 0 0 0 0 0 0 0 0 0 0 0 0 0 0 0 0 0 0 0 0 1 0 0 0 0 0 0 0 0 0 0 0 0]
[5016256145141600945614434412739686714075425776979321475805155551924032957284810503464952321009333898211588056181331857553829738808945996639493379698962448942279903961879457954329430345183099767388592292218062519334880607894757783908443896996900110863885209798636391199093659034599999381150747039949752883075 0 0 0 0 0 0 0 0 0 0 0 0 0 0 0 0 0 0 0 0 0 0 0 0 0 0 0 0 0 0 0 0 0 0 0 0 0 0 0 0 0 0 0 0 0 0 0 0 0 0 0 0 0 0 0 0 0 0 0 0 0 0 0 0 0 0 0 0 0 0 0 0 0 0 0 0 0 0 0 0 0 0 0 0 0 0 0 0 0 1 0 0 0 0 0 0 0 0 0 0 0]
[3909875301720287440690038661140220906283111226168748329880214493521610628851495929234968170515813945309872446696122998666308163623231980535671466999535038407821937945888549700813142405458629426064136399742915197440249339749027325773004053175906492946574430163901713193247635121762920074414679542523984428624 0 0 0 0 0 0 0 0 0 0 0 0 0 0 0 0 0 0 0 0 0 0 0 0 0 0 0 0 0 0 0 0 0 0 0 0 0 0 0 0 0 0 0 0 0 0 0 0 0 0 0 0 0 0 0 0 0 0 0 0 0 0 0 0 0 0 0 0 0 0 0 0 0 0 0 0 0 0 0 0 0 0 0 0 0 0 0 0 0 0 1 0 0 0 0 0 0 0 0 0 0]
[6968301171841373218455778377309167370492982549974561625213457136653630899062692976084823194656412242234380271189103625554320249852823500497497503593199637346185582154509280326859953863795105309144561055253786212529149766470176702431581168537375178591060460323792380743216359349401515037267983811741543800738 0 0 0 0 0 0 0 0 0 0 0 0 0 0 0 0 0 0 0 0 0 0 0 0 0 0 0 0 0 0 0 0 0 0 0 0 0 0 0 0 0 0 0 0 0 0 0 0 0 0 0 0 0 0 0 0 0 0 0 0 0 0 0 0 0 0 0 0 0 0 0 0 0 0 0 0 0 0 0 0 0 0 0 0 0 0 0 0 0 0 0 1 0 0 0 0 0 0 0 0 0]
[1466113210766067850839218048979212205329177394235494774116574299159928601206462267395045915201224691489260708773135348470951275875327516668654903563967113566064429674319400305584106091853280568870853966489666024809169145895818665752336748268398394293506109091716494232769459020644291428085452316866427646525 0 0 0 0 0 0 0 0 0 0 0 0 0 0 0 0 0 0 0 0 0 0 0 0 0 0 0 0 0 0 0 0 0 0 0 0 0 0 0 0 0 0 0 0 0 0 0 0 0 0 0 0 0 0 0 0 0 0 0 0 0 0 0 0 0 0 0 0 0 0 0 0 0 0 0 0 0 0 0 0 0 0 0 0 0 0 0 0 0 0 0 0 1 0 0 0 0 0 0 0 0]
[3968927459187878299179102144924654342525861578936266658177626719813082017707607420431197980490269261284957325286849051811220850172897798465083805250281759044743601570117975420459173172261902720925849186944151635683571703949164602583380646697736168081506625876541568284333563874207955746960142013567508326284 0 0 0 0 0 0 0 0 0 0 0 0 0 0 0 0 0 0 0 0 0 0 0 0 0 0 0 0 0 0 0 0 0 0 0 0 0 0 0 0 0 0 0 0 0 0 0 0 0 0 0 0 0 0 0 0 0 0 0 0 0 0 0 0 0 0 0 0 0 0 0 0 0 0 0 0 0 0 0 0 0 0 0 0 0 0 0 0 0 0 0 0 0 1 0 0 0 0 0 0 0]
[775892012057324310903906124128385534181605702104804385951648649879378585639853963397072539035961403183559525959859601588193955129654793469158271960334551498450554715944817797137758805819733480843481302763541360094488240196988600302153033654996064375766276219445687445420316962253342782921866772080761417482 0 0 0 0 0 0 0 0 0 0 0 0 0 0 0 0 0 0 0 0 0 0 0 0 0 0 0 0 0 0 0 0 0 0 0 0 0 0 0 0 0 0 0 0 0 0 0 0 0 0 0 0 0 0 0 0 0 0 0 0 0 0 0 0 0 0 0 0 0 0 0 0 0 0 0 0 0 0 0 0 0 0 0 0 0 0 0 0 0 0 0 0 0 0 1 0 0 0 0 0 0]
[7926476994497978897591751989873948241108450645216838343320457924377005702045101753123939593526220803610652027041978951528212601868696438581593235757875667816346765590684384258310522064285522631912875372789734224427612858649748703694285183471544977832116002057620990858686014391890822338263622914686618676504 0 0 0 0 0 0 0 0 0 0 0 0 0 0 0 0 0 0 0 0 0 0 0 0 0 0 0 0 0 0 0 0 0 0 0 0 0 0 0 0 0 0 0 0 0 0 0 0 0 0 0 0 0 0 0 0 0 0 0 0 0 0 0 0 0 0 0 0 0 0 0 0 0 0 0 0 0 0 0 0 0 0 0 0 0 0 0 0 0 0 0 0 0 0 0 1 0 0 0 0 0]
[4075625021152495844300946684627467902963897704358892161534678624912255347380863313679154484026082242948311200938839020862549764347361286836521003214763954640066068008940156066234259929574236781868116124805561812222626260930704994558714138864605981995673198873128822078774529833735598412991447845661067873813 0 0 0 0 0 0 0 0 0 0 0 0 0 0 0 0 0 0 0 0 0 0 0 0 0 0 0 0 0 0 0 0 0 0 0 0 0 0 0 0 0 0 0 0 0 0 0 0 0 0 0 0 0 0 0 0 0 0 0 0 0 0 0 0 0 0 0 0 0 0 0 0 0 0 0 0 0 0 0 0 0 0 0 0 0 0 0 0 0 0 0 0 0 0 0 0 1 0 0 0 0]
[8457746774751076640195821217831170439290791879854934741852951681125618567928663142480961796167717209632363077998218238531812742208900835800059938617042091604441634703625673584798361869255019659202089353908247656298496481147232921982363657972503790972398203651581966778296443247764111812513879795420715224781 0 0 0 0 0 0 0 0 0 0 0 0 0 0 0 0 0 0 0 0 0 0 0 0 0 0 0 0 0 0 0 0 0 0 0 0 0 0 0 0 0 0 0 0 0 0 0 0 0 0 0 0 0 0 0 0 0 0 0 0 0 0 0 0 0 0 0 0 0 0 0 0 0 0 0 0 0 0 0 0 0 0 0 0 0 0 0 0 0 0 0 0 0 0 0 0 0 1 0 0 0]
[2856315724058590119452057015196266612894532190264024370029659585400461187312286102007842927346658612198510916726121475900224327247041398829712744764607170817118268546501099670334211407434842771407962535830880939001791651214624085381875567670199057943121204130931926290150864718924081315193756438313682764066 0 0 0 0 0 0 0 0 0 0 0 0 0 0 0 0 0 0 0 0 0 0 0 0 0 0 0 0 0 0 0 0 0 0 0 0 0 0 0 0 0 0 0 0 0 0 0 0 0 0 0 0 0 0 0 0 0 0 0 0 0 0 0 0 0 0 0 0 0 0 0 0 0 0 0 0 0 0 0 0 0 0 0 0 0 0 0 0 0 0 0 0 0 0 0 0 0 0 1 0 0]
[3437757282453254374285902553081893957249773899110101495641901274187775863687098272516403593813376354418524146046295629637532445380059390751803196438985402115535111519518577265247238919028144234417894960162784928282342300874948707116427541680663798725898170869041475168168012020672583505297874191561638137477 0 0 0 0 0 0 0 0 0 0 0 0 0 0 0 0 0 0 0 0 0 0 0 0 0 0 0 0 0 0 0 0 0 0 0 0 0 0 0 0 0 0 0 0 0 0 0 0 0 0 0 0 0 0 0 0 0 0 0 0 0 0 0 0 0 0 0 0 0 0 0 0 0 0 0 0 0 0 0 0 0 0 0 0 0 0 0 0 0 0 0 0 0 0 0 0 0 0 0 1 0]
[5007336655701223870576829429608029977712353722165230364595585515235181817176601339193898140515906752754311279886452638339352423803015545564740335839965687069739929242797616944356384423839948333149738958269011759357701817846730277842044184806521783398116559192106577910067854554295562092823482860884298347762 0 0 0 0 0 0 0 0 0 0 0 0 0 0 0 0 0 0 0 0 0 0 0 0 0 0 0 0 0 0 0 0 0 0 0 0 0 0 0 0 0 0 0 0 0 0 0 0 0 0 0 0 0 0 0 0 0 0 0 0 0 0 0 0 0 0 0 0 0 0 0 0 0 0 0 0 0 0 0 0 0 0 0 0 0 0 0 0 0 0 0 0 0 0 0 0 0 0 0 0 1]
]
