[[3633802439822712380516522915621534502635206917520862215282157201441788471293728555575203198561580590312544332602172746229384678572092108370747418151953119370513221713295369294701930348216981002341185580494222351072706694572197288007383 0 0 0 0 0 0 0 0 0 0 0 0 0 0 0 0 0 0 0 0 0 0 0 0 0 0 0 0 0 0 0 0 0 0 0 0 0 0 0 0 0 0 0 0 0 0 0 0 0 0 0 0 0 0 0 0 0 0 0 0 0 0 0 0 0 0 0 0 0 0 0 0 0 0 0 0 0]
[2928598736467186197958650540432935324968639708014633194444390856069886040762094513656408456965367656765787522625508070798309171835390558143147123250917260091657439545675970262825257877843402721420392357063343485090395445017292910300973 1 0 0 0 0 0 0 0 0 0 0 0 0 0 0 0 0 0 0 0 0 0 0 0 0 0 0 0 0 0 0 0 0 0 0 0 0 0 0 0 0 0 0 0 0 0 0 0 0 0 0 0 0 0 0 0 0 0 0 0 0 0 0 0 0 0 0 0 0 0 0 0 0 0 0 0 0]
[2871413196411253928741876421400133237997517912326332018954456077531060014623076599881203314924115958805092432223851834684812991907656876480611933521693756043381634438544442939402772075762476009447936690478200596223843564206251450653622 0 1 0 0 0 0 0 0 0 0 0 0 0 0 0 0 0 0 0 0 0 0 0 0 0 0 0 0 0 0 0 0 0 0 0 0 0 0 0 0 0 0 0 0 0 0 0 0 0 0 0 0 0 0 0 0 0 0 0 0 0 0 0 0 0 0 0 0 0 0 0 0 0 0 0 0 0]
[1043097908714908319047531828368706559018119404750528117900313338904481144443221794793956713113646654793520385193987884748840731025955106458764239841683488038542371449325032219315808541472384348145118002271153298916165931174837307207604 0 0 1 0 0 0 0 0 0 0 0 0 0 0 0 0 0 0 0 0 0 0 0 0 0 0 0 0 0 0 0 0 0 0 0 0 0 0 0 0 0 0 0 0 0 0 0 0 0 0 0 0 0 0 0 0 0 0 0 0 0 0 0 0 0 0 0 0 0 0 0 0 0 0 0 0 0]
[937378913448615737635457322959022339824335876992349901382876018560220490995292444788500757142667216991245689766295141243340676163225107777449329887124157581324007411687593675780937883188959414845355294176686597021957627013167759409013 0 0 0 1 0 0 0 0 0 0 0 0 0 0 0 0 0 0 0 0 0 0 0 0 0 0 0 0 0 0 0 0 0 0 0 0 0 0 0 0 0 0 0 0 0 0 0 0 0 0 0 0 0 0 0 0 0 0 0 0 0 0 0 0 0 0 0 0 0 0 0 0 0 0 0 0 0]
[2255552272184105758659187136878059344171169160638245675696960089401993938586463853683284593849800587077649619004909751575308845444521363842040540929888567951852203718223345964555972682405109352467916707981977302341155343217209179386002 0 0 0 0 1 0 0 0 0 0 0 0 0 0 0 0 0 0 0 0 0 0 0 0 0 0 0 0 0 0 0 0 0 0 0 0 0 0 0 0 0 0 0 0 0 0 0 0 0 0 0 0 0 0 0 0 0 0 0 0 0 0 0 0 0 0 0 0 0 0 0 0 0 0 0 0 0]
[30849085307784058142930702464671592353280462446962604153715340535084956248946407898531098275564907849890062411832374732311409645678386658163428745972767856102201428382577520080063549933804105767938949562475048753040904326634557311886 0 0 0 0 0 1 0 0 0 0 0 0 0 0 0 0 0 0 0 0 0 0 0 0 0 0 0 0 0 0 0 0 0 0 0 0 0 0 0 0 0 0 0 0 0 0 0 0 0 0 0 0 0 0 0 0 0 0 0 0 0 0 0 0 0 0 0 0 0 0 0 0 0 0 0 0 0]
[1966570533850711738973188289981482062478799812834986507454091468069796052907323597129116290972712469735941392889154433390883675265070520446723790321493521894725506413953118032018258324180175420333012332264143017127172542426967746238429 0 0 0 0 0 0 1 0 0 0 0 0 0 0 0 0 0 0 0 0 0 0 0 0 0 0 0 0 0 0 0 0 0 0 0 0 0 0 0 0 0 0 0 0 0 0 0 0 0 0 0 0 0 0 0 0 0 0 0 0 0 0 0 0 0 0 0 0 0 0 0 0 0 0 0 0 0]
[2024285962651960955999660432564660189588165430633244016706347521666269309860810170484792579065886683152692136337317618382202298312425192106906347436147146704812798720938860737595829390550554230981345600438884050419963537411195876892706 0 0 0 0 0 0 0 1 0 0 0 0 0 0 0 0 0 0 0 0 0 0 0 0 0 0 0 0 0 0 0 0 0 0 0 0 0 0 0 0 0 0 0 0 0 0 0 0 0 0 0 0 0 0 0 0 0 0 0 0 0 0 0 0 0 0 0 0 0 0 0 0 0 0 0 0 0]
[2547140463846839907875069608360139401295969874792817473210157173686545974130201300407167768979084540402773848358518688979507103235655625516219978818502965229789698662762014307678020079892137229951798837446770129263005601874896972415595 0 0 0 0 0 0 0 0 1 0 0 0 0 0 0 0 0 0 0 0 0 0 0 0 0 0 0 0 0 0 0 0 0 0 0 0 0 0 0 0 0 0 0 0 0 0 0 0 0 0 0 0 0 0 0 0 0 0 0 0 0 0 0 0 0 0 0 0 0 0 0 0 0 0 0 0 0]
[730491194966488907497668063259113077746135093680254788028393215162090306944425263937448574286811240125806526063800152008159311294651760408273012688393644662262294699206217999560226111400439692294144792022401595557921421433500909188594 0 0 0 0 0 0 0 0 0 1 0 0 0 0 0 0 0 0 0 0 0 0 0 0 0 0 0 0 0 0 0 0 0 0 0 0 0 0 0 0 0 0 0 0 0 0 0 0 0 0 0 0 0 0 0 0 0 0 0 0 0 0 0 0 0 0 0 0 0 0 0 0 0 0 0 0 0]
[1661732447764691894086299108352396954393643567954928901094616402903982666939601843647193167479012784800128398380265232859435661577463214798278613170960530527276378802389247919029423941696880876424892163437168295567700903461751629694185 0 0 0 0 0 0 0 0 0 0 1 0 0 0 0 0 0 0 0 0 0 0 0 0 0 0 0 0 0 0 0 0 0 0 0 0 0 0 0 0 0 0 0 0 0 0 0 0 0 0 0 0 0 0 0 0 0 0 0 0 0 0 0 0 0 0 0 0 0 0 0 0 0 0 0 0 0]
[725281845278075355249418698600390115924205442421143300269104070525791919367001546506624616748138083289042939364729753331963168379224957489713387759166340506974360649101364737549302875095754245103383039517932414078304283348872618569150 0 0 0 0 0 0 0 0 0 0 0 1 0 0 0 0 0 0 0 0 0 0 0 0 0 0 0 0 0 0 0 0 0 0 0 0 0 0 0 0 0 0 0 0 0 0 0 0 0 0 0 0 0 0 0 0 0 0 0 0 0 0 0 0 0 0 0 0 0 0 0 0 0 0 0 0 0]
[3526100671714532391273623124962484743769824282838538075148956861756937584874916831535027255092640816684303589517603432004286384881956814565508364869777136126766676951793419548343492457951718146232672312859704955134793026619904922204084 0 0 0 0 0 0 0 0 0 0 0 0 1 0 0 0 0 0 0 0 0 0 0 0 0 0 0 0 0 0 0 0 0 0 0 0 0 0 0 0 0 0 0 0 0 0 0 0 0 0 0 0 0 0 0 0 0 0 0 0 0 0 0 0 0 0 0 0 0 0 0 0 0 0 0 0 0]
[2566923664338779808316064331019218487185709315003438023694727392699978242353009566724642527178656442380304827338979545187833660011663171552039124142994160184808020504841804762011405682919644287156495277295189219623100584119915038305383 0 0 0 0 0 0 0 0 0 0 0 0 0 1 0 0 0 0 0 0 0 0 0 0 0 0 0 0 0 0 0 0 0 0 0 0 0 0 0 0 0 0 0 0 0 0 0 0 0 0 0 0 0 0 0 0 0 0 0 0 0 0 0 0 0 0 0 0 0 0 0 0 0 0 0 0 0]
[45528901087124001979295115234208887576411645891478681115172816810773256439297851605509852410556360195127614120305024694000641282716459051779750737666724610914578712341446512017620332275754580092316648588341761789053532869160391105627 0 0 0 0 0 0 0 0 0 0 0 0 0 0 1 0 0 0 0 0 0 0 0 0 0 0 0 0 0 0 0 0 0 0 0 0 0 0 0 0 0 0 0 0 0 0 0 0 0 0 0 0 0 0 0 0 0 0 0 0 0 0 0 0 0 0 0 0 0 0 0 0 0 0 0 0 0]
[655073748130005332302915851348658557380202680871805486341315437926307359713032702946870717819686175690849240726483058692075181263142622234876469096218007395137683569882453917176965232905211766387094214134582628719166351989540091539112 0 0 0 0 0 0 0 0 0 0 0 0 0 0 0 1 0 0 0 0 0 0 0 0 0 0 0 0 0 0 0 0 0 0 0 0 0 0 0 0 0 0 0 0 0 0 0 0 0 0 0 0 0 0 0 0 0 0 0 0 0 0 0 0 0 0 0 0 0 0 0 0 0 0 0 0 0]
[2563054503005070705003672937919575231434424743311123830396326842249152922840530528829096670836330461850287203620934025667049463327561714566704811104105205258388268122116897516172269795946329992370568245368819674670662534420727393276427 0 0 0 0 0 0 0 0 0 0 0 0 0 0 0 0 1 0 0 0 0 0 0 0 0 0 0 0 0 0 0 0 0 0 0 0 0 0 0 0 0 0 0 0 0 0 0 0 0 0 0 0 0 0 0 0 0 0 0 0 0 0 0 0 0 0 0 0 0 0 0 0 0 0 0 0 0]
[1342841294473403898943295970276607233983375898843367312775172606349169059464359060696017921366899985474450229843378682633411931718325287310716950861333452834166492847616730308955465976097102232503723474614924238847679072261482823860636 0 0 0 0 0 0 0 0 0 0 0 0 0 0 0 0 0 1 0 0 0 0 0 0 0 0 0 0 0 0 0 0 0 0 0 0 0 0 0 0 0 0 0 0 0 0 0 0 0 0 0 0 0 0 0 0 0 0 0 0 0 0 0 0 0 0 0 0 0 0 0 0 0 0 0 0 0]
[2514746908259862950968730894501603706256354213286726107634113921237587502963819028315934006988618199429225212554339599926450927937460894285648748331091408335485479043937739564540622302459612246556549558386834453121462180374197219263300 0 0 0 0 0 0 0 0 0 0 0 0 0 0 0 0 0 0 1 0 0 0 0 0 0 0 0 0 0 0 0 0 0 0 0 0 0 0 0 0 0 0 0 0 0 0 0 0 0 0 0 0 0 0 0 0 0 0 0 0 0 0 0 0 0 0 0 0 0 0 0 0 0 0 0 0 0]
[3106865226727591869716837119096044321066458510028456292984586106046875325299590413523022449556651368560650606418399641056984376532261369445618326696874558779986466962588961748593780944771103031821738324153202345688015714911246348195426 0 0 0 0 0 0 0 0 0 0 0 0 0 0 0 0 0 0 0 1 0 0 0 0 0 0 0 0 0 0 0 0 0 0 0 0 0 0 0 0 0 0 0 0 0 0 0 0 0 0 0 0 0 0 0 0 0 0 0 0 0 0 0 0 0 0 0 0 0 0 0 0 0 0 0 0 0]
[1004102806707129748304581527959619227610254755065874336551520260278751240665748791344904035225706882091613263243186464762737683250823178456980629211058524404093918009286126325724399839857608600840220021516787943070960561553555521799094 0 0 0 0 0 0 0 0 0 0 0 0 0 0 0 0 0 0 0 0 1 0 0 0 0 0 0 0 0 0 0 0 0 0 0 0 0 0 0 0 0 0 0 0 0 0 0 0 0 0 0 0 0 0 0 0 0 0 0 0 0 0 0 0 0 0 0 0 0 0 0 0 0 0 0 0 0]
[1259544330707787125945488199400855167967833976393236724084896294096764187743822798904782261031319537166853913770520101341096521307448461315609429527710714239857444254993162038054709503884984993160079623671645768591129467426438653402977 0 0 0 0 0 0 0 0 0 0 0 0 0 0 0 0 0 0 0 0 0 1 0 0 0 0 0 0 0 0 0 0 0 0 0 0 0 0 0 0 0 0 0 0 0 0 0 0 0 0 0 0 0 0 0 0 0 0 0 0 0 0 0 0 0 0 0 0 0 0 0 0 0 0 0 0 0]
[2844882264791397760476006426303093519386232601948700078194181028222661409119217941744409458661673342849398585456744489682473357753022842327788395968636638226776694516108759400611931992661318903743270377331726971129218875516809871569434 0 0 0 0 0 0 0 0 0 0 0 0 0 0 0 0 0 0 0 0 0 0 1 0 0 0 0 0 0 0 0 0 0 0 0 0 0 0 0 0 0 0 0 0 0 0 0 0 0 0 0 0 0 0 0 0 0 0 0 0 0 0 0 0 0 0 0 0 0 0 0 0 0 0 0 0 0]
[3187589415601881453797995030804089245651977033145715504418675053202900560462651360375990479702317085952072640087050306110752480634592000554553608681765652461379600552470931436943526074463770163456249394418591644697075945575313297423761 0 0 0 0 0 0 0 0 0 0 0 0 0 0 0 0 0 0 0 0 0 0 0 1 0 0 0 0 0 0 0 0 0 0 0 0 0 0 0 0 0 0 0 0 0 0 0 0 0 0 0 0 0 0 0 0 0 0 0 0 0 0 0 0 0 0 0 0 0 0 0 0 0 0 0 0 0]
[2845416778199858798816704494385086061925564004008947370536898905928062101613741373618761787373090755025253088968469928541722476324197382089962280113347395848392177082024674102552577028464471800954508621393170085370247018353876048998371 0 0 0 0 0 0 0 0 0 0 0 0 0 0 0 0 0 0 0 0 0 0 0 0 1 0 0 0 0 0 0 0 0 0 0 0 0 0 0 0 0 0 0 0 0 0 0 0 0 0 0 0 0 0 0 0 0 0 0 0 0 0 0 0 0 0 0 0 0 0 0 0 0 0 0 0 0]
[878961814646303259584197307001868432051531840285233609367322076082508537210307352556242181276589353391887795840744593613496717548111901079886355015012847329326353441407565763960130166375217004635704319133493650412985259433491998761500 0 0 0 0 0 0 0 0 0 0 0 0 0 0 0 0 0 0 0 0 0 0 0 0 0 1 0 0 0 0 0 0 0 0 0 0 0 0 0 0 0 0 0 0 0 0 0 0 0 0 0 0 0 0 0 0 0 0 0 0 0 0 0 0 0 0 0 0 0 0 0 0 0 0 0 0 0]
[2386222779581695524967141698370307985507362104260744744131550992806046865704623770904463080453429656556232456839477312489651231424737853968122002584988063931527639982712797735473030132171104727502706879088458954634154479147317783049031 0 0 0 0 0 0 0 0 0 0 0 0 0 0 0 0 0 0 0 0 0 0 0 0 0 0 1 0 0 0 0 0 0 0 0 0 0 0 0 0 0 0 0 0 0 0 0 0 0 0 0 0 0 0 0 0 0 0 0 0 0 0 0 0 0 0 0 0 0 0 0 0 0 0 0 0 0]
[988216359133375231869954349866325914910466192411816330654049498992941852296225520198267521980354069844543604699012984733292699648683795618982648616498678245390158606867355713364141102517486772576156445208087125666406751097034749963233 0 0 0 0 0 0 0 0 0 0 0 0 0 0 0 0 0 0 0 0 0 0 0 0 0 0 0 1 0 0 0 0 0 0 0 0 0 0 0 0 0 0 0 0 0 0 0 0 0 0 0 0 0 0 0 0 0 0 0 0 0 0 0 0 0 0 0 0 0 0 0 0 0 0 0 0 0]
[1312568469475467390376962794785055379356099749135704425812958827036343859277170292372019211754007389093050069115744853134882245679867867089012894207683656541566220773955952050424527945013061613345158044390710902421930298750873561956464 0 0 0 0 0 0 0 0 0 0 0 0 0 0 0 0 0 0 0 0 0 0 0 0 0 0 0 0 1 0 0 0 0 0 0 0 0 0 0 0 0 0 0 0 0 0 0 0 0 0 0 0 0 0 0 0 0 0 0 0 0 0 0 0 0 0 0 0 0 0 0 0 0 0 0 0 0]
[2070913369843532850417379653315506555026612665958876377313775080573985915330862073668349453604598634930421634207764058329522986314786268883093035995496713681331165917866816800915906216589860246828028324136438702711977636147844194082938 0 0 0 0 0 0 0 0 0 0 0 0 0 0 0 0 0 0 0 0 0 0 0 0 0 0 0 0 0 1 0 0 0 0 0 0 0 0 0 0 0 0 0 0 0 0 0 0 0 0 0 0 0 0 0 0 0 0 0 0 0 0 0 0 0 0 0 0 0 0 0 0 0 0 0 0 0]
[797580813720606966384325841536950130244341203764138918498136324725870754250592412691366036324035640724669746700938528002153096974335367116303111249120428849584773364198924231566417377810538079815574581578004741411002701770363021714426 0 0 0 0 0 0 0 0 0 0 0 0 0 0 0 0 0 0 0 0 0 0 0 0 0 0 0 0 0 0 1 0 0 0 0 0 0 0 0 0 0 0 0 0 0 0 0 0 0 0 0 0 0 0 0 0 0 0 0 0 0 0 0 0 0 0 0 0 0 0 0 0 0 0 0 0 0]
[2042365158881931718331409475202045013234316256306809956934264370914067504038079637393935261371220122081709571428388716297439159101102938877418588306546331946146875505401564432231139813145526060431176754522144380805747878510751639837895 0 0 0 0 0 0 0 0 0 0 0 0 0 0 0 0 0 0 0 0 0 0 0 0 0 0 0 0 0 0 0 1 0 0 0 0 0 0 0 0 0 0 0 0 0 0 0 0 0 0 0 0 0 0 0 0 0 0 0 0 0 0 0 0 0 0 0 0 0 0 0 0 0 0 0 0 0]
[2633503756310570792561372803336785237472346152636426867756517208674717172124363919574062064738075729474212243495602127218844656355231336540202542235865781910117709096384528498689363313969884512823974412832949312366088009704336750978247 0 0 0 0 0 0 0 0 0 0 0 0 0 0 0 0 0 0 0 0 0 0 0 0 0 0 0 0 0 0 0 0 1 0 0 0 0 0 0 0 0 0 0 0 0 0 0 0 0 0 0 0 0 0 0 0 0 0 0 0 0 0 0 0 0 0 0 0 0 0 0 0 0 0 0 0 0]
[3501832524493244724513124115091626397976856417315419647623697688975313188606997547098590833951242445930114632691742449977364857569429377780853502832729200107037123646595956064079740904345632402611927077190004533268577993838311454156100 0 0 0 0 0 0 0 0 0 0 0 0 0 0 0 0 0 0 0 0 0 0 0 0 0 0 0 0 0 0 0 0 0 1 0 0 0 0 0 0 0 0 0 0 0 0 0 0 0 0 0 0 0 0 0 0 0 0 0 0 0 0 0 0 0 0 0 0 0 0 0 0 0 0 0 0 0]
[2066152992622147482641063085259145933890966979956125741038124969228936288555969162235648368045185585245780265353367364009983669913685898880253121443219917395122679268767516120438637230781699468332679260034121362832558375461592506311425 0 0 0 0 0 0 0 0 0 0 0 0 0 0 0 0 0 0 0 0 0 0 0 0 0 0 0 0 0 0 0 0 0 0 1 0 0 0 0 0 0 0 0 0 0 0 0 0 0 0 0 0 0 0 0 0 0 0 0 0 0 0 0 0 0 0 0 0 0 0 0 0 0 0 0 0 0]
[3633787539761016796231629040590737770676607987713148142937099093205651676409130389176194300362526510601200650134041761753203065538446909241427704548302734828682186476113964353135823116949795352359952766951755183114359911843446647728482 0 0 0 0 0 0 0 0 0 0 0 0 0 0 0 0 0 0 0 0 0 0 0 0 0 0 0 0 0 0 0 0 0 0 0 1 0 0 0 0 0 0 0 0 0 0 0 0 0 0 0 0 0 0 0 0 0 0 0 0 0 0 0 0 0 0 0 0 0 0 0 0 0 0 0 0 0]
[3072348783940753316443431370622495684389745821310250806095844312679379888622725306987382959472785665539807510341304430384386128883472433538641759704399933942165394745439297861574928033024604818069115152871880698888574643710785684930155 0 0 0 0 0 0 0 0 0 0 0 0 0 0 0 0 0 0 0 0 0 0 0 0 0 0 0 0 0 0 0 0 0 0 0 0 1 0 0 0 0 0 0 0 0 0 0 0 0 0 0 0 0 0 0 0 0 0 0 0 0 0 0 0 0 0 0 0 0 0 0 0 0 0 0 0 0]
[1858342853653281573715196117779729968210935171983627480157563555045408841172077913407897897110253761377584207259880091582613778743779674687833173069689002098280386448734552289699029869007693852000259637845862754929557364185276579786209 0 0 0 0 0 0 0 0 0 0 0 0 0 0 0 0 0 0 0 0 0 0 0 0 0 0 0 0 0 0 0 0 0 0 0 0 0 1 0 0 0 0 0 0 0 0 0 0 0 0 0 0 0 0 0 0 0 0 0 0 0 0 0 0 0 0 0 0 0 0 0 0 0 0 0 0 0]
[2064670124975711103477081524420640093966802562989614112180713836824322434639057821733563741593238425018006193550335525961300292551809105538023081068583774138773069544198769371062136260298971651354363149742331409178670799573863910647569 0 0 0 0 0 0 0 0 0 0 0 0 0 0 0 0 0 0 0 0 0 0 0 0 0 0 0 0 0 0 0 0 0 0 0 0 0 0 1 0 0 0 0 0 0 0 0 0 0 0 0 0 0 0 0 0 0 0 0 0 0 0 0 0 0 0 0 0 0 0 0 0 0 0 0 0 0]
[3395693324877532088143977104216480531544057250361633181358554932993753251151787286938761700298826651765666546454218335077945265652298055854958180142624677864477673842286455942888857040470237363391451062068230042515514010382773328523594 0 0 0 0 0 0 0 0 0 0 0 0 0 0 0 0 0 0 0 0 0 0 0 0 0 0 0 0 0 0 0 0 0 0 0 0 0 0 0 1 0 0 0 0 0 0 0 0 0 0 0 0 0 0 0 0 0 0 0 0 0 0 0 0 0 0 0 0 0 0 0 0 0 0 0 0 0]
[2326856505288371884759514622252633903805757349527592412784962850968959210992002312802700414517638642768652181174934847078596601361141471466226077480813278371635183026753428848814403676142570575554513987175095513064949054899369814351453 0 0 0 0 0 0 0 0 0 0 0 0 0 0 0 0 0 0 0 0 0 0 0 0 0 0 0 0 0 0 0 0 0 0 0 0 0 0 0 0 1 0 0 0 0 0 0 0 0 0 0 0 0 0 0 0 0 0 0 0 0 0 0 0 0 0 0 0 0 0 0 0 0 0 0 0 0]
[1229291489909474180541273573800686321024243401615388783314685619508771988867385014804641827505367298822721223296216459948303306438787400492210638008625172831413965007524890200385409530226489821139999239717748701957387163464055779236651 0 0 0 0 0 0 0 0 0 0 0 0 0 0 0 0 0 0 0 0 0 0 0 0 0 0 0 0 0 0 0 0 0 0 0 0 0 0 0 0 0 1 0 0 0 0 0 0 0 0 0 0 0 0 0 0 0 0 0 0 0 0 0 0 0 0 0 0 0 0 0 0 0 0 0 0 0]
[798790345594292774104092393231331276565565628857421162180098965363813589334033794933250196289859598804938925588265727596563005168186732151746154594977264948002526920455999016984013178349958500480344382846137792494215291075899441914631 0 0 0 0 0 0 0 0 0 0 0 0 0 0 0 0 0 0 0 0 0 0 0 0 0 0 0 0 0 0 0 0 0 0 0 0 0 0 0 0 0 0 1 0 0 0 0 0 0 0 0 0 0 0 0 0 0 0 0 0 0 0 0 0 0 0 0 0 0 0 0 0 0 0 0 0 0]
[1124539012483854369111764541976923961446437252485942045396594149230532160338950457100879398332450327336882632704738180571038888888126088181424239839522411197056086590314098168557765801324621779181352531055560942814106518733503097363664 0 0 0 0 0 0 0 0 0 0 0 0 0 0 0 0 0 0 0 0 0 0 0 0 0 0 0 0 0 0 0 0 0 0 0 0 0 0 0 0 0 0 0 1 0 0 0 0 0 0 0 0 0 0 0 0 0 0 0 0 0 0 0 0 0 0 0 0 0 0 0 0 0 0 0 0 0]
[2961535419734333699875794804245823515590206188390263981691866690364796329714681846341362986933585158531527565781753802439938335431165582701753281279743223543778623249728222278853496091920479494674811954784038755344601824691113136386994 0 0 0 0 0 0 0 0 0 0 0 0 0 0 0 0 0 0 0 0 0 0 0 0 0 0 0 0 0 0 0 0 0 0 0 0 0 0 0 0 0 0 0 0 1 0 0 0 0 0 0 0 0 0 0 0 0 0 0 0 0 0 0 0 0 0 0 0 0 0 0 0 0 0 0 0 0]
[516181119533479722807932083140411244550588265857891414642235767736726880203684504679684135849886019931763006952435407525881123002838221766922413689009332707229007197774993075022889528481807712957354520146509267382470566309630733901084 0 0 0 0 0 0 0 0 0 0 0 0 0 0 0 0 0 0 0 0 0 0 0 0 0 0 0 0 0 0 0 0 0 0 0 0 0 0 0 0 0 0 0 0 0 1 0 0 0 0 0 0 0 0 0 0 0 0 0 0 0 0 0 0 0 0 0 0 0 0 0 0 0 0 0 0 0]
[931023207731820299814751780165557357006797827178498986518102666397392404135318378864955500453253711406439950951673834129674782692607112277851169215605032793013290375711614276384120156380600945687666707720428167819574493950658061655496 0 0 0 0 0 0 0 0 0 0 0 0 0 0 0 0 0 0 0 0 0 0 0 0 0 0 0 0 0 0 0 0 0 0 0 0 0 0 0 0 0 0 0 0 0 0 1 0 0 0 0 0 0 0 0 0 0 0 0 0 0 0 0 0 0 0 0 0 0 0 0 0 0 0 0 0 0]
[2995454191335897726233497179854384036267511376427646634712001711545178528667872760782405561012059671468318131955590957745382822036044504988003021144482087737558206076369933602341170342588067069842679295335416012435283438023017104128647 0 0 0 0 0 0 0 0 0 0 0 0 0 0 0 0 0 0 0 0 0 0 0 0 0 0 0 0 0 0 0 0 0 0 0 0 0 0 0 0 0 0 0 0 0 0 0 1 0 0 0 0 0 0 0 0 0 0 0 0 0 0 0 0 0 0 0 0 0 0 0 0 0 0 0 0 0]
[1934704106943134632512295914274307486691531399452800654259590142610821881768640051387417639941526527438916548151058970305906961404096184142284228358603246866040498901205763461227427744574121465788957261414166430480316314631435828462002 0 0 0 0 0 0 0 0 0 0 0 0 0 0 0 0 0 0 0 0 0 0 0 0 0 0 0 0 0 0 0 0 0 0 0 0 0 0 0 0 0 0 0 0 0 0 0 0 1 0 0 0 0 0 0 0 0 0 0 0 0 0 0 0 0 0 0 0 0 0 0 0 0 0 0 0 0]
[176978188813470671452105592991378382483585800695887792437175952088140132681937804599409290964178963486628540204287571267779284125030511723249426644794212152731920960402041054213966470938283519910839061687736721235150277256465366950397 0 0 0 0 0 0 0 0 0 0 0 0 0 0 0 0 0 0 0 0 0 0 0 0 0 0 0 0 0 0 0 0 0 0 0 0 0 0 0 0 0 0 0 0 0 0 0 0 0 1 0 0 0 0 0 0 0 0 0 0 0 0 0 0 0 0 0 0 0 0 0 0 0 0 0 0 0]
[738612729712320406365300707185528573845408246182463952522011100773585724426924619297534266394854340255884672210443005624907506278707972868904028438789648297366003740790022198893270362185613742298126473898261682626547486879834505916318 0 0 0 0 0 0 0 0 0 0 0 0 0 0 0 0 0 0 0 0 0 0 0 0 0 0 0 0 0 0 0 0 0 0 0 0 0 0 0 0 0 0 0 0 0 0 0 0 0 0 1 0 0 0 0 0 0 0 0 0 0 0 0 0 0 0 0 0 0 0 0 0 0 0 0 0 0]
[880429972524460885360738322252610946028826579938631767976697998795458578293823628220950939636072083961784449867931501629172145925135267852774455933762709678385092918781894200462647853623281949080748823928579644182518263404045396144846 0 0 0 0 0 0 0 0 0 0 0 0 0 0 0 0 0 0 0 0 0 0 0 0 0 0 0 0 0 0 0 0 0 0 0 0 0 0 0 0 0 0 0 0 0 0 0 0 0 0 0 1 0 0 0 0 0 0 0 0 0 0 0 0 0 0 0 0 0 0 0 0 0 0 0 0 0]
[3776582504574401170994885118975932627421085194310349792001103882655172272982142120055400791123913578674489689838232894272660071803704697929378727701322477040370293784465321781255340596716159211142848887980977506448784031794762083706 0 0 0 0 0 0 0 0 0 0 0 0 0 0 0 0 0 0 0 0 0 0 0 0 0 0 0 0 0 0 0 0 0 0 0 0 0 0 0 0 0 0 0 0 0 0 0 0 0 0 0 0 1 0 0 0 0 0 0 0 0 0 0 0 0 0 0 0 0 0 0 0 0 0 0 0 0]
[2783785759921282665093544680361946845138105584288494943117535334215744619995150474764904245102622441849099906500788314417916756438385817007108969273129871025961124848080082582483049431539768555830248813293588117014264184594564987906239 0 0 0 0 0 0 0 0 0 0 0 0 0 0 0 0 0 0 0 0 0 0 0 0 0 0 0 0 0 0 0 0 0 0 0 0 0 0 0 0 0 0 0 0 0 0 0 0 0 0 0 0 0 1 0 0 0 0 0 0 0 0 0 0 0 0 0 0 0 0 0 0 0 0 0 0 0]
[1578762635802730629115645366688261991250990009953075364101611449125467539945562046832148143742623432038148119252541003789358876400121660236006501195270714624944908295869835234811105014129449889453597924095216110748690763267311630730884 0 0 0 0 0 0 0 0 0 0 0 0 0 0 0 0 0 0 0 0 0 0 0 0 0 0 0 0 0 0 0 0 0 0 0 0 0 0 0 0 0 0 0 0 0 0 0 0 0 0 0 0 0 0 1 0 0 0 0 0 0 0 0 0 0 0 0 0 0 0 0 0 0 0 0 0 0]
[2321592209360724473071607086617802290539041744868241320547965317623694598505535504561312183415288112523377593095249477080580725367075861676162362964158495762513114871015665504923444171782541420669943537692358238242969566420759242900127 0 0 0 0 0 0 0 0 0 0 0 0 0 0 0 0 0 0 0 0 0 0 0 0 0 0 0 0 0 0 0 0 0 0 0 0 0 0 0 0 0 0 0 0 0 0 0 0 0 0 0 0 0 0 0 1 0 0 0 0 0 0 0 0 0 0 0 0 0 0 0 0 0 0 0 0 0]
[2631738740039559149031976038830994533290177080234362353351411668572037969232110923741080393009450639335786306678354378805051907560218688631845335268703810781807774582929597381669182684937472100316301287571909842619571643569219722702774 0 0 0 0 0 0 0 0 0 0 0 0 0 0 0 0 0 0 0 0 0 0 0 0 0 0 0 0 0 0 0 0 0 0 0 0 0 0 0 0 0 0 0 0 0 0 0 0 0 0 0 0 0 0 0 0 1 0 0 0 0 0 0 0 0 0 0 0 0 0 0 0 0 0 0 0 0]
[1093933624260527001014792864420099236678160557728722782491413304885571225436480373795169600811409947312484727717231944732503329239612583546935435919230491373052662722022541191548694191552641213506762482905649831243687913700349729412987 0 0 0 0 0 0 0 0 0 0 0 0 0 0 0 0 0 0 0 0 0 0 0 0 0 0 0 0 0 0 0 0 0 0 0 0 0 0 0 0 0 0 0 0 0 0 0 0 0 0 0 0 0 0 0 0 0 1 0 0 0 0 0 0 0 0 0 0 0 0 0 0 0 0 0 0 0]
[2225638941908948768848662535480772839888249301923124660575640656698270833076915488414345832004940183604034721290436955309176052752283516880246635778174890860719395014151511001871243587315509647325915544171112880360528335992926326674093 0 0 0 0 0 0 0 0 0 0 0 0 0 0 0 0 0 0 0 0 0 0 0 0 0 0 0 0 0 0 0 0 0 0 0 0 0 0 0 0 0 0 0 0 0 0 0 0 0 0 0 0 0 0 0 0 0 0 1 0 0 0 0 0 0 0 0 0 0 0 0 0 0 0 0 0 0]
[1457341185675610498429146347954992279073398327235633651785756718690276589447695771761538447314956257698268562091057042014685655717960140281296935757639643696691301887076757702290865369552311245102487386808988190039136015797526316873487 0 0 0 0 0 0 0 0 0 0 0 0 0 0 0 0 0 0 0 0 0 0 0 0 0 0 0 0 0 0 0 0 0 0 0 0 0 0 0 0 0 0 0 0 0 0 0 0 0 0 0 0 0 0 0 0 0 0 0 1 0 0 0 0 0 0 0 0 0 0 0 0 0 0 0 0 0]
[701904226519475809176003422290373555545189456970998436937360265620380318336560573634389554023868266095070889485791478021310185029893155494859025853164532625890582352963951274368651479892900246309458906449533334407986230913705421705142 0 0 0 0 0 0 0 0 0 0 0 0 0 0 0 0 0 0 0 0 0 0 0 0 0 0 0 0 0 0 0 0 0 0 0 0 0 0 0 0 0 0 0 0 0 0 0 0 0 0 0 0 0 0 0 0 0 0 0 0 1 0 0 0 0 0 0 0 0 0 0 0 0 0 0 0 0]
[1961938963101635785604318259538994710191562512196447137229830832949100001926093483547931690227218102404089254268936736245837257994803443482950769376057637472144146082449409094299487849781050867673560495556070959017882665156448951970748 0 0 0 0 0 0 0 0 0 0 0 0 0 0 0 0 0 0 0 0 0 0 0 0 0 0 0 0 0 0 0 0 0 0 0 0 0 0 0 0 0 0 0 0 0 0 0 0 0 0 0 0 0 0 0 0 0 0 0 0 0 1 0 0 0 0 0 0 0 0 0 0 0 0 0 0 0]
[2085620375188866394828943492561475517859127401491936204902113132435145452019420771603044182370946331358341825588578369141256974897110373767086641449931883861597581802771170710417481696868531527846641580216584745469721744278168497356221 0 0 0 0 0 0 0 0 0 0 0 0 0 0 0 0 0 0 0 0 0 0 0 0 0 0 0 0 0 0 0 0 0 0 0 0 0 0 0 0 0 0 0 0 0 0 0 0 0 0 0 0 0 0 0 0 0 0 0 0 0 0 1 0 0 0 0 0 0 0 0 0 0 0 0 0 0]
[1683455027948715044227589605193905927115634395575646484900622741375772536195649501059129978040869754536612679007032501777315805480573730990162094362140006674717462755273092155760689296136787342263463949803802904205801067437413573258817 0 0 0 0 0 0 0 0 0 0 0 0 0 0 0 0 0 0 0 0 0 0 0 0 0 0 0 0 0 0 0 0 0 0 0 0 0 0 0 0 0 0 0 0 0 0 0 0 0 0 0 0 0 0 0 0 0 0 0 0 0 0 0 1 0 0 0 0 0 0 0 0 0 0 0 0 0]
[143483064769020971489398480345452958109078350587824917691372536975986191833865051668834550891047682487712167165819845512434112905662712140141129405136813054550631089881957447398521725192097887415573400578426571178652347907373848556681 0 0 0 0 0 0 0 0 0 0 0 0 0 0 0 0 0 0 0 0 0 0 0 0 0 0 0 0 0 0 0 0 0 0 0 0 0 0 0 0 0 0 0 0 0 0 0 0 0 0 0 0 0 0 0 0 0 0 0 0 0 0 0 0 1 0 0 0 0 0 0 0 0 0 0 0 0]
[3176793161741802451985752419808064435330638270633523351652343392928225334548199102534070913474968640922135582028027157276733306262268552117076276816082059567235011042688428118713112654093236357133746219184690616183448187199363625126562 0 0 0 0 0 0 0 0 0 0 0 0 0 0 0 0 0 0 0 0 0 0 0 0 0 0 0 0 0 0 0 0 0 0 0 0 0 0 0 0 0 0 0 0 0 0 0 0 0 0 0 0 0 0 0 0 0 0 0 0 0 0 0 0 0 1 0 0 0 0 0 0 0 0 0 0 0]
[410532297743919879532144482881846442615123224991139529791473875695619571817407862739728325688655088968746331165128222755545771256370032169978987016265820306191478378055591761642945230738152846840192494641150952872274349745430100266358 0 0 0 0 0 0 0 0 0 0 0 0 0 0 0 0 0 0 0 0 0 0 0 0 0 0 0 0 0 0 0 0 0 0 0 0 0 0 0 0 0 0 0 0 0 0 0 0 0 0 0 0 0 0 0 0 0 0 0 0 0 0 0 0 0 0 1 0 0 0 0 0 0 0 0 0 0]
[2272886708881996602155500968914373400469987651975989414024230932431995827512899700350266848188647551444264642500466639313840621959658607544555589156158616880327494962938183248199054253787366321971835931459715389320898420180050627728598 0 0 0 0 0 0 0 0 0 0 0 0 0 0 0 0 0 0 0 0 0 0 0 0 0 0 0 0 0 0 0 0 0 0 0 0 0 0 0 0 0 0 0 0 0 0 0 0 0 0 0 0 0 0 0 0 0 0 0 0 0 0 0 0 0 0 0 1 0 0 0 0 0 0 0 0 0]
[3425037756009254488599490904068332510156809712600062684388261712834357343293041338119775425090404857257570169135237545873390882385253319382398963350840629850142409309658188609059065344331982711057534064470667531889585802972907206758251 0 0 0 0 0 0 0 0 0 0 0 0 0 0 0 0 0 0 0 0 0 0 0 0 0 0 0 0 0 0 0 0 0 0 0 0 0 0 0 0 0 0 0 0 0 0 0 0 0 0 0 0 0 0 0 0 0 0 0 0 0 0 0 0 0 0 0 0 1 0 0 0 0 0 0 0 0]
[3336455553950464627082620514927824028584080154137242967599282663125407312607824426780594088862364778514067467534626619287259416403694242501278258236740839403134747058275377762763271128272767478985946510688324577390730760848852018699608 0 0 0 0 0 0 0 0 0 0 0 0 0 0 0 0 0 0 0 0 0 0 0 0 0 0 0 0 0 0 0 0 0 0 0 0 0 0 0 0 0 0 0 0 0 0 0 0 0 0 0 0 0 0 0 0 0 0 0 0 0 0 0 0 0 0 0 0 0 1 0 0 0 0 0 0 0]
[1628208899160518432543897735511139669780834163909084083790342098035993794767805591576052526935639329437141681312004157465495314525538392961711644102825574996655230157806514567225457691289991469157049557031747662207980489611877227081814 0 0 0 0 0 0 0 0 0 0 0 0 0 0 0 0 0 0 0 0 0 0 0 0 0 0 0 0 0 0 0 0 0 0 0 0 0 0 0 0 0 0 0 0 0 0 0 0 0 0 0 0 0 0 0 0 0 0 0 0 0 0 0 0 0 0 0 0 0 0 1 0 0 0 0 0 0]
[749363751881793574636329094044221906044671619462865273832413022104415764749139863452354447125989594820937892757782633977668349279365921219944957522626999500767142379309418434715899369805131969228545744180493481785182689457386947029887 0 0 0 0 0 0 0 0 0 0 0 0 0 0 0 0 0 0 0 0 0 0 0 0 0 0 0 0 0 0 0 0 0 0 0 0 0 0 0 0 0 0 0 0 0 0 0 0 0 0 0 0 0 0 0 0 0 0 0 0 0 0 0 0 0 0 0 0 0 0 0 1 0 0 0 0 0]
[2120060931809902448121071172167496336279155642371344050334566590879208101997951320438546208775486900759668964704166445174939995359399600388931967344289486958852241089453059604559476172563063012897094478279431861022329831750614512293295 0 0 0 0 0 0 0 0 0 0 0 0 0 0 0 0 0 0 0 0 0 0 0 0 0 0 0 0 0 0 0 0 0 0 0 0 0 0 0 0 0 0 0 0 0 0 0 0 0 0 0 0 0 0 0 0 0 0 0 0 0 0 0 0 0 0 0 0 0 0 0 0 1 0 0 0 0]
[1468646285571529991094484090700576348705034291628705697586608764651961827779729941224143933531251428329978365716128541827294327502311524346836568300128120787394956006490919140131940394370880598562989519934803339970831957681957624765164 0 0 0 0 0 0 0 0 0 0 0 0 0 0 0 0 0 0 0 0 0 0 0 0 0 0 0 0 0 0 0 0 0 0 0 0 0 0 0 0 0 0 0 0 0 0 0 0 0 0 0 0 0 0 0 0 0 0 0 0 0 0 0 0 0 0 0 0 0 0 0 0 0 1 0 0 0]
[3024450462644013705733537941525360365452624501011275792364630778731816516546231116138417927024553497113183261769672920098140278824237391620808307156753024105890385656394297772631645288164011645358088018269508599826191967163251491563936 0 0 0 0 0 0 0 0 0 0 0 0 0 0 0 0 0 0 0 0 0 0 0 0 0 0 0 0 0 0 0 0 0 0 0 0 0 0 0 0 0 0 0 0 0 0 0 0 0 0 0 0 0 0 0 0 0 0 0 0 0 0 0 0 0 0 0 0 0 0 0 0 0 0 1 0 0]
[2208910086142659182976954626938776598620628470247182180780898265053954239191524875117557300171171997441692235380242564838530174637830934449001031693834132872710375275669570519851016406523916149879657082535470985930512347602713621065181 0 0 0 0 0 0 0 0 0 0 0 0 0 0 0 0 0 0 0 0 0 0 0 0 0 0 0 0 0 0 0 0 0 0 0 0 0 0 0 0 0 0 0 0 0 0 0 0 0 0 0 0 0 0 0 0 0 0 0 0 0 0 0 0 0 0 0 0 0 0 0 0 0 0 0 1 0]
[929099163391216209756874051999292318191154282477934127632184152432831252296286845172791900844189907730469420626595397170707229786103361830246721460938811426528532616246793578818235654811271864087953969713930887298754871393634746192450 0 0 0 0 0 0 0 0 0 0 0 0 0 0 0 0 0 0 0 0 0 0 0 0 0 0 0 0 0 0 0 0 0 0 0 0 0 0 0 0 0 0 0 0 0 0 0 0 0 0 0 0 0 0 0 0 0 0 0 0 0 0 0 0 0 0 0 0 0 0 0 0 0 0 0 0 1]
]
