[[7365166732906221590031001888675479962237866883479747051663150934625017543047992767775722709936353706126996731536162585732158590504270030491519791539256342703084779222727443392725150042165770573952749262073299325489508677079062271946569798403409995125265274320067137 0 0 0 0 0 0 0 0 0 0 0 0 0 0 0 0 0 0 0 0 0 0 0 0 0 0 0 0 0 0 0 0 0 0 0 0 0 0 0 0 0 0 0 0 0 0 0 0 0 0 0 0 0 0 0 0 0 0 0 0 0 0 0 0 0 0 0 0 0 0 0 0 0 0 0 0 0 0 0 0 0 0 0 0 0 0 0]
[1303077386156315836070441687432142543602241946881576973905697050912876106276017523175694467238437065651394846588911818376150806443390526246345815480909007224712240282265147522044047404564469147089792190440728777669203091770071559536473743414693364873077251453679932 1 0 0 0 0 0 0 0 0 0 0 0 0 0 0 0 0 0 0 0 0 0 0 0 0 0 0 0 0 0 0 0 0 0 0 0 0 0 0 0 0 0 0 0 0 0 0 0 0 0 0 0 0 0 0 0 0 0 0 0 0 0 0 0 0 0 0 0 0 0 0 0 0 0 0 0 0 0 0 0 0 0 0 0 0 0 0]
[6030546227523215945113980032121459026170633591812101330214582856751635070653285396580903490788515412541235876033445946834386817623057298802314406249326645245191141642282277074332748017645311332538804756339183184381432028158111176257299997811138500387339056956115388 0 1 0 0 0 0 0 0 0 0 0 0 0 0 0 0 0 0 0 0 0 0 0 0 0 0 0 0 0 0 0 0 0 0 0 0 0 0 0 0 0 0 0 0 0 0 0 0 0 0 0 0 0 0 0 0 0 0 0 0 0 0 0 0 0 0 0 0 0 0 0 0 0 0 0 0 0 0 0 0 0 0 0 0 0 0 0]
[1120119456957459855203695867097163676787519134407395296100195769555599942060468253088131422236545040204542341974054375168258052741151122380388413651330255651683041589660755104464525298738643508009526332989484425517327245885094779671754586734040549205285924101841783 0 0 1 0 0 0 0 0 0 0 0 0 0 0 0 0 0 0 0 0 0 0 0 0 0 0 0 0 0 0 0 0 0 0 0 0 0 0 0 0 0 0 0 0 0 0 0 0 0 0 0 0 0 0 0 0 0 0 0 0 0 0 0 0 0 0 0 0 0 0 0 0 0 0 0 0 0 0 0 0 0 0 0 0 0 0 0]
[3825323239573828716870707445515645552079254537490501342596433597213589221448256817045617454697550829942582331126022392281983456169324123654832685982890233481084574410039704584632547641674017212126227163752620340014701172640231999607922847829615792465647375851459943 0 0 0 1 0 0 0 0 0 0 0 0 0 0 0 0 0 0 0 0 0 0 0 0 0 0 0 0 0 0 0 0 0 0 0 0 0 0 0 0 0 0 0 0 0 0 0 0 0 0 0 0 0 0 0 0 0 0 0 0 0 0 0 0 0 0 0 0 0 0 0 0 0 0 0 0 0 0 0 0 0 0 0 0 0 0 0]
[6482347336041706201837886460002278736270467315110531228320461830491484552077425958455018081580545602897601161811617997838880981641220967313651894356994205324475129186413646755475504596230652671642254934791948092784870008275466137356563206549871041044243425081097004 0 0 0 0 1 0 0 0 0 0 0 0 0 0 0 0 0 0 0 0 0 0 0 0 0 0 0 0 0 0 0 0 0 0 0 0 0 0 0 0 0 0 0 0 0 0 0 0 0 0 0 0 0 0 0 0 0 0 0 0 0 0 0 0 0 0 0 0 0 0 0 0 0 0 0 0 0 0 0 0 0 0 0 0 0 0 0]
[2548918208594351283705073029687165322872192785297922100178028794526001830362456227573085964978422048343041866299773560077222635461040147167511826800392085104095550075075474469913160423263381636797585422045514946668866877050539856341392838512124265149089535958744915 0 0 0 0 0 1 0 0 0 0 0 0 0 0 0 0 0 0 0 0 0 0 0 0 0 0 0 0 0 0 0 0 0 0 0 0 0 0 0 0 0 0 0 0 0 0 0 0 0 0 0 0 0 0 0 0 0 0 0 0 0 0 0 0 0 0 0 0 0 0 0 0 0 0 0 0 0 0 0 0 0 0 0 0 0 0 0]
[1352178614600502322416986654420914706404810263091430107276693595570283082270313316507632352193083726181037325907647832312079661376381551246582329484516450814790092250475543738901664521596443479404676572150017731999027136662913441065086238620698684798931350402520019 0 0 0 0 0 0 1 0 0 0 0 0 0 0 0 0 0 0 0 0 0 0 0 0 0 0 0 0 0 0 0 0 0 0 0 0 0 0 0 0 0 0 0 0 0 0 0 0 0 0 0 0 0 0 0 0 0 0 0 0 0 0 0 0 0 0 0 0 0 0 0 0 0 0 0 0 0 0 0 0 0 0 0 0 0 0 0]
[6540997511640106965446784320495827641803744331748678782327601914234001490361851851373070728299289684582324194758463656548388395769850345019333226445807520540825706675716147029255264253103974768215693717011946086838736043105759843760504609488253940423693411863122083 0 0 0 0 0 0 0 1 0 0 0 0 0 0 0 0 0 0 0 0 0 0 0 0 0 0 0 0 0 0 0 0 0 0 0 0 0 0 0 0 0 0 0 0 0 0 0 0 0 0 0 0 0 0 0 0 0 0 0 0 0 0 0 0 0 0 0 0 0 0 0 0 0 0 0 0 0 0 0 0 0 0 0 0 0 0 0]
[5331028979398025705533694649681650143790295931940146228310217301511263674021399995359159820126171514563094436107446474238142760581032430643021003451593210272851173325434949103614672834036590703081312467561787089356239475202916794686200482035624638706110858557809196 0 0 0 0 0 0 0 0 1 0 0 0 0 0 0 0 0 0 0 0 0 0 0 0 0 0 0 0 0 0 0 0 0 0 0 0 0 0 0 0 0 0 0 0 0 0 0 0 0 0 0 0 0 0 0 0 0 0 0 0 0 0 0 0 0 0 0 0 0 0 0 0 0 0 0 0 0 0 0 0 0 0 0 0 0 0 0]
[2954093692787411958964668842398077946607640303601139320814021215028407615310043959340234345316205015615977619175233772561953654567413931038154802334625208349400882739287802348395688857237534658922680892023558913613967646057661340511180742925063970604057126873739874 0 0 0 0 0 0 0 0 0 1 0 0 0 0 0 0 0 0 0 0 0 0 0 0 0 0 0 0 0 0 0 0 0 0 0 0 0 0 0 0 0 0 0 0 0 0 0 0 0 0 0 0 0 0 0 0 0 0 0 0 0 0 0 0 0 0 0 0 0 0 0 0 0 0 0 0 0 0 0 0 0 0 0 0 0 0 0]
[6475685056285797947300573348712822691363687444004924991074805677769256828769655931670008386097708593261030960573512145637774513114331966774840831630214569211596190445670793495090151461171477082739150383641800502628790502652528308798506957873346151452771370126892170 0 0 0 0 0 0 0 0 0 0 1 0 0 0 0 0 0 0 0 0 0 0 0 0 0 0 0 0 0 0 0 0 0 0 0 0 0 0 0 0 0 0 0 0 0 0 0 0 0 0 0 0 0 0 0 0 0 0 0 0 0 0 0 0 0 0 0 0 0 0 0 0 0 0 0 0 0 0 0 0 0 0 0 0 0 0 0]
[3645379912230885820307006580451621902476295799956820959868031882639601956954647397822546217004932425384280365765427330133855459222483895777518633277986015197848158759514095855646675369780776878213297655274699436898815591698610339994709952892515736230033324852874097 0 0 0 0 0 0 0 0 0 0 0 1 0 0 0 0 0 0 0 0 0 0 0 0 0 0 0 0 0 0 0 0 0 0 0 0 0 0 0 0 0 0 0 0 0 0 0 0 0 0 0 0 0 0 0 0 0 0 0 0 0 0 0 0 0 0 0 0 0 0 0 0 0 0 0 0 0 0 0 0 0 0 0 0 0 0 0]
[5062118880966574642703886183024983946288781637480094297971507346008547667048338773448438609085946099416359761907359660042926322974819518123640937643220474319634667375693428638737451567748050479009353821981820133020494103286102145381953012129797217964007104957337744 0 0 0 0 0 0 0 0 0 0 0 0 1 0 0 0 0 0 0 0 0 0 0 0 0 0 0 0 0 0 0 0 0 0 0 0 0 0 0 0 0 0 0 0 0 0 0 0 0 0 0 0 0 0 0 0 0 0 0 0 0 0 0 0 0 0 0 0 0 0 0 0 0 0 0 0 0 0 0 0 0 0 0 0 0 0 0]
[2564301472246336095909476703278368038483986696194916691254166384613212814075563560159506101473206810787882732996148944205013699635167744390690042437160863771666568593732843503620101754531602455740216487363153076400975616305859612716243263844652711801219396008967800 0 0 0 0 0 0 0 0 0 0 0 0 0 1 0 0 0 0 0 0 0 0 0 0 0 0 0 0 0 0 0 0 0 0 0 0 0 0 0 0 0 0 0 0 0 0 0 0 0 0 0 0 0 0 0 0 0 0 0 0 0 0 0 0 0 0 0 0 0 0 0 0 0 0 0 0 0 0 0 0 0 0 0 0 0 0 0]
[1867630796081241930263716585032196651788807382122408526906392427614367721595799583493520723769340789492958697828282050981361179808979050235365959888026459688002662845951945945629840468690708840936703167335829951574149258145496121749140369872895085680215394091645532 0 0 0 0 0 0 0 0 0 0 0 0 0 0 1 0 0 0 0 0 0 0 0 0 0 0 0 0 0 0 0 0 0 0 0 0 0 0 0 0 0 0 0 0 0 0 0 0 0 0 0 0 0 0 0 0 0 0 0 0 0 0 0 0 0 0 0 0 0 0 0 0 0 0 0 0 0 0 0 0 0 0 0 0 0 0 0]
[214250210058465739944954849124273954817576005584552456133550648974896563075180291607504664846336559775371424508865289734482062548292482392392475386918147412620371826804896980145225836256976807208664912915410874238864635795533952022584980477115174062809841916925530 0 0 0 0 0 0 0 0 0 0 0 0 0 0 0 1 0 0 0 0 0 0 0 0 0 0 0 0 0 0 0 0 0 0 0 0 0 0 0 0 0 0 0 0 0 0 0 0 0 0 0 0 0 0 0 0 0 0 0 0 0 0 0 0 0 0 0 0 0 0 0 0 0 0 0 0 0 0 0 0 0 0 0 0 0 0 0]
[5305736282268302403717632824702594081685921428625161531833924059664946606970383741679996732161535106304585742343903272513929679526736688412043428276101329562134930578868451326552978857163033099344235953157841450268746770683534511014383628480080904051833429870680703 0 0 0 0 0 0 0 0 0 0 0 0 0 0 0 0 1 0 0 0 0 0 0 0 0 0 0 0 0 0 0 0 0 0 0 0 0 0 0 0 0 0 0 0 0 0 0 0 0 0 0 0 0 0 0 0 0 0 0 0 0 0 0 0 0 0 0 0 0 0 0 0 0 0 0 0 0 0 0 0 0 0 0 0 0 0 0]
[7141749074487148399669688981026512957306617899264331290359939248313460935445000654608696071588841441323125944812435828696024558604652399358585725538055534483901706967066628533612073530276271777141722375501620449712808423534435349113349986242004339957116361305968532 0 0 0 0 0 0 0 0 0 0 0 0 0 0 0 0 0 1 0 0 0 0 0 0 0 0 0 0 0 0 0 0 0 0 0 0 0 0 0 0 0 0 0 0 0 0 0 0 0 0 0 0 0 0 0 0 0 0 0 0 0 0 0 0 0 0 0 0 0 0 0 0 0 0 0 0 0 0 0 0 0 0 0 0 0 0 0]
[1033071985344548881272865418168501024530769406639431401434201502642609694924209745462406790917932536125170986495595418950671918328820463942327716808523624296604580542092486358052827771509670020724808123030438377710096108147719598439471061206666856975567645456089354 0 0 0 0 0 0 0 0 0 0 0 0 0 0 0 0 0 0 1 0 0 0 0 0 0 0 0 0 0 0 0 0 0 0 0 0 0 0 0 0 0 0 0 0 0 0 0 0 0 0 0 0 0 0 0 0 0 0 0 0 0 0 0 0 0 0 0 0 0 0 0 0 0 0 0 0 0 0 0 0 0 0 0 0 0 0 0]
[257068031605485145248957820941633781175470537813429206404488066833677458512146763746737492828222219131020905917871841407180948175474639307708348894657434934879535128195209746536906566047992495858755614864415102509292147722170904769582063463983082404836098857108161 0 0 0 0 0 0 0 0 0 0 0 0 0 0 0 0 0 0 0 1 0 0 0 0 0 0 0 0 0 0 0 0 0 0 0 0 0 0 0 0 0 0 0 0 0 0 0 0 0 0 0 0 0 0 0 0 0 0 0 0 0 0 0 0 0 0 0 0 0 0 0 0 0 0 0 0 0 0 0 0 0 0 0 0 0 0 0]
[196873936144612764960188652773743011373444440008765156406741912784832173242284277052524768000124872613577953314471961747034483612301305616867283678791024845064783142485646752622416362416158565578320035171702458073912072348297368680679835822387231422492658234922460 0 0 0 0 0 0 0 0 0 0 0 0 0 0 0 0 0 0 0 0 1 0 0 0 0 0 0 0 0 0 0 0 0 0 0 0 0 0 0 0 0 0 0 0 0 0 0 0 0 0 0 0 0 0 0 0 0 0 0 0 0 0 0 0 0 0 0 0 0 0 0 0 0 0 0 0 0 0 0 0 0 0 0 0 0 0 0]
[5298127222354298335420648329604979898808304047414928696113380578898953995656456155943480657854405782604174833727202152515894471389592751392675393572549700145596056536470811850321001889986860415260757197310299022953079506458331193941291573452576998431576231205049143 0 0 0 0 0 0 0 0 0 0 0 0 0 0 0 0 0 0 0 0 0 1 0 0 0 0 0 0 0 0 0 0 0 0 0 0 0 0 0 0 0 0 0 0 0 0 0 0 0 0 0 0 0 0 0 0 0 0 0 0 0 0 0 0 0 0 0 0 0 0 0 0 0 0 0 0 0 0 0 0 0 0 0 0 0 0 0]
[6578994435174641671194392485052968572699283048824142217420071950987315126055982245244297310878145282434635079683007359855252119382480469511546569414571313760819888768752131084272205449008534942994085380595302292691138338828937077157691974183004880450320385500939877 0 0 0 0 0 0 0 0 0 0 0 0 0 0 0 0 0 0 0 0 0 0 1 0 0 0 0 0 0 0 0 0 0 0 0 0 0 0 0 0 0 0 0 0 0 0 0 0 0 0 0 0 0 0 0 0 0 0 0 0 0 0 0 0 0 0 0 0 0 0 0 0 0 0 0 0 0 0 0 0 0 0 0 0 0 0 0]
[4661566974438257252144530827943939450156605611010053014810676338583901875531552958545051615521030317764431743982390991404997182719948994023361444359885366144258522050793391076356243756186612380370016277049931475353146562889266390256802520124587971493708514012551893 0 0 0 0 0 0 0 0 0 0 0 0 0 0 0 0 0 0 0 0 0 0 0 1 0 0 0 0 0 0 0 0 0 0 0 0 0 0 0 0 0 0 0 0 0 0 0 0 0 0 0 0 0 0 0 0 0 0 0 0 0 0 0 0 0 0 0 0 0 0 0 0 0 0 0 0 0 0 0 0 0 0 0 0 0 0 0]
[4247892122610642717626264331980164041378957889211944112545496601459095450487606488477450037855591564267970642109505474039206942817558021374775064196458587653192438180392292627345143087911035280953325287670756634447475599666332266729167525447653263993715215514081930 0 0 0 0 0 0 0 0 0 0 0 0 0 0 0 0 0 0 0 0 0 0 0 0 1 0 0 0 0 0 0 0 0 0 0 0 0 0 0 0 0 0 0 0 0 0 0 0 0 0 0 0 0 0 0 0 0 0 0 0 0 0 0 0 0 0 0 0 0 0 0 0 0 0 0 0 0 0 0 0 0 0 0 0 0 0 0]
[1263958805840219640589346747079754761143436096716996790002645780383069132915387592343940188976346917836942831804255614030400349485607325338958551123655930500470162966292595408595721023704646175740411321697145155180833539491992221481805333549544361099136356197245032 0 0 0 0 0 0 0 0 0 0 0 0 0 0 0 0 0 0 0 0 0 0 0 0 0 1 0 0 0 0 0 0 0 0 0 0 0 0 0 0 0 0 0 0 0 0 0 0 0 0 0 0 0 0 0 0 0 0 0 0 0 0 0 0 0 0 0 0 0 0 0 0 0 0 0 0 0 0 0 0 0 0 0 0 0 0 0]
[5946691733705456594552922903082694868842266726814623076974042911534514185609567604419050598588970515417184288413879645908996464595115295463378433191244570373718596822648968882812065430859880991395638700360428466364856372267832266967552227018760661842595039398802150 0 0 0 0 0 0 0 0 0 0 0 0 0 0 0 0 0 0 0 0 0 0 0 0 0 0 1 0 0 0 0 0 0 0 0 0 0 0 0 0 0 0 0 0 0 0 0 0 0 0 0 0 0 0 0 0 0 0 0 0 0 0 0 0 0 0 0 0 0 0 0 0 0 0 0 0 0 0 0 0 0 0 0 0 0 0 0]
[985289334371382595778251679272453757602825199503572270009923992702951596483782401169306688459180515010771238978488542920493162264115219409420391714620934470574221982285059076210955076293604328113565933389508356821461879093728528491033382587535824516992673466518035 0 0 0 0 0 0 0 0 0 0 0 0 0 0 0 0 0 0 0 0 0 0 0 0 0 0 0 1 0 0 0 0 0 0 0 0 0 0 0 0 0 0 0 0 0 0 0 0 0 0 0 0 0 0 0 0 0 0 0 0 0 0 0 0 0 0 0 0 0 0 0 0 0 0 0 0 0 0 0 0 0 0 0 0 0 0 0]
[4237933540203380449152974566147456993839668831183199009108154139006354991682478613679370670378056479859983783726344770675163388309382712116625188421806570849265638635907034294485652964817543927856107108032739631073379561008270080365917112433670805852352173306856744 0 0 0 0 0 0 0 0 0 0 0 0 0 0 0 0 0 0 0 0 0 0 0 0 0 0 0 0 1 0 0 0 0 0 0 0 0 0 0 0 0 0 0 0 0 0 0 0 0 0 0 0 0 0 0 0 0 0 0 0 0 0 0 0 0 0 0 0 0 0 0 0 0 0 0 0 0 0 0 0 0 0 0 0 0 0 0]
[957069764170504092770553986600035619186309093486980479594082794406647437163467713419199821365391172541834741839651870754941027127247521502550193612663716770889966355964251943404627062988228961226627310581128730372334812528421322822552805894984992964662014275185727 0 0 0 0 0 0 0 0 0 0 0 0 0 0 0 0 0 0 0 0 0 0 0 0 0 0 0 0 0 1 0 0 0 0 0 0 0 0 0 0 0 0 0 0 0 0 0 0 0 0 0 0 0 0 0 0 0 0 0 0 0 0 0 0 0 0 0 0 0 0 0 0 0 0 0 0 0 0 0 0 0 0 0 0 0 0 0]
[1257465957396598335243708713509717024904966801325726595345003393196504936238621125398191461745548853469949976820418147598358937623020904681491648924019523484701054733376363703569726384666190428509366368462189449127908829076134237441887845914773851399022831002110190 0 0 0 0 0 0 0 0 0 0 0 0 0 0 0 0 0 0 0 0 0 0 0 0 0 0 0 0 0 0 1 0 0 0 0 0 0 0 0 0 0 0 0 0 0 0 0 0 0 0 0 0 0 0 0 0 0 0 0 0 0 0 0 0 0 0 0 0 0 0 0 0 0 0 0 0 0 0 0 0 0 0 0 0 0 0 0]
[84622605902229251757193485973646257820062861784376197152615788372517078132220145264453441327883471772272633113963341978086780209789285033764476334608673134264940770708415196626994194415701803185363029492508538942148843277797671104652529148884628785310639074682135 0 0 0 0 0 0 0 0 0 0 0 0 0 0 0 0 0 0 0 0 0 0 0 0 0 0 0 0 0 0 0 1 0 0 0 0 0 0 0 0 0 0 0 0 0 0 0 0 0 0 0 0 0 0 0 0 0 0 0 0 0 0 0 0 0 0 0 0 0 0 0 0 0 0 0 0 0 0 0 0 0 0 0 0 0 0 0]
[615013876253939140131444816049363628250285388716580324547939708649765076554451468399309746982967554364503843938297778460384482615966817702498178296785323277218262292844931539766618748796696525527687049393531469021908566492858417485681115826900924516521334869221185 0 0 0 0 0 0 0 0 0 0 0 0 0 0 0 0 0 0 0 0 0 0 0 0 0 0 0 0 0 0 0 0 1 0 0 0 0 0 0 0 0 0 0 0 0 0 0 0 0 0 0 0 0 0 0 0 0 0 0 0 0 0 0 0 0 0 0 0 0 0 0 0 0 0 0 0 0 0 0 0 0 0 0 0 0 0 0]
[3443761689419803685354115211324978239418203364833267737370969170178928271182269442681789943211462145698190901719644242077607535355086956680452221669696492792507314306725377580011337337626964608385244570312646257406905888576520370656285060915470120708771438995652225 0 0 0 0 0 0 0 0 0 0 0 0 0 0 0 0 0 0 0 0 0 0 0 0 0 0 0 0 0 0 0 0 0 1 0 0 0 0 0 0 0 0 0 0 0 0 0 0 0 0 0 0 0 0 0 0 0 0 0 0 0 0 0 0 0 0 0 0 0 0 0 0 0 0 0 0 0 0 0 0 0 0 0 0 0 0 0]
[2689374336238927828830633478730029898239792010273003400068017689046466311131622547959101883189591441091591184719889686522105201753458233517540526434048064428520186223118653483705414560103285223178069946739363596148385125383586633570637619562838582406891705788495260 0 0 0 0 0 0 0 0 0 0 0 0 0 0 0 0 0 0 0 0 0 0 0 0 0 0 0 0 0 0 0 0 0 0 1 0 0 0 0 0 0 0 0 0 0 0 0 0 0 0 0 0 0 0 0 0 0 0 0 0 0 0 0 0 0 0 0 0 0 0 0 0 0 0 0 0 0 0 0 0 0 0 0 0 0 0 0]
[3488072802057846355189056568585005004626689942969557228395626901416007344353348098126391197460045115927378108859311058608713699087003992886900903408220445117615038743291184691061878110816735682321753849460883579110971980276173151355304089493003568236592489090382773 0 0 0 0 0 0 0 0 0 0 0 0 0 0 0 0 0 0 0 0 0 0 0 0 0 0 0 0 0 0 0 0 0 0 0 1 0 0 0 0 0 0 0 0 0 0 0 0 0 0 0 0 0 0 0 0 0 0 0 0 0 0 0 0 0 0 0 0 0 0 0 0 0 0 0 0 0 0 0 0 0 0 0 0 0 0 0]
[235679296802824772144232888306981382285433010570471197491622302593693457249228622344419975746445019700980078028754733940700599369376979757314071731132135903239374973331785174934444352911656549954397585508229646512069980296194330009874512568113584226073804429073638 0 0 0 0 0 0 0 0 0 0 0 0 0 0 0 0 0 0 0 0 0 0 0 0 0 0 0 0 0 0 0 0 0 0 0 0 1 0 0 0 0 0 0 0 0 0 0 0 0 0 0 0 0 0 0 0 0 0 0 0 0 0 0 0 0 0 0 0 0 0 0 0 0 0 0 0 0 0 0 0 0 0 0 0 0 0 0]
[6127115795405919692153752993551303587090770845430535304069455418819407244077555357877595010088491301735930410005994980222166001330799217318850482419042230583849820929380446796978191395741584781605796001074199733913780147513146025550227427394545314202880834371952056 0 0 0 0 0 0 0 0 0 0 0 0 0 0 0 0 0 0 0 0 0 0 0 0 0 0 0 0 0 0 0 0 0 0 0 0 0 1 0 0 0 0 0 0 0 0 0 0 0 0 0 0 0 0 0 0 0 0 0 0 0 0 0 0 0 0 0 0 0 0 0 0 0 0 0 0 0 0 0 0 0 0 0 0 0 0 0]
[1730225486983431709973591889047672438258263525828929141506906025621293986314323694734141036092485350639475545040318194358893912795982499372019048886084266483885614800882957161346299132204571213622260299244369715813960141659543409067821800629051874247148567532849311 0 0 0 0 0 0 0 0 0 0 0 0 0 0 0 0 0 0 0 0 0 0 0 0 0 0 0 0 0 0 0 0 0 0 0 0 0 0 1 0 0 0 0 0 0 0 0 0 0 0 0 0 0 0 0 0 0 0 0 0 0 0 0 0 0 0 0 0 0 0 0 0 0 0 0 0 0 0 0 0 0 0 0 0 0 0 0]
[427601755065254400114399848900602834832426257969086029124213505901124706655215600057103217842707032642302456922197367528323980830791809746514832560406254900895285718344044146831365608705228644612343466708981456088079431963633650015921606749176435406886607195823901 0 0 0 0 0 0 0 0 0 0 0 0 0 0 0 0 0 0 0 0 0 0 0 0 0 0 0 0 0 0 0 0 0 0 0 0 0 0 0 1 0 0 0 0 0 0 0 0 0 0 0 0 0 0 0 0 0 0 0 0 0 0 0 0 0 0 0 0 0 0 0 0 0 0 0 0 0 0 0 0 0 0 0 0 0 0 0]
[5305808511218223576166117309308702148927510914673967120300713590209308393991914204302568161037150478299836833822441915691456623735124316539318175134689452314552521877834288183154141793787447587216177670008879700913214228672229952929284673308551925631313869749165244 0 0 0 0 0 0 0 0 0 0 0 0 0 0 0 0 0 0 0 0 0 0 0 0 0 0 0 0 0 0 0 0 0 0 0 0 0 0 0 0 1 0 0 0 0 0 0 0 0 0 0 0 0 0 0 0 0 0 0 0 0 0 0 0 0 0 0 0 0 0 0 0 0 0 0 0 0 0 0 0 0 0 0 0 0 0 0]
[1070487495298515786755960630383525615387782898044299887956723006072435620559206901510268234339046807097190207458531009063101755722875989689454450192047336484620471444943595101130097199373435997868770038307009558419593185801975490742169419946556795248782058862007874 0 0 0 0 0 0 0 0 0 0 0 0 0 0 0 0 0 0 0 0 0 0 0 0 0 0 0 0 0 0 0 0 0 0 0 0 0 0 0 0 0 1 0 0 0 0 0 0 0 0 0 0 0 0 0 0 0 0 0 0 0 0 0 0 0 0 0 0 0 0 0 0 0 0 0 0 0 0 0 0 0 0 0 0 0 0 0]
[6718495950348632260253826285484242071094049545774931252187365035492948393996927980616806202948271764375929021378414030394800473693677384650804698172456068712205829237874154478916400020075735770089453193266623740507768124078967847138852040313982822185388613489824323 0 0 0 0 0 0 0 0 0 0 0 0 0 0 0 0 0 0 0 0 0 0 0 0 0 0 0 0 0 0 0 0 0 0 0 0 0 0 0 0 0 0 1 0 0 0 0 0 0 0 0 0 0 0 0 0 0 0 0 0 0 0 0 0 0 0 0 0 0 0 0 0 0 0 0 0 0 0 0 0 0 0 0 0 0 0 0]
[1176237207939486616132997364850762588662891681923303194379912613019348895959823963325049919373688032484800004649799609928957732304966713731479014437325534605142040540391045019352192295849762470964957337095552784232921724713852339221835943018775752628603915697257199 0 0 0 0 0 0 0 0 0 0 0 0 0 0 0 0 0 0 0 0 0 0 0 0 0 0 0 0 0 0 0 0 0 0 0 0 0 0 0 0 0 0 0 1 0 0 0 0 0 0 0 0 0 0 0 0 0 0 0 0 0 0 0 0 0 0 0 0 0 0 0 0 0 0 0 0 0 0 0 0 0 0 0 0 0 0 0]
[3557442019133278273007095753369242372006556429973704184649441535992223766058974287641860988993016234404151627147517041739401616535753370288750943576190027029001841362847811210440439909570757261867165875143156235683818363494722651459127696275677996324763802455451928 0 0 0 0 0 0 0 0 0 0 0 0 0 0 0 0 0 0 0 0 0 0 0 0 0 0 0 0 0 0 0 0 0 0 0 0 0 0 0 0 0 0 0 0 1 0 0 0 0 0 0 0 0 0 0 0 0 0 0 0 0 0 0 0 0 0 0 0 0 0 0 0 0 0 0 0 0 0 0 0 0 0 0 0 0 0 0]
[5150740339386897934015060686771639739395976926314265944335371274465755564255964468759213701188353359439561834230727048721786043504697918930854492444609309060293626621771322655111805564642939331680585296110591284817860276661961210717697893824340920216784883149114805 0 0 0 0 0 0 0 0 0 0 0 0 0 0 0 0 0 0 0 0 0 0 0 0 0 0 0 0 0 0 0 0 0 0 0 0 0 0 0 0 0 0 0 0 0 1 0 0 0 0 0 0 0 0 0 0 0 0 0 0 0 0 0 0 0 0 0 0 0 0 0 0 0 0 0 0 0 0 0 0 0 0 0 0 0 0 0]
[2548536500806101027103754516812110120895453393868302023941874412379657704820375353218760466678387658336806631169546531800598228170171255855523492198746663767547982163187698417807010875663726666608627014354220706036022206685895939727937479714691114295300015505318463 0 0 0 0 0 0 0 0 0 0 0 0 0 0 0 0 0 0 0 0 0 0 0 0 0 0 0 0 0 0 0 0 0 0 0 0 0 0 0 0 0 0 0 0 0 0 1 0 0 0 0 0 0 0 0 0 0 0 0 0 0 0 0 0 0 0 0 0 0 0 0 0 0 0 0 0 0 0 0 0 0 0 0 0 0 0 0]
[6159585567505031978337615085843012465708111224415152645797326388340247225056497058700911440609532673215511001433772716192293607842773256105314111582959007731783891847151136378649708075467696403691849162169945176926242329089303616861992459461039666117221517931464643 0 0 0 0 0 0 0 0 0 0 0 0 0 0 0 0 0 0 0 0 0 0 0 0 0 0 0 0 0 0 0 0 0 0 0 0 0 0 0 0 0 0 0 0 0 0 0 1 0 0 0 0 0 0 0 0 0 0 0 0 0 0 0 0 0 0 0 0 0 0 0 0 0 0 0 0 0 0 0 0 0 0 0 0 0 0 0]
[4927168966829391686230031278274856772501137714894707208685125998556606508673617454309327929421393079931312237109166331021067342104271534112871907119221669678781465859557393955874117481315882497130534607480271113005885911846816267403031403153430414462181827534112022 0 0 0 0 0 0 0 0 0 0 0 0 0 0 0 0 0 0 0 0 0 0 0 0 0 0 0 0 0 0 0 0 0 0 0 0 0 0 0 0 0 0 0 0 0 0 0 0 1 0 0 0 0 0 0 0 0 0 0 0 0 0 0 0 0 0 0 0 0 0 0 0 0 0 0 0 0 0 0 0 0 0 0 0 0 0 0]
[597296835895486982856531542075612428874363833533482092407864579330842390765241852248831803836812161396711773310897200790709422758040592261530950993593994934781572954965050034088290179339747182719793862129108509494714318731695133826540224833556330332293396942631606 0 0 0 0 0 0 0 0 0 0 0 0 0 0 0 0 0 0 0 0 0 0 0 0 0 0 0 0 0 0 0 0 0 0 0 0 0 0 0 0 0 0 0 0 0 0 0 0 0 1 0 0 0 0 0 0 0 0 0 0 0 0 0 0 0 0 0 0 0 0 0 0 0 0 0 0 0 0 0 0 0 0 0 0 0 0 0]
[7158565605505722194169507083443213790589194269841323040587238871093580451644204878102853086715012787383386331349730503522413973639793469588450081127566132495723959273230172521055788411535411338520398194665632896172403022151832865543076251771955096779734921590415480 0 0 0 0 0 0 0 0 0 0 0 0 0 0 0 0 0 0 0 0 0 0 0 0 0 0 0 0 0 0 0 0 0 0 0 0 0 0 0 0 0 0 0 0 0 0 0 0 0 0 1 0 0 0 0 0 0 0 0 0 0 0 0 0 0 0 0 0 0 0 0 0 0 0 0 0 0 0 0 0 0 0 0 0 0 0 0]
[1271045663877813893639092647080390980138699078862779760727214844586178482963183933574178304843828210453957724855979025631162919237578231567576765598118587464707115723037820989559743418904459709851232726983937222994815906471780601460068197247127880156832533498240536 0 0 0 0 0 0 0 0 0 0 0 0 0 0 0 0 0 0 0 0 0 0 0 0 0 0 0 0 0 0 0 0 0 0 0 0 0 0 0 0 0 0 0 0 0 0 0 0 0 0 0 1 0 0 0 0 0 0 0 0 0 0 0 0 0 0 0 0 0 0 0 0 0 0 0 0 0 0 0 0 0 0 0 0 0 0 0]
[3221827226347133289961487307257404473471335346091997009109792939712083649039129446553086987410954996040904176995856069380662095771477741770498845584161337806316180513792244191924336176949621683932452923878568911289414038212024574863313146040146262338522199104378557 0 0 0 0 0 0 0 0 0 0 0 0 0 0 0 0 0 0 0 0 0 0 0 0 0 0 0 0 0 0 0 0 0 0 0 0 0 0 0 0 0 0 0 0 0 0 0 0 0 0 0 0 1 0 0 0 0 0 0 0 0 0 0 0 0 0 0 0 0 0 0 0 0 0 0 0 0 0 0 0 0 0 0 0 0 0 0]
[5417760060102340766126314647593896844788585162683647961524546011344466396342388291987150485371541787443690997639864331358847937266540982151299722389455215627093146957728635777122957280647511452029251760473378471937087482511824364214133129766365710240144960939790265 0 0 0 0 0 0 0 0 0 0 0 0 0 0 0 0 0 0 0 0 0 0 0 0 0 0 0 0 0 0 0 0 0 0 0 0 0 0 0 0 0 0 0 0 0 0 0 0 0 0 0 0 0 1 0 0 0 0 0 0 0 0 0 0 0 0 0 0 0 0 0 0 0 0 0 0 0 0 0 0 0 0 0 0 0 0 0]
[5881598499229096828988803264119309744447667026721852894337029114274139930360890193269605035985637007179473845200606559914885720218132374562600380873195701266238252965654209818580133202410434652561765592903172209775164183992224627530504205725526725067521960699086449 0 0 0 0 0 0 0 0 0 0 0 0 0 0 0 0 0 0 0 0 0 0 0 0 0 0 0 0 0 0 0 0 0 0 0 0 0 0 0 0 0 0 0 0 0 0 0 0 0 0 0 0 0 0 1 0 0 0 0 0 0 0 0 0 0 0 0 0 0 0 0 0 0 0 0 0 0 0 0 0 0 0 0 0 0 0 0]
[2657183816785023994660279499354824814980404224703848124392839202913820064199941306325480567172195565767676718841500645500699794416463919232783154404902970726308066899600262728813636468900332023484104364335255472414469768943917363239584876359870912233129477904356376 0 0 0 0 0 0 0 0 0 0 0 0 0 0 0 0 0 0 0 0 0 0 0 0 0 0 0 0 0 0 0 0 0 0 0 0 0 0 0 0 0 0 0 0 0 0 0 0 0 0 0 0 0 0 0 1 0 0 0 0 0 0 0 0 0 0 0 0 0 0 0 0 0 0 0 0 0 0 0 0 0 0 0 0 0 0 0]
[3957110681087506014403098249969820449875794503832155346267886970264783419670600142688344438190945631638583657066356585930690429301709509197941752586426576390489268815918253946641845805672428231408354460677987894825413613643395657259901045064530072137520179006055822 0 0 0 0 0 0 0 0 0 0 0 0 0 0 0 0 0 0 0 0 0 0 0 0 0 0 0 0 0 0 0 0 0 0 0 0 0 0 0 0 0 0 0 0 0 0 0 0 0 0 0 0 0 0 0 0 1 0 0 0 0 0 0 0 0 0 0 0 0 0 0 0 0 0 0 0 0 0 0 0 0 0 0 0 0 0 0]
[515052102050299429053751859023744992980817253105634978910345648497740905198010789736518627740165794336688203202212003823315311271812625678368753545944265180305571254850889728649207822459586743095081033526746507988993419491318083864716779101891639673415478175188966 0 0 0 0 0 0 0 0 0 0 0 0 0 0 0 0 0 0 0 0 0 0 0 0 0 0 0 0 0 0 0 0 0 0 0 0 0 0 0 0 0 0 0 0 0 0 0 0 0 0 0 0 0 0 0 0 0 1 0 0 0 0 0 0 0 0 0 0 0 0 0 0 0 0 0 0 0 0 0 0 0 0 0 0 0 0 0]
[7200527008125819956504566994079180083111256176363592227540649157124246551767825591844941230880675978854812202317901409759350724198368031067660581214780896999913613249818241351409311665722020476368777799580524565635331105579834878630173741529857009228399562586626826 0 0 0 0 0 0 0 0 0 0 0 0 0 0 0 0 0 0 0 0 0 0 0 0 0 0 0 0 0 0 0 0 0 0 0 0 0 0 0 0 0 0 0 0 0 0 0 0 0 0 0 0 0 0 0 0 0 0 1 0 0 0 0 0 0 0 0 0 0 0 0 0 0 0 0 0 0 0 0 0 0 0 0 0 0 0 0]
[1413179070778725969632654522214953187043495214899930828193526349227062832597057938693253076235999504604944782375066326273979423238960256474763805213829936675744201534159055315562887798730991284188674181982950949387725234351954698799152196231904065433142962394856771 0 0 0 0 0 0 0 0 0 0 0 0 0 0 0 0 0 0 0 0 0 0 0 0 0 0 0 0 0 0 0 0 0 0 0 0 0 0 0 0 0 0 0 0 0 0 0 0 0 0 0 0 0 0 0 0 0 0 0 1 0 0 0 0 0 0 0 0 0 0 0 0 0 0 0 0 0 0 0 0 0 0 0 0 0 0 0]
[522062668545118149182518071417360398374048071734135372497622802921609890989977619671323814378886740288215209240471094026520139249925848373183816431628183331371139736790682816739400585662681741624995924146354636374713720278559655943007973284057972840050188552827061 0 0 0 0 0 0 0 0 0 0 0 0 0 0 0 0 0 0 0 0 0 0 0 0 0 0 0 0 0 0 0 0 0 0 0 0 0 0 0 0 0 0 0 0 0 0 0 0 0 0 0 0 0 0 0 0 0 0 0 0 1 0 0 0 0 0 0 0 0 0 0 0 0 0 0 0 0 0 0 0 0 0 0 0 0 0 0]
[2722243332007066517357931571460223775975551350303980933285546412900334628977671222607834602421487585005040397266785271062364566612800531599828387504156191933002614644327701024316925920571942093840601002410581016484336441972867361670760987605729187089604461656774071 0 0 0 0 0 0 0 0 0 0 0 0 0 0 0 0 0 0 0 0 0 0 0 0 0 0 0 0 0 0 0 0 0 0 0 0 0 0 0 0 0 0 0 0 0 0 0 0 0 0 0 0 0 0 0 0 0 0 0 0 0 1 0 0 0 0 0 0 0 0 0 0 0 0 0 0 0 0 0 0 0 0 0 0 0 0 0]
[4618675697335943965614907142694061201505747123313074944753231313136334535482530089597782324611460362712122853977631197322029747716362355477438398336909920481171770969447954198639553030036716874903194353232792112814578999020315289309727159885117431459071941035970882 0 0 0 0 0 0 0 0 0 0 0 0 0 0 0 0 0 0 0 0 0 0 0 0 0 0 0 0 0 0 0 0 0 0 0 0 0 0 0 0 0 0 0 0 0 0 0 0 0 0 0 0 0 0 0 0 0 0 0 0 0 0 1 0 0 0 0 0 0 0 0 0 0 0 0 0 0 0 0 0 0 0 0 0 0 0 0]
[298479707936946702251882187291245636496179085521731653623132054648552257856144428630418915463543760279918317872173627728693542713127685784486588488061679791167937309370297797115465242775801112521571743617212015267187413029035516042063658233703009940221962239085341 0 0 0 0 0 0 0 0 0 0 0 0 0 0 0 0 0 0 0 0 0 0 0 0 0 0 0 0 0 0 0 0 0 0 0 0 0 0 0 0 0 0 0 0 0 0 0 0 0 0 0 0 0 0 0 0 0 0 0 0 0 0 0 1 0 0 0 0 0 0 0 0 0 0 0 0 0 0 0 0 0 0 0 0 0 0 0]
[4422948794241028927863390052244901426925881250829181316014549760089880256098413263390781535099785056128648348977427610071182104155652316303124954267397958207124257507273823699118855186887888024720458868720225948835374921237751782219449128052709964927606326074162040 0 0 0 0 0 0 0 0 0 0 0 0 0 0 0 0 0 0 0 0 0 0 0 0 0 0 0 0 0 0 0 0 0 0 0 0 0 0 0 0 0 0 0 0 0 0 0 0 0 0 0 0 0 0 0 0 0 0 0 0 0 0 0 0 1 0 0 0 0 0 0 0 0 0 0 0 0 0 0 0 0 0 0 0 0 0 0]
[3349941776720172731608176419897426354593953413582402061410056189907388204589756505079400215573726206666444844259595766772888833420570487258937646373510210445638942458872461350361147350205939137437221955226822567532833967465085014653007369478768095724019572456051248 0 0 0 0 0 0 0 0 0 0 0 0 0 0 0 0 0 0 0 0 0 0 0 0 0 0 0 0 0 0 0 0 0 0 0 0 0 0 0 0 0 0 0 0 0 0 0 0 0 0 0 0 0 0 0 0 0 0 0 0 0 0 0 0 0 1 0 0 0 0 0 0 0 0 0 0 0 0 0 0 0 0 0 0 0 0 0]
[4655396885331577308175657881147417074887819070669531145124208784069862528451374083804962604032203843727833113638918336373797775367765042306073315640240077550033725607632771526538006790589294939141190082733332780966669115091778537885793726733457847623086198745185747 0 0 0 0 0 0 0 0 0 0 0 0 0 0 0 0 0 0 0 0 0 0 0 0 0 0 0 0 0 0 0 0 0 0 0 0 0 0 0 0 0 0 0 0 0 0 0 0 0 0 0 0 0 0 0 0 0 0 0 0 0 0 0 0 0 0 1 0 0 0 0 0 0 0 0 0 0 0 0 0 0 0 0 0 0 0 0]
[1551273426575855731840901776051285767291232517352999224516755504997830311199810192893685619002729241006508643264631551996309151950775038154969401717186646239812979321274855901642807350527242101004930176280303331320312644438335508981950686678566048926975027878149988 0 0 0 0 0 0 0 0 0 0 0 0 0 0 0 0 0 0 0 0 0 0 0 0 0 0 0 0 0 0 0 0 0 0 0 0 0 0 0 0 0 0 0 0 0 0 0 0 0 0 0 0 0 0 0 0 0 0 0 0 0 0 0 0 0 0 0 1 0 0 0 0 0 0 0 0 0 0 0 0 0 0 0 0 0 0 0]
[4239967998436921239805764468033734934478033285113308931679559252885044656371304366011702682891652515077008410588974405586233649816574425220030407580996316687524789192374699880767558608943102468328015109269996239433884447585957684516993986143424481521398795203942612 0 0 0 0 0 0 0 0 0 0 0 0 0 0 0 0 0 0 0 0 0 0 0 0 0 0 0 0 0 0 0 0 0 0 0 0 0 0 0 0 0 0 0 0 0 0 0 0 0 0 0 0 0 0 0 0 0 0 0 0 0 0 0 0 0 0 0 0 1 0 0 0 0 0 0 0 0 0 0 0 0 0 0 0 0 0 0]
[5528963424986105535784200229776179001976025338913411505549734425957000018788691998511067239307842723051971520606075973285577205650918875231356617556335844128404757448831571556550828983251916183819164252156015344833597396601318025871023734422644832986299724335312964 0 0 0 0 0 0 0 0 0 0 0 0 0 0 0 0 0 0 0 0 0 0 0 0 0 0 0 0 0 0 0 0 0 0 0 0 0 0 0 0 0 0 0 0 0 0 0 0 0 0 0 0 0 0 0 0 0 0 0 0 0 0 0 0 0 0 0 0 0 1 0 0 0 0 0 0 0 0 0 0 0 0 0 0 0 0 0]
[6073723240068563636448848238885225260286052114072235303775020175434074618593140533357758532925318677945478238146420481930684132608407243811694988359525589801701742776762542085632967813868909117060844115258561427572945485453481956653264870612710578477335160022178632 0 0 0 0 0 0 0 0 0 0 0 0 0 0 0 0 0 0 0 0 0 0 0 0 0 0 0 0 0 0 0 0 0 0 0 0 0 0 0 0 0 0 0 0 0 0 0 0 0 0 0 0 0 0 0 0 0 0 0 0 0 0 0 0 0 0 0 0 0 0 1 0 0 0 0 0 0 0 0 0 0 0 0 0 0 0 0]
[6588693900078264970211235457927205525958045898051033894585449227841614374533002361450385777777208201748612103681313985716885463757833995852288356654308180421936502868125375858749713859170589007023775583225181116681708022990862125057259165533370763843265121662704269 0 0 0 0 0 0 0 0 0 0 0 0 0 0 0 0 0 0 0 0 0 0 0 0 0 0 0 0 0 0 0 0 0 0 0 0 0 0 0 0 0 0 0 0 0 0 0 0 0 0 0 0 0 0 0 0 0 0 0 0 0 0 0 0 0 0 0 0 0 0 0 1 0 0 0 0 0 0 0 0 0 0 0 0 0 0 0]
[3014578333742909851714555084258961542213272912978683952576622452529877140317846546411764643975757160954725532095962186784916677200857414672711126293679337014585857417854522640487569277249864011330158059431982427853131275887723375963010294451757993767769408934696876 0 0 0 0 0 0 0 0 0 0 0 0 0 0 0 0 0 0 0 0 0 0 0 0 0 0 0 0 0 0 0 0 0 0 0 0 0 0 0 0 0 0 0 0 0 0 0 0 0 0 0 0 0 0 0 0 0 0 0 0 0 0 0 0 0 0 0 0 0 0 0 0 1 0 0 0 0 0 0 0 0 0 0 0 0 0 0]
[1665108232233233371601511920360249014831480614534352675932727939344102570282442883434052100781048222058285416073436230280355480486471666772930640711248328129748076575523275166733202960599384810647301225233666385649185221055144575734623865995453734458649479164373083 0 0 0 0 0 0 0 0 0 0 0 0 0 0 0 0 0 0 0 0 0 0 0 0 0 0 0 0 0 0 0 0 0 0 0 0 0 0 0 0 0 0 0 0 0 0 0 0 0 0 0 0 0 0 0 0 0 0 0 0 0 0 0 0 0 0 0 0 0 0 0 0 0 1 0 0 0 0 0 0 0 0 0 0 0 0 0]
[6932561851710659630964228049976176569521365198842312422069490146851060454038598578823451680700100672715548991762835782482320323545968732018199270800450704485322045633866566749552597440480121380936993634235896827128927497516095183851861643484824290917750632844030931 0 0 0 0 0 0 0 0 0 0 0 0 0 0 0 0 0 0 0 0 0 0 0 0 0 0 0 0 0 0 0 0 0 0 0 0 0 0 0 0 0 0 0 0 0 0 0 0 0 0 0 0 0 0 0 0 0 0 0 0 0 0 0 0 0 0 0 0 0 0 0 0 0 0 1 0 0 0 0 0 0 0 0 0 0 0 0]
[479930118463389892718163326424527934365801580195945043628538865066249593301766259264304343980486731798066778931169464486739430547736444732109409554861308826258794880412587345958117390215954320454616207474518550438555068883683993809901072724367525692286264764498365 0 0 0 0 0 0 0 0 0 0 0 0 0 0 0 0 0 0 0 0 0 0 0 0 0 0 0 0 0 0 0 0 0 0 0 0 0 0 0 0 0 0 0 0 0 0 0 0 0 0 0 0 0 0 0 0 0 0 0 0 0 0 0 0 0 0 0 0 0 0 0 0 0 0 0 1 0 0 0 0 0 0 0 0 0 0 0]
[6262227137246171800063320923377796253087783184956870670061711018452005324368607245270582388289736373833761906908396415332229725574831905561455463066605935322359744559733663724851149996402403035539047744754484908659939860958131002903907929254924775896733354986478955 0 0 0 0 0 0 0 0 0 0 0 0 0 0 0 0 0 0 0 0 0 0 0 0 0 0 0 0 0 0 0 0 0 0 0 0 0 0 0 0 0 0 0 0 0 0 0 0 0 0 0 0 0 0 0 0 0 0 0 0 0 0 0 0 0 0 0 0 0 0 0 0 0 0 0 0 1 0 0 0 0 0 0 0 0 0 0]
[6240014614951457976464375728418001927571398709150827300561766479487085692880028303973642371347269106572408877646246649537427090288529013489980446740662293165433423073153427342752208528531968842157332624117191190763854678102177851305033499215734665311626707701523499 0 0 0 0 0 0 0 0 0 0 0 0 0 0 0 0 0 0 0 0 0 0 0 0 0 0 0 0 0 0 0 0 0 0 0 0 0 0 0 0 0 0 0 0 0 0 0 0 0 0 0 0 0 0 0 0 0 0 0 0 0 0 0 0 0 0 0 0 0 0 0 0 0 0 0 0 0 1 0 0 0 0 0 0 0 0 0]
[2322662120234737528831056874867426879127216279311657666374386409873528455516131252084156300427941953079462923011084523912542111179297400383704929191282064857037016843581972811677853988613559785532034732996190204583071508568923951325258885171870368183727849321980866 0 0 0 0 0 0 0 0 0 0 0 0 0 0 0 0 0 0 0 0 0 0 0 0 0 0 0 0 0 0 0 0 0 0 0 0 0 0 0 0 0 0 0 0 0 0 0 0 0 0 0 0 0 0 0 0 0 0 0 0 0 0 0 0 0 0 0 0 0 0 0 0 0 0 0 0 0 0 1 0 0 0 0 0 0 0 0]
[6351181781014118689567860527111791657108469886513567004266115212244474452242314452750186652194511800883107234281611519459889714218050985764805089236400127127166107183151554677952128879553677616505963839867143682552661027754268425609743533284147960255420626378439193 0 0 0 0 0 0 0 0 0 0 0 0 0 0 0 0 0 0 0 0 0 0 0 0 0 0 0 0 0 0 0 0 0 0 0 0 0 0 0 0 0 0 0 0 0 0 0 0 0 0 0 0 0 0 0 0 0 0 0 0 0 0 0 0 0 0 0 0 0 0 0 0 0 0 0 0 0 0 0 1 0 0 0 0 0 0 0]
[7186530273107605041246022669436263656468803457262594505868430185864147166746126287387582727426868274953813130039715564894242852653303474655199435455788904797046568462634249011416535856108692014320965031506935941530044325497144121590114222696164666340943044664784423 0 0 0 0 0 0 0 0 0 0 0 0 0 0 0 0 0 0 0 0 0 0 0 0 0 0 0 0 0 0 0 0 0 0 0 0 0 0 0 0 0 0 0 0 0 0 0 0 0 0 0 0 0 0 0 0 0 0 0 0 0 0 0 0 0 0 0 0 0 0 0 0 0 0 0 0 0 0 0 0 1 0 0 0 0 0 0]
[3072712690354888451078545070153239005786240128162070886718122910022312060698365976672082146646636740329079885400042718663700437437980155675027677359839088588928215360338970415742822184983869074091910192881531285658038596584080881285611530385027154674610088626983873 0 0 0 0 0 0 0 0 0 0 0 0 0 0 0 0 0 0 0 0 0 0 0 0 0 0 0 0 0 0 0 0 0 0 0 0 0 0 0 0 0 0 0 0 0 0 0 0 0 0 0 0 0 0 0 0 0 0 0 0 0 0 0 0 0 0 0 0 0 0 0 0 0 0 0 0 0 0 0 0 0 1 0 0 0 0 0]
[1095930928249071905217944893109626156467399153840684954581132892645660722715692347403421394649231834656811231763280200379630465577949437778954387917454913363242809446563989113441527597823783090309596215465780682251564667726748664370122413704402568162470786312922933 0 0 0 0 0 0 0 0 0 0 0 0 0 0 0 0 0 0 0 0 0 0 0 0 0 0 0 0 0 0 0 0 0 0 0 0 0 0 0 0 0 0 0 0 0 0 0 0 0 0 0 0 0 0 0 0 0 0 0 0 0 0 0 0 0 0 0 0 0 0 0 0 0 0 0 0 0 0 0 0 0 0 1 0 0 0 0]
[5503866145248188303728183704806514549984177592730744455434419517397354708758669027257958268634994958326718505036594196831400977779629605113018356018149638769571667146157992094441573345405278254586186816227925844796527231711038245709160511931152877466225099993704922 0 0 0 0 0 0 0 0 0 0 0 0 0 0 0 0 0 0 0 0 0 0 0 0 0 0 0 0 0 0 0 0 0 0 0 0 0 0 0 0 0 0 0 0 0 0 0 0 0 0 0 0 0 0 0 0 0 0 0 0 0 0 0 0 0 0 0 0 0 0 0 0 0 0 0 0 0 0 0 0 0 0 0 1 0 0 0]
[1306025005903363682409576955963832674421279605073363546870194279386784785161396919093148565031040472666955254288450483357350407650691905277374807055481572643125510104818105183085476404188121424481836214335556315612147624027710193696987618352901345375676465101130363 0 0 0 0 0 0 0 0 0 0 0 0 0 0 0 0 0 0 0 0 0 0 0 0 0 0 0 0 0 0 0 0 0 0 0 0 0 0 0 0 0 0 0 0 0 0 0 0 0 0 0 0 0 0 0 0 0 0 0 0 0 0 0 0 0 0 0 0 0 0 0 0 0 0 0 0 0 0 0 0 0 0 0 0 1 0 0]
[6560671974540401701819716307584812256185266901940414098391660806143318978297625990392721748309848513519388390107384396863144817683129783445298661249472788112248158016838827547292470462982481708512480316237771174202487652801985669836148721650655928795471031098339747 0 0 0 0 0 0 0 0 0 0 0 0 0 0 0 0 0 0 0 0 0 0 0 0 0 0 0 0 0 0 0 0 0 0 0 0 0 0 0 0 0 0 0 0 0 0 0 0 0 0 0 0 0 0 0 0 0 0 0 0 0 0 0 0 0 0 0 0 0 0 0 0 0 0 0 0 0 0 0 0 0 0 0 0 0 1 0]
[6472850639426528014195590144804371022487654572261151665304412645799347292962779721240363215638170648443541267529497448389905324229797587205861634072145405546449649268268513054806633543175246708532790272072842420876717720956575867898864690495804559927230767280212790 0 0 0 0 0 0 0 0 0 0 0 0 0 0 0 0 0 0 0 0 0 0 0 0 0 0 0 0 0 0 0 0 0 0 0 0 0 0 0 0 0 0 0 0 0 0 0 0 0 0 0 0 0 0 0 0 0 0 0 0 0 0 0 0 0 0 0 0 0 0 0 0 0 0 0 0 0 0 0 0 0 0 0 0 0 0 1]
]
