[[2503496205913823212660040493995718625905899448935933319642583865539878691496239477169867694529826652922484879120004274868636715336287345375541584613819120709674039170597 0 0 0 0 0 0 0 0 0 0 0 0 0 0 0 0 0 0 0 0 0 0 0 0 0 0 0 0 0 0 0 0 0 0 0 0 0 0 0 0 0 0 0 0 0 0 0 0 0 0 0 0 0 0 0]
[582112734551127357123136194828048442384469819600858420026848897646486322948760221087842804684884451270270055782096108127667476029224153694826218061718197102601765022111 1 0 0 0 0 0 0 0 0 0 0 0 0 0 0 0 0 0 0 0 0 0 0 0 0 0 0 0 0 0 0 0 0 0 0 0 0 0 0 0 0 0 0 0 0 0 0 0 0 0 0 0 0 0 0]
[621674344139064188978351380071363593230937842276135594834417350120031422866757039187599347874444529112881860650831109917751546395464473957896746768124636303319713464898 0 1 0 0 0 0 0 0 0 0 0 0 0 0 0 0 0 0 0 0 0 0 0 0 0 0 0 0 0 0 0 0 0 0 0 0 0 0 0 0 0 0 0 0 0 0 0 0 0 0 0 0 0 0 0]
[2471429467041416672781732872736204066992331847866003282526799834211810884835548125398174909358208912573307189845159657566707327919199873096200218602437253237716973366574 0 0 1 0 0 0 0 0 0 0 0 0 0 0 0 0 0 0 0 0 0 0 0 0 0 0 0 0 0 0 0 0 0 0 0 0 0 0 0 0 0 0 0 0 0 0 0 0 0 0 0 0 0 0 0]
[1970656692824878405998640918000283440190929507836700534978236774759592078840487052074295650380442143146082292085221009548362128228526780713178017525140937520530338792075 0 0 0 1 0 0 0 0 0 0 0 0 0 0 0 0 0 0 0 0 0 0 0 0 0 0 0 0 0 0 0 0 0 0 0 0 0 0 0 0 0 0 0 0 0 0 0 0 0 0 0 0 0 0 0]
[1955024582731367874990146195088313684197541665598533010288809605117597210176901765177402655377797404412542991190324190027254627692912152067920221117614399990483969673290 0 0 0 0 1 0 0 0 0 0 0 0 0 0 0 0 0 0 0 0 0 0 0 0 0 0 0 0 0 0 0 0 0 0 0 0 0 0 0 0 0 0 0 0 0 0 0 0 0 0 0 0 0 0 0]
[527447112954041852250141506516952929801200118055771902256319447068119368025693844260903378928258941766019656184335031308904299538324093957326993606232278105155101740958 0 0 0 0 0 1 0 0 0 0 0 0 0 0 0 0 0 0 0 0 0 0 0 0 0 0 0 0 0 0 0 0 0 0 0 0 0 0 0 0 0 0 0 0 0 0 0 0 0 0 0 0 0 0 0]
[2306730971021105548889480600200812784230594836650651033014850087166516247710641397846179475625506125869704369334943292542971337578042473063221082535207342952051151962353 0 0 0 0 0 0 1 0 0 0 0 0 0 0 0 0 0 0 0 0 0 0 0 0 0 0 0 0 0 0 0 0 0 0 0 0 0 0 0 0 0 0 0 0 0 0 0 0 0 0 0 0 0 0 0]
[1531203641418261421846448978751573094344350740935674447559339340090208903545051393685631360380643806635588141798051492141684099226040024631660179707464256660335522406068 0 0 0 0 0 0 0 1 0 0 0 0 0 0 0 0 0 0 0 0 0 0 0 0 0 0 0 0 0 0 0 0 0 0 0 0 0 0 0 0 0 0 0 0 0 0 0 0 0 0 0 0 0 0 0]
[577369032237102594978037548173073336881922373864031281778076664461159194880975529451763596745809714869056332999432286018755872681369127281114344927898448241032032579723 0 0 0 0 0 0 0 0 1 0 0 0 0 0 0 0 0 0 0 0 0 0 0 0 0 0 0 0 0 0 0 0 0 0 0 0 0 0 0 0 0 0 0 0 0 0 0 0 0 0 0 0 0 0 0]
[2170683588163605078324736116599455799531082423357341690908321647948242966084717190870187116366892502588612577747004991213197993040063527290776378433839452726220598736751 0 0 0 0 0 0 0 0 0 1 0 0 0 0 0 0 0 0 0 0 0 0 0 0 0 0 0 0 0 0 0 0 0 0 0 0 0 0 0 0 0 0 0 0 0 0 0 0 0 0 0 0 0 0 0]
[2064747485297916581794750884617142556666116075097101618044596850474212166847036212591585198008717399759228353711333851669672669137885836081319992481829145438742797739956 0 0 0 0 0 0 0 0 0 0 1 0 0 0 0 0 0 0 0 0 0 0 0 0 0 0 0 0 0 0 0 0 0 0 0 0 0 0 0 0 0 0 0 0 0 0 0 0 0 0 0 0 0 0 0]
[1729730774896156470084522108572171894308983002959825602703325396754634858354486939448741336001070762571614315780740023872093604819164753626627923634873114527942514133051 0 0 0 0 0 0 0 0 0 0 0 1 0 0 0 0 0 0 0 0 0 0 0 0 0 0 0 0 0 0 0 0 0 0 0 0 0 0 0 0 0 0 0 0 0 0 0 0 0 0 0 0 0 0 0]
[1597101661070325730264144310868888469161490544355028589153754256716195079772009431326484235319041971616545081450257419753312184978484233619602337263847665752753889488101 0 0 0 0 0 0 0 0 0 0 0 0 1 0 0 0 0 0 0 0 0 0 0 0 0 0 0 0 0 0 0 0 0 0 0 0 0 0 0 0 0 0 0 0 0 0 0 0 0 0 0 0 0 0 0]
[1398631689327622908866845720250905838877939482595178706631399582226112286578490458012537110130704692918535997089086178796789524010872467612639549495092692455995326375339 0 0 0 0 0 0 0 0 0 0 0 0 0 1 0 0 0 0 0 0 0 0 0 0 0 0 0 0 0 0 0 0 0 0 0 0 0 0 0 0 0 0 0 0 0 0 0 0 0 0 0 0 0 0 0]
[33048772078946447841742928401866336595858206648973956586002617024981252943087725562216762068261199121690827458991899364717119712053577751655171920291183832383509286997 0 0 0 0 0 0 0 0 0 0 0 0 0 0 1 0 0 0 0 0 0 0 0 0 0 0 0 0 0 0 0 0 0 0 0 0 0 0 0 0 0 0 0 0 0 0 0 0 0 0 0 0 0 0 0]
[352247945229721590268707864307688959560795310595160469675378505956503439606196349562356005689489173675897332162282383874279823711576672039125309592370049252602737245175 0 0 0 0 0 0 0 0 0 0 0 0 0 0 0 1 0 0 0 0 0 0 0 0 0 0 0 0 0 0 0 0 0 0 0 0 0 0 0 0 0 0 0 0 0 0 0 0 0 0 0 0 0 0 0]
[920027362418865641242286935168575724729071704735454522087683491756518282842805349681737697445928188140103003397583570499860751693189193674362833637063997780027372307350 0 0 0 0 0 0 0 0 0 0 0 0 0 0 0 0 1 0 0 0 0 0 0 0 0 0 0 0 0 0 0 0 0 0 0 0 0 0 0 0 0 0 0 0 0 0 0 0 0 0 0 0 0 0 0]
[269651574335092940463607045080166515655701045216016834386253800451638118323913337877047011265930503775218303609526733561182277944711788452310196826222481505696905509788 0 0 0 0 0 0 0 0 0 0 0 0 0 0 0 0 0 1 0 0 0 0 0 0 0 0 0 0 0 0 0 0 0 0 0 0 0 0 0 0 0 0 0 0 0 0 0 0 0 0 0 0 0 0 0]
[562359465024356363158715266833112821430936872318200706643031797512407215295505846618942594503488594459743233862656631726685392454014411350912724773270479022553733990751 0 0 0 0 0 0 0 0 0 0 0 0 0 0 0 0 0 0 1 0 0 0 0 0 0 0 0 0 0 0 0 0 0 0 0 0 0 0 0 0 0 0 0 0 0 0 0 0 0 0 0 0 0 0 0]
[1464794697154540447437581728758682929996169287589896613902996200265704114250997079472909760685074112841015029064660070725901255932307681729775104509262107282424675130105 0 0 0 0 0 0 0 0 0 0 0 0 0 0 0 0 0 0 0 1 0 0 0 0 0 0 0 0 0 0 0 0 0 0 0 0 0 0 0 0 0 0 0 0 0 0 0 0 0 0 0 0 0 0 0]
[1160954654078462666259102633164427245155165021319048785433645595232109286281746726722945446971296868376871325126488894072813598694064742178471834258196375445415570412864 0 0 0 0 0 0 0 0 0 0 0 0 0 0 0 0 0 0 0 0 1 0 0 0 0 0 0 0 0 0 0 0 0 0 0 0 0 0 0 0 0 0 0 0 0 0 0 0 0 0 0 0 0 0 0]
[133981975137986855850185735482851098771801266581133357619361578761245616030194908162760460950794173487921820049579031493623282147853002274246959221967591388001529697370 0 0 0 0 0 0 0 0 0 0 0 0 0 0 0 0 0 0 0 0 0 1 0 0 0 0 0 0 0 0 0 0 0 0 0 0 0 0 0 0 0 0 0 0 0 0 0 0 0 0 0 0 0 0 0]
[2222935304132328689761544405905622529112694314195904770727245450764316098275701235605419357047261223722721176077549131961186159928713490696004213063851117583751072666628 0 0 0 0 0 0 0 0 0 0 0 0 0 0 0 0 0 0 0 0 0 0 1 0 0 0 0 0 0 0 0 0 0 0 0 0 0 0 0 0 0 0 0 0 0 0 0 0 0 0 0 0 0 0 0]
[1223000764524781887679109101855678990537604542947088815238437288174214311036045428476957897194912426118938491204896489220030864318131343780205877635752506835769242735283 0 0 0 0 0 0 0 0 0 0 0 0 0 0 0 0 0 0 0 0 0 0 0 1 0 0 0 0 0 0 0 0 0 0 0 0 0 0 0 0 0 0 0 0 0 0 0 0 0 0 0 0 0 0 0]
[2031577830647711793904484760376533795593014133298439419666879939151886303181641951501572452674553633779039338385774983244826910971573673817926160488256130196287243161915 0 0 0 0 0 0 0 0 0 0 0 0 0 0 0 0 0 0 0 0 0 0 0 0 1 0 0 0 0 0 0 0 0 0 0 0 0 0 0 0 0 0 0 0 0 0 0 0 0 0 0 0 0 0 0]
[145032647856014648752065924422938809888088746415682082069988446585304055997408728107783695924126034919466653749835345102514328324991512516276329447130843933408113291409 0 0 0 0 0 0 0 0 0 0 0 0 0 0 0 0 0 0 0 0 0 0 0 0 0 1 0 0 0 0 0 0 0 0 0 0 0 0 0 0 0 0 0 0 0 0 0 0 0 0 0 0 0 0 0]
[1205638697484830987044599895149237616393170109292866369290091162917821362979050087679657103189898324162329363386653156198189090547282319825968465541501959036532916813527 0 0 0 0 0 0 0 0 0 0 0 0 0 0 0 0 0 0 0 0 0 0 0 0 0 0 1 0 0 0 0 0 0 0 0 0 0 0 0 0 0 0 0 0 0 0 0 0 0 0 0 0 0 0 0]
[1708361695961093486990321008462641039918040342774022398592035659033637844672029276845478368403853654805425336350637902637399727330747141815811616109545395059168997465079 0 0 0 0 0 0 0 0 0 0 0 0 0 0 0 0 0 0 0 0 0 0 0 0 0 0 0 1 0 0 0 0 0 0 0 0 0 0 0 0 0 0 0 0 0 0 0 0 0 0 0 0 0 0 0]
[1646198740437045848008562082403103580592952002856926968744561261117688038595466794996509306725841459384675897473671025350088702548792468675339310262317290280400315764361 0 0 0 0 0 0 0 0 0 0 0 0 0 0 0 0 0 0 0 0 0 0 0 0 0 0 0 0 1 0 0 0 0 0 0 0 0 0 0 0 0 0 0 0 0 0 0 0 0 0 0 0 0 0 0]
[2187398704054644762126242684498916493016937352993406659760287844900479553701533022361582121305792405779562467519200608277108663902037982483486711960470555922407632889027 0 0 0 0 0 0 0 0 0 0 0 0 0 0 0 0 0 0 0 0 0 0 0 0 0 0 0 0 0 1 0 0 0 0 0 0 0 0 0 0 0 0 0 0 0 0 0 0 0 0 0 0 0 0 0]
[2148272400085742950824161569561968583250986027169171350363970259240209330377761393761534077061928149571505795022250598624113258731922460454525875177420627412596665608377 0 0 0 0 0 0 0 0 0 0 0 0 0 0 0 0 0 0 0 0 0 0 0 0 0 0 0 0 0 0 1 0 0 0 0 0 0 0 0 0 0 0 0 0 0 0 0 0 0 0 0 0 0 0 0]
[1717279887385174397053132935643895221247897832887646266131897262625145273782106694746421898751272517916121501795722748896138178361027223916916177876558123822751374321078 0 0 0 0 0 0 0 0 0 0 0 0 0 0 0 0 0 0 0 0 0 0 0 0 0 0 0 0 0 0 0 1 0 0 0 0 0 0 0 0 0 0 0 0 0 0 0 0 0 0 0 0 0 0 0]
[1949505062821121812856207064573771144551490574747409111154822843257693718533883991352470555673388095952827571757682228664321597298335602891944555356849367057676432605024 0 0 0 0 0 0 0 0 0 0 0 0 0 0 0 0 0 0 0 0 0 0 0 0 0 0 0 0 0 0 0 0 1 0 0 0 0 0 0 0 0 0 0 0 0 0 0 0 0 0 0 0 0 0 0]
[109315182675304197860034784158161811298523231997897796176129455508928674576604367147428142785095718868876643003870160758527352897017148405354121819644996245546436339371 0 0 0 0 0 0 0 0 0 0 0 0 0 0 0 0 0 0 0 0 0 0 0 0 0 0 0 0 0 0 0 0 0 1 0 0 0 0 0 0 0 0 0 0 0 0 0 0 0 0 0 0 0 0 0]
[550851694290009950438793779189760192455698226963537065547158278119563298185750887770242547755829046354301303948784032801065327835446205222648694162847016854154752409224 0 0 0 0 0 0 0 0 0 0 0 0 0 0 0 0 0 0 0 0 0 0 0 0 0 0 0 0 0 0 0 0 0 0 1 0 0 0 0 0 0 0 0 0 0 0 0 0 0 0 0 0 0 0 0]
[679049856634486188433311786599907134813232948644464099566140572602174221352980780840874547822399525788535365885392413864014882825197930539781609279727531189184662329311 0 0 0 0 0 0 0 0 0 0 0 0 0 0 0 0 0 0 0 0 0 0 0 0 0 0 0 0 0 0 0 0 0 0 0 1 0 0 0 0 0 0 0 0 0 0 0 0 0 0 0 0 0 0 0]
[2252114835065779149748572317252012645273475427095134542933667721162315808945402768536197954871714371988898114573357386397399036780194287834155643653143177717098283568626 0 0 0 0 0 0 0 0 0 0 0 0 0 0 0 0 0 0 0 0 0 0 0 0 0 0 0 0 0 0 0 0 0 0 0 0 1 0 0 0 0 0 0 0 0 0 0 0 0 0 0 0 0 0 0]
[107011354537794206569002972874640818423059339681422398308484098189157706062849410669934956863843616986324540029830729050339003080272519045833030480596741811719316255054 0 0 0 0 0 0 0 0 0 0 0 0 0 0 0 0 0 0 0 0 0 0 0 0 0 0 0 0 0 0 0 0 0 0 0 0 0 1 0 0 0 0 0 0 0 0 0 0 0 0 0 0 0 0 0]
[1296414717831662214280877899315021365829765403417170887993811878238278654581092349677184408350846310201874853193827518555125474803458062510984688341186022844466447885901 0 0 0 0 0 0 0 0 0 0 0 0 0 0 0 0 0 0 0 0 0 0 0 0 0 0 0 0 0 0 0 0 0 0 0 0 0 0 1 0 0 0 0 0 0 0 0 0 0 0 0 0 0 0 0]
[968081263945316392888279790857390043841169140452289879797750922951209160941293626494711939431547833282336422699379614461564517103787169609347596790472086084121625476389 0 0 0 0 0 0 0 0 0 0 0 0 0 0 0 0 0 0 0 0 0 0 0 0 0 0 0 0 0 0 0 0 0 0 0 0 0 0 0 1 0 0 0 0 0 0 0 0 0 0 0 0 0 0 0]
[2264294327920050898033360235596185272894639855841978143148180948608095820601911388721543252408284967515023567986271727358345603205766913534019865733059626875431817083925 0 0 0 0 0 0 0 0 0 0 0 0 0 0 0 0 0 0 0 0 0 0 0 0 0 0 0 0 0 0 0 0 0 0 0 0 0 0 0 0 1 0 0 0 0 0 0 0 0 0 0 0 0 0 0]
[537309183979725475781027261921117360325459048628498327349652679171570767562636972401308619400129026322467921910680769768721775455773710336143960844789784205625098245731 0 0 0 0 0 0 0 0 0 0 0 0 0 0 0 0 0 0 0 0 0 0 0 0 0 0 0 0 0 0 0 0 0 0 0 0 0 0 0 0 0 1 0 0 0 0 0 0 0 0 0 0 0 0 0]
[311392220700614348594878117672709851894892644465709456782800277584808770322976668787268527694498389510308227780236620434294676745735199570328734721087083838260884171659 0 0 0 0 0 0 0 0 0 0 0 0 0 0 0 0 0 0 0 0 0 0 0 0 0 0 0 0 0 0 0 0 0 0 0 0 0 0 0 0 0 0 1 0 0 0 0 0 0 0 0 0 0 0 0]
[2019558262929826733862805922068410187588678063068639461695781612717522601181364516504370394334692255053071077466183415504858730127589403934520894964894417043902426713545 0 0 0 0 0 0 0 0 0 0 0 0 0 0 0 0 0 0 0 0 0 0 0 0 0 0 0 0 0 0 0 0 0 0 0 0 0 0 0 0 0 0 0 1 0 0 0 0 0 0 0 0 0 0 0]
[1672695201219267753136374202048767768910763528570992185265753227926059060200956574285624140121969615664873637202495210244258167912481182239806031172906150933269470264216 0 0 0 0 0 0 0 0 0 0 0 0 0 0 0 0 0 0 0 0 0 0 0 0 0 0 0 0 0 0 0 0 0 0 0 0 0 0 0 0 0 0 0 0 1 0 0 0 0 0 0 0 0 0 0]
[747308823134835971567148360393186144020045098051663587165944505834325466739861004685091240801899515471534006195183095280047240609955846998307050002916547894141686591823 0 0 0 0 0 0 0 0 0 0 0 0 0 0 0 0 0 0 0 0 0 0 0 0 0 0 0 0 0 0 0 0 0 0 0 0 0 0 0 0 0 0 0 0 0 1 0 0 0 0 0 0 0 0 0]
[941837421836263148327331613602046600053579160798297753398018851921530836085509204590689115587215409093645880825587044948257168131352015529506808159652333101076975181345 0 0 0 0 0 0 0 0 0 0 0 0 0 0 0 0 0 0 0 0 0 0 0 0 0 0 0 0 0 0 0 0 0 0 0 0 0 0 0 0 0 0 0 0 0 0 1 0 0 0 0 0 0 0 0]
[1036504327603188653544190650925559853015570525963122733312614631462691869753735413835455136497623026896134971833498013470698299218263149066545662976335413977528302284643 0 0 0 0 0 0 0 0 0 0 0 0 0 0 0 0 0 0 0 0 0 0 0 0 0 0 0 0 0 0 0 0 0 0 0 0 0 0 0 0 0 0 0 0 0 0 0 1 0 0 0 0 0 0 0]
[484088725705621943952116009421872962081466593902195735736920140693771516199941678900047457567122549066941026722892491531962762152314247343742748384073706863902972838837 0 0 0 0 0 0 0 0 0 0 0 0 0 0 0 0 0 0 0 0 0 0 0 0 0 0 0 0 0 0 0 0 0 0 0 0 0 0 0 0 0 0 0 0 0 0 0 0 1 0 0 0 0 0 0]
[1253301331814644351801350593925874914738044548591398496056848756095589944095798639343229455593853954484035002246261891169915647425376614287507969989273117097181998429677 0 0 0 0 0 0 0 0 0 0 0 0 0 0 0 0 0 0 0 0 0 0 0 0 0 0 0 0 0 0 0 0 0 0 0 0 0 0 0 0 0 0 0 0 0 0 0 0 0 1 0 0 0 0 0]
[2473980498278806737564182430590962186830645624453577456234227828886759268977608050700001083562482472336660487446800144388766753490858337780378070841940725881770873615207 0 0 0 0 0 0 0 0 0 0 0 0 0 0 0 0 0 0 0 0 0 0 0 0 0 0 0 0 0 0 0 0 0 0 0 0 0 0 0 0 0 0 0 0 0 0 0 0 0 0 1 0 0 0 0]
[128315509329415133279336104619358573424643410334026812196526916181705538323874519081997622479819473853540291640821585550707359490712539523212802891697438370614604399449 0 0 0 0 0 0 0 0 0 0 0 0 0 0 0 0 0 0 0 0 0 0 0 0 0 0 0 0 0 0 0 0 0 0 0 0 0 0 0 0 0 0 0 0 0 0 0 0 0 0 0 1 0 0 0]
[2055412075671580967718116529077081214182093960283843798100038026790463315781775375584946923476693311188388543997849679140021065060364943878939153986089741261876256987211 0 0 0 0 0 0 0 0 0 0 0 0 0 0 0 0 0 0 0 0 0 0 0 0 0 0 0 0 0 0 0 0 0 0 0 0 0 0 0 0 0 0 0 0 0 0 0 0 0 0 0 0 1 0 0]
[829180785250687864953622873353593448239957075444195948825701509138216928970258429833995167854494293364706150608226587656770800317069318174312247480401261718443870444451 0 0 0 0 0 0 0 0 0 0 0 0 0 0 0 0 0 0 0 0 0 0 0 0 0 0 0 0 0 0 0 0 0 0 0 0 0 0 0 0 0 0 0 0 0 0 0 0 0 0 0 0 0 1 0]
[33320839092776481743064310701743117741355819716073970390198196515487237966083263461618740665898042822243523631712873628596300282297236882424908209241587697441081378686 0 0 0 0 0 0 0 0 0 0 0 0 0 0 0 0 0 0 0 0 0 0 0 0 0 0 0 0 0 0 0 0 0 0 0 0 0 0 0 0 0 0 0 0 0 0 0 0 0 0 0 0 0 0 1]
]
