[[2470332899089179725213379649132487716453510980190880206193474710474643915827445811638118787112854262681822632127574415305323230144610296481635104732922185458284550805692746570551525599679414691 0 0 0 0 0 0 0 0 0 0 0 0 0 0 0 0 0 0 0 0 0 0 0 0 0 0 0 0 0 0 0 0 0 0 0 0 0 0 0 0 0 0 0 0 0 0 0 0 0 0 0 0 0 0 0 0 0 0 0 0 0 0 0]
[856365926172793671799325250146152890664386527535992713848850805067311855445910051071882465444521667878360114856312186767723322462390761249968704997009961136863626564307884845874006446030438496 1 0 0 0 0 0 0 0 0 0 0 0 0 0 0 0 0 0 0 0 0 0 0 0 0 0 0 0 0 0 0 0 0 0 0 0 0 0 0 0 0 0 0 0 0 0 0 0 0 0 0 0 0 0 0 0 0 0 0 0 0 0 0]
[93974986451958079522639824766377942674939188440074247990927449384517517229715371082661456809014853600262662044327626734850813493239462680741657641213439906438684943729618980777599725889124330 0 1 0 0 0 0 0 0 0 0 0 0 0 0 0 0 0 0 0 0 0 0 0 0 0 0 0 0 0 0 0 0 0 0 0 0 0 0 0 0 0 0 0 0 0 0 0 0 0 0 0 0 0 0 0 0 0 0 0 0 0 0 0]
[1750249543642976092007735547422706586021026245898051505200513419900076043087047392576220418514848538959883489161705956866230631333857733207085133720334784249413816919412359235216909139147367343 0 0 1 0 0 0 0 0 0 0 0 0 0 0 0 0 0 0 0 0 0 0 0 0 0 0 0 0 0 0 0 0 0 0 0 0 0 0 0 0 0 0 0 0 0 0 0 0 0 0 0 0 0 0 0 0 0 0 0 0 0 0 0]
[1411337744805034658441615631298656340744341916257880873977607519083671208464375271096379610817518911805409842878375523048780475409345728510106795647061801455973388524805373132856109824367665917 0 0 0 1 0 0 0 0 0 0 0 0 0 0 0 0 0 0 0 0 0 0 0 0 0 0 0 0 0 0 0 0 0 0 0 0 0 0 0 0 0 0 0 0 0 0 0 0 0 0 0 0 0 0 0 0 0 0 0 0 0 0 0]
[2342705382564911737903291545699878132155320312141465797176500231199678290356711425311942269651874464626769997827542649899662854045865886068741871786680236520794387407721048119423610152607880017 0 0 0 0 1 0 0 0 0 0 0 0 0 0 0 0 0 0 0 0 0 0 0 0 0 0 0 0 0 0 0 0 0 0 0 0 0 0 0 0 0 0 0 0 0 0 0 0 0 0 0 0 0 0 0 0 0 0 0 0 0 0 0]
[1516774794184202980064884435128224150468846197844997443150693620432574169778886665328108891789119584111223671272020868947257132305042725804841070766348425807039308694214959143229607173408020263 0 0 0 0 0 1 0 0 0 0 0 0 0 0 0 0 0 0 0 0 0 0 0 0 0 0 0 0 0 0 0 0 0 0 0 0 0 0 0 0 0 0 0 0 0 0 0 0 0 0 0 0 0 0 0 0 0 0 0 0 0 0 0]
[546953850162107054125034672259905825280299664436601408535142572291224552238982736872979532030702300189356343966989595263994956437313423168751931934750278627035232022714179805299144923666565116 0 0 0 0 0 0 1 0 0 0 0 0 0 0 0 0 0 0 0 0 0 0 0 0 0 0 0 0 0 0 0 0 0 0 0 0 0 0 0 0 0 0 0 0 0 0 0 0 0 0 0 0 0 0 0 0 0 0 0 0 0 0 0]
[504232260009350144719920996263046986190786076686628361499797002623155984336735876453598927634822635062251258173965603514083715843293245335246001106045288705839257550669173994208483644209332682 0 0 0 0 0 0 0 1 0 0 0 0 0 0 0 0 0 0 0 0 0 0 0 0 0 0 0 0 0 0 0 0 0 0 0 0 0 0 0 0 0 0 0 0 0 0 0 0 0 0 0 0 0 0 0 0 0 0 0 0 0 0 0]
[202115199386820631024325490630211562378618576065170469459786296279961429868854577618975791988059191581011605950006612403448926802100251016625202038460305094215886638525937405071919257245888574 0 0 0 0 0 0 0 0 1 0 0 0 0 0 0 0 0 0 0 0 0 0 0 0 0 0 0 0 0 0 0 0 0 0 0 0 0 0 0 0 0 0 0 0 0 0 0 0 0 0 0 0 0 0 0 0 0 0 0 0 0 0 0]
[1369261500710445293580816089715026002048851305918450830472902691331747598125136000624750499386369400171376899275110922961871371544673221299196815738023874497197652566137177339436579265456131621 0 0 0 0 0 0 0 0 0 1 0 0 0 0 0 0 0 0 0 0 0 0 0 0 0 0 0 0 0 0 0 0 0 0 0 0 0 0 0 0 0 0 0 0 0 0 0 0 0 0 0 0 0 0 0 0 0 0 0 0 0 0 0]
[348744433144612313890033941822615785939923281138308570986075656732981206497803900946004505708251967900044306158396839912803311170319378059948515332931777342977952171482227245615216037295810406 0 0 0 0 0 0 0 0 0 0 1 0 0 0 0 0 0 0 0 0 0 0 0 0 0 0 0 0 0 0 0 0 0 0 0 0 0 0 0 0 0 0 0 0 0 0 0 0 0 0 0 0 0 0 0 0 0 0 0 0 0 0 0]
[1189603441825527458720151716165795996646432082037782660735232452736985124993373081573362788168800414176223798347397762393785393777862420962079684301668576977799324005004553651486182319449091190 0 0 0 0 0 0 0 0 0 0 0 1 0 0 0 0 0 0 0 0 0 0 0 0 0 0 0 0 0 0 0 0 0 0 0 0 0 0 0 0 0 0 0 0 0 0 0 0 0 0 0 0 0 0 0 0 0 0 0 0 0 0 0]
[1587235418496078573399222118118580083716162198355834891170481460426138492267928336254764308578267662678503162477927050384039292445587181678028518786921374648822096471974725760469838042227120141 0 0 0 0 0 0 0 0 0 0 0 0 1 0 0 0 0 0 0 0 0 0 0 0 0 0 0 0 0 0 0 0 0 0 0 0 0 0 0 0 0 0 0 0 0 0 0 0 0 0 0 0 0 0 0 0 0 0 0 0 0 0 0]
[39263742069565763902173266831325117455604276422668603106882195190243825000134135649961318852500705621725320020864211592076367228500244900726103360748952152845965652437882521541198014866669749 0 0 0 0 0 0 0 0 0 0 0 0 0 1 0 0 0 0 0 0 0 0 0 0 0 0 0 0 0 0 0 0 0 0 0 0 0 0 0 0 0 0 0 0 0 0 0 0 0 0 0 0 0 0 0 0 0 0 0 0 0 0 0]
[2338347831262633281817071827649152453310146706799790621965726286667181470239876462803925747289021211247551041545866811452429468651383787003011469479657482281457903771162459690793184658151558847 0 0 0 0 0 0 0 0 0 0 0 0 0 0 1 0 0 0 0 0 0 0 0 0 0 0 0 0 0 0 0 0 0 0 0 0 0 0 0 0 0 0 0 0 0 0 0 0 0 0 0 0 0 0 0 0 0 0 0 0 0 0 0]
[740876869686599378762079857886634964586657575290985987367179834575390150783461581828516556698714864424344083158162581492802937585772833849096142868824317213270665130357269100308029141015108487 0 0 0 0 0 0 0 0 0 0 0 0 0 0 0 1 0 0 0 0 0 0 0 0 0 0 0 0 0 0 0 0 0 0 0 0 0 0 0 0 0 0 0 0 0 0 0 0 0 0 0 0 0 0 0 0 0 0 0 0 0 0 0]
[1292024661010891653798669479781601449389698813400108705865278230309179752690787954926178643685056137657488804034448672681663059745155617669749323486690893356348790424333924423893917734244303014 0 0 0 0 0 0 0 0 0 0 0 0 0 0 0 0 1 0 0 0 0 0 0 0 0 0 0 0 0 0 0 0 0 0 0 0 0 0 0 0 0 0 0 0 0 0 0 0 0 0 0 0 0 0 0 0 0 0 0 0 0 0 0]
[1352098704484306834424901763835347564048864051214193800351117726076679880846750854754720175681686864793002207183625110491963398190977695595749597428141565130646480064886066158992015653456852364 0 0 0 0 0 0 0 0 0 0 0 0 0 0 0 0 0 1 0 0 0 0 0 0 0 0 0 0 0 0 0 0 0 0 0 0 0 0 0 0 0 0 0 0 0 0 0 0 0 0 0 0 0 0 0 0 0 0 0 0 0 0 0]
[1103573762253543094605138284376968670129339018747661028540765799397763261298508147621930688488472916409840522425370806720744730727843621267360453744857888581650257174478851026556136806003629885 0 0 0 0 0 0 0 0 0 0 0 0 0 0 0 0 0 0 1 0 0 0 0 0 0 0 0 0 0 0 0 0 0 0 0 0 0 0 0 0 0 0 0 0 0 0 0 0 0 0 0 0 0 0 0 0 0 0 0 0 0 0 0]
[1649761657118850319654723629685253647466696181123838815160247503426293549013314813140154174813267229728203043889766816366170540215049057337965466037900216347203556898953218271638930312928903368 0 0 0 0 0 0 0 0 0 0 0 0 0 0 0 0 0 0 0 1 0 0 0 0 0 0 0 0 0 0 0 0 0 0 0 0 0 0 0 0 0 0 0 0 0 0 0 0 0 0 0 0 0 0 0 0 0 0 0 0 0 0 0]
[174157988056965242076283991963057519670496972062822095574389787265540278397895907697203630383160808938255746179318233287621866391468802124463871575734160502553208898244507561712851724152531011 0 0 0 0 0 0 0 0 0 0 0 0 0 0 0 0 0 0 0 0 1 0 0 0 0 0 0 0 0 0 0 0 0 0 0 0 0 0 0 0 0 0 0 0 0 0 0 0 0 0 0 0 0 0 0 0 0 0 0 0 0 0 0]
[733257461350661534984382481049831648392465641879696753375431574522295512273092817262310362446572338124675204731396261510287727148801763951113550776705095003680071465225089489856129318265442731 0 0 0 0 0 0 0 0 0 0 0 0 0 0 0 0 0 0 0 0 0 1 0 0 0 0 0 0 0 0 0 0 0 0 0 0 0 0 0 0 0 0 0 0 0 0 0 0 0 0 0 0 0 0 0 0 0 0 0 0 0 0 0]
[30837808405525430532838460665951445123904465051966472082247022147318594737315396234572249760138130493327304185901448292693555973426301700761651147894301468338865339192803443020158416854792143 0 0 0 0 0 0 0 0 0 0 0 0 0 0 0 0 0 0 0 0 0 0 1 0 0 0 0 0 0 0 0 0 0 0 0 0 0 0 0 0 0 0 0 0 0 0 0 0 0 0 0 0 0 0 0 0 0 0 0 0 0 0 0]
[1600151778231597996895737853716446150056164270941930484995634946583493242906987498306567730933231075176392906928592873785065359068031976218538334963099351773551124264442941545330532974019085707 0 0 0 0 0 0 0 0 0 0 0 0 0 0 0 0 0 0 0 0 0 0 0 1 0 0 0 0 0 0 0 0 0 0 0 0 0 0 0 0 0 0 0 0 0 0 0 0 0 0 0 0 0 0 0 0 0 0 0 0 0 0 0]
[1032191828402202215613328337166270942822515332991346406957867997019993957933360051924551571497635326714421892591898124913642219294972177625287480993149060282385475796663999442311067244060291513 0 0 0 0 0 0 0 0 0 0 0 0 0 0 0 0 0 0 0 0 0 0 0 0 1 0 0 0 0 0 0 0 0 0 0 0 0 0 0 0 0 0 0 0 0 0 0 0 0 0 0 0 0 0 0 0 0 0 0 0 0 0 0]
[2427691244691607856771268460102131816935765190433579176211203392531930900772466051959397270283603988726003815023338771300099835469934457647829598885253418662107157206978008018054215536174065576 0 0 0 0 0 0 0 0 0 0 0 0 0 0 0 0 0 0 0 0 0 0 0 0 0 1 0 0 0 0 0 0 0 0 0 0 0 0 0 0 0 0 0 0 0 0 0 0 0 0 0 0 0 0 0 0 0 0 0 0 0 0 0]
[150098562391572421347619934018332790085903603566986086456831639097522446244797993145695458318428956882282741362718062540405610304831912195837680216811530550914757708819125885230131420260504045 0 0 0 0 0 0 0 0 0 0 0 0 0 0 0 0 0 0 0 0 0 0 0 0 0 0 1 0 0 0 0 0 0 0 0 0 0 0 0 0 0 0 0 0 0 0 0 0 0 0 0 0 0 0 0 0 0 0 0 0 0 0 0]
[398955538722947368341491592310515779087584341118049740474086835968474799853056499146845841614293284516055799291343535296194909717612366859725611978026326744809614945070682687580837271778297530 0 0 0 0 0 0 0 0 0 0 0 0 0 0 0 0 0 0 0 0 0 0 0 0 0 0 0 1 0 0 0 0 0 0 0 0 0 0 0 0 0 0 0 0 0 0 0 0 0 0 0 0 0 0 0 0 0 0 0 0 0 0 0]
[1096972360853327092766614278023429656470587357946903328410688973769640951302529020134403643624702771144575895976535194907067687346678427151388696484195686881153091547844070097300721919442436142 0 0 0 0 0 0 0 0 0 0 0 0 0 0 0 0 0 0 0 0 0 0 0 0 0 0 0 0 1 0 0 0 0 0 0 0 0 0 0 0 0 0 0 0 0 0 0 0 0 0 0 0 0 0 0 0 0 0 0 0 0 0 0]
[939891572663503336174009507190596630376757767487440854748466023163668973519007026224951305085527038239908802398692213309782789107204706054394124188267941476276809125852721534984174376924179196 0 0 0 0 0 0 0 0 0 0 0 0 0 0 0 0 0 0 0 0 0 0 0 0 0 0 0 0 0 1 0 0 0 0 0 0 0 0 0 0 0 0 0 0 0 0 0 0 0 0 0 0 0 0 0 0 0 0 0 0 0 0 0]
[1703233041464031165880047462125727922867758340731025207124177769229817049426913282229284365900854284722277134746278550238840833262156911849988453391441874778921059125443275640217032458745965515 0 0 0 0 0 0 0 0 0 0 0 0 0 0 0 0 0 0 0 0 0 0 0 0 0 0 0 0 0 0 1 0 0 0 0 0 0 0 0 0 0 0 0 0 0 0 0 0 0 0 0 0 0 0 0 0 0 0 0 0 0 0 0]
[513068769620808257027022449042084857032780482119741414821904642820979604359752422384403277133634044915394022825709129778080236465778853411293474432362648935523642512418255388449781251113904718 0 0 0 0 0 0 0 0 0 0 0 0 0 0 0 0 0 0 0 0 0 0 0 0 0 0 0 0 0 0 0 1 0 0 0 0 0 0 0 0 0 0 0 0 0 0 0 0 0 0 0 0 0 0 0 0 0 0 0 0 0 0 0]
[973285105355060586531991284116452524452775916323906928846292781751373743606469159101796123753353606882046315125430893946502932650710892501355937403689018363801791633565364428039428900408642607 0 0 0 0 0 0 0 0 0 0 0 0 0 0 0 0 0 0 0 0 0 0 0 0 0 0 0 0 0 0 0 0 1 0 0 0 0 0 0 0 0 0 0 0 0 0 0 0 0 0 0 0 0 0 0 0 0 0 0 0 0 0 0]
[1238843551369599637386854888350111574583558255141416986339909542226009661071211387713168381392082395558200445675128731154641267169957845457385836976527872625670605163623064337563297442505593655 0 0 0 0 0 0 0 0 0 0 0 0 0 0 0 0 0 0 0 0 0 0 0 0 0 0 0 0 0 0 0 0 0 1 0 0 0 0 0 0 0 0 0 0 0 0 0 0 0 0 0 0 0 0 0 0 0 0 0 0 0 0 0]
[1527665380029165623055463271219279693029493946516525309732744797834075186275818856553432574954893572005953867227817470541879929434024724769248745774340870052280960759620075378748340165291972818 0 0 0 0 0 0 0 0 0 0 0 0 0 0 0 0 0 0 0 0 0 0 0 0 0 0 0 0 0 0 0 0 0 0 1 0 0 0 0 0 0 0 0 0 0 0 0 0 0 0 0 0 0 0 0 0 0 0 0 0 0 0 0]
[1964965406923032324173942737072550805467779911602338898785194421914679680348872921160290263449166628299037614169582551513177610966003843114741576121122372516600945424217464447316682211053775854 0 0 0 0 0 0 0 0 0 0 0 0 0 0 0 0 0 0 0 0 0 0 0 0 0 0 0 0 0 0 0 0 0 0 0 1 0 0 0 0 0 0 0 0 0 0 0 0 0 0 0 0 0 0 0 0 0 0 0 0 0 0 0]
[1576903522585241096788066614492697845412127280116831356699467969348583035178036204345932400167110107335272102791302317442922629950695572109957246158380547519755105460885673615945450882210969989 0 0 0 0 0 0 0 0 0 0 0 0 0 0 0 0 0 0 0 0 0 0 0 0 0 0 0 0 0 0 0 0 0 0 0 0 1 0 0 0 0 0 0 0 0 0 0 0 0 0 0 0 0 0 0 0 0 0 0 0 0 0 0]
[518182001361848128232070429343808041930756117272125049686306836647973168091199561899178720095728842294402509080221067290151410191668727979789252977100341004614780984424073883867728846235560652 0 0 0 0 0 0 0 0 0 0 0 0 0 0 0 0 0 0 0 0 0 0 0 0 0 0 0 0 0 0 0 0 0 0 0 0 0 1 0 0 0 0 0 0 0 0 0 0 0 0 0 0 0 0 0 0 0 0 0 0 0 0 0]
[1560301660752762015990565782859408492667951171718600553472561514710237456973049614651915562917417134266919265481812629245783155394629840007001639915780249872715378031340196622350726617988618391 0 0 0 0 0 0 0 0 0 0 0 0 0 0 0 0 0 0 0 0 0 0 0 0 0 0 0 0 0 0 0 0 0 0 0 0 0 0 1 0 0 0 0 0 0 0 0 0 0 0 0 0 0 0 0 0 0 0 0 0 0 0 0]
[1065470323070598943250876742695068579932913669140178482835571363703854586215328068641247777199198590303252493215022771512035868174479499649836252267939910591062995655289220241279518322204631573 0 0 0 0 0 0 0 0 0 0 0 0 0 0 0 0 0 0 0 0 0 0 0 0 0 0 0 0 0 0 0 0 0 0 0 0 0 0 0 1 0 0 0 0 0 0 0 0 0 0 0 0 0 0 0 0 0 0 0 0 0 0 0]
[371976013391909998735345734092594607909561481376736139913698163686502529138901586598244659665789843520704385017381562131445697605118803405149833365966020751283529469139326872789070259622912946 0 0 0 0 0 0 0 0 0 0 0 0 0 0 0 0 0 0 0 0 0 0 0 0 0 0 0 0 0 0 0 0 0 0 0 0 0 0 0 0 1 0 0 0 0 0 0 0 0 0 0 0 0 0 0 0 0 0 0 0 0 0 0]
[1649406623785479305315656193982595823037438019686054663275847498576721595506104207025337844573182077421923841353184054570428472879049722675639340342265208740558524628722940841860131253459452591 0 0 0 0 0 0 0 0 0 0 0 0 0 0 0 0 0 0 0 0 0 0 0 0 0 0 0 0 0 0 0 0 0 0 0 0 0 0 0 0 0 1 0 0 0 0 0 0 0 0 0 0 0 0 0 0 0 0 0 0 0 0 0]
[621513743426123977564943416530662298894477820053511734622910961012173137817075712780048764701767350794408768261857293001097210236258691345558622657005505307320436272366101836710300320789070317 0 0 0 0 0 0 0 0 0 0 0 0 0 0 0 0 0 0 0 0 0 0 0 0 0 0 0 0 0 0 0 0 0 0 0 0 0 0 0 0 0 0 1 0 0 0 0 0 0 0 0 0 0 0 0 0 0 0 0 0 0 0 0]
[2385134417073470107783665346205257267066645182699169704020573876328815468152695874798490440314347665145163867024972067479276826314663042475056044139300375912748654959328918818823193250000049305 0 0 0 0 0 0 0 0 0 0 0 0 0 0 0 0 0 0 0 0 0 0 0 0 0 0 0 0 0 0 0 0 0 0 0 0 0 0 0 0 0 0 0 1 0 0 0 0 0 0 0 0 0 0 0 0 0 0 0 0 0 0 0]
[836577689472582198881864800655003217692980510316525236854118392666604548120903345659823896426353504720993981132848658758120518790590646360167287172117424096165089884237762489267875526722865311 0 0 0 0 0 0 0 0 0 0 0 0 0 0 0 0 0 0 0 0 0 0 0 0 0 0 0 0 0 0 0 0 0 0 0 0 0 0 0 0 0 0 0 0 1 0 0 0 0 0 0 0 0 0 0 0 0 0 0 0 0 0 0]
[2148278268284059135361065180722970191583334436928799149132786528524889008746609575222683408198353520572350556146131202106454716055799522621565988481581699142857024718334782824015651353866464252 0 0 0 0 0 0 0 0 0 0 0 0 0 0 0 0 0 0 0 0 0 0 0 0 0 0 0 0 0 0 0 0 0 0 0 0 0 0 0 0 0 0 0 0 0 1 0 0 0 0 0 0 0 0 0 0 0 0 0 0 0 0 0]
[1678443024595495209597244925980540913096562833107421786615296206880322280511938117828308794837346204354975413270142797676821929084170886025714562831167690439595100004822613759724855087831824210 0 0 0 0 0 0 0 0 0 0 0 0 0 0 0 0 0 0 0 0 0 0 0 0 0 0 0 0 0 0 0 0 0 0 0 0 0 0 0 0 0 0 0 0 0 0 1 0 0 0 0 0 0 0 0 0 0 0 0 0 0 0 0]
[2405451056442379458775557036123288634269093479959391990655109074884580369230238990327971875961585035460060165165837121325397574579634866724575934824964482571370974707826813032817997284251479739 0 0 0 0 0 0 0 0 0 0 0 0 0 0 0 0 0 0 0 0 0 0 0 0 0 0 0 0 0 0 0 0 0 0 0 0 0 0 0 0 0 0 0 0 0 0 0 1 0 0 0 0 0 0 0 0 0 0 0 0 0 0 0]
[2305182058957442494103937111146269900979596426916249040383607825465319153304500112345396504285569920540209815560547856749128782919149933936151690055955442618079573277790968401542730185747873737 0 0 0 0 0 0 0 0 0 0 0 0 0 0 0 0 0 0 0 0 0 0 0 0 0 0 0 0 0 0 0 0 0 0 0 0 0 0 0 0 0 0 0 0 0 0 0 0 1 0 0 0 0 0 0 0 0 0 0 0 0 0 0]
[684095928488661754397480449524293878446990381386360012992445960992138535739587023376570584223336917918847397214810154902628900056421660007043458050456533811386207922805659656692853331695239597 0 0 0 0 0 0 0 0 0 0 0 0 0 0 0 0 0 0 0 0 0 0 0 0 0 0 0 0 0 0 0 0 0 0 0 0 0 0 0 0 0 0 0 0 0 0 0 0 0 1 0 0 0 0 0 0 0 0 0 0 0 0 0]
[1477532948772150153764498430635404252299572247259769457264493762810564272758275021644098222735138731661795675720278360820106238174932662123603176245354402817971188453200509130387231825191547740 0 0 0 0 0 0 0 0 0 0 0 0 0 0 0 0 0 0 0 0 0 0 0 0 0 0 0 0 0 0 0 0 0 0 0 0 0 0 0 0 0 0 0 0 0 0 0 0 0 0 1 0 0 0 0 0 0 0 0 0 0 0 0]
[1409470549130397615035524572455674150216258065553745503946509548318506801974277205483535076377765122923602626579186658587509556466000380011535167648946716942538532976362340331963339217472565703 0 0 0 0 0 0 0 0 0 0 0 0 0 0 0 0 0 0 0 0 0 0 0 0 0 0 0 0 0 0 0 0 0 0 0 0 0 0 0 0 0 0 0 0 0 0 0 0 0 0 0 1 0 0 0 0 0 0 0 0 0 0 0]
[1923579264856275391023983186200840291671432132471952421810406848762337241386047932730085483194929564041755275287811795691178221627967825760004064000633583973327746810544443722743244136765722911 0 0 0 0 0 0 0 0 0 0 0 0 0 0 0 0 0 0 0 0 0 0 0 0 0 0 0 0 0 0 0 0 0 0 0 0 0 0 0 0 0 0 0 0 0 0 0 0 0 0 0 0 1 0 0 0 0 0 0 0 0 0 0]
[1167450895336628621991747787380677346751304954581536236219469403526461999405844892989887016617681100409986364184638929969147605589141527027253515699818285345738062831949658426528996134430824137 0 0 0 0 0 0 0 0 0 0 0 0 0 0 0 0 0 0 0 0 0 0 0 0 0 0 0 0 0 0 0 0 0 0 0 0 0 0 0 0 0 0 0 0 0 0 0 0 0 0 0 0 0 1 0 0 0 0 0 0 0 0 0]
[2376489721365931959994080954950808932243914102765589551168249564070774029624309543427420299226606131798778134502605387969143618548549678807501771890626058814453970669377683273882498458448459506 0 0 0 0 0 0 0 0 0 0 0 0 0 0 0 0 0 0 0 0 0 0 0 0 0 0 0 0 0 0 0 0 0 0 0 0 0 0 0 0 0 0 0 0 0 0 0 0 0 0 0 0 0 0 1 0 0 0 0 0 0 0 0]
[1588858540639196785780561239224860312365917127905613087808081577220951041746130256669422487983562981855802482946322915719128026885222252574545367373351354042841763886831928932884183773400366325 0 0 0 0 0 0 0 0 0 0 0 0 0 0 0 0 0 0 0 0 0 0 0 0 0 0 0 0 0 0 0 0 0 0 0 0 0 0 0 0 0 0 0 0 0 0 0 0 0 0 0 0 0 0 0 1 0 0 0 0 0 0 0]
[2201838621333433633663847106494026967277138600787478114734522096147898183186710509241178980139128311493869992471790576621615297178087413954512419270825373082441273708637385288581347897548581955 0 0 0 0 0 0 0 0 0 0 0 0 0 0 0 0 0 0 0 0 0 0 0 0 0 0 0 0 0 0 0 0 0 0 0 0 0 0 0 0 0 0 0 0 0 0 0 0 0 0 0 0 0 0 0 0 1 0 0 0 0 0 0]
[1789886370349426596218694242286764897227171583177906339202122513256313334446192538563841135452923491284072553608625396561886020879912503063797417068164737776698078031273133960497616264812984245 0 0 0 0 0 0 0 0 0 0 0 0 0 0 0 0 0 0 0 0 0 0 0 0 0 0 0 0 0 0 0 0 0 0 0 0 0 0 0 0 0 0 0 0 0 0 0 0 0 0 0 0 0 0 0 0 0 1 0 0 0 0 0]
[329166028194984293396683704325066396971909514808331056386977917479283237883364858320490184211881978091299152402225759093460563774061656735481178728925957504830220925912661952361540682683152826 0 0 0 0 0 0 0 0 0 0 0 0 0 0 0 0 0 0 0 0 0 0 0 0 0 0 0 0 0 0 0 0 0 0 0 0 0 0 0 0 0 0 0 0 0 0 0 0 0 0 0 0 0 0 0 0 0 0 1 0 0 0 0]
[1882760405716142777330134009370687245037684582103237749778747015372541707081023932902752410273332009175742462178325516360266952987339965117710757615036052144579805510388367357423467058300333600 0 0 0 0 0 0 0 0 0 0 0 0 0 0 0 0 0 0 0 0 0 0 0 0 0 0 0 0 0 0 0 0 0 0 0 0 0 0 0 0 0 0 0 0 0 0 0 0 0 0 0 0 0 0 0 0 0 0 0 1 0 0 0]
[1633712815405896202550440186161864039269459905524553078442591078412651164550288743593850729532919026355179986529072652379838354712865936736285580106496319555545489012582902107216155344252534352 0 0 0 0 0 0 0 0 0 0 0 0 0 0 0 0 0 0 0 0 0 0 0 0 0 0 0 0 0 0 0 0 0 0 0 0 0 0 0 0 0 0 0 0 0 0 0 0 0 0 0 0 0 0 0 0 0 0 0 0 1 0 0]
[85945966683851364550858361753239825054508611528577394762997437123949597582052581975282302461509095173671809656790554148849814992609604692167640211862182128383597121822992609582007095268995170 0 0 0 0 0 0 0 0 0 0 0 0 0 0 0 0 0 0 0 0 0 0 0 0 0 0 0 0 0 0 0 0 0 0 0 0 0 0 0 0 0 0 0 0 0 0 0 0 0 0 0 0 0 0 0 0 0 0 0 0 0 1 0]
[8103339051634011728022776082292938542130117495421200329611149010444441164082498099083926445621791954171012062898420874421293847782945263638371127816432665538357124583976618690131690220446973 0 0 0 0 0 0 0 0 0 0 0 0 0 0 0 0 0 0 0 0 0 0 0 0 0 0 0 0 0 0 0 0 0 0 0 0 0 0 0 0 0 0 0 0 0 0 0 0 0 0 0 0 0 0 0 0 0 0 0 0 0 0 1]
]
