[[5526410230368530535827653510510345316345856272895776449741998094308435411323461473390825617812483143751107088653129988917783718947523069685653219787518608665242646605786367166630312158066128046963407487286040019557843470885119040552233202642417050137150578407 0 0 0 0 0 0 0 0 0 0 0 0 0 0 0 0 0 0 0 0 0 0 0 0 0 0 0 0 0 0 0 0 0 0 0 0 0 0 0 0 0 0 0 0 0 0 0 0 0 0 0 0 0 0 0 0 0 0 0 0 0 0 0 0 0 0 0 0 0 0 0 0 0 0 0 0 0 0 0 0 0 0 0 0 0]
[4508394814125807882463894989038122543734431496336322575791519392237179826708774305567702821956965026505951897146845689233091303469261315785058781738004538870956824381648712228173723695406037233090477761359139241595518791557399111043721311950057706747617255151 1 0 0 0 0 0 0 0 0 0 0 0 0 0 0 0 0 0 0 0 0 0 0 0 0 0 0 0 0 0 0 0 0 0 0 0 0 0 0 0 0 0 0 0 0 0 0 0 0 0 0 0 0 0 0 0 0 0 0 0 0 0 0 0 0 0 0 0 0 0 0 0 0 0 0 0 0 0 0 0 0 0 0 0 0]
[1773210135238937370294782477506493116588664633724161017603236538812527095852561358133061851051201396356823774048523661318796389226669928116865711588682637842580788787858457668720505225110470936100949094103928236929111759137380658527717123710435633800910226007 0 1 0 0 0 0 0 0 0 0 0 0 0 0 0 0 0 0 0 0 0 0 0 0 0 0 0 0 0 0 0 0 0 0 0 0 0 0 0 0 0 0 0 0 0 0 0 0 0 0 0 0 0 0 0 0 0 0 0 0 0 0 0 0 0 0 0 0 0 0 0 0 0 0 0 0 0 0 0 0 0 0 0 0 0]
[138927598374515916263910125535162542335004838392630371086799793680563155019398206649173228899908468029605219591463919856236327291809564541937998697038231772099364087481186578887613383318513551384048176211440840469159864071867686384539789187805869225003280209 0 0 1 0 0 0 0 0 0 0 0 0 0 0 0 0 0 0 0 0 0 0 0 0 0 0 0 0 0 0 0 0 0 0 0 0 0 0 0 0 0 0 0 0 0 0 0 0 0 0 0 0 0 0 0 0 0 0 0 0 0 0 0 0 0 0 0 0 0 0 0 0 0 0 0 0 0 0 0 0 0 0 0 0 0]
[2496422660676878018368430841498032409414202994200339139621488001207731164311500386441341665491840714240867492850006817264245224738418722902893220353209424417505457342862645563721765293520407529487596067456121712172662396023107693348011121907466882657138570294 0 0 0 1 0 0 0 0 0 0 0 0 0 0 0 0 0 0 0 0 0 0 0 0 0 0 0 0 0 0 0 0 0 0 0 0 0 0 0 0 0 0 0 0 0 0 0 0 0 0 0 0 0 0 0 0 0 0 0 0 0 0 0 0 0 0 0 0 0 0 0 0 0 0 0 0 0 0 0 0 0 0 0 0 0]
[3224661184845268787116062547629381054181043594301506764153237383772062709641540730829113319503078009721674425568831372445207402438153712215695173666761267922876263654868185763625764098784502501368478704950920684009668881307576526635222653699033027921694593021 0 0 0 0 1 0 0 0 0 0 0 0 0 0 0 0 0 0 0 0 0 0 0 0 0 0 0 0 0 0 0 0 0 0 0 0 0 0 0 0 0 0 0 0 0 0 0 0 0 0 0 0 0 0 0 0 0 0 0 0 0 0 0 0 0 0 0 0 0 0 0 0 0 0 0 0 0 0 0 0 0 0 0 0 0]
[988438927037172660567914586594564241710195868735655595638467527169058436882180964178186101618349557095750615219594878447893582648196858978247861651668573234068902275227385895176459452460767470728330249243485107081856161031540190812730130252870582435627810661 0 0 0 0 0 1 0 0 0 0 0 0 0 0 0 0 0 0 0 0 0 0 0 0 0 0 0 0 0 0 0 0 0 0 0 0 0 0 0 0 0 0 0 0 0 0 0 0 0 0 0 0 0 0 0 0 0 0 0 0 0 0 0 0 0 0 0 0 0 0 0 0 0 0 0 0 0 0 0 0 0 0 0 0 0]
[355858442700026059399849575963981603622854419934584570288034264656406503345834135748088875850030091124906729378451362187093599102969523804271419513202049973223853127190061308270544913898574351688277461037893194638671270116270354641527456396259465108717351663 0 0 0 0 0 0 1 0 0 0 0 0 0 0 0 0 0 0 0 0 0 0 0 0 0 0 0 0 0 0 0 0 0 0 0 0 0 0 0 0 0 0 0 0 0 0 0 0 0 0 0 0 0 0 0 0 0 0 0 0 0 0 0 0 0 0 0 0 0 0 0 0 0 0 0 0 0 0 0 0 0 0 0 0 0]
[67713844360003400750011851495456330552461825557156950315902631657443105260717597008275873433461345408237950278190223698147200093399651836929999452098847292511189754179647098004216830044450218192149224592410267578061648162772547388564894398810725624286305227 0 0 0 0 0 0 0 1 0 0 0 0 0 0 0 0 0 0 0 0 0 0 0 0 0 0 0 0 0 0 0 0 0 0 0 0 0 0 0 0 0 0 0 0 0 0 0 0 0 0 0 0 0 0 0 0 0 0 0 0 0 0 0 0 0 0 0 0 0 0 0 0 0 0 0 0 0 0 0 0 0 0 0 0 0]
[235563757133265952331574922854836719152748888152735065072001378523849768713053655626460765976449041854869178571049434769264137418159968171862818755184078131865637629019923654148014529730915686179186768385849775528185678916265511998226189153523000829104856957 0 0 0 0 0 0 0 0 1 0 0 0 0 0 0 0 0 0 0 0 0 0 0 0 0 0 0 0 0 0 0 0 0 0 0 0 0 0 0 0 0 0 0 0 0 0 0 0 0 0 0 0 0 0 0 0 0 0 0 0 0 0 0 0 0 0 0 0 0 0 0 0 0 0 0 0 0 0 0 0 0 0 0 0 0]
[51192889098830358227940595103025500547865766778991628627063962583416825606170184414188380352083166420006926528740390015073483425133134528141056472269789231556861677177737994425404449227648981891485907623842752175692490099140611284637378157958749058580442755 0 0 0 0 0 0 0 0 0 1 0 0 0 0 0 0 0 0 0 0 0 0 0 0 0 0 0 0 0 0 0 0 0 0 0 0 0 0 0 0 0 0 0 0 0 0 0 0 0 0 0 0 0 0 0 0 0 0 0 0 0 0 0 0 0 0 0 0 0 0 0 0 0 0 0 0 0 0 0 0 0 0 0 0 0]
[4007346477464764452825666331635776113623600917019386472869854335463894527455073166547074146788814772389295126400243716074836669480832959644520154922362718645347313128649631046457294583153316461957642892206673108218944443162212086415557007381191781220541673654 0 0 0 0 0 0 0 0 0 0 1 0 0 0 0 0 0 0 0 0 0 0 0 0 0 0 0 0 0 0 0 0 0 0 0 0 0 0 0 0 0 0 0 0 0 0 0 0 0 0 0 0 0 0 0 0 0 0 0 0 0 0 0 0 0 0 0 0 0 0 0 0 0 0 0 0 0 0 0 0 0 0 0 0 0]
[3141426137274456511827096102946866788929357133854840373720030906799728154367014005514366538754201083686398711837816976498147563736743957485516300676205309401751711389177999635881714463224101185767445975303910786592827742653417617707381881378156433496148982173 0 0 0 0 0 0 0 0 0 0 0 1 0 0 0 0 0 0 0 0 0 0 0 0 0 0 0 0 0 0 0 0 0 0 0 0 0 0 0 0 0 0 0 0 0 0 0 0 0 0 0 0 0 0 0 0 0 0 0 0 0 0 0 0 0 0 0 0 0 0 0 0 0 0 0 0 0 0 0 0 0 0 0 0 0]
[666145174670437329224147290752356218525003005031056793243856886238602036222317212462444932158551661415957335705286001523260996520540299275595750275833691604622604573632068593626885616928471731796918741115112447870638479725999147684637380878274416134490320283 0 0 0 0 0 0 0 0 0 0 0 0 1 0 0 0 0 0 0 0 0 0 0 0 0 0 0 0 0 0 0 0 0 0 0 0 0 0 0 0 0 0 0 0 0 0 0 0 0 0 0 0 0 0 0 0 0 0 0 0 0 0 0 0 0 0 0 0 0 0 0 0 0 0 0 0 0 0 0 0 0 0 0 0 0]
[2103724842632019358686245263261868570075060908612102267843257194774240839886824375551259077279838662439472581589507267958972084038960473284761781114169297749610275196354492654643732966811174726684712032854907930017908371128321242403681613944125389729788870539 0 0 0 0 0 0 0 0 0 0 0 0 0 1 0 0 0 0 0 0 0 0 0 0 0 0 0 0 0 0 0 0 0 0 0 0 0 0 0 0 0 0 0 0 0 0 0 0 0 0 0 0 0 0 0 0 0 0 0 0 0 0 0 0 0 0 0 0 0 0 0 0 0 0 0 0 0 0 0 0 0 0 0 0 0]
[5211338825371939796740586681135043158242443205550453508895593452608647564615537734097515086211135897766491573005158780245435834156399426028924447107284703653699334122733208408866595238624977693767027016462934546312810588963496076969870820783679104888813796449 0 0 0 0 0 0 0 0 0 0 0 0 0 0 1 0 0 0 0 0 0 0 0 0 0 0 0 0 0 0 0 0 0 0 0 0 0 0 0 0 0 0 0 0 0 0 0 0 0 0 0 0 0 0 0 0 0 0 0 0 0 0 0 0 0 0 0 0 0 0 0 0 0 0 0 0 0 0 0 0 0 0 0 0 0]
[439865702332311488686384550586009626959920434852072794927899632041715888274500211621056547077676797736271495940672970020499235987390056290593262289438404297054697149232673758750637872230095338812299554378967028948497539418811708200672533528427691657058625722 0 0 0 0 0 0 0 0 0 0 0 0 0 0 0 1 0 0 0 0 0 0 0 0 0 0 0 0 0 0 0 0 0 0 0 0 0 0 0 0 0 0 0 0 0 0 0 0 0 0 0 0 0 0 0 0 0 0 0 0 0 0 0 0 0 0 0 0 0 0 0 0 0 0 0 0 0 0 0 0 0 0 0 0 0]
[4498933250825307749259555646705635892880493492012781170120489744478300905701717237619510172677794098933134259046970324783714889575286826533523985172513652548926261870364031992859099909304147960851407003440998468452026962835144298342541565446030025449298898809 0 0 0 0 0 0 0 0 0 0 0 0 0 0 0 0 1 0 0 0 0 0 0 0 0 0 0 0 0 0 0 0 0 0 0 0 0 0 0 0 0 0 0 0 0 0 0 0 0 0 0 0 0 0 0 0 0 0 0 0 0 0 0 0 0 0 0 0 0 0 0 0 0 0 0 0 0 0 0 0 0 0 0 0 0]
[3961154015155179674748819000928467269951803457823639591211436901803066619483272263990125147276125572392267654490800237996295267539926921414499061665236302523880384883591040068934008428536427398327987827051223878550062930611664187907632541217108876139242204489 0 0 0 0 0 0 0 0 0 0 0 0 0 0 0 0 0 1 0 0 0 0 0 0 0 0 0 0 0 0 0 0 0 0 0 0 0 0 0 0 0 0 0 0 0 0 0 0 0 0 0 0 0 0 0 0 0 0 0 0 0 0 0 0 0 0 0 0 0 0 0 0 0 0 0 0 0 0 0 0 0 0 0 0 0]
[4832384323725569101247398689491884436163762974816558781921094880277756279115556488850274378009510444872107710471464746495234165390398215670165659353245174207645180956469129353204841509390634786264769814026299181065705953814290642556036905602028973611492325675 0 0 0 0 0 0 0 0 0 0 0 0 0 0 0 0 0 0 1 0 0 0 0 0 0 0 0 0 0 0 0 0 0 0 0 0 0 0 0 0 0 0 0 0 0 0 0 0 0 0 0 0 0 0 0 0 0 0 0 0 0 0 0 0 0 0 0 0 0 0 0 0 0 0 0 0 0 0 0 0 0 0 0 0 0]
[2301998983576502790208668585353087172689332467620169196867912389929164675296724961978809011631049726408930493781202885194339230447912878646170006199507508981373612988172544459725421322284123107418441703666075322802179367272796710343057891380422007972625860517 0 0 0 0 0 0 0 0 0 0 0 0 0 0 0 0 0 0 0 1 0 0 0 0 0 0 0 0 0 0 0 0 0 0 0 0 0 0 0 0 0 0 0 0 0 0 0 0 0 0 0 0 0 0 0 0 0 0 0 0 0 0 0 0 0 0 0 0 0 0 0 0 0 0 0 0 0 0 0 0 0 0 0 0 0]
[418429892426721197751833299248270625198206725375388824666909033114299979636565361626575086637642423372213929213954495852943464677272532285333293506993783990053228261417188081260543579293338478279187878724951507182133119149500830564025248002104088119142811434 0 0 0 0 0 0 0 0 0 0 0 0 0 0 0 0 0 0 0 0 1 0 0 0 0 0 0 0 0 0 0 0 0 0 0 0 0 0 0 0 0 0 0 0 0 0 0 0 0 0 0 0 0 0 0 0 0 0 0 0 0 0 0 0 0 0 0 0 0 0 0 0 0 0 0 0 0 0 0 0 0 0 0 0 0]
[5066719947521073353490194635632607420818792143860183873875538112253953905110186201838518566039784186161332888346873866481794462706998067178009443129489714375808547932065007526393062615331917249539853520637540439873411862931868212519035153623236413039841284283 0 0 0 0 0 0 0 0 0 0 0 0 0 0 0 0 0 0 0 0 0 1 0 0 0 0 0 0 0 0 0 0 0 0 0 0 0 0 0 0 0 0 0 0 0 0 0 0 0 0 0 0 0 0 0 0 0 0 0 0 0 0 0 0 0 0 0 0 0 0 0 0 0 0 0 0 0 0 0 0 0 0 0 0 0]
[298919691877436472462888501538909601614981922249018093163520821722933020139290938846782770090743274897354855956648442512832785878419486035258916259067360380581011782221952515284934496256093459045842915726544790828523311360895344050137908857925370469425633152 0 0 0 0 0 0 0 0 0 0 0 0 0 0 0 0 0 0 0 0 0 0 1 0 0 0 0 0 0 0 0 0 0 0 0 0 0 0 0 0 0 0 0 0 0 0 0 0 0 0 0 0 0 0 0 0 0 0 0 0 0 0 0 0 0 0 0 0 0 0 0 0 0 0 0 0 0 0 0 0 0 0 0 0 0]
[3916254689081362834453282867975497982143778412448581950679356319579498413093810075635386927397951414732968027420650492198842582718344152822195372936135973255297259205950858130707490672923851396726433495712362237980621461744667297711301919050026732118530159070 0 0 0 0 0 0 0 0 0 0 0 0 0 0 0 0 0 0 0 0 0 0 0 1 0 0 0 0 0 0 0 0 0 0 0 0 0 0 0 0 0 0 0 0 0 0 0 0 0 0 0 0 0 0 0 0 0 0 0 0 0 0 0 0 0 0 0 0 0 0 0 0 0 0 0 0 0 0 0 0 0 0 0 0 0]
[1585301274422650674624988804398131010146711039969187663990743507407509440997185386491705292677265545639898353343574747310143416627042878948622444016562599701490910514016488109687956626795988878778168398200673693484876092392894338183733501439582247343904516905 0 0 0 0 0 0 0 0 0 0 0 0 0 0 0 0 0 0 0 0 0 0 0 0 1 0 0 0 0 0 0 0 0 0 0 0 0 0 0 0 0 0 0 0 0 0 0 0 0 0 0 0 0 0 0 0 0 0 0 0 0 0 0 0 0 0 0 0 0 0 0 0 0 0 0 0 0 0 0 0 0 0 0 0 0]
[947313210184115515469171045471771015920404481275694730706098233443651590294698042240333149702456249592846780494948911360407697442256092096091165617175560424840250016855134557643193503762953602840053148929650566231735177214212626895549157886101670507201088028 0 0 0 0 0 0 0 0 0 0 0 0 0 0 0 0 0 0 0 0 0 0 0 0 0 1 0 0 0 0 0 0 0 0 0 0 0 0 0 0 0 0 0 0 0 0 0 0 0 0 0 0 0 0 0 0 0 0 0 0 0 0 0 0 0 0 0 0 0 0 0 0 0 0 0 0 0 0 0 0 0 0 0 0 0]
[913100917170680530969755513950098357928261650608663504002035875594967770055853455281397359436354545566387076706815735367959692277765664981808577283021139011501747128872099411772061175448529105177827539709925304462038745396537963185854696022656383528264812754 0 0 0 0 0 0 0 0 0 0 0 0 0 0 0 0 0 0 0 0 0 0 0 0 0 0 1 0 0 0 0 0 0 0 0 0 0 0 0 0 0 0 0 0 0 0 0 0 0 0 0 0 0 0 0 0 0 0 0 0 0 0 0 0 0 0 0 0 0 0 0 0 0 0 0 0 0 0 0 0 0 0 0 0 0]
[2216422533442885331473994913445164888334713701023926763210180878025969967790025626287134255274053862000972186813476485346638967047148409200389653889995159343325250940040518074578099206404011268174953886012370377053937238495182534376336623002170755093475797506 0 0 0 0 0 0 0 0 0 0 0 0 0 0 0 0 0 0 0 0 0 0 0 0 0 0 0 1 0 0 0 0 0 0 0 0 0 0 0 0 0 0 0 0 0 0 0 0 0 0 0 0 0 0 0 0 0 0 0 0 0 0 0 0 0 0 0 0 0 0 0 0 0 0 0 0 0 0 0 0 0 0 0 0 0]
[4632675092113979393530766283753844795655604071262576781642985985784787656123965919111746986744911924726796109562714185264240414733158479666415637796478262752419070199727196508507107247073654369716992334654929549997275498317428403364195455294722336944544235315 0 0 0 0 0 0 0 0 0 0 0 0 0 0 0 0 0 0 0 0 0 0 0 0 0 0 0 0 1 0 0 0 0 0 0 0 0 0 0 0 0 0 0 0 0 0 0 0 0 0 0 0 0 0 0 0 0 0 0 0 0 0 0 0 0 0 0 0 0 0 0 0 0 0 0 0 0 0 0 0 0 0 0 0 0]
[5004973882379870711883096222353315074946757449589673576447819316448057256765529770159204104127403199574556823375636154348176792919382332121507811726460980395003769881270152200287575959744660242318072216517457965835621809715264823915788009212339279744168103422 0 0 0 0 0 0 0 0 0 0 0 0 0 0 0 0 0 0 0 0 0 0 0 0 0 0 0 0 0 1 0 0 0 0 0 0 0 0 0 0 0 0 0 0 0 0 0 0 0 0 0 0 0 0 0 0 0 0 0 0 0 0 0 0 0 0 0 0 0 0 0 0 0 0 0 0 0 0 0 0 0 0 0 0 0]
[4968298577213620488516205621334994870644106027399064687231133343126481821817216760018422546060764446539866338806250413736107311166720739944511900489191173128786643411622947914821899118319517862885231712448423382001464738346010438002943636616374605532589261473 0 0 0 0 0 0 0 0 0 0 0 0 0 0 0 0 0 0 0 0 0 0 0 0 0 0 0 0 0 0 1 0 0 0 0 0 0 0 0 0 0 0 0 0 0 0 0 0 0 0 0 0 0 0 0 0 0 0 0 0 0 0 0 0 0 0 0 0 0 0 0 0 0 0 0 0 0 0 0 0 0 0 0 0 0]
[2909879217244100921363005092358537117118927334287324705504022618665474141659245025458693289442183924116635877186618471122565644356281361474238587830786749519972430063020301497890924435786448045628521397863240532621971535889588893664156379294463816950795163417 0 0 0 0 0 0 0 0 0 0 0 0 0 0 0 0 0 0 0 0 0 0 0 0 0 0 0 0 0 0 0 1 0 0 0 0 0 0 0 0 0 0 0 0 0 0 0 0 0 0 0 0 0 0 0 0 0 0 0 0 0 0 0 0 0 0 0 0 0 0 0 0 0 0 0 0 0 0 0 0 0 0 0 0 0]
[5382646187734023936460527806064072173453920447049479204826444186306888915518021403153573458417666218704328703161801918216680306447022141549765000618517498249952776532865449575050140662341740800932603609754024106382290036648485657362357681490330954973809757810 0 0 0 0 0 0 0 0 0 0 0 0 0 0 0 0 0 0 0 0 0 0 0 0 0 0 0 0 0 0 0 0 1 0 0 0 0 0 0 0 0 0 0 0 0 0 0 0 0 0 0 0 0 0 0 0 0 0 0 0 0 0 0 0 0 0 0 0 0 0 0 0 0 0 0 0 0 0 0 0 0 0 0 0 0]
[4801677985563014794401687860308604919897558817204649207471970473642586935207320870255004245309049996545358211506070557940357843108555652688242103549878238947011748115292525615900640639560933957866160590822980538434408639664811016530720446959707660419710410290 0 0 0 0 0 0 0 0 0 0 0 0 0 0 0 0 0 0 0 0 0 0 0 0 0 0 0 0 0 0 0 0 0 1 0 0 0 0 0 0 0 0 0 0 0 0 0 0 0 0 0 0 0 0 0 0 0 0 0 0 0 0 0 0 0 0 0 0 0 0 0 0 0 0 0 0 0 0 0 0 0 0 0 0 0]
[3937871998165832485275830842716953338663282860887393179848889257998852827576751338711072467486003770554280370649380199513600760482655357484577717248615127346607831999527099632885972633298452963370037297898981840181952450833957248946851290220438149163899004409 0 0 0 0 0 0 0 0 0 0 0 0 0 0 0 0 0 0 0 0 0 0 0 0 0 0 0 0 0 0 0 0 0 0 1 0 0 0 0 0 0 0 0 0 0 0 0 0 0 0 0 0 0 0 0 0 0 0 0 0 0 0 0 0 0 0 0 0 0 0 0 0 0 0 0 0 0 0 0 0 0 0 0 0 0]
[306592684926231692310990031505566932462346654355640477287766255009465030446167132326701794592138945005427627829269376048352676560282108553909717590352796123163006821436948109976664377216408368960475624096118963389195805263725383890719398751849448169396277836 0 0 0 0 0 0 0 0 0 0 0 0 0 0 0 0 0 0 0 0 0 0 0 0 0 0 0 0 0 0 0 0 0 0 0 1 0 0 0 0 0 0 0 0 0 0 0 0 0 0 0 0 0 0 0 0 0 0 0 0 0 0 0 0 0 0 0 0 0 0 0 0 0 0 0 0 0 0 0 0 0 0 0 0 0]
[4761447651182604897452154611637892270338078196417399469350180036738603285761521286619689555021728406550985662388586690829848323995784750971624754213283536090293393922053456132448696922522664505682299776965523729138678132145219371647079904592755126534523751119 0 0 0 0 0 0 0 0 0 0 0 0 0 0 0 0 0 0 0 0 0 0 0 0 0 0 0 0 0 0 0 0 0 0 0 0 1 0 0 0 0 0 0 0 0 0 0 0 0 0 0 0 0 0 0 0 0 0 0 0 0 0 0 0 0 0 0 0 0 0 0 0 0 0 0 0 0 0 0 0 0 0 0 0 0]
[5426219565610282200958681406792231980690650027264555144382214493516577678310991520417296392909107408667755175194852025500438589865158355564747511594862789644097710894411531822256678992944434499608739031893997939545305664826599161290661479064439289639289865386 0 0 0 0 0 0 0 0 0 0 0 0 0 0 0 0 0 0 0 0 0 0 0 0 0 0 0 0 0 0 0 0 0 0 0 0 0 1 0 0 0 0 0 0 0 0 0 0 0 0 0 0 0 0 0 0 0 0 0 0 0 0 0 0 0 0 0 0 0 0 0 0 0 0 0 0 0 0 0 0 0 0 0 0 0]
[4962897499197949677497331993611496182002084939877767379302085653685718401877380614484925648810777670288889690808445508786542368077243478027307911840199974698191071527310388081354701946945845381506813839587065585551368221761246106128877116341613656646713737628 0 0 0 0 0 0 0 0 0 0 0 0 0 0 0 0 0 0 0 0 0 0 0 0 0 0 0 0 0 0 0 0 0 0 0 0 0 0 1 0 0 0 0 0 0 0 0 0 0 0 0 0 0 0 0 0 0 0 0 0 0 0 0 0 0 0 0 0 0 0 0 0 0 0 0 0 0 0 0 0 0 0 0 0 0]
[2448526659529080959572636943134435692573672253690346544952464143611088828129573089928854917216342980561131393307791881559803286254228603451542722138975290526248629324961998807877184933071501096690248287057562330257188634219495599948944873185271014457356803414 0 0 0 0 0 0 0 0 0 0 0 0 0 0 0 0 0 0 0 0 0 0 0 0 0 0 0 0 0 0 0 0 0 0 0 0 0 0 0 1 0 0 0 0 0 0 0 0 0 0 0 0 0 0 0 0 0 0 0 0 0 0 0 0 0 0 0 0 0 0 0 0 0 0 0 0 0 0 0 0 0 0 0 0 0]
[2849542745349945996452807303888062289489955790391815271778554001565427317445419536920998346828826988816270857722066865161276257732855008014302956989363494837342441604588983825562583798376304770826881775519378247917672246102959425242707067567798700622724988231 0 0 0 0 0 0 0 0 0 0 0 0 0 0 0 0 0 0 0 0 0 0 0 0 0 0 0 0 0 0 0 0 0 0 0 0 0 0 0 0 1 0 0 0 0 0 0 0 0 0 0 0 0 0 0 0 0 0 0 0 0 0 0 0 0 0 0 0 0 0 0 0 0 0 0 0 0 0 0 0 0 0 0 0 0]
[4595320628492376635627648924871073605644289548386438037767497330627272140309675168902106931170547500578558021463838601670793468470781845874437775498618944872416950314174677693171988897398534771746949017199739554941350304195237084938111361404915015015122559452 0 0 0 0 0 0 0 0 0 0 0 0 0 0 0 0 0 0 0 0 0 0 0 0 0 0 0 0 0 0 0 0 0 0 0 0 0 0 0 0 0 1 0 0 0 0 0 0 0 0 0 0 0 0 0 0 0 0 0 0 0 0 0 0 0 0 0 0 0 0 0 0 0 0 0 0 0 0 0 0 0 0 0 0 0]
[1162932533867554038741337547645821893382987812855323255680952898124224525938616613647347368827921507642538562838890757680070133630457858129207657316996001129433789615172770844831572433002186090344389974604784504845005148316432860116374914222606411971692526526 0 0 0 0 0 0 0 0 0 0 0 0 0 0 0 0 0 0 0 0 0 0 0 0 0 0 0 0 0 0 0 0 0 0 0 0 0 0 0 0 0 0 1 0 0 0 0 0 0 0 0 0 0 0 0 0 0 0 0 0 0 0 0 0 0 0 0 0 0 0 0 0 0 0 0 0 0 0 0 0 0 0 0 0 0]
[234232005030748999973055847111035026127714825132970981418088679478878102883628172379262080817760810484411605970314885218794492856538961764708089062519103977045272354547817248857333224585439676384465157888018994294522561425384208873436722434894702960214745023 0 0 0 0 0 0 0 0 0 0 0 0 0 0 0 0 0 0 0 0 0 0 0 0 0 0 0 0 0 0 0 0 0 0 0 0 0 0 0 0 0 0 0 1 0 0 0 0 0 0 0 0 0 0 0 0 0 0 0 0 0 0 0 0 0 0 0 0 0 0 0 0 0 0 0 0 0 0 0 0 0 0 0 0 0]
[2121347025280407853516789739741432701106335146352821983507790268061310689930556426774705937316090871308143118607846300945251198882272249640566518634184651800341399697409511159117391796194990395999380034680933330375487465917390670570219656303812033577253516191 0 0 0 0 0 0 0 0 0 0 0 0 0 0 0 0 0 0 0 0 0 0 0 0 0 0 0 0 0 0 0 0 0 0 0 0 0 0 0 0 0 0 0 0 1 0 0 0 0 0 0 0 0 0 0 0 0 0 0 0 0 0 0 0 0 0 0 0 0 0 0 0 0 0 0 0 0 0 0 0 0 0 0 0 0]
[283041707891558887400534641457331330463904922684478834801424264197501416177167205761021670195914111025043560780570259912546423248822365703244166348787171736834452624451643138698698696316899966122489233650066702722296755329663472442625907713269154851645520571 0 0 0 0 0 0 0 0 0 0 0 0 0 0 0 0 0 0 0 0 0 0 0 0 0 0 0 0 0 0 0 0 0 0 0 0 0 0 0 0 0 0 0 0 0 1 0 0 0 0 0 0 0 0 0 0 0 0 0 0 0 0 0 0 0 0 0 0 0 0 0 0 0 0 0 0 0 0 0 0 0 0 0 0 0]
[2620970540713120654065485625609096614074187856192054971880686419999697734672638336457535876070693892709789026082077656688466522617466232863115447893158319542305840565528340340641525804764888485146351105833347814891792071849372179385448938080883865656390978425 0 0 0 0 0 0 0 0 0 0 0 0 0 0 0 0 0 0 0 0 0 0 0 0 0 0 0 0 0 0 0 0 0 0 0 0 0 0 0 0 0 0 0 0 0 0 1 0 0 0 0 0 0 0 0 0 0 0 0 0 0 0 0 0 0 0 0 0 0 0 0 0 0 0 0 0 0 0 0 0 0 0 0 0 0]
[3238093460894982221484028273918859395074854146895983064221819738911086560606417347178325724755557813136117961734608121898979269578254052642086002802636935857143297287302070748304732911354782866827835805722643620599908590261013189894482143107604989669293402051 0 0 0 0 0 0 0 0 0 0 0 0 0 0 0 0 0 0 0 0 0 0 0 0 0 0 0 0 0 0 0 0 0 0 0 0 0 0 0 0 0 0 0 0 0 0 0 1 0 0 0 0 0 0 0 0 0 0 0 0 0 0 0 0 0 0 0 0 0 0 0 0 0 0 0 0 0 0 0 0 0 0 0 0 0]
[4060152894987734883692852872686968134394926081381617710944294861219119720997582011388638003693973191266830912758784114493290340563009896789788435481921026400887322915511815608495001508431537190000421847746631366538458306698281464412470836183060700691389214049 0 0 0 0 0 0 0 0 0 0 0 0 0 0 0 0 0 0 0 0 0 0 0 0 0 0 0 0 0 0 0 0 0 0 0 0 0 0 0 0 0 0 0 0 0 0 0 0 1 0 0 0 0 0 0 0 0 0 0 0 0 0 0 0 0 0 0 0 0 0 0 0 0 0 0 0 0 0 0 0 0 0 0 0 0]
[4086349052839302475642977004179211079352597311915414586310188649237908127950856263939499644822736239094623137075293498991104080649599726481670839432043055848338546073997817382584016035887242363961992730740811792793394773873029050025330825733136205602197986550 0 0 0 0 0 0 0 0 0 0 0 0 0 0 0 0 0 0 0 0 0 0 0 0 0 0 0 0 0 0 0 0 0 0 0 0 0 0 0 0 0 0 0 0 0 0 0 0 0 1 0 0 0 0 0 0 0 0 0 0 0 0 0 0 0 0 0 0 0 0 0 0 0 0 0 0 0 0 0 0 0 0 0 0 0]
[1360027034280574990666544439389566313577025450140501343057196769367933550607818839436642747500382757648749200052151279637714857296140283737919240572143099862095079924031618622900331755387753518277023804768636336296900233049789717030859696527887663854713806658 0 0 0 0 0 0 0 0 0 0 0 0 0 0 0 0 0 0 0 0 0 0 0 0 0 0 0 0 0 0 0 0 0 0 0 0 0 0 0 0 0 0 0 0 0 0 0 0 0 0 1 0 0 0 0 0 0 0 0 0 0 0 0 0 0 0 0 0 0 0 0 0 0 0 0 0 0 0 0 0 0 0 0 0 0]
[5330300096853958674771742375555736623433413060783570054004356268566601123184449276279766488188990413476488558409977713177640404246143206623591677394078787226729281828781928316309186751093443481997544562119901149284962261177522572291194918717606913363989932240 0 0 0 0 0 0 0 0 0 0 0 0 0 0 0 0 0 0 0 0 0 0 0 0 0 0 0 0 0 0 0 0 0 0 0 0 0 0 0 0 0 0 0 0 0 0 0 0 0 0 0 1 0 0 0 0 0 0 0 0 0 0 0 0 0 0 0 0 0 0 0 0 0 0 0 0 0 0 0 0 0 0 0 0 0]
[1288205736184304686882910882171096320349944177980889880368539292392436416787258228213454275625668250496994455310446715640735355311112570023098219669672694276824435458046195067337029791477648134430113905970685464933186528099498445572415711282665203170308072618 0 0 0 0 0 0 0 0 0 0 0 0 0 0 0 0 0 0 0 0 0 0 0 0 0 0 0 0 0 0 0 0 0 0 0 0 0 0 0 0 0 0 0 0 0 0 0 0 0 0 0 0 1 0 0 0 0 0 0 0 0 0 0 0 0 0 0 0 0 0 0 0 0 0 0 0 0 0 0 0 0 0 0 0 0]
[2743591108546086636220618254533828037538223969385286075771438860235472830893527618292845565629750376167429204949207641910391774095129762619629925186565029951042751077947642922155227348365148561697559897577607074086439921645606923915655872766756105628024104917 0 0 0 0 0 0 0 0 0 0 0 0 0 0 0 0 0 0 0 0 0 0 0 0 0 0 0 0 0 0 0 0 0 0 0 0 0 0 0 0 0 0 0 0 0 0 0 0 0 0 0 0 0 1 0 0 0 0 0 0 0 0 0 0 0 0 0 0 0 0 0 0 0 0 0 0 0 0 0 0 0 0 0 0 0]
[3339111485726968937288239547987238332470756358691253746533109804386979262675081505900645852311586120128157355561665421307629001909938721522384122135346254083812712888237129867378252908348043758766678685925733978881645090334169959515398437490301987551147786644 0 0 0 0 0 0 0 0 0 0 0 0 0 0 0 0 0 0 0 0 0 0 0 0 0 0 0 0 0 0 0 0 0 0 0 0 0 0 0 0 0 0 0 0 0 0 0 0 0 0 0 0 0 0 1 0 0 0 0 0 0 0 0 0 0 0 0 0 0 0 0 0 0 0 0 0 0 0 0 0 0 0 0 0 0]
[174782106395195488071401875832016569012122778855528365910923495427455163850094820881054484083427854746239075012392907100617757580794362347013773904968696662225874085212791829163106570888910570349581758373049684691412362988978853510585906922679689933019033809 0 0 0 0 0 0 0 0 0 0 0 0 0 0 0 0 0 0 0 0 0 0 0 0 0 0 0 0 0 0 0 0 0 0 0 0 0 0 0 0 0 0 0 0 0 0 0 0 0 0 0 0 0 0 0 1 0 0 0 0 0 0 0 0 0 0 0 0 0 0 0 0 0 0 0 0 0 0 0 0 0 0 0 0 0]
[4398548083444757811654622214837868226229883714525389240631369697437141615913400010932572735431819257709486479909359533914987622185809233122776451064156331368628472767547506317672512099556952299463135632140701994961930974165775665869043785038927083481273175117 0 0 0 0 0 0 0 0 0 0 0 0 0 0 0 0 0 0 0 0 0 0 0 0 0 0 0 0 0 0 0 0 0 0 0 0 0 0 0 0 0 0 0 0 0 0 0 0 0 0 0 0 0 0 0 0 1 0 0 0 0 0 0 0 0 0 0 0 0 0 0 0 0 0 0 0 0 0 0 0 0 0 0 0 0]
[2035993897603645096739793651112594927525452928173455171691662156221870124399423457055265776298909736925951315067778307226522622796412538773917312948308857242771979015224981775257840198369714032701735564882963276673066713311030225704581972836300948684639697330 0 0 0 0 0 0 0 0 0 0 0 0 0 0 0 0 0 0 0 0 0 0 0 0 0 0 0 0 0 0 0 0 0 0 0 0 0 0 0 0 0 0 0 0 0 0 0 0 0 0 0 0 0 0 0 0 0 1 0 0 0 0 0 0 0 0 0 0 0 0 0 0 0 0 0 0 0 0 0 0 0 0 0 0 0]
[528559421832549978078959284794940461585682976256858938549832971776480209015579038758194781752171780171325894769567424791521396965492174465949844054429696067430490472855695208585094088929481295832157878606872830017605450557405050336398097879247467068875964780 0 0 0 0 0 0 0 0 0 0 0 0 0 0 0 0 0 0 0 0 0 0 0 0 0 0 0 0 0 0 0 0 0 0 0 0 0 0 0 0 0 0 0 0 0 0 0 0 0 0 0 0 0 0 0 0 0 0 1 0 0 0 0 0 0 0 0 0 0 0 0 0 0 0 0 0 0 0 0 0 0 0 0 0 0]
[2684816874069936799363545614745196845571030907047213496733693630255141690698902459245409233705751304650000213922971535788492530090365287977034581996640562130988003207512060026606519321107497924892947092512820766128858520772615878696874261085550348968187973582 0 0 0 0 0 0 0 0 0 0 0 0 0 0 0 0 0 0 0 0 0 0 0 0 0 0 0 0 0 0 0 0 0 0 0 0 0 0 0 0 0 0 0 0 0 0 0 0 0 0 0 0 0 0 0 0 0 0 0 1 0 0 0 0 0 0 0 0 0 0 0 0 0 0 0 0 0 0 0 0 0 0 0 0 0]
[2448387282990775924685989454056659123090254768812903440370105086682645556778519695059097235504283394341721320427408370391528497721779889556469445081473589150975167890351131594980232755728862572216945560478220446493065745352331741708527797728823204461275235804 0 0 0 0 0 0 0 0 0 0 0 0 0 0 0 0 0 0 0 0 0 0 0 0 0 0 0 0 0 0 0 0 0 0 0 0 0 0 0 0 0 0 0 0 0 0 0 0 0 0 0 0 0 0 0 0 0 0 0 0 1 0 0 0 0 0 0 0 0 0 0 0 0 0 0 0 0 0 0 0 0 0 0 0 0]
[2711812760474789599235335235854036267836466659897143805559458052838805904332306978922424457220377409127032590352253011302377945394526484827158329252701153743408229551610735015335943892311902380069156590973581984109430570564821235841595203028222461298194451615 0 0 0 0 0 0 0 0 0 0 0 0 0 0 0 0 0 0 0 0 0 0 0 0 0 0 0 0 0 0 0 0 0 0 0 0 0 0 0 0 0 0 0 0 0 0 0 0 0 0 0 0 0 0 0 0 0 0 0 0 0 1 0 0 0 0 0 0 0 0 0 0 0 0 0 0 0 0 0 0 0 0 0 0 0]
[4318655558683725568648537119934837941340453307441425618246513069830971435655471995501149016924999291301141703332947251744466016697517169068640748580191704554351140664871080903959745549278123064346717760521015197449353187970055978525897319261191101424101848623 0 0 0 0 0 0 0 0 0 0 0 0 0 0 0 0 0 0 0 0 0 0 0 0 0 0 0 0 0 0 0 0 0 0 0 0 0 0 0 0 0 0 0 0 0 0 0 0 0 0 0 0 0 0 0 0 0 0 0 0 0 0 1 0 0 0 0 0 0 0 0 0 0 0 0 0 0 0 0 0 0 0 0 0 0]
[1142853554188776611021109417223303092601688933644439904327206421981126153608850665857287629787936223907666905734921017029176226981014622670174797263848572815107851637300092527088948812292831923940817402855722177769147651667125599163235395779868467012385552875 0 0 0 0 0 0 0 0 0 0 0 0 0 0 0 0 0 0 0 0 0 0 0 0 0 0 0 0 0 0 0 0 0 0 0 0 0 0 0 0 0 0 0 0 0 0 0 0 0 0 0 0 0 0 0 0 0 0 0 0 0 0 0 1 0 0 0 0 0 0 0 0 0 0 0 0 0 0 0 0 0 0 0 0 0]
[4857810318154750961659993702162285877345850826656986799817998834877946835617128370796937981929584646049296498426024063896477976054305497268347150454728365618029817118909568052295833241307015548959086837572776108512734652794540105084401515410832758427271082615 0 0 0 0 0 0 0 0 0 0 0 0 0 0 0 0 0 0 0 0 0 0 0 0 0 0 0 0 0 0 0 0 0 0 0 0 0 0 0 0 0 0 0 0 0 0 0 0 0 0 0 0 0 0 0 0 0 0 0 0 0 0 0 0 1 0 0 0 0 0 0 0 0 0 0 0 0 0 0 0 0 0 0 0 0]
[2580345719566372100788637358066351915155016603281883745607535682213821141211791398417949837406015135055157974493869646066231169962079490908980725588205306576144644551353950091040457121748103099274956343107727099944902035755319076776015762320824389559147377314 0 0 0 0 0 0 0 0 0 0 0 0 0 0 0 0 0 0 0 0 0 0 0 0 0 0 0 0 0 0 0 0 0 0 0 0 0 0 0 0 0 0 0 0 0 0 0 0 0 0 0 0 0 0 0 0 0 0 0 0 0 0 0 0 0 1 0 0 0 0 0 0 0 0 0 0 0 0 0 0 0 0 0 0 0]
[1076538164109388192609921943669025192831249598969577856445272721765525074152593518880569271621108056619815331709493130448651192222479592935649795840466958170141183217556702319862099315574506167304920685481348439469437005835550046770908519222209142952090400609 0 0 0 0 0 0 0 0 0 0 0 0 0 0 0 0 0 0 0 0 0 0 0 0 0 0 0 0 0 0 0 0 0 0 0 0 0 0 0 0 0 0 0 0 0 0 0 0 0 0 0 0 0 0 0 0 0 0 0 0 0 0 0 0 0 0 1 0 0 0 0 0 0 0 0 0 0 0 0 0 0 0 0 0 0]
[560354732815953415670221284314651552297956636158197667365052824560649725317660365723683031216784970145338566135666383582991277517451456233587299342115779878648132477253861552701518191389594687470372157144203652142117310990051718329593655274142654941291922290 0 0 0 0 0 0 0 0 0 0 0 0 0 0 0 0 0 0 0 0 0 0 0 0 0 0 0 0 0 0 0 0 0 0 0 0 0 0 0 0 0 0 0 0 0 0 0 0 0 0 0 0 0 0 0 0 0 0 0 0 0 0 0 0 0 0 0 1 0 0 0 0 0 0 0 0 0 0 0 0 0 0 0 0 0]
[1085733292067984437998886331151108263781618609677849557385983926684499366991082195095532018237578732783030094023783114244246119963892256210439733563382617867990546723282590712267638288920787749112912527845676989169683105667712868365703814721614491815379641058 0 0 0 0 0 0 0 0 0 0 0 0 0 0 0 0 0 0 0 0 0 0 0 0 0 0 0 0 0 0 0 0 0 0 0 0 0 0 0 0 0 0 0 0 0 0 0 0 0 0 0 0 0 0 0 0 0 0 0 0 0 0 0 0 0 0 0 0 1 0 0 0 0 0 0 0 0 0 0 0 0 0 0 0 0]
[1760468543058554083836086740179090390028774413117174086268898582919144962301678380560216937450862548910736817291675834994868804127979616470987327744515007397944170019564666550046747994181589513143576859567866630455470747745937126063908633340198209701436629473 0 0 0 0 0 0 0 0 0 0 0 0 0 0 0 0 0 0 0 0 0 0 0 0 0 0 0 0 0 0 0 0 0 0 0 0 0 0 0 0 0 0 0 0 0 0 0 0 0 0 0 0 0 0 0 0 0 0 0 0 0 0 0 0 0 0 0 0 0 1 0 0 0 0 0 0 0 0 0 0 0 0 0 0 0]
[576729203071884344045915497947269190576520971560148039790773895601556718930061456809266757867768460984193818164873570299578417605496174377708701818876606839175303155082377457065012255246496278705818253221768133691427554164289638083756491560461923562442807500 0 0 0 0 0 0 0 0 0 0 0 0 0 0 0 0 0 0 0 0 0 0 0 0 0 0 0 0 0 0 0 0 0 0 0 0 0 0 0 0 0 0 0 0 0 0 0 0 0 0 0 0 0 0 0 0 0 0 0 0 0 0 0 0 0 0 0 0 0 0 1 0 0 0 0 0 0 0 0 0 0 0 0 0 0]
[5284256120406535490937460939313739357424180622943654495024426696636284545748706033267314282692204390322290474434025228940191968545967586580228775504817047319755723559564576057585845403703637672183061794405614076185348284489193704639324198826864617052196249326 0 0 0 0 0 0 0 0 0 0 0 0 0 0 0 0 0 0 0 0 0 0 0 0 0 0 0 0 0 0 0 0 0 0 0 0 0 0 0 0 0 0 0 0 0 0 0 0 0 0 0 0 0 0 0 0 0 0 0 0 0 0 0 0 0 0 0 0 0 0 0 1 0 0 0 0 0 0 0 0 0 0 0 0 0]
[3049452296740408158259576177457715859770376759278675919084096502231937368061427438588551691045648836299107625096182932066972641377920704612670225987671403475439053345649063207828617735272607555087360348475878277995604808454000282929548867406735191477004059186 0 0 0 0 0 0 0 0 0 0 0 0 0 0 0 0 0 0 0 0 0 0 0 0 0 0 0 0 0 0 0 0 0 0 0 0 0 0 0 0 0 0 0 0 0 0 0 0 0 0 0 0 0 0 0 0 0 0 0 0 0 0 0 0 0 0 0 0 0 0 0 0 1 0 0 0 0 0 0 0 0 0 0 0 0]
[2265081485391402319534361142213753658058518350253227765656078833689916881237787660449686687212543266589951479525154943412065134976088103715535008301498676308631758802018277014902424638441825081112156632831823526885658841599696875561864505002423188492133367516 0 0 0 0 0 0 0 0 0 0 0 0 0 0 0 0 0 0 0 0 0 0 0 0 0 0 0 0 0 0 0 0 0 0 0 0 0 0 0 0 0 0 0 0 0 0 0 0 0 0 0 0 0 0 0 0 0 0 0 0 0 0 0 0 0 0 0 0 0 0 0 0 0 1 0 0 0 0 0 0 0 0 0 0 0]
[4632564128913828417585041292841708399141555538757606256699049992926794075209752724794690072171274446864455884875501658276898206649565288123956766534442897843011940406991117709320102894539746925184265331970126880912139315635964160543954294175984956915753135003 0 0 0 0 0 0 0 0 0 0 0 0 0 0 0 0 0 0 0 0 0 0 0 0 0 0 0 0 0 0 0 0 0 0 0 0 0 0 0 0 0 0 0 0 0 0 0 0 0 0 0 0 0 0 0 0 0 0 0 0 0 0 0 0 0 0 0 0 0 0 0 0 0 0 1 0 0 0 0 0 0 0 0 0 0]
[1591162376300846023296717388543957292089884674990629927089310854489077452439738262649279742166660309512126074925052979035306137733902277995091117104381715798183984610986512972135709400553675662407509494245710689190522108575841494479413536623220130835384192367 0 0 0 0 0 0 0 0 0 0 0 0 0 0 0 0 0 0 0 0 0 0 0 0 0 0 0 0 0 0 0 0 0 0 0 0 0 0 0 0 0 0 0 0 0 0 0 0 0 0 0 0 0 0 0 0 0 0 0 0 0 0 0 0 0 0 0 0 0 0 0 0 0 0 0 1 0 0 0 0 0 0 0 0 0]
[1508007785611339598662534026597348240911636582295547591403828250738870225936518467461005676409137290964184717250668413302197417706076812703689492093441657407070905545382653632315266639277571710866391986024929731980768138221947007808139364232777478696493446873 0 0 0 0 0 0 0 0 0 0 0 0 0 0 0 0 0 0 0 0 0 0 0 0 0 0 0 0 0 0 0 0 0 0 0 0 0 0 0 0 0 0 0 0 0 0 0 0 0 0 0 0 0 0 0 0 0 0 0 0 0 0 0 0 0 0 0 0 0 0 0 0 0 0 0 0 1 0 0 0 0 0 0 0 0]
[451509429191428755620271236326511872071352392691355185315867675965329064926620130368288014567121974797139737148601067686471885740163120972115185111598193290988275876096504616520140670966990765091476070532304182288263709053419378604593257715030691383232694502 0 0 0 0 0 0 0 0 0 0 0 0 0 0 0 0 0 0 0 0 0 0 0 0 0 0 0 0 0 0 0 0 0 0 0 0 0 0 0 0 0 0 0 0 0 0 0 0 0 0 0 0 0 0 0 0 0 0 0 0 0 0 0 0 0 0 0 0 0 0 0 0 0 0 0 0 0 1 0 0 0 0 0 0 0]
[1016488935782635661042550592715227822159065855515931313368659797887560112110049993888293979255394217509967433039987054838015217263009501140611806553708377708875974847765994864806208746831430104916268305490042031681620380707054401440088477554146296389184578489 0 0 0 0 0 0 0 0 0 0 0 0 0 0 0 0 0 0 0 0 0 0 0 0 0 0 0 0 0 0 0 0 0 0 0 0 0 0 0 0 0 0 0 0 0 0 0 0 0 0 0 0 0 0 0 0 0 0 0 0 0 0 0 0 0 0 0 0 0 0 0 0 0 0 0 0 0 0 1 0 0 0 0 0 0]
[2298353489978874436436141424775241989325382775846755892550408440037171963236321650604003232859051457915535878041218206483200933528369360753715330673017063860456123351131346289610220525131516852233151356442149791896154733807333695561427587837744361800248918600 0 0 0 0 0 0 0 0 0 0 0 0 0 0 0 0 0 0 0 0 0 0 0 0 0 0 0 0 0 0 0 0 0 0 0 0 0 0 0 0 0 0 0 0 0 0 0 0 0 0 0 0 0 0 0 0 0 0 0 0 0 0 0 0 0 0 0 0 0 0 0 0 0 0 0 0 0 0 0 1 0 0 0 0 0]
[106673230098322936139955718975454385282452830449472184569202176059703333400936178487781750115436644926445930946827833148551800172694265457923967974984885563433746053311511929143612388653455105562465996840236145939595425296403587317167385200490829985676459035 0 0 0 0 0 0 0 0 0 0 0 0 0 0 0 0 0 0 0 0 0 0 0 0 0 0 0 0 0 0 0 0 0 0 0 0 0 0 0 0 0 0 0 0 0 0 0 0 0 0 0 0 0 0 0 0 0 0 0 0 0 0 0 0 0 0 0 0 0 0 0 0 0 0 0 0 0 0 0 0 1 0 0 0 0]
[3359866270307871943979786106102153317747403098137627729578424445506874593705008124584741033671351389419830502898527107798084072638075468863833710190650521640539642465249116327410079535158586436419514361375572074470811418593331820934642192538134647453982216972 0 0 0 0 0 0 0 0 0 0 0 0 0 0 0 0 0 0 0 0 0 0 0 0 0 0 0 0 0 0 0 0 0 0 0 0 0 0 0 0 0 0 0 0 0 0 0 0 0 0 0 0 0 0 0 0 0 0 0 0 0 0 0 0 0 0 0 0 0 0 0 0 0 0 0 0 0 0 0 0 0 1 0 0 0]
[2474118551395475596982706812840061730796319133594774807410450974042561573055673490755601081479687652855931603292873965791415594934181863112991431756747186925233709711730154126027034443483960701940021249875197722774580319940720959144631806433648277481501699590 0 0 0 0 0 0 0 0 0 0 0 0 0 0 0 0 0 0 0 0 0 0 0 0 0 0 0 0 0 0 0 0 0 0 0 0 0 0 0 0 0 0 0 0 0 0 0 0 0 0 0 0 0 0 0 0 0 0 0 0 0 0 0 0 0 0 0 0 0 0 0 0 0 0 0 0 0 0 0 0 0 0 1 0 0]
[3332548968039757502232963603875765765382489544807699503992637146173910034557992361625725553359397564880095089388331133305480722679099514032180247913699630686150216854578229505288571008260696472061286701360003812702576022481235316198996482025660437473969616406 0 0 0 0 0 0 0 0 0 0 0 0 0 0 0 0 0 0 0 0 0 0 0 0 0 0 0 0 0 0 0 0 0 0 0 0 0 0 0 0 0 0 0 0 0 0 0 0 0 0 0 0 0 0 0 0 0 0 0 0 0 0 0 0 0 0 0 0 0 0 0 0 0 0 0 0 0 0 0 0 0 0 0 1 0]
[4419326777154861856246375985363372017392913355898500991486291374591453589547455201552451956406981106898651059653524911255098331285835579808273790876543161332651087722133303364849769119891298183007814699244037763101249036367207996869432521653232667551212453915 0 0 0 0 0 0 0 0 0 0 0 0 0 0 0 0 0 0 0 0 0 0 0 0 0 0 0 0 0 0 0 0 0 0 0 0 0 0 0 0 0 0 0 0 0 0 0 0 0 0 0 0 0 0 0 0 0 0 0 0 0 0 0 0 0 0 0 0 0 0 0 0 0 0 0 0 0 0 0 0 0 0 0 0 1]
]
