[[4559180290444644045974215321167122504861541505782696684133254199582130010674852875712203370122938657375600166602123759414614934942503878439931497950204804552717775637514086496315249242300294579306936013539545463453751635776082961 0 0 0 0 0 0 0 0 0 0 0 0 0 0 0 0 0 0 0 0 0 0 0 0 0 0 0 0 0 0 0 0 0 0 0 0 0 0 0 0 0 0 0 0 0 0 0 0 0 0 0 0 0 0 0 0 0 0 0 0 0 0 0 0 0 0 0 0 0 0 0 0 0 0 0]
[2944115150127841744725285275678599929370870779668045426281831784959001794418817604711558902367197682280699187497239008800367451304982783629451947861176109409076723599931485675356190268801660373696402425204511288121025787477684915 1 0 0 0 0 0 0 0 0 0 0 0 0 0 0 0 0 0 0 0 0 0 0 0 0 0 0 0 0 0 0 0 0 0 0 0 0 0 0 0 0 0 0 0 0 0 0 0 0 0 0 0 0 0 0 0 0 0 0 0 0 0 0 0 0 0 0 0 0 0 0 0 0 0 0]
[4078651697287381418473216666801817209415763468151430679708027159032332196146357204172133881160831205236302937116714769725462937868330841024280136434089073495576227780213611269058252370005524342604629897189171519580203816550438990 0 1 0 0 0 0 0 0 0 0 0 0 0 0 0 0 0 0 0 0 0 0 0 0 0 0 0 0 0 0 0 0 0 0 0 0 0 0 0 0 0 0 0 0 0 0 0 0 0 0 0 0 0 0 0 0 0 0 0 0 0 0 0 0 0 0 0 0 0 0 0 0 0 0 0]
[2773299552006451805900963978601075986739379900046458318826410102904973295335800184223735077902018712702728695663493114592311100854855248812683831911017425670352310017117627748000434471277398521503594987710270085233839278857184124 0 0 1 0 0 0 0 0 0 0 0 0 0 0 0 0 0 0 0 0 0 0 0 0 0 0 0 0 0 0 0 0 0 0 0 0 0 0 0 0 0 0 0 0 0 0 0 0 0 0 0 0 0 0 0 0 0 0 0 0 0 0 0 0 0 0 0 0 0 0 0 0 0 0 0]
[1447758124759646036835590859480894348151688673631466512282226612603600474413189375101440610775997084265970541816820919040177972816859088295436491201894178679040684812387902271750448511355414636538676242285598449206955726300884219 0 0 0 1 0 0 0 0 0 0 0 0 0 0 0 0 0 0 0 0 0 0 0 0 0 0 0 0 0 0 0 0 0 0 0 0 0 0 0 0 0 0 0 0 0 0 0 0 0 0 0 0 0 0 0 0 0 0 0 0 0 0 0 0 0 0 0 0 0 0 0 0 0 0 0]
[376428772452622279188028872934508169476292646639651365936881303325949920097060487418167929120578178558403943710840414208389946479479549313599428767768198934501134009809699875016756219925293751705349493486289100330684103055571299 0 0 0 0 1 0 0 0 0 0 0 0 0 0 0 0 0 0 0 0 0 0 0 0 0 0 0 0 0 0 0 0 0 0 0 0 0 0 0 0 0 0 0 0 0 0 0 0 0 0 0 0 0 0 0 0 0 0 0 0 0 0 0 0 0 0 0 0 0 0 0 0 0 0 0]
[1009669432960757760244485681238710813812635074530675395978095100967637642084865173695538640318392631664025521004130499034648971769317281423851845970210008934855642141518513068313971428660348404146208816106075238718943575085574255 0 0 0 0 0 1 0 0 0 0 0 0 0 0 0 0 0 0 0 0 0 0 0 0 0 0 0 0 0 0 0 0 0 0 0 0 0 0 0 0 0 0 0 0 0 0 0 0 0 0 0 0 0 0 0 0 0 0 0 0 0 0 0 0 0 0 0 0 0 0 0 0 0 0 0]
[355029131598367285487505212918134792354333143248792700905737457958018156269443091916492708195638101498325711044079303228298502868527255730465017810817252654241510865989279293017971808121332259979005294702043667117187940993419433 0 0 0 0 0 0 1 0 0 0 0 0 0 0 0 0 0 0 0 0 0 0 0 0 0 0 0 0 0 0 0 0 0 0 0 0 0 0 0 0 0 0 0 0 0 0 0 0 0 0 0 0 0 0 0 0 0 0 0 0 0 0 0 0 0 0 0 0 0 0 0 0 0 0 0]
[3725779214178911061291987241692811290791283905601278515505384425493537903305964066391496144585821599073762156581285389481966389852131966780360488510162894671272852782758499561627107900851606008875236346210609369943203299446540699 0 0 0 0 0 0 0 1 0 0 0 0 0 0 0 0 0 0 0 0 0 0 0 0 0 0 0 0 0 0 0 0 0 0 0 0 0 0 0 0 0 0 0 0 0 0 0 0 0 0 0 0 0 0 0 0 0 0 0 0 0 0 0 0 0 0 0 0 0 0 0 0 0 0 0]
[1900555737878937875376552093731083602350566961735305289674814552116434689295773663217626460974514279286577945420773252600620043502774873671187769750709490696421054375500552773399052220268329196461076729643353731772621118011638833 0 0 0 0 0 0 0 0 1 0 0 0 0 0 0 0 0 0 0 0 0 0 0 0 0 0 0 0 0 0 0 0 0 0 0 0 0 0 0 0 0 0 0 0 0 0 0 0 0 0 0 0 0 0 0 0 0 0 0 0 0 0 0 0 0 0 0 0 0 0 0 0 0 0 0]
[2374356212819586632945080613535547087601489546823375944315816600395871975284594470736615640368208916626972202550935615315091536479635100821697734040596081498815177517268774424903373098442732745534581673431202861724343817851311087 0 0 0 0 0 0 0 0 0 1 0 0 0 0 0 0 0 0 0 0 0 0 0 0 0 0 0 0 0 0 0 0 0 0 0 0 0 0 0 0 0 0 0 0 0 0 0 0 0 0 0 0 0 0 0 0 0 0 0 0 0 0 0 0 0 0 0 0 0 0 0 0 0 0 0]
[3229122769458272350614359131149712094228617619762551168507375479431455027050213462158267921976212304283819971585821839994260997054699098726764539394666539885245307170154876194532227426905498263914089043131499942964291472629215593 0 0 0 0 0 0 0 0 0 0 1 0 0 0 0 0 0 0 0 0 0 0 0 0 0 0 0 0 0 0 0 0 0 0 0 0 0 0 0 0 0 0 0 0 0 0 0 0 0 0 0 0 0 0 0 0 0 0 0 0 0 0 0 0 0 0 0 0 0 0 0 0 0 0 0]
[4514459530999880688303563708399257332490177186299143368529691168897031295025926432006622165623330051071283934464700235147295561124894629902452182424769724990275939530905544509707432204597018032143682697841238626497088420987550278 0 0 0 0 0 0 0 0 0 0 0 1 0 0 0 0 0 0 0 0 0 0 0 0 0 0 0 0 0 0 0 0 0 0 0 0 0 0 0 0 0 0 0 0 0 0 0 0 0 0 0 0 0 0 0 0 0 0 0 0 0 0 0 0 0 0 0 0 0 0 0 0 0 0 0]
[3306253536989170681638701387415678354045744323683809012481348705044296548348662038911033302531682062670434845733097971140965008513593410756260689673680333600030742656409604682400099835856429368986235648690548274293101007196516828 0 0 0 0 0 0 0 0 0 0 0 0 1 0 0 0 0 0 0 0 0 0 0 0 0 0 0 0 0 0 0 0 0 0 0 0 0 0 0 0 0 0 0 0 0 0 0 0 0 0 0 0 0 0 0 0 0 0 0 0 0 0 0 0 0 0 0 0 0 0 0 0 0 0 0]
[3466158807034667256079662981196489648044937888985195205644691837898082870885752884217532204662352158182119153562532497005751168000004367761887292541382816916747666199405937474864477606091020041936703137430223663253207587616182279 0 0 0 0 0 0 0 0 0 0 0 0 0 1 0 0 0 0 0 0 0 0 0 0 0 0 0 0 0 0 0 0 0 0 0 0 0 0 0 0 0 0 0 0 0 0 0 0 0 0 0 0 0 0 0 0 0 0 0 0 0 0 0 0 0 0 0 0 0 0 0 0 0 0 0]
[3078706057930212060195514040439589681036063645409498558757428441284688643662044383013395791994408907875115904230776054060409514387241063307431117809188439854047311700647223894245381090133284461298116492281907312685890317037775171 0 0 0 0 0 0 0 0 0 0 0 0 0 0 1 0 0 0 0 0 0 0 0 0 0 0 0 0 0 0 0 0 0 0 0 0 0 0 0 0 0 0 0 0 0 0 0 0 0 0 0 0 0 0 0 0 0 0 0 0 0 0 0 0 0 0 0 0 0 0 0 0 0 0 0]
[1834457037276941882596936302736605231677947988155443251953070010434548566814066764400932747096306079245900778829547022170350826022195438657004849943138018844580449418478026508567460230889062817057252346715524498677107519634086618 0 0 0 0 0 0 0 0 0 0 0 0 0 0 0 1 0 0 0 0 0 0 0 0 0 0 0 0 0 0 0 0 0 0 0 0 0 0 0 0 0 0 0 0 0 0 0 0 0 0 0 0 0 0 0 0 0 0 0 0 0 0 0 0 0 0 0 0 0 0 0 0 0 0 0]
[1879973960319929808718932897158016648785637035606906714804768330668579107420704054182415351040057680052001316365690366373043060888350285000900598858986819957420115547094760524748955526609489102329738975717522449700198479586109455 0 0 0 0 0 0 0 0 0 0 0 0 0 0 0 0 1 0 0 0 0 0 0 0 0 0 0 0 0 0 0 0 0 0 0 0 0 0 0 0 0 0 0 0 0 0 0 0 0 0 0 0 0 0 0 0 0 0 0 0 0 0 0 0 0 0 0 0 0 0 0 0 0 0 0]
[2279403798068888935950715949802072956652142504573086988675147141670487564166568447328657264210374348951650591168933158486016800511470918688737129928383214659235304286188640515361680610272721741566401510618938609633077081978141874 0 0 0 0 0 0 0 0 0 0 0 0 0 0 0 0 0 1 0 0 0 0 0 0 0 0 0 0 0 0 0 0 0 0 0 0 0 0 0 0 0 0 0 0 0 0 0 0 0 0 0 0 0 0 0 0 0 0 0 0 0 0 0 0 0 0 0 0 0 0 0 0 0 0 0]
[2815668356508891621870973597119562759791276957849173391845797975401446543187437288698978912465946577369784163693199879718630386406831048833001298197451907988507984768475426270027230587264570671808420431797952729988563394129424275 0 0 0 0 0 0 0 0 0 0 0 0 0 0 0 0 0 0 1 0 0 0 0 0 0 0 0 0 0 0 0 0 0 0 0 0 0 0 0 0 0 0 0 0 0 0 0 0 0 0 0 0 0 0 0 0 0 0 0 0 0 0 0 0 0 0 0 0 0 0 0 0 0 0 0]
[1214157634275692666116306683685829057129348341762985656078845497121764571070827810757590507745079862068745084746241951382083093647043152782052498750582178492014005270004129981537687190180393361196127698138124432753022164644981139 0 0 0 0 0 0 0 0 0 0 0 0 0 0 0 0 0 0 0 1 0 0 0 0 0 0 0 0 0 0 0 0 0 0 0 0 0 0 0 0 0 0 0 0 0 0 0 0 0 0 0 0 0 0 0 0 0 0 0 0 0 0 0 0 0 0 0 0 0 0 0 0 0 0 0]
[3277006350935408218449147763160512136009933137219293669854858435402997672704806823669987598497560957017108468155006493884514756539749044181806371035769470246957710290523530765516980304532477194836537507961830265338607454704616243 0 0 0 0 0 0 0 0 0 0 0 0 0 0 0 0 0 0 0 0 1 0 0 0 0 0 0 0 0 0 0 0 0 0 0 0 0 0 0 0 0 0 0 0 0 0 0 0 0 0 0 0 0 0 0 0 0 0 0 0 0 0 0 0 0 0 0 0 0 0 0 0 0 0 0]
[2321621825889396770386436229848925569326785298047949970719178423007777865097953363024976371441268732633811949421642592016277802881214044179991387675222801235814746938104061277481141072551726910640208716154728995490516881293988155 0 0 0 0 0 0 0 0 0 0 0 0 0 0 0 0 0 0 0 0 0 1 0 0 0 0 0 0 0 0 0 0 0 0 0 0 0 0 0 0 0 0 0 0 0 0 0 0 0 0 0 0 0 0 0 0 0 0 0 0 0 0 0 0 0 0 0 0 0 0 0 0 0 0 0]
[4344425496768366299289830374579819069142915339630129472339503582112501264369658095394569844482876353730774700949483100336902682670619290235271381360647993818698545152328379691493431574529940615787663867697489548956937364731653904 0 0 0 0 0 0 0 0 0 0 0 0 0 0 0 0 0 0 0 0 0 0 1 0 0 0 0 0 0 0 0 0 0 0 0 0 0 0 0 0 0 0 0 0 0 0 0 0 0 0 0 0 0 0 0 0 0 0 0 0 0 0 0 0 0 0 0 0 0 0 0 0 0 0 0]
[2109097173930141895258265545496741081900028635301446431477203403553049730432909073932456186493634284011048815313483131359425102840750946227745777260422057256702548270643470919673873138170572667229332615278325794433867920747148318 0 0 0 0 0 0 0 0 0 0 0 0 0 0 0 0 0 0 0 0 0 0 0 1 0 0 0 0 0 0 0 0 0 0 0 0 0 0 0 0 0 0 0 0 0 0 0 0 0 0 0 0 0 0 0 0 0 0 0 0 0 0 0 0 0 0 0 0 0 0 0 0 0 0 0]
[2397498383645285066775444096549845879976074604364533384390702435015850414231046792925928397851115550280740298223427146616157788533741762673515255897736055462247555455027269427782479366740805926810127251750318797526031763670107891 0 0 0 0 0 0 0 0 0 0 0 0 0 0 0 0 0 0 0 0 0 0 0 0 1 0 0 0 0 0 0 0 0 0 0 0 0 0 0 0 0 0 0 0 0 0 0 0 0 0 0 0 0 0 0 0 0 0 0 0 0 0 0 0 0 0 0 0 0 0 0 0 0 0 0]
[1753801071764194753161122100615223031990257401974777524126911814429411913816058466288017973706310360531673767184728312899847747590947487130438109854527801338281181025726622384500032602848826633919588582321512366318080431698870399 0 0 0 0 0 0 0 0 0 0 0 0 0 0 0 0 0 0 0 0 0 0 0 0 0 1 0 0 0 0 0 0 0 0 0 0 0 0 0 0 0 0 0 0 0 0 0 0 0 0 0 0 0 0 0 0 0 0 0 0 0 0 0 0 0 0 0 0 0 0 0 0 0 0 0]
[3377481355596818337868715187467137343293071011541905499302058147734717901093002289344647002210799169868491222195519063169493743821119220952458888021681722933191875367053929785859978941467455156406903302298591860612009421022141914 0 0 0 0 0 0 0 0 0 0 0 0 0 0 0 0 0 0 0 0 0 0 0 0 0 0 1 0 0 0 0 0 0 0 0 0 0 0 0 0 0 0 0 0 0 0 0 0 0 0 0 0 0 0 0 0 0 0 0 0 0 0 0 0 0 0 0 0 0 0 0 0 0 0 0]
[2923038178435613704116024982602675476908556147360148187972409431227317022515541593346549245306427587316128258053036830355545116282379813776171945362745089667312856712295268660410547202852883697151836243395385808377126992562287803 0 0 0 0 0 0 0 0 0 0 0 0 0 0 0 0 0 0 0 0 0 0 0 0 0 0 0 1 0 0 0 0 0 0 0 0 0 0 0 0 0 0 0 0 0 0 0 0 0 0 0 0 0 0 0 0 0 0 0 0 0 0 0 0 0 0 0 0 0 0 0 0 0 0 0]
[4349601928229261799563586969353453374419168302150772144135703115152218124865836487088353697599302042554324456792816774364515024154337134385186982966014492308227560858545134677341841657592212189018564384042916066574928196841925273 0 0 0 0 0 0 0 0 0 0 0 0 0 0 0 0 0 0 0 0 0 0 0 0 0 0 0 0 1 0 0 0 0 0 0 0 0 0 0 0 0 0 0 0 0 0 0 0 0 0 0 0 0 0 0 0 0 0 0 0 0 0 0 0 0 0 0 0 0 0 0 0 0 0 0]
[4347003075907610797486941775073296780287829584898212398673033164505902427013139632895015731516047263678800996050841352211992482650275544759780978801895123073791115134940315916359885793649247841347107981380498162191193340899016017 0 0 0 0 0 0 0 0 0 0 0 0 0 0 0 0 0 0 0 0 0 0 0 0 0 0 0 0 0 1 0 0 0 0 0 0 0 0 0 0 0 0 0 0 0 0 0 0 0 0 0 0 0 0 0 0 0 0 0 0 0 0 0 0 0 0 0 0 0 0 0 0 0 0 0]
[905883165049537484104874900787315579026831309114454738537070593336793856819792408227769419484700472525193234803532604662213629643562746220844564686995873311276389558214194262859328968189748442210098892191592569210878705551594005 0 0 0 0 0 0 0 0 0 0 0 0 0 0 0 0 0 0 0 0 0 0 0 0 0 0 0 0 0 0 1 0 0 0 0 0 0 0 0 0 0 0 0 0 0 0 0 0 0 0 0 0 0 0 0 0 0 0 0 0 0 0 0 0 0 0 0 0 0 0 0 0 0 0 0]
[4310390223031497201131211235117296891664694809856761106708799290106113092811658941975686901566783107605919542863186040980268090402269030373598037937174011285865847980745910304906864111217168014005729275398911908330997157940402894 0 0 0 0 0 0 0 0 0 0 0 0 0 0 0 0 0 0 0 0 0 0 0 0 0 0 0 0 0 0 0 1 0 0 0 0 0 0 0 0 0 0 0 0 0 0 0 0 0 0 0 0 0 0 0 0 0 0 0 0 0 0 0 0 0 0 0 0 0 0 0 0 0 0 0]
[2738869632926745792147624602619282697310162097777177925073003095061271257286757212177470696380866056023015484587612791252094049359011519906923774911709536630521254724275498544093942076833373557204010244807927815596710763627892667 0 0 0 0 0 0 0 0 0 0 0 0 0 0 0 0 0 0 0 0 0 0 0 0 0 0 0 0 0 0 0 0 1 0 0 0 0 0 0 0 0 0 0 0 0 0 0 0 0 0 0 0 0 0 0 0 0 0 0 0 0 0 0 0 0 0 0 0 0 0 0 0 0 0 0]
[2960541660906271055368744839123862478608754026646924500274853073553501645686429094913439833811162803018311948557563676667667199526790670911428567875116441841538412687767570298429907746814698072646810137708974525232344771779664938 0 0 0 0 0 0 0 0 0 0 0 0 0 0 0 0 0 0 0 0 0 0 0 0 0 0 0 0 0 0 0 0 0 1 0 0 0 0 0 0 0 0 0 0 0 0 0 0 0 0 0 0 0 0 0 0 0 0 0 0 0 0 0 0 0 0 0 0 0 0 0 0 0 0 0]
[1100731509230385110019546259449853562187460919291266897137012072497102686332649875702064012378248856106571809830712389067673210632955168484309851146454624403545750388641888070131371631568266169696917218059969906279512612453241945 0 0 0 0 0 0 0 0 0 0 0 0 0 0 0 0 0 0 0 0 0 0 0 0 0 0 0 0 0 0 0 0 0 0 1 0 0 0 0 0 0 0 0 0 0 0 0 0 0 0 0 0 0 0 0 0 0 0 0 0 0 0 0 0 0 0 0 0 0 0 0 0 0 0 0]
[1675654038848257721298407667029343670728542858369546553429569871507143601093235427165749656607333472478682231990967718695479430246043049040282429330809469971562186000368186571926239506660253707185498443082195662281973403443787793 0 0 0 0 0 0 0 0 0 0 0 0 0 0 0 0 0 0 0 0 0 0 0 0 0 0 0 0 0 0 0 0 0 0 0 1 0 0 0 0 0 0 0 0 0 0 0 0 0 0 0 0 0 0 0 0 0 0 0 0 0 0 0 0 0 0 0 0 0 0 0 0 0 0 0]
[3355644179874840947148879604561654123769202763322140562316202686747732593029652879306716883037807500254188859265155111169333922513513723795397706702616419321094768308975950308492358098415814130387409079395422231446825932465891910 0 0 0 0 0 0 0 0 0 0 0 0 0 0 0 0 0 0 0 0 0 0 0 0 0 0 0 0 0 0 0 0 0 0 0 0 1 0 0 0 0 0 0 0 0 0 0 0 0 0 0 0 0 0 0 0 0 0 0 0 0 0 0 0 0 0 0 0 0 0 0 0 0 0 0]
[1259415985482475603642391207384249041234490158331941546556227346626104236003408991214614310016993231605934477747585895775556839014171537790731473432260893226874675219128267251677482305146612013534937510665254841471676840861417636 0 0 0 0 0 0 0 0 0 0 0 0 0 0 0 0 0 0 0 0 0 0 0 0 0 0 0 0 0 0 0 0 0 0 0 0 0 1 0 0 0 0 0 0 0 0 0 0 0 0 0 0 0 0 0 0 0 0 0 0 0 0 0 0 0 0 0 0 0 0 0 0 0 0 0]
[2719261419352577928722419307590611537058499924948707282015426080629802566233396629306127488638566506455077477578009878615702775549408248182143298282558476495810810041050789332810265020642908346413644973424686412586314828472353662 0 0 0 0 0 0 0 0 0 0 0 0 0 0 0 0 0 0 0 0 0 0 0 0 0 0 0 0 0 0 0 0 0 0 0 0 0 0 1 0 0 0 0 0 0 0 0 0 0 0 0 0 0 0 0 0 0 0 0 0 0 0 0 0 0 0 0 0 0 0 0 0 0 0 0]
[1098825946261778884074216915258709212484518413673671841563903616215879684262306614529832619541918357616349044181183602573179707884594477683468832539735771805147815745036681597916582078816756442422962455225171680230997445750068154 0 0 0 0 0 0 0 0 0 0 0 0 0 0 0 0 0 0 0 0 0 0 0 0 0 0 0 0 0 0 0 0 0 0 0 0 0 0 0 1 0 0 0 0 0 0 0 0 0 0 0 0 0 0 0 0 0 0 0 0 0 0 0 0 0 0 0 0 0 0 0 0 0 0 0]
[4173268361289187634635390733460470961386142397863383112475212027436290027594601425450101488315758721662150422659265425452191561173744994488018547462269828884145355111735633385541896875323254851736275854704981291268388747224334104 0 0 0 0 0 0 0 0 0 0 0 0 0 0 0 0 0 0 0 0 0 0 0 0 0 0 0 0 0 0 0 0 0 0 0 0 0 0 0 0 1 0 0 0 0 0 0 0 0 0 0 0 0 0 0 0 0 0 0 0 0 0 0 0 0 0 0 0 0 0 0 0 0 0 0]
[662857477207702606127042980649040604981675578102170593545971848298385194649971402642970610714297149248305229602331059941622889384435544699709034688249040188797637517661557559022942978880688250329577285810676840007479294084568712 0 0 0 0 0 0 0 0 0 0 0 0 0 0 0 0 0 0 0 0 0 0 0 0 0 0 0 0 0 0 0 0 0 0 0 0 0 0 0 0 0 1 0 0 0 0 0 0 0 0 0 0 0 0 0 0 0 0 0 0 0 0 0 0 0 0 0 0 0 0 0 0 0 0 0]
[3538702549724894289015958444959626892327570275490994488712379534296343628330725571062241919227414783411006761443017453533198474756501532334592001618425336917570048848610503272303637267677798459686762568872658673126637303687166447 0 0 0 0 0 0 0 0 0 0 0 0 0 0 0 0 0 0 0 0 0 0 0 0 0 0 0 0 0 0 0 0 0 0 0 0 0 0 0 0 0 0 1 0 0 0 0 0 0 0 0 0 0 0 0 0 0 0 0 0 0 0 0 0 0 0 0 0 0 0 0 0 0 0 0]
[3307512649174631998312086106780645852108820944390782246914479434963725035777047695388386348030858622319837440047311232948473428692014650315289913039880772850638455112607960162709029404762866630130565864027373111403022795936072126 0 0 0 0 0 0 0 0 0 0 0 0 0 0 0 0 0 0 0 0 0 0 0 0 0 0 0 0 0 0 0 0 0 0 0 0 0 0 0 0 0 0 0 1 0 0 0 0 0 0 0 0 0 0 0 0 0 0 0 0 0 0 0 0 0 0 0 0 0 0 0 0 0 0 0]
[3622346231019045865330068915111170135436090512694444322525881669396795855367497853738316325144622321830910888111133663041956509180530340363091299065235862858036103357982593438273643015498036858150672034220217307426851379657274549 0 0 0 0 0 0 0 0 0 0 0 0 0 0 0 0 0 0 0 0 0 0 0 0 0 0 0 0 0 0 0 0 0 0 0 0 0 0 0 0 0 0 0 0 1 0 0 0 0 0 0 0 0 0 0 0 0 0 0 0 0 0 0 0 0 0 0 0 0 0 0 0 0 0 0]
[2383178728453438594801041102806345730607419070560185517825853527380191015622085558840652374951405290635793597892956053947213345215480792372890594039734458437443857002827786610754703837176821282200181557510057712456321483062132542 0 0 0 0 0 0 0 0 0 0 0 0 0 0 0 0 0 0 0 0 0 0 0 0 0 0 0 0 0 0 0 0 0 0 0 0 0 0 0 0 0 0 0 0 0 1 0 0 0 0 0 0 0 0 0 0 0 0 0 0 0 0 0 0 0 0 0 0 0 0 0 0 0 0 0]
[860454188193268519140633888126968700356826182899258623780892759824170196967932472251268834261390405979824812808466537696454718598380580705280953215019876125300534772275748793958932068727706329024462678731824653949550964785330882 0 0 0 0 0 0 0 0 0 0 0 0 0 0 0 0 0 0 0 0 0 0 0 0 0 0 0 0 0 0 0 0 0 0 0 0 0 0 0 0 0 0 0 0 0 0 1 0 0 0 0 0 0 0 0 0 0 0 0 0 0 0 0 0 0 0 0 0 0 0 0 0 0 0 0]
[4473680662834131168740603838860619444347289104735493416329267109276045339063629747792339808057119452774148579949931160475023724957923636389582930852695024232439463947431950442836793351850634678854308694601027463404377084359756199 0 0 0 0 0 0 0 0 0 0 0 0 0 0 0 0 0 0 0 0 0 0 0 0 0 0 0 0 0 0 0 0 0 0 0 0 0 0 0 0 0 0 0 0 0 0 0 1 0 0 0 0 0 0 0 0 0 0 0 0 0 0 0 0 0 0 0 0 0 0 0 0 0 0 0]
[2467093850358013326690189446080282081069565161272476535567150054955853181354057364027904634856109641789478188450288621559028121164059213554978988769706198975978565456456364869657164424483120622946323034740464797605797534990816459 0 0 0 0 0 0 0 0 0 0 0 0 0 0 0 0 0 0 0 0 0 0 0 0 0 0 0 0 0 0 0 0 0 0 0 0 0 0 0 0 0 0 0 0 0 0 0 0 1 0 0 0 0 0 0 0 0 0 0 0 0 0 0 0 0 0 0 0 0 0 0 0 0 0 0]
[1146157838817178139519080719151444213679051374122890574453745374672460427705290404448828012340783472623412049804109236427162962049988036518103197094494847769137875784667249725775205598002920116197744266017764492018146096263725406 0 0 0 0 0 0 0 0 0 0 0 0 0 0 0 0 0 0 0 0 0 0 0 0 0 0 0 0 0 0 0 0 0 0 0 0 0 0 0 0 0 0 0 0 0 0 0 0 0 1 0 0 0 0 0 0 0 0 0 0 0 0 0 0 0 0 0 0 0 0 0 0 0 0 0]
[237884092249439953335461661358491943680792990328367145314326161615189457479210831859613612812069060736428700317884012433236810186442847786907105334249377480467340000496707839983319298887072963639057305653553586744068621217007232 0 0 0 0 0 0 0 0 0 0 0 0 0 0 0 0 0 0 0 0 0 0 0 0 0 0 0 0 0 0 0 0 0 0 0 0 0 0 0 0 0 0 0 0 0 0 0 0 0 0 1 0 0 0 0 0 0 0 0 0 0 0 0 0 0 0 0 0 0 0 0 0 0 0 0]
[3092324233152091667633992738262998360406093234482288920765241478673765331317165825297728646259169336520297285868315838339948483058951838479835418020159880272545016578446398868295016291703268880936273735198836992576289234921587940 0 0 0 0 0 0 0 0 0 0 0 0 0 0 0 0 0 0 0 0 0 0 0 0 0 0 0 0 0 0 0 0 0 0 0 0 0 0 0 0 0 0 0 0 0 0 0 0 0 0 0 1 0 0 0 0 0 0 0 0 0 0 0 0 0 0 0 0 0 0 0 0 0 0 0]
[971149726177158944975581322726034476175958472646436724357909639971470715600187098369624892091043739333803267765991330285131487433367671137882619316339887270760358169639273521814935443925144760743280258412040977107380768323534796 0 0 0 0 0 0 0 0 0 0 0 0 0 0 0 0 0 0 0 0 0 0 0 0 0 0 0 0 0 0 0 0 0 0 0 0 0 0 0 0 0 0 0 0 0 0 0 0 0 0 0 0 1 0 0 0 0 0 0 0 0 0 0 0 0 0 0 0 0 0 0 0 0 0 0]
[2154399296240537053472594513836268794145602061597702674192047220283315900430188205908385984183417024513072756210087775815608135109935877938253420955918909553534340939731036854507089920659011308703370231071552985550933336443546646 0 0 0 0 0 0 0 0 0 0 0 0 0 0 0 0 0 0 0 0 0 0 0 0 0 0 0 0 0 0 0 0 0 0 0 0 0 0 0 0 0 0 0 0 0 0 0 0 0 0 0 0 0 1 0 0 0 0 0 0 0 0 0 0 0 0 0 0 0 0 0 0 0 0 0]
[929810946705071403202552942018402995487381422264902079216844185692516443874996561208914260315313670059241033533168498692610734790337524576970362220026695464730398604081550391572893116153098740658614247592510443269585511895241039 0 0 0 0 0 0 0 0 0 0 0 0 0 0 0 0 0 0 0 0 0 0 0 0 0 0 0 0 0 0 0 0 0 0 0 0 0 0 0 0 0 0 0 0 0 0 0 0 0 0 0 0 0 0 1 0 0 0 0 0 0 0 0 0 0 0 0 0 0 0 0 0 0 0 0]
[476872883700947943855731101241120471097464174999947950736062837591189916275005110455987439643574878369854611618592259746091906542506241963798403668821582609057104423842909922311780689703678162416550747394159190978670616305448385 0 0 0 0 0 0 0 0 0 0 0 0 0 0 0 0 0 0 0 0 0 0 0 0 0 0 0 0 0 0 0 0 0 0 0 0 0 0 0 0 0 0 0 0 0 0 0 0 0 0 0 0 0 0 0 1 0 0 0 0 0 0 0 0 0 0 0 0 0 0 0 0 0 0 0]
[595032550884391129661160393446491625806280521104058486884919090749447517698058214562040948718183991122702663363021916007128400989137546308951293103751455516112213514047050964777151436479936655555528897536378696380835649926365212 0 0 0 0 0 0 0 0 0 0 0 0 0 0 0 0 0 0 0 0 0 0 0 0 0 0 0 0 0 0 0 0 0 0 0 0 0 0 0 0 0 0 0 0 0 0 0 0 0 0 0 0 0 0 0 0 1 0 0 0 0 0 0 0 0 0 0 0 0 0 0 0 0 0 0]
[2990916735811314901468686984718648356154888069049678673992743247977985918892189254998397948990833939280103478603524662757462146979238618446506092034025090923935590541443952538891225573724747976544836574987981698503776498662174513 0 0 0 0 0 0 0 0 0 0 0 0 0 0 0 0 0 0 0 0 0 0 0 0 0 0 0 0 0 0 0 0 0 0 0 0 0 0 0 0 0 0 0 0 0 0 0 0 0 0 0 0 0 0 0 0 0 1 0 0 0 0 0 0 0 0 0 0 0 0 0 0 0 0 0]
[2814543418192333691886624464556240770545521915152300493931519395575673310490429891419973353826598118950088707300433948518410238534832455931811332339768009669560327646715107122357328376202554430257034472595537452535545315386500055 0 0 0 0 0 0 0 0 0 0 0 0 0 0 0 0 0 0 0 0 0 0 0 0 0 0 0 0 0 0 0 0 0 0 0 0 0 0 0 0 0 0 0 0 0 0 0 0 0 0 0 0 0 0 0 0 0 0 1 0 0 0 0 0 0 0 0 0 0 0 0 0 0 0 0]
[175777970867897015029317910973178109389011114004387440128529744267266254898701862458508325378607360834956037374775757398190627302713039319980609435123826465208138438380433165954606224087017758570983229798239069618003150462132696 0 0 0 0 0 0 0 0 0 0 0 0 0 0 0 0 0 0 0 0 0 0 0 0 0 0 0 0 0 0 0 0 0 0 0 0 0 0 0 0 0 0 0 0 0 0 0 0 0 0 0 0 0 0 0 0 0 0 0 1 0 0 0 0 0 0 0 0 0 0 0 0 0 0 0]
[3594225172454426222532763327552536464881522091092158898575696528623659537585054612796662347034257719123495894602026563811741577674851253643252580652466464672123347350825770998136070261555285002622415325935279652156329572469513213 0 0 0 0 0 0 0 0 0 0 0 0 0 0 0 0 0 0 0 0 0 0 0 0 0 0 0 0 0 0 0 0 0 0 0 0 0 0 0 0 0 0 0 0 0 0 0 0 0 0 0 0 0 0 0 0 0 0 0 0 1 0 0 0 0 0 0 0 0 0 0 0 0 0 0]
[1055287068935087480397398482250185774160232859820035121624216793084430966493697946187670567189598739554072844740246072718000450397811186313805241239178533241219560709465679612925153486704758517239272082937986214604740546359215175 0 0 0 0 0 0 0 0 0 0 0 0 0 0 0 0 0 0 0 0 0 0 0 0 0 0 0 0 0 0 0 0 0 0 0 0 0 0 0 0 0 0 0 0 0 0 0 0 0 0 0 0 0 0 0 0 0 0 0 0 0 1 0 0 0 0 0 0 0 0 0 0 0 0 0]
[2973042013764328477072975056998338580020732850600489882834617687077059601440607619837920459006547587687295241384687286112627386725895998648596604371551227418468072621103467925213515494319583091609905403770460010724414724532372442 0 0 0 0 0 0 0 0 0 0 0 0 0 0 0 0 0 0 0 0 0 0 0 0 0 0 0 0 0 0 0 0 0 0 0 0 0 0 0 0 0 0 0 0 0 0 0 0 0 0 0 0 0 0 0 0 0 0 0 0 0 0 1 0 0 0 0 0 0 0 0 0 0 0 0]
[36870835800243088312228995934522969497056891419473778821127004283196952840612730506872187615729436532792179404801910451333205553966719095237067202206460825439812162624250476283997483080886390100085648599812192320540909562498909 0 0 0 0 0 0 0 0 0 0 0 0 0 0 0 0 0 0 0 0 0 0 0 0 0 0 0 0 0 0 0 0 0 0 0 0 0 0 0 0 0 0 0 0 0 0 0 0 0 0 0 0 0 0 0 0 0 0 0 0 0 0 0 1 0 0 0 0 0 0 0 0 0 0 0]
[1320252694009682265616887038479543821825764858052477833205027009470504392906585507504766248531558751657818797840200763937598845883205697539269982495826365445576804625862872000339627720715989594639377172947908055998768039381385381 0 0 0 0 0 0 0 0 0 0 0 0 0 0 0 0 0 0 0 0 0 0 0 0 0 0 0 0 0 0 0 0 0 0 0 0 0 0 0 0 0 0 0 0 0 0 0 0 0 0 0 0 0 0 0 0 0 0 0 0 0 0 0 0 1 0 0 0 0 0 0 0 0 0 0]
[899931344187470460118109402718158417070561413567323787314674342524817268656046857939742714787448459419176434529325022513225349017177963470642716448332478922120902161043312839362425513034652189795927203326229563236271992168387148 0 0 0 0 0 0 0 0 0 0 0 0 0 0 0 0 0 0 0 0 0 0 0 0 0 0 0 0 0 0 0 0 0 0 0 0 0 0 0 0 0 0 0 0 0 0 0 0 0 0 0 0 0 0 0 0 0 0 0 0 0 0 0 0 0 1 0 0 0 0 0 0 0 0 0]
[1695564088980082290947322488924919095156129015417541171187086155053014288877760909545844732945307633293445140101783596977432488073233985414714394225703908368768228165397923857751190808899345164555907423299108314647603958777448511 0 0 0 0 0 0 0 0 0 0 0 0 0 0 0 0 0 0 0 0 0 0 0 0 0 0 0 0 0 0 0 0 0 0 0 0 0 0 0 0 0 0 0 0 0 0 0 0 0 0 0 0 0 0 0 0 0 0 0 0 0 0 0 0 0 0 1 0 0 0 0 0 0 0 0]
[3477874611860095610791902093178569365846377913445702025139588496156717075418022546241331986510886051166251571495877910374100569938977611972361606120190536065881254526874816546996921294699518520442409278698522509706602664477111792 0 0 0 0 0 0 0 0 0 0 0 0 0 0 0 0 0 0 0 0 0 0 0 0 0 0 0 0 0 0 0 0 0 0 0 0 0 0 0 0 0 0 0 0 0 0 0 0 0 0 0 0 0 0 0 0 0 0 0 0 0 0 0 0 0 0 0 1 0 0 0 0 0 0 0]
[538666449858319742170960178372434282487480763770860298482938724256947059111482179799374171531619441395967121136402352777002816000900200582924682127400163577660543812659567272828657034551941811501820439964035268276358511702669790 0 0 0 0 0 0 0 0 0 0 0 0 0 0 0 0 0 0 0 0 0 0 0 0 0 0 0 0 0 0 0 0 0 0 0 0 0 0 0 0 0 0 0 0 0 0 0 0 0 0 0 0 0 0 0 0 0 0 0 0 0 0 0 0 0 0 0 0 1 0 0 0 0 0 0]
[3258355140806987453875212590459717611360384884597350073532808972239725826028359177647371081612687961039177509932199270370040067613294606228009258519060781852167670081014145991214943454271692565026890146435097602534713481738989303 0 0 0 0 0 0 0 0 0 0 0 0 0 0 0 0 0 0 0 0 0 0 0 0 0 0 0 0 0 0 0 0 0 0 0 0 0 0 0 0 0 0 0 0 0 0 0 0 0 0 0 0 0 0 0 0 0 0 0 0 0 0 0 0 0 0 0 0 0 1 0 0 0 0 0]
[162950454315271604976617499549544107019613182020617514334156018881901723909523601648464925546388714811129577348172257716899966563141278536296790233914326256860794448279854161574368181685026292387859945922482304881684432383632567 0 0 0 0 0 0 0 0 0 0 0 0 0 0 0 0 0 0 0 0 0 0 0 0 0 0 0 0 0 0 0 0 0 0 0 0 0 0 0 0 0 0 0 0 0 0 0 0 0 0 0 0 0 0 0 0 0 0 0 0 0 0 0 0 0 0 0 0 0 0 1 0 0 0 0]
[2941394449406363469879239095147057118902749161176688124478330979498731170296780908112328748549460722832116077282328990935933439605239766217718479603390835116787038324553502531232825450297651663035687594297864700454904109907556681 0 0 0 0 0 0 0 0 0 0 0 0 0 0 0 0 0 0 0 0 0 0 0 0 0 0 0 0 0 0 0 0 0 0 0 0 0 0 0 0 0 0 0 0 0 0 0 0 0 0 0 0 0 0 0 0 0 0 0 0 0 0 0 0 0 0 0 0 0 0 0 1 0 0 0]
[2198731416771978902548421399014101392588555776989539303415470498114093416203982707807292114508053642710419390355576594008594998827503279708243243931105409847960236136991633284452528650881757996348970922539357421977995326260864563 0 0 0 0 0 0 0 0 0 0 0 0 0 0 0 0 0 0 0 0 0 0 0 0 0 0 0 0 0 0 0 0 0 0 0 0 0 0 0 0 0 0 0 0 0 0 0 0 0 0 0 0 0 0 0 0 0 0 0 0 0 0 0 0 0 0 0 0 0 0 0 0 1 0 0]
[4418862623719218535791582651156575639564269468131858902430880535792903741048376207250615120316419844208739577407297182290515635735281982864833801455660763528518355071509873572360405544605838562593369650880798723180533484457089178 0 0 0 0 0 0 0 0 0 0 0 0 0 0 0 0 0 0 0 0 0 0 0 0 0 0 0 0 0 0 0 0 0 0 0 0 0 0 0 0 0 0 0 0 0 0 0 0 0 0 0 0 0 0 0 0 0 0 0 0 0 0 0 0 0 0 0 0 0 0 0 0 0 1 0]
[650064208461864267884603535824967305755217755603262751213626677471336337970686953809684943026349934411521789560848477914455704735854094466123556153230997654438238303291573617969370111388137386802014820954607071606364946643236865 0 0 0 0 0 0 0 0 0 0 0 0 0 0 0 0 0 0 0 0 0 0 0 0 0 0 0 0 0 0 0 0 0 0 0 0 0 0 0 0 0 0 0 0 0 0 0 0 0 0 0 0 0 0 0 0 0 0 0 0 0 0 0 0 0 0 0 0 0 0 0 0 0 0 1]
]
