[[6388475720152924205374172077355056035647630489249794337012959315837692068253553863533882948648252677568005319264244293819817134424692475316442035414629392642519333853213612574643627612209823161622971307051736665527556766202932660304010333215500880752165430286432019695175099726771742036921617001463210888663 0 0 0 0 0 0 0 0 0 0 0 0 0 0 0 0 0 0 0 0 0 0 0 0 0 0 0 0 0 0 0 0 0 0 0 0 0 0 0 0 0 0 0 0 0 0 0 0 0 0 0 0 0 0 0 0 0 0 0 0 0 0 0 0 0 0 0 0 0 0 0 0 0 0 0 0 0 0 0 0 0 0 0 0 0 0 0 0 0 0 0 0 0 0 0 0 0 0 0 0 0]
[6332145933673415489297521726129365111499927798908108053077870267136798080974870038826870784658758173663528277932313085713288432111088575743769607722739506050338183789619665936745024379731330618232766738757590664599744576028165968663012305642471616931223572143601035123921050565734160910619198059821372143603 1 0 0 0 0 0 0 0 0 0 0 0 0 0 0 0 0 0 0 0 0 0 0 0 0 0 0 0 0 0 0 0 0 0 0 0 0 0 0 0 0 0 0 0 0 0 0 0 0 0 0 0 0 0 0 0 0 0 0 0 0 0 0 0 0 0 0 0 0 0 0 0 0 0 0 0 0 0 0 0 0 0 0 0 0 0 0 0 0 0 0 0 0 0 0 0 0 0 0 0 0]
[3296757602915216656243607138684476627379102012125335451329143161326843852842999930600841498286766534499037340425862139008653966604302886692063923920361449531964366402403255099099350847406898018708513964418926527095655880113876273941066138841167923248221087328303852860001245567184760727718069548114022122609 0 1 0 0 0 0 0 0 0 0 0 0 0 0 0 0 0 0 0 0 0 0 0 0 0 0 0 0 0 0 0 0 0 0 0 0 0 0 0 0 0 0 0 0 0 0 0 0 0 0 0 0 0 0 0 0 0 0 0 0 0 0 0 0 0 0 0 0 0 0 0 0 0 0 0 0 0 0 0 0 0 0 0 0 0 0 0 0 0 0 0 0 0 0 0 0 0 0 0 0 0]
[1724212617390072910063305239226619778413418079830909113492503106281451858535944477488344403024604892595228360455998949599606379344922562224928349948299117011092375008597927146339795378158872477844369685831413468762316560968119117536105720516302795302161138404886842946722268703120982281121341015699905598160 0 0 1 0 0 0 0 0 0 0 0 0 0 0 0 0 0 0 0 0 0 0 0 0 0 0 0 0 0 0 0 0 0 0 0 0 0 0 0 0 0 0 0 0 0 0 0 0 0 0 0 0 0 0 0 0 0 0 0 0 0 0 0 0 0 0 0 0 0 0 0 0 0 0 0 0 0 0 0 0 0 0 0 0 0 0 0 0 0 0 0 0 0 0 0 0 0 0 0 0 0]
[335233362712059163878508112796861511393920748408101992495433097320463106194947785217886503891049097647766989958719576230837263902531408316287738478090607467283323604639987205211865580794062611282234555596764157904328887529843273451225125942228188023950000581987870282845086438341042743403974864625669450289 0 0 0 1 0 0 0 0 0 0 0 0 0 0 0 0 0 0 0 0 0 0 0 0 0 0 0 0 0 0 0 0 0 0 0 0 0 0 0 0 0 0 0 0 0 0 0 0 0 0 0 0 0 0 0 0 0 0 0 0 0 0 0 0 0 0 0 0 0 0 0 0 0 0 0 0 0 0 0 0 0 0 0 0 0 0 0 0 0 0 0 0 0 0 0 0 0 0 0 0 0]
[2898325394788464991042462902244712704598798422333141645683153981176120594968311082290164979551038563151466300342802519079004081010604766799984416350622901720425909637297644276364639436802778613428469965108833498753750012073542859473392473260310180478667363285164449667519079280883723385411423038923815223882 0 0 0 0 1 0 0 0 0 0 0 0 0 0 0 0 0 0 0 0 0 0 0 0 0 0 0 0 0 0 0 0 0 0 0 0 0 0 0 0 0 0 0 0 0 0 0 0 0 0 0 0 0 0 0 0 0 0 0 0 0 0 0 0 0 0 0 0 0 0 0 0 0 0 0 0 0 0 0 0 0 0 0 0 0 0 0 0 0 0 0 0 0 0 0 0 0 0 0 0 0]
[872378565219538709974748310518921198641682809646241888077596958377795883184632680957568983713875821092610210739360759411598664484007677798910108797567893632564599544660972105862846803624546399063424205549981320811830254291304237184726655076830017106960693132646426282142660224518355772625004131851464592121 0 0 0 0 0 1 0 0 0 0 0 0 0 0 0 0 0 0 0 0 0 0 0 0 0 0 0 0 0 0 0 0 0 0 0 0 0 0 0 0 0 0 0 0 0 0 0 0 0 0 0 0 0 0 0 0 0 0 0 0 0 0 0 0 0 0 0 0 0 0 0 0 0 0 0 0 0 0 0 0 0 0 0 0 0 0 0 0 0 0 0 0 0 0 0 0 0 0 0 0 0]
[2332340232413852383066048732945505085279632125536413270186809451760912752714782944566285511743139457297414745546761199152244910191075105964115300941055908517303170952634279038253820123207812588192783067537171631383045819969869502958450938702277289309620401185926693047550750516726992041913020736253984210459 0 0 0 0 0 0 1 0 0 0 0 0 0 0 0 0 0 0 0 0 0 0 0 0 0 0 0 0 0 0 0 0 0 0 0 0 0 0 0 0 0 0 0 0 0 0 0 0 0 0 0 0 0 0 0 0 0 0 0 0 0 0 0 0 0 0 0 0 0 0 0 0 0 0 0 0 0 0 0 0 0 0 0 0 0 0 0 0 0 0 0 0 0 0 0 0 0 0 0 0 0]
[3309958186860723909891856018539118278161396353692032963444251423682881879644799495904620101152161766098853502914520302302995395516887339739072863407088258423883925935983474987049122696701258942563017109471073758436895300899642053328892065245300262823446363304686852996916583140045093762771569272858042623628 0 0 0 0 0 0 0 1 0 0 0 0 0 0 0 0 0 0 0 0 0 0 0 0 0 0 0 0 0 0 0 0 0 0 0 0 0 0 0 0 0 0 0 0 0 0 0 0 0 0 0 0 0 0 0 0 0 0 0 0 0 0 0 0 0 0 0 0 0 0 0 0 0 0 0 0 0 0 0 0 0 0 0 0 0 0 0 0 0 0 0 0 0 0 0 0 0 0 0 0 0]
[5112284972216744753533195517204852081321323005945788974472707707904953295981064594581537910908092386604093963060759948586026934450567105091780642574466776863116704989303672437174573332574664616418833232551473941711870208768051284680797948542472598972282614865865876038900655327303169353456851462836563051284 0 0 0 0 0 0 0 0 1 0 0 0 0 0 0 0 0 0 0 0 0 0 0 0 0 0 0 0 0 0 0 0 0 0 0 0 0 0 0 0 0 0 0 0 0 0 0 0 0 0 0 0 0 0 0 0 0 0 0 0 0 0 0 0 0 0 0 0 0 0 0 0 0 0 0 0 0 0 0 0 0 0 0 0 0 0 0 0 0 0 0 0 0 0 0 0 0 0 0 0 0]
[6287640291210419425166188651125739305995349837425653588467353355086391901313117340444116198519329341002442895410724494644700892109913325428749642940687488482424089003270145189869140499207337209870890103511701136831027512362820918747262094891668425783410035334690494670184575847323837457870068537943045569496 0 0 0 0 0 0 0 0 0 1 0 0 0 0 0 0 0 0 0 0 0 0 0 0 0 0 0 0 0 0 0 0 0 0 0 0 0 0 0 0 0 0 0 0 0 0 0 0 0 0 0 0 0 0 0 0 0 0 0 0 0 0 0 0 0 0 0 0 0 0 0 0 0 0 0 0 0 0 0 0 0 0 0 0 0 0 0 0 0 0 0 0 0 0 0 0 0 0 0 0 0]
[914503936373470505902349055495197746161280133773716574945281645657619562968345965703540849374817103235961046674864314134793075649852106656584122231063989696273871049866619277176378327796244216774600977898398672176943612306903239604063475956975453500112092426626121993386914321872727343694568989706657195434 0 0 0 0 0 0 0 0 0 0 1 0 0 0 0 0 0 0 0 0 0 0 0 0 0 0 0 0 0 0 0 0 0 0 0 0 0 0 0 0 0 0 0 0 0 0 0 0 0 0 0 0 0 0 0 0 0 0 0 0 0 0 0 0 0 0 0 0 0 0 0 0 0 0 0 0 0 0 0 0 0 0 0 0 0 0 0 0 0 0 0 0 0 0 0 0 0 0 0 0 0]
[4171388963751066047104251979062141044874525713755677911967999972550325315284253746397611585871504499551924780749868357914376956295151613766492213382362394861893488688353128281756356937282574614127889719324810530502159836257655036297193938770569110172300740676824822755680142990904060757551445452302194861062 0 0 0 0 0 0 0 0 0 0 0 1 0 0 0 0 0 0 0 0 0 0 0 0 0 0 0 0 0 0 0 0 0 0 0 0 0 0 0 0 0 0 0 0 0 0 0 0 0 0 0 0 0 0 0 0 0 0 0 0 0 0 0 0 0 0 0 0 0 0 0 0 0 0 0 0 0 0 0 0 0 0 0 0 0 0 0 0 0 0 0 0 0 0 0 0 0 0 0 0 0]
[2848149318278449021431305379877298718175874920673734566339147824205376844552654159780614432990059721214068887235837074438676291684904976833478105980594513247159706758568394354660315500959408995977921044635492492873535207389402910238077440146734069251971184990523191262759155785666844740826952855986183208498 0 0 0 0 0 0 0 0 0 0 0 0 1 0 0 0 0 0 0 0 0 0 0 0 0 0 0 0 0 0 0 0 0 0 0 0 0 0 0 0 0 0 0 0 0 0 0 0 0 0 0 0 0 0 0 0 0 0 0 0 0 0 0 0 0 0 0 0 0 0 0 0 0 0 0 0 0 0 0 0 0 0 0 0 0 0 0 0 0 0 0 0 0 0 0 0 0 0 0 0 0]
[2300626105517554340688465635066549529637166702210919234235779349666861425846884641963144184588081298686231452844008226420586002779763100725174988576141622093754717950113909266618667781635077097717230021643568034833731657519779806987389187351059587117481724077199730428943993087594025322035832283091427547016 0 0 0 0 0 0 0 0 0 0 0 0 0 1 0 0 0 0 0 0 0 0 0 0 0 0 0 0 0 0 0 0 0 0 0 0 0 0 0 0 0 0 0 0 0 0 0 0 0 0 0 0 0 0 0 0 0 0 0 0 0 0 0 0 0 0 0 0 0 0 0 0 0 0 0 0 0 0 0 0 0 0 0 0 0 0 0 0 0 0 0 0 0 0 0 0 0 0 0 0 0]
[1519521692646431591136899419088476628143576131609342771379899901738798972876761749292824704134511286575787071278668601682908235645894384471278988388942883416181870695890508068434050702967970540184131798573395030015624036149647831767770887317522181362731824231440005483276433991403370063453184710961568508303 0 0 0 0 0 0 0 0 0 0 0 0 0 0 1 0 0 0 0 0 0 0 0 0 0 0 0 0 0 0 0 0 0 0 0 0 0 0 0 0 0 0 0 0 0 0 0 0 0 0 0 0 0 0 0 0 0 0 0 0 0 0 0 0 0 0 0 0 0 0 0 0 0 0 0 0 0 0 0 0 0 0 0 0 0 0 0 0 0 0 0 0 0 0 0 0 0 0 0 0 0]
[511734052875872763045633582689538514148301950094504980478785680790752866578169232803964451867349997704521314017698859342883951102121687190571730587012383056790173081021770181513669636031869819067764416568049385067494222822283666718629029629638767721710942770156101984880961526484011491519823688251473178454 0 0 0 0 0 0 0 0 0 0 0 0 0 0 0 1 0 0 0 0 0 0 0 0 0 0 0 0 0 0 0 0 0 0 0 0 0 0 0 0 0 0 0 0 0 0 0 0 0 0 0 0 0 0 0 0 0 0 0 0 0 0 0 0 0 0 0 0 0 0 0 0 0 0 0 0 0 0 0 0 0 0 0 0 0 0 0 0 0 0 0 0 0 0 0 0 0 0 0 0 0]
[4587327282625624555188959173039269238341209092966164664991005917181505712783919257892666020261868370435230033891428958206215587502243820719976061684716454093175218650162767533249689531597312442007264616144569475900702135244776388591547590889683689354725759353960983647178198381266504286999210478136854912552 0 0 0 0 0 0 0 0 0 0 0 0 0 0 0 0 1 0 0 0 0 0 0 0 0 0 0 0 0 0 0 0 0 0 0 0 0 0 0 0 0 0 0 0 0 0 0 0 0 0 0 0 0 0 0 0 0 0 0 0 0 0 0 0 0 0 0 0 0 0 0 0 0 0 0 0 0 0 0 0 0 0 0 0 0 0 0 0 0 0 0 0 0 0 0 0 0 0 0 0 0]
[3744743148349323971244545775543019122522965638849880447902930501598223845749652644778478392587795708334203143154852910718238958323940375890815641618322996059462540433757760525824655446487979918833165003343101384052541214121186663179796336014869025769663737103216888910230365823639913101919684034794443982853 0 0 0 0 0 0 0 0 0 0 0 0 0 0 0 0 0 1 0 0 0 0 0 0 0 0 0 0 0 0 0 0 0 0 0 0 0 0 0 0 0 0 0 0 0 0 0 0 0 0 0 0 0 0 0 0 0 0 0 0 0 0 0 0 0 0 0 0 0 0 0 0 0 0 0 0 0 0 0 0 0 0 0 0 0 0 0 0 0 0 0 0 0 0 0 0 0 0 0 0 0]
[5489246953961711022006734665634187838406329168614185932059077202806158738717266816292729399532286096786181494557487595832444490780978093401619232546855829956214017834555481996412118745494973515699070978074441144487803919983614396770379465613405736809759286035416281080804618190063718230908784643222237326407 0 0 0 0 0 0 0 0 0 0 0 0 0 0 0 0 0 0 1 0 0 0 0 0 0 0 0 0 0 0 0 0 0 0 0 0 0 0 0 0 0 0 0 0 0 0 0 0 0 0 0 0 0 0 0 0 0 0 0 0 0 0 0 0 0 0 0 0 0 0 0 0 0 0 0 0 0 0 0 0 0 0 0 0 0 0 0 0 0 0 0 0 0 0 0 0 0 0 0 0 0]
[2296833855851232495186909610539063025206591918042849393521870326093375348905006344510623621970262544878935283666504205180521802033177797509229527304378757678915978486727188938650996387538072029666562764760133628961972625454910930135169562087639801417512207015416087660840535361726721397182421107157053944396 0 0 0 0 0 0 0 0 0 0 0 0 0 0 0 0 0 0 0 1 0 0 0 0 0 0 0 0 0 0 0 0 0 0 0 0 0 0 0 0 0 0 0 0 0 0 0 0 0 0 0 0 0 0 0 0 0 0 0 0 0 0 0 0 0 0 0 0 0 0 0 0 0 0 0 0 0 0 0 0 0 0 0 0 0 0 0 0 0 0 0 0 0 0 0 0 0 0 0 0 0]
[2790814776668048092290053036559529672674308834977877664110603407556878121636130039304411365863717623993226019480771419416535935743652240559485567993640717782601786713849999296257284368382993529962757670455537486988182836849238788834051208830777317144915563624902293360829156290394674924336329634536181061959 0 0 0 0 0 0 0 0 0 0 0 0 0 0 0 0 0 0 0 0 1 0 0 0 0 0 0 0 0 0 0 0 0 0 0 0 0 0 0 0 0 0 0 0 0 0 0 0 0 0 0 0 0 0 0 0 0 0 0 0 0 0 0 0 0 0 0 0 0 0 0 0 0 0 0 0 0 0 0 0 0 0 0 0 0 0 0 0 0 0 0 0 0 0 0 0 0 0 0 0 0]
[5102552774803091105184700852590509506906595791334661023990257934783958949998121826337386104237068510611902668260278965238990479468944213390929875850691088791193989681483633962483471085589001525843232784835853787884038086296179556737798225696859917511708067634869611703517830134876441474179894027441611213813 0 0 0 0 0 0 0 0 0 0 0 0 0 0 0 0 0 0 0 0 0 1 0 0 0 0 0 0 0 0 0 0 0 0 0 0 0 0 0 0 0 0 0 0 0 0 0 0 0 0 0 0 0 0 0 0 0 0 0 0 0 0 0 0 0 0 0 0 0 0 0 0 0 0 0 0 0 0 0 0 0 0 0 0 0 0 0 0 0 0 0 0 0 0 0 0 0 0 0 0 0]
[5518200310690949210362351980423326446315462180010037970558670921919940923985551447031743590605765016647920709897367999603898325437579788705939438915947931991590170520747997625973355317335043319149585811972603660324165304243051843032264169564668378242274630822327129757199779113886021706740493167220511801485 0 0 0 0 0 0 0 0 0 0 0 0 0 0 0 0 0 0 0 0 0 0 1 0 0 0 0 0 0 0 0 0 0 0 0 0 0 0 0 0 0 0 0 0 0 0 0 0 0 0 0 0 0 0 0 0 0 0 0 0 0 0 0 0 0 0 0 0 0 0 0 0 0 0 0 0 0 0 0 0 0 0 0 0 0 0 0 0 0 0 0 0 0 0 0 0 0 0 0 0 0]
[3320731628237160340883407114790330972707974820239617884975066745028980711248682012915782808187946933286903097031357134698786259820899169332390354240659373569742056322903018035637906243565923575133140443385266042126171122701279580593476590923403870919888284354057734204770890550789734256900733667644139015755 0 0 0 0 0 0 0 0 0 0 0 0 0 0 0 0 0 0 0 0 0 0 0 1 0 0 0 0 0 0 0 0 0 0 0 0 0 0 0 0 0 0 0 0 0 0 0 0 0 0 0 0 0 0 0 0 0 0 0 0 0 0 0 0 0 0 0 0 0 0 0 0 0 0 0 0 0 0 0 0 0 0 0 0 0 0 0 0 0 0 0 0 0 0 0 0 0 0 0 0 0]
[3545170974594985078120930261818562556717896550284663678650043091971953364778821635371472429999371511514333315838972122130089097383271191029500642460783749757771121848428651049360791261765687359783737772053235537110994086391501480256094433645130534481228917597849493704258088154448780588732471713683367290934 0 0 0 0 0 0 0 0 0 0 0 0 0 0 0 0 0 0 0 0 0 0 0 0 1 0 0 0 0 0 0 0 0 0 0 0 0 0 0 0 0 0 0 0 0 0 0 0 0 0 0 0 0 0 0 0 0 0 0 0 0 0 0 0 0 0 0 0 0 0 0 0 0 0 0 0 0 0 0 0 0 0 0 0 0 0 0 0 0 0 0 0 0 0 0 0 0 0 0 0 0]
[5584497199269997375254542767676451619779492337763214693903775740299043091446866104282839224493482079448052972455498019516391096842412655645143069501744170293839636137219068155502760608543378440631774722791038997146021491419235326358713766440013810887913797588552930534783781271344764820708665509206443335981 0 0 0 0 0 0 0 0 0 0 0 0 0 0 0 0 0 0 0 0 0 0 0 0 0 1 0 0 0 0 0 0 0 0 0 0 0 0 0 0 0 0 0 0 0 0 0 0 0 0 0 0 0 0 0 0 0 0 0 0 0 0 0 0 0 0 0 0 0 0 0 0 0 0 0 0 0 0 0 0 0 0 0 0 0 0 0 0 0 0 0 0 0 0 0 0 0 0 0 0 0]
[1781183551174275981116034082041492332825624675851872084686003692621857124924290549556955476262451238408353798292377671985715120101164262296021441273600215791459158104994511055065350875558928565908007673643260167983058612595002548378337266472931856407263694770685215757945947000569536653500208425176729787828 0 0 0 0 0 0 0 0 0 0 0 0 0 0 0 0 0 0 0 0 0 0 0 0 0 0 1 0 0 0 0 0 0 0 0 0 0 0 0 0 0 0 0 0 0 0 0 0 0 0 0 0 0 0 0 0 0 0 0 0 0 0 0 0 0 0 0 0 0 0 0 0 0 0 0 0 0 0 0 0 0 0 0 0 0 0 0 0 0 0 0 0 0 0 0 0 0 0 0 0 0]
[4223396190842534066802567401686390068526577910988702971650099721925362924129771713170373077663042480101771660398541137909009221889914726245147658319324178150788903900100062287845643720525400659954732878681705038862014109207577140968360857758449036407767422618066809311195090016015961512730646291629504065448 0 0 0 0 0 0 0 0 0 0 0 0 0 0 0 0 0 0 0 0 0 0 0 0 0 0 0 1 0 0 0 0 0 0 0 0 0 0 0 0 0 0 0 0 0 0 0 0 0 0 0 0 0 0 0 0 0 0 0 0 0 0 0 0 0 0 0 0 0 0 0 0 0 0 0 0 0 0 0 0 0 0 0 0 0 0 0 0 0 0 0 0 0 0 0 0 0 0 0 0 0]
[4589921931801996350161531257448229175186263800424844308269080010941459147630000076022425250252178278334079182076563881500990624115013749821645123368535115427523448453988069207827771302239723583142451565093984792968345150725081402525053502609091307561499558097347997236389590455051502658992366877357420331348 0 0 0 0 0 0 0 0 0 0 0 0 0 0 0 0 0 0 0 0 0 0 0 0 0 0 0 0 1 0 0 0 0 0 0 0 0 0 0 0 0 0 0 0 0 0 0 0 0 0 0 0 0 0 0 0 0 0 0 0 0 0 0 0 0 0 0 0 0 0 0 0 0 0 0 0 0 0 0 0 0 0 0 0 0 0 0 0 0 0 0 0 0 0 0 0 0 0 0 0 0]
[4984617789112230872844132076348256368567157229220624720137697296952177753618271769383119488893986036910999720183161038495147616304530452180263490390306825338845689023898767830444985291823459294401863643768589019848255363305090890116615117147340772867678663615216919769251731199291528541640640080719752711022 0 0 0 0 0 0 0 0 0 0 0 0 0 0 0 0 0 0 0 0 0 0 0 0 0 0 0 0 0 1 0 0 0 0 0 0 0 0 0 0 0 0 0 0 0 0 0 0 0 0 0 0 0 0 0 0 0 0 0 0 0 0 0 0 0 0 0 0 0 0 0 0 0 0 0 0 0 0 0 0 0 0 0 0 0 0 0 0 0 0 0 0 0 0 0 0 0 0 0 0 0]
[4391115734455653639294906205604714205213188282213872065734372322122787522607557821950691986144404398629315236187057232990039630389201736451802127475730709474473124885277415405877077950781389271303688781338084406785634348404340629329918131578074311263416211065916985019488593287816586524617156233917748326516 0 0 0 0 0 0 0 0 0 0 0 0 0 0 0 0 0 0 0 0 0 0 0 0 0 0 0 0 0 0 1 0 0 0 0 0 0 0 0 0 0 0 0 0 0 0 0 0 0 0 0 0 0 0 0 0 0 0 0 0 0 0 0 0 0 0 0 0 0 0 0 0 0 0 0 0 0 0 0 0 0 0 0 0 0 0 0 0 0 0 0 0 0 0 0 0 0 0 0 0 0]
[431047381104790966093630530213418283147808947404888890737759178347161645281972004233300347920174371236627271169823778505175442736260224113547707848650496500478490168947515073253149592311326433968493435161853916258623582849617192641469505881859821098599498107337226084392730004972769291163635793775711036827 0 0 0 0 0 0 0 0 0 0 0 0 0 0 0 0 0 0 0 0 0 0 0 0 0 0 0 0 0 0 0 1 0 0 0 0 0 0 0 0 0 0 0 0 0 0 0 0 0 0 0 0 0 0 0 0 0 0 0 0 0 0 0 0 0 0 0 0 0 0 0 0 0 0 0 0 0 0 0 0 0 0 0 0 0 0 0 0 0 0 0 0 0 0 0 0 0 0 0 0 0]
[1647228775263137360024723204230844670105609234825815123775212975300918440853627238331562246954299034517406282730482265919053180078382744441779340800936391915385767532911913232592532196930130145226842683347973806292886660326532390442083466701674524864943821504260458564333376318051005696172984209897906160970 0 0 0 0 0 0 0 0 0 0 0 0 0 0 0 0 0 0 0 0 0 0 0 0 0 0 0 0 0 0 0 0 1 0 0 0 0 0 0 0 0 0 0 0 0 0 0 0 0 0 0 0 0 0 0 0 0 0 0 0 0 0 0 0 0 0 0 0 0 0 0 0 0 0 0 0 0 0 0 0 0 0 0 0 0 0 0 0 0 0 0 0 0 0 0 0 0 0 0 0 0]
[2170183076232969531869900147722481070056205336072967629328209776864250022507052414937827874009884854127500006431213821372561697527970948664348826607654808483249289912869634874865153364588728175320108931659014554381810632824370950826175174968432930544874549155079439834974925165742942106340797716146648610683 0 0 0 0 0 0 0 0 0 0 0 0 0 0 0 0 0 0 0 0 0 0 0 0 0 0 0 0 0 0 0 0 0 1 0 0 0 0 0 0 0 0 0 0 0 0 0 0 0 0 0 0 0 0 0 0 0 0 0 0 0 0 0 0 0 0 0 0 0 0 0 0 0 0 0 0 0 0 0 0 0 0 0 0 0 0 0 0 0 0 0 0 0 0 0 0 0 0 0 0 0]
[1681267522402494068544816968368944539716796482859234481485071673813185338596840314326267258169166038062420282633949793434756060122953562938016377893789738928510918958518912705258943578823064280236354032919296499632856464219323205588808072724465959208353660867616528324447398529296644694513327803222747531255 0 0 0 0 0 0 0 0 0 0 0 0 0 0 0 0 0 0 0 0 0 0 0 0 0 0 0 0 0 0 0 0 0 0 1 0 0 0 0 0 0 0 0 0 0 0 0 0 0 0 0 0 0 0 0 0 0 0 0 0 0 0 0 0 0 0 0 0 0 0 0 0 0 0 0 0 0 0 0 0 0 0 0 0 0 0 0 0 0 0 0 0 0 0 0 0 0 0 0 0 0]
[3495339517474814062888228404035269644222829734467592781886038416840064714624788854743456504809242293362889040058189147917103660057769381263177661515860924187574270535262310301687868856651082015369026653746811799789379423113303606823063675935186919168120421372970650593200998212249102539365945246562756054114 0 0 0 0 0 0 0 0 0 0 0 0 0 0 0 0 0 0 0 0 0 0 0 0 0 0 0 0 0 0 0 0 0 0 0 1 0 0 0 0 0 0 0 0 0 0 0 0 0 0 0 0 0 0 0 0 0 0 0 0 0 0 0 0 0 0 0 0 0 0 0 0 0 0 0 0 0 0 0 0 0 0 0 0 0 0 0 0 0 0 0 0 0 0 0 0 0 0 0 0 0]
[5656511052179230651872593672889761021067719890464787589806776764888134385784488320577803329055556311751039557224937695649321728062276179096023613018777081507933061985736436546637002940487477157228217598882428078505994141315737168996729186932448676965917612798571687349528918214183251174560768465480873134925 0 0 0 0 0 0 0 0 0 0 0 0 0 0 0 0 0 0 0 0 0 0 0 0 0 0 0 0 0 0 0 0 0 0 0 0 1 0 0 0 0 0 0 0 0 0 0 0 0 0 0 0 0 0 0 0 0 0 0 0 0 0 0 0 0 0 0 0 0 0 0 0 0 0 0 0 0 0 0 0 0 0 0 0 0 0 0 0 0 0 0 0 0 0 0 0 0 0 0 0 0]
[739535467905729007264430483727796138441721101204801823502450032674479351901889915010890932307026334757265562923887783364904745687828583201072485504827432434690630341910727854710351301821568647964158809241649417078225865465673042305268046910259526874375962924491048743670663199683870670237613577526754735837 0 0 0 0 0 0 0 0 0 0 0 0 0 0 0 0 0 0 0 0 0 0 0 0 0 0 0 0 0 0 0 0 0 0 0 0 0 1 0 0 0 0 0 0 0 0 0 0 0 0 0 0 0 0 0 0 0 0 0 0 0 0 0 0 0 0 0 0 0 0 0 0 0 0 0 0 0 0 0 0 0 0 0 0 0 0 0 0 0 0 0 0 0 0 0 0 0 0 0 0 0]
[2923809390441679507488050186954840125793279904885956156849630778798981229608191091816450181496280285808913221436784332641283721795633298716716723243895461306254753782803976590112350521368748662444987218346194017799356495431804049175904900001765839916168188086273094291562192984342933860863781717034840946935 0 0 0 0 0 0 0 0 0 0 0 0 0 0 0 0 0 0 0 0 0 0 0 0 0 0 0 0 0 0 0 0 0 0 0 0 0 0 1 0 0 0 0 0 0 0 0 0 0 0 0 0 0 0 0 0 0 0 0 0 0 0 0 0 0 0 0 0 0 0 0 0 0 0 0 0 0 0 0 0 0 0 0 0 0 0 0 0 0 0 0 0 0 0 0 0 0 0 0 0 0]
[1129755041038225955026155048074909220715506167312124358563694437742560429804155650290955161143860182480365739833029841097915619089948535048086898408052629639543791542376238533661470423505577952005840622713621670955162610150252742597018809690646980632686567421436770459896799913231369914165132832835293864020 0 0 0 0 0 0 0 0 0 0 0 0 0 0 0 0 0 0 0 0 0 0 0 0 0 0 0 0 0 0 0 0 0 0 0 0 0 0 0 1 0 0 0 0 0 0 0 0 0 0 0 0 0 0 0 0 0 0 0 0 0 0 0 0 0 0 0 0 0 0 0 0 0 0 0 0 0 0 0 0 0 0 0 0 0 0 0 0 0 0 0 0 0 0 0 0 0 0 0 0 0]
[6209508034934092422088087427412262922504262928404895276114450412895031389152978451483664458687094381340438486943357288721931854595790862202930886269126105075898305040020577350979688064761429577903468375135222725442450072128992168220413693348876282615496708714927617824324192498305371019958211475089000625168 0 0 0 0 0 0 0 0 0 0 0 0 0 0 0 0 0 0 0 0 0 0 0 0 0 0 0 0 0 0 0 0 0 0 0 0 0 0 0 0 1 0 0 0 0 0 0 0 0 0 0 0 0 0 0 0 0 0 0 0 0 0 0 0 0 0 0 0 0 0 0 0 0 0 0 0 0 0 0 0 0 0 0 0 0 0 0 0 0 0 0 0 0 0 0 0 0 0 0 0 0]
[3863003637546155362104576674100054235463202051624304293725893852414361013862381777690043243167228122850053051005245604642298061585013978761387137222114775500016107800192265289204705171337211541362880370422545602046585830654517998101334905510441500867560782960802833125721139429332451438715611160713144091272 0 0 0 0 0 0 0 0 0 0 0 0 0 0 0 0 0 0 0 0 0 0 0 0 0 0 0 0 0 0 0 0 0 0 0 0 0 0 0 0 0 1 0 0 0 0 0 0 0 0 0 0 0 0 0 0 0 0 0 0 0 0 0 0 0 0 0 0 0 0 0 0 0 0 0 0 0 0 0 0 0 0 0 0 0 0 0 0 0 0 0 0 0 0 0 0 0 0 0 0 0]
[1487443727539159373860906443515492415857388513763431353793974841504144186625122147839420647218600283576040996770381250791693709737501009918024989782905676157183851169475217046913785824864779461986121946718797012361579857692946069840161057751820753924318092941929234894145579715868557243289112727021086369293 0 0 0 0 0 0 0 0 0 0 0 0 0 0 0 0 0 0 0 0 0 0 0 0 0 0 0 0 0 0 0 0 0 0 0 0 0 0 0 0 0 0 1 0 0 0 0 0 0 0 0 0 0 0 0 0 0 0 0 0 0 0 0 0 0 0 0 0 0 0 0 0 0 0 0 0 0 0 0 0 0 0 0 0 0 0 0 0 0 0 0 0 0 0 0 0 0 0 0 0 0]
[564182384728047609844368095428858480989438949044082376534553082501590628084177058439537179394603934015720157398171699734050120568242026621412608360943023586193473518581265013804908998957078454033702902940383230060571935979737722238039501779349152926402391723830583015895644493463835130715694007722428304996 0 0 0 0 0 0 0 0 0 0 0 0 0 0 0 0 0 0 0 0 0 0 0 0 0 0 0 0 0 0 0 0 0 0 0 0 0 0 0 0 0 0 0 1 0 0 0 0 0 0 0 0 0 0 0 0 0 0 0 0 0 0 0 0 0 0 0 0 0 0 0 0 0 0 0 0 0 0 0 0 0 0 0 0 0 0 0 0 0 0 0 0 0 0 0 0 0 0 0 0 0]
[862570856970570079404319574837353389835051421265150598280043154992592591812889818996863411844340115285271841731163768908191500953954860978619649878016161730302857708358407300009929977413243093648330725480223843336505195768468597723027466283213548381277561835304149190570803923455979369272010107508222467107 0 0 0 0 0 0 0 0 0 0 0 0 0 0 0 0 0 0 0 0 0 0 0 0 0 0 0 0 0 0 0 0 0 0 0 0 0 0 0 0 0 0 0 0 1 0 0 0 0 0 0 0 0 0 0 0 0 0 0 0 0 0 0 0 0 0 0 0 0 0 0 0 0 0 0 0 0 0 0 0 0 0 0 0 0 0 0 0 0 0 0 0 0 0 0 0 0 0 0 0 0]
[66414825853275398580804419175895861173343580628283729487867279978639252270836283644138674529633296979623563018952352379427935010778419898576826535781653397059017081618679700470959323633642846586610262050265699059861282677791623475558913274788845865651139575149484368525383446664020046150057755766684587532 0 0 0 0 0 0 0 0 0 0 0 0 0 0 0 0 0 0 0 0 0 0 0 0 0 0 0 0 0 0 0 0 0 0 0 0 0 0 0 0 0 0 0 0 0 1 0 0 0 0 0 0 0 0 0 0 0 0 0 0 0 0 0 0 0 0 0 0 0 0 0 0 0 0 0 0 0 0 0 0 0 0 0 0 0 0 0 0 0 0 0 0 0 0 0 0 0 0 0 0 0]
[856749193945311692358877372269599872511617644611611732823454494280163184649434501739491993609168437482855817653007270237979349168725965697461623723746809445615747921742362738736360278413776714865871156699005894762579705481183109206900398116098487830906763104682269956302919894328261373629397494050150505497 0 0 0 0 0 0 0 0 0 0 0 0 0 0 0 0 0 0 0 0 0 0 0 0 0 0 0 0 0 0 0 0 0 0 0 0 0 0 0 0 0 0 0 0 0 0 1 0 0 0 0 0 0 0 0 0 0 0 0 0 0 0 0 0 0 0 0 0 0 0 0 0 0 0 0 0 0 0 0 0 0 0 0 0 0 0 0 0 0 0 0 0 0 0 0 0 0 0 0 0 0]
[631805614118078340812787217731419512320328729119087565624664352835569397860298242321915254512912696649311634317338188121416172051526876771362314660829702617936882495047454283819336411050073579014382106193447838062001212178821833095901152788917927680229044708536226331425515273705557315265782427754693388651 0 0 0 0 0 0 0 0 0 0 0 0 0 0 0 0 0 0 0 0 0 0 0 0 0 0 0 0 0 0 0 0 0 0 0 0 0 0 0 0 0 0 0 0 0 0 0 1 0 0 0 0 0 0 0 0 0 0 0 0 0 0 0 0 0 0 0 0 0 0 0 0 0 0 0 0 0 0 0 0 0 0 0 0 0 0 0 0 0 0 0 0 0 0 0 0 0 0 0 0 0]
[3988808445064770564608038086307866792327781924225893332330534422590350496296861290596456304663188619916062964537976640772633747523577774600061112974708994771267250237888933588946266491225899809244449322467772535969551989061835456847859506212136347192466230020627569968748388751441287243124298169428355654255 0 0 0 0 0 0 0 0 0 0 0 0 0 0 0 0 0 0 0 0 0 0 0 0 0 0 0 0 0 0 0 0 0 0 0 0 0 0 0 0 0 0 0 0 0 0 0 0 1 0 0 0 0 0 0 0 0 0 0 0 0 0 0 0 0 0 0 0 0 0 0 0 0 0 0 0 0 0 0 0 0 0 0 0 0 0 0 0 0 0 0 0 0 0 0 0 0 0 0 0 0]
[2718908301526112181882296548594807019134967552662430041019582672270988965374924324109193117539362445648667038534705212383320011393437937465377515539544011972030520805468724397811654206493449470927562518830648360939190485446453530492974932106225158562850739570753243611644319141676789937069696825521276905737 0 0 0 0 0 0 0 0 0 0 0 0 0 0 0 0 0 0 0 0 0 0 0 0 0 0 0 0 0 0 0 0 0 0 0 0 0 0 0 0 0 0 0 0 0 0 0 0 0 1 0 0 0 0 0 0 0 0 0 0 0 0 0 0 0 0 0 0 0 0 0 0 0 0 0 0 0 0 0 0 0 0 0 0 0 0 0 0 0 0 0 0 0 0 0 0 0 0 0 0 0]
[3904229840418372421321900108949298709800385328183387960562724050167274476223849599381566811116698199814758488212078100074536167614975968463935418437213194316981009962409130535657730772408092759199105281516781411838857981517568609806633913030216962037301478935664391615765079745720018568739277547367426929104 0 0 0 0 0 0 0 0 0 0 0 0 0 0 0 0 0 0 0 0 0 0 0 0 0 0 0 0 0 0 0 0 0 0 0 0 0 0 0 0 0 0 0 0 0 0 0 0 0 0 1 0 0 0 0 0 0 0 0 0 0 0 0 0 0 0 0 0 0 0 0 0 0 0 0 0 0 0 0 0 0 0 0 0 0 0 0 0 0 0 0 0 0 0 0 0 0 0 0 0 0]
[2663500006418096093433786590263424676467082823701437459815603942089745824179427749801217332221777091531543167778470889639057276407336874749772399459572209864711569988616943518992050399982175237247042028775476638414117626089958086158241546782440593517549277074928731861667860356915308729975940650236867797001 0 0 0 0 0 0 0 0 0 0 0 0 0 0 0 0 0 0 0 0 0 0 0 0 0 0 0 0 0 0 0 0 0 0 0 0 0 0 0 0 0 0 0 0 0 0 0 0 0 0 0 1 0 0 0 0 0 0 0 0 0 0 0 0 0 0 0 0 0 0 0 0 0 0 0 0 0 0 0 0 0 0 0 0 0 0 0 0 0 0 0 0 0 0 0 0 0 0 0 0 0]
[6198549767237741625197757081235558157589024504599706192841371897379649395285132437009828582546811742377097708881670793469147200499405621770480287048735604165128139251636432138861281155210940351646229582255494032983989191900241657574347133142748781942718751939121238081108415045276968336401635445066577748937 0 0 0 0 0 0 0 0 0 0 0 0 0 0 0 0 0 0 0 0 0 0 0 0 0 0 0 0 0 0 0 0 0 0 0 0 0 0 0 0 0 0 0 0 0 0 0 0 0 0 0 0 1 0 0 0 0 0 0 0 0 0 0 0 0 0 0 0 0 0 0 0 0 0 0 0 0 0 0 0 0 0 0 0 0 0 0 0 0 0 0 0 0 0 0 0 0 0 0 0 0]
[2336478837311459688726212059423960973497854720654348367372417145554307312102302884153212900389135584700613738532657101317273378265911806617801128625695462216811117618914128448305966001335320473694487368341311537652421937494991178758856621719010488764819824930484569161885301093109607112818520496140761247526 0 0 0 0 0 0 0 0 0 0 0 0 0 0 0 0 0 0 0 0 0 0 0 0 0 0 0 0 0 0 0 0 0 0 0 0 0 0 0 0 0 0 0 0 0 0 0 0 0 0 0 0 0 1 0 0 0 0 0 0 0 0 0 0 0 0 0 0 0 0 0 0 0 0 0 0 0 0 0 0 0 0 0 0 0 0 0 0 0 0 0 0 0 0 0 0 0 0 0 0 0]
[4981097989188490862877539582970325371664621787883869295687682863136791341453879752818133127571080778326672550884489351507744480807825121042715182431667950375027948557471988616444994369052879808669653154265931850695586945599411418313074603355582282441610141740719766980098883164190804402981523518886501577294 0 0 0 0 0 0 0 0 0 0 0 0 0 0 0 0 0 0 0 0 0 0 0 0 0 0 0 0 0 0 0 0 0 0 0 0 0 0 0 0 0 0 0 0 0 0 0 0 0 0 0 0 0 0 1 0 0 0 0 0 0 0 0 0 0 0 0 0 0 0 0 0 0 0 0 0 0 0 0 0 0 0 0 0 0 0 0 0 0 0 0 0 0 0 0 0 0 0 0 0 0]
[3307883099855046512715131636410914841193885788213499040331194330962775699963304269808332403457191050798663733119963179072751711666181537109191812609783487481888340622319269717362899496856958388478204503830847498991495707899724962052872662115601503640740714977518995894531241201213852761916273054288595944202 0 0 0 0 0 0 0 0 0 0 0 0 0 0 0 0 0 0 0 0 0 0 0 0 0 0 0 0 0 0 0 0 0 0 0 0 0 0 0 0 0 0 0 0 0 0 0 0 0 0 0 0 0 0 0 1 0 0 0 0 0 0 0 0 0 0 0 0 0 0 0 0 0 0 0 0 0 0 0 0 0 0 0 0 0 0 0 0 0 0 0 0 0 0 0 0 0 0 0 0 0]
[1510395227318539554332273530027986167764783432796455624558710950046519464527723634190626687981911347147034706612544263404864724218365989067007303045707463063063083384381006909362861289925181854724439562413611417764020708433667975883446427083528606890079603807921920073961632804001263621070141864300048344377 0 0 0 0 0 0 0 0 0 0 0 0 0 0 0 0 0 0 0 0 0 0 0 0 0 0 0 0 0 0 0 0 0 0 0 0 0 0 0 0 0 0 0 0 0 0 0 0 0 0 0 0 0 0 0 0 1 0 0 0 0 0 0 0 0 0 0 0 0 0 0 0 0 0 0 0 0 0 0 0 0 0 0 0 0 0 0 0 0 0 0 0 0 0 0 0 0 0 0 0 0]
[5200115220007036260773406842458727780772450383441004414553241707842252645336200268485798595739238282350677594471970113603366050248601943289180649680095822037658714587767334410359057630089835181379842754882084840609580086218535971230985104466925009375453356942858895075348999284447115109267712263382826399674 0 0 0 0 0 0 0 0 0 0 0 0 0 0 0 0 0 0 0 0 0 0 0 0 0 0 0 0 0 0 0 0 0 0 0 0 0 0 0 0 0 0 0 0 0 0 0 0 0 0 0 0 0 0 0 0 0 1 0 0 0 0 0 0 0 0 0 0 0 0 0 0 0 0 0 0 0 0 0 0 0 0 0 0 0 0 0 0 0 0 0 0 0 0 0 0 0 0 0 0 0]
[5628389840138396847223813521099811518700107841062273695815638151146896209884556766620063875544584431224379693020642747341348593693706459564982473838931775084211762518425093579952226871463598235195680460821365267525983833358711699757552748144277712982107982263562484407739012678258343729880260009780141923766 0 0 0 0 0 0 0 0 0 0 0 0 0 0 0 0 0 0 0 0 0 0 0 0 0 0 0 0 0 0 0 0 0 0 0 0 0 0 0 0 0 0 0 0 0 0 0 0 0 0 0 0 0 0 0 0 0 0 1 0 0 0 0 0 0 0 0 0 0 0 0 0 0 0 0 0 0 0 0 0 0 0 0 0 0 0 0 0 0 0 0 0 0 0 0 0 0 0 0 0 0]
[3418719088815683964765895485694007676629289770348311599507840454839947514641800213878326859906554863604624978797122388837267461452229997229343963192243796236246039637369314042042728621373873837961088785570572845808867828059558999962103109591037285385988663968219411675685226834060664034689042890569570369105 0 0 0 0 0 0 0 0 0 0 0 0 0 0 0 0 0 0 0 0 0 0 0 0 0 0 0 0 0 0 0 0 0 0 0 0 0 0 0 0 0 0 0 0 0 0 0 0 0 0 0 0 0 0 0 0 0 0 0 1 0 0 0 0 0 0 0 0 0 0 0 0 0 0 0 0 0 0 0 0 0 0 0 0 0 0 0 0 0 0 0 0 0 0 0 0 0 0 0 0 0]
[142362966231018054873595967365175244553576985360327374111013773938152179317781059749893691364528348797664531080026827261664330820504804301127988485009215380245111740458533324038361719841487224241701391667378454393016812667366945840494022244758342010087022345239719253854068174051566869799224863860268512070 0 0 0 0 0 0 0 0 0 0 0 0 0 0 0 0 0 0 0 0 0 0 0 0 0 0 0 0 0 0 0 0 0 0 0 0 0 0 0 0 0 0 0 0 0 0 0 0 0 0 0 0 0 0 0 0 0 0 0 0 1 0 0 0 0 0 0 0 0 0 0 0 0 0 0 0 0 0 0 0 0 0 0 0 0 0 0 0 0 0 0 0 0 0 0 0 0 0 0 0 0]
[2192222339546632453477538393642123693974005415587725387876422328598370970203898750466440769309098861960272555711649132522585857122772813538195637412743486944231003881762742317867467526403387064324751384576874303488974003265087210038622880761319685073824546883222772263605439514245896078060135257345647470795 0 0 0 0 0 0 0 0 0 0 0 0 0 0 0 0 0 0 0 0 0 0 0 0 0 0 0 0 0 0 0 0 0 0 0 0 0 0 0 0 0 0 0 0 0 0 0 0 0 0 0 0 0 0 0 0 0 0 0 0 0 1 0 0 0 0 0 0 0 0 0 0 0 0 0 0 0 0 0 0 0 0 0 0 0 0 0 0 0 0 0 0 0 0 0 0 0 0 0 0 0]
[3836720950290071164165235637443595762081782572413703800059542722163450563964813611478059319644630119270001449959657796056246137632629846873022291227781806110379216366761670384720486108128963951268113230789176899138732739388703607430160832000601535570908204767828463808826425563215068743738337884783208123395 0 0 0 0 0 0 0 0 0 0 0 0 0 0 0 0 0 0 0 0 0 0 0 0 0 0 0 0 0 0 0 0 0 0 0 0 0 0 0 0 0 0 0 0 0 0 0 0 0 0 0 0 0 0 0 0 0 0 0 0 0 0 1 0 0 0 0 0 0 0 0 0 0 0 0 0 0 0 0 0 0 0 0 0 0 0 0 0 0 0 0 0 0 0 0 0 0 0 0 0 0]
[659121570884635546599621889548617174908767084047278237757826938628488121765048225755735985160685832021198988460694085220940080713564390505286567025344811009658885770863899075419054388574911808029778198734872562222687734946102067357138122545495382416593736824123313394072125263654607271395759161519128506547 0 0 0 0 0 0 0 0 0 0 0 0 0 0 0 0 0 0 0 0 0 0 0 0 0 0 0 0 0 0 0 0 0 0 0 0 0 0 0 0 0 0 0 0 0 0 0 0 0 0 0 0 0 0 0 0 0 0 0 0 0 0 0 1 0 0 0 0 0 0 0 0 0 0 0 0 0 0 0 0 0 0 0 0 0 0 0 0 0 0 0 0 0 0 0 0 0 0 0 0 0]
[1018948721507718136312021199590586349163939454086405129078479332684152022535403426130193708662119458475969243943720959200789368482657233122966780099195353667411208757420371181946947559374632226581357709370749453629804044194584210772551246620467484097000763998126234747056534885675331140758408524625849137527 0 0 0 0 0 0 0 0 0 0 0 0 0 0 0 0 0 0 0 0 0 0 0 0 0 0 0 0 0 0 0 0 0 0 0 0 0 0 0 0 0 0 0 0 0 0 0 0 0 0 0 0 0 0 0 0 0 0 0 0 0 0 0 0 1 0 0 0 0 0 0 0 0 0 0 0 0 0 0 0 0 0 0 0 0 0 0 0 0 0 0 0 0 0 0 0 0 0 0 0 0]
[3834970252418665773990718183347871747253520423923412257932320593392018284453893160527444002739619909002802346454677000352975697842718911361149893650109399161067790888279971693747520564217720477459594192259562523699104315676953586997515572214987921516580264916194167673410044986569003983504649001426461555162 0 0 0 0 0 0 0 0 0 0 0 0 0 0 0 0 0 0 0 0 0 0 0 0 0 0 0 0 0 0 0 0 0 0 0 0 0 0 0 0 0 0 0 0 0 0 0 0 0 0 0 0 0 0 0 0 0 0 0 0 0 0 0 0 0 1 0 0 0 0 0 0 0 0 0 0 0 0 0 0 0 0 0 0 0 0 0 0 0 0 0 0 0 0 0 0 0 0 0 0 0]
[3853306710482792731073731321982699045543681670586593217855881611449498098159443762230956795917413236880185619365655655703103695494998825923819058868261031691893252929418225670832250836010828088865774385310675832803633798121560405646922060090807168138004138841161589920154901641624723796877418903207023228367 0 0 0 0 0 0 0 0 0 0 0 0 0 0 0 0 0 0 0 0 0 0 0 0 0 0 0 0 0 0 0 0 0 0 0 0 0 0 0 0 0 0 0 0 0 0 0 0 0 0 0 0 0 0 0 0 0 0 0 0 0 0 0 0 0 0 1 0 0 0 0 0 0 0 0 0 0 0 0 0 0 0 0 0 0 0 0 0 0 0 0 0 0 0 0 0 0 0 0 0 0]
[4036081356889638945105218311507932931713329329123010134174264468107026954113065945138923761073513044684652132535878262736613829856333772805046947336522938849100385142927015503195075438411627966808925914595308135528978889961569896654635467849493828307979946286713909155166258199487346363540781326174537195557 0 0 0 0 0 0 0 0 0 0 0 0 0 0 0 0 0 0 0 0 0 0 0 0 0 0 0 0 0 0 0 0 0 0 0 0 0 0 0 0 0 0 0 0 0 0 0 0 0 0 0 0 0 0 0 0 0 0 0 0 0 0 0 0 0 0 0 1 0 0 0 0 0 0 0 0 0 0 0 0 0 0 0 0 0 0 0 0 0 0 0 0 0 0 0 0 0 0 0 0 0]
[5342097528964380379681674271572162806141806035645436583523237715811176828932519071751428084264605906908475361524836795080897162004573687240385811516074479784294860207239165546501609678762398128994595890373892121509826440246238074972868728712408008416704226707372218370934287897597589506120801232159655541269 0 0 0 0 0 0 0 0 0 0 0 0 0 0 0 0 0 0 0 0 0 0 0 0 0 0 0 0 0 0 0 0 0 0 0 0 0 0 0 0 0 0 0 0 0 0 0 0 0 0 0 0 0 0 0 0 0 0 0 0 0 0 0 0 0 0 0 0 1 0 0 0 0 0 0 0 0 0 0 0 0 0 0 0 0 0 0 0 0 0 0 0 0 0 0 0 0 0 0 0 0]
[3797519554541904075154241765557104889842503779636905492243202268935358769009029931030970477748868659162835246934525718063346539647811890822134387456237102974542432696212795359676286093289975594303476654714949730522047011115878795976925989560903947145500663466385742717880640745022528652839160750836907549232 0 0 0 0 0 0 0 0 0 0 0 0 0 0 0 0 0 0 0 0 0 0 0 0 0 0 0 0 0 0 0 0 0 0 0 0 0 0 0 0 0 0 0 0 0 0 0 0 0 0 0 0 0 0 0 0 0 0 0 0 0 0 0 0 0 0 0 0 0 1 0 0 0 0 0 0 0 0 0 0 0 0 0 0 0 0 0 0 0 0 0 0 0 0 0 0 0 0 0 0 0]
[141592285793477194581985049436133551807270584244081010945479829105335400929605345758582928040456297627213983450874358773400676326337700772243335280851307509113691715327403858633891906271717357211034599225098483875335244195113059370294688697545318951303067442301875815151379362230151358042217912791358200460 0 0 0 0 0 0 0 0 0 0 0 0 0 0 0 0 0 0 0 0 0 0 0 0 0 0 0 0 0 0 0 0 0 0 0 0 0 0 0 0 0 0 0 0 0 0 0 0 0 0 0 0 0 0 0 0 0 0 0 0 0 0 0 0 0 0 0 0 0 0 1 0 0 0 0 0 0 0 0 0 0 0 0 0 0 0 0 0 0 0 0 0 0 0 0 0 0 0 0 0 0]
[871193123169967298735105218390889297347120638955857299013925612496268036885890900061637546771965871975361502743980239351961517794179582370459599682991201927711144850635293772159727814766899312944378195142825175151023391075478807358064847340927180468377886113852350134102717266987289690786020863876212960454 0 0 0 0 0 0 0 0 0 0 0 0 0 0 0 0 0 0 0 0 0 0 0 0 0 0 0 0 0 0 0 0 0 0 0 0 0 0 0 0 0 0 0 0 0 0 0 0 0 0 0 0 0 0 0 0 0 0 0 0 0 0 0 0 0 0 0 0 0 0 0 1 0 0 0 0 0 0 0 0 0 0 0 0 0 0 0 0 0 0 0 0 0 0 0 0 0 0 0 0 0]
[996565667077167639113020926004807383156952024979913089876395929320107760702551414164773974419493553418021366162723728984714826117144373766016957513831487142503758412331311978089716495523591595473204561799075003797097836543898133829315303824496451975158978386924592076120799427786617620900809228295189397104 0 0 0 0 0 0 0 0 0 0 0 0 0 0 0 0 0 0 0 0 0 0 0 0 0 0 0 0 0 0 0 0 0 0 0 0 0 0 0 0 0 0 0 0 0 0 0 0 0 0 0 0 0 0 0 0 0 0 0 0 0 0 0 0 0 0 0 0 0 0 0 0 1 0 0 0 0 0 0 0 0 0 0 0 0 0 0 0 0 0 0 0 0 0 0 0 0 0 0 0 0]
[2792469285104474081531243192198310588002884740687091526108025875121864752424473958553364388146344375714717842065416871558926665043386861440548201447577819935630586216567970471148230843187661400196815772623089097770516428170367877498842989791451808482756221431195879070071154454646591592893894135524453084079 0 0 0 0 0 0 0 0 0 0 0 0 0 0 0 0 0 0 0 0 0 0 0 0 0 0 0 0 0 0 0 0 0 0 0 0 0 0 0 0 0 0 0 0 0 0 0 0 0 0 0 0 0 0 0 0 0 0 0 0 0 0 0 0 0 0 0 0 0 0 0 0 0 1 0 0 0 0 0 0 0 0 0 0 0 0 0 0 0 0 0 0 0 0 0 0 0 0 0 0 0]
[5628261054389153232485849594829737182706597846615419398245164860595286638787478106426249535621645002154155717998427697808398099386176514954859849051445766353298911568231692970850772188180377027535323762940489095357222829876998510833165379880834964417780577650371761936502501208343848215203997356731040603816 0 0 0 0 0 0 0 0 0 0 0 0 0 0 0 0 0 0 0 0 0 0 0 0 0 0 0 0 0 0 0 0 0 0 0 0 0 0 0 0 0 0 0 0 0 0 0 0 0 0 0 0 0 0 0 0 0 0 0 0 0 0 0 0 0 0 0 0 0 0 0 0 0 0 1 0 0 0 0 0 0 0 0 0 0 0 0 0 0 0 0 0 0 0 0 0 0 0 0 0 0]
[5890051758548176391198734702903867692453982437479247672697477623663258892589506055927092275054967714426236960134456041373598754852346613306414495431352066827551252709744975551031762151993532939260376634860129017815505699748944505428734698890328376155249752647980639191873124677168581142988748727614258025686 0 0 0 0 0 0 0 0 0 0 0 0 0 0 0 0 0 0 0 0 0 0 0 0 0 0 0 0 0 0 0 0 0 0 0 0 0 0 0 0 0 0 0 0 0 0 0 0 0 0 0 0 0 0 0 0 0 0 0 0 0 0 0 0 0 0 0 0 0 0 0 0 0 0 0 1 0 0 0 0 0 0 0 0 0 0 0 0 0 0 0 0 0 0 0 0 0 0 0 0 0]
[2736461908837432413673071771409004039222077284399337136068272426232879282639398042239656937603915812293745402519456844037423082195073027635759675961622749675695059291102119306261863296782072235949625396154465297819866325325673810873903210516989960679028091007615430868507249718641465440460883628317782707835 0 0 0 0 0 0 0 0 0 0 0 0 0 0 0 0 0 0 0 0 0 0 0 0 0 0 0 0 0 0 0 0 0 0 0 0 0 0 0 0 0 0 0 0 0 0 0 0 0 0 0 0 0 0 0 0 0 0 0 0 0 0 0 0 0 0 0 0 0 0 0 0 0 0 0 0 1 0 0 0 0 0 0 0 0 0 0 0 0 0 0 0 0 0 0 0 0 0 0 0 0]
[5395345596860601184156885936095811111080073449013873773226916675986441052385198091029068015595326850701895127373906494522207311070989656887765756272675193134043954798873393124741373108467340679857204138323751633659311435998855319921979646792808442219332866351819836425592077886038463132020165789438823117449 0 0 0 0 0 0 0 0 0 0 0 0 0 0 0 0 0 0 0 0 0 0 0 0 0 0 0 0 0 0 0 0 0 0 0 0 0 0 0 0 0 0 0 0 0 0 0 0 0 0 0 0 0 0 0 0 0 0 0 0 0 0 0 0 0 0 0 0 0 0 0 0 0 0 0 0 0 1 0 0 0 0 0 0 0 0 0 0 0 0 0 0 0 0 0 0 0 0 0 0 0]
[759047171795371477258227961586139882335645413362401603618488892534297030426048129794567484379281410530482411433769729109225013660437797444469907079063153482954331133031310168693763688446784677686496400878523212582404608814193532936162426874224350231335264376840836380425174132478536128821544108694266036928 0 0 0 0 0 0 0 0 0 0 0 0 0 0 0 0 0 0 0 0 0 0 0 0 0 0 0 0 0 0 0 0 0 0 0 0 0 0 0 0 0 0 0 0 0 0 0 0 0 0 0 0 0 0 0 0 0 0 0 0 0 0 0 0 0 0 0 0 0 0 0 0 0 0 0 0 0 0 1 0 0 0 0 0 0 0 0 0 0 0 0 0 0 0 0 0 0 0 0 0 0]
[5606806501864841663946552398592568866223566872403573854935945336768598622421216150479582440269392775088446027412370385170934742566051510660082738935114047489604751147933311060244840356786113729698689329313571980852095789022951931202955272441680013398640267192865825465718148763849329648939936601612838474649 0 0 0 0 0 0 0 0 0 0 0 0 0 0 0 0 0 0 0 0 0 0 0 0 0 0 0 0 0 0 0 0 0 0 0 0 0 0 0 0 0 0 0 0 0 0 0 0 0 0 0 0 0 0 0 0 0 0 0 0 0 0 0 0 0 0 0 0 0 0 0 0 0 0 0 0 0 0 0 1 0 0 0 0 0 0 0 0 0 0 0 0 0 0 0 0 0 0 0 0 0]
[4797361624993096407724323906185779040577890936270987948777304835544544554358020724719634612000429058919749365709353686914061184419589214077015193432733381806117362880640848175354933492879196362113642320366902230412235898720357700054685733561341728734623842320200754893071604144671754599009448211372411147606 0 0 0 0 0 0 0 0 0 0 0 0 0 0 0 0 0 0 0 0 0 0 0 0 0 0 0 0 0 0 0 0 0 0 0 0 0 0 0 0 0 0 0 0 0 0 0 0 0 0 0 0 0 0 0 0 0 0 0 0 0 0 0 0 0 0 0 0 0 0 0 0 0 0 0 0 0 0 0 0 1 0 0 0 0 0 0 0 0 0 0 0 0 0 0 0 0 0 0 0 0]
[3224207238039685046816360148186522692983580186054922701256209602208442250711009535519211149575367660927673954571769887977253620644848617146466619037503174026727679183622271065983360907695203539923944926108867793967118784026713936763218131916345818001548502665192118033448040066203545837190421375843795320890 0 0 0 0 0 0 0 0 0 0 0 0 0 0 0 0 0 0 0 0 0 0 0 0 0 0 0 0 0 0 0 0 0 0 0 0 0 0 0 0 0 0 0 0 0 0 0 0 0 0 0 0 0 0 0 0 0 0 0 0 0 0 0 0 0 0 0 0 0 0 0 0 0 0 0 0 0 0 0 0 0 1 0 0 0 0 0 0 0 0 0 0 0 0 0 0 0 0 0 0 0]
[2138716468253471257835366967077227854848033206496176227033091562795303676489231208430907187066765517799206588235101111346697770866560872469004735901329488285442186883810364810133243504948825964015147771868416913991941159982166824026354063219801887469925012321132896901043851353603705578598521600548474647397 0 0 0 0 0 0 0 0 0 0 0 0 0 0 0 0 0 0 0 0 0 0 0 0 0 0 0 0 0 0 0 0 0 0 0 0 0 0 0 0 0 0 0 0 0 0 0 0 0 0 0 0 0 0 0 0 0 0 0 0 0 0 0 0 0 0 0 0 0 0 0 0 0 0 0 0 0 0 0 0 0 0 1 0 0 0 0 0 0 0 0 0 0 0 0 0 0 0 0 0 0]
[5266766220104391990413223924798167889252394581589201927769479522023699096785074116151501950940676551937099120578031429739280040079364653382511187713343983748742809033160343969694591902321856326088611830073064332945254707012734791276047489565029387430553222423963863967995881802682268907643979338204404161615 0 0 0 0 0 0 0 0 0 0 0 0 0 0 0 0 0 0 0 0 0 0 0 0 0 0 0 0 0 0 0 0 0 0 0 0 0 0 0 0 0 0 0 0 0 0 0 0 0 0 0 0 0 0 0 0 0 0 0 0 0 0 0 0 0 0 0 0 0 0 0 0 0 0 0 0 0 0 0 0 0 0 0 1 0 0 0 0 0 0 0 0 0 0 0 0 0 0 0 0 0]
[322493876594668538921978754454846859459044656959141405349994067314944473236071574153026391550448516335312596368912146679045734556783799853612687615954444637650685216447319540664649126707322516137493406285207222311987845254832561760499951359975887629423023770878268406804422725825119278450125834985972936252 0 0 0 0 0 0 0 0 0 0 0 0 0 0 0 0 0 0 0 0 0 0 0 0 0 0 0 0 0 0 0 0 0 0 0 0 0 0 0 0 0 0 0 0 0 0 0 0 0 0 0 0 0 0 0 0 0 0 0 0 0 0 0 0 0 0 0 0 0 0 0 0 0 0 0 0 0 0 0 0 0 0 0 0 1 0 0 0 0 0 0 0 0 0 0 0 0 0 0 0 0]
[5723865179136393268065423924587708443444921103840559170779277173727098987538109007276089547782822763808399386474947128553943379955157913107255927848958930463616893324209969743990359270419544750205091400122047283427190486749041708514454758147404381451433475885619491160978015773286098342756195010732585197385 0 0 0 0 0 0 0 0 0 0 0 0 0 0 0 0 0 0 0 0 0 0 0 0 0 0 0 0 0 0 0 0 0 0 0 0 0 0 0 0 0 0 0 0 0 0 0 0 0 0 0 0 0 0 0 0 0 0 0 0 0 0 0 0 0 0 0 0 0 0 0 0 0 0 0 0 0 0 0 0 0 0 0 0 0 1 0 0 0 0 0 0 0 0 0 0 0 0 0 0 0]
[1494007489963315471359192458480292436490036042293320142393080361695050308419104848789610929892094726326594192875651187878596570319967019650262252993127719493068644968093738097206153080903094798195801161285535521454782494569541726224335119398800763273419185680653753864225935973434529331912910940885260870533 0 0 0 0 0 0 0 0 0 0 0 0 0 0 0 0 0 0 0 0 0 0 0 0 0 0 0 0 0 0 0 0 0 0 0 0 0 0 0 0 0 0 0 0 0 0 0 0 0 0 0 0 0 0 0 0 0 0 0 0 0 0 0 0 0 0 0 0 0 0 0 0 0 0 0 0 0 0 0 0 0 0 0 0 0 0 1 0 0 0 0 0 0 0 0 0 0 0 0 0 0]
[5039086063923638224061265711496249714784555244426166587002246033694170699871856997665807953264090239075051214114416021212305900013872391612239027503506745072407650028985654871109365926255050073753648260797680415777689730586617323599843454469128916885952629335942282438755133051894912638114025699488132044313 0 0 0 0 0 0 0 0 0 0 0 0 0 0 0 0 0 0 0 0 0 0 0 0 0 0 0 0 0 0 0 0 0 0 0 0 0 0 0 0 0 0 0 0 0 0 0 0 0 0 0 0 0 0 0 0 0 0 0 0 0 0 0 0 0 0 0 0 0 0 0 0 0 0 0 0 0 0 0 0 0 0 0 0 0 0 0 1 0 0 0 0 0 0 0 0 0 0 0 0 0]
[3213314951368846581562689099960376327783599285553565990131145721457223222562702285382508812574495709422660934428838881155002672931516696011543714552987487158255589646669097552824094038627672584056242365214209004348645126572415649954209541073171717245361303287760022948679785103215653423460020534753138962232 0 0 0 0 0 0 0 0 0 0 0 0 0 0 0 0 0 0 0 0 0 0 0 0 0 0 0 0 0 0 0 0 0 0 0 0 0 0 0 0 0 0 0 0 0 0 0 0 0 0 0 0 0 0 0 0 0 0 0 0 0 0 0 0 0 0 0 0 0 0 0 0 0 0 0 0 0 0 0 0 0 0 0 0 0 0 0 0 1 0 0 0 0 0 0 0 0 0 0 0 0]
[2223305115048622210779669921182199779747711045499128535719800664100375410083914580218787233890906724292570051630626012748279745109448589895952578682569041773332598764171139851381636834703193604175150262115998647577135219445355454258815267313137644226615920663226605988651523513733352530657056803899461518829 0 0 0 0 0 0 0 0 0 0 0 0 0 0 0 0 0 0 0 0 0 0 0 0 0 0 0 0 0 0 0 0 0 0 0 0 0 0 0 0 0 0 0 0 0 0 0 0 0 0 0 0 0 0 0 0 0 0 0 0 0 0 0 0 0 0 0 0 0 0 0 0 0 0 0 0 0 0 0 0 0 0 0 0 0 0 0 0 0 1 0 0 0 0 0 0 0 0 0 0 0]
[2814580464533691426771748462380815954423717870005557752521974973305197458843122988284344138714287385678459259809895521297623452429943405453471672720979998493778363013138718262814185105638386896847392815591423443258506355024581093726194397241602331134543086316083654495528379958974477576667888551023162875552 0 0 0 0 0 0 0 0 0 0 0 0 0 0 0 0 0 0 0 0 0 0 0 0 0 0 0 0 0 0 0 0 0 0 0 0 0 0 0 0 0 0 0 0 0 0 0 0 0 0 0 0 0 0 0 0 0 0 0 0 0 0 0 0 0 0 0 0 0 0 0 0 0 0 0 0 0 0 0 0 0 0 0 0 0 0 0 0 0 0 1 0 0 0 0 0 0 0 0 0 0]
[5228557651161507135922537755406708805857178234622944239942430047767760839886921969083796949838787361804776460890823514080803864368582278329492629246456506781856865283124976942588089363943705627684531060666198625698572541981385478330262002455344824367812093258586140680634462069924155662044916874932622748711 0 0 0 0 0 0 0 0 0 0 0 0 0 0 0 0 0 0 0 0 0 0 0 0 0 0 0 0 0 0 0 0 0 0 0 0 0 0 0 0 0 0 0 0 0 0 0 0 0 0 0 0 0 0 0 0 0 0 0 0 0 0 0 0 0 0 0 0 0 0 0 0 0 0 0 0 0 0 0 0 0 0 0 0 0 0 0 0 0 0 0 1 0 0 0 0 0 0 0 0 0]
[540750822553830168880995407632831826184880607980924626862148363357661943368300792688983646114614864599924494083794710598063566443757929389531591525327094028845449278775717831308287925544732784556815778485490820670725017621250565423970271203411071667797239889997873920864308735229924976206447696021906388591 0 0 0 0 0 0 0 0 0 0 0 0 0 0 0 0 0 0 0 0 0 0 0 0 0 0 0 0 0 0 0 0 0 0 0 0 0 0 0 0 0 0 0 0 0 0 0 0 0 0 0 0 0 0 0 0 0 0 0 0 0 0 0 0 0 0 0 0 0 0 0 0 0 0 0 0 0 0 0 0 0 0 0 0 0 0 0 0 0 0 0 0 1 0 0 0 0 0 0 0 0]
[4675665629369603066947385742574721007078343463569930843976024857606081380285989917475174686263726025759390178655083545790120404671353394316877663228917028215979355993812302124795617796602915169235721932512158833235546833788125053252640101377901799446537366909521580028705773927162237104435754469400038991094 0 0 0 0 0 0 0 0 0 0 0 0 0 0 0 0 0 0 0 0 0 0 0 0 0 0 0 0 0 0 0 0 0 0 0 0 0 0 0 0 0 0 0 0 0 0 0 0 0 0 0 0 0 0 0 0 0 0 0 0 0 0 0 0 0 0 0 0 0 0 0 0 0 0 0 0 0 0 0 0 0 0 0 0 0 0 0 0 0 0 0 0 0 1 0 0 0 0 0 0 0]
[1027819543658552220840274697290766891291349896524046404783228558380303871796112809777479091975564158988753057067997117854898000806079112076364357171648729849159566553585996463027688938542581528565559288234305103668562458124992002203295814437418759070204407874170821777876080605614495660024688649206789398298 0 0 0 0 0 0 0 0 0 0 0 0 0 0 0 0 0 0 0 0 0 0 0 0 0 0 0 0 0 0 0 0 0 0 0 0 0 0 0 0 0 0 0 0 0 0 0 0 0 0 0 0 0 0 0 0 0 0 0 0 0 0 0 0 0 0 0 0 0 0 0 0 0 0 0 0 0 0 0 0 0 0 0 0 0 0 0 0 0 0 0 0 0 0 1 0 0 0 0 0 0]
[1908864969084050609968400306253911781481551214586742082331792221873747343329599878005904032417887826088979991622670077710972584170119303346411945895496604811556960299353575125959964943225120679066253092801267691551236155588938649330052593745358847880074402724887952609616052631518578015801458351558387290279 0 0 0 0 0 0 0 0 0 0 0 0 0 0 0 0 0 0 0 0 0 0 0 0 0 0 0 0 0 0 0 0 0 0 0 0 0 0 0 0 0 0 0 0 0 0 0 0 0 0 0 0 0 0 0 0 0 0 0 0 0 0 0 0 0 0 0 0 0 0 0 0 0 0 0 0 0 0 0 0 0 0 0 0 0 0 0 0 0 0 0 0 0 0 0 1 0 0 0 0 0]
[252529030278507346451697793921109814095191085064203016338214095360346515250338121094537693887274188781317084584970232731582561021268708091846635274358651689924113735469471573101520582222662779473280502402421599851730067967115919046881685611988046311717776853537241085707310495284434343690864373392692188071 0 0 0 0 0 0 0 0 0 0 0 0 0 0 0 0 0 0 0 0 0 0 0 0 0 0 0 0 0 0 0 0 0 0 0 0 0 0 0 0 0 0 0 0 0 0 0 0 0 0 0 0 0 0 0 0 0 0 0 0 0 0 0 0 0 0 0 0 0 0 0 0 0 0 0 0 0 0 0 0 0 0 0 0 0 0 0 0 0 0 0 0 0 0 0 0 1 0 0 0 0]
[4219089084979645831170859762922167653047971910553143451960876205898238513877876600140850535205063243707441272089632993749196998925165113378438666855100304537276454272678019075271189088649846192939947364392583582736512347861092568636783203275100583939814759941204370874230903022453430411903487105218957291464 0 0 0 0 0 0 0 0 0 0 0 0 0 0 0 0 0 0 0 0 0 0 0 0 0 0 0 0 0 0 0 0 0 0 0 0 0 0 0 0 0 0 0 0 0 0 0 0 0 0 0 0 0 0 0 0 0 0 0 0 0 0 0 0 0 0 0 0 0 0 0 0 0 0 0 0 0 0 0 0 0 0 0 0 0 0 0 0 0 0 0 0 0 0 0 0 0 1 0 0 0]
[5757866007372901987192389639227418313043160325405430015031731171463600118537001790409319543396759469617592742539720835702062618534364980149601573964372465998900544766530124466761825284287076135482702856695150532637619767444722002977476807668627262773024210415264925996789674825721285444992870183608618907270 0 0 0 0 0 0 0 0 0 0 0 0 0 0 0 0 0 0 0 0 0 0 0 0 0 0 0 0 0 0 0 0 0 0 0 0 0 0 0 0 0 0 0 0 0 0 0 0 0 0 0 0 0 0 0 0 0 0 0 0 0 0 0 0 0 0 0 0 0 0 0 0 0 0 0 0 0 0 0 0 0 0 0 0 0 0 0 0 0 0 0 0 0 0 0 0 0 0 1 0 0]
[1306725726509309855843849962362057599642968749076898489211132321564243644116676631810325304890036916983907531113701414947845005916346447527535016948764591130473774230395620912374337498813214914460222385998339090698015827410078372222318387723309533705495763377290283766074264923729749405261210005071212694830 0 0 0 0 0 0 0 0 0 0 0 0 0 0 0 0 0 0 0 0 0 0 0 0 0 0 0 0 0 0 0 0 0 0 0 0 0 0 0 0 0 0 0 0 0 0 0 0 0 0 0 0 0 0 0 0 0 0 0 0 0 0 0 0 0 0 0 0 0 0 0 0 0 0 0 0 0 0 0 0 0 0 0 0 0 0 0 0 0 0 0 0 0 0 0 0 0 0 0 1 0]
[605647590302111326831653702669373430073697217265217866256653047136671586100382606065098051239130936353854251583208593787416592216206030238307839967695482706729501818176687056866993967545829752328340425345030187795998293056478603214518958190141011439903800587820932404270600871644118243466100542315213207920 0 0 0 0 0 0 0 0 0 0 0 0 0 0 0 0 0 0 0 0 0 0 0 0 0 0 0 0 0 0 0 0 0 0 0 0 0 0 0 0 0 0 0 0 0 0 0 0 0 0 0 0 0 0 0 0 0 0 0 0 0 0 0 0 0 0 0 0 0 0 0 0 0 0 0 0 0 0 0 0 0 0 0 0 0 0 0 0 0 0 0 0 0 0 0 0 0 0 0 0 1]
]
