[[2915314927704562232614469162008992344353542302191532275864380380381859753536286612122681473794953861512421734237065197289428009842982220157443400267235240146176630493266156254850836217292589675253755597407 0 0 0 0 0 0 0 0 0 0 0 0 0 0 0 0 0 0 0 0 0 0 0 0 0 0 0 0 0 0 0 0 0 0 0 0 0 0 0 0 0 0 0 0 0 0 0 0 0 0 0 0 0 0 0 0 0 0 0 0 0 0 0 0 0 0 0]
[1200220155978842975119723103662615462849472282169955388412491970105035810794730068057437481448887682097908428138407548406903864725721316916271458630464504022673228514664032638957599281168609391545052481799 1 0 0 0 0 0 0 0 0 0 0 0 0 0 0 0 0 0 0 0 0 0 0 0 0 0 0 0 0 0 0 0 0 0 0 0 0 0 0 0 0 0 0 0 0 0 0 0 0 0 0 0 0 0 0 0 0 0 0 0 0 0 0 0 0 0 0]
[450805006808133193836210002231733032413956604624128580897777444952798411032490649639638303005387701079571818133197722924408511954859528142837065319064269482720868123426616133329123555846488079618921069511 0 1 0 0 0 0 0 0 0 0 0 0 0 0 0 0 0 0 0 0 0 0 0 0 0 0 0 0 0 0 0 0 0 0 0 0 0 0 0 0 0 0 0 0 0 0 0 0 0 0 0 0 0 0 0 0 0 0 0 0 0 0 0 0 0 0 0]
[1326332669930485164851310058256874822695261050994847820795755656468473165531483175139530613825154361722591757211086082834142119745586401125329026382301544610162861951159753496643283257573881032322307538479 0 0 1 0 0 0 0 0 0 0 0 0 0 0 0 0 0 0 0 0 0 0 0 0 0 0 0 0 0 0 0 0 0 0 0 0 0 0 0 0 0 0 0 0 0 0 0 0 0 0 0 0 0 0 0 0 0 0 0 0 0 0 0 0 0 0 0]
[2264287642947304427889390538322131506071645628945304094272991181624170223956666695065272922804441138894558561326040926970700281358722846185369709694712068695791732395688162904312305046564520796025049272800 0 0 0 1 0 0 0 0 0 0 0 0 0 0 0 0 0 0 0 0 0 0 0 0 0 0 0 0 0 0 0 0 0 0 0 0 0 0 0 0 0 0 0 0 0 0 0 0 0 0 0 0 0 0 0 0 0 0 0 0 0 0 0 0 0 0 0]
[2313765099865209029367841574828513822573990270432412848087488474779256007658566847423681452459156105856729557446692314387541881136008495595949809531124331195908331953808225147520746673719235158278288840333 0 0 0 0 1 0 0 0 0 0 0 0 0 0 0 0 0 0 0 0 0 0 0 0 0 0 0 0 0 0 0 0 0 0 0 0 0 0 0 0 0 0 0 0 0 0 0 0 0 0 0 0 0 0 0 0 0 0 0 0 0 0 0 0 0 0 0]
[256743633345245799776045333576716970167383961818472544647483840360502966827243020882221825325249629229195621693939961218465058782261371734241663384317335533351642337211225402588834645762079640197982983889 0 0 0 0 0 1 0 0 0 0 0 0 0 0 0 0 0 0 0 0 0 0 0 0 0 0 0 0 0 0 0 0 0 0 0 0 0 0 0 0 0 0 0 0 0 0 0 0 0 0 0 0 0 0 0 0 0 0 0 0 0 0 0 0 0 0 0]
[2828205455837722824367733029042700938621214180732359548118718944486935947277194545068693170960993827695255034877777679546321408641676839297269004180841938486820351093146975765390933589591848054422794269387 0 0 0 0 0 0 1 0 0 0 0 0 0 0 0 0 0 0 0 0 0 0 0 0 0 0 0 0 0 0 0 0 0 0 0 0 0 0 0 0 0 0 0 0 0 0 0 0 0 0 0 0 0 0 0 0 0 0 0 0 0 0 0 0 0 0 0]
[2176431216223838227013420139114211101379810778682944435517210118246784424958292054156568793195778238407718674466215239559178776991527570780866779494190614046069786706213596351814139832424956196797154774853 0 0 0 0 0 0 0 1 0 0 0 0 0 0 0 0 0 0 0 0 0 0 0 0 0 0 0 0 0 0 0 0 0 0 0 0 0 0 0 0 0 0 0 0 0 0 0 0 0 0 0 0 0 0 0 0 0 0 0 0 0 0 0 0 0 0 0]
[843213988974263167828115109086366523845792542484396094700635535907145588347598063214340190447835287450532038470254536791729589756344310668714432199561744149018684195434738190814026000654114873131516856992 0 0 0 0 0 0 0 0 1 0 0 0 0 0 0 0 0 0 0 0 0 0 0 0 0 0 0 0 0 0 0 0 0 0 0 0 0 0 0 0 0 0 0 0 0 0 0 0 0 0 0 0 0 0 0 0 0 0 0 0 0 0 0 0 0 0 0]
[2649782568908966549370993773217035133262340602221136509166998207736033023329888622987688742920131059953016958156817170532927252240396000796356171889410255360034896515764437886122421884888361652493377755145 0 0 0 0 0 0 0 0 0 1 0 0 0 0 0 0 0 0 0 0 0 0 0 0 0 0 0 0 0 0 0 0 0 0 0 0 0 0 0 0 0 0 0 0 0 0 0 0 0 0 0 0 0 0 0 0 0 0 0 0 0 0 0 0 0 0 0]
[2044446143912877401776147175975512033809858277944148637160597582272116069808642501401421941304188583064659554368996878647480550648584690553994939967319108976170208617399290744158765014785708691264444879364 0 0 0 0 0 0 0 0 0 0 1 0 0 0 0 0 0 0 0 0 0 0 0 0 0 0 0 0 0 0 0 0 0 0 0 0 0 0 0 0 0 0 0 0 0 0 0 0 0 0 0 0 0 0 0 0 0 0 0 0 0 0 0 0 0 0 0]
[1388335999755357137208601566181499432876720047190801649268562413958225307720980216407047577011781615824481805417392626125590613377687756088048477113189699808498297867916081732617696225621388992569155281893 0 0 0 0 0 0 0 0 0 0 0 1 0 0 0 0 0 0 0 0 0 0 0 0 0 0 0 0 0 0 0 0 0 0 0 0 0 0 0 0 0 0 0 0 0 0 0 0 0 0 0 0 0 0 0 0 0 0 0 0 0 0 0 0 0 0 0]
[285951704555315344776282643534952787035310805539360517264642250091715724112037261377310470881321398911430956453576132367905801245728625863124071026077293700960949865066399911794625906492079376413115805904 0 0 0 0 0 0 0 0 0 0 0 0 1 0 0 0 0 0 0 0 0 0 0 0 0 0 0 0 0 0 0 0 0 0 0 0 0 0 0 0 0 0 0 0 0 0 0 0 0 0 0 0 0 0 0 0 0 0 0 0 0 0 0 0 0 0 0]
[1343378213550241531092090840133839798594207503444210332897825762155077254968812226988654952413089256845071377118417113042559799336811434794064226621921138840715687523064071151303866401986144920510429582918 0 0 0 0 0 0 0 0 0 0 0 0 0 1 0 0 0 0 0 0 0 0 0 0 0 0 0 0 0 0 0 0 0 0 0 0 0 0 0 0 0 0 0 0 0 0 0 0 0 0 0 0 0 0 0 0 0 0 0 0 0 0 0 0 0 0 0]
[1732678759423599924472946436800285390999653338355264069942036149686379830734468017744399277473772187766212160721339182709768374267914740982243073388943554896794595606391124615224335676957123147327945851367 0 0 0 0 0 0 0 0 0 0 0 0 0 0 1 0 0 0 0 0 0 0 0 0 0 0 0 0 0 0 0 0 0 0 0 0 0 0 0 0 0 0 0 0 0 0 0 0 0 0 0 0 0 0 0 0 0 0 0 0 0 0 0 0 0 0 0]
[1760071308654685280396312346928539282578472732152545049152088209615235966558701233742692009048627919431923567233299052410056545601262980607190445473725958547191487584283524385487093626197193152903599179733 0 0 0 0 0 0 0 0 0 0 0 0 0 0 0 1 0 0 0 0 0 0 0 0 0 0 0 0 0 0 0 0 0 0 0 0 0 0 0 0 0 0 0 0 0 0 0 0 0 0 0 0 0 0 0 0 0 0 0 0 0 0 0 0 0 0 0]
[1287297242985029993630117927795276857530234740768270376232018161779506247460490556407001597504113637286295833296102355542577560984190136003527940834755374856780314969166290006899208328931892169157082915039 0 0 0 0 0 0 0 0 0 0 0 0 0 0 0 0 1 0 0 0 0 0 0 0 0 0 0 0 0 0 0 0 0 0 0 0 0 0 0 0 0 0 0 0 0 0 0 0 0 0 0 0 0 0 0 0 0 0 0 0 0 0 0 0 0 0 0]
[2162418474470655433147392125422705304066492181324141964285735780182867296232533463393441655735706271428332829100544929271304884780089676092064375316355661870662660734830496925054326110621052859104085281506 0 0 0 0 0 0 0 0 0 0 0 0 0 0 0 0 0 1 0 0 0 0 0 0 0 0 0 0 0 0 0 0 0 0 0 0 0 0 0 0 0 0 0 0 0 0 0 0 0 0 0 0 0 0 0 0 0 0 0 0 0 0 0 0 0 0 0]
[1465738632078929550122108259399233537731750694050635134538922307135575820938727959146138924307782674667466032894162114329210500735825780950532687259077366045550229601836942503108090285355337482321818099552 0 0 0 0 0 0 0 0 0 0 0 0 0 0 0 0 0 0 1 0 0 0 0 0 0 0 0 0 0 0 0 0 0 0 0 0 0 0 0 0 0 0 0 0 0 0 0 0 0 0 0 0 0 0 0 0 0 0 0 0 0 0 0 0 0 0 0]
[1658110288989815656264856025759240502133609415911789278628621615274484073614766439294936675485514728676985092038200275337860963899223052809520753270351422616848557416730130193354554256491667150826037103921 0 0 0 0 0 0 0 0 0 0 0 0 0 0 0 0 0 0 0 1 0 0 0 0 0 0 0 0 0 0 0 0 0 0 0 0 0 0 0 0 0 0 0 0 0 0 0 0 0 0 0 0 0 0 0 0 0 0 0 0 0 0 0 0 0 0 0]
[1095963107615792359052132593308502209134410194537386971276806517169912795103174495070411999594503411017353332717623030050347435364002709980279062571372978437229725169908051700707532706607096535708092576399 0 0 0 0 0 0 0 0 0 0 0 0 0 0 0 0 0 0 0 0 1 0 0 0 0 0 0 0 0 0 0 0 0 0 0 0 0 0 0 0 0 0 0 0 0 0 0 0 0 0 0 0 0 0 0 0 0 0 0 0 0 0 0 0 0 0 0]
[923480456686165708337724513260065663282881068116817556171763113832169443610751872869164544027416094163522302405471156857838123132909973177198423359118361388379402898802749190487574375343067398204656026599 0 0 0 0 0 0 0 0 0 0 0 0 0 0 0 0 0 0 0 0 0 1 0 0 0 0 0 0 0 0 0 0 0 0 0 0 0 0 0 0 0 0 0 0 0 0 0 0 0 0 0 0 0 0 0 0 0 0 0 0 0 0 0 0 0 0 0]
[166958478695532245950668968730400069957849000761181931240238287827063541451379950920932898125953980034932949310135905766572021348843558698148568062650295723439750614946029609159908214300780103857257281851 0 0 0 0 0 0 0 0 0 0 0 0 0 0 0 0 0 0 0 0 0 0 1 0 0 0 0 0 0 0 0 0 0 0 0 0 0 0 0 0 0 0 0 0 0 0 0 0 0 0 0 0 0 0 0 0 0 0 0 0 0 0 0 0 0 0 0]
[626096216940232153594156596873136091020984758020939352712068030796418236845966915469703595939224731637347856483875864223003841229275163944582064529373126965617201818204420237990740954484374382096060453520 0 0 0 0 0 0 0 0 0 0 0 0 0 0 0 0 0 0 0 0 0 0 0 1 0 0 0 0 0 0 0 0 0 0 0 0 0 0 0 0 0 0 0 0 0 0 0 0 0 0 0 0 0 0 0 0 0 0 0 0 0 0 0 0 0 0 0]
[2068151307321723371542461962742470629891232536238285267292741005759375963612979163178754167340126991021359210359451151629546306093965213159404322212196733231335051028110589094958468461025015269842856595199 0 0 0 0 0 0 0 0 0 0 0 0 0 0 0 0 0 0 0 0 0 0 0 0 1 0 0 0 0 0 0 0 0 0 0 0 0 0 0 0 0 0 0 0 0 0 0 0 0 0 0 0 0 0 0 0 0 0 0 0 0 0 0 0 0 0 0]
[1451562156457394959888909481784974776340659566802369221181649826629761610184819057909001274714282818759873005733261142741432895015852745264647248458924845431102298244877384735875956971066304593193273561500 0 0 0 0 0 0 0 0 0 0 0 0 0 0 0 0 0 0 0 0 0 0 0 0 0 1 0 0 0 0 0 0 0 0 0 0 0 0 0 0 0 0 0 0 0 0 0 0 0 0 0 0 0 0 0 0 0 0 0 0 0 0 0 0 0 0 0]
[1432313550505937185220786310267888279784424444711916086279050618514101274199197713762020062729900637994754371038374613749361621054376186634091946790954900715776386041735467557386844475572323120146580768376 0 0 0 0 0 0 0 0 0 0 0 0 0 0 0 0 0 0 0 0 0 0 0 0 0 0 1 0 0 0 0 0 0 0 0 0 0 0 0 0 0 0 0 0 0 0 0 0 0 0 0 0 0 0 0 0 0 0 0 0 0 0 0 0 0 0 0]
[1685539121565914472144476470476236780246692682692387074501997934896381212332861997282794390289807099140887296202026104608732711486468218257709094195185750750129447088080773521704163669934959303648016679700 0 0 0 0 0 0 0 0 0 0 0 0 0 0 0 0 0 0 0 0 0 0 0 0 0 0 0 1 0 0 0 0 0 0 0 0 0 0 0 0 0 0 0 0 0 0 0 0 0 0 0 0 0 0 0 0 0 0 0 0 0 0 0 0 0 0 0]
[1762392540992107182351982092182113938522480512651881124099321891269630086829574471012344898853651742594039733986572083386795481682970280268317637464802544565373258211740389504039254384327724609903346280724 0 0 0 0 0 0 0 0 0 0 0 0 0 0 0 0 0 0 0 0 0 0 0 0 0 0 0 0 1 0 0 0 0 0 0 0 0 0 0 0 0 0 0 0 0 0 0 0 0 0 0 0 0 0 0 0 0 0 0 0 0 0 0 0 0 0 0]
[2862243490439798515558426510062751385077393448524363792084948778631132441849986726071181309582736214306869335695678017754225282496485872395682708997036908149498196709051026614655367205390595527051068933058 0 0 0 0 0 0 0 0 0 0 0 0 0 0 0 0 0 0 0 0 0 0 0 0 0 0 0 0 0 1 0 0 0 0 0 0 0 0 0 0 0 0 0 0 0 0 0 0 0 0 0 0 0 0 0 0 0 0 0 0 0 0 0 0 0 0 0]
[2852530438658447818561899257654571547940546589301725301113704887153894429695755544072145558839128091931749719718137734524175526214307245542323315475633006595212766707533708139406814412947435371582954147845 0 0 0 0 0 0 0 0 0 0 0 0 0 0 0 0 0 0 0 0 0 0 0 0 0 0 0 0 0 0 1 0 0 0 0 0 0 0 0 0 0 0 0 0 0 0 0 0 0 0 0 0 0 0 0 0 0 0 0 0 0 0 0 0 0 0 0]
[900278147543933086443374096892820131921725378782989660942736231503730212976862502245548794661647652145775362525144775711668713618702783358376284960283247022672454173911491903878642661494269995114493271249 0 0 0 0 0 0 0 0 0 0 0 0 0 0 0 0 0 0 0 0 0 0 0 0 0 0 0 0 0 0 0 1 0 0 0 0 0 0 0 0 0 0 0 0 0 0 0 0 0 0 0 0 0 0 0 0 0 0 0 0 0 0 0 0 0 0 0]
[1137129874302679509106502838390327122006128940458424916559466841546338323915401476119246785113204312380479040100393005636088038820424236042085482817079818742153973976595121172614821170106006025054310455351 0 0 0 0 0 0 0 0 0 0 0 0 0 0 0 0 0 0 0 0 0 0 0 0 0 0 0 0 0 0 0 0 1 0 0 0 0 0 0 0 0 0 0 0 0 0 0 0 0 0 0 0 0 0 0 0 0 0 0 0 0 0 0 0 0 0 0]
[1259384649368507993524536922890350432384958256346321052908735079616518544649551278608255319050734102792166026729581333760356886758952584124008064585914515119666326602075752852563950875118404310020454882660 0 0 0 0 0 0 0 0 0 0 0 0 0 0 0 0 0 0 0 0 0 0 0 0 0 0 0 0 0 0 0 0 0 1 0 0 0 0 0 0 0 0 0 0 0 0 0 0 0 0 0 0 0 0 0 0 0 0 0 0 0 0 0 0 0 0 0]
[2508922342656951556235643101741492811065749349831538961693731778858882585839670599683875439890405988188192230290422241692997086208119390405021424279378701587655922012258660635191920780298170770470695138721 0 0 0 0 0 0 0 0 0 0 0 0 0 0 0 0 0 0 0 0 0 0 0 0 0 0 0 0 0 0 0 0 0 0 1 0 0 0 0 0 0 0 0 0 0 0 0 0 0 0 0 0 0 0 0 0 0 0 0 0 0 0 0 0 0 0 0]
[1429030298740386879164964533185964712004847208494666015538325836841258888526139600714568511367438296170296066094423775082581228436312528520862330289761851052324147462361757404283498631644641788535407783376 0 0 0 0 0 0 0 0 0 0 0 0 0 0 0 0 0 0 0 0 0 0 0 0 0 0 0 0 0 0 0 0 0 0 0 1 0 0 0 0 0 0 0 0 0 0 0 0 0 0 0 0 0 0 0 0 0 0 0 0 0 0 0 0 0 0 0]
[1507001945067824351801329276883369908427287779455138571975849572873769137519269871355701846284969630092450252868762253592815254598577443743718899026257022106135342329320769698309801153444878248442931336745 0 0 0 0 0 0 0 0 0 0 0 0 0 0 0 0 0 0 0 0 0 0 0 0 0 0 0 0 0 0 0 0 0 0 0 0 1 0 0 0 0 0 0 0 0 0 0 0 0 0 0 0 0 0 0 0 0 0 0 0 0 0 0 0 0 0 0]
[956357780324700565136145944483189669063608105268797811592667056753079770183864868932494665581719579529021436807383358829275694866970639293304160589482795768989046689955253421371311324888092585653593109912 0 0 0 0 0 0 0 0 0 0 0 0 0 0 0 0 0 0 0 0 0 0 0 0 0 0 0 0 0 0 0 0 0 0 0 0 0 1 0 0 0 0 0 0 0 0 0 0 0 0 0 0 0 0 0 0 0 0 0 0 0 0 0 0 0 0 0]
[880892803527655639480265303094198728044411994975995753822333278871477869193695939990248421921802850558963369442968123371293974276566505381772247338277476694901758729146853366521106134834484990529752994884 0 0 0 0 0 0 0 0 0 0 0 0 0 0 0 0 0 0 0 0 0 0 0 0 0 0 0 0 0 0 0 0 0 0 0 0 0 0 1 0 0 0 0 0 0 0 0 0 0 0 0 0 0 0 0 0 0 0 0 0 0 0 0 0 0 0 0]
[1518969740160464070289165688796695263944487507326954714528815745633175943629581248947440664136855884084202299248209177089540430101514932361304068929141906196443370018437454522017555863544322106586961315960 0 0 0 0 0 0 0 0 0 0 0 0 0 0 0 0 0 0 0 0 0 0 0 0 0 0 0 0 0 0 0 0 0 0 0 0 0 0 0 1 0 0 0 0 0 0 0 0 0 0 0 0 0 0 0 0 0 0 0 0 0 0 0 0 0 0 0]
[1725321321041378664824951835607838729077926022524313360438535726123316452975260240480619267586753890264968236111261368632831428458520973626323741334624587685268276236892897739415399874308633271379568633116 0 0 0 0 0 0 0 0 0 0 0 0 0 0 0 0 0 0 0 0 0 0 0 0 0 0 0 0 0 0 0 0 0 0 0 0 0 0 0 0 1 0 0 0 0 0 0 0 0 0 0 0 0 0 0 0 0 0 0 0 0 0 0 0 0 0 0]
[796588660454758831624680261561177250082270174287785102973226064626285969538979637829582939960437841379660713537864415479350814344179500094278673422537561702275332520272363158026735140580181913792316623513 0 0 0 0 0 0 0 0 0 0 0 0 0 0 0 0 0 0 0 0 0 0 0 0 0 0 0 0 0 0 0 0 0 0 0 0 0 0 0 0 0 1 0 0 0 0 0 0 0 0 0 0 0 0 0 0 0 0 0 0 0 0 0 0 0 0 0]
[849337699030984716274247907095591555025609208907486084064726580653543656329435564216264657691452920737092800076507388961050136988149464779134597420833788167424556740673244018267213798830228571617376110923 0 0 0 0 0 0 0 0 0 0 0 0 0 0 0 0 0 0 0 0 0 0 0 0 0 0 0 0 0 0 0 0 0 0 0 0 0 0 0 0 0 0 1 0 0 0 0 0 0 0 0 0 0 0 0 0 0 0 0 0 0 0 0 0 0 0 0]
[1327003439248539162452326612119071725389303105027373220739123321265606538313962659165320722028737113991910939317701565377580571592052949308506092010443257844137305130199828943737346458455099537617480504559 0 0 0 0 0 0 0 0 0 0 0 0 0 0 0 0 0 0 0 0 0 0 0 0 0 0 0 0 0 0 0 0 0 0 0 0 0 0 0 0 0 0 0 1 0 0 0 0 0 0 0 0 0 0 0 0 0 0 0 0 0 0 0 0 0 0 0]
[737504755677821635124969112122580985805430777447332623366018011782469664184830289607504893797334582199118185981635032441424322896030202833225350528340186237715740298358293788333551214366630748914382658426 0 0 0 0 0 0 0 0 0 0 0 0 0 0 0 0 0 0 0 0 0 0 0 0 0 0 0 0 0 0 0 0 0 0 0 0 0 0 0 0 0 0 0 0 1 0 0 0 0 0 0 0 0 0 0 0 0 0 0 0 0 0 0 0 0 0 0]
[1984067414563422421332565235032488163382918110887759026635628045462299491878598385216835023098535391433993854253995649483272192237855003969079429452609766475028642908061920921555759880823910832668647747354 0 0 0 0 0 0 0 0 0 0 0 0 0 0 0 0 0 0 0 0 0 0 0 0 0 0 0 0 0 0 0 0 0 0 0 0 0 0 0 0 0 0 0 0 0 1 0 0 0 0 0 0 0 0 0 0 0 0 0 0 0 0 0 0 0 0 0]
[2685799367944356939143049383755566627717319350128249034203103725874017042750406302452978321174677300570521647270766030896019943845390571048029655713161623505494496422200047264194281885782795971302414415111 0 0 0 0 0 0 0 0 0 0 0 0 0 0 0 0 0 0 0 0 0 0 0 0 0 0 0 0 0 0 0 0 0 0 0 0 0 0 0 0 0 0 0 0 0 0 1 0 0 0 0 0 0 0 0 0 0 0 0 0 0 0 0 0 0 0 0]
[2025276553764923032296009539047719813243213650702460976287402399297866452757470868730345837340443770851212014179831093371386372080003349009868461644771056386847408757374848385426740628970539553816298555740 0 0 0 0 0 0 0 0 0 0 0 0 0 0 0 0 0 0 0 0 0 0 0 0 0 0 0 0 0 0 0 0 0 0 0 0 0 0 0 0 0 0 0 0 0 0 0 1 0 0 0 0 0 0 0 0 0 0 0 0 0 0 0 0 0 0 0]
[1439288557959012978165570388288880180112365554017149216415451575318399164908719281801231756325057883657008699511880626723790705512148299476343992653911726875369346682750051563950064248490118169512841669644 0 0 0 0 0 0 0 0 0 0 0 0 0 0 0 0 0 0 0 0 0 0 0 0 0 0 0 0 0 0 0 0 0 0 0 0 0 0 0 0 0 0 0 0 0 0 0 0 1 0 0 0 0 0 0 0 0 0 0 0 0 0 0 0 0 0 0]
[557911703541087526353530204595892950448943271516570267501949393119586909820466122038171527515016763981463839397309046532867317663550048659618119008013839301267426070626433247757350318440730775806677554015 0 0 0 0 0 0 0 0 0 0 0 0 0 0 0 0 0 0 0 0 0 0 0 0 0 0 0 0 0 0 0 0 0 0 0 0 0 0 0 0 0 0 0 0 0 0 0 0 0 1 0 0 0 0 0 0 0 0 0 0 0 0 0 0 0 0 0]
[534349065178616141299717610943425587472178112510836499895453723316265489370790398485604870252574591700532253880982000284838817613780728878203897848920913593382047376176999784125521758489213371516896935034 0 0 0 0 0 0 0 0 0 0 0 0 0 0 0 0 0 0 0 0 0 0 0 0 0 0 0 0 0 0 0 0 0 0 0 0 0 0 0 0 0 0 0 0 0 0 0 0 0 0 1 0 0 0 0 0 0 0 0 0 0 0 0 0 0 0 0]
[2286876855604496691201610938947316319609772018736114269893375249557393928415623495165633766609863086727833103052853708410339397705066209273696790749173644820435818362488921528175070201577151594132874189493 0 0 0 0 0 0 0 0 0 0 0 0 0 0 0 0 0 0 0 0 0 0 0 0 0 0 0 0 0 0 0 0 0 0 0 0 0 0 0 0 0 0 0 0 0 0 0 0 0 0 0 1 0 0 0 0 0 0 0 0 0 0 0 0 0 0 0]
[1890108345624940811667325635610265695579158583440668994740806428667916200097578469835802667838111668151952720230067324286969797025776510432023155177293069425325679022793436711157022464845331963963000628639 0 0 0 0 0 0 0 0 0 0 0 0 0 0 0 0 0 0 0 0 0 0 0 0 0 0 0 0 0 0 0 0 0 0 0 0 0 0 0 0 0 0 0 0 0 0 0 0 0 0 0 0 1 0 0 0 0 0 0 0 0 0 0 0 0 0 0]
[1744635188408858928972679293820122613158454621495821719893110805890280034812279976109055428671932071957684584876446118868360507463157653963240308015585910434300014821869685656475830114863457829174933154929 0 0 0 0 0 0 0 0 0 0 0 0 0 0 0 0 0 0 0 0 0 0 0 0 0 0 0 0 0 0 0 0 0 0 0 0 0 0 0 0 0 0 0 0 0 0 0 0 0 0 0 0 0 1 0 0 0 0 0 0 0 0 0 0 0 0 0]
[1791050142681040262817763305238672282400657561761827449247302181882898828442076728891915134198342381152399933343585374932874410880058597085401709810273401337283612440645987843532025945397936181655844844240 0 0 0 0 0 0 0 0 0 0 0 0 0 0 0 0 0 0 0 0 0 0 0 0 0 0 0 0 0 0 0 0 0 0 0 0 0 0 0 0 0 0 0 0 0 0 0 0 0 0 0 0 0 0 1 0 0 0 0 0 0 0 0 0 0 0 0]
[1886429456091514256234231305415406913733119728078618864892759606465034400425105036989863537474117816697643869349434022172735817416142844717521588747466998190877061960446826215201292535295849977212581177503 0 0 0 0 0 0 0 0 0 0 0 0 0 0 0 0 0 0 0 0 0 0 0 0 0 0 0 0 0 0 0 0 0 0 0 0 0 0 0 0 0 0 0 0 0 0 0 0 0 0 0 0 0 0 0 1 0 0 0 0 0 0 0 0 0 0 0]
[2606557961132134660649236832757557243844870489145233014624855196041129520373996219549058391943108237169337470259191729433110833380174665673276591837625924388716367924446162939782388269905762096632440595618 0 0 0 0 0 0 0 0 0 0 0 0 0 0 0 0 0 0 0 0 0 0 0 0 0 0 0 0 0 0 0 0 0 0 0 0 0 0 0 0 0 0 0 0 0 0 0 0 0 0 0 0 0 0 0 0 1 0 0 0 0 0 0 0 0 0 0]
[758370116090768184418129789446919184952796686066153110819462388208946835485468880963621999865449264307141210867896933175411024571275197184884877546333879568904450105285133363018585543350221300694842254065 0 0 0 0 0 0 0 0 0 0 0 0 0 0 0 0 0 0 0 0 0 0 0 0 0 0 0 0 0 0 0 0 0 0 0 0 0 0 0 0 0 0 0 0 0 0 0 0 0 0 0 0 0 0 0 0 0 1 0 0 0 0 0 0 0 0 0]
[1799407397199001928019115369326096926721474545370912854201540048808843082126956909542902610977705520751388642508039157101898058930242726366067822393457035310353900358921698827209868931338349165201982003183 0 0 0 0 0 0 0 0 0 0 0 0 0 0 0 0 0 0 0 0 0 0 0 0 0 0 0 0 0 0 0 0 0 0 0 0 0 0 0 0 0 0 0 0 0 0 0 0 0 0 0 0 0 0 0 0 0 0 1 0 0 0 0 0 0 0 0]
[1161070234682426420506485397413966951417149449340558097907071484856788640588969753561575947591680544172702286363179430430866313962599201781000438590146721467292617535258485017435867112036792793992054015866 0 0 0 0 0 0 0 0 0 0 0 0 0 0 0 0 0 0 0 0 0 0 0 0 0 0 0 0 0 0 0 0 0 0 0 0 0 0 0 0 0 0 0 0 0 0 0 0 0 0 0 0 0 0 0 0 0 0 0 1 0 0 0 0 0 0 0]
[2024912689816725157823180049041792337260892406523233601024055241129566126788225519414506380839362582386212490149340159382641689619812762025238264389671877651965966868507848377715564323786333938944713849667 0 0 0 0 0 0 0 0 0 0 0 0 0 0 0 0 0 0 0 0 0 0 0 0 0 0 0 0 0 0 0 0 0 0 0 0 0 0 0 0 0 0 0 0 0 0 0 0 0 0 0 0 0 0 0 0 0 0 0 0 1 0 0 0 0 0 0]
[329823823603289369857089445147062086349237006346952633858276098686174730082983717819945764017572941647916040832821367108804070855913802052778961365051075380898352293840394406682598563540737345318581834276 0 0 0 0 0 0 0 0 0 0 0 0 0 0 0 0 0 0 0 0 0 0 0 0 0 0 0 0 0 0 0 0 0 0 0 0 0 0 0 0 0 0 0 0 0 0 0 0 0 0 0 0 0 0 0 0 0 0 0 0 0 1 0 0 0 0 0]
[432862043396645077038240816370327176849615825503067413840744308424650695802754524299478861973699010428594876761821942433735441514470815561766522917858184983927175721060645027445834383180561435201288789830 0 0 0 0 0 0 0 0 0 0 0 0 0 0 0 0 0 0 0 0 0 0 0 0 0 0 0 0 0 0 0 0 0 0 0 0 0 0 0 0 0 0 0 0 0 0 0 0 0 0 0 0 0 0 0 0 0 0 0 0 0 0 1 0 0 0 0]
[119761136251164277179105992356146509645651104830593076363332195235038024146569808304212414849004508998526299554447070404419165052877406226865773905306815805179421972083800476663923006945361635220912330600 0 0 0 0 0 0 0 0 0 0 0 0 0 0 0 0 0 0 0 0 0 0 0 0 0 0 0 0 0 0 0 0 0 0 0 0 0 0 0 0 0 0 0 0 0 0 0 0 0 0 0 0 0 0 0 0 0 0 0 0 0 0 0 1 0 0 0]
[1462051906445350635232044790568696357401753592265861651781691844489964712101359457087908938308005997111348535852350900608457146963987732779107261217007080673381740320912893425726384928106011424224187334873 0 0 0 0 0 0 0 0 0 0 0 0 0 0 0 0 0 0 0 0 0 0 0 0 0 0 0 0 0 0 0 0 0 0 0 0 0 0 0 0 0 0 0 0 0 0 0 0 0 0 0 0 0 0 0 0 0 0 0 0 0 0 0 0 1 0 0]
[1864296144456349905780171395413829660970149756827379463291970801897493654887549830111290782331586794334156213448887324271981280972404713852134803315037470747633417253573726577652655236659113211685885668579 0 0 0 0 0 0 0 0 0 0 0 0 0 0 0 0 0 0 0 0 0 0 0 0 0 0 0 0 0 0 0 0 0 0 0 0 0 0 0 0 0 0 0 0 0 0 0 0 0 0 0 0 0 0 0 0 0 0 0 0 0 0 0 0 0 1 0]
[2638855121074520075838249280299119725173499331502355137108485187757808132502672723584211288773378317234637555515196454336157466802520162268643741777393725747917306620080640279103700272647223192073911083715 0 0 0 0 0 0 0 0 0 0 0 0 0 0 0 0 0 0 0 0 0 0 0 0 0 0 0 0 0 0 0 0 0 0 0 0 0 0 0 0 0 0 0 0 0 0 0 0 0 0 0 0 0 0 0 0 0 0 0 0 0 0 0 0 0 0 1]
]
