[[4309112727607257135959906542321840993911412582678315848065890993511216605628507808306609442823017657920516639041269009972047433008979642186063902065396787295910570937505651879044802452065703623 0 0 0 0 0 0 0 0 0 0 0 0 0 0 0 0 0 0 0 0 0 0 0 0 0 0 0 0 0 0 0 0 0 0 0 0 0 0 0 0 0 0 0 0 0 0 0 0 0 0 0 0 0 0 0 0 0 0 0 0 0 0 0]
[4004056114216956042602825754554155521012269508662320052250285078326925312697805913395537746779204318756660385427320498095126453027882944962371025595123328589958073791772800547697709391016836984 1 0 0 0 0 0 0 0 0 0 0 0 0 0 0 0 0 0 0 0 0 0 0 0 0 0 0 0 0 0 0 0 0 0 0 0 0 0 0 0 0 0 0 0 0 0 0 0 0 0 0 0 0 0 0 0 0 0 0 0 0 0 0]
[3483574862558657145462340887223115257811657354901244150512272988093582139013278253635648580796537694082052369132949260203538150736035526526985258495595840270871437958073632981000327213884486000 0 1 0 0 0 0 0 0 0 0 0 0 0 0 0 0 0 0 0 0 0 0 0 0 0 0 0 0 0 0 0 0 0 0 0 0 0 0 0 0 0 0 0 0 0 0 0 0 0 0 0 0 0 0 0 0 0 0 0 0 0 0 0]
[1319895535725277481202608151024363930847016580769673587878564116225618330799551467460724597352583693456083600832971358924978048259561242833180548540230709071455727637849464400276503155296067675 0 0 1 0 0 0 0 0 0 0 0 0 0 0 0 0 0 0 0 0 0 0 0 0 0 0 0 0 0 0 0 0 0 0 0 0 0 0 0 0 0 0 0 0 0 0 0 0 0 0 0 0 0 0 0 0 0 0 0 0 0 0 0]
[2816710129600070527245026097987066788455252404014509976247176002939146593114820734850957792214322293764023204052851762735327384467256339582910140469866373594332783139867311109382053383414301073 0 0 0 1 0 0 0 0 0 0 0 0 0 0 0 0 0 0 0 0 0 0 0 0 0 0 0 0 0 0 0 0 0 0 0 0 0 0 0 0 0 0 0 0 0 0 0 0 0 0 0 0 0 0 0 0 0 0 0 0 0 0 0]
[547820454522064687717508007933568834946918944446208125737951677984978198622281688295887376919700755907231392550490924381344742802705411787700274692522885591340929714705553219193799719305472465 0 0 0 0 1 0 0 0 0 0 0 0 0 0 0 0 0 0 0 0 0 0 0 0 0 0 0 0 0 0 0 0 0 0 0 0 0 0 0 0 0 0 0 0 0 0 0 0 0 0 0 0 0 0 0 0 0 0 0 0 0 0 0]
[340656588548606651974088078787475882412997470531887280011367334692308180032193699399240771248026202156466085773725825114310537183825472873779766644501553177560391910497120219485841639062736857 0 0 0 0 0 1 0 0 0 0 0 0 0 0 0 0 0 0 0 0 0 0 0 0 0 0 0 0 0 0 0 0 0 0 0 0 0 0 0 0 0 0 0 0 0 0 0 0 0 0 0 0 0 0 0 0 0 0 0 0 0 0 0]
[1972638002338073626429962486833993902248052524847673014303003740523412849732004228628337208718624958213651332032261651574599345330411523393515300491838914244518608143951693334853337450351317632 0 0 0 0 0 0 1 0 0 0 0 0 0 0 0 0 0 0 0 0 0 0 0 0 0 0 0 0 0 0 0 0 0 0 0 0 0 0 0 0 0 0 0 0 0 0 0 0 0 0 0 0 0 0 0 0 0 0 0 0 0 0 0]
[3991117945170281911034625054675314467997750272997415316970107559741416483362629100187831556722531963954246179605858660478523723858055949432514946400642121225907810705297956719160776383920735164 0 0 0 0 0 0 0 1 0 0 0 0 0 0 0 0 0 0 0 0 0 0 0 0 0 0 0 0 0 0 0 0 0 0 0 0 0 0 0 0 0 0 0 0 0 0 0 0 0 0 0 0 0 0 0 0 0 0 0 0 0 0 0]
[1467654944171529599880929084509061774482927279638766123620789202104821387781020531674376002707813302726642349544238493579882979229118170560990045477843886335138603271703713635552913233734835900 0 0 0 0 0 0 0 0 1 0 0 0 0 0 0 0 0 0 0 0 0 0 0 0 0 0 0 0 0 0 0 0 0 0 0 0 0 0 0 0 0 0 0 0 0 0 0 0 0 0 0 0 0 0 0 0 0 0 0 0 0 0 0]
[920077501505241298472588417379400432631003050794284321697860073239472706305613370015364666648557858224649348707298919029987172728293297428695428578666026712803539054173104960103780261210505233 0 0 0 0 0 0 0 0 0 1 0 0 0 0 0 0 0 0 0 0 0 0 0 0 0 0 0 0 0 0 0 0 0 0 0 0 0 0 0 0 0 0 0 0 0 0 0 0 0 0 0 0 0 0 0 0 0 0 0 0 0 0 0]
[4033491806073420217216547092410715842968927496390675074566368921767770991089657779679114621060411011929210669222053264652528866828093377964036711051846442678828748615937628839507632872655034715 0 0 0 0 0 0 0 0 0 0 1 0 0 0 0 0 0 0 0 0 0 0 0 0 0 0 0 0 0 0 0 0 0 0 0 0 0 0 0 0 0 0 0 0 0 0 0 0 0 0 0 0 0 0 0 0 0 0 0 0 0 0 0]
[3414644583384957289079991568936507704033095910467786720046686568578765839141215638545842934170960171259112031065221219836790435772375421569998405651880021804297327900251517330452156987890455511 0 0 0 0 0 0 0 0 0 0 0 1 0 0 0 0 0 0 0 0 0 0 0 0 0 0 0 0 0 0 0 0 0 0 0 0 0 0 0 0 0 0 0 0 0 0 0 0 0 0 0 0 0 0 0 0 0 0 0 0 0 0 0]
[2718334833652624252054606496872128060614768025130697515256557898862947513562412843661661729843345313681843606593517003353119982825780059869991434865842787860059939760589514966027958635070204044 0 0 0 0 0 0 0 0 0 0 0 0 1 0 0 0 0 0 0 0 0 0 0 0 0 0 0 0 0 0 0 0 0 0 0 0 0 0 0 0 0 0 0 0 0 0 0 0 0 0 0 0 0 0 0 0 0 0 0 0 0 0 0]
[1414576885354495365834017918636327610260655532500161264254251644570832028549354743313277766434663291912721760635555074068756094959065907982888405790755300410647394596662769841320745759640029115 0 0 0 0 0 0 0 0 0 0 0 0 0 1 0 0 0 0 0 0 0 0 0 0 0 0 0 0 0 0 0 0 0 0 0 0 0 0 0 0 0 0 0 0 0 0 0 0 0 0 0 0 0 0 0 0 0 0 0 0 0 0 0]
[2796769009238348610356727654277914149321618249312989464653226258300662383219709640639624152504078534491778059484052041396717570511280649063710623690447501709940574404374113709435488611413433162 0 0 0 0 0 0 0 0 0 0 0 0 0 0 1 0 0 0 0 0 0 0 0 0 0 0 0 0 0 0 0 0 0 0 0 0 0 0 0 0 0 0 0 0 0 0 0 0 0 0 0 0 0 0 0 0 0 0 0 0 0 0 0]
[1405790218897246214434703087170537188095850199813018983249738285705905252238624277596414835955001566698735554260211563731362590704536128947369993772282183279280003016566370486422273803186793293 0 0 0 0 0 0 0 0 0 0 0 0 0 0 0 1 0 0 0 0 0 0 0 0 0 0 0 0 0 0 0 0 0 0 0 0 0 0 0 0 0 0 0 0 0 0 0 0 0 0 0 0 0 0 0 0 0 0 0 0 0 0 0]
[539875902569953278619374915574262790758767495204972918499015241806702231183497305339342915226353029311190475886286781595793209651973127462583906026664273745343931981534004305472569097078783415 0 0 0 0 0 0 0 0 0 0 0 0 0 0 0 0 1 0 0 0 0 0 0 0 0 0 0 0 0 0 0 0 0 0 0 0 0 0 0 0 0 0 0 0 0 0 0 0 0 0 0 0 0 0 0 0 0 0 0 0 0 0 0]
[2221973704005982202569384834936069565585905733683446254423068917399084868209645046825499397579080172919274710767404052040979057117746830280480863118568263083006783517476613904088271093876678349 0 0 0 0 0 0 0 0 0 0 0 0 0 0 0 0 0 1 0 0 0 0 0 0 0 0 0 0 0 0 0 0 0 0 0 0 0 0 0 0 0 0 0 0 0 0 0 0 0 0 0 0 0 0 0 0 0 0 0 0 0 0 0]
[2599472586219811473023436009365371993551699511026000993067263357576753492717062251823406391383680066222491317347954527533199856325259332977722316903219494238882370303312874502387250277991574572 0 0 0 0 0 0 0 0 0 0 0 0 0 0 0 0 0 0 1 0 0 0 0 0 0 0 0 0 0 0 0 0 0 0 0 0 0 0 0 0 0 0 0 0 0 0 0 0 0 0 0 0 0 0 0 0 0 0 0 0 0 0 0]
[1073734537340650093396472925853112869325366363061604143871056220397624982156538606825137973416251631688389792201073550147168287394815667013966614062364425132346820973055509503494823894574322336 0 0 0 0 0 0 0 0 0 0 0 0 0 0 0 0 0 0 0 1 0 0 0 0 0 0 0 0 0 0 0 0 0 0 0 0 0 0 0 0 0 0 0 0 0 0 0 0 0 0 0 0 0 0 0 0 0 0 0 0 0 0 0]
[3410247829105952263173327009150608546929140839736249235266534579429556339784590937758112301193170196899541313235703992002009036026819878887790927999468816550549625630567955601802166398034186402 0 0 0 0 0 0 0 0 0 0 0 0 0 0 0 0 0 0 0 0 1 0 0 0 0 0 0 0 0 0 0 0 0 0 0 0 0 0 0 0 0 0 0 0 0 0 0 0 0 0 0 0 0 0 0 0 0 0 0 0 0 0 0]
[3613950209343716872695625026459829039569415332765708878972988423995667985837159549119070476782690686941795534029789220291992568569249735704293123719647667500918137268829044333829398031501623843 0 0 0 0 0 0 0 0 0 0 0 0 0 0 0 0 0 0 0 0 0 1 0 0 0 0 0 0 0 0 0 0 0 0 0 0 0 0 0 0 0 0 0 0 0 0 0 0 0 0 0 0 0 0 0 0 0 0 0 0 0 0 0]
[389163895872413583990678565981407267855978226864981807952089468270400331776154722048168577535249817722154053275824033304714849579925459447387787406840952461120137017682394021979187473207017089 0 0 0 0 0 0 0 0 0 0 0 0 0 0 0 0 0 0 0 0 0 0 1 0 0 0 0 0 0 0 0 0 0 0 0 0 0 0 0 0 0 0 0 0 0 0 0 0 0 0 0 0 0 0 0 0 0 0 0 0 0 0 0]
[2740779311976548821687491596658731636718300059937292173901716668482258746311881265970984105913113044919323673801807756710477281408924019325385649793623143671619436256969813552495145691875171700 0 0 0 0 0 0 0 0 0 0 0 0 0 0 0 0 0 0 0 0 0 0 0 1 0 0 0 0 0 0 0 0 0 0 0 0 0 0 0 0 0 0 0 0 0 0 0 0 0 0 0 0 0 0 0 0 0 0 0 0 0 0 0]
[2539861814317035795387115111510383340112964217958248710310227735678484846838534821430214213458439106767693695740035296382428529725043545999978519714386738361942774076388969712643861598381318764 0 0 0 0 0 0 0 0 0 0 0 0 0 0 0 0 0 0 0 0 0 0 0 0 1 0 0 0 0 0 0 0 0 0 0 0 0 0 0 0 0 0 0 0 0 0 0 0 0 0 0 0 0 0 0 0 0 0 0 0 0 0 0]
[4061106952474027944043963496321041420065731777381576586134110962416479574568924580636120014332662477800173726163943623945268654389533579166286776116640040615192556261517338208298939426029831335 0 0 0 0 0 0 0 0 0 0 0 0 0 0 0 0 0 0 0 0 0 0 0 0 0 1 0 0 0 0 0 0 0 0 0 0 0 0 0 0 0 0 0 0 0 0 0 0 0 0 0 0 0 0 0 0 0 0 0 0 0 0 0]
[3062131716906056606500805662300159676535813878755875933389736699292469963072801449312430237713601355436486987694365561466373435360825989304908610854000716595343437160883568215093145409240721054 0 0 0 0 0 0 0 0 0 0 0 0 0 0 0 0 0 0 0 0 0 0 0 0 0 0 1 0 0 0 0 0 0 0 0 0 0 0 0 0 0 0 0 0 0 0 0 0 0 0 0 0 0 0 0 0 0 0 0 0 0 0 0]
[3664322874316366682062584956650367717282094412559248781080128666699655125360712018825443282790571707825625145997421791152383891001849470771532536917741569688707671530250439525905812226111224664 0 0 0 0 0 0 0 0 0 0 0 0 0 0 0 0 0 0 0 0 0 0 0 0 0 0 0 1 0 0 0 0 0 0 0 0 0 0 0 0 0 0 0 0 0 0 0 0 0 0 0 0 0 0 0 0 0 0 0 0 0 0 0]
[1723462966870058604744532851541121080858984985607102862296581822361882726178234225696164370132386704151649097195842590201875361168689397669657126027894291382499326981083924566305925262681562871 0 0 0 0 0 0 0 0 0 0 0 0 0 0 0 0 0 0 0 0 0 0 0 0 0 0 0 0 1 0 0 0 0 0 0 0 0 0 0 0 0 0 0 0 0 0 0 0 0 0 0 0 0 0 0 0 0 0 0 0 0 0 0]
[396594491721407807669650706435418933156942521022927896320508434541537359772333057680835954259857995574322069397528493847099287007932674600691600119799664023079804822686518262101143581307529731 0 0 0 0 0 0 0 0 0 0 0 0 0 0 0 0 0 0 0 0 0 0 0 0 0 0 0 0 0 1 0 0 0 0 0 0 0 0 0 0 0 0 0 0 0 0 0 0 0 0 0 0 0 0 0 0 0 0 0 0 0 0 0]
[154566070492943826689171211171089735574708126460019638741641164018353559139438701003605147551992092715049433251198462472870429630722709206086801650302076282262971074178243610531226902707241390 0 0 0 0 0 0 0 0 0 0 0 0 0 0 0 0 0 0 0 0 0 0 0 0 0 0 0 0 0 0 1 0 0 0 0 0 0 0 0 0 0 0 0 0 0 0 0 0 0 0 0 0 0 0 0 0 0 0 0 0 0 0 0]
[3106075651922192263187828192189300095790928525890705676202320350506507423047258250963195576799188640595325964218239856753141891725644115598536348916558686389041994908641385850714073733184629397 0 0 0 0 0 0 0 0 0 0 0 0 0 0 0 0 0 0 0 0 0 0 0 0 0 0 0 0 0 0 0 1 0 0 0 0 0 0 0 0 0 0 0 0 0 0 0 0 0 0 0 0 0 0 0 0 0 0 0 0 0 0 0]
[2640032293067596532565659373239414839059215081016536569963891777463348428032910850280792201942345291141097299231306662375754326745211237264732524464520230241044681969510457879387360321109616925 0 0 0 0 0 0 0 0 0 0 0 0 0 0 0 0 0 0 0 0 0 0 0 0 0 0 0 0 0 0 0 0 1 0 0 0 0 0 0 0 0 0 0 0 0 0 0 0 0 0 0 0 0 0 0 0 0 0 0 0 0 0 0]
[1173656252143048126770481044198235507751373473989367582741955818664373827714452884317175269005860682595544870239515103220884328497122467152167469053691931954267659304464947546649489838995819991 0 0 0 0 0 0 0 0 0 0 0 0 0 0 0 0 0 0 0 0 0 0 0 0 0 0 0 0 0 0 0 0 0 1 0 0 0 0 0 0 0 0 0 0 0 0 0 0 0 0 0 0 0 0 0 0 0 0 0 0 0 0 0]
[263177550279748360442151400598405469299733539281727953575436934673696436199421135056577183258527558629958606796219887831048811815111432560000838313153688921889401479385536680634097681600642731 0 0 0 0 0 0 0 0 0 0 0 0 0 0 0 0 0 0 0 0 0 0 0 0 0 0 0 0 0 0 0 0 0 0 1 0 0 0 0 0 0 0 0 0 0 0 0 0 0 0 0 0 0 0 0 0 0 0 0 0 0 0 0]
[941157391658684868856305511658004726078082849589991865874175909513914173586938367334600474247283704523401937287420231013944653939703388565872160152034658702833357050586407466852359663183778821 0 0 0 0 0 0 0 0 0 0 0 0 0 0 0 0 0 0 0 0 0 0 0 0 0 0 0 0 0 0 0 0 0 0 0 1 0 0 0 0 0 0 0 0 0 0 0 0 0 0 0 0 0 0 0 0 0 0 0 0 0 0 0]
[3012365501338303961054035166157511763313480779456306631134774103857801777879129433777882322559288070472993573123801229801008047833755571927222910760574026138082116996367641062034629856853521440 0 0 0 0 0 0 0 0 0 0 0 0 0 0 0 0 0 0 0 0 0 0 0 0 0 0 0 0 0 0 0 0 0 0 0 0 1 0 0 0 0 0 0 0 0 0 0 0 0 0 0 0 0 0 0 0 0 0 0 0 0 0 0]
[796383974904672102248585440465033125529681054972727706297756793334456384022474750038999099392685647230495428905496252905634444884635308954548750825488003806496817542264484286256792174907065954 0 0 0 0 0 0 0 0 0 0 0 0 0 0 0 0 0 0 0 0 0 0 0 0 0 0 0 0 0 0 0 0 0 0 0 0 0 1 0 0 0 0 0 0 0 0 0 0 0 0 0 0 0 0 0 0 0 0 0 0 0 0 0]
[3863090363979415403178993951801075628051395353947294010791004406293024022914303153662269781243213989666252165047086396325869323340681430563634550384085982199129066422337753001685411799553936254 0 0 0 0 0 0 0 0 0 0 0 0 0 0 0 0 0 0 0 0 0 0 0 0 0 0 0 0 0 0 0 0 0 0 0 0 0 0 1 0 0 0 0 0 0 0 0 0 0 0 0 0 0 0 0 0 0 0 0 0 0 0 0]
[3031205886945498704820385537623392663421835050509603681555043755217963665182380271862430533976012518807023458112103435941377363798717395399825587808257023454240560789542228364158590423541338425 0 0 0 0 0 0 0 0 0 0 0 0 0 0 0 0 0 0 0 0 0 0 0 0 0 0 0 0 0 0 0 0 0 0 0 0 0 0 0 1 0 0 0 0 0 0 0 0 0 0 0 0 0 0 0 0 0 0 0 0 0 0 0]
[617244630705976028805708175315793850494221788254305950180860195389614932866677226852513086939800884595984513663289199959911775857790771441284300104884966109076826040548977585608039169548170141 0 0 0 0 0 0 0 0 0 0 0 0 0 0 0 0 0 0 0 0 0 0 0 0 0 0 0 0 0 0 0 0 0 0 0 0 0 0 0 0 1 0 0 0 0 0 0 0 0 0 0 0 0 0 0 0 0 0 0 0 0 0 0]
[1457391257869384728684500246514471296729395145918208754866205680324618253542853692560278897316179112023643932291115237043378890575670500542344578211440602689487518411945242451548765025008022591 0 0 0 0 0 0 0 0 0 0 0 0 0 0 0 0 0 0 0 0 0 0 0 0 0 0 0 0 0 0 0 0 0 0 0 0 0 0 0 0 0 1 0 0 0 0 0 0 0 0 0 0 0 0 0 0 0 0 0 0 0 0 0]
[1234556083393810939883604410808807513020094411542806193096265621383485040152256453751428715179977903574361969487234462980612625496744888049254664949116990243769907008659908360275726258763036872 0 0 0 0 0 0 0 0 0 0 0 0 0 0 0 0 0 0 0 0 0 0 0 0 0 0 0 0 0 0 0 0 0 0 0 0 0 0 0 0 0 0 1 0 0 0 0 0 0 0 0 0 0 0 0 0 0 0 0 0 0 0 0]
[122788293887752349079362532216610420692813490001772091689344025538807172006254158080338878837213449155370214162599958242173630671595904332219221508884202824179672006045190748772754770880816562 0 0 0 0 0 0 0 0 0 0 0 0 0 0 0 0 0 0 0 0 0 0 0 0 0 0 0 0 0 0 0 0 0 0 0 0 0 0 0 0 0 0 0 1 0 0 0 0 0 0 0 0 0 0 0 0 0 0 0 0 0 0 0]
[311246400823644557085443471429634178349272457575992372416974024425938773480541422725431269315342261551722608107288232086790157513336259553848764673312197169922982791915631014391433881031677464 0 0 0 0 0 0 0 0 0 0 0 0 0 0 0 0 0 0 0 0 0 0 0 0 0 0 0 0 0 0 0 0 0 0 0 0 0 0 0 0 0 0 0 0 1 0 0 0 0 0 0 0 0 0 0 0 0 0 0 0 0 0 0]
[1759202414677467367065609095847309673232933679142923914405534708481659035441815427013657546606544728089824834098075423434183310194608193204204764542737776370389151432695543414368994527065560311 0 0 0 0 0 0 0 0 0 0 0 0 0 0 0 0 0 0 0 0 0 0 0 0 0 0 0 0 0 0 0 0 0 0 0 0 0 0 0 0 0 0 0 0 0 1 0 0 0 0 0 0 0 0 0 0 0 0 0 0 0 0 0]
[3271744001191335650186067901593219438060956986074708033317468112694818330525079917393908286210658666031030575183459947494017397838548629004797392195366920225013110367774751491896109504251561978 0 0 0 0 0 0 0 0 0 0 0 0 0 0 0 0 0 0 0 0 0 0 0 0 0 0 0 0 0 0 0 0 0 0 0 0 0 0 0 0 0 0 0 0 0 0 1 0 0 0 0 0 0 0 0 0 0 0 0 0 0 0 0]
[370778951600695836317567324374481274005824072418692311487016954417083488873703666322537600764894896143571491563290342811922764760990962987078811339130521492148393801221750468076927514717235829 0 0 0 0 0 0 0 0 0 0 0 0 0 0 0 0 0 0 0 0 0 0 0 0 0 0 0 0 0 0 0 0 0 0 0 0 0 0 0 0 0 0 0 0 0 0 0 1 0 0 0 0 0 0 0 0 0 0 0 0 0 0 0]
[3175357215131092973347941642752578647270992212016803945157114726940268287671412300503508687819842755259120831869201417348221902428067551481657489871603913619422652691832658798061278055731240245 0 0 0 0 0 0 0 0 0 0 0 0 0 0 0 0 0 0 0 0 0 0 0 0 0 0 0 0 0 0 0 0 0 0 0 0 0 0 0 0 0 0 0 0 0 0 0 0 1 0 0 0 0 0 0 0 0 0 0 0 0 0 0]
[4173088599745542718864893624127484451648583145598213644953922693249874218368283908241406497712692278630721411373265656941755903362163131832228377770509006009226720314399563288163927723307190443 0 0 0 0 0 0 0 0 0 0 0 0 0 0 0 0 0 0 0 0 0 0 0 0 0 0 0 0 0 0 0 0 0 0 0 0 0 0 0 0 0 0 0 0 0 0 0 0 0 1 0 0 0 0 0 0 0 0 0 0 0 0 0]
[1672412758801396723531055404783214621647215339619756302461883525802127829691011598880846602043628721965547903408454053150941171137424511222682204066359587108813439473193281704883881745099062092 0 0 0 0 0 0 0 0 0 0 0 0 0 0 0 0 0 0 0 0 0 0 0 0 0 0 0 0 0 0 0 0 0 0 0 0 0 0 0 0 0 0 0 0 0 0 0 0 0 0 1 0 0 0 0 0 0 0 0 0 0 0 0]
[3502035722563041326851394280248708473080031947087462646166855844330957426707921627420527332352558418455063881552840676774302526297469474632230086484108679193450086165744490345670314991799518508 0 0 0 0 0 0 0 0 0 0 0 0 0 0 0 0 0 0 0 0 0 0 0 0 0 0 0 0 0 0 0 0 0 0 0 0 0 0 0 0 0 0 0 0 0 0 0 0 0 0 0 1 0 0 0 0 0 0 0 0 0 0 0]
[987423845850443178967051578227002896214892848083813703836176962828306930490437621063109583221790788324636244719723668549351857419458648360286367006683019335343006798568230636480651540676041332 0 0 0 0 0 0 0 0 0 0 0 0 0 0 0 0 0 0 0 0 0 0 0 0 0 0 0 0 0 0 0 0 0 0 0 0 0 0 0 0 0 0 0 0 0 0 0 0 0 0 0 0 1 0 0 0 0 0 0 0 0 0 0]
[1749922084056558215881746836583631938855885616881592129830105276808773155980874458064297797058428270678374575873615238287678393279286384734485231462159857950832871397667165727333221240019173762 0 0 0 0 0 0 0 0 0 0 0 0 0 0 0 0 0 0 0 0 0 0 0 0 0 0 0 0 0 0 0 0 0 0 0 0 0 0 0 0 0 0 0 0 0 0 0 0 0 0 0 0 0 1 0 0 0 0 0 0 0 0 0]
[3447671361590884753371321629346964483064345237760618577353845881260650178573970195647030236900314267868769447392799941133322183376248542344388411148521948040389608870773910622672823129497392634 0 0 0 0 0 0 0 0 0 0 0 0 0 0 0 0 0 0 0 0 0 0 0 0 0 0 0 0 0 0 0 0 0 0 0 0 0 0 0 0 0 0 0 0 0 0 0 0 0 0 0 0 0 0 1 0 0 0 0 0 0 0 0]
[3397046282919219886622253911856467722949064094330086434899901172202739928049122031315099328102225832868261573116487398723938075918950863120466175237302106547247600452277015222735319621263762571 0 0 0 0 0 0 0 0 0 0 0 0 0 0 0 0 0 0 0 0 0 0 0 0 0 0 0 0 0 0 0 0 0 0 0 0 0 0 0 0 0 0 0 0 0 0 0 0 0 0 0 0 0 0 0 1 0 0 0 0 0 0 0]
[3764186450595371332057967007168268532573762301639638672161978280751299829203310974657472815357289920091392966976211842453416608925466516452476364981616939513413445018774614931727734352516305124 0 0 0 0 0 0 0 0 0 0 0 0 0 0 0 0 0 0 0 0 0 0 0 0 0 0 0 0 0 0 0 0 0 0 0 0 0 0 0 0 0 0 0 0 0 0 0 0 0 0 0 0 0 0 0 0 1 0 0 0 0 0 0]
[2024380092765602739375669636540715949249644104746875223744201025093409630831821287397267871903424382246647698380443936500160673486598859655558422421952168104741363333434195221220696193565808198 0 0 0 0 0 0 0 0 0 0 0 0 0 0 0 0 0 0 0 0 0 0 0 0 0 0 0 0 0 0 0 0 0 0 0 0 0 0 0 0 0 0 0 0 0 0 0 0 0 0 0 0 0 0 0 0 0 1 0 0 0 0 0]
[233819789268965433585244858881350688960508290877426760937814837203808126836836047879240951369879441062889078129121868790060056827439021186816925546378756090716532091348480043556913694045396212 0 0 0 0 0 0 0 0 0 0 0 0 0 0 0 0 0 0 0 0 0 0 0 0 0 0 0 0 0 0 0 0 0 0 0 0 0 0 0 0 0 0 0 0 0 0 0 0 0 0 0 0 0 0 0 0 0 0 1 0 0 0 0]
[3165025454470766591647679398029187456072385816905793348561912743427283402944432645134649323197972392968990042179691081233766126991133475311269753041916672205163693781396787038200586734862262754 0 0 0 0 0 0 0 0 0 0 0 0 0 0 0 0 0 0 0 0 0 0 0 0 0 0 0 0 0 0 0 0 0 0 0 0 0 0 0 0 0 0 0 0 0 0 0 0 0 0 0 0 0 0 0 0 0 0 0 1 0 0 0]
[1169077203351555466019653992883992544637286143405652122222592548402659003606604118482735283777429920085525869081541009524857022710991824985802737065279311174504295329566549379213530044123470945 0 0 0 0 0 0 0 0 0 0 0 0 0 0 0 0 0 0 0 0 0 0 0 0 0 0 0 0 0 0 0 0 0 0 0 0 0 0 0 0 0 0 0 0 0 0 0 0 0 0 0 0 0 0 0 0 0 0 0 0 1 0 0]
[531081798658558635208842437482803647945694335995323256204104982782160222018627824262201505687577927047845157306517433071247761986945202359426413315408014611893453533847207335098634975156146273 0 0 0 0 0 0 0 0 0 0 0 0 0 0 0 0 0 0 0 0 0 0 0 0 0 0 0 0 0 0 0 0 0 0 0 0 0 0 0 0 0 0 0 0 0 0 0 0 0 0 0 0 0 0 0 0 0 0 0 0 0 1 0]
[4043621170315759168327666001884314344989780079817595810123933818079456982534924320594670070729059637220925460031939319680449771217536177123691989269833654365192916184753184786604338446528783205 0 0 0 0 0 0 0 0 0 0 0 0 0 0 0 0 0 0 0 0 0 0 0 0 0 0 0 0 0 0 0 0 0 0 0 0 0 0 0 0 0 0 0 0 0 0 0 0 0 0 0 0 0 0 0 0 0 0 0 0 0 0 1]
]
