[[7705793228724513722699325428729236540506759569089880123607732781791259115221821705136886742538113866883634605973392998493499568091000549224822457640678171589703189538571134948214211594138719819560954655602953083806129770111996282994325210825351183727752938353430424156813165641658501 0 0 0 0 0 0 0 0 0 0 0 0 0 0 0 0 0 0 0 0 0 0 0 0 0 0 0 0 0 0 0 0 0 0 0 0 0 0 0 0 0 0 0 0 0 0 0 0 0 0 0 0 0 0 0 0 0 0 0 0 0 0 0 0 0 0 0 0 0 0 0 0 0 0 0 0 0 0 0 0 0 0 0 0 0 0 0 0 0 0 0 0 0]
[6524938554917528561508643756663158035594839108434069899790535595325093619282204695249826033284074023118141101886820721201900925069825898831363988046990769217337578591087818213120646980157707535850646737926861521998154078070740677746074840416286912442846203025688039701154717615138609 1 0 0 0 0 0 0 0 0 0 0 0 0 0 0 0 0 0 0 0 0 0 0 0 0 0 0 0 0 0 0 0 0 0 0 0 0 0 0 0 0 0 0 0 0 0 0 0 0 0 0 0 0 0 0 0 0 0 0 0 0 0 0 0 0 0 0 0 0 0 0 0 0 0 0 0 0 0 0 0 0 0 0 0 0 0 0 0 0 0 0 0 0]
[5046823646917254332401891845537984888085712047725688582555055598812329276496164368301490265382717049690719175937262972350187178043056391558206927582074444196203857388334170584170196886213085200852183620612475250244063757237654063349666783461790644486432355561954405659476451002709691 0 1 0 0 0 0 0 0 0 0 0 0 0 0 0 0 0 0 0 0 0 0 0 0 0 0 0 0 0 0 0 0 0 0 0 0 0 0 0 0 0 0 0 0 0 0 0 0 0 0 0 0 0 0 0 0 0 0 0 0 0 0 0 0 0 0 0 0 0 0 0 0 0 0 0 0 0 0 0 0 0 0 0 0 0 0 0 0 0 0 0 0 0]
[2763636014239615034130821944438185739994266635873948840603570350462291341231843113993315438517434431206022720793745932555328103318728712695259105273077265540666921778020868089173554363615704453017257988540089559737420724761594389585885815182035024387765224833347037889991693127047806 0 0 1 0 0 0 0 0 0 0 0 0 0 0 0 0 0 0 0 0 0 0 0 0 0 0 0 0 0 0 0 0 0 0 0 0 0 0 0 0 0 0 0 0 0 0 0 0 0 0 0 0 0 0 0 0 0 0 0 0 0 0 0 0 0 0 0 0 0 0 0 0 0 0 0 0 0 0 0 0 0 0 0 0 0 0 0 0 0 0 0 0 0]
[1673663461840426700646266107353623536875084480610704493221007824711406934530740325177154779309551287724038569341357345341252521999131203577996114328705570384894828113422435005346248569461721680920742007065487732953241076267456226155019999758054563595272060750861609172193836544430080 0 0 0 1 0 0 0 0 0 0 0 0 0 0 0 0 0 0 0 0 0 0 0 0 0 0 0 0 0 0 0 0 0 0 0 0 0 0 0 0 0 0 0 0 0 0 0 0 0 0 0 0 0 0 0 0 0 0 0 0 0 0 0 0 0 0 0 0 0 0 0 0 0 0 0 0 0 0 0 0 0 0 0 0 0 0 0 0 0 0 0 0 0]
[6819990890204150721981410992361778946432277218297729164683008601249348118748800123527215029369102122138667379745133388821912565749494746303841527842195759474247137478110106811954864672672096221380099826565756547673317072722578694715237268527871320471947186933229449736144339188963650 0 0 0 0 1 0 0 0 0 0 0 0 0 0 0 0 0 0 0 0 0 0 0 0 0 0 0 0 0 0 0 0 0 0 0 0 0 0 0 0 0 0 0 0 0 0 0 0 0 0 0 0 0 0 0 0 0 0 0 0 0 0 0 0 0 0 0 0 0 0 0 0 0 0 0 0 0 0 0 0 0 0 0 0 0 0 0 0 0 0 0 0 0]
[1516481368710675821622086342580891538124574146308362929946549483115954717712155305549857203483628543429766598877525001230446584797717839790821653026582623949443088655263952164232854100195396010370975655105498425571620632590401558712370054708404723656617847115660329697470125119650829 0 0 0 0 0 1 0 0 0 0 0 0 0 0 0 0 0 0 0 0 0 0 0 0 0 0 0 0 0 0 0 0 0 0 0 0 0 0 0 0 0 0 0 0 0 0 0 0 0 0 0 0 0 0 0 0 0 0 0 0 0 0 0 0 0 0 0 0 0 0 0 0 0 0 0 0 0 0 0 0 0 0 0 0 0 0 0 0 0 0 0 0 0]
[2910489928546834799083635364891994312457512392112384281427070340004467299243269294613831046373875739585813333963150593452914237362486538442144926464947642015808620954591803870973752100447985343548927857144684932828885976451120485360007468801309363950303181324776285995167963322279646 0 0 0 0 0 0 1 0 0 0 0 0 0 0 0 0 0 0 0 0 0 0 0 0 0 0 0 0 0 0 0 0 0 0 0 0 0 0 0 0 0 0 0 0 0 0 0 0 0 0 0 0 0 0 0 0 0 0 0 0 0 0 0 0 0 0 0 0 0 0 0 0 0 0 0 0 0 0 0 0 0 0 0 0 0 0 0 0 0 0 0 0 0]
[4003197428773327983513780848889958237849589141487852351641131218329333223605509818297442777554879907422745267169726751968519519791568322666732862507459819294795560280835017991918775441391142509755021590312865248004457280401368635003333493872771060615299551000328945454395091098516305 0 0 0 0 0 0 0 1 0 0 0 0 0 0 0 0 0 0 0 0 0 0 0 0 0 0 0 0 0 0 0 0 0 0 0 0 0 0 0 0 0 0 0 0 0 0 0 0 0 0 0 0 0 0 0 0 0 0 0 0 0 0 0 0 0 0 0 0 0 0 0 0 0 0 0 0 0 0 0 0 0 0 0 0 0 0 0 0 0 0 0 0 0]
[2388205381287445000600962067413995135022018082501156343169608674903523239350583758918737477007461314856208106688274345077160595666332239302831317323729238916063490604167867978274549930559358703602434696946678304782392048988563631690270608535500287146168797218958513244914786663584196 0 0 0 0 0 0 0 0 1 0 0 0 0 0 0 0 0 0 0 0 0 0 0 0 0 0 0 0 0 0 0 0 0 0 0 0 0 0 0 0 0 0 0 0 0 0 0 0 0 0 0 0 0 0 0 0 0 0 0 0 0 0 0 0 0 0 0 0 0 0 0 0 0 0 0 0 0 0 0 0 0 0 0 0 0 0 0 0 0 0 0 0 0]
[407107276214300254128786581260380493615144829570667365551069289621329453935262701439632863143834416681155458515205616453604167799154725783995299449858495569743643540631848138418354773506253326349777436343847669110415657522935795375604787313737490287259115076582362400173163138699291 0 0 0 0 0 0 0 0 0 1 0 0 0 0 0 0 0 0 0 0 0 0 0 0 0 0 0 0 0 0 0 0 0 0 0 0 0 0 0 0 0 0 0 0 0 0 0 0 0 0 0 0 0 0 0 0 0 0 0 0 0 0 0 0 0 0 0 0 0 0 0 0 0 0 0 0 0 0 0 0 0 0 0 0 0 0 0 0 0 0 0 0 0]
[5655899741557116111045966166620527983819952846405653362473383138275104002152572516307868533233615373813229043667880647465974300403950904474846955457396206488475849071151958565072842050244750376715014661004383706431290877756539416440730141146034277923541222092398388182230556098179124 0 0 0 0 0 0 0 0 0 0 1 0 0 0 0 0 0 0 0 0 0 0 0 0 0 0 0 0 0 0 0 0 0 0 0 0 0 0 0 0 0 0 0 0 0 0 0 0 0 0 0 0 0 0 0 0 0 0 0 0 0 0 0 0 0 0 0 0 0 0 0 0 0 0 0 0 0 0 0 0 0 0 0 0 0 0 0 0 0 0 0 0 0]
[2676749425824895830694614680668646318902621350407760438714316516853118240672016238154384003997255283990727493490153396487516369669617120476611259745226862501474726739996703698397034638911671055591887227201667913372170206884765489033015639391731177164267517782912970401226921565189162 0 0 0 0 0 0 0 0 0 0 0 1 0 0 0 0 0 0 0 0 0 0 0 0 0 0 0 0 0 0 0 0 0 0 0 0 0 0 0 0 0 0 0 0 0 0 0 0 0 0 0 0 0 0 0 0 0 0 0 0 0 0 0 0 0 0 0 0 0 0 0 0 0 0 0 0 0 0 0 0 0 0 0 0 0 0 0 0 0 0 0 0 0]
[2899210682419558835247863808338695998906234278064598902143012623505517684600376666714077617123579694279264419773669562299726542988325579278050356021119532829857536066061235397157919174777411831985663154455341332556090872751857804080583086608135026878017162597956355798712010195185217 0 0 0 0 0 0 0 0 0 0 0 0 1 0 0 0 0 0 0 0 0 0 0 0 0 0 0 0 0 0 0 0 0 0 0 0 0 0 0 0 0 0 0 0 0 0 0 0 0 0 0 0 0 0 0 0 0 0 0 0 0 0 0 0 0 0 0 0 0 0 0 0 0 0 0 0 0 0 0 0 0 0 0 0 0 0 0 0 0 0 0 0 0]
[4705311629032461205308490611602362973010036163448156253683019013826709891660238373262879948126792884280196264599050852451123479123128683138888200950261993018468162702223134511056413597457727833747290972863034366364521333240297181769130077969687742362156248842547073321069918678090386 0 0 0 0 0 0 0 0 0 0 0 0 0 1 0 0 0 0 0 0 0 0 0 0 0 0 0 0 0 0 0 0 0 0 0 0 0 0 0 0 0 0 0 0 0 0 0 0 0 0 0 0 0 0 0 0 0 0 0 0 0 0 0 0 0 0 0 0 0 0 0 0 0 0 0 0 0 0 0 0 0 0 0 0 0 0 0 0 0 0 0 0 0]
[3445246150894919771308713208640648355576595142262624445902726460244503560001204865189372681978933644260981539023762388899621960411240188476839333728852779992088707661068906683985068533682032404352023197608532297867692067832381432590184995482749517896944474405900580936822353689607138 0 0 0 0 0 0 0 0 0 0 0 0 0 0 1 0 0 0 0 0 0 0 0 0 0 0 0 0 0 0 0 0 0 0 0 0 0 0 0 0 0 0 0 0 0 0 0 0 0 0 0 0 0 0 0 0 0 0 0 0 0 0 0 0 0 0 0 0 0 0 0 0 0 0 0 0 0 0 0 0 0 0 0 0 0 0 0 0 0 0 0 0 0]
[5883241026178111575365213072937466017983059706302189880236446828998940726630616452039523423573024865170908751947024665935949874359368061169430431791964837663655052608672742821114864090298992765543810257286599157585490396856653705091603733496768258985736498349865041492710050319512054 0 0 0 0 0 0 0 0 0 0 0 0 0 0 0 1 0 0 0 0 0 0 0 0 0 0 0 0 0 0 0 0 0 0 0 0 0 0 0 0 0 0 0 0 0 0 0 0 0 0 0 0 0 0 0 0 0 0 0 0 0 0 0 0 0 0 0 0 0 0 0 0 0 0 0 0 0 0 0 0 0 0 0 0 0 0 0 0 0 0 0 0 0]
[4412153264742220993768248942022232634700766781612096446756865517680024570962769235079361363962921483966060807091072857470172100991187356303703305925534260472064471785657967576603940901364772711816981880317564633844089750178977423004610473416333937557127521894361647036406582217134734 0 0 0 0 0 0 0 0 0 0 0 0 0 0 0 0 1 0 0 0 0 0 0 0 0 0 0 0 0 0 0 0 0 0 0 0 0 0 0 0 0 0 0 0 0 0 0 0 0 0 0 0 0 0 0 0 0 0 0 0 0 0 0 0 0 0 0 0 0 0 0 0 0 0 0 0 0 0 0 0 0 0 0 0 0 0 0 0 0 0 0 0 0]
[2121135796833714234137439181175502628414679129482282111452602412831972734847764505229562168354241259846718129107522340607570428556895533906986356040148866508818623630007115116302438428208044403731226602118877295168281868719695816946535976574153578626269741784508207009657818541311993 0 0 0 0 0 0 0 0 0 0 0 0 0 0 0 0 0 1 0 0 0 0 0 0 0 0 0 0 0 0 0 0 0 0 0 0 0 0 0 0 0 0 0 0 0 0 0 0 0 0 0 0 0 0 0 0 0 0 0 0 0 0 0 0 0 0 0 0 0 0 0 0 0 0 0 0 0 0 0 0 0 0 0 0 0 0 0 0 0 0 0 0 0]
[4304228541059129229782791145291769296132761216725111561956979083242399290436802161217617553877725485882418778779329262668644438218489294977098791008621330156621644853257079065001235852256884276205601191458667944729007855430649398259269797573575928459996557174493962320468472672486865 0 0 0 0 0 0 0 0 0 0 0 0 0 0 0 0 0 0 1 0 0 0 0 0 0 0 0 0 0 0 0 0 0 0 0 0 0 0 0 0 0 0 0 0 0 0 0 0 0 0 0 0 0 0 0 0 0 0 0 0 0 0 0 0 0 0 0 0 0 0 0 0 0 0 0 0 0 0 0 0 0 0 0 0 0 0 0 0 0 0 0 0 0]
[4561688227569450977298156596294519683874772548947755857066034930550779290837749042628142809585174445266791109376779647062702001410325238772037752152997973957807562197114760601573861221563428742204115444612454952926864431512545794683860071588614210812047540285468112681445478311686953 0 0 0 0 0 0 0 0 0 0 0 0 0 0 0 0 0 0 0 1 0 0 0 0 0 0 0 0 0 0 0 0 0 0 0 0 0 0 0 0 0 0 0 0 0 0 0 0 0 0 0 0 0 0 0 0 0 0 0 0 0 0 0 0 0 0 0 0 0 0 0 0 0 0 0 0 0 0 0 0 0 0 0 0 0 0 0 0 0 0 0 0 0]
[7268692390095858317613618803548476690231280727059775727271493331405962486065212466217034051186173159334268020601523586842918307166875096037824198864504375066885124583033827692859148478994223523288140499825831356416808761759550778269916386436434342017932171816996390020289664347221331 0 0 0 0 0 0 0 0 0 0 0 0 0 0 0 0 0 0 0 0 1 0 0 0 0 0 0 0 0 0 0 0 0 0 0 0 0 0 0 0 0 0 0 0 0 0 0 0 0 0 0 0 0 0 0 0 0 0 0 0 0 0 0 0 0 0 0 0 0 0 0 0 0 0 0 0 0 0 0 0 0 0 0 0 0 0 0 0 0 0 0 0 0]
[2750337099556435509521867552841491939980803309993295263607637261033924539693504458034024686400570807987693107742613082963651540054661910801593910004836522951667588201549400921370710313982125219402529953603947029715589498661668961163475488951874569173077806604964392727575230024853795 0 0 0 0 0 0 0 0 0 0 0 0 0 0 0 0 0 0 0 0 0 1 0 0 0 0 0 0 0 0 0 0 0 0 0 0 0 0 0 0 0 0 0 0 0 0 0 0 0 0 0 0 0 0 0 0 0 0 0 0 0 0 0 0 0 0 0 0 0 0 0 0 0 0 0 0 0 0 0 0 0 0 0 0 0 0 0 0 0 0 0 0 0]
[7527695270613028821366499393597516936564425479702765611206544887024935645176716033443879360454927432987461618323824146545832191146284413512382282942941833444546305410748497664911197220899631205332986501225280763013986985334729055066044943302745950631101596205812630552393228959757717 0 0 0 0 0 0 0 0 0 0 0 0 0 0 0 0 0 0 0 0 0 0 1 0 0 0 0 0 0 0 0 0 0 0 0 0 0 0 0 0 0 0 0 0 0 0 0 0 0 0 0 0 0 0 0 0 0 0 0 0 0 0 0 0 0 0 0 0 0 0 0 0 0 0 0 0 0 0 0 0 0 0 0 0 0 0 0 0 0 0 0 0 0]
[2130266441449486122716899945973323627822411367247307898719971318920200683416598043850114149745312792107308274748920584694763191775257910096387917851222041412585657912772332344189997443212647407901019961343770646270458639620848799800830818891491737729384387128047307187641801161221504 0 0 0 0 0 0 0 0 0 0 0 0 0 0 0 0 0 0 0 0 0 0 0 1 0 0 0 0 0 0 0 0 0 0 0 0 0 0 0 0 0 0 0 0 0 0 0 0 0 0 0 0 0 0 0 0 0 0 0 0 0 0 0 0 0 0 0 0 0 0 0 0 0 0 0 0 0 0 0 0 0 0 0 0 0 0 0 0 0 0 0 0 0]
[6660695962234812272578768391429100269988504899834798334688918065074290377543049139830608829597796390850877756108784545270969776453129348223911954269838312725181186480046640953891521424844276182438828558836214106869092535650333546060566063406062530626633413065602591213121390906500386 0 0 0 0 0 0 0 0 0 0 0 0 0 0 0 0 0 0 0 0 0 0 0 0 1 0 0 0 0 0 0 0 0 0 0 0 0 0 0 0 0 0 0 0 0 0 0 0 0 0 0 0 0 0 0 0 0 0 0 0 0 0 0 0 0 0 0 0 0 0 0 0 0 0 0 0 0 0 0 0 0 0 0 0 0 0 0 0 0 0 0 0 0]
[5494395831215734460474132394994217910055590073578115120088106775489031707200687988817149512365550367632602918694676021968506999531572857558346477948414080895713725485203630723139148730240500965979942548177165006534839599493263538860441387865309481922410526911591301056912204511820649 0 0 0 0 0 0 0 0 0 0 0 0 0 0 0 0 0 0 0 0 0 0 0 0 0 1 0 0 0 0 0 0 0 0 0 0 0 0 0 0 0 0 0 0 0 0 0 0 0 0 0 0 0 0 0 0 0 0 0 0 0 0 0 0 0 0 0 0 0 0 0 0 0 0 0 0 0 0 0 0 0 0 0 0 0 0 0 0 0 0 0 0 0]
[4507632223443090137281868738529273013418835831473605538776021280449602932768944453167605837264140843513517804130203045232500791686461427376238831384439416084098956820584391437549408129699658606283111730842168485158931125494938004552050806723759600161018121058671916967678939937763928 0 0 0 0 0 0 0 0 0 0 0 0 0 0 0 0 0 0 0 0 0 0 0 0 0 0 1 0 0 0 0 0 0 0 0 0 0 0 0 0 0 0 0 0 0 0 0 0 0 0 0 0 0 0 0 0 0 0 0 0 0 0 0 0 0 0 0 0 0 0 0 0 0 0 0 0 0 0 0 0 0 0 0 0 0 0 0 0 0 0 0 0 0]
[217899023046812155650008176574486206716150911935191024203637284958624292122581284637136664405627682562001745911377840922033661107518231705456777284806565628760242761223570915034926073861750315105082180719561219995578761990905110011628636061623599930110965898628184113664255420502407 0 0 0 0 0 0 0 0 0 0 0 0 0 0 0 0 0 0 0 0 0 0 0 0 0 0 0 1 0 0 0 0 0 0 0 0 0 0 0 0 0 0 0 0 0 0 0 0 0 0 0 0 0 0 0 0 0 0 0 0 0 0 0 0 0 0 0 0 0 0 0 0 0 0 0 0 0 0 0 0 0 0 0 0 0 0 0 0 0 0 0 0 0]
[2808344026047764960182904561532986044763487988082201721765653793388656014027692029952721948266327457593561484992833231727886768719208244077853061904058823748699952162314735718985868812073858223593880956252457724496215292849337099974951556655452688727208384442716761570915444658103063 0 0 0 0 0 0 0 0 0 0 0 0 0 0 0 0 0 0 0 0 0 0 0 0 0 0 0 0 1 0 0 0 0 0 0 0 0 0 0 0 0 0 0 0 0 0 0 0 0 0 0 0 0 0 0 0 0 0 0 0 0 0 0 0 0 0 0 0 0 0 0 0 0 0 0 0 0 0 0 0 0 0 0 0 0 0 0 0 0 0 0 0 0]
[484053988116579753027708777400579813696605105175160939513715117090191449611742692493246886310912497138334366090932696729830805880269662526492795260004741472728238176959236060160767926710870729191229317497541689657367559082672420284876415747877678764895530473538559898997468302371598 0 0 0 0 0 0 0 0 0 0 0 0 0 0 0 0 0 0 0 0 0 0 0 0 0 0 0 0 0 1 0 0 0 0 0 0 0 0 0 0 0 0 0 0 0 0 0 0 0 0 0 0 0 0 0 0 0 0 0 0 0 0 0 0 0 0 0 0 0 0 0 0 0 0 0 0 0 0 0 0 0 0 0 0 0 0 0 0 0 0 0 0 0]
[5598977809375407992382667005784043993419455466259344176164169643191352889698975532894896774571984362965321783312423932325567246305710068868602366512022935300681208356411929298606416943116461026408470380563047700404718265180195186029894290288225325263928058983212065824272636539934197 0 0 0 0 0 0 0 0 0 0 0 0 0 0 0 0 0 0 0 0 0 0 0 0 0 0 0 0 0 0 1 0 0 0 0 0 0 0 0 0 0 0 0 0 0 0 0 0 0 0 0 0 0 0 0 0 0 0 0 0 0 0 0 0 0 0 0 0 0 0 0 0 0 0 0 0 0 0 0 0 0 0 0 0 0 0 0 0 0 0 0 0 0]
[2388064138128077336543128977005898556889539261833043219431074125100452110842312339003636740995171086946260342771797045428696249114754671663747494665080626910298717829327552041849669452042264168299014949789002224024466174548805649490634542787584195984254708088718915304063060435272913 0 0 0 0 0 0 0 0 0 0 0 0 0 0 0 0 0 0 0 0 0 0 0 0 0 0 0 0 0 0 0 1 0 0 0 0 0 0 0 0 0 0 0 0 0 0 0 0 0 0 0 0 0 0 0 0 0 0 0 0 0 0 0 0 0 0 0 0 0 0 0 0 0 0 0 0 0 0 0 0 0 0 0 0 0 0 0 0 0 0 0 0 0]
[1385227653936224954545247581091807650068324238402916792065436256055367361229399466349451413591755428752017907116062300890014886162818509600397728178127283859655216226803220370080522970917027230432769968728619069199061951074820658532468479749008222541080347931692966546269228938311333 0 0 0 0 0 0 0 0 0 0 0 0 0 0 0 0 0 0 0 0 0 0 0 0 0 0 0 0 0 0 0 0 1 0 0 0 0 0 0 0 0 0 0 0 0 0 0 0 0 0 0 0 0 0 0 0 0 0 0 0 0 0 0 0 0 0 0 0 0 0 0 0 0 0 0 0 0 0 0 0 0 0 0 0 0 0 0 0 0 0 0 0 0]
[1909066547414029554537493787300457984606694275664875346441037244706228349666365388152570391580069186583102066015765399799849969655063259473718227746207811194389654633432110979133138896765180404490685890267431933622522349371403957630353771913238189525477677490770183177140553749429576 0 0 0 0 0 0 0 0 0 0 0 0 0 0 0 0 0 0 0 0 0 0 0 0 0 0 0 0 0 0 0 0 0 1 0 0 0 0 0 0 0 0 0 0 0 0 0 0 0 0 0 0 0 0 0 0 0 0 0 0 0 0 0 0 0 0 0 0 0 0 0 0 0 0 0 0 0 0 0 0 0 0 0 0 0 0 0 0 0 0 0 0 0]
[6670512593890113120862490150093256528832107958371167713265300542129829094091945501952721784839976047612054573724022681470514694676039552443571882297277589597995520374720425148169023137337554558169951430137891325411658310369274218110042572432310132800287723678809502841200218621622921 0 0 0 0 0 0 0 0 0 0 0 0 0 0 0 0 0 0 0 0 0 0 0 0 0 0 0 0 0 0 0 0 0 0 1 0 0 0 0 0 0 0 0 0 0 0 0 0 0 0 0 0 0 0 0 0 0 0 0 0 0 0 0 0 0 0 0 0 0 0 0 0 0 0 0 0 0 0 0 0 0 0 0 0 0 0 0 0 0 0 0 0 0]
[52423376666795101478384884389872226827282812999746803745755045485350745536710385877383513377783338324330829466872861229806663298053926456581468740752178344927425659076793267412089299755369642541181094899070945042569880475800778242711823300832285939479262580907146006555197375991061 0 0 0 0 0 0 0 0 0 0 0 0 0 0 0 0 0 0 0 0 0 0 0 0 0 0 0 0 0 0 0 0 0 0 0 1 0 0 0 0 0 0 0 0 0 0 0 0 0 0 0 0 0 0 0 0 0 0 0 0 0 0 0 0 0 0 0 0 0 0 0 0 0 0 0 0 0 0 0 0 0 0 0 0 0 0 0 0 0 0 0 0 0]
[968930155159046468371593023925053024051916650393461954081678012343467652989886165233341284986901336481570217051527316868740944476923418574643748326350746443055402975606328504145825500090634803691488544447564560172063643727926601596964270564815350952267352255126855248696290066502968 0 0 0 0 0 0 0 0 0 0 0 0 0 0 0 0 0 0 0 0 0 0 0 0 0 0 0 0 0 0 0 0 0 0 0 0 1 0 0 0 0 0 0 0 0 0 0 0 0 0 0 0 0 0 0 0 0 0 0 0 0 0 0 0 0 0 0 0 0 0 0 0 0 0 0 0 0 0 0 0 0 0 0 0 0 0 0 0 0 0 0 0 0]
[1059972470627534605092980736277027338763730922708364572748415756879077572449454110285223717280950310081337244586203661642808314269341174414084007925534827950623170073996145900427467886035868143887393125257482129240957592043408670112754040113545480864605887016409839111436683533227613 0 0 0 0 0 0 0 0 0 0 0 0 0 0 0 0 0 0 0 0 0 0 0 0 0 0 0 0 0 0 0 0 0 0 0 0 0 1 0 0 0 0 0 0 0 0 0 0 0 0 0 0 0 0 0 0 0 0 0 0 0 0 0 0 0 0 0 0 0 0 0 0 0 0 0 0 0 0 0 0 0 0 0 0 0 0 0 0 0 0 0 0 0]
[3902135524948172434699278476842649459245269044160295952071843238952354607696485666843273241307822422600448312766830056807199474941791952089669863795214692455050903894857262543390444425647062555188047418124441520643602668206803316249154545422760627062590029166117118553284775887787707 0 0 0 0 0 0 0 0 0 0 0 0 0 0 0 0 0 0 0 0 0 0 0 0 0 0 0 0 0 0 0 0 0 0 0 0 0 0 1 0 0 0 0 0 0 0 0 0 0 0 0 0 0 0 0 0 0 0 0 0 0 0 0 0 0 0 0 0 0 0 0 0 0 0 0 0 0 0 0 0 0 0 0 0 0 0 0 0 0 0 0 0 0]
[850278719590716368434590398489296474511832084613723543903982394753897618859420667413893673274781793796398205491124941199305636558567797507430723606267475925636317731897239400209880542940090381645085801256731387951863661895782095713112021812222179132168332415245071005572465873218568 0 0 0 0 0 0 0 0 0 0 0 0 0 0 0 0 0 0 0 0 0 0 0 0 0 0 0 0 0 0 0 0 0 0 0 0 0 0 0 1 0 0 0 0 0 0 0 0 0 0 0 0 0 0 0 0 0 0 0 0 0 0 0 0 0 0 0 0 0 0 0 0 0 0 0 0 0 0 0 0 0 0 0 0 0 0 0 0 0 0 0 0 0]
[108650384408370592275838389729590072671772362066831031597849336220131600685553524286344547754268920129658499658350253562597172632769024448829173744689228022437036389095073863766972473403274290981412092801671189751452245317875083158138927850272778804096630102112794013169346372901932 0 0 0 0 0 0 0 0 0 0 0 0 0 0 0 0 0 0 0 0 0 0 0 0 0 0 0 0 0 0 0 0 0 0 0 0 0 0 0 0 1 0 0 0 0 0 0 0 0 0 0 0 0 0 0 0 0 0 0 0 0 0 0 0 0 0 0 0 0 0 0 0 0 0 0 0 0 0 0 0 0 0 0 0 0 0 0 0 0 0 0 0 0]
[692532012691153804450965260490637293689466002102418192526466115361491347781061598256583953010953894395805309093342759947515909300413616959006054318517896930136804102241699904076892139131907482462111288682837374907347816727821419168189909087093818980536377089113854155030048245635886 0 0 0 0 0 0 0 0 0 0 0 0 0 0 0 0 0 0 0 0 0 0 0 0 0 0 0 0 0 0 0 0 0 0 0 0 0 0 0 0 0 1 0 0 0 0 0 0 0 0 0 0 0 0 0 0 0 0 0 0 0 0 0 0 0 0 0 0 0 0 0 0 0 0 0 0 0 0 0 0 0 0 0 0 0 0 0 0 0 0 0 0 0]
[2629138945303452410118395627425721331458483879034495936193652713323458326808143403091156204173266580581218757050825447230996046222431651130132795494410250556363201523866289885098827433568893883482148888253588906145795025969233813980029234892830671860053251343503795196342526712584861 0 0 0 0 0 0 0 0 0 0 0 0 0 0 0 0 0 0 0 0 0 0 0 0 0 0 0 0 0 0 0 0 0 0 0 0 0 0 0 0 0 0 1 0 0 0 0 0 0 0 0 0 0 0 0 0 0 0 0 0 0 0 0 0 0 0 0 0 0 0 0 0 0 0 0 0 0 0 0 0 0 0 0 0 0 0 0 0 0 0 0 0 0]
[1105200085833779170040030013397269844065420537393919154082212902742245735365805859048893477361168936179456504631842237687077698407566574310203973774350996148081099273468662639105969354128954743198002623251048556387073172602268373548209392782022481179652492043635300541556380729276957 0 0 0 0 0 0 0 0 0 0 0 0 0 0 0 0 0 0 0 0 0 0 0 0 0 0 0 0 0 0 0 0 0 0 0 0 0 0 0 0 0 0 0 1 0 0 0 0 0 0 0 0 0 0 0 0 0 0 0 0 0 0 0 0 0 0 0 0 0 0 0 0 0 0 0 0 0 0 0 0 0 0 0 0 0 0 0 0 0 0 0 0 0]
[3955282117289614116017367274279390189879525292576113370617580092544224851542539006904618583238394082559800887027881012000399855281568719963553556915807291100860111697693104808492518875937332007814608820693132129416020560072303996616319150066084299274209446176022557088968291042757911 0 0 0 0 0 0 0 0 0 0 0 0 0 0 0 0 0 0 0 0 0 0 0 0 0 0 0 0 0 0 0 0 0 0 0 0 0 0 0 0 0 0 0 0 1 0 0 0 0 0 0 0 0 0 0 0 0 0 0 0 0 0 0 0 0 0 0 0 0 0 0 0 0 0 0 0 0 0 0 0 0 0 0 0 0 0 0 0 0 0 0 0 0]
[7603702206154138667889773533762819576397792421002892120825279373420050525766245746665792469036319206694670877573838643173509347300058845532154013103915801887837493888104706205142342554742525789022509509459189039696125681357292115705060020894064681457086459566511784371766436215406313 0 0 0 0 0 0 0 0 0 0 0 0 0 0 0 0 0 0 0 0 0 0 0 0 0 0 0 0 0 0 0 0 0 0 0 0 0 0 0 0 0 0 0 0 0 1 0 0 0 0 0 0 0 0 0 0 0 0 0 0 0 0 0 0 0 0 0 0 0 0 0 0 0 0 0 0 0 0 0 0 0 0 0 0 0 0 0 0 0 0 0 0 0]
[6849977671325601199442833605862509213162441845027957468825044732550589600287832313899946110383153135577511209488650360276160178686878346352470425472633045612731291792794856735208902765571720714026742902083722394943382125556902488826175093129158390124593708829481324529138170825182793 0 0 0 0 0 0 0 0 0 0 0 0 0 0 0 0 0 0 0 0 0 0 0 0 0 0 0 0 0 0 0 0 0 0 0 0 0 0 0 0 0 0 0 0 0 0 1 0 0 0 0 0 0 0 0 0 0 0 0 0 0 0 0 0 0 0 0 0 0 0 0 0 0 0 0 0 0 0 0 0 0 0 0 0 0 0 0 0 0 0 0 0 0]
[3793785175362129101535990086848346952085828507335087547240259166696710196123081074373207428836320065399504705740131595208450538737892548632332856354331926759315268758750769928267451060246215917458317462001440349910509369988319405207428276527253284627648046830023369333608881695328165 0 0 0 0 0 0 0 0 0 0 0 0 0 0 0 0 0 0 0 0 0 0 0 0 0 0 0 0 0 0 0 0 0 0 0 0 0 0 0 0 0 0 0 0 0 0 0 1 0 0 0 0 0 0 0 0 0 0 0 0 0 0 0 0 0 0 0 0 0 0 0 0 0 0 0 0 0 0 0 0 0 0 0 0 0 0 0 0 0 0 0 0 0]
[1257672992838969930797974500730596956909685119226568763479909841303702263573937765683282354736934499842301839020888762604728765775838565834938779621645605120346343668025424576181626175271429892323004648503385890276954434204177531944630073992987221044968978687659376682226018342239089 0 0 0 0 0 0 0 0 0 0 0 0 0 0 0 0 0 0 0 0 0 0 0 0 0 0 0 0 0 0 0 0 0 0 0 0 0 0 0 0 0 0 0 0 0 0 0 0 1 0 0 0 0 0 0 0 0 0 0 0 0 0 0 0 0 0 0 0 0 0 0 0 0 0 0 0 0 0 0 0 0 0 0 0 0 0 0 0 0 0 0 0 0]
[559213011551720678118260434293130611682262225614987907824764213749449077418368621951431934703065155148228174965764985893945487984994770914073504232730423479701777402547469385197631641748377164241874148984547750753028820495334855081854404562518450549830513414139277882202813995746891 0 0 0 0 0 0 0 0 0 0 0 0 0 0 0 0 0 0 0 0 0 0 0 0 0 0 0 0 0 0 0 0 0 0 0 0 0 0 0 0 0 0 0 0 0 0 0 0 0 1 0 0 0 0 0 0 0 0 0 0 0 0 0 0 0 0 0 0 0 0 0 0 0 0 0 0 0 0 0 0 0 0 0 0 0 0 0 0 0 0 0 0 0]
[1901479211188039694400706358744382572205651254185148294829812617370322256833001199881127154959683458296122338317198325397698773332741670592825760397724039189772141341686608279457375055094744041756019229641626794435154938149569025150944697621886990890085674736203546291311203507420239 0 0 0 0 0 0 0 0 0 0 0 0 0 0 0 0 0 0 0 0 0 0 0 0 0 0 0 0 0 0 0 0 0 0 0 0 0 0 0 0 0 0 0 0 0 0 0 0 0 0 1 0 0 0 0 0 0 0 0 0 0 0 0 0 0 0 0 0 0 0 0 0 0 0 0 0 0 0 0 0 0 0 0 0 0 0 0 0 0 0 0 0 0]
[2981301567546806689636691343864305192501460289209008502059439645331622648012911308052120089563748038034335346131206010960289629927237282135412777627551742080568391945304162652166751741947177597300505582822363890251460043417671819536298017500598389789209494909653715627141167434663588 0 0 0 0 0 0 0 0 0 0 0 0 0 0 0 0 0 0 0 0 0 0 0 0 0 0 0 0 0 0 0 0 0 0 0 0 0 0 0 0 0 0 0 0 0 0 0 0 0 0 0 1 0 0 0 0 0 0 0 0 0 0 0 0 0 0 0 0 0 0 0 0 0 0 0 0 0 0 0 0 0 0 0 0 0 0 0 0 0 0 0 0 0]
[2863981211085065486442990410499284368528364851205343592961901958993340034757463545570797901905984150324128369305315340444702774374115769193612099520576993487114159070432436090405970821425689702464842795171511376034649744952970034873197621335930740840318195346190433623881727941673008 0 0 0 0 0 0 0 0 0 0 0 0 0 0 0 0 0 0 0 0 0 0 0 0 0 0 0 0 0 0 0 0 0 0 0 0 0 0 0 0 0 0 0 0 0 0 0 0 0 0 0 0 1 0 0 0 0 0 0 0 0 0 0 0 0 0 0 0 0 0 0 0 0 0 0 0 0 0 0 0 0 0 0 0 0 0 0 0 0 0 0 0 0]
[7475765440612229716235110817450784575270804644759895155525978260479817264167280266936820378451736699719678568949769136102167733423285347492767971812520868925787297743448851021651027896250028370023610375654700952347636492288264195238036371582822921837253767044841959993710966934121574 0 0 0 0 0 0 0 0 0 0 0 0 0 0 0 0 0 0 0 0 0 0 0 0 0 0 0 0 0 0 0 0 0 0 0 0 0 0 0 0 0 0 0 0 0 0 0 0 0 0 0 0 0 1 0 0 0 0 0 0 0 0 0 0 0 0 0 0 0 0 0 0 0 0 0 0 0 0 0 0 0 0 0 0 0 0 0 0 0 0 0 0 0]
[1204428031787002829093142068927944206293147451754991625033544848843108003324941437486086392320723758718026925220665758851195324803476544636123800259783066197436970045090644470064447825643484194637107598882940005364525115309701964691000660662812612995224655657356186372566772901222201 0 0 0 0 0 0 0 0 0 0 0 0 0 0 0 0 0 0 0 0 0 0 0 0 0 0 0 0 0 0 0 0 0 0 0 0 0 0 0 0 0 0 0 0 0 0 0 0 0 0 0 0 0 0 1 0 0 0 0 0 0 0 0 0 0 0 0 0 0 0 0 0 0 0 0 0 0 0 0 0 0 0 0 0 0 0 0 0 0 0 0 0 0]
[5863936851918134195112865540474495515802621469542048395786953578584285130382924015934773429135672700071044743921778703855088996041417144288304516330450291837405423735689326884901404617044393545476827232635875987644643699466711563169514911275922722581302058466162875141065589508707185 0 0 0 0 0 0 0 0 0 0 0 0 0 0 0 0 0 0 0 0 0 0 0 0 0 0 0 0 0 0 0 0 0 0 0 0 0 0 0 0 0 0 0 0 0 0 0 0 0 0 0 0 0 0 0 1 0 0 0 0 0 0 0 0 0 0 0 0 0 0 0 0 0 0 0 0 0 0 0 0 0 0 0 0 0 0 0 0 0 0 0 0 0]
[2756418682256524316491790862955203354554415297278308232370130042053868819180383792256924483706168525322182378451197773576599796099861065741064713636058619617431953926880666827109003838458387729035282926470473972744769050057443976848825506897308401767177231116899196015000552092162902 0 0 0 0 0 0 0 0 0 0 0 0 0 0 0 0 0 0 0 0 0 0 0 0 0 0 0 0 0 0 0 0 0 0 0 0 0 0 0 0 0 0 0 0 0 0 0 0 0 0 0 0 0 0 0 0 1 0 0 0 0 0 0 0 0 0 0 0 0 0 0 0 0 0 0 0 0 0 0 0 0 0 0 0 0 0 0 0 0 0 0 0 0]
[7018834947807320248947942619692949800710112569492891410320123068543140850949258834279614847701249963562910120520401076609233989326717399781757695948018107815844887023128432469360375853625996753810141522977531248866983157826447110617561203575976277309154201360852048523773754166750413 0 0 0 0 0 0 0 0 0 0 0 0 0 0 0 0 0 0 0 0 0 0 0 0 0 0 0 0 0 0 0 0 0 0 0 0 0 0 0 0 0 0 0 0 0 0 0 0 0 0 0 0 0 0 0 0 0 1 0 0 0 0 0 0 0 0 0 0 0 0 0 0 0 0 0 0 0 0 0 0 0 0 0 0 0 0 0 0 0 0 0 0 0]
[6214131290162357296460787325516788811343690976705690054289944002171628019676574963737357443018757114051935305716736095644925374606388648790300862907406405266420721650050099681494456664563831828942673375886073665131982441966884638387970319085963221705891885056222285167928221785111511 0 0 0 0 0 0 0 0 0 0 0 0 0 0 0 0 0 0 0 0 0 0 0 0 0 0 0 0 0 0 0 0 0 0 0 0 0 0 0 0 0 0 0 0 0 0 0 0 0 0 0 0 0 0 0 0 0 0 1 0 0 0 0 0 0 0 0 0 0 0 0 0 0 0 0 0 0 0 0 0 0 0 0 0 0 0 0 0 0 0 0 0 0]
[3603482115432017835186480845965585504118686005037865147846996660437047033552363974019274489004085068349814250652556347199100118387137087300691526863760944398274571675768122133131334584792767472184199702086216767887439277865640245526434642921991691332643587292041049765952996709711852 0 0 0 0 0 0 0 0 0 0 0 0 0 0 0 0 0 0 0 0 0 0 0 0 0 0 0 0 0 0 0 0 0 0 0 0 0 0 0 0 0 0 0 0 0 0 0 0 0 0 0 0 0 0 0 0 0 0 0 1 0 0 0 0 0 0 0 0 0 0 0 0 0 0 0 0 0 0 0 0 0 0 0 0 0 0 0 0 0 0 0 0 0]
[1109896955715987803936207049064776605767698752029114924024022913396114705754368062115698345462116008154957953035404509651665502054527353243846447290789107257960491533687786495150247947237678818480598525474089255828418679908667147925432132481776380811730832699450439322787378836283561 0 0 0 0 0 0 0 0 0 0 0 0 0 0 0 0 0 0 0 0 0 0 0 0 0 0 0 0 0 0 0 0 0 0 0 0 0 0 0 0 0 0 0 0 0 0 0 0 0 0 0 0 0 0 0 0 0 0 0 0 1 0 0 0 0 0 0 0 0 0 0 0 0 0 0 0 0 0 0 0 0 0 0 0 0 0 0 0 0 0 0 0 0]
[5806079256463165777085659186063843179386597557953502278691573986205238894360372290139084122393162862369149825770235967092547331302896605958162119257225638715827505535087605781331843674495326573128756680892208808964712502596773795289395514192495678573849496764148872338225479738304578 0 0 0 0 0 0 0 0 0 0 0 0 0 0 0 0 0 0 0 0 0 0 0 0 0 0 0 0 0 0 0 0 0 0 0 0 0 0 0 0 0 0 0 0 0 0 0 0 0 0 0 0 0 0 0 0 0 0 0 0 0 1 0 0 0 0 0 0 0 0 0 0 0 0 0 0 0 0 0 0 0 0 0 0 0 0 0 0 0 0 0 0 0]
[3868714084297408105811017261175959246858367763442939755083680151513699151103818382140110641497087633012225119177321707565535622577063884050710409168892268444517384519695507734077368969073768552873085942725594969878441191447540081292526552236306452883721799628375830031613896516796635 0 0 0 0 0 0 0 0 0 0 0 0 0 0 0 0 0 0 0 0 0 0 0 0 0 0 0 0 0 0 0 0 0 0 0 0 0 0 0 0 0 0 0 0 0 0 0 0 0 0 0 0 0 0 0 0 0 0 0 0 0 0 1 0 0 0 0 0 0 0 0 0 0 0 0 0 0 0 0 0 0 0 0 0 0 0 0 0 0 0 0 0 0]
[1178468327555868675468631137263765254927839374993649356876358921139319779373846708310639072781745845491500746601263906787413543931110689422933336012376017643179441690065882510829049620613003617047508717189368400945728876398728505789440626518052341788914269670738487822355082030083928 0 0 0 0 0 0 0 0 0 0 0 0 0 0 0 0 0 0 0 0 0 0 0 0 0 0 0 0 0 0 0 0 0 0 0 0 0 0 0 0 0 0 0 0 0 0 0 0 0 0 0 0 0 0 0 0 0 0 0 0 0 0 0 1 0 0 0 0 0 0 0 0 0 0 0 0 0 0 0 0 0 0 0 0 0 0 0 0 0 0 0 0 0]
[3617958398747195058439641308372859011693172934297219459157218980448693873653212025095173034063501058529499491152446567206554768962915971689221319465829808245391482200904608310614614307401973695039629161637614319929831222050554974704578523359724688825504768527851227491134709735313604 0 0 0 0 0 0 0 0 0 0 0 0 0 0 0 0 0 0 0 0 0 0 0 0 0 0 0 0 0 0 0 0 0 0 0 0 0 0 0 0 0 0 0 0 0 0 0 0 0 0 0 0 0 0 0 0 0 0 0 0 0 0 0 0 1 0 0 0 0 0 0 0 0 0 0 0 0 0 0 0 0 0 0 0 0 0 0 0 0 0 0 0 0]
[1583094211087673661104501921182864614743671289323305353289846274626416160501726186468455277597512729888602067645140923495490564688005671476923026098747961897935565194077649919211200080203481230922381102340583517719566234408714942592839712540283680708165376125857411031759581298373659 0 0 0 0 0 0 0 0 0 0 0 0 0 0 0 0 0 0 0 0 0 0 0 0 0 0 0 0 0 0 0 0 0 0 0 0 0 0 0 0 0 0 0 0 0 0 0 0 0 0 0 0 0 0 0 0 0 0 0 0 0 0 0 0 0 1 0 0 0 0 0 0 0 0 0 0 0 0 0 0 0 0 0 0 0 0 0 0 0 0 0 0 0]
[4338039724251435399804363323721568224233505246568139578543787709873254326326642199865827543177610916790325077940205171106448035263084737592407846380598793753732968043279445697643885449981977004510419755999064025176202768677179557317531967674798624500812498369341930465349154965741939 0 0 0 0 0 0 0 0 0 0 0 0 0 0 0 0 0 0 0 0 0 0 0 0 0 0 0 0 0 0 0 0 0 0 0 0 0 0 0 0 0 0 0 0 0 0 0 0 0 0 0 0 0 0 0 0 0 0 0 0 0 0 0 0 0 0 1 0 0 0 0 0 0 0 0 0 0 0 0 0 0 0 0 0 0 0 0 0 0 0 0 0 0]
[799909916028699689043231785845169934836179738118762505170556340605125472045471019089582279897179018586717114974746764645165387716770768840652023175904991645823711478051673331889867293175477898837346686309641466374301531926232699848987096664183257823957178444040964750613650064251098 0 0 0 0 0 0 0 0 0 0 0 0 0 0 0 0 0 0 0 0 0 0 0 0 0 0 0 0 0 0 0 0 0 0 0 0 0 0 0 0 0 0 0 0 0 0 0 0 0 0 0 0 0 0 0 0 0 0 0 0 0 0 0 0 0 0 0 1 0 0 0 0 0 0 0 0 0 0 0 0 0 0 0 0 0 0 0 0 0 0 0 0 0]
[6319154859066163205988687738126699234360754559798008809281543549960434440897185769223079568479785099332743679574132699333097260856542869072349355599567464511223944238931612508002816618225720572236690152231537905606968622703711725454516270256452926005172514857433037857972597687033212 0 0 0 0 0 0 0 0 0 0 0 0 0 0 0 0 0 0 0 0 0 0 0 0 0 0 0 0 0 0 0 0 0 0 0 0 0 0 0 0 0 0 0 0 0 0 0 0 0 0 0 0 0 0 0 0 0 0 0 0 0 0 0 0 0 0 0 0 1 0 0 0 0 0 0 0 0 0 0 0 0 0 0 0 0 0 0 0 0 0 0 0 0]
[1405998363091061865868468143581744609946779113221696151392878758469635005996162655755596759688387461223576944874786702644335100470175553079515264115509940872701935529329319950247340796130691758092585575779759839942439055575995891566999243990595757956578640634402690894858747803042175 0 0 0 0 0 0 0 0 0 0 0 0 0 0 0 0 0 0 0 0 0 0 0 0 0 0 0 0 0 0 0 0 0 0 0 0 0 0 0 0 0 0 0 0 0 0 0 0 0 0 0 0 0 0 0 0 0 0 0 0 0 0 0 0 0 0 0 0 0 1 0 0 0 0 0 0 0 0 0 0 0 0 0 0 0 0 0 0 0 0 0 0 0]
[5384791612349915631266008011133755110161632358954139570723442719377228287650789051198416268292998947218492175242843993927571133211981488677597598256306150152041057099561818953861319600388587715658757568488971116608081300563233313752655708560543576696051067251022150778981047495683283 0 0 0 0 0 0 0 0 0 0 0 0 0 0 0 0 0 0 0 0 0 0 0 0 0 0 0 0 0 0 0 0 0 0 0 0 0 0 0 0 0 0 0 0 0 0 0 0 0 0 0 0 0 0 0 0 0 0 0 0 0 0 0 0 0 0 0 0 0 0 1 0 0 0 0 0 0 0 0 0 0 0 0 0 0 0 0 0 0 0 0 0 0]
[5426319806567357351896672776732658571293008290850747181359540162547905727474039506676143736752542890196565187698882837429361763057780953643888264701135514359170231848851963446889654121671915713606868581046815926962688362248784371396383358819563981562568363577488196405370652625770230 0 0 0 0 0 0 0 0 0 0 0 0 0 0 0 0 0 0 0 0 0 0 0 0 0 0 0 0 0 0 0 0 0 0 0 0 0 0 0 0 0 0 0 0 0 0 0 0 0 0 0 0 0 0 0 0 0 0 0 0 0 0 0 0 0 0 0 0 0 0 0 1 0 0 0 0 0 0 0 0 0 0 0 0 0 0 0 0 0 0 0 0 0]
[6396675712779841952909173366095069903526697097874881838683085789616234289748972870832973289271051573975292687494546619616130588700812775223391446182868754740519162957404408830241803346809242063157300906626737651840283587564673866303932981711759789522904898852332408114175185830379059 0 0 0 0 0 0 0 0 0 0 0 0 0 0 0 0 0 0 0 0 0 0 0 0 0 0 0 0 0 0 0 0 0 0 0 0 0 0 0 0 0 0 0 0 0 0 0 0 0 0 0 0 0 0 0 0 0 0 0 0 0 0 0 0 0 0 0 0 0 0 0 0 1 0 0 0 0 0 0 0 0 0 0 0 0 0 0 0 0 0 0 0 0]
[4585124718436628468408089652425470255733983803751601320619244077318752262594597442429119053007793765404689855061686980695779968438896445469378192438142934656549396397928477153793221295497726520274850002481767141469168702344445313963421274599038794915707584240490092339007672394264518 0 0 0 0 0 0 0 0 0 0 0 0 0 0 0 0 0 0 0 0 0 0 0 0 0 0 0 0 0 0 0 0 0 0 0 0 0 0 0 0 0 0 0 0 0 0 0 0 0 0 0 0 0 0 0 0 0 0 0 0 0 0 0 0 0 0 0 0 0 0 0 0 0 1 0 0 0 0 0 0 0 0 0 0 0 0 0 0 0 0 0 0 0]
[2487935085650021902456656492779322748821801522774268767975914590602566669556396429144732174340639126544287326442212562981652568978661689253943142533392863818282244639755640976531272400746059085396691034139990504614351151304859560502300503516945072612059294044960755691480975941193421 0 0 0 0 0 0 0 0 0 0 0 0 0 0 0 0 0 0 0 0 0 0 0 0 0 0 0 0 0 0 0 0 0 0 0 0 0 0 0 0 0 0 0 0 0 0 0 0 0 0 0 0 0 0 0 0 0 0 0 0 0 0 0 0 0 0 0 0 0 0 0 0 0 0 1 0 0 0 0 0 0 0 0 0 0 0 0 0 0 0 0 0 0]
[5480528318173183319689479665044275011300199339117023389441966792015219430667296512836267497328992039485081676871021917777756780611979468344844910639166925905088602630512138920962630852392489117852633408885714829912573241078155298474082887463103203686758824708905999944187781113995520 0 0 0 0 0 0 0 0 0 0 0 0 0 0 0 0 0 0 0 0 0 0 0 0 0 0 0 0 0 0 0 0 0 0 0 0 0 0 0 0 0 0 0 0 0 0 0 0 0 0 0 0 0 0 0 0 0 0 0 0 0 0 0 0 0 0 0 0 0 0 0 0 0 0 0 1 0 0 0 0 0 0 0 0 0 0 0 0 0 0 0 0 0]
[5449834529513159622875377747074868563477091040572673533600045356745423351911609260860187663480557649160850104136178709562057970699626502996858754914570734201238525631944763385875154781862460500913674008126958387584242303718299829212440497320814436926052560530745642286735700094265621 0 0 0 0 0 0 0 0 0 0 0 0 0 0 0 0 0 0 0 0 0 0 0 0 0 0 0 0 0 0 0 0 0 0 0 0 0 0 0 0 0 0 0 0 0 0 0 0 0 0 0 0 0 0 0 0 0 0 0 0 0 0 0 0 0 0 0 0 0 0 0 0 0 0 0 0 1 0 0 0 0 0 0 0 0 0 0 0 0 0 0 0 0]
[3710066995358636382963254330484302569336796441383765928745964297473907753470918582333224118817597530442949524821166764478141669101644138438130515921884663551859957766299863060531004734091053781920056943081093748782637759380772575144249403211071995824609638555245216932726862923519801 0 0 0 0 0 0 0 0 0 0 0 0 0 0 0 0 0 0 0 0 0 0 0 0 0 0 0 0 0 0 0 0 0 0 0 0 0 0 0 0 0 0 0 0 0 0 0 0 0 0 0 0 0 0 0 0 0 0 0 0 0 0 0 0 0 0 0 0 0 0 0 0 0 0 0 0 0 1 0 0 0 0 0 0 0 0 0 0 0 0 0 0 0]
[1597708179533522076934860644375548727561889971350205309365271359352599162415269705880006775249302471273937745773969596122687915490524627066343699261396440247622479825932251019537633846485375377454314356751886154490050460637166698025280584455017692684099090388127612435583007470921498 0 0 0 0 0 0 0 0 0 0 0 0 0 0 0 0 0 0 0 0 0 0 0 0 0 0 0 0 0 0 0 0 0 0 0 0 0 0 0 0 0 0 0 0 0 0 0 0 0 0 0 0 0 0 0 0 0 0 0 0 0 0 0 0 0 0 0 0 0 0 0 0 0 0 0 0 0 0 1 0 0 0 0 0 0 0 0 0 0 0 0 0 0]
[2827851041695202682207941116437118879400257440469282650806204964810839244974395291418336644376937651355626836032251869093145292685446279969418423138961729478354376889189829265761568351851175409718270348954690001064146099689933823340672537714179037807466168006864344380904223875516791 0 0 0 0 0 0 0 0 0 0 0 0 0 0 0 0 0 0 0 0 0 0 0 0 0 0 0 0 0 0 0 0 0 0 0 0 0 0 0 0 0 0 0 0 0 0 0 0 0 0 0 0 0 0 0 0 0 0 0 0 0 0 0 0 0 0 0 0 0 0 0 0 0 0 0 0 0 0 0 1 0 0 0 0 0 0 0 0 0 0 0 0 0]
[1554693167840712432957438768560059780740731265156484445867325889223567969722981835987003333518142990251602921698739747226929604368273283731216346338585275434448798611498110168991105756096042759218850210880438312020757957090155326669267508912475792053910359066365844138692877498547897 0 0 0 0 0 0 0 0 0 0 0 0 0 0 0 0 0 0 0 0 0 0 0 0 0 0 0 0 0 0 0 0 0 0 0 0 0 0 0 0 0 0 0 0 0 0 0 0 0 0 0 0 0 0 0 0 0 0 0 0 0 0 0 0 0 0 0 0 0 0 0 0 0 0 0 0 0 0 0 0 1 0 0 0 0 0 0 0 0 0 0 0 0]
[5678304919209364201272572371921943728317577122232126293841864823436088789059406844735673331089614679258858021975828573076091992634927615165183783815020806847274348168065183209006450067188958771383274216069969038295373986936903781488385306134094167137184419764813184121435603723846010 0 0 0 0 0 0 0 0 0 0 0 0 0 0 0 0 0 0 0 0 0 0 0 0 0 0 0 0 0 0 0 0 0 0 0 0 0 0 0 0 0 0 0 0 0 0 0 0 0 0 0 0 0 0 0 0 0 0 0 0 0 0 0 0 0 0 0 0 0 0 0 0 0 0 0 0 0 0 0 0 0 1 0 0 0 0 0 0 0 0 0 0 0]
[978073659181115248478403927967075155492822597470380249250601176903151103011216289197901022142137834871072839273934122904968933570902708160725600313781938186130045141457933053087345759036275522976258659150394559200647980778199922399202292040513231615970109809807432839964185847651871 0 0 0 0 0 0 0 0 0 0 0 0 0 0 0 0 0 0 0 0 0 0 0 0 0 0 0 0 0 0 0 0 0 0 0 0 0 0 0 0 0 0 0 0 0 0 0 0 0 0 0 0 0 0 0 0 0 0 0 0 0 0 0 0 0 0 0 0 0 0 0 0 0 0 0 0 0 0 0 0 0 0 1 0 0 0 0 0 0 0 0 0 0]
[4763985110887531840898571184254291573483041254236500447329342599278601882359223373929170010455718219796404857743011924494191916142009718843346419384454390432022504626803618014754672640776707450216838909814734391042568749334124158135661572394719509749823632278440238500951574559766201 0 0 0 0 0 0 0 0 0 0 0 0 0 0 0 0 0 0 0 0 0 0 0 0 0 0 0 0 0 0 0 0 0 0 0 0 0 0 0 0 0 0 0 0 0 0 0 0 0 0 0 0 0 0 0 0 0 0 0 0 0 0 0 0 0 0 0 0 0 0 0 0 0 0 0 0 0 0 0 0 0 0 0 1 0 0 0 0 0 0 0 0 0]
[2615976558490773069074476079607407500374396077970886356958417392453112977611694745691855286076670445816579358252940021567817787078333045787518127528896403729036828945830233479305096097015038284478189042602605548115583151214613094174455223766847364906384089121961719788593972290871593 0 0 0 0 0 0 0 0 0 0 0 0 0 0 0 0 0 0 0 0 0 0 0 0 0 0 0 0 0 0 0 0 0 0 0 0 0 0 0 0 0 0 0 0 0 0 0 0 0 0 0 0 0 0 0 0 0 0 0 0 0 0 0 0 0 0 0 0 0 0 0 0 0 0 0 0 0 0 0 0 0 0 0 0 1 0 0 0 0 0 0 0 0]
[5212535904911141456337273070163730396241989604223145035881371192447825897245775669203943222439169566024796680110746540998510954163075804076206754738984765168573467318295996632389892622617836997962743414887724218195500561879960618032410840858089649625542724438096025944759049632228248 0 0 0 0 0 0 0 0 0 0 0 0 0 0 0 0 0 0 0 0 0 0 0 0 0 0 0 0 0 0 0 0 0 0 0 0 0 0 0 0 0 0 0 0 0 0 0 0 0 0 0 0 0 0 0 0 0 0 0 0 0 0 0 0 0 0 0 0 0 0 0 0 0 0 0 0 0 0 0 0 0 0 0 0 0 1 0 0 0 0 0 0 0]
[4600231613035928075044619347137617544237256278162672535290058744999700265377929805235421858786811190449940474658549280717196274940830389894843556547509150050549656285710105241355519482327244752397302464387979196750405597399172883716552317926910549519231058502455100282744412522690974 0 0 0 0 0 0 0 0 0 0 0 0 0 0 0 0 0 0 0 0 0 0 0 0 0 0 0 0 0 0 0 0 0 0 0 0 0 0 0 0 0 0 0 0 0 0 0 0 0 0 0 0 0 0 0 0 0 0 0 0 0 0 0 0 0 0 0 0 0 0 0 0 0 0 0 0 0 0 0 0 0 0 0 0 0 0 1 0 0 0 0 0 0]
[2736446521180026581741001679797962753353492102894689741506879779363914554943651210863554928859249633340483313440239623435369047091188274790749888106714149790953131793907130661425633340785363234555218838614424810846602242799883522361370934043574816810012796657756681383202324526027923 0 0 0 0 0 0 0 0 0 0 0 0 0 0 0 0 0 0 0 0 0 0 0 0 0 0 0 0 0 0 0 0 0 0 0 0 0 0 0 0 0 0 0 0 0 0 0 0 0 0 0 0 0 0 0 0 0 0 0 0 0 0 0 0 0 0 0 0 0 0 0 0 0 0 0 0 0 0 0 0 0 0 0 0 0 0 0 1 0 0 0 0 0]
[6834302710400228052542428303472861739349083868428930217293356650569134955885219125889029559010246507510569205783012391858435040008004859147967923238857538968448269307181841655707356992237489526601722314391366281727838175541301702137361199900476831042536436642790398590512427007861212 0 0 0 0 0 0 0 0 0 0 0 0 0 0 0 0 0 0 0 0 0 0 0 0 0 0 0 0 0 0 0 0 0 0 0 0 0 0 0 0 0 0 0 0 0 0 0 0 0 0 0 0 0 0 0 0 0 0 0 0 0 0 0 0 0 0 0 0 0 0 0 0 0 0 0 0 0 0 0 0 0 0 0 0 0 0 0 0 1 0 0 0 0]
[6616072871613773881558656873702320483793715848597576665858147081747579521093957218121924268796782207594579727733242127065686668613442344350975345682545089978164571995076162026602269528179776007159326948207247743208382472269015620814118862208397228529169637791063718698000812847839723 0 0 0 0 0 0 0 0 0 0 0 0 0 0 0 0 0 0 0 0 0 0 0 0 0 0 0 0 0 0 0 0 0 0 0 0 0 0 0 0 0 0 0 0 0 0 0 0 0 0 0 0 0 0 0 0 0 0 0 0 0 0 0 0 0 0 0 0 0 0 0 0 0 0 0 0 0 0 0 0 0 0 0 0 0 0 0 0 0 1 0 0 0]
[583453736143436428742408244540439874885424594678387564734753132075525412383515010702996067922814023782498397532073907244605216452874615997537026878375607390895806594308354332791516756771605386150124442845475303077587245426555970513965853052128416198890104696863173910604723868490655 0 0 0 0 0 0 0 0 0 0 0 0 0 0 0 0 0 0 0 0 0 0 0 0 0 0 0 0 0 0 0 0 0 0 0 0 0 0 0 0 0 0 0 0 0 0 0 0 0 0 0 0 0 0 0 0 0 0 0 0 0 0 0 0 0 0 0 0 0 0 0 0 0 0 0 0 0 0 0 0 0 0 0 0 0 0 0 0 0 0 1 0 0]
[6966865904351793591350446605894701100599526906121427511823894909279394840961592236109783331132261156287387074319777414026580039436828309854749305550730900046000987223880562819466635561004803161436739959996532643962045063123256248570058670990957257609458552186853545322489690012558349 0 0 0 0 0 0 0 0 0 0 0 0 0 0 0 0 0 0 0 0 0 0 0 0 0 0 0 0 0 0 0 0 0 0 0 0 0 0 0 0 0 0 0 0 0 0 0 0 0 0 0 0 0 0 0 0 0 0 0 0 0 0 0 0 0 0 0 0 0 0 0 0 0 0 0 0 0 0 0 0 0 0 0 0 0 0 0 0 0 0 0 1 0]
[3429083033800966514819183661317246721168731954226095595682402737061532114237155189840306518782911008394016093049068656412694556073298676023013846940641924671069858161962882846717998323312711229541289321931283682959042323725060723924668211991586123248852790105760619859084822113748659 0 0 0 0 0 0 0 0 0 0 0 0 0 0 0 0 0 0 0 0 0 0 0 0 0 0 0 0 0 0 0 0 0 0 0 0 0 0 0 0 0 0 0 0 0 0 0 0 0 0 0 0 0 0 0 0 0 0 0 0 0 0 0 0 0 0 0 0 0 0 0 0 0 0 0 0 0 0 0 0 0 0 0 0 0 0 0 0 0 0 0 0 1]
]
