[[2095019438999932893933979530114378199725959435730989971317509368810849445542806431427348806408592186123734524674735261508050957059091419786429278721171887417 0 0 0 0 0 0 0 0 0 0 0 0 0 0 0 0 0 0 0 0 0 0 0 0 0 0 0 0 0 0 0 0 0 0 0 0 0 0 0 0 0 0 0 0 0 0 0 0 0 0 0]
[2032963283094304932383125706351835890372822696942689295076011530089478279082560168758967775717677968960052027127868215912396280317606814890883378255660667179 1 0 0 0 0 0 0 0 0 0 0 0 0 0 0 0 0 0 0 0 0 0 0 0 0 0 0 0 0 0 0 0 0 0 0 0 0 0 0 0 0 0 0 0 0 0 0 0 0 0 0]
[1470007486482372852363713464977782750958650589143464444615462072588772831303852595003645676568249074362975943265012029599413401340705789784971504171776780327 0 1 0 0 0 0 0 0 0 0 0 0 0 0 0 0 0 0 0 0 0 0 0 0 0 0 0 0 0 0 0 0 0 0 0 0 0 0 0 0 0 0 0 0 0 0 0 0 0 0 0]
[1846816098463117970169977571482435197908487039085450528890180281122627079460933468176199676220023726496480663760988812591631645568380533899592211261404185932 0 0 1 0 0 0 0 0 0 0 0 0 0 0 0 0 0 0 0 0 0 0 0 0 0 0 0 0 0 0 0 0 0 0 0 0 0 0 0 0 0 0 0 0 0 0 0 0 0 0 0]
[940396474361451087534535117092443722165078969001960184038742695660178567780159324354735310370745932766559555566780694023166326811485444498230423239743529532 0 0 0 1 0 0 0 0 0 0 0 0 0 0 0 0 0 0 0 0 0 0 0 0 0 0 0 0 0 0 0 0 0 0 0 0 0 0 0 0 0 0 0 0 0 0 0 0 0 0 0]
[645182827348509940215622754719635654525200818794725059507270716773843093334742083820531825118851491154864788869143043836731242373107448243283370387792191813 0 0 0 0 1 0 0 0 0 0 0 0 0 0 0 0 0 0 0 0 0 0 0 0 0 0 0 0 0 0 0 0 0 0 0 0 0 0 0 0 0 0 0 0 0 0 0 0 0 0 0]
[650347499333204210409377488145942402829888134196205268033119543419967991211257568834166662808715073724138271402903102484283360647992205376950217545967321755 0 0 0 0 0 1 0 0 0 0 0 0 0 0 0 0 0 0 0 0 0 0 0 0 0 0 0 0 0 0 0 0 0 0 0 0 0 0 0 0 0 0 0 0 0 0 0 0 0 0 0]
[203237742361638138740638997622910810880809667584924738588489484787326739425379648531567565639702891842527290754758012781050973969318549545382145652906204278 0 0 0 0 0 0 1 0 0 0 0 0 0 0 0 0 0 0 0 0 0 0 0 0 0 0 0 0 0 0 0 0 0 0 0 0 0 0 0 0 0 0 0 0 0 0 0 0 0 0 0]
[1645154262430432144397193905247415149122417722117987310484757908135095997978679336473029045790906234225381429711988022908362314248350812152784135676394347146 0 0 0 0 0 0 0 1 0 0 0 0 0 0 0 0 0 0 0 0 0 0 0 0 0 0 0 0 0 0 0 0 0 0 0 0 0 0 0 0 0 0 0 0 0 0 0 0 0 0 0]
[402113279296751635829661080366055340055344080038323371088055084719919271091104495327202173524149874679231514410302426390625974882654239120279692050621725816 0 0 0 0 0 0 0 0 1 0 0 0 0 0 0 0 0 0 0 0 0 0 0 0 0 0 0 0 0 0 0 0 0 0 0 0 0 0 0 0 0 0 0 0 0 0 0 0 0 0 0]
[829661256500892012306195354364448667051765081944761136454557634112361270859450992125403038345654413217109969152535929656538951191263095595178323643502362792 0 0 0 0 0 0 0 0 0 1 0 0 0 0 0 0 0 0 0 0 0 0 0 0 0 0 0 0 0 0 0 0 0 0 0 0 0 0 0 0 0 0 0 0 0 0 0 0 0 0 0]
[580613651328261759185956262695090309187952875657647180466313688895133581626745636827839283929181524301287493243818870772327273381255347743171673149549798704 0 0 0 0 0 0 0 0 0 0 1 0 0 0 0 0 0 0 0 0 0 0 0 0 0 0 0 0 0 0 0 0 0 0 0 0 0 0 0 0 0 0 0 0 0 0 0 0 0 0 0]
[375425869651526293997811192889006804727096861109755444082218206281450370142405773378892354979486558774669318841063784751644642341691456239017699219160776285 0 0 0 0 0 0 0 0 0 0 0 1 0 0 0 0 0 0 0 0 0 0 0 0 0 0 0 0 0 0 0 0 0 0 0 0 0 0 0 0 0 0 0 0 0 0 0 0 0 0 0]
[1820690407035656863679136938566833339559906166553461734290467908912306076889738736473132601157894537861497789766077344515672568451292311995903738747769782294 0 0 0 0 0 0 0 0 0 0 0 0 1 0 0 0 0 0 0 0 0 0 0 0 0 0 0 0 0 0 0 0 0 0 0 0 0 0 0 0 0 0 0 0 0 0 0 0 0 0 0]
[55008859152564904925088255251032706296216398842094328976603748852370837109340574204078582032241175206832917083580222188395252770268813335040300376903912720 0 0 0 0 0 0 0 0 0 0 0 0 0 1 0 0 0 0 0 0 0 0 0 0 0 0 0 0 0 0 0 0 0 0 0 0 0 0 0 0 0 0 0 0 0 0 0 0 0 0 0]
[1331935734942915278375567747277057791435134646841601684500855473637414608828802923163918111216454808313527715766892799532847945748949533630201619363683676320 0 0 0 0 0 0 0 0 0 0 0 0 0 0 1 0 0 0 0 0 0 0 0 0 0 0 0 0 0 0 0 0 0 0 0 0 0 0 0 0 0 0 0 0 0 0 0 0 0 0 0]
[1215046402943418995346904943119439081869166415386049900262627783933927667189773088360210594651024122922069557363090642005365057038838133618771197655403731534 0 0 0 0 0 0 0 0 0 0 0 0 0 0 0 1 0 0 0 0 0 0 0 0 0 0 0 0 0 0 0 0 0 0 0 0 0 0 0 0 0 0 0 0 0 0 0 0 0 0 0]
[39177918074468509377052108988864433108356593273904255999430955834132655386672084835641757368534640479796426881675666218108104766973948558420454942910222367 0 0 0 0 0 0 0 0 0 0 0 0 0 0 0 0 1 0 0 0 0 0 0 0 0 0 0 0 0 0 0 0 0 0 0 0 0 0 0 0 0 0 0 0 0 0 0 0 0 0 0]
[204935607852742813955575884771552840666840959791658970143967841345897053866272852279445858008431177511671662306615286714395098959760648156109712958408818581 0 0 0 0 0 0 0 0 0 0 0 0 0 0 0 0 0 1 0 0 0 0 0 0 0 0 0 0 0 0 0 0 0 0 0 0 0 0 0 0 0 0 0 0 0 0 0 0 0 0 0]
[436148262105786138623917970405254294340817265387051356596795553567038138120504553175325570179242187804227619710741879807011901171578553067134660775292789657 0 0 0 0 0 0 0 0 0 0 0 0 0 0 0 0 0 0 1 0 0 0 0 0 0 0 0 0 0 0 0 0 0 0 0 0 0 0 0 0 0 0 0 0 0 0 0 0 0 0 0]
[1061661950680593599412432945697193686781647689920504704304989973689709891831515684858070387045766607656189085983420541781368541206007242919740258619672256762 0 0 0 0 0 0 0 0 0 0 0 0 0 0 0 0 0 0 0 1 0 0 0 0 0 0 0 0 0 0 0 0 0 0 0 0 0 0 0 0 0 0 0 0 0 0 0 0 0 0 0]
[48275351125395028165331054013040798868183275292631688717043028921397241724694796783775712797401092701961168438806249891349355076593076968020243188653112466 0 0 0 0 0 0 0 0 0 0 0 0 0 0 0 0 0 0 0 0 1 0 0 0 0 0 0 0 0 0 0 0 0 0 0 0 0 0 0 0 0 0 0 0 0 0 0 0 0 0 0]
[1949767825119212855116302457184998852795447445066103076477851999469375047058266630911078066865049275753006769972599713644520092123834028978797984658114257739 0 0 0 0 0 0 0 0 0 0 0 0 0 0 0 0 0 0 0 0 0 1 0 0 0 0 0 0 0 0 0 0 0 0 0 0 0 0 0 0 0 0 0 0 0 0 0 0 0 0 0]
[448325023896812625325189721044685637109359278306829772234420052185269007366106564535221317633958757551468195977708671665390148622807266835343071819222572095 0 0 0 0 0 0 0 0 0 0 0 0 0 0 0 0 0 0 0 0 0 0 1 0 0 0 0 0 0 0 0 0 0 0 0 0 0 0 0 0 0 0 0 0 0 0 0 0 0 0 0]
[1059665770925626722800692395487155873156650933737262348393593519444534186619723681766447114484912526101753721253010356746771195495844197329759239824967949547 0 0 0 0 0 0 0 0 0 0 0 0 0 0 0 0 0 0 0 0 0 0 0 1 0 0 0 0 0 0 0 0 0 0 0 0 0 0 0 0 0 0 0 0 0 0 0 0 0 0 0]
[555781188504109159410942780916162547212646630652701340586960636898404364590036294930937528819697503940781849696062628342166901999449223605333749480834270593 0 0 0 0 0 0 0 0 0 0 0 0 0 0 0 0 0 0 0 0 0 0 0 0 1 0 0 0 0 0 0 0 0 0 0 0 0 0 0 0 0 0 0 0 0 0 0 0 0 0 0]
[2041206624785225462612590096830677060657020970815565897139715492798635648898869166940552675236182621376489283765119728686832596580363950457811521372022537963 0 0 0 0 0 0 0 0 0 0 0 0 0 0 0 0 0 0 0 0 0 0 0 0 0 1 0 0 0 0 0 0 0 0 0 0 0 0 0 0 0 0 0 0 0 0 0 0 0 0 0]
[841103596911675836559766010655101548593173251464389115954036523664536313001597854561230414075193024987488535236906616199998221237779197485027329518934043965 0 0 0 0 0 0 0 0 0 0 0 0 0 0 0 0 0 0 0 0 0 0 0 0 0 0 1 0 0 0 0 0 0 0 0 0 0 0 0 0 0 0 0 0 0 0 0 0 0 0 0]
[411552371192464638454467354988565253141274363929809452433632405412307489964824257682551782717139316824381900975667882177874197735530653743713979747162417403 0 0 0 0 0 0 0 0 0 0 0 0 0 0 0 0 0 0 0 0 0 0 0 0 0 0 0 1 0 0 0 0 0 0 0 0 0 0 0 0 0 0 0 0 0 0 0 0 0 0 0]
[2024594782989372927326729595692266124102226224309172012539345321787187422276055280652484859072616835362763142774543515048427522950663964756478619450327013472 0 0 0 0 0 0 0 0 0 0 0 0 0 0 0 0 0 0 0 0 0 0 0 0 0 0 0 0 1 0 0 0 0 0 0 0 0 0 0 0 0 0 0 0 0 0 0 0 0 0 0]
[1626088279355839043877897105431051101013523395965503143155416567500850444906145654093414119204645134162221981857067973979478272276047060469623690997084589675 0 0 0 0 0 0 0 0 0 0 0 0 0 0 0 0 0 0 0 0 0 0 0 0 0 0 0 0 0 1 0 0 0 0 0 0 0 0 0 0 0 0 0 0 0 0 0 0 0 0 0]
[1231646927634678658198855031969516222871254437900223060270496842318232296350820576741480551771497564751953475819632937558113681080126250812878779527874539206 0 0 0 0 0 0 0 0 0 0 0 0 0 0 0 0 0 0 0 0 0 0 0 0 0 0 0 0 0 0 1 0 0 0 0 0 0 0 0 0 0 0 0 0 0 0 0 0 0 0 0]
[1778144290723986196405252004813614881705984247806235968184609943599202983190002074867311941428546419802056446571831147370964289331002304104774981199387178253 0 0 0 0 0 0 0 0 0 0 0 0 0 0 0 0 0 0 0 0 0 0 0 0 0 0 0 0 0 0 0 1 0 0 0 0 0 0 0 0 0 0 0 0 0 0 0 0 0 0 0]
[368760664229177054354682525770001229069015759120756129278742306789744339816723416658429254420315838750346095707421258705485593310544029027328789725634799475 0 0 0 0 0 0 0 0 0 0 0 0 0 0 0 0 0 0 0 0 0 0 0 0 0 0 0 0 0 0 0 0 1 0 0 0 0 0 0 0 0 0 0 0 0 0 0 0 0 0 0]
[1090637088810341806416394589450156374666517372861839192856126314974527736050609673662307858186478246543987004910866217254589860092580378224446514734053665581 0 0 0 0 0 0 0 0 0 0 0 0 0 0 0 0 0 0 0 0 0 0 0 0 0 0 0 0 0 0 0 0 0 1 0 0 0 0 0 0 0 0 0 0 0 0 0 0 0 0 0]
[330129696449150633286565790051064173431678121503091377463481641792304017811127850234074551097378326023436507303444471680441479322428175106107957613648504618 0 0 0 0 0 0 0 0 0 0 0 0 0 0 0 0 0 0 0 0 0 0 0 0 0 0 0 0 0 0 0 0 0 0 1 0 0 0 0 0 0 0 0 0 0 0 0 0 0 0 0]
[1375109625381371429911646469467423531564272571244929155714821024956275901285801074973331957361554657475223120973958639365158696542615524448776059332534146791 0 0 0 0 0 0 0 0 0 0 0 0 0 0 0 0 0 0 0 0 0 0 0 0 0 0 0 0 0 0 0 0 0 0 0 1 0 0 0 0 0 0 0 0 0 0 0 0 0 0 0]
[632688227896859633541823993862552685218196991396209725661817674231643504605009835515669390327866894564680400597106514734469578792483385318922586587011900511 0 0 0 0 0 0 0 0 0 0 0 0 0 0 0 0 0 0 0 0 0 0 0 0 0 0 0 0 0 0 0 0 0 0 0 0 1 0 0 0 0 0 0 0 0 0 0 0 0 0 0]
[23477709631287251707862555588288706202874182566653974322340464387651024451269550385513574755530183709253542430311135555946728455400015314310979513114920212 0 0 0 0 0 0 0 0 0 0 0 0 0 0 0 0 0 0 0 0 0 0 0 0 0 0 0 0 0 0 0 0 0 0 0 0 0 1 0 0 0 0 0 0 0 0 0 0 0 0 0]
[1115707985218172752398978020984327760945092598693131948268691577622693766409005214259896969850425314218675964768627739115429670992198479137721903234748294994 0 0 0 0 0 0 0 0 0 0 0 0 0 0 0 0 0 0 0 0 0 0 0 0 0 0 0 0 0 0 0 0 0 0 0 0 0 0 1 0 0 0 0 0 0 0 0 0 0 0 0]
[1285654153113015664457915235969855054419758220796387154010247580831537159849086047696051658338227241028656598736640023636947079546706033605439813793982136911 0 0 0 0 0 0 0 0 0 0 0 0 0 0 0 0 0 0 0 0 0 0 0 0 0 0 0 0 0 0 0 0 0 0 0 0 0 0 0 1 0 0 0 0 0 0 0 0 0 0 0]
[1709323426684638359136532886585145384062832382019119831980622734351580431750463600226912378779663323128466679501918824024418625607986799048942461996138925645 0 0 0 0 0 0 0 0 0 0 0 0 0 0 0 0 0 0 0 0 0 0 0 0 0 0 0 0 0 0 0 0 0 0 0 0 0 0 0 0 1 0 0 0 0 0 0 0 0 0 0]
[282474618204123935113843421744805395653262203330687603547513112575836420077529576719156148069860636977294204902162976328916874010999329015779404810434197688 0 0 0 0 0 0 0 0 0 0 0 0 0 0 0 0 0 0 0 0 0 0 0 0 0 0 0 0 0 0 0 0 0 0 0 0 0 0 0 0 0 1 0 0 0 0 0 0 0 0 0]
[1831329297122863279076937341373963187444261170457916000465757021103876287302324058514949268112304170927398577416046167680273581472401866770443844201428934469 0 0 0 0 0 0 0 0 0 0 0 0 0 0 0 0 0 0 0 0 0 0 0 0 0 0 0 0 0 0 0 0 0 0 0 0 0 0 0 0 0 0 1 0 0 0 0 0 0 0 0]
[1715519797532758407119610487802081487939087086792703215760034670547899064090824626135477272684227494337139658165099183542951873381746135754003855476529186994 0 0 0 0 0 0 0 0 0 0 0 0 0 0 0 0 0 0 0 0 0 0 0 0 0 0 0 0 0 0 0 0 0 0 0 0 0 0 0 0 0 0 0 1 0 0 0 0 0 0 0]
[1859518271510625303939191850076606258692854101634475257926702649119373073542019481532552563162472962891274392741901677197526001747001736142182521928790169399 0 0 0 0 0 0 0 0 0 0 0 0 0 0 0 0 0 0 0 0 0 0 0 0 0 0 0 0 0 0 0 0 0 0 0 0 0 0 0 0 0 0 0 0 1 0 0 0 0 0 0]
[81975490679803797779263950809043399097875982005285650554373492170832693806708529693293969856790968740722664509230601708944322730117470351645047780623750799 0 0 0 0 0 0 0 0 0 0 0 0 0 0 0 0 0 0 0 0 0 0 0 0 0 0 0 0 0 0 0 0 0 0 0 0 0 0 0 0 0 0 0 0 0 1 0 0 0 0 0]
[1915645390581761883770388362716722533093891711527507614475916718816587119408896194427158753601648714002772083755326947286117226020471345824749058460761239879 0 0 0 0 0 0 0 0 0 0 0 0 0 0 0 0 0 0 0 0 0 0 0 0 0 0 0 0 0 0 0 0 0 0 0 0 0 0 0 0 0 0 0 0 0 0 1 0 0 0 0]
[1911424047289971924688246650984998037812857836093997084394763204745969732504139595214285984879939522470874437968816853554827643350590666062578710258898215558 0 0 0 0 0 0 0 0 0 0 0 0 0 0 0 0 0 0 0 0 0 0 0 0 0 0 0 0 0 0 0 0 0 0 0 0 0 0 0 0 0 0 0 0 0 0 0 1 0 0 0]
[617802623445883434423550760933383574732319366665183504004848244311700729589854770194849865234377285695196838819066741082541168193341854819108092149603610185 0 0 0 0 0 0 0 0 0 0 0 0 0 0 0 0 0 0 0 0 0 0 0 0 0 0 0 0 0 0 0 0 0 0 0 0 0 0 0 0 0 0 0 0 0 0 0 0 1 0 0]
[658217791055878719179777351941764926510543313237843294881194868403729004842539710669997703645660928661380772193284264062889656874097586523966275967614309862 0 0 0 0 0 0 0 0 0 0 0 0 0 0 0 0 0 0 0 0 0 0 0 0 0 0 0 0 0 0 0 0 0 0 0 0 0 0 0 0 0 0 0 0 0 0 0 0 0 1 0]
[1103555447708780098440976472563536966233815664027697146140359477019984439757024402437347533266728076977543633379239812869614655013842131315689086242814213298 0 0 0 0 0 0 0 0 0 0 0 0 0 0 0 0 0 0 0 0 0 0 0 0 0 0 0 0 0 0 0 0 0 0 0 0 0 0 0 0 0 0 0 0 0 0 0 0 0 0 1]
]
