[[5298337135486292024208977964973672792328339781107725854867491799695345051401560952217920008628960317119074091562567446091805795940721904201576450771951695673645148087533982082163561353489480498330106598593349833803253329187 0 0 0 0 0 0 0 0 0 0 0 0 0 0 0 0 0 0 0 0 0 0 0 0 0 0 0 0 0 0 0 0 0 0 0 0 0 0 0 0 0 0 0 0 0 0 0 0 0 0 0 0 0 0 0 0 0 0 0 0 0 0 0 0 0 0 0 0 0 0 0 0 0]
[4615011417421373660027827202442517157163779143961344159038136899476978013829686197357183083542669501225621206892911814022769980083300196925118681724005095489792553326823170688472678722339810540880866507875117100772130205450 1 0 0 0 0 0 0 0 0 0 0 0 0 0 0 0 0 0 0 0 0 0 0 0 0 0 0 0 0 0 0 0 0 0 0 0 0 0 0 0 0 0 0 0 0 0 0 0 0 0 0 0 0 0 0 0 0 0 0 0 0 0 0 0 0 0 0 0 0 0 0 0 0]
[615125983250628881366984861062401639723305498385969574860530152189658140070583475212028682509407280275025042862504010114894224471242240980798683804651705717098400201880293164924191611224191422650884305962401201058720205198 0 1 0 0 0 0 0 0 0 0 0 0 0 0 0 0 0 0 0 0 0 0 0 0 0 0 0 0 0 0 0 0 0 0 0 0 0 0 0 0 0 0 0 0 0 0 0 0 0 0 0 0 0 0 0 0 0 0 0 0 0 0 0 0 0 0 0 0 0 0 0 0 0]
[2039357186143025606540334654604062787149666139439925633664776677451222089688976398921964802854440993499372900614846729700878954470028439508410070979396401083665806448827806838633554474429584416033890081234778322313809032220 0 0 1 0 0 0 0 0 0 0 0 0 0 0 0 0 0 0 0 0 0 0 0 0 0 0 0 0 0 0 0 0 0 0 0 0 0 0 0 0 0 0 0 0 0 0 0 0 0 0 0 0 0 0 0 0 0 0 0 0 0 0 0 0 0 0 0 0 0 0 0 0 0]
[3259593204260818364523224600631814371084535403935263188660465735364385874363258642623860092441368023581851931829701887927745801337111132147827341581286422241909212894840836560097547959703178517601873362008466531502617188367 0 0 0 1 0 0 0 0 0 0 0 0 0 0 0 0 0 0 0 0 0 0 0 0 0 0 0 0 0 0 0 0 0 0 0 0 0 0 0 0 0 0 0 0 0 0 0 0 0 0 0 0 0 0 0 0 0 0 0 0 0 0 0 0 0 0 0 0 0 0 0 0 0]
[1180233316559863013445522065626016064857787357044583820938434916367084754594546480607725309323442018671724469775125510422403193994732748508699244947733711856484921391314860243828859866294066711287261275584566680210807423979 0 0 0 0 1 0 0 0 0 0 0 0 0 0 0 0 0 0 0 0 0 0 0 0 0 0 0 0 0 0 0 0 0 0 0 0 0 0 0 0 0 0 0 0 0 0 0 0 0 0 0 0 0 0 0 0 0 0 0 0 0 0 0 0 0 0 0 0 0 0 0 0 0]
[736873102415342095426611415250874307885413374530097349039925313734789250976113486080472148591850189956391261377838976485643212938562932196953692950781481815106425063030387542311781236195478416352295186481763433876502473807 0 0 0 0 0 1 0 0 0 0 0 0 0 0 0 0 0 0 0 0 0 0 0 0 0 0 0 0 0 0 0 0 0 0 0 0 0 0 0 0 0 0 0 0 0 0 0 0 0 0 0 0 0 0 0 0 0 0 0 0 0 0 0 0 0 0 0 0 0 0 0 0 0]
[3458768915909751844851830948678554977843698141889648032821881228712866477417436116324152163490236930057459209047749368467896144084083176416569548129917308387658255452953125701937519393653611715654734617675646778679536540212 0 0 0 0 0 0 1 0 0 0 0 0 0 0 0 0 0 0 0 0 0 0 0 0 0 0 0 0 0 0 0 0 0 0 0 0 0 0 0 0 0 0 0 0 0 0 0 0 0 0 0 0 0 0 0 0 0 0 0 0 0 0 0 0 0 0 0 0 0 0 0 0 0]
[3036231564806748177822577148223697259232361600152599269906549651696387338477662153384623924221639961315841215439493610992723077368784657147962420115908640145328809719186671580862436624724586083605787801907103657803009985269 0 0 0 0 0 0 0 1 0 0 0 0 0 0 0 0 0 0 0 0 0 0 0 0 0 0 0 0 0 0 0 0 0 0 0 0 0 0 0 0 0 0 0 0 0 0 0 0 0 0 0 0 0 0 0 0 0 0 0 0 0 0 0 0 0 0 0 0 0 0 0 0 0]
[3001618366322365513047128426339508199671538635824947375371341833270877956832662523785448628263352018802090678622879978866809007440839408482841614173966165917350618284921632439705517705634279576768639310446968576846319940578 0 0 0 0 0 0 0 0 1 0 0 0 0 0 0 0 0 0 0 0 0 0 0 0 0 0 0 0 0 0 0 0 0 0 0 0 0 0 0 0 0 0 0 0 0 0 0 0 0 0 0 0 0 0 0 0 0 0 0 0 0 0 0 0 0 0 0 0 0 0 0 0 0]
[2651298021340336581569995665546597273527198292099335417842460208651407812121820502487853064127510321978905327274427837866710444311911236292968577946940712651470707987555843972322114637198365594736223352558328724228751753143 0 0 0 0 0 0 0 0 0 1 0 0 0 0 0 0 0 0 0 0 0 0 0 0 0 0 0 0 0 0 0 0 0 0 0 0 0 0 0 0 0 0 0 0 0 0 0 0 0 0 0 0 0 0 0 0 0 0 0 0 0 0 0 0 0 0 0 0 0 0 0 0 0]
[724041482168834174326364615320426933868197364005397442180210648225651867966037406065430753712345984811154746764766547930573796151380624537226549626885010289059171504710139714418844850327969713908465304965182030431060750992 0 0 0 0 0 0 0 0 0 0 1 0 0 0 0 0 0 0 0 0 0 0 0 0 0 0 0 0 0 0 0 0 0 0 0 0 0 0 0 0 0 0 0 0 0 0 0 0 0 0 0 0 0 0 0 0 0 0 0 0 0 0 0 0 0 0 0 0 0 0 0 0 0]
[1318019829524419222501612824873437317706470096387449848014366927652234388675701076599174293278567089082426418704774866532595504733239796043978204148132617049355518891663699026537197562312109154578109921446344073042399159530 0 0 0 0 0 0 0 0 0 0 0 1 0 0 0 0 0 0 0 0 0 0 0 0 0 0 0 0 0 0 0 0 0 0 0 0 0 0 0 0 0 0 0 0 0 0 0 0 0 0 0 0 0 0 0 0 0 0 0 0 0 0 0 0 0 0 0 0 0 0 0 0 0]
[1986215087287648073434163080729183831090911534592272929106550016447041219063231207343140876934015900952705934964589162923212132047766249526619500748616656451492822826309271259864351454711577148958364879646270921906021772667 0 0 0 0 0 0 0 0 0 0 0 0 1 0 0 0 0 0 0 0 0 0 0 0 0 0 0 0 0 0 0 0 0 0 0 0 0 0 0 0 0 0 0 0 0 0 0 0 0 0 0 0 0 0 0 0 0 0 0 0 0 0 0 0 0 0 0 0 0 0 0 0 0]
[2249374507711362074275494990559584215138477678391978393306934945809653613929677710067535378798575967236680454128166160383267115416719699442694132081107131073376418014359947397653484558862664661408948629705356315264086184950 0 0 0 0 0 0 0 0 0 0 0 0 0 1 0 0 0 0 0 0 0 0 0 0 0 0 0 0 0 0 0 0 0 0 0 0 0 0 0 0 0 0 0 0 0 0 0 0 0 0 0 0 0 0 0 0 0 0 0 0 0 0 0 0 0 0 0 0 0 0 0 0 0]
[3573853133505227122799619923963614083375523583604625184616849184325341994734729893065835364426773564523290234468613840042584586222830441502586939151624108592396515147881861703882366665700642949901691033376175033803860974400 0 0 0 0 0 0 0 0 0 0 0 0 0 0 1 0 0 0 0 0 0 0 0 0 0 0 0 0 0 0 0 0 0 0 0 0 0 0 0 0 0 0 0 0 0 0 0 0 0 0 0 0 0 0 0 0 0 0 0 0 0 0 0 0 0 0 0 0 0 0 0 0 0]
[131263759044398422896803085568960605508775561366396828997961437762544136113173743550028556602773970353649411476778699334577962764305785476832126881028541897664249894317751936476985692982267654898891380482937825546534796576 0 0 0 0 0 0 0 0 0 0 0 0 0 0 0 1 0 0 0 0 0 0 0 0 0 0 0 0 0 0 0 0 0 0 0 0 0 0 0 0 0 0 0 0 0 0 0 0 0 0 0 0 0 0 0 0 0 0 0 0 0 0 0 0 0 0 0 0 0 0 0 0 0]
[3243989653185565083735428895242828367497961402369777311948476175860202181752537639937431895431706769427490109155807990586297681568311237832421393029646863378462083507960351734435311581249317430727697401300047065034109809432 0 0 0 0 0 0 0 0 0 0 0 0 0 0 0 0 1 0 0 0 0 0 0 0 0 0 0 0 0 0 0 0 0 0 0 0 0 0 0 0 0 0 0 0 0 0 0 0 0 0 0 0 0 0 0 0 0 0 0 0 0 0 0 0 0 0 0 0 0 0 0 0 0]
[358973452788709068400552592991385110680900228379854243169035426582444326745731485681334990413490225492901594152118763239625305408611894410140659491978539595902618032299775980188890099432913870830337114085267734404064559342 0 0 0 0 0 0 0 0 0 0 0 0 0 0 0 0 0 1 0 0 0 0 0 0 0 0 0 0 0 0 0 0 0 0 0 0 0 0 0 0 0 0 0 0 0 0 0 0 0 0 0 0 0 0 0 0 0 0 0 0 0 0 0 0 0 0 0 0 0 0 0 0 0]
[1476575666053989057015559832825640376228185176707790890614166716543890220064222812848860042491316027775310911338357522674340127811952829239211950935799438999303148076335841873048543176183089310573783303577398340652168982300 0 0 0 0 0 0 0 0 0 0 0 0 0 0 0 0 0 0 1 0 0 0 0 0 0 0 0 0 0 0 0 0 0 0 0 0 0 0 0 0 0 0 0 0 0 0 0 0 0 0 0 0 0 0 0 0 0 0 0 0 0 0 0 0 0 0 0 0 0 0 0 0 0]
[840054068255610274674177727874156288619940903185765442902440442054107320264282450155042279571162251863702770871369394821212140352974613888518297240803233786763981119673448951504604086972077032886645743654675030858721288975 0 0 0 0 0 0 0 0 0 0 0 0 0 0 0 0 0 0 0 1 0 0 0 0 0 0 0 0 0 0 0 0 0 0 0 0 0 0 0 0 0 0 0 0 0 0 0 0 0 0 0 0 0 0 0 0 0 0 0 0 0 0 0 0 0 0 0 0 0 0 0 0 0]
[3765830044056345820663024407085419439971450029218659745967971369486135032223652049981643558469983807495519011100496532458887599331437614280265786704031092033598487644714231817551756478470212532691181549026950191517987806074 0 0 0 0 0 0 0 0 0 0 0 0 0 0 0 0 0 0 0 0 1 0 0 0 0 0 0 0 0 0 0 0 0 0 0 0 0 0 0 0 0 0 0 0 0 0 0 0 0 0 0 0 0 0 0 0 0 0 0 0 0 0 0 0 0 0 0 0 0 0 0 0 0]
[623058759828795304854373987188902974734206584563940971957085675728995589145731317930241170739778284333877246408349581680752625902430869173729641127780169904145795042592216907451038762490907738759613484803144088452193411193 0 0 0 0 0 0 0 0 0 0 0 0 0 0 0 0 0 0 0 0 0 1 0 0 0 0 0 0 0 0 0 0 0 0 0 0 0 0 0 0 0 0 0 0 0 0 0 0 0 0 0 0 0 0 0 0 0 0 0 0 0 0 0 0 0 0 0 0 0 0 0 0 0]
[2176378747435375858282097285375692266859416867009161834544575889927782181320793628119619609451860059789529199852201252247474569064361103017323301766503325723562759080415011985132992036016075536220734081115392547265773226727 0 0 0 0 0 0 0 0 0 0 0 0 0 0 0 0 0 0 0 0 0 0 1 0 0 0 0 0 0 0 0 0 0 0 0 0 0 0 0 0 0 0 0 0 0 0 0 0 0 0 0 0 0 0 0 0 0 0 0 0 0 0 0 0 0 0 0 0 0 0 0 0 0]
[3198538809209594142523427831815535468195049719614056735656600817887177864863894980373676027724009314879605802932035776430662901623896421092909457842438982877589361250956182573858065836476928299575846486541518075969642293325 0 0 0 0 0 0 0 0 0 0 0 0 0 0 0 0 0 0 0 0 0 0 0 1 0 0 0 0 0 0 0 0 0 0 0 0 0 0 0 0 0 0 0 0 0 0 0 0 0 0 0 0 0 0 0 0 0 0 0 0 0 0 0 0 0 0 0 0 0 0 0 0 0]
[5154475783764811561790499201061269588854070953612043381208492840071899548523435873242822553261863865564097072271013633242151015254080290342027117077059461855695025669142850880327801815117403978794729795297209388767421498120 0 0 0 0 0 0 0 0 0 0 0 0 0 0 0 0 0 0 0 0 0 0 0 0 1 0 0 0 0 0 0 0 0 0 0 0 0 0 0 0 0 0 0 0 0 0 0 0 0 0 0 0 0 0 0 0 0 0 0 0 0 0 0 0 0 0 0 0 0 0 0 0 0]
[688734675125873416502941473854663493978185938443769589925276406129755839970272341349731057431186488714660548946221116370923147254945343123796517606740521329826898334632026842870081794954038681115000631974908960563793481687 0 0 0 0 0 0 0 0 0 0 0 0 0 0 0 0 0 0 0 0 0 0 0 0 0 1 0 0 0 0 0 0 0 0 0 0 0 0 0 0 0 0 0 0 0 0 0 0 0 0 0 0 0 0 0 0 0 0 0 0 0 0 0 0 0 0 0 0 0 0 0 0 0]
[2824316498406798828768356323997474444934889957075913791113926962820353044117420548282175042501290857590003863246807792329492613745568241095147215686061235488297698841590219179226611110583924581256483003155020497433541078710 0 0 0 0 0 0 0 0 0 0 0 0 0 0 0 0 0 0 0 0 0 0 0 0 0 0 1 0 0 0 0 0 0 0 0 0 0 0 0 0 0 0 0 0 0 0 0 0 0 0 0 0 0 0 0 0 0 0 0 0 0 0 0 0 0 0 0 0 0 0 0 0 0]
[3386291054593438393522258856149615899234431806119806123432649696290418734994520556664022457576153265972590865836127298647446061463149069868908134917869762207924036061222420529220067061373968469277059608415646461015479902346 0 0 0 0 0 0 0 0 0 0 0 0 0 0 0 0 0 0 0 0 0 0 0 0 0 0 0 1 0 0 0 0 0 0 0 0 0 0 0 0 0 0 0 0 0 0 0 0 0 0 0 0 0 0 0 0 0 0 0 0 0 0 0 0 0 0 0 0 0 0 0 0 0]
[2137580432871349735359481131964209138592516218077072675481707007226075923976544940952417635103951668770871840235019724472312439987804560163090776887800160701784362845274027373822057264633634372304165920315967274162964007952 0 0 0 0 0 0 0 0 0 0 0 0 0 0 0 0 0 0 0 0 0 0 0 0 0 0 0 0 1 0 0 0 0 0 0 0 0 0 0 0 0 0 0 0 0 0 0 0 0 0 0 0 0 0 0 0 0 0 0 0 0 0 0 0 0 0 0 0 0 0 0 0 0]
[3601612058160704180669952032831051446366352283769486481257842585520633506301297083477462053187102936087825555334343392368443582491923090313927010247698621133813071769416810196348337758552589959779808682779249360209518569119 0 0 0 0 0 0 0 0 0 0 0 0 0 0 0 0 0 0 0 0 0 0 0 0 0 0 0 0 0 1 0 0 0 0 0 0 0 0 0 0 0 0 0 0 0 0 0 0 0 0 0 0 0 0 0 0 0 0 0 0 0 0 0 0 0 0 0 0 0 0 0 0 0]
[32063586868259297034758959846836622625983850271083757772338464530590968475027560038580951230129126692112299045764018340684047365225026196153014211972679434133955062527561435838028400461774755331921059294796519003576982246 0 0 0 0 0 0 0 0 0 0 0 0 0 0 0 0 0 0 0 0 0 0 0 0 0 0 0 0 0 0 1 0 0 0 0 0 0 0 0 0 0 0 0 0 0 0 0 0 0 0 0 0 0 0 0 0 0 0 0 0 0 0 0 0 0 0 0 0 0 0 0 0 0]
[4844220086100880430547215107142249110281204751431485010647983371813488112586867810702553189839228405082924882484231973067334519147131030781214505726457898323098068058187871322215365957410468759149382404486210478125793816940 0 0 0 0 0 0 0 0 0 0 0 0 0 0 0 0 0 0 0 0 0 0 0 0 0 0 0 0 0 0 0 1 0 0 0 0 0 0 0 0 0 0 0 0 0 0 0 0 0 0 0 0 0 0 0 0 0 0 0 0 0 0 0 0 0 0 0 0 0 0 0 0 0]
[2568566801279953944612768220013239392334083334639698321613853424831358060232929163914363330981799971108540048192477620075842276129038645572267287553434436539815751183484562095786933475770309501566801560453511988871749474244 0 0 0 0 0 0 0 0 0 0 0 0 0 0 0 0 0 0 0 0 0 0 0 0 0 0 0 0 0 0 0 0 1 0 0 0 0 0 0 0 0 0 0 0 0 0 0 0 0 0 0 0 0 0 0 0 0 0 0 0 0 0 0 0 0 0 0 0 0 0 0 0 0]
[553577273562334705607631631484806276365487880660637759821232670177941764116267716684267014979843586803450829972864093512442392521370759152454679093384375100402879030190530319724732492388556305461210514781082479265628325022 0 0 0 0 0 0 0 0 0 0 0 0 0 0 0 0 0 0 0 0 0 0 0 0 0 0 0 0 0 0 0 0 0 1 0 0 0 0 0 0 0 0 0 0 0 0 0 0 0 0 0 0 0 0 0 0 0 0 0 0 0 0 0 0 0 0 0 0 0 0 0 0 0]
[2031208294673194217511139663312096417532902004654110422482514517185337641059176864542924188082482150344703215603711693121462187609700310173386353739074847199952908505915317450932055944541970651765925261401903005077487798703 0 0 0 0 0 0 0 0 0 0 0 0 0 0 0 0 0 0 0 0 0 0 0 0 0 0 0 0 0 0 0 0 0 0 1 0 0 0 0 0 0 0 0 0 0 0 0 0 0 0 0 0 0 0 0 0 0 0 0 0 0 0 0 0 0 0 0 0 0 0 0 0 0]
[20394580928546167923239853360603805546349002172536388257342585653730259315632791108822271354251774752511563387478791679982903484531616629389149555844162481772496944341670568904773767544736706419011805173660323311521988591 0 0 0 0 0 0 0 0 0 0 0 0 0 0 0 0 0 0 0 0 0 0 0 0 0 0 0 0 0 0 0 0 0 0 0 1 0 0 0 0 0 0 0 0 0 0 0 0 0 0 0 0 0 0 0 0 0 0 0 0 0 0 0 0 0 0 0 0 0 0 0 0 0]
[1544577768739812717239929771213028877243272065411882123890252690375929948342971094432181561602520546339708750472577221073290417898595790120603079446674128621447496408276525423582973070790791295579437616580790223685018026677 0 0 0 0 0 0 0 0 0 0 0 0 0 0 0 0 0 0 0 0 0 0 0 0 0 0 0 0 0 0 0 0 0 0 0 0 1 0 0 0 0 0 0 0 0 0 0 0 0 0 0 0 0 0 0 0 0 0 0 0 0 0 0 0 0 0 0 0 0 0 0 0 0]
[3954685562134469174497151740477165318629581837056295456010574894197876722304882942909104638260511509605595682502390848504868442421111366206036683098892384288244547622763992831943311919847951056304035890354882200883305108861 0 0 0 0 0 0 0 0 0 0 0 0 0 0 0 0 0 0 0 0 0 0 0 0 0 0 0 0 0 0 0 0 0 0 0 0 0 1 0 0 0 0 0 0 0 0 0 0 0 0 0 0 0 0 0 0 0 0 0 0 0 0 0 0 0 0 0 0 0 0 0 0 0]
[2236259286673694605509364262055251207597015167032795517047929137670000169394998718238305033851002169838949935893685509713385111811563655177320552076222229358865918385979015051083031208322803001939077110629173131432008133982 0 0 0 0 0 0 0 0 0 0 0 0 0 0 0 0 0 0 0 0 0 0 0 0 0 0 0 0 0 0 0 0 0 0 0 0 0 0 1 0 0 0 0 0 0 0 0 0 0 0 0 0 0 0 0 0 0 0 0 0 0 0 0 0 0 0 0 0 0 0 0 0 0]
[2433864406553450353577985952927514190141837319337318284870325940118693497989350209423914508693446265527465358583708339779397574122215802273172381742870022912626797423967295467107183760803594825987185259467492401549809031802 0 0 0 0 0 0 0 0 0 0 0 0 0 0 0 0 0 0 0 0 0 0 0 0 0 0 0 0 0 0 0 0 0 0 0 0 0 0 0 1 0 0 0 0 0 0 0 0 0 0 0 0 0 0 0 0 0 0 0 0 0 0 0 0 0 0 0 0 0 0 0 0 0]
[3873968400730893643896413067512272141421932130192586725820775483370534740190874925836955423830230547696564464000623145745164779455031949110767902316285651886985699512022277247831298387822934955133910614753008068902777035943 0 0 0 0 0 0 0 0 0 0 0 0 0 0 0 0 0 0 0 0 0 0 0 0 0 0 0 0 0 0 0 0 0 0 0 0 0 0 0 0 1 0 0 0 0 0 0 0 0 0 0 0 0 0 0 0 0 0 0 0 0 0 0 0 0 0 0 0 0 0 0 0 0]
[2400412199686490101287326810936020605299338485141522448943209225046794495709407077106719326286177986839429835694399617907093857681823727584200448545478459298131723864402678675110894009851610728576416691252747120927573292290 0 0 0 0 0 0 0 0 0 0 0 0 0 0 0 0 0 0 0 0 0 0 0 0 0 0 0 0 0 0 0 0 0 0 0 0 0 0 0 0 0 1 0 0 0 0 0 0 0 0 0 0 0 0 0 0 0 0 0 0 0 0 0 0 0 0 0 0 0 0 0 0 0]
[628207075849196314446408241249639783077996395515556767157954924511057995150426444555382417369746986268403378478685927332326890078057412930605250869523970635027947644171462739444773654914638684734343711808246676881000001661 0 0 0 0 0 0 0 0 0 0 0 0 0 0 0 0 0 0 0 0 0 0 0 0 0 0 0 0 0 0 0 0 0 0 0 0 0 0 0 0 0 0 1 0 0 0 0 0 0 0 0 0 0 0 0 0 0 0 0 0 0 0 0 0 0 0 0 0 0 0 0 0 0]
[2390357804815931596742608904867130909936311391690370199839559158027822893676850926065275615203053663845706853769954214558080118125076018891296574184427714460360676710378268388506418131355418240912550825082012422098647866408 0 0 0 0 0 0 0 0 0 0 0 0 0 0 0 0 0 0 0 0 0 0 0 0 0 0 0 0 0 0 0 0 0 0 0 0 0 0 0 0 0 0 0 1 0 0 0 0 0 0 0 0 0 0 0 0 0 0 0 0 0 0 0 0 0 0 0 0 0 0 0 0 0]
[2104151114688926783741475898893630868787160316115194663562323454039043137083768951863164489621325958119434538237565410086958456438313845609723901596495815542445978249066582174975616922285683101602426713326944344545197968901 0 0 0 0 0 0 0 0 0 0 0 0 0 0 0 0 0 0 0 0 0 0 0 0 0 0 0 0 0 0 0 0 0 0 0 0 0 0 0 0 0 0 0 0 1 0 0 0 0 0 0 0 0 0 0 0 0 0 0 0 0 0 0 0 0 0 0 0 0 0 0 0 0]
[1653156473659293166879025048232511224415626515995384383290770599874805547609252757803428412619109462748207354370027583414414151598890260519148782710427596675415712286954902382898769516918440877111924043819594642201833966106 0 0 0 0 0 0 0 0 0 0 0 0 0 0 0 0 0 0 0 0 0 0 0 0 0 0 0 0 0 0 0 0 0 0 0 0 0 0 0 0 0 0 0 0 0 1 0 0 0 0 0 0 0 0 0 0 0 0 0 0 0 0 0 0 0 0 0 0 0 0 0 0 0]
[2153322338417268573236381593495355963846307995972805003484208757670823611849567934236911054115947482731360445222234684881351611035696317744065894213363699447124961861761917125443645341999761215363739674567730698645778103208 0 0 0 0 0 0 0 0 0 0 0 0 0 0 0 0 0 0 0 0 0 0 0 0 0 0 0 0 0 0 0 0 0 0 0 0 0 0 0 0 0 0 0 0 0 0 1 0 0 0 0 0 0 0 0 0 0 0 0 0 0 0 0 0 0 0 0 0 0 0 0 0 0]
[403532638228404564374242982219462317113487421067072674364374654307541130022426862114070671244603470000724273912359508320878993116651970550705929495036409136187983803787581103947968996811463109775453000259765133331099584318 0 0 0 0 0 0 0 0 0 0 0 0 0 0 0 0 0 0 0 0 0 0 0 0 0 0 0 0 0 0 0 0 0 0 0 0 0 0 0 0 0 0 0 0 0 0 0 1 0 0 0 0 0 0 0 0 0 0 0 0 0 0 0 0 0 0 0 0 0 0 0 0 0]
[5141586992727748736574192659435014453538298828382427733999603799086507746009015722510577623473292273502205148213314791036708555306144191696689389311046727662262777921681184686523190542589671373420072680312577870322560499047 0 0 0 0 0 0 0 0 0 0 0 0 0 0 0 0 0 0 0 0 0 0 0 0 0 0 0 0 0 0 0 0 0 0 0 0 0 0 0 0 0 0 0 0 0 0 0 0 1 0 0 0 0 0 0 0 0 0 0 0 0 0 0 0 0 0 0 0 0 0 0 0 0]
[4696092391440280269471731698730582287551602343869842609098749535290933698204266351476068128462965781266274292600864443384613677240683240761074602126536467328179694458857947331168244834644654907565337868408780194108389286675 0 0 0 0 0 0 0 0 0 0 0 0 0 0 0 0 0 0 0 0 0 0 0 0 0 0 0 0 0 0 0 0 0 0 0 0 0 0 0 0 0 0 0 0 0 0 0 0 0 1 0 0 0 0 0 0 0 0 0 0 0 0 0 0 0 0 0 0 0 0 0 0 0]
[2030982186466467294452620057664275243861234923661891805239705792065857792023186807817939722313406010159251967282572055749164684918437770363685159152755541407382384620596606706769707388919206477880387952165057410065302627514 0 0 0 0 0 0 0 0 0 0 0 0 0 0 0 0 0 0 0 0 0 0 0 0 0 0 0 0 0 0 0 0 0 0 0 0 0 0 0 0 0 0 0 0 0 0 0 0 0 0 1 0 0 0 0 0 0 0 0 0 0 0 0 0 0 0 0 0 0 0 0 0 0]
[1263898641704669452200722834066462629186305159412326986143718729410132512935375368562259331896868872145223863517376860849442417217215432063514361656028780566495981404882230640553178032253346483151328432835189330504244750815 0 0 0 0 0 0 0 0 0 0 0 0 0 0 0 0 0 0 0 0 0 0 0 0 0 0 0 0 0 0 0 0 0 0 0 0 0 0 0 0 0 0 0 0 0 0 0 0 0 0 0 1 0 0 0 0 0 0 0 0 0 0 0 0 0 0 0 0 0 0 0 0 0]
[183778716249121795272765280310012320033220335595583461076419659457586226976714370209909513073518909484310414269080238482967682028443802856986934575996535822454871166897283076683288841883454173617693962135724515328475830930 0 0 0 0 0 0 0 0 0 0 0 0 0 0 0 0 0 0 0 0 0 0 0 0 0 0 0 0 0 0 0 0 0 0 0 0 0 0 0 0 0 0 0 0 0 0 0 0 0 0 0 0 1 0 0 0 0 0 0 0 0 0 0 0 0 0 0 0 0 0 0 0 0]
[298819854606170965436651536391962467624582292745841227981214759546439135134694604336953984497096505410748421997149871667090114037246589018178688893597815167838545694478910207665962045988745346819367661637257132679741972267 0 0 0 0 0 0 0 0 0 0 0 0 0 0 0 0 0 0 0 0 0 0 0 0 0 0 0 0 0 0 0 0 0 0 0 0 0 0 0 0 0 0 0 0 0 0 0 0 0 0 0 0 0 1 0 0 0 0 0 0 0 0 0 0 0 0 0 0 0 0 0 0 0]
[5015202776296542627429003626884995231445190151197994423789749723516449341004885964098338923198668611612902118527731254983285119966206671051652196197927608301904057099398458696617337595397203550152619631794512074515006698413 0 0 0 0 0 0 0 0 0 0 0 0 0 0 0 0 0 0 0 0 0 0 0 0 0 0 0 0 0 0 0 0 0 0 0 0 0 0 0 0 0 0 0 0 0 0 0 0 0 0 0 0 0 0 1 0 0 0 0 0 0 0 0 0 0 0 0 0 0 0 0 0 0]
[1155056480335288210325384485127221587477023548213234331984489486287550798672406296301824992021619752532124283235963950538292303464896068049837782654755442824148036068969286169812697965800410973298541659484523401392414727250 0 0 0 0 0 0 0 0 0 0 0 0 0 0 0 0 0 0 0 0 0 0 0 0 0 0 0 0 0 0 0 0 0 0 0 0 0 0 0 0 0 0 0 0 0 0 0 0 0 0 0 0 0 0 0 1 0 0 0 0 0 0 0 0 0 0 0 0 0 0 0 0 0]
[1215106007415235056976649275587928217043006214611849342788095750407454424369703858484830423918955897983256413741150133037931508219271261605250366124810436793959095475538382499664168254232787484096855920574176092145209562911 0 0 0 0 0 0 0 0 0 0 0 0 0 0 0 0 0 0 0 0 0 0 0 0 0 0 0 0 0 0 0 0 0 0 0 0 0 0 0 0 0 0 0 0 0 0 0 0 0 0 0 0 0 0 0 0 1 0 0 0 0 0 0 0 0 0 0 0 0 0 0 0 0]
[858060821667640904253314823206940559678738080635900235230342985943021146828035563332286622578452708281783543284987947408108247110273162234185238743016674875956884834649713663212921426959551571207496753610131448374357277446 0 0 0 0 0 0 0 0 0 0 0 0 0 0 0 0 0 0 0 0 0 0 0 0 0 0 0 0 0 0 0 0 0 0 0 0 0 0 0 0 0 0 0 0 0 0 0 0 0 0 0 0 0 0 0 0 0 1 0 0 0 0 0 0 0 0 0 0 0 0 0 0 0]
[4876643733890597393301028569490911648047432217683950416987121755868739321120093332948627773214355494051863155452024589644825696820366122940152550797792545754463501449771679230783028809883973941125255877329153431095466405559 0 0 0 0 0 0 0 0 0 0 0 0 0 0 0 0 0 0 0 0 0 0 0 0 0 0 0 0 0 0 0 0 0 0 0 0 0 0 0 0 0 0 0 0 0 0 0 0 0 0 0 0 0 0 0 0 0 0 1 0 0 0 0 0 0 0 0 0 0 0 0 0 0]
[4065299480517189280665213958705105758283443227265924321853140772010951009735421370144649766231884294215938046405860937039526264937160689092460979779708661914323118104334497374853201156236350622726889309763316471812673616119 0 0 0 0 0 0 0 0 0 0 0 0 0 0 0 0 0 0 0 0 0 0 0 0 0 0 0 0 0 0 0 0 0 0 0 0 0 0 0 0 0 0 0 0 0 0 0 0 0 0 0 0 0 0 0 0 0 0 0 1 0 0 0 0 0 0 0 0 0 0 0 0 0]
[3086765856311639353827484250921988931810243635800060574249933405855585890092040336881316115430425804871108046811113171306768592683921173457085963518812411085494999624820479943896998908196105492148091471579498266430013686197 0 0 0 0 0 0 0 0 0 0 0 0 0 0 0 0 0 0 0 0 0 0 0 0 0 0 0 0 0 0 0 0 0 0 0 0 0 0 0 0 0 0 0 0 0 0 0 0 0 0 0 0 0 0 0 0 0 0 0 0 1 0 0 0 0 0 0 0 0 0 0 0 0]
[5222822093189728733850788712898639194394763770910122757532599221831694097323089189412974807992441307105772814530178829587008071026221480780352420031606850290733720521404759062648283204180574577680982269939579851765796229080 0 0 0 0 0 0 0 0 0 0 0 0 0 0 0 0 0 0 0 0 0 0 0 0 0 0 0 0 0 0 0 0 0 0 0 0 0 0 0 0 0 0 0 0 0 0 0 0 0 0 0 0 0 0 0 0 0 0 0 0 0 1 0 0 0 0 0 0 0 0 0 0 0]
[1862828250753261188263408514022148984359857047183511719958285705838267257981929459109584003587907806810846706673217050193718688677115081140285813931607817447354179529611070283200608119932666052936694582469105030082808185372 0 0 0 0 0 0 0 0 0 0 0 0 0 0 0 0 0 0 0 0 0 0 0 0 0 0 0 0 0 0 0 0 0 0 0 0 0 0 0 0 0 0 0 0 0 0 0 0 0 0 0 0 0 0 0 0 0 0 0 0 0 0 1 0 0 0 0 0 0 0 0 0 0]
[3832763244619873284406261796690429601169367700055819115969626986194983855546748535389985939077016865809491743159470921605335174435745079422102573188069513848951154726325091426724404163194359387781897255699765780900892279411 0 0 0 0 0 0 0 0 0 0 0 0 0 0 0 0 0 0 0 0 0 0 0 0 0 0 0 0 0 0 0 0 0 0 0 0 0 0 0 0 0 0 0 0 0 0 0 0 0 0 0 0 0 0 0 0 0 0 0 0 0 0 0 1 0 0 0 0 0 0 0 0 0]
[3196555078117488490691562098548791057419624466241481911866363771089259446020119532522558716937734793298839451710763710487271445547447520708703724595678596191870010688646198028820884968713906610684453173037467160427049048389 0 0 0 0 0 0 0 0 0 0 0 0 0 0 0 0 0 0 0 0 0 0 0 0 0 0 0 0 0 0 0 0 0 0 0 0 0 0 0 0 0 0 0 0 0 0 0 0 0 0 0 0 0 0 0 0 0 0 0 0 0 0 0 0 1 0 0 0 0 0 0 0 0]
[4483459533053423674996264408482201556884966653399818421990958409992717719718495314475506740949472376325572110606581607618042110357687693617689706330809306961125879763063035558693119279790677488808272261129477229144792059241 0 0 0 0 0 0 0 0 0 0 0 0 0 0 0 0 0 0 0 0 0 0 0 0 0 0 0 0 0 0 0 0 0 0 0 0 0 0 0 0 0 0 0 0 0 0 0 0 0 0 0 0 0 0 0 0 0 0 0 0 0 0 0 0 0 1 0 0 0 0 0 0 0]
[488203417042798156918079486650889646065006863439171927316415472042294432924585971987274369124137141811220183159096153207286419664268118872286564215963633029215710541752300496248325153309542301553604035904932463227746464881 0 0 0 0 0 0 0 0 0 0 0 0 0 0 0 0 0 0 0 0 0 0 0 0 0 0 0 0 0 0 0 0 0 0 0 0 0 0 0 0 0 0 0 0 0 0 0 0 0 0 0 0 0 0 0 0 0 0 0 0 0 0 0 0 0 0 1 0 0 0 0 0 0]
[1328485414815379933117378147589024979968009471614184048012036595184042360425108540271443363830436221067975855608135800846353676899227572796126848451397911886291968600356208079708928867689652017341708304293612727752334376413 0 0 0 0 0 0 0 0 0 0 0 0 0 0 0 0 0 0 0 0 0 0 0 0 0 0 0 0 0 0 0 0 0 0 0 0 0 0 0 0 0 0 0 0 0 0 0 0 0 0 0 0 0 0 0 0 0 0 0 0 0 0 0 0 0 0 0 1 0 0 0 0 0]
[3926311311493862919878338619811891223210838026463102086016011097806307048003889625812456513608373728344011894635395584816155456516898694733272444037877671787468059521154258558722865825273515337078795933894385145420993030614 0 0 0 0 0 0 0 0 0 0 0 0 0 0 0 0 0 0 0 0 0 0 0 0 0 0 0 0 0 0 0 0 0 0 0 0 0 0 0 0 0 0 0 0 0 0 0 0 0 0 0 0 0 0 0 0 0 0 0 0 0 0 0 0 0 0 0 0 1 0 0 0 0]
[4803640100528634365283452015223282193184673333077845208262245500293015846716539400715374154122686409172076469246756568510478625541743910275383669235790575498955728936048078785132345593882776758091969639934064417875533548573 0 0 0 0 0 0 0 0 0 0 0 0 0 0 0 0 0 0 0 0 0 0 0 0 0 0 0 0 0 0 0 0 0 0 0 0 0 0 0 0 0 0 0 0 0 0 0 0 0 0 0 0 0 0 0 0 0 0 0 0 0 0 0 0 0 0 0 0 0 1 0 0 0]
[1448518272447096715129267122936776258366134715856176744396736786700048351811502237228345041186453339787488429089298842814552299064027396309773940333011191957251496791981483867857806149370742221428086009567609962950754473445 0 0 0 0 0 0 0 0 0 0 0 0 0 0 0 0 0 0 0 0 0 0 0 0 0 0 0 0 0 0 0 0 0 0 0 0 0 0 0 0 0 0 0 0 0 0 0 0 0 0 0 0 0 0 0 0 0 0 0 0 0 0 0 0 0 0 0 0 0 0 1 0 0]
[4921902482305378083376090094639420754216683253141375995828839150899683929307121958336849477913346745129182642714109979591308339830652828203365807746306305052863375483245222469501771341460388190262568898455045361835506263298 0 0 0 0 0 0 0 0 0 0 0 0 0 0 0 0 0 0 0 0 0 0 0 0 0 0 0 0 0 0 0 0 0 0 0 0 0 0 0 0 0 0 0 0 0 0 0 0 0 0 0 0 0 0 0 0 0 0 0 0 0 0 0 0 0 0 0 0 0 0 0 1 0]
[2831947630360328353241828683007790085579819361961845912690643540985447537262038041956598090825604504034040635037315359535982923928254912823593389307297631834533129460734117108407566037334407753182946332331355151252244729225 0 0 0 0 0 0 0 0 0 0 0 0 0 0 0 0 0 0 0 0 0 0 0 0 0 0 0 0 0 0 0 0 0 0 0 0 0 0 0 0 0 0 0 0 0 0 0 0 0 0 0 0 0 0 0 0 0 0 0 0 0 0 0 0 0 0 0 0 0 0 0 0 1]
]
