[[6003156525009178809678140763426944866592372258038464654310411076815829072901989511283448156069657813258402693005876854507579296930934174511412819190120428798865865753160262751159802601117005184978549125981543876670376718623559058380999595432374519166480196237764113 0 0 0 0 0 0 0 0 0 0 0 0 0 0 0 0 0 0 0 0 0 0 0 0 0 0 0 0 0 0 0 0 0 0 0 0 0 0 0 0 0 0 0 0 0 0 0 0 0 0 0 0 0 0 0 0 0 0 0 0 0 0 0 0 0 0 0 0 0 0 0 0 0 0 0 0 0 0 0 0 0 0 0 0 0 0 0]
[2336659823972267956339885871536911481733183791869022795255273578761919518735346967712327371034491303078059025778007534567186351517558922510351873868781603800332479892959019560825911298391765345090588540838880775313895285979130508366318287170679504737423376985547617 1 0 0 0 0 0 0 0 0 0 0 0 0 0 0 0 0 0 0 0 0 0 0 0 0 0 0 0 0 0 0 0 0 0 0 0 0 0 0 0 0 0 0 0 0 0 0 0 0 0 0 0 0 0 0 0 0 0 0 0 0 0 0 0 0 0 0 0 0 0 0 0 0 0 0 0 0 0 0 0 0 0 0 0 0 0 0]
[2621316379333258313817563364035165961185879610386351075572655367931999355947967214747335505417239944388914548162628754350471837840027718324111441176037691927023407629380223440718384152652407758930996907470080018342119852721776575897467235229517115366710582349349507 0 1 0 0 0 0 0 0 0 0 0 0 0 0 0 0 0 0 0 0 0 0 0 0 0 0 0 0 0 0 0 0 0 0 0 0 0 0 0 0 0 0 0 0 0 0 0 0 0 0 0 0 0 0 0 0 0 0 0 0 0 0 0 0 0 0 0 0 0 0 0 0 0 0 0 0 0 0 0 0 0 0 0 0 0 0 0]
[5070234826972772379330235777655641257066967054165855200160487396557440676961166624878689431178359003666811017467038302358385126760081886567858964233331912756687191972458349211698686373839866314094316947017858943402245302933503671645352295227740736311453855280086060 0 0 1 0 0 0 0 0 0 0 0 0 0 0 0 0 0 0 0 0 0 0 0 0 0 0 0 0 0 0 0 0 0 0 0 0 0 0 0 0 0 0 0 0 0 0 0 0 0 0 0 0 0 0 0 0 0 0 0 0 0 0 0 0 0 0 0 0 0 0 0 0 0 0 0 0 0 0 0 0 0 0 0 0 0 0 0]
[5400130608936731000505173336882577823089912854170246929673025423416548401961225356198799794183188974423292047327877190990708846453177427158039883295129016916928212742015682520334275866987871762522125267470635675571315125765278825389887810863116326028573828211500572 0 0 0 1 0 0 0 0 0 0 0 0 0 0 0 0 0 0 0 0 0 0 0 0 0 0 0 0 0 0 0 0 0 0 0 0 0 0 0 0 0 0 0 0 0 0 0 0 0 0 0 0 0 0 0 0 0 0 0 0 0 0 0 0 0 0 0 0 0 0 0 0 0 0 0 0 0 0 0 0 0 0 0 0 0 0 0]
[2207374450733145548265249421578202040555440163971313937563545102989352580040235839147696043314325749014554696823726552749745906748988260737773019107207347472799715906225877955135872463383769606900012768153706251454465257830342740651503543706036835141376362718525352 0 0 0 0 1 0 0 0 0 0 0 0 0 0 0 0 0 0 0 0 0 0 0 0 0 0 0 0 0 0 0 0 0 0 0 0 0 0 0 0 0 0 0 0 0 0 0 0 0 0 0 0 0 0 0 0 0 0 0 0 0 0 0 0 0 0 0 0 0 0 0 0 0 0 0 0 0 0 0 0 0 0 0 0 0 0 0]
[3590685223857065212514066838391566927355550363125622344972081227599176399782101073805751033199725959691053977404569268965756826503474404014123185220028860154783348236445112869032607238692934199336655049070011315151532129807200563359802313541700076302540308713965692 0 0 0 0 0 1 0 0 0 0 0 0 0 0 0 0 0 0 0 0 0 0 0 0 0 0 0 0 0 0 0 0 0 0 0 0 0 0 0 0 0 0 0 0 0 0 0 0 0 0 0 0 0 0 0 0 0 0 0 0 0 0 0 0 0 0 0 0 0 0 0 0 0 0 0 0 0 0 0 0 0 0 0 0 0 0 0]
[1248694837371274474582212834644196434055879859867625215632727756206259290080125340923819759546960675288486770657236698742083473016956738542831045067905090408868812504247246941703214768858717011024090971952830542264342530657271148288690886091342628238520650035641695 0 0 0 0 0 0 1 0 0 0 0 0 0 0 0 0 0 0 0 0 0 0 0 0 0 0 0 0 0 0 0 0 0 0 0 0 0 0 0 0 0 0 0 0 0 0 0 0 0 0 0 0 0 0 0 0 0 0 0 0 0 0 0 0 0 0 0 0 0 0 0 0 0 0 0 0 0 0 0 0 0 0 0 0 0 0 0]
[5162987035478608772332511798361625048926355775627223831998494116146920461625857354705592518082494985788773621385907440120996246055637129771205207657059247068715260130730245963342976391172985888932948041678942294510761305808883948675576512208564707419056693811633647 0 0 0 0 0 0 0 1 0 0 0 0 0 0 0 0 0 0 0 0 0 0 0 0 0 0 0 0 0 0 0 0 0 0 0 0 0 0 0 0 0 0 0 0 0 0 0 0 0 0 0 0 0 0 0 0 0 0 0 0 0 0 0 0 0 0 0 0 0 0 0 0 0 0 0 0 0 0 0 0 0 0 0 0 0 0 0]
[3775021813136595719252001589400990025098121577642990302215809678203518398181446650272810161307145605674163003230662016820194822437588169277247279535323664982018310032732103110684183798129499228571244694092044303723264096471842940420714661083812877685017502680349936 0 0 0 0 0 0 0 0 1 0 0 0 0 0 0 0 0 0 0 0 0 0 0 0 0 0 0 0 0 0 0 0 0 0 0 0 0 0 0 0 0 0 0 0 0 0 0 0 0 0 0 0 0 0 0 0 0 0 0 0 0 0 0 0 0 0 0 0 0 0 0 0 0 0 0 0 0 0 0 0 0 0 0 0 0 0 0]
[3285068039187889892854696242216311252038824282375232547316297592788931186161182342522271350996123987225203613174992073650528211731087793474940874079339174189904530669298793454714015977215931127636226400143897390936260295548564244565366583906747498409037822079009379 0 0 0 0 0 0 0 0 0 1 0 0 0 0 0 0 0 0 0 0 0 0 0 0 0 0 0 0 0 0 0 0 0 0 0 0 0 0 0 0 0 0 0 0 0 0 0 0 0 0 0 0 0 0 0 0 0 0 0 0 0 0 0 0 0 0 0 0 0 0 0 0 0 0 0 0 0 0 0 0 0 0 0 0 0 0 0]
[4654399233003697361007651847364508780278530888723502205979945767089642709294490929414323182212090636384000942750630603139319386277704823264590601683728375335426683303552155639777908774380158531744208461191618208515033921004807459347633606926848529537118217788698127 0 0 0 0 0 0 0 0 0 0 1 0 0 0 0 0 0 0 0 0 0 0 0 0 0 0 0 0 0 0 0 0 0 0 0 0 0 0 0 0 0 0 0 0 0 0 0 0 0 0 0 0 0 0 0 0 0 0 0 0 0 0 0 0 0 0 0 0 0 0 0 0 0 0 0 0 0 0 0 0 0 0 0 0 0 0 0]
[4776824814451420635235128120552089737990204189169078243995406203014551734422996975448940705389331051583555689435720083380423253170474662506426587962068153506569543044169595828213624730020978001856648343924630454181777725944694896841041858563479905932578932993347399 0 0 0 0 0 0 0 0 0 0 0 1 0 0 0 0 0 0 0 0 0 0 0 0 0 0 0 0 0 0 0 0 0 0 0 0 0 0 0 0 0 0 0 0 0 0 0 0 0 0 0 0 0 0 0 0 0 0 0 0 0 0 0 0 0 0 0 0 0 0 0 0 0 0 0 0 0 0 0 0 0 0 0 0 0 0 0]
[4726211351372877231883239209659901762395099303917823890022548569902630622537976293471745070947563998323016184182907682311842402391526651539018487233236710904739070536809006076455831599740201562093316841056572359889208745855767071920493282126633145499580709081094526 0 0 0 0 0 0 0 0 0 0 0 0 1 0 0 0 0 0 0 0 0 0 0 0 0 0 0 0 0 0 0 0 0 0 0 0 0 0 0 0 0 0 0 0 0 0 0 0 0 0 0 0 0 0 0 0 0 0 0 0 0 0 0 0 0 0 0 0 0 0 0 0 0 0 0 0 0 0 0 0 0 0 0 0 0 0 0]
[2826091217204134904162262191110509354296366230655705267911919782383276437834985914605530831407503854741088259397088293613636291134208857066909605799777075764194938769413471210077367102028860553172358359591459281720140192701287828306333564033763999912671159203429933 0 0 0 0 0 0 0 0 0 0 0 0 0 1 0 0 0 0 0 0 0 0 0 0 0 0 0 0 0 0 0 0 0 0 0 0 0 0 0 0 0 0 0 0 0 0 0 0 0 0 0 0 0 0 0 0 0 0 0 0 0 0 0 0 0 0 0 0 0 0 0 0 0 0 0 0 0 0 0 0 0 0 0 0 0 0 0]
[958354979006342379594228796348719070341484679171392074754930529056600119101985651296483568320058952441716860307295625784206113966228838670598696813618712789567884114439655021205216245803745516773924182613337758663690905368939731162515399904306906373204966352140302 0 0 0 0 0 0 0 0 0 0 0 0 0 0 1 0 0 0 0 0 0 0 0 0 0 0 0 0 0 0 0 0 0 0 0 0 0 0 0 0 0 0 0 0 0 0 0 0 0 0 0 0 0 0 0 0 0 0 0 0 0 0 0 0 0 0 0 0 0 0 0 0 0 0 0 0 0 0 0 0 0 0 0 0 0 0 0]
[1194488140223381700263866817527135765092848015468684100841944295918647198726509904267476672657621071229117124929064513122867662317622883143487179916455309476941523570986069230473044599150972143594332499956749945902058938843208360594949391297309224117775508753790354 0 0 0 0 0 0 0 0 0 0 0 0 0 0 0 1 0 0 0 0 0 0 0 0 0 0 0 0 0 0 0 0 0 0 0 0 0 0 0 0 0 0 0 0 0 0 0 0 0 0 0 0 0 0 0 0 0 0 0 0 0 0 0 0 0 0 0 0 0 0 0 0 0 0 0 0 0 0 0 0 0 0 0 0 0 0 0]
[5653379291838678507672046610664561303891845750042394260749667870109676248719821566293187232284356427358370735643367698851096248898142949460510834538341386655273987642619636017366692154735897708245329845270042744063852969313459677946674615945331875170925361217867484 0 0 0 0 0 0 0 0 0 0 0 0 0 0 0 0 1 0 0 0 0 0 0 0 0 0 0 0 0 0 0 0 0 0 0 0 0 0 0 0 0 0 0 0 0 0 0 0 0 0 0 0 0 0 0 0 0 0 0 0 0 0 0 0 0 0 0 0 0 0 0 0 0 0 0 0 0 0 0 0 0 0 0 0 0 0 0]
[3579083619234479103771930522502641607080963308195159133677184266074895554347623226577031640792656470974002704783277463545831197958239455686135471127588134322884134095647973675063367559135470366106352986309834370156413473198855660434790004978028710676618662483435835 0 0 0 0 0 0 0 0 0 0 0 0 0 0 0 0 0 1 0 0 0 0 0 0 0 0 0 0 0 0 0 0 0 0 0 0 0 0 0 0 0 0 0 0 0 0 0 0 0 0 0 0 0 0 0 0 0 0 0 0 0 0 0 0 0 0 0 0 0 0 0 0 0 0 0 0 0 0 0 0 0 0 0 0 0 0 0]
[1710923924669913563591094599074970038590814152270374805072398577755432141616713395833236183948936229139749788287587469706626405380570179821202225201018747622907775594023244255415015141011046188700865130709576316611394705057460868538486037638315336199923988972343321 0 0 0 0 0 0 0 0 0 0 0 0 0 0 0 0 0 0 1 0 0 0 0 0 0 0 0 0 0 0 0 0 0 0 0 0 0 0 0 0 0 0 0 0 0 0 0 0 0 0 0 0 0 0 0 0 0 0 0 0 0 0 0 0 0 0 0 0 0 0 0 0 0 0 0 0 0 0 0 0 0 0 0 0 0 0 0]
[4904123735935456102366266274958308121869532476325724399618113563865522084258960286167480158803086199023606086017572383086624472499123225663706774690431696491303463731077511489058302792763142822868328722516671407698644895904041226849835678554428555678849126701025795 0 0 0 0 0 0 0 0 0 0 0 0 0 0 0 0 0 0 0 1 0 0 0 0 0 0 0 0 0 0 0 0 0 0 0 0 0 0 0 0 0 0 0 0 0 0 0 0 0 0 0 0 0 0 0 0 0 0 0 0 0 0 0 0 0 0 0 0 0 0 0 0 0 0 0 0 0 0 0 0 0 0 0 0 0 0 0]
[3928861493863936542722577513038906419515517257369362313055549997759797038005758620344918405417611166338364608063038640231232171567252868421212499238431008031937115275845024610773064037111949870774841102512808797169111789322248437456877492273052209037602563578984601 0 0 0 0 0 0 0 0 0 0 0 0 0 0 0 0 0 0 0 0 1 0 0 0 0 0 0 0 0 0 0 0 0 0 0 0 0 0 0 0 0 0 0 0 0 0 0 0 0 0 0 0 0 0 0 0 0 0 0 0 0 0 0 0 0 0 0 0 0 0 0 0 0 0 0 0 0 0 0 0 0 0 0 0 0 0 0]
[1093039055337216217179878250359279566267657147229528083327326954880402730773424049832289388046276220772836940113399248988474022985599033212784970728911738742361020898381671059106100961424779246102138133799007945231299237131417592669119841551727668772651612294183895 0 0 0 0 0 0 0 0 0 0 0 0 0 0 0 0 0 0 0 0 0 1 0 0 0 0 0 0 0 0 0 0 0 0 0 0 0 0 0 0 0 0 0 0 0 0 0 0 0 0 0 0 0 0 0 0 0 0 0 0 0 0 0 0 0 0 0 0 0 0 0 0 0 0 0 0 0 0 0 0 0 0 0 0 0 0 0]
[5684205327102271191268874196383054454239764849031733293973097334405208445456429727733137076448599771380324432761353458118728561954204982987954734949689059976168451694022234185146013042102014900032887168432549056820997381787253375485294578920527773283088849968128382 0 0 0 0 0 0 0 0 0 0 0 0 0 0 0 0 0 0 0 0 0 0 1 0 0 0 0 0 0 0 0 0 0 0 0 0 0 0 0 0 0 0 0 0 0 0 0 0 0 0 0 0 0 0 0 0 0 0 0 0 0 0 0 0 0 0 0 0 0 0 0 0 0 0 0 0 0 0 0 0 0 0 0 0 0 0 0]
[5790029000149437143891375760061061997003670552803092708206003247814338753275550365272346881615783760540508065906289052837675712466546087438139451817559042457955892560864242417509598974733963936221200184602474869329330151913736150221558761544846694431061355542219377 0 0 0 0 0 0 0 0 0 0 0 0 0 0 0 0 0 0 0 0 0 0 0 1 0 0 0 0 0 0 0 0 0 0 0 0 0 0 0 0 0 0 0 0 0 0 0 0 0 0 0 0 0 0 0 0 0 0 0 0 0 0 0 0 0 0 0 0 0 0 0 0 0 0 0 0 0 0 0 0 0 0 0 0 0 0 0]
[2144722962421818482548401617308850014448564078688520831801163092222593250101695048811612341914119388161192358188417981602386208429415618589192233402505993437464855535417234367724307016946173142245639410045657775028230802852744181256340523409032745399420411290421610 0 0 0 0 0 0 0 0 0 0 0 0 0 0 0 0 0 0 0 0 0 0 0 0 1 0 0 0 0 0 0 0 0 0 0 0 0 0 0 0 0 0 0 0 0 0 0 0 0 0 0 0 0 0 0 0 0 0 0 0 0 0 0 0 0 0 0 0 0 0 0 0 0 0 0 0 0 0 0 0 0 0 0 0 0 0 0]
[3271267449183987891275346593866286613893346516972121333484081598410666162464499545155472201119283184048375885769814243246583790653600225103074091324313210677286607299376511671648872340937742072820033186351648015655907256093878833399943691615640384088867958004651499 0 0 0 0 0 0 0 0 0 0 0 0 0 0 0 0 0 0 0 0 0 0 0 0 0 1 0 0 0 0 0 0 0 0 0 0 0 0 0 0 0 0 0 0 0 0 0 0 0 0 0 0 0 0 0 0 0 0 0 0 0 0 0 0 0 0 0 0 0 0 0 0 0 0 0 0 0 0 0 0 0 0 0 0 0 0 0]
[5317585836526808276625918356450096107963353970577857725510146973880828180189057322892261912130703159867067697325922426316403748557430490903811637147958871343952913380798945525251091274024689857476726230636028312678832890924004358397545374204503181033166839362406582 0 0 0 0 0 0 0 0 0 0 0 0 0 0 0 0 0 0 0 0 0 0 0 0 0 0 1 0 0 0 0 0 0 0 0 0 0 0 0 0 0 0 0 0 0 0 0 0 0 0 0 0 0 0 0 0 0 0 0 0 0 0 0 0 0 0 0 0 0 0 0 0 0 0 0 0 0 0 0 0 0 0 0 0 0 0 0]
[3573633474681312708229095147790758148424680898257112695754434467008066770727372436851900159121966568287865983365650904246337904306451807783659329060545398355682948061897364267471787349485595648847518006818103124148453458557865809514432022905373297517358936348596985 0 0 0 0 0 0 0 0 0 0 0 0 0 0 0 0 0 0 0 0 0 0 0 0 0 0 0 1 0 0 0 0 0 0 0 0 0 0 0 0 0 0 0 0 0 0 0 0 0 0 0 0 0 0 0 0 0 0 0 0 0 0 0 0 0 0 0 0 0 0 0 0 0 0 0 0 0 0 0 0 0 0 0 0 0 0 0]
[5151658001600568281861245781576923021632177291492043294023114512786601000409887343624709448015521022877016069067102963015053786246743940624875584138217645025235554126041470772178554458937341944759446689469383175125858639608111271292312633967778341631045948671258057 0 0 0 0 0 0 0 0 0 0 0 0 0 0 0 0 0 0 0 0 0 0 0 0 0 0 0 0 1 0 0 0 0 0 0 0 0 0 0 0 0 0 0 0 0 0 0 0 0 0 0 0 0 0 0 0 0 0 0 0 0 0 0 0 0 0 0 0 0 0 0 0 0 0 0 0 0 0 0 0 0 0 0 0 0 0 0]
[4239069264587668754245453207677760786351975968897718907188107335809178603296348740372821798860113966981699004883114889176468204042440372522284343964672912003347684577506451533972931478850158223040115008932611911161206300783074663172317534943348479675835720450032396 0 0 0 0 0 0 0 0 0 0 0 0 0 0 0 0 0 0 0 0 0 0 0 0 0 0 0 0 0 1 0 0 0 0 0 0 0 0 0 0 0 0 0 0 0 0 0 0 0 0 0 0 0 0 0 0 0 0 0 0 0 0 0 0 0 0 0 0 0 0 0 0 0 0 0 0 0 0 0 0 0 0 0 0 0 0 0]
[768370188518583627795975464235362339735099259041941268869332266634291839979536774620283394517509304761338739074493528984033082871092579698094685996189896777584559623889290089409848729291261933665742651229705165546723570246460689442349218894718739293393472099603178 0 0 0 0 0 0 0 0 0 0 0 0 0 0 0 0 0 0 0 0 0 0 0 0 0 0 0 0 0 0 1 0 0 0 0 0 0 0 0 0 0 0 0 0 0 0 0 0 0 0 0 0 0 0 0 0 0 0 0 0 0 0 0 0 0 0 0 0 0 0 0 0 0 0 0 0 0 0 0 0 0 0 0 0 0 0 0]
[2406747396761757399051684377821368025638515799320368043094636442984455609217521767925060862905254018184553667765002716858326632671616727762203762638564506709766443452616360453526947992916761466078136747580491675383708026501175904219091431805117912274275749658975393 0 0 0 0 0 0 0 0 0 0 0 0 0 0 0 0 0 0 0 0 0 0 0 0 0 0 0 0 0 0 0 1 0 0 0 0 0 0 0 0 0 0 0 0 0 0 0 0 0 0 0 0 0 0 0 0 0 0 0 0 0 0 0 0 0 0 0 0 0 0 0 0 0 0 0 0 0 0 0 0 0 0 0 0 0 0 0]
[3129904433448720075424035277879100844765023926030982511101571562529150898904285136940302340846982074026543042968284877833118303074999461419888259226639479826802710944796846398079030663036462478645841625500106899324767111584099716261657318791002153040770386612276855 0 0 0 0 0 0 0 0 0 0 0 0 0 0 0 0 0 0 0 0 0 0 0 0 0 0 0 0 0 0 0 0 1 0 0 0 0 0 0 0 0 0 0 0 0 0 0 0 0 0 0 0 0 0 0 0 0 0 0 0 0 0 0 0 0 0 0 0 0 0 0 0 0 0 0 0 0 0 0 0 0 0 0 0 0 0 0]
[5815514593028145298224837587278648883316289300526126155987532341150979845007358006636807655997073445059497736723374695977314449271355183608208316205509274900178630409869211402462259252967970789912319549884851447212021823798822422640014288554038219708446726177491168 0 0 0 0 0 0 0 0 0 0 0 0 0 0 0 0 0 0 0 0 0 0 0 0 0 0 0 0 0 0 0 0 0 1 0 0 0 0 0 0 0 0 0 0 0 0 0 0 0 0 0 0 0 0 0 0 0 0 0 0 0 0 0 0 0 0 0 0 0 0 0 0 0 0 0 0 0 0 0 0 0 0 0 0 0 0 0]
[5443065380715557613041823751231418056876210274011607177981953390368571924364223785630494026794410678350964455794956963717934044393113383348794758087828938259011021240355053728471392565375388755059515129931751922417689654359474160914563683333555274997931899624013549 0 0 0 0 0 0 0 0 0 0 0 0 0 0 0 0 0 0 0 0 0 0 0 0 0 0 0 0 0 0 0 0 0 0 1 0 0 0 0 0 0 0 0 0 0 0 0 0 0 0 0 0 0 0 0 0 0 0 0 0 0 0 0 0 0 0 0 0 0 0 0 0 0 0 0 0 0 0 0 0 0 0 0 0 0 0 0]
[102049581244598117283908809460656858431451043258375221939702586693780950434405914341750571418248526882013206894935058465459784206336578245375805365074847009311814927666890442988730149644622721451736328014117817864317933421191334802688893683120590938246319328126781 0 0 0 0 0 0 0 0 0 0 0 0 0 0 0 0 0 0 0 0 0 0 0 0 0 0 0 0 0 0 0 0 0 0 0 1 0 0 0 0 0 0 0 0 0 0 0 0 0 0 0 0 0 0 0 0 0 0 0 0 0 0 0 0 0 0 0 0 0 0 0 0 0 0 0 0 0 0 0 0 0 0 0 0 0 0 0]
[3952502455492369087739845149255676804207832674570680872487846476546127542714209947111539843280515743012562760344587314502433157912910046361589868632435092134462017313233776177051368423436940281710630884360406523098284704740321970764727465750390104883422740599178592 0 0 0 0 0 0 0 0 0 0 0 0 0 0 0 0 0 0 0 0 0 0 0 0 0 0 0 0 0 0 0 0 0 0 0 0 1 0 0 0 0 0 0 0 0 0 0 0 0 0 0 0 0 0 0 0 0 0 0 0 0 0 0 0 0 0 0 0 0 0 0 0 0 0 0 0 0 0 0 0 0 0 0 0 0 0 0]
[555629711669959752848667965231877893407011838036805238239339381141739035095643199694669133600874215553600502159863766392534846905396736419990282297504019744909464578516925233821088661722791420771267062818967744895341796205924750591267584930151350721956176912536129 0 0 0 0 0 0 0 0 0 0 0 0 0 0 0 0 0 0 0 0 0 0 0 0 0 0 0 0 0 0 0 0 0 0 0 0 0 1 0 0 0 0 0 0 0 0 0 0 0 0 0 0 0 0 0 0 0 0 0 0 0 0 0 0 0 0 0 0 0 0 0 0 0 0 0 0 0 0 0 0 0 0 0 0 0 0 0]
[1197454317913205564131461359880979799403787568173549633454861831020677872198729600433881479708386379183986104553006321815231727307574512096759515943777978035796823674978521273587051016311614250146216646273476336807440849992125653436483030178516283942460493760564869 0 0 0 0 0 0 0 0 0 0 0 0 0 0 0 0 0 0 0 0 0 0 0 0 0 0 0 0 0 0 0 0 0 0 0 0 0 0 1 0 0 0 0 0 0 0 0 0 0 0 0 0 0 0 0 0 0 0 0 0 0 0 0 0 0 0 0 0 0 0 0 0 0 0 0 0 0 0 0 0 0 0 0 0 0 0 0]
[1184438505869093775572939288592200634876545443666135888874620355549970473943004635498087949130039575692118509262839311501409715236880280879585373569144446007756846604340992775437938101902377502957485726812754233549215846389393718999441623502333031921119946827465136 0 0 0 0 0 0 0 0 0 0 0 0 0 0 0 0 0 0 0 0 0 0 0 0 0 0 0 0 0 0 0 0 0 0 0 0 0 0 0 1 0 0 0 0 0 0 0 0 0 0 0 0 0 0 0 0 0 0 0 0 0 0 0 0 0 0 0 0 0 0 0 0 0 0 0 0 0 0 0 0 0 0 0 0 0 0 0]
[5195240935281977376898959015650059648802314906678996516780907897446642670312411420576149620257200759434543313522224648168728178410501354081851707079597025566730614048192509093990028512194222968130748085313483476489156370451401690083023390514140335145405538997374720 0 0 0 0 0 0 0 0 0 0 0 0 0 0 0 0 0 0 0 0 0 0 0 0 0 0 0 0 0 0 0 0 0 0 0 0 0 0 0 0 1 0 0 0 0 0 0 0 0 0 0 0 0 0 0 0 0 0 0 0 0 0 0 0 0 0 0 0 0 0 0 0 0 0 0 0 0 0 0 0 0 0 0 0 0 0 0]
[3723184175766796978422686233613699781737060020209957030022110867314480328299934633944465872167897782568648888132702401934442206960254753372861707322435913695077146005797414004042427043941425803710411567432854631762043937884794028339994301051266349430907254281470571 0 0 0 0 0 0 0 0 0 0 0 0 0 0 0 0 0 0 0 0 0 0 0 0 0 0 0 0 0 0 0 0 0 0 0 0 0 0 0 0 0 1 0 0 0 0 0 0 0 0 0 0 0 0 0 0 0 0 0 0 0 0 0 0 0 0 0 0 0 0 0 0 0 0 0 0 0 0 0 0 0 0 0 0 0 0 0]
[1338582833046058327359152717534377094560180053052742620346715904581964082284785820644495722911266939223419781356570268461840505574026786403717575506007951609084802252476149579767011650745116896988994341066468443351648354851970788906367652177228286918945562267121874 0 0 0 0 0 0 0 0 0 0 0 0 0 0 0 0 0 0 0 0 0 0 0 0 0 0 0 0 0 0 0 0 0 0 0 0 0 0 0 0 0 0 1 0 0 0 0 0 0 0 0 0 0 0 0 0 0 0 0 0 0 0 0 0 0 0 0 0 0 0 0 0 0 0 0 0 0 0 0 0 0 0 0 0 0 0 0]
[1699337511183614868188271744190029780041162998014360214979994069924714634089762324600996159840733201182668914378850428280420253746155355229447182900453679397025932250786175848433402706230263825314643705316488548234577958877505662621794471753048677000492518135611881 0 0 0 0 0 0 0 0 0 0 0 0 0 0 0 0 0 0 0 0 0 0 0 0 0 0 0 0 0 0 0 0 0 0 0 0 0 0 0 0 0 0 0 1 0 0 0 0 0 0 0 0 0 0 0 0 0 0 0 0 0 0 0 0 0 0 0 0 0 0 0 0 0 0 0 0 0 0 0 0 0 0 0 0 0 0 0]
[482576502635826794397254494399633999400509779383164721131514813908161677881977237667248102609230579129349190136087452325700895480175837139940294483633387960671750599535813854860271742505344519119971093614833157408759966660047974936774948410439050408784371220307977 0 0 0 0 0 0 0 0 0 0 0 0 0 0 0 0 0 0 0 0 0 0 0 0 0 0 0 0 0 0 0 0 0 0 0 0 0 0 0 0 0 0 0 0 1 0 0 0 0 0 0 0 0 0 0 0 0 0 0 0 0 0 0 0 0 0 0 0 0 0 0 0 0 0 0 0 0 0 0 0 0 0 0 0 0 0 0]
[1752476677613739033633447279537723591874625072101856849914667110863988295148542665676285397754897795648866907425870002412335593251154577112748743273856976632966541804834980091219322064145320626684933736446269188014407621933364336815049662392059827292727098751677612 0 0 0 0 0 0 0 0 0 0 0 0 0 0 0 0 0 0 0 0 0 0 0 0 0 0 0 0 0 0 0 0 0 0 0 0 0 0 0 0 0 0 0 0 0 1 0 0 0 0 0 0 0 0 0 0 0 0 0 0 0 0 0 0 0 0 0 0 0 0 0 0 0 0 0 0 0 0 0 0 0 0 0 0 0 0 0]
[2967612711223236805427306071520035029008121775893298889228364656403325549133290071603440214336938117823302292282169396497814620908627442518793300592253023160246082825564604193989841391231222601640628972534226909942082664026444614588990456861997047014544350246851647 0 0 0 0 0 0 0 0 0 0 0 0 0 0 0 0 0 0 0 0 0 0 0 0 0 0 0 0 0 0 0 0 0 0 0 0 0 0 0 0 0 0 0 0 0 0 1 0 0 0 0 0 0 0 0 0 0 0 0 0 0 0 0 0 0 0 0 0 0 0 0 0 0 0 0 0 0 0 0 0 0 0 0 0 0 0 0]
[183256428255028459606951561309705191507313574285318201847078922656802319110047076125024766955709978398933021829318038184528575934680306703234393623046996695211819301041965718152540758662451219919346269614973358910797677713565255744491075217179498014081086014781590 0 0 0 0 0 0 0 0 0 0 0 0 0 0 0 0 0 0 0 0 0 0 0 0 0 0 0 0 0 0 0 0 0 0 0 0 0 0 0 0 0 0 0 0 0 0 0 1 0 0 0 0 0 0 0 0 0 0 0 0 0 0 0 0 0 0 0 0 0 0 0 0 0 0 0 0 0 0 0 0 0 0 0 0 0 0 0]
[1037259714446682501497939403781384639015040017529706079486699243460512919664694983380975695279074267766843358299389536373432903659384676931489302643503762588027086461805123810008865010560583229765089038537490969359547686010799968108750406499631487761830195583918954 0 0 0 0 0 0 0 0 0 0 0 0 0 0 0 0 0 0 0 0 0 0 0 0 0 0 0 0 0 0 0 0 0 0 0 0 0 0 0 0 0 0 0 0 0 0 0 0 1 0 0 0 0 0 0 0 0 0 0 0 0 0 0 0 0 0 0 0 0 0 0 0 0 0 0 0 0 0 0 0 0 0 0 0 0 0 0]
[3203943112156646932721694244509941242564310612020637656836839689389943413830505968718692680468513979652736592658333151710496657085324533981134745872892092669127342942022392356876273719328503711959037703778695496424670877118282904422558973006102073774537135217072213 0 0 0 0 0 0 0 0 0 0 0 0 0 0 0 0 0 0 0 0 0 0 0 0 0 0 0 0 0 0 0 0 0 0 0 0 0 0 0 0 0 0 0 0 0 0 0 0 0 1 0 0 0 0 0 0 0 0 0 0 0 0 0 0 0 0 0 0 0 0 0 0 0 0 0 0 0 0 0 0 0 0 0 0 0 0 0]
[4771160195092624205654994704222960446937477359402735481671891941809717200097527986441782496493931735363978194669525167385919816644177445758704846150789724320304411102085527519405330619793078831019549180020358786075093371589171085958385333336532852423657514669023065 0 0 0 0 0 0 0 0 0 0 0 0 0 0 0 0 0 0 0 0 0 0 0 0 0 0 0 0 0 0 0 0 0 0 0 0 0 0 0 0 0 0 0 0 0 0 0 0 0 0 1 0 0 0 0 0 0 0 0 0 0 0 0 0 0 0 0 0 0 0 0 0 0 0 0 0 0 0 0 0 0 0 0 0 0 0 0]
[178445495655582642544099489347502431047361610745883796267994647147567767722333404953961735956551610234959177137575000375184384379034095427614799283142969256590751156060486719562898944468397048451332437702310237338584764675676224223948037245394075198788265986938424 0 0 0 0 0 0 0 0 0 0 0 0 0 0 0 0 0 0 0 0 0 0 0 0 0 0 0 0 0 0 0 0 0 0 0 0 0 0 0 0 0 0 0 0 0 0 0 0 0 0 0 1 0 0 0 0 0 0 0 0 0 0 0 0 0 0 0 0 0 0 0 0 0 0 0 0 0 0 0 0 0 0 0 0 0 0 0]
[712494668988774735947164149693546623615076941432258712601834273851161350555522772409186004107446779730304679304052660812168700201799443610389460669045366425388321344108187796436874666374043087663495672627220014915772565841630490967811920468581367267101636034240443 0 0 0 0 0 0 0 0 0 0 0 0 0 0 0 0 0 0 0 0 0 0 0 0 0 0 0 0 0 0 0 0 0 0 0 0 0 0 0 0 0 0 0 0 0 0 0 0 0 0 0 0 1 0 0 0 0 0 0 0 0 0 0 0 0 0 0 0 0 0 0 0 0 0 0 0 0 0 0 0 0 0 0 0 0 0 0]
[5684842971714807751871918167699369886218468287188011649383759146792114725092824173806368296650861159486834407893655896605264811392609958754740434038410063988723799573911370090493436956695089919843627584562437727491861377645421517156565442766002222933387346731292180 0 0 0 0 0 0 0 0 0 0 0 0 0 0 0 0 0 0 0 0 0 0 0 0 0 0 0 0 0 0 0 0 0 0 0 0 0 0 0 0 0 0 0 0 0 0 0 0 0 0 0 0 0 1 0 0 0 0 0 0 0 0 0 0 0 0 0 0 0 0 0 0 0 0 0 0 0 0 0 0 0 0 0 0 0 0 0]
[3507305487706071326328296591714517065656702157432554353688288903585983066171167406986422256013999748614331423156026747672238983588553649081484234774014019157167505889899960112568797081318774540116634096442598136781135622586908841224017282283763524192235671117254821 0 0 0 0 0 0 0 0 0 0 0 0 0 0 0 0 0 0 0 0 0 0 0 0 0 0 0 0 0 0 0 0 0 0 0 0 0 0 0 0 0 0 0 0 0 0 0 0 0 0 0 0 0 0 1 0 0 0 0 0 0 0 0 0 0 0 0 0 0 0 0 0 0 0 0 0 0 0 0 0 0 0 0 0 0 0 0]
[2793736814592168068195892869815728606246290591585872204363377834886417625851432118034028923481217018974808577766689683536273499751647140462434715466250243153655472061554039456139990858585981719267969253358394147074416154579558976828121482830665435680532165339001799 0 0 0 0 0 0 0 0 0 0 0 0 0 0 0 0 0 0 0 0 0 0 0 0 0 0 0 0 0 0 0 0 0 0 0 0 0 0 0 0 0 0 0 0 0 0 0 0 0 0 0 0 0 0 0 1 0 0 0 0 0 0 0 0 0 0 0 0 0 0 0 0 0 0 0 0 0 0 0 0 0 0 0 0 0 0 0]
[4978843399225717251535790461382143028442122810582191144632219804471136987448931289425238248162633854302706069571275653725901441910698572664799143970571390956144817229276030915009270999031826792926639561933685039574460020307683600034386930629680855677457105979783845 0 0 0 0 0 0 0 0 0 0 0 0 0 0 0 0 0 0 0 0 0 0 0 0 0 0 0 0 0 0 0 0 0 0 0 0 0 0 0 0 0 0 0 0 0 0 0 0 0 0 0 0 0 0 0 0 1 0 0 0 0 0 0 0 0 0 0 0 0 0 0 0 0 0 0 0 0 0 0 0 0 0 0 0 0 0 0]
[5010747164431152308472688538769287810729463656558479016718427014950148914593796422313177056474950087553230625457883291395834716664919984758130414500232330945338405223356947956678693069856951120333996336237503475469264787980248066873616370927495849404292206357810397 0 0 0 0 0 0 0 0 0 0 0 0 0 0 0 0 0 0 0 0 0 0 0 0 0 0 0 0 0 0 0 0 0 0 0 0 0 0 0 0 0 0 0 0 0 0 0 0 0 0 0 0 0 0 0 0 0 1 0 0 0 0 0 0 0 0 0 0 0 0 0 0 0 0 0 0 0 0 0 0 0 0 0 0 0 0 0]
[882673794237744514750587008771096092235756881766518203536900010709363263776914626904847446889479138060249246260250788547206862648474186230164004807812458652664856423642466426030351699623387711670079014085848009584628732556355262294269497272770836453183383650305053 0 0 0 0 0 0 0 0 0 0 0 0 0 0 0 0 0 0 0 0 0 0 0 0 0 0 0 0 0 0 0 0 0 0 0 0 0 0 0 0 0 0 0 0 0 0 0 0 0 0 0 0 0 0 0 0 0 0 1 0 0 0 0 0 0 0 0 0 0 0 0 0 0 0 0 0 0 0 0 0 0 0 0 0 0 0 0]
[4203746577053195876835548204410194357418110179424976635445472649741724880425504736354545006688568099026493017862585495583568138155344294532764327888447911555864163953981069269219076945018746775015468311781506464054269045107069592692524523075609104689884250828381998 0 0 0 0 0 0 0 0 0 0 0 0 0 0 0 0 0 0 0 0 0 0 0 0 0 0 0 0 0 0 0 0 0 0 0 0 0 0 0 0 0 0 0 0 0 0 0 0 0 0 0 0 0 0 0 0 0 0 0 1 0 0 0 0 0 0 0 0 0 0 0 0 0 0 0 0 0 0 0 0 0 0 0 0 0 0 0]
[397294512684950889158300722026650083726975324199522658154609272034771254367098463266994892196644058798615003968697630116543593782263618730493732783489251700397712162743472196853055968711303474882999191406186517594074992958412334415527141152165662786761265831363352 0 0 0 0 0 0 0 0 0 0 0 0 0 0 0 0 0 0 0 0 0 0 0 0 0 0 0 0 0 0 0 0 0 0 0 0 0 0 0 0 0 0 0 0 0 0 0 0 0 0 0 0 0 0 0 0 0 0 0 0 1 0 0 0 0 0 0 0 0 0 0 0 0 0 0 0 0 0 0 0 0 0 0 0 0 0 0]
[4740083576873909341787706537458663439511981908782500733076537052667944170473859900744551549562527150361940852852710568679288116211846322642220592219323011598012217083876341132983330148476608701230560395798599677626542555449187729446818999472464210432906034859911269 0 0 0 0 0 0 0 0 0 0 0 0 0 0 0 0 0 0 0 0 0 0 0 0 0 0 0 0 0 0 0 0 0 0 0 0 0 0 0 0 0 0 0 0 0 0 0 0 0 0 0 0 0 0 0 0 0 0 0 0 0 1 0 0 0 0 0 0 0 0 0 0 0 0 0 0 0 0 0 0 0 0 0 0 0 0 0]
[1313909014424543698714739450600190980050917895452130415738590457484013481454126329735162565494450864686054896275346818831941625109728946492347121423219935823454187470608476739141836963885489509224956691610404461630003213929729444233728087972460599733885342043570626 0 0 0 0 0 0 0 0 0 0 0 0 0 0 0 0 0 0 0 0 0 0 0 0 0 0 0 0 0 0 0 0 0 0 0 0 0 0 0 0 0 0 0 0 0 0 0 0 0 0 0 0 0 0 0 0 0 0 0 0 0 0 1 0 0 0 0 0 0 0 0 0 0 0 0 0 0 0 0 0 0 0 0 0 0 0 0]
[3643569995620330506585724550214136785701262579630385678183233706147562462338024801530085449502792159311098203744180425176271226415484286156099950262421810660673225777253819803058133886939497855359549894423572813424263066501972662590586313553841799132905926476875269 0 0 0 0 0 0 0 0 0 0 0 0 0 0 0 0 0 0 0 0 0 0 0 0 0 0 0 0 0 0 0 0 0 0 0 0 0 0 0 0 0 0 0 0 0 0 0 0 0 0 0 0 0 0 0 0 0 0 0 0 0 0 0 1 0 0 0 0 0 0 0 0 0 0 0 0 0 0 0 0 0 0 0 0 0 0 0]
[2077899461834193267063491169080695777832426084809105773487681877266070487829176058628447705708952830320211785124923452922212265222089451654487628079248238888671901953561919953579379408166173780983075509466679378961031510847536027547828528362756708698343613642028132 0 0 0 0 0 0 0 0 0 0 0 0 0 0 0 0 0 0 0 0 0 0 0 0 0 0 0 0 0 0 0 0 0 0 0 0 0 0 0 0 0 0 0 0 0 0 0 0 0 0 0 0 0 0 0 0 0 0 0 0 0 0 0 0 1 0 0 0 0 0 0 0 0 0 0 0 0 0 0 0 0 0 0 0 0 0 0]
[5696277475083001120565657276964951639078016390018491224768410150296293923914075862569749668194985261129567196360599683062193077405746935007076777215562062442865500532045535261880597984392722204266276435109363202892186998038560582818343198977134931936101795313738217 0 0 0 0 0 0 0 0 0 0 0 0 0 0 0 0 0 0 0 0 0 0 0 0 0 0 0 0 0 0 0 0 0 0 0 0 0 0 0 0 0 0 0 0 0 0 0 0 0 0 0 0 0 0 0 0 0 0 0 0 0 0 0 0 0 1 0 0 0 0 0 0 0 0 0 0 0 0 0 0 0 0 0 0 0 0 0]
[4032309320632679235158706297566349733638691949934932884666341915566420642191958556327740228827489376031569467888587640816712877499088395631219561729453038330024253705382136718012158774558933118800534559982092163087973913619945140812008140862764297654240680648066798 0 0 0 0 0 0 0 0 0 0 0 0 0 0 0 0 0 0 0 0 0 0 0 0 0 0 0 0 0 0 0 0 0 0 0 0 0 0 0 0 0 0 0 0 0 0 0 0 0 0 0 0 0 0 0 0 0 0 0 0 0 0 0 0 0 0 1 0 0 0 0 0 0 0 0 0 0 0 0 0 0 0 0 0 0 0 0]
[586645305214975490077434053166319929632926842228112980333717229400653111301688219906924433286090900136839417613334812867305399542636022882026130963615439757848871512873850443131464868386617815087963122377860059617051896520074432657375165461468406017088323933416033 0 0 0 0 0 0 0 0 0 0 0 0 0 0 0 0 0 0 0 0 0 0 0 0 0 0 0 0 0 0 0 0 0 0 0 0 0 0 0 0 0 0 0 0 0 0 0 0 0 0 0 0 0 0 0 0 0 0 0 0 0 0 0 0 0 0 0 1 0 0 0 0 0 0 0 0 0 0 0 0 0 0 0 0 0 0 0]
[2471451187604429556866372857283179476233217701047637423993997117467202458826264642388701827731144770161902062971590605439460362409949082488219125147546150341955554858230668062328764328319945396194331387897446689078048626375816880546550184950833551898042907533586787 0 0 0 0 0 0 0 0 0 0 0 0 0 0 0 0 0 0 0 0 0 0 0 0 0 0 0 0 0 0 0 0 0 0 0 0 0 0 0 0 0 0 0 0 0 0 0 0 0 0 0 0 0 0 0 0 0 0 0 0 0 0 0 0 0 0 0 0 1 0 0 0 0 0 0 0 0 0 0 0 0 0 0 0 0 0 0]
[3659664588445879616344325522188728220121896032133244672365767763899883143357300866318444122605809829324751786889718468927979468679048557068192616031078788887912837174279027170358020016455019591469083954455980265818976258927446773925320962832737844406174541761701867 0 0 0 0 0 0 0 0 0 0 0 0 0 0 0 0 0 0 0 0 0 0 0 0 0 0 0 0 0 0 0 0 0 0 0 0 0 0 0 0 0 0 0 0 0 0 0 0 0 0 0 0 0 0 0 0 0 0 0 0 0 0 0 0 0 0 0 0 0 1 0 0 0 0 0 0 0 0 0 0 0 0 0 0 0 0 0]
[2574896470490681902403549206561197158238399561445299104553779429842219827681082735552400399075054908588038299378806185828725422226138374501423793892923381211216678111501048170083866810883148580116502473571307643920772768883442592915533244109176257660317447338834221 0 0 0 0 0 0 0 0 0 0 0 0 0 0 0 0 0 0 0 0 0 0 0 0 0 0 0 0 0 0 0 0 0 0 0 0 0 0 0 0 0 0 0 0 0 0 0 0 0 0 0 0 0 0 0 0 0 0 0 0 0 0 0 0 0 0 0 0 0 0 1 0 0 0 0 0 0 0 0 0 0 0 0 0 0 0 0]
[5090926729120523774478258242522946844569411580817898624886661646800259004153237037070328602891047203336849520415502668665429081204371516271831419329245563341385525959049961155202750596070261368862570430825006471637925342714868204087122186614821826551185068258325811 0 0 0 0 0 0 0 0 0 0 0 0 0 0 0 0 0 0 0 0 0 0 0 0 0 0 0 0 0 0 0 0 0 0 0 0 0 0 0 0 0 0 0 0 0 0 0 0 0 0 0 0 0 0 0 0 0 0 0 0 0 0 0 0 0 0 0 0 0 0 0 1 0 0 0 0 0 0 0 0 0 0 0 0 0 0 0]
[2404907768627878487348483536695634681922132012210977749311416948694383070708116865341140843536203312219389551911161803983964861310257826204021681900098935221223074108517168443805624434467211360652426631772775817463371301081302656010596244795836830612558810217866927 0 0 0 0 0 0 0 0 0 0 0 0 0 0 0 0 0 0 0 0 0 0 0 0 0 0 0 0 0 0 0 0 0 0 0 0 0 0 0 0 0 0 0 0 0 0 0 0 0 0 0 0 0 0 0 0 0 0 0 0 0 0 0 0 0 0 0 0 0 0 0 0 1 0 0 0 0 0 0 0 0 0 0 0 0 0 0]
[1881810892311546817553986436625341966662203574686598443279295275098018261941982925036038182105572272786452812357407950118281652062857124927119863984483245000702296343887024982089074054597532440151662395822540474735450582303453635616600132964048983659126337484352304 0 0 0 0 0 0 0 0 0 0 0 0 0 0 0 0 0 0 0 0 0 0 0 0 0 0 0 0 0 0 0 0 0 0 0 0 0 0 0 0 0 0 0 0 0 0 0 0 0 0 0 0 0 0 0 0 0 0 0 0 0 0 0 0 0 0 0 0 0 0 0 0 0 1 0 0 0 0 0 0 0 0 0 0 0 0 0]
[644623468256566947864399277074304068424775269592555209285308664551610161643904388982029127245224214146384229494091496865554164768519934918441848841013653780813158603116003673852627917694108589352837145893539665164665293686177806703766823006709227470440081838142086 0 0 0 0 0 0 0 0 0 0 0 0 0 0 0 0 0 0 0 0 0 0 0 0 0 0 0 0 0 0 0 0 0 0 0 0 0 0 0 0 0 0 0 0 0 0 0 0 0 0 0 0 0 0 0 0 0 0 0 0 0 0 0 0 0 0 0 0 0 0 0 0 0 0 1 0 0 0 0 0 0 0 0 0 0 0 0]
[2137893235295216798675002234195881663326798244256582046958908256796138168547904531194486760261717586284622595557059106972891308503082815271764068891314776708769797369214915470657275869599668576800758232571210498548509465850992650402962412419325237772131852815568365 0 0 0 0 0 0 0 0 0 0 0 0 0 0 0 0 0 0 0 0 0 0 0 0 0 0 0 0 0 0 0 0 0 0 0 0 0 0 0 0 0 0 0 0 0 0 0 0 0 0 0 0 0 0 0 0 0 0 0 0 0 0 0 0 0 0 0 0 0 0 0 0 0 0 0 1 0 0 0 0 0 0 0 0 0 0 0]
[444257037117866442360801173836625347055310266531519200692957528561174857675565316212067125318664459168335324665441345824798616872994398292738925632793510501045580802646367826276865744186688932963402227610268767228024285949194972738205681174579529120263527392830380 0 0 0 0 0 0 0 0 0 0 0 0 0 0 0 0 0 0 0 0 0 0 0 0 0 0 0 0 0 0 0 0 0 0 0 0 0 0 0 0 0 0 0 0 0 0 0 0 0 0 0 0 0 0 0 0 0 0 0 0 0 0 0 0 0 0 0 0 0 0 0 0 0 0 0 0 1 0 0 0 0 0 0 0 0 0 0]
[770533605301682889728566426319125839648283602232042715164733749836536318949625645846762403701593481301468760839946555539560188985499020407395620168150238394942394388026771182335844496288116037197566499984114440800945517620840448781176369726545242816107266959892642 0 0 0 0 0 0 0 0 0 0 0 0 0 0 0 0 0 0 0 0 0 0 0 0 0 0 0 0 0 0 0 0 0 0 0 0 0 0 0 0 0 0 0 0 0 0 0 0 0 0 0 0 0 0 0 0 0 0 0 0 0 0 0 0 0 0 0 0 0 0 0 0 0 0 0 0 0 1 0 0 0 0 0 0 0 0 0]
[3672863571657695210720406091599270912265959376391124396531267169566264252137409959310030554440105642954146564358571356319042021208115066522821097844189120455277620231305310651972144965362395780352870995441637238196781416662386587152258500376533934046499401998891085 0 0 0 0 0 0 0 0 0 0 0 0 0 0 0 0 0 0 0 0 0 0 0 0 0 0 0 0 0 0 0 0 0 0 0 0 0 0 0 0 0 0 0 0 0 0 0 0 0 0 0 0 0 0 0 0 0 0 0 0 0 0 0 0 0 0 0 0 0 0 0 0 0 0 0 0 0 0 1 0 0 0 0 0 0 0 0]
[5225197220952553522007894843663755193123317295592739382988497179995270413377154909486772579445450850667319204889182141974638246245058348493067986493431153669631343985393561098416208466852675397291112128141102382641834535860159375277412636742895289052478739085965109 0 0 0 0 0 0 0 0 0 0 0 0 0 0 0 0 0 0 0 0 0 0 0 0 0 0 0 0 0 0 0 0 0 0 0 0 0 0 0 0 0 0 0 0 0 0 0 0 0 0 0 0 0 0 0 0 0 0 0 0 0 0 0 0 0 0 0 0 0 0 0 0 0 0 0 0 0 0 0 1 0 0 0 0 0 0 0]
[1978341608632984628192243535208512393462766527587695436698140932273117666947925545113640570470187711914394651778642217076736472910058835973393500412425809907745195607785315186085201494501720079730961022997815686607591214726788761075791816796124509134215574757215365 0 0 0 0 0 0 0 0 0 0 0 0 0 0 0 0 0 0 0 0 0 0 0 0 0 0 0 0 0 0 0 0 0 0 0 0 0 0 0 0 0 0 0 0 0 0 0 0 0 0 0 0 0 0 0 0 0 0 0 0 0 0 0 0 0 0 0 0 0 0 0 0 0 0 0 0 0 0 0 0 1 0 0 0 0 0 0]
[2751418820211120664403058680140924697953838437881721927479584885441056361409176158300433228866816610148060490566348078427751547733132552206322589268030009665136647299782066987830301842763759227281111042430102878315651778620957059673466557849397401138964874735945896 0 0 0 0 0 0 0 0 0 0 0 0 0 0 0 0 0 0 0 0 0 0 0 0 0 0 0 0 0 0 0 0 0 0 0 0 0 0 0 0 0 0 0 0 0 0 0 0 0 0 0 0 0 0 0 0 0 0 0 0 0 0 0 0 0 0 0 0 0 0 0 0 0 0 0 0 0 0 0 0 0 1 0 0 0 0 0]
[1240588250056019617850287437652994337636891311757517907419883363001428734317067218292955953942138147620457067876883329093542642239494635277050744293308713571794160059486728388077375343109435322071786380963225797416060716222286845300065316275200674679495291587519219 0 0 0 0 0 0 0 0 0 0 0 0 0 0 0 0 0 0 0 0 0 0 0 0 0 0 0 0 0 0 0 0 0 0 0 0 0 0 0 0 0 0 0 0 0 0 0 0 0 0 0 0 0 0 0 0 0 0 0 0 0 0 0 0 0 0 0 0 0 0 0 0 0 0 0 0 0 0 0 0 0 0 1 0 0 0 0]
[2592615498051028481156436021963630668921428142199220020200615077723493098441976567688412064271363368828439523080971684854660716356928087941058683091679805114508802849318981850485175709786979233611717260103495004755068141354837151653784289998676216276975160448774564 0 0 0 0 0 0 0 0 0 0 0 0 0 0 0 0 0 0 0 0 0 0 0 0 0 0 0 0 0 0 0 0 0 0 0 0 0 0 0 0 0 0 0 0 0 0 0 0 0 0 0 0 0 0 0 0 0 0 0 0 0 0 0 0 0 0 0 0 0 0 0 0 0 0 0 0 0 0 0 0 0 0 0 1 0 0 0]
[4855962903004663346240811402353723430955926416166788271398985745852001285737114994428503149364309010740205430221460825063897325177783090498368586596739083168289037911588920518937517132438655845076676020624581398110833380520204399276169797900182589456821867401027380 0 0 0 0 0 0 0 0 0 0 0 0 0 0 0 0 0 0 0 0 0 0 0 0 0 0 0 0 0 0 0 0 0 0 0 0 0 0 0 0 0 0 0 0 0 0 0 0 0 0 0 0 0 0 0 0 0 0 0 0 0 0 0 0 0 0 0 0 0 0 0 0 0 0 0 0 0 0 0 0 0 0 0 0 1 0 0]
[1149316035186607748726288245518529157357009552377201590842235179312262973238343503220067305075205472725858073427145043293042286753615783335634938177345946231503003016778752637950583292196227513523815069656473860994999592762012052328268851944021947263786656265809722 0 0 0 0 0 0 0 0 0 0 0 0 0 0 0 0 0 0 0 0 0 0 0 0 0 0 0 0 0 0 0 0 0 0 0 0 0 0 0 0 0 0 0 0 0 0 0 0 0 0 0 0 0 0 0 0 0 0 0 0 0 0 0 0 0 0 0 0 0 0 0 0 0 0 0 0 0 0 0 0 0 0 0 0 0 1 0]
[3048116323887309598657991307205900763067735517468382104021900987617240176381868869824400119310564844774248560026766836922995996305756575338603353315598397299172542052278058416290003896665819363841182196609303759403171960358243609015073854656482192040535513026535399 0 0 0 0 0 0 0 0 0 0 0 0 0 0 0 0 0 0 0 0 0 0 0 0 0 0 0 0 0 0 0 0 0 0 0 0 0 0 0 0 0 0 0 0 0 0 0 0 0 0 0 0 0 0 0 0 0 0 0 0 0 0 0 0 0 0 0 0 0 0 0 0 0 0 0 0 0 0 0 0 0 0 0 0 0 0 1]
]
