[[5860559449220575570891758752351488513002772632644606958855214693129458111636345595284274654157971333700605445057823841217230370686427846028606415287036186483532751286373639647821311491619474880851886168888990166712485691052281385646937379526589773607517215098661658716271 0 0 0 0 0 0 0 0 0 0 0 0 0 0 0 0 0 0 0 0 0 0 0 0 0 0 0 0 0 0 0 0 0 0 0 0 0 0 0 0 0 0 0 0 0 0 0 0 0 0 0 0 0 0 0 0 0 0 0 0 0 0 0 0 0 0 0 0 0 0 0 0 0 0 0 0 0 0 0 0 0 0 0 0 0 0 0 0 0]
[4163278269134950491696140998849184765093545572228063947217305501992947018846262755327697283541827687184347046742732956045122963367879021374130136209862306447753467344254542044168785865404743720431374605180982610525888196913798418352949883255385946663278348905874536141168 1 0 0 0 0 0 0 0 0 0 0 0 0 0 0 0 0 0 0 0 0 0 0 0 0 0 0 0 0 0 0 0 0 0 0 0 0 0 0 0 0 0 0 0 0 0 0 0 0 0 0 0 0 0 0 0 0 0 0 0 0 0 0 0 0 0 0 0 0 0 0 0 0 0 0 0 0 0 0 0 0 0 0 0 0 0 0 0 0]
[419467907197604872365630372738808838956492244859956010095810658856969324506172143317632078375249554095274950351289328384093846393838513708847243002347028731060553665773767780816718427524132630482119487435248715918321640727934951582562245007290480004269832642032982940622 0 1 0 0 0 0 0 0 0 0 0 0 0 0 0 0 0 0 0 0 0 0 0 0 0 0 0 0 0 0 0 0 0 0 0 0 0 0 0 0 0 0 0 0 0 0 0 0 0 0 0 0 0 0 0 0 0 0 0 0 0 0 0 0 0 0 0 0 0 0 0 0 0 0 0 0 0 0 0 0 0 0 0 0 0 0 0 0 0]
[2521584316760751114734229487160340571826718674663776676993090550535598476210028222055528263514905096735788524652703470771831505027188297189583794008635037763756548177509017459385545625270349699241809831251736929090271536651058637213907580008755285924984054544999590872490 0 0 1 0 0 0 0 0 0 0 0 0 0 0 0 0 0 0 0 0 0 0 0 0 0 0 0 0 0 0 0 0 0 0 0 0 0 0 0 0 0 0 0 0 0 0 0 0 0 0 0 0 0 0 0 0 0 0 0 0 0 0 0 0 0 0 0 0 0 0 0 0 0 0 0 0 0 0 0 0 0 0 0 0 0 0 0 0 0]
[2491624826109873163672573632791945909793547967673555159151054077675449334922672351537144815582291357112636785591976055445753055941114658442388749288652335771177041334127702737947096367673743371510811124718890801414198611085584674543318251206266097710321343532830192984575 0 0 0 1 0 0 0 0 0 0 0 0 0 0 0 0 0 0 0 0 0 0 0 0 0 0 0 0 0 0 0 0 0 0 0 0 0 0 0 0 0 0 0 0 0 0 0 0 0 0 0 0 0 0 0 0 0 0 0 0 0 0 0 0 0 0 0 0 0 0 0 0 0 0 0 0 0 0 0 0 0 0 0 0 0 0 0 0 0]
[3011166763035679459796938003249235839174756584083325152163260513701483062232404276197546739602684947890185248326128123253076863782829658562366328188179544826880082597355177605413175555745829474410515236256410742141840465762852664216164444307273972647722942653004888367668 0 0 0 0 1 0 0 0 0 0 0 0 0 0 0 0 0 0 0 0 0 0 0 0 0 0 0 0 0 0 0 0 0 0 0 0 0 0 0 0 0 0 0 0 0 0 0 0 0 0 0 0 0 0 0 0 0 0 0 0 0 0 0 0 0 0 0 0 0 0 0 0 0 0 0 0 0 0 0 0 0 0 0 0 0 0 0 0 0]
[2332303218271803692539752118739433576648398959942331102198253966603816905245815815926796643508543798911997424675102247668464412047283151311639105815495353226832776593901014193714298770292550298234856316702782688308406911440549255380599549545733999721186715188329642547325 0 0 0 0 0 1 0 0 0 0 0 0 0 0 0 0 0 0 0 0 0 0 0 0 0 0 0 0 0 0 0 0 0 0 0 0 0 0 0 0 0 0 0 0 0 0 0 0 0 0 0 0 0 0 0 0 0 0 0 0 0 0 0 0 0 0 0 0 0 0 0 0 0 0 0 0 0 0 0 0 0 0 0 0 0 0 0 0 0]
[5435779741553428015396920419584599190511285220346993828674562590517397428909033619433938946324990818623692741428974476777571314499529273163016039031279245629920648878260702087754324344774669912611761317748090497118004381509196029395429180280534095140845918647248973776213 0 0 0 0 0 0 1 0 0 0 0 0 0 0 0 0 0 0 0 0 0 0 0 0 0 0 0 0 0 0 0 0 0 0 0 0 0 0 0 0 0 0 0 0 0 0 0 0 0 0 0 0 0 0 0 0 0 0 0 0 0 0 0 0 0 0 0 0 0 0 0 0 0 0 0 0 0 0 0 0 0 0 0 0 0 0 0 0 0]
[357640074416866459738198933430345444115044390869364411551237132925502893762651292806758522888232033884616971432224397489916738214806768854120804180861358795221702272695845715801228201393120422654432859155594861806757971014414478016003086493654990663573157195174985118076 0 0 0 0 0 0 0 1 0 0 0 0 0 0 0 0 0 0 0 0 0 0 0 0 0 0 0 0 0 0 0 0 0 0 0 0 0 0 0 0 0 0 0 0 0 0 0 0 0 0 0 0 0 0 0 0 0 0 0 0 0 0 0 0 0 0 0 0 0 0 0 0 0 0 0 0 0 0 0 0 0 0 0 0 0 0 0 0 0]
[2617775219267793443762759005800576488288842870728588205389732644355628408708002787965336106886367589803201928702032806278472993998919375474744849053342330257831955170206063447523150627043653829792031088827702757514633910782035165792398674942945926564786070576124937726171 0 0 0 0 0 0 0 0 1 0 0 0 0 0 0 0 0 0 0 0 0 0 0 0 0 0 0 0 0 0 0 0 0 0 0 0 0 0 0 0 0 0 0 0 0 0 0 0 0 0 0 0 0 0 0 0 0 0 0 0 0 0 0 0 0 0 0 0 0 0 0 0 0 0 0 0 0 0 0 0 0 0 0 0 0 0 0 0 0]
[4371726729287496236641689964049075231927005959211355283528094739545352826397920653649897090691180191812590826416676036298861710923439700404350981299789585131648363054868476429819374139373614807844334459128649482948456880200494103372462066668988442372338246012047458773000 0 0 0 0 0 0 0 0 0 1 0 0 0 0 0 0 0 0 0 0 0 0 0 0 0 0 0 0 0 0 0 0 0 0 0 0 0 0 0 0 0 0 0 0 0 0 0 0 0 0 0 0 0 0 0 0 0 0 0 0 0 0 0 0 0 0 0 0 0 0 0 0 0 0 0 0 0 0 0 0 0 0 0 0 0 0 0 0 0]
[4634205105682737083864250098202473049951736994514451181285175955979620962859114947361087333818972974527250608473009373122793752536930589415535087915615474462596540038031704462584315013445560595005794030739120136488045670860527789531933229499356980452468464705533082346140 0 0 0 0 0 0 0 0 0 0 1 0 0 0 0 0 0 0 0 0 0 0 0 0 0 0 0 0 0 0 0 0 0 0 0 0 0 0 0 0 0 0 0 0 0 0 0 0 0 0 0 0 0 0 0 0 0 0 0 0 0 0 0 0 0 0 0 0 0 0 0 0 0 0 0 0 0 0 0 0 0 0 0 0 0 0 0 0 0]
[3081294166852965516236926329274977386981890733610046127235030607691903436091990660057847952126229283410174183056443997990655416790083631362463514129405821429425482851806336436711680136089730458791034025299564218685650364083466719938844229770995826913993152992469931676219 0 0 0 0 0 0 0 0 0 0 0 1 0 0 0 0 0 0 0 0 0 0 0 0 0 0 0 0 0 0 0 0 0 0 0 0 0 0 0 0 0 0 0 0 0 0 0 0 0 0 0 0 0 0 0 0 0 0 0 0 0 0 0 0 0 0 0 0 0 0 0 0 0 0 0 0 0 0 0 0 0 0 0 0 0 0 0 0 0]
[1414175790246568130127418550993901800022783634621390591331798133325117262643700036307592606924842567520339107140006101210910109344439360991044517922780318422429277835946148019245695063637832700956388700177439043856165548896708623369109740543148395159528138787394822391036 0 0 0 0 0 0 0 0 0 0 0 0 1 0 0 0 0 0 0 0 0 0 0 0 0 0 0 0 0 0 0 0 0 0 0 0 0 0 0 0 0 0 0 0 0 0 0 0 0 0 0 0 0 0 0 0 0 0 0 0 0 0 0 0 0 0 0 0 0 0 0 0 0 0 0 0 0 0 0 0 0 0 0 0 0 0 0 0 0]
[708606593442755724320576586515752956165426090617602026423451688760677838205708815921086230951970242492794137615265339944116445268248251372033045383650995178043624074666741043317611098511492039322423025269167272254664032426595985885929807759453768023021583321716057828659 0 0 0 0 0 0 0 0 0 0 0 0 0 1 0 0 0 0 0 0 0 0 0 0 0 0 0 0 0 0 0 0 0 0 0 0 0 0 0 0 0 0 0 0 0 0 0 0 0 0 0 0 0 0 0 0 0 0 0 0 0 0 0 0 0 0 0 0 0 0 0 0 0 0 0 0 0 0 0 0 0 0 0 0 0 0 0 0 0]
[1426331163657757390318900720121489630856821875203916085206414975146786676384696879432436367534962499542956224922529926585208987420988254726264570463284519095135804287502143198774667089470026063203106428680298132468782825083829526190900812727668329076316403722601550129408 0 0 0 0 0 0 0 0 0 0 0 0 0 0 1 0 0 0 0 0 0 0 0 0 0 0 0 0 0 0 0 0 0 0 0 0 0 0 0 0 0 0 0 0 0 0 0 0 0 0 0 0 0 0 0 0 0 0 0 0 0 0 0 0 0 0 0 0 0 0 0 0 0 0 0 0 0 0 0 0 0 0 0 0 0 0 0 0 0]
[3217753223650450777795030098509347881442860314775482557265801146998754416217218149907374438262754795073911628845436431171859472585438298520065310652373838339542641904936735754191867075046221039883847208894536593641993446635823308545553576886646796418363572057266381080678 0 0 0 0 0 0 0 0 0 0 0 0 0 0 0 1 0 0 0 0 0 0 0 0 0 0 0 0 0 0 0 0 0 0 0 0 0 0 0 0 0 0 0 0 0 0 0 0 0 0 0 0 0 0 0 0 0 0 0 0 0 0 0 0 0 0 0 0 0 0 0 0 0 0 0 0 0 0 0 0 0 0 0 0 0 0 0 0 0]
[2661268876954334915088846344379175420375463987445805668189976376741675589111255951547929713004784800212676461029428826227180485930160109973110961629534347447582696516627024905516675123581538707540180728096044371896499846419837453213467702159385628958689906978088526860975 0 0 0 0 0 0 0 0 0 0 0 0 0 0 0 0 1 0 0 0 0 0 0 0 0 0 0 0 0 0 0 0 0 0 0 0 0 0 0 0 0 0 0 0 0 0 0 0 0 0 0 0 0 0 0 0 0 0 0 0 0 0 0 0 0 0 0 0 0 0 0 0 0 0 0 0 0 0 0 0 0 0 0 0 0 0 0 0 0]
[3135938253491508823543199301425336343489607013415149300448453972124098427686939999788321911275300489374627078976673073967724118785332346221519772588471638654547472615475804852675462660294629405032028966623907831994901075497251642276109537802597874305352346586778547039179 0 0 0 0 0 0 0 0 0 0 0 0 0 0 0 0 0 1 0 0 0 0 0 0 0 0 0 0 0 0 0 0 0 0 0 0 0 0 0 0 0 0 0 0 0 0 0 0 0 0 0 0 0 0 0 0 0 0 0 0 0 0 0 0 0 0 0 0 0 0 0 0 0 0 0 0 0 0 0 0 0 0 0 0 0 0 0 0 0]
[5193581630884355990988522456439941410861762361198900277793657651163892241215428543476921594313963579666185150817788666139443625923532283139861609803342767544507905987398450542687605878261101413245351004563644944042235206002920010486241460305861625107030916697879195220640 0 0 0 0 0 0 0 0 0 0 0 0 0 0 0 0 0 0 1 0 0 0 0 0 0 0 0 0 0 0 0 0 0 0 0 0 0 0 0 0 0 0 0 0 0 0 0 0 0 0 0 0 0 0 0 0 0 0 0 0 0 0 0 0 0 0 0 0 0 0 0 0 0 0 0 0 0 0 0 0 0 0 0 0 0 0 0 0 0]
[1449542355638667353608376100567091918988593324067754406954291214133922310750019887785062025357109228323706519321885483662087913808843063508238246353570968877185561223547619141218341584754909336595651643195391496366229997566842359483694336699748336589331910073286564516219 0 0 0 0 0 0 0 0 0 0 0 0 0 0 0 0 0 0 0 1 0 0 0 0 0 0 0 0 0 0 0 0 0 0 0 0 0 0 0 0 0 0 0 0 0 0 0 0 0 0 0 0 0 0 0 0 0 0 0 0 0 0 0 0 0 0 0 0 0 0 0 0 0 0 0 0 0 0 0 0 0 0 0 0 0 0 0 0 0]
[643768165094427239381162728709790317112439972960657887427567374196628706052864499756402625938853615572655843712960063916109112553162686182086901263717098317105907928261977346936004163716934296382002345006250446636071029771530841121712911801762621161892901238798667539105 0 0 0 0 0 0 0 0 0 0 0 0 0 0 0 0 0 0 0 0 1 0 0 0 0 0 0 0 0 0 0 0 0 0 0 0 0 0 0 0 0 0 0 0 0 0 0 0 0 0 0 0 0 0 0 0 0 0 0 0 0 0 0 0 0 0 0 0 0 0 0 0 0 0 0 0 0 0 0 0 0 0 0 0 0 0 0 0 0]
[4298648220324600173187356188148649793301130065140088052829007575761972424306946674322915418514573302514603988573650392938488511015420367816072896433034096945351403338450706565917167818468397100220435504182709249504793473802549934943480011130036461744744609435109834807746 0 0 0 0 0 0 0 0 0 0 0 0 0 0 0 0 0 0 0 0 0 1 0 0 0 0 0 0 0 0 0 0 0 0 0 0 0 0 0 0 0 0 0 0 0 0 0 0 0 0 0 0 0 0 0 0 0 0 0 0 0 0 0 0 0 0 0 0 0 0 0 0 0 0 0 0 0 0 0 0 0 0 0 0 0 0 0 0 0]
[5048673795641194618570216970842403428921460383917003053493075501355147648888128652259747580570142198855037668916873424506247576944423948090587367483127023312082882523992108050458328918231672270168953059798695713413908974052384160279356552511159844020714979958221097682897 0 0 0 0 0 0 0 0 0 0 0 0 0 0 0 0 0 0 0 0 0 0 1 0 0 0 0 0 0 0 0 0 0 0 0 0 0 0 0 0 0 0 0 0 0 0 0 0 0 0 0 0 0 0 0 0 0 0 0 0 0 0 0 0 0 0 0 0 0 0 0 0 0 0 0 0 0 0 0 0 0 0 0 0 0 0 0 0 0]
[2511753395458985881480997761699390309321651300558313369472532824286205405573155722189045568205753821505773033957685069838980106231245182836072574821273544567405259534443972430423071701164329111653323318190463786477421840884204276016746678717652008767297482137920673668306 0 0 0 0 0 0 0 0 0 0 0 0 0 0 0 0 0 0 0 0 0 0 0 1 0 0 0 0 0 0 0 0 0 0 0 0 0 0 0 0 0 0 0 0 0 0 0 0 0 0 0 0 0 0 0 0 0 0 0 0 0 0 0 0 0 0 0 0 0 0 0 0 0 0 0 0 0 0 0 0 0 0 0 0 0 0 0 0 0]
[5249756692168940074206892879766511462381256850877422374423430004155424868941899518275159417851962850207639385449496497607325583987087643852785034809771919361494851925078839189060650970980144187009716872984921399051837493259585729949326202157819027575187315709647507232249 0 0 0 0 0 0 0 0 0 0 0 0 0 0 0 0 0 0 0 0 0 0 0 0 1 0 0 0 0 0 0 0 0 0 0 0 0 0 0 0 0 0 0 0 0 0 0 0 0 0 0 0 0 0 0 0 0 0 0 0 0 0 0 0 0 0 0 0 0 0 0 0 0 0 0 0 0 0 0 0 0 0 0 0 0 0 0 0 0]
[3834198897143292886197944163673317243034331528829419141276287048282745623162802964388447054699725845457836668160350056282196664510953591581874427628070094119627123422086599663300436744786621713918334481632006167718397777943731429281289695273700107013721104800576163303782 0 0 0 0 0 0 0 0 0 0 0 0 0 0 0 0 0 0 0 0 0 0 0 0 0 1 0 0 0 0 0 0 0 0 0 0 0 0 0 0 0 0 0 0 0 0 0 0 0 0 0 0 0 0 0 0 0 0 0 0 0 0 0 0 0 0 0 0 0 0 0 0 0 0 0 0 0 0 0 0 0 0 0 0 0 0 0 0 0]
[3453600142009379370777304622120022736752988515389803992528199092189586782811158469343605272650094451468350489176649524198161998957110447559062792844402918876270101405337561989464168282245669331771775076641560689076674704110498011488286766744889111912277919950843334823628 0 0 0 0 0 0 0 0 0 0 0 0 0 0 0 0 0 0 0 0 0 0 0 0 0 0 1 0 0 0 0 0 0 0 0 0 0 0 0 0 0 0 0 0 0 0 0 0 0 0 0 0 0 0 0 0 0 0 0 0 0 0 0 0 0 0 0 0 0 0 0 0 0 0 0 0 0 0 0 0 0 0 0 0 0 0 0 0 0]
[1292796280481891803468924976597888234848207358832549845683100978307200703753858027250335840256707781260782415707001275331620734334533249304955684853546417308412027562316807381548085158428538124725514110154583898207405120428789029304531555497275629125868013915721356427383 0 0 0 0 0 0 0 0 0 0 0 0 0 0 0 0 0 0 0 0 0 0 0 0 0 0 0 1 0 0 0 0 0 0 0 0 0 0 0 0 0 0 0 0 0 0 0 0 0 0 0 0 0 0 0 0 0 0 0 0 0 0 0 0 0 0 0 0 0 0 0 0 0 0 0 0 0 0 0 0 0 0 0 0 0 0 0 0 0]
[4326467453149124720380784046295083492805515164799092297999008362538515426863270828803882778865436036330641538459458943473984336779857198875404863333206554456596287842100021648334301924753785681024687339817395646405850951081629085760520422039519466313844946784522893694883 0 0 0 0 0 0 0 0 0 0 0 0 0 0 0 0 0 0 0 0 0 0 0 0 0 0 0 0 1 0 0 0 0 0 0 0 0 0 0 0 0 0 0 0 0 0 0 0 0 0 0 0 0 0 0 0 0 0 0 0 0 0 0 0 0 0 0 0 0 0 0 0 0 0 0 0 0 0 0 0 0 0 0 0 0 0 0 0 0]
[1013673522438324631489239260536055531905873254550184985661524847083053472559423132063447819860651274026418094488506927133671238577960233509064174963993836274485971341874724998039245024486246313983399138529778366837587278258399772284565993779745531734908180143051530843528 0 0 0 0 0 0 0 0 0 0 0 0 0 0 0 0 0 0 0 0 0 0 0 0 0 0 0 0 0 1 0 0 0 0 0 0 0 0 0 0 0 0 0 0 0 0 0 0 0 0 0 0 0 0 0 0 0 0 0 0 0 0 0 0 0 0 0 0 0 0 0 0 0 0 0 0 0 0 0 0 0 0 0 0 0 0 0 0 0]
[225506203258449905785469035680250961753006283438497686921393503554620289427624287954955687669034918822732233359416047853717740981498765688746508857270469865109830669356630246589709781358291634885985269623279040648999488666976879039784749724877524646890284282678818268052 0 0 0 0 0 0 0 0 0 0 0 0 0 0 0 0 0 0 0 0 0 0 0 0 0 0 0 0 0 0 1 0 0 0 0 0 0 0 0 0 0 0 0 0 0 0 0 0 0 0 0 0 0 0 0 0 0 0 0 0 0 0 0 0 0 0 0 0 0 0 0 0 0 0 0 0 0 0 0 0 0 0 0 0 0 0 0 0 0]
[396350065024423365246636674870815064533492178024816647021519986448434397079861105739892783668335485421046345027064212875310565656980746516605840558594990631671802835195925750816385514068930923522387633523646833517770853816999930589794391312309034228390512983132045873667 0 0 0 0 0 0 0 0 0 0 0 0 0 0 0 0 0 0 0 0 0 0 0 0 0 0 0 0 0 0 0 1 0 0 0 0 0 0 0 0 0 0 0 0 0 0 0 0 0 0 0 0 0 0 0 0 0 0 0 0 0 0 0 0 0 0 0 0 0 0 0 0 0 0 0 0 0 0 0 0 0 0 0 0 0 0 0 0 0]
[2580516313623819548373663136210244251589532640901058761463681280763453055429638415306745898782863999079060618231368153745790817484955996861900807290397700243864768827495520863494411593099535742966322478421087415613231144617233252700963925619732339235498774003831646483968 0 0 0 0 0 0 0 0 0 0 0 0 0 0 0 0 0 0 0 0 0 0 0 0 0 0 0 0 0 0 0 0 1 0 0 0 0 0 0 0 0 0 0 0 0 0 0 0 0 0 0 0 0 0 0 0 0 0 0 0 0 0 0 0 0 0 0 0 0 0 0 0 0 0 0 0 0 0 0 0 0 0 0 0 0 0 0 0 0]
[3954370351226481433141592495744689009438472594800497310787601602716928854669528004987342359347069093039046322361688668947688860000245431119371668294390424106769432919958574132564961627216232323226754041283879474428827162985516439677828590484736501637525239143541102165982 0 0 0 0 0 0 0 0 0 0 0 0 0 0 0 0 0 0 0 0 0 0 0 0 0 0 0 0 0 0 0 0 0 1 0 0 0 0 0 0 0 0 0 0 0 0 0 0 0 0 0 0 0 0 0 0 0 0 0 0 0 0 0 0 0 0 0 0 0 0 0 0 0 0 0 0 0 0 0 0 0 0 0 0 0 0 0 0 0]
[3601000614950146014228496952859811999161583137964285024454691407919199139265898006053125487673161751624178558723820993876638025703309432167452839158147588757840621767099333589444511114622421419170826407980224019620623982963846701942068995012521735771660695108537397634362 0 0 0 0 0 0 0 0 0 0 0 0 0 0 0 0 0 0 0 0 0 0 0 0 0 0 0 0 0 0 0 0 0 0 1 0 0 0 0 0 0 0 0 0 0 0 0 0 0 0 0 0 0 0 0 0 0 0 0 0 0 0 0 0 0 0 0 0 0 0 0 0 0 0 0 0 0 0 0 0 0 0 0 0 0 0 0 0 0]
[3606678459043829447187033550553442769895487758441524238174809659189055784636085068899516333721142616723410247737340965039980108291450702160143483818798520448222198492196998572551556268557025142702429882824997258975921167144896838360576331778906900538667512409666333373173 0 0 0 0 0 0 0 0 0 0 0 0 0 0 0 0 0 0 0 0 0 0 0 0 0 0 0 0 0 0 0 0 0 0 0 1 0 0 0 0 0 0 0 0 0 0 0 0 0 0 0 0 0 0 0 0 0 0 0 0 0 0 0 0 0 0 0 0 0 0 0 0 0 0 0 0 0 0 0 0 0 0 0 0 0 0 0 0 0]
[5135422446514958554489680791424160208366658519697394205430154009161410483030604226628720101109485867238746784444000748402632945849801468802905344713029911341022276474423076159830995058384095573370736531526989081158284563499384888136910807609471575919637416925491014871319 0 0 0 0 0 0 0 0 0 0 0 0 0 0 0 0 0 0 0 0 0 0 0 0 0 0 0 0 0 0 0 0 0 0 0 0 1 0 0 0 0 0 0 0 0 0 0 0 0 0 0 0 0 0 0 0 0 0 0 0 0 0 0 0 0 0 0 0 0 0 0 0 0 0 0 0 0 0 0 0 0 0 0 0 0 0 0 0 0]
[5283891092335662163704614127893040829865179468526310411771276399397715312468449173046604345738031307177812962759294934961144068420325059532678414235375846250123643367237782090384519936451606821477908316051026184571357447048131449609067179199531409178961075119343322916371 0 0 0 0 0 0 0 0 0 0 0 0 0 0 0 0 0 0 0 0 0 0 0 0 0 0 0 0 0 0 0 0 0 0 0 0 0 1 0 0 0 0 0 0 0 0 0 0 0 0 0 0 0 0 0 0 0 0 0 0 0 0 0 0 0 0 0 0 0 0 0 0 0 0 0 0 0 0 0 0 0 0 0 0 0 0 0 0 0]
[2639718613217151853358990562006547673878412830357300709726683465111667850966872931367808413558472291926251913551700776210368212965757948549738042167789706004809574043231639209416142880540428634616672317016419144422764040830201316631679642049304128335972984897671761471745 0 0 0 0 0 0 0 0 0 0 0 0 0 0 0 0 0 0 0 0 0 0 0 0 0 0 0 0 0 0 0 0 0 0 0 0 0 0 1 0 0 0 0 0 0 0 0 0 0 0 0 0 0 0 0 0 0 0 0 0 0 0 0 0 0 0 0 0 0 0 0 0 0 0 0 0 0 0 0 0 0 0 0 0 0 0 0 0 0]
[2551528031461212030561132668723641189283292315995221247943829132717408973244559130401226421573056724216444548683239069473026429722873073673297755498100968501940292708100002012965603514392603523865772569118318728262316140223642789474445002239043350615687664011937260394971 0 0 0 0 0 0 0 0 0 0 0 0 0 0 0 0 0 0 0 0 0 0 0 0 0 0 0 0 0 0 0 0 0 0 0 0 0 0 0 1 0 0 0 0 0 0 0 0 0 0 0 0 0 0 0 0 0 0 0 0 0 0 0 0 0 0 0 0 0 0 0 0 0 0 0 0 0 0 0 0 0 0 0 0 0 0 0 0 0]
[4633177893031632034105523985506365169518492032207717374189417590377971440691482070816787616532416540702531586911528579469128570594301388146164873553986854857697310676578223263760279593346533831218162394335109978933829101293795483922953114476917215082452217624316137562779 0 0 0 0 0 0 0 0 0 0 0 0 0 0 0 0 0 0 0 0 0 0 0 0 0 0 0 0 0 0 0 0 0 0 0 0 0 0 0 0 1 0 0 0 0 0 0 0 0 0 0 0 0 0 0 0 0 0 0 0 0 0 0 0 0 0 0 0 0 0 0 0 0 0 0 0 0 0 0 0 0 0 0 0 0 0 0 0 0]
[936204067572786880219984552667961971183510463201317841824850797359183465803484969873930628179186746084941997507542106511342736681308674277088759976962153566728932345049608709374028624526475168275366813461173583320878832308506205792305223490820819774521515597001474333797 0 0 0 0 0 0 0 0 0 0 0 0 0 0 0 0 0 0 0 0 0 0 0 0 0 0 0 0 0 0 0 0 0 0 0 0 0 0 0 0 0 1 0 0 0 0 0 0 0 0 0 0 0 0 0 0 0 0 0 0 0 0 0 0 0 0 0 0 0 0 0 0 0 0 0 0 0 0 0 0 0 0 0 0 0 0 0 0 0]
[5155576367095682818343159910797802342076217163721562025576316378144787897749193955611694302580242506896320937604981859788485835230020100185744912316808526069916860515716115300777554465017458507082591094702369212166209924260921018013496599276096818927973599973709719154642 0 0 0 0 0 0 0 0 0 0 0 0 0 0 0 0 0 0 0 0 0 0 0 0 0 0 0 0 0 0 0 0 0 0 0 0 0 0 0 0 0 0 1 0 0 0 0 0 0 0 0 0 0 0 0 0 0 0 0 0 0 0 0 0 0 0 0 0 0 0 0 0 0 0 0 0 0 0 0 0 0 0 0 0 0 0 0 0 0]
[758171240250090171059426374076498718260377394936670453704435183481616177268763204509833746662002802329335305822999807774099472817178943761036287056796705714555411935856777000808434804690757684288367226868789120567356791458228375211701016140530815744729455651376257162714 0 0 0 0 0 0 0 0 0 0 0 0 0 0 0 0 0 0 0 0 0 0 0 0 0 0 0 0 0 0 0 0 0 0 0 0 0 0 0 0 0 0 0 1 0 0 0 0 0 0 0 0 0 0 0 0 0 0 0 0 0 0 0 0 0 0 0 0 0 0 0 0 0 0 0 0 0 0 0 0 0 0 0 0 0 0 0 0 0]
[3572950559974916001143796608130511638652033573250505297985893145459952789286895025653088576127345322249792411314488910573633757441402633972924927196816544716239278531811639409400787033102227780309816549729460491961851454895565601894897701453566869517534610324782154432963 0 0 0 0 0 0 0 0 0 0 0 0 0 0 0 0 0 0 0 0 0 0 0 0 0 0 0 0 0 0 0 0 0 0 0 0 0 0 0 0 0 0 0 0 1 0 0 0 0 0 0 0 0 0 0 0 0 0 0 0 0 0 0 0 0 0 0 0 0 0 0 0 0 0 0 0 0 0 0 0 0 0 0 0 0 0 0 0 0]
[4811745865097825890494429510112468534681635685867170138529074112676828439921097825457806917656537946052183617534790265626161866661995738904440467231694015707146924995355629318705095906388226698296364598299768384859242140320343911254160881451238418661987288655995547120444 0 0 0 0 0 0 0 0 0 0 0 0 0 0 0 0 0 0 0 0 0 0 0 0 0 0 0 0 0 0 0 0 0 0 0 0 0 0 0 0 0 0 0 0 0 1 0 0 0 0 0 0 0 0 0 0 0 0 0 0 0 0 0 0 0 0 0 0 0 0 0 0 0 0 0 0 0 0 0 0 0 0 0 0 0 0 0 0 0]
[4361093709092648615149174621957825319538152057861902801649133099959681181043572434187901618358846220857067786343265649188900206040500080994788307347069946559915733879033523769913810295514986700802843956801242882984282405385451943098844857568247342765072884667779504986059 0 0 0 0 0 0 0 0 0 0 0 0 0 0 0 0 0 0 0 0 0 0 0 0 0 0 0 0 0 0 0 0 0 0 0 0 0 0 0 0 0 0 0 0 0 0 1 0 0 0 0 0 0 0 0 0 0 0 0 0 0 0 0 0 0 0 0 0 0 0 0 0 0 0 0 0 0 0 0 0 0 0 0 0 0 0 0 0 0]
[1273109463867319199821475081145658991607714849756078963380994370810426114122349426191367327649774575030466582727711517050382826702738108924559844348185830616041003403630841207155410893374995814109613690134031202673576804322893441703161013283121258253999297037500809939037 0 0 0 0 0 0 0 0 0 0 0 0 0 0 0 0 0 0 0 0 0 0 0 0 0 0 0 0 0 0 0 0 0 0 0 0 0 0 0 0 0 0 0 0 0 0 0 1 0 0 0 0 0 0 0 0 0 0 0 0 0 0 0 0 0 0 0 0 0 0 0 0 0 0 0 0 0 0 0 0 0 0 0 0 0 0 0 0 0]
[5436378508080400716470820363962235032233796567039878833212445781027073565658733849005915344550526370819721729121809431580804660263267052819611769644034050205790736030635793812658468397964048445062430579963500110799762437229083342782707046063559049128908764194957551489628 0 0 0 0 0 0 0 0 0 0 0 0 0 0 0 0 0 0 0 0 0 0 0 0 0 0 0 0 0 0 0 0 0 0 0 0 0 0 0 0 0 0 0 0 0 0 0 0 1 0 0 0 0 0 0 0 0 0 0 0 0 0 0 0 0 0 0 0 0 0 0 0 0 0 0 0 0 0 0 0 0 0 0 0 0 0 0 0 0]
[3524525312998497105674444928714306758735952664506736699460615541219107055904050958215542959634044637526681605352397323964448134455079702822834183932918387376469435812582789455442007492995867157021732742884089602235219228043805036692268756766868439596817533285652123607701 0 0 0 0 0 0 0 0 0 0 0 0 0 0 0 0 0 0 0 0 0 0 0 0 0 0 0 0 0 0 0 0 0 0 0 0 0 0 0 0 0 0 0 0 0 0 0 0 0 1 0 0 0 0 0 0 0 0 0 0 0 0 0 0 0 0 0 0 0 0 0 0 0 0 0 0 0 0 0 0 0 0 0 0 0 0 0 0 0]
[4948970451284243266300482138788337968495818714113728044225954113273651971470164752584991410798604781330236656347800973297817367904126840181335873894122941735190990950125893155231812137407997128378886057210360490765799181668724625357863068259622486156017430039101446105550 0 0 0 0 0 0 0 0 0 0 0 0 0 0 0 0 0 0 0 0 0 0 0 0 0 0 0 0 0 0 0 0 0 0 0 0 0 0 0 0 0 0 0 0 0 0 0 0 0 0 1 0 0 0 0 0 0 0 0 0 0 0 0 0 0 0 0 0 0 0 0 0 0 0 0 0 0 0 0 0 0 0 0 0 0 0 0 0 0]
[1578983119681541513879176583072406328099724986034893916702303386793729637734132266559104372923863937500228062009710055613460752004361442184564946695435687440580588472198453592640885864032934876984182091731353588560555870659285405683769897534785409628225677576050591849849 0 0 0 0 0 0 0 0 0 0 0 0 0 0 0 0 0 0 0 0 0 0 0 0 0 0 0 0 0 0 0 0 0 0 0 0 0 0 0 0 0 0 0 0 0 0 0 0 0 0 0 1 0 0 0 0 0 0 0 0 0 0 0 0 0 0 0 0 0 0 0 0 0 0 0 0 0 0 0 0 0 0 0 0 0 0 0 0 0]
[3326419705419584662190822932258215226130880833553009504897251158228090508550017455957385739771564850937053211190467446829834534077428027827151758815197564180460771225732528195323952755797108156120230677641647766539933137906885061989253066506042070377067860993633925339709 0 0 0 0 0 0 0 0 0 0 0 0 0 0 0 0 0 0 0 0 0 0 0 0 0 0 0 0 0 0 0 0 0 0 0 0 0 0 0 0 0 0 0 0 0 0 0 0 0 0 0 0 1 0 0 0 0 0 0 0 0 0 0 0 0 0 0 0 0 0 0 0 0 0 0 0 0 0 0 0 0 0 0 0 0 0 0 0 0]
[4207928733419001725919675309224554923396999092789048588719048740307780933607793556638279114141630522754318382118220881210555847273975009572098311078378195714148392313618248918580709271636425356073740302412164927158419251755398615095645651159027686180933771940184348960650 0 0 0 0 0 0 0 0 0 0 0 0 0 0 0 0 0 0 0 0 0 0 0 0 0 0 0 0 0 0 0 0 0 0 0 0 0 0 0 0 0 0 0 0 0 0 0 0 0 0 0 0 0 1 0 0 0 0 0 0 0 0 0 0 0 0 0 0 0 0 0 0 0 0 0 0 0 0 0 0 0 0 0 0 0 0 0 0 0]
[595543858621230183376863310197267840360118436326833834538930564721555882653800326176849391915929242720857275072192969964339083444383304787295209149020210094087289930608890502792434703491868797712572852543987667134917345499319449886059521266366278365323888212971375380234 0 0 0 0 0 0 0 0 0 0 0 0 0 0 0 0 0 0 0 0 0 0 0 0 0 0 0 0 0 0 0 0 0 0 0 0 0 0 0 0 0 0 0 0 0 0 0 0 0 0 0 0 0 0 1 0 0 0 0 0 0 0 0 0 0 0 0 0 0 0 0 0 0 0 0 0 0 0 0 0 0 0 0 0 0 0 0 0 0]
[618416689746475808992368634930429218316374478950719336142586853818729628954918937188986207784525960562775942992813972179531886344444658548548914724981184301864821652203802616471034316985098943853602261445640166956122693523081081176131001783111250347341590485361798083999 0 0 0 0 0 0 0 0 0 0 0 0 0 0 0 0 0 0 0 0 0 0 0 0 0 0 0 0 0 0 0 0 0 0 0 0 0 0 0 0 0 0 0 0 0 0 0 0 0 0 0 0 0 0 0 1 0 0 0 0 0 0 0 0 0 0 0 0 0 0 0 0 0 0 0 0 0 0 0 0 0 0 0 0 0 0 0 0 0]
[685487464920511963488423394433340888400591901093362161613430341260380002387990645438693483299217453224896153089718364932077240815257475829781806839668074029914322430041241592292010665398913623426915448398932203050657025551531327252029844326710572490210801837555380837683 0 0 0 0 0 0 0 0 0 0 0 0 0 0 0 0 0 0 0 0 0 0 0 0 0 0 0 0 0 0 0 0 0 0 0 0 0 0 0 0 0 0 0 0 0 0 0 0 0 0 0 0 0 0 0 0 1 0 0 0 0 0 0 0 0 0 0 0 0 0 0 0 0 0 0 0 0 0 0 0 0 0 0 0 0 0 0 0 0]
[2285149728852437436843216765538180516028121521970164323090255497645390195210813264632059430054241135697659022955426408729886988375784877505685105523567854302435927129220085501441164546677566557749006259138546935189205123779693193339785220404404222987364433981329630064197 0 0 0 0 0 0 0 0 0 0 0 0 0 0 0 0 0 0 0 0 0 0 0 0 0 0 0 0 0 0 0 0 0 0 0 0 0 0 0 0 0 0 0 0 0 0 0 0 0 0 0 0 0 0 0 0 0 1 0 0 0 0 0 0 0 0 0 0 0 0 0 0 0 0 0 0 0 0 0 0 0 0 0 0 0 0 0 0 0]
[2857281709536780950772840143534257075774243416831627704846986394906744912060473036425099206120963580866295625354513621776568025651489984766845504340672453199009507464904728504037318025029432111973648519170227024135066477181303248381381373699135511939800271654300686342040 0 0 0 0 0 0 0 0 0 0 0 0 0 0 0 0 0 0 0 0 0 0 0 0 0 0 0 0 0 0 0 0 0 0 0 0 0 0 0 0 0 0 0 0 0 0 0 0 0 0 0 0 0 0 0 0 0 0 1 0 0 0 0 0 0 0 0 0 0 0 0 0 0 0 0 0 0 0 0 0 0 0 0 0 0 0 0 0 0]
[3851952324708406211627719571500976654461694926169178085183007813160334241267591054683060799938648809374314580165338651252945084418625796473359133528227096207826244262480773633381774528527018953514819372302641161971700569293813615737757848389385305167119553732577427850438 0 0 0 0 0 0 0 0 0 0 0 0 0 0 0 0 0 0 0 0 0 0 0 0 0 0 0 0 0 0 0 0 0 0 0 0 0 0 0 0 0 0 0 0 0 0 0 0 0 0 0 0 0 0 0 0 0 0 0 1 0 0 0 0 0 0 0 0 0 0 0 0 0 0 0 0 0 0 0 0 0 0 0 0 0 0 0 0 0]
[1164416975185647150615310896989333345720964911276175510480154963933569067890552465371362947971156012776207033885519078246134630259009481232854730734164562012295451950183819406956073232747954955447686856026661540600883364762989399501727809592593975001611092897565296767295 0 0 0 0 0 0 0 0 0 0 0 0 0 0 0 0 0 0 0 0 0 0 0 0 0 0 0 0 0 0 0 0 0 0 0 0 0 0 0 0 0 0 0 0 0 0 0 0 0 0 0 0 0 0 0 0 0 0 0 0 1 0 0 0 0 0 0 0 0 0 0 0 0 0 0 0 0 0 0 0 0 0 0 0 0 0 0 0 0]
[5400976777404582184714389055463785357142830958909706159737645570992694069150079630079177566410248986595120660234044138643286681622094140909125544229226212756180767354621995426385794997130406724493292743003366293571679769672612126327925756447296544237063368344876992155188 0 0 0 0 0 0 0 0 0 0 0 0 0 0 0 0 0 0 0 0 0 0 0 0 0 0 0 0 0 0 0 0 0 0 0 0 0 0 0 0 0 0 0 0 0 0 0 0 0 0 0 0 0 0 0 0 0 0 0 0 0 1 0 0 0 0 0 0 0 0 0 0 0 0 0 0 0 0 0 0 0 0 0 0 0 0 0 0 0]
[5839569398399444700734262303073483868004602659944312288534428391362020260275988113657487065610694194312291769060770925003245890176560546891388418134868498173441964076872100093626222852269846540648972697752671661590033079425403601274905080905109992374246423370107751037266 0 0 0 0 0 0 0 0 0 0 0 0 0 0 0 0 0 0 0 0 0 0 0 0 0 0 0 0 0 0 0 0 0 0 0 0 0 0 0 0 0 0 0 0 0 0 0 0 0 0 0 0 0 0 0 0 0 0 0 0 0 0 1 0 0 0 0 0 0 0 0 0 0 0 0 0 0 0 0 0 0 0 0 0 0 0 0 0 0]
[4657794090952412341208766511417937712339744865495514378434424472084560116041340784067365366618932549253485298801091302194022067984578506521507181340088563612181114323941910566889357864724868403470857527178088301540682046139138034813271272733173794483844007423859066166836 0 0 0 0 0 0 0 0 0 0 0 0 0 0 0 0 0 0 0 0 0 0 0 0 0 0 0 0 0 0 0 0 0 0 0 0 0 0 0 0 0 0 0 0 0 0 0 0 0 0 0 0 0 0 0 0 0 0 0 0 0 0 0 1 0 0 0 0 0 0 0 0 0 0 0 0 0 0 0 0 0 0 0 0 0 0 0 0 0]
[4965335294612164467303254321566687109746935748471386708119547176125179248892924055632223049761980494136852457736071960276090893738986982738324564550834455574750845955497095329388907761585577178252804356283453168072539791967147128282253786417694709339576691073809673983029 0 0 0 0 0 0 0 0 0 0 0 0 0 0 0 0 0 0 0 0 0 0 0 0 0 0 0 0 0 0 0 0 0 0 0 0 0 0 0 0 0 0 0 0 0 0 0 0 0 0 0 0 0 0 0 0 0 0 0 0 0 0 0 0 1 0 0 0 0 0 0 0 0 0 0 0 0 0 0 0 0 0 0 0 0 0 0 0 0]
[5194207877385492356419652727235664229698993821187272788479314588529616314340066946907664791147267332366840842146206465971809671459517721685298607943670901894077472661421815243325952931874618849493678959541945380081738735876917102632995025201776620944729668447228854546571 0 0 0 0 0 0 0 0 0 0 0 0 0 0 0 0 0 0 0 0 0 0 0 0 0 0 0 0 0 0 0 0 0 0 0 0 0 0 0 0 0 0 0 0 0 0 0 0 0 0 0 0 0 0 0 0 0 0 0 0 0 0 0 0 0 1 0 0 0 0 0 0 0 0 0 0 0 0 0 0 0 0 0 0 0 0 0 0 0]
[1261639619017936153798814602432040872585204528443242094811404469385381061565750320819937833376747055254306964004522217828624556888438294903824085859695934467457738999483261727047611992504238520977599982515347460039620711916884565175922257320787647462309353302770153759344 0 0 0 0 0 0 0 0 0 0 0 0 0 0 0 0 0 0 0 0 0 0 0 0 0 0 0 0 0 0 0 0 0 0 0 0 0 0 0 0 0 0 0 0 0 0 0 0 0 0 0 0 0 0 0 0 0 0 0 0 0 0 0 0 0 0 1 0 0 0 0 0 0 0 0 0 0 0 0 0 0 0 0 0 0 0 0 0 0]
[622934036969147635302976170227844128218276030632268205225913327249583938182600619993167103604101999594704697873152552051681279205294057673630215835240568391829878239315433215403295463139090314741201903864955177086223169610359274750625792045734363490280545838865727710419 0 0 0 0 0 0 0 0 0 0 0 0 0 0 0 0 0 0 0 0 0 0 0 0 0 0 0 0 0 0 0 0 0 0 0 0 0 0 0 0 0 0 0 0 0 0 0 0 0 0 0 0 0 0 0 0 0 0 0 0 0 0 0 0 0 0 0 1 0 0 0 0 0 0 0 0 0 0 0 0 0 0 0 0 0 0 0 0 0]
[3425257093729322293455107532105152821390621438308163265053038590240814118442871713234281671346319246017945145678142773113284526644122241644142082695779532419994017158435588962027264222056370284211951922004584015312019615824541417548422636055607101653391560157535992504088 0 0 0 0 0 0 0 0 0 0 0 0 0 0 0 0 0 0 0 0 0 0 0 0 0 0 0 0 0 0 0 0 0 0 0 0 0 0 0 0 0 0 0 0 0 0 0 0 0 0 0 0 0 0 0 0 0 0 0 0 0 0 0 0 0 0 0 0 1 0 0 0 0 0 0 0 0 0 0 0 0 0 0 0 0 0 0 0 0]
[429238325261256370121874040015991051631462531596660753786351767199700207116357498500924797892408594792203526691384408121010505176526043267353913661336248190029332684690244563390739917845227133972699789147246813018056034568315054772380012545607108523437232007426234846572 0 0 0 0 0 0 0 0 0 0 0 0 0 0 0 0 0 0 0 0 0 0 0 0 0 0 0 0 0 0 0 0 0 0 0 0 0 0 0 0 0 0 0 0 0 0 0 0 0 0 0 0 0 0 0 0 0 0 0 0 0 0 0 0 0 0 0 0 0 1 0 0 0 0 0 0 0 0 0 0 0 0 0 0 0 0 0 0 0]
[3674552481581181284570575506566053027247527204796964344729634451254216681877321847632571345558610572997143940208891451379952938277515655918891708196364824777113643139785219223814587999663733070628566284846685373647923522593778989014819819950244460468217477368728960189976 0 0 0 0 0 0 0 0 0 0 0 0 0 0 0 0 0 0 0 0 0 0 0 0 0 0 0 0 0 0 0 0 0 0 0 0 0 0 0 0 0 0 0 0 0 0 0 0 0 0 0 0 0 0 0 0 0 0 0 0 0 0 0 0 0 0 0 0 0 0 1 0 0 0 0 0 0 0 0 0 0 0 0 0 0 0 0 0 0]
[893615324944888953604365331240592788447318597081433599658841516049802621417914524903680900276476584423148231631027634075621721404304554966042994737390596446888194096233347415265313274001473466149179465855925250139444873521149462564224846137301764500974189014536851215038 0 0 0 0 0 0 0 0 0 0 0 0 0 0 0 0 0 0 0 0 0 0 0 0 0 0 0 0 0 0 0 0 0 0 0 0 0 0 0 0 0 0 0 0 0 0 0 0 0 0 0 0 0 0 0 0 0 0 0 0 0 0 0 0 0 0 0 0 0 0 0 1 0 0 0 0 0 0 0 0 0 0 0 0 0 0 0 0 0]
[4593588669498491184821904699054648306236599102289381714405289139725231202750591260730873031211499461990034290288400174190351144798215340189139016278393658984718755515914814563189190798331024500346535569081262170274788025108493009052800175051491010023308578934785142129642 0 0 0 0 0 0 0 0 0 0 0 0 0 0 0 0 0 0 0 0 0 0 0 0 0 0 0 0 0 0 0 0 0 0 0 0 0 0 0 0 0 0 0 0 0 0 0 0 0 0 0 0 0 0 0 0 0 0 0 0 0 0 0 0 0 0 0 0 0 0 0 0 1 0 0 0 0 0 0 0 0 0 0 0 0 0 0 0 0]
[5198878671003061842259121147324312693347198200764009089318354513326139006306230007507743962069198169701243079541481563450218218105626642434849712755089964160926593766367296871627334273462828282964813218774114207130020473587598780409512808346606734965851058015551962554922 0 0 0 0 0 0 0 0 0 0 0 0 0 0 0 0 0 0 0 0 0 0 0 0 0 0 0 0 0 0 0 0 0 0 0 0 0 0 0 0 0 0 0 0 0 0 0 0 0 0 0 0 0 0 0 0 0 0 0 0 0 0 0 0 0 0 0 0 0 0 0 0 0 1 0 0 0 0 0 0 0 0 0 0 0 0 0 0 0]
[2972625476468752384602551426723857964776153631811047819589131822492467103484700644491519209996733290563050208075225125909604820011903531836131691168839548376444001808475707716247944089907277847351794267581535951068592216285181820440708530457133283286797525461373116073903 0 0 0 0 0 0 0 0 0 0 0 0 0 0 0 0 0 0 0 0 0 0 0 0 0 0 0 0 0 0 0 0 0 0 0 0 0 0 0 0 0 0 0 0 0 0 0 0 0 0 0 0 0 0 0 0 0 0 0 0 0 0 0 0 0 0 0 0 0 0 0 0 0 0 1 0 0 0 0 0 0 0 0 0 0 0 0 0 0]
[1817111037115011252378851649741694583549837799022204556497188571209188848480343036514590294860970594641828798421132564665385444787650328302724689106873694163727249677366150783220842319763579667592318110460488604664341768390857071039902179587293312511102712295366068966915 0 0 0 0 0 0 0 0 0 0 0 0 0 0 0 0 0 0 0 0 0 0 0 0 0 0 0 0 0 0 0 0 0 0 0 0 0 0 0 0 0 0 0 0 0 0 0 0 0 0 0 0 0 0 0 0 0 0 0 0 0 0 0 0 0 0 0 0 0 0 0 0 0 0 0 1 0 0 0 0 0 0 0 0 0 0 0 0 0]
[124762868196226363912639788971757867230334202337743457658907943083385397405863628462048922385597895874601606446068187059272165945593585006328343308349322809681710665366822120478198828788357341124760810931161865455338204053531375901850659418777040455282559842603688230344 0 0 0 0 0 0 0 0 0 0 0 0 0 0 0 0 0 0 0 0 0 0 0 0 0 0 0 0 0 0 0 0 0 0 0 0 0 0 0 0 0 0 0 0 0 0 0 0 0 0 0 0 0 0 0 0 0 0 0 0 0 0 0 0 0 0 0 0 0 0 0 0 0 0 0 0 1 0 0 0 0 0 0 0 0 0 0 0 0]
[958463804804135103620958587664135586819504592527519827777504046465290394847788154322267986804798805287099015821324958293343261594469802942516370298409846414506798079993020252539215806078393936113503774538819301932163901637528236727582478370167111513965253319526309098931 0 0 0 0 0 0 0 0 0 0 0 0 0 0 0 0 0 0 0 0 0 0 0 0 0 0 0 0 0 0 0 0 0 0 0 0 0 0 0 0 0 0 0 0 0 0 0 0 0 0 0 0 0 0 0 0 0 0 0 0 0 0 0 0 0 0 0 0 0 0 0 0 0 0 0 0 0 1 0 0 0 0 0 0 0 0 0 0 0]
[1507130017834395469340908377787117748302334017203794253026374848753997469426102307194984598929348113060038640287159111117488839027301603525417529412971107177722503564193973102389974229406111263588499653062995148699378120295160900966397532855073743986245857444563895956641 0 0 0 0 0 0 0 0 0 0 0 0 0 0 0 0 0 0 0 0 0 0 0 0 0 0 0 0 0 0 0 0 0 0 0 0 0 0 0 0 0 0 0 0 0 0 0 0 0 0 0 0 0 0 0 0 0 0 0 0 0 0 0 0 0 0 0 0 0 0 0 0 0 0 0 0 0 0 1 0 0 0 0 0 0 0 0 0 0]
[4541681920943753302656027169306390246404888298026511821487174175541316974730502971010595880123608779446432907640330473095034823392503946714968164448397952869478979738737020210923589804773510702267907935337753865044031513338031568713853787401102445634136482116296117106361 0 0 0 0 0 0 0 0 0 0 0 0 0 0 0 0 0 0 0 0 0 0 0 0 0 0 0 0 0 0 0 0 0 0 0 0 0 0 0 0 0 0 0 0 0 0 0 0 0 0 0 0 0 0 0 0 0 0 0 0 0 0 0 0 0 0 0 0 0 0 0 0 0 0 0 0 0 0 0 1 0 0 0 0 0 0 0 0 0]
[165657707446014783420968622343923134979330226180931585678208693141939811381197506588985155288001921239356049141434085768922003897628737156034169246985379445812577123463242799293824113967904952541046850253347450670094420580997150062975637656056527341663146609389008161713 0 0 0 0 0 0 0 0 0 0 0 0 0 0 0 0 0 0 0 0 0 0 0 0 0 0 0 0 0 0 0 0 0 0 0 0 0 0 0 0 0 0 0 0 0 0 0 0 0 0 0 0 0 0 0 0 0 0 0 0 0 0 0 0 0 0 0 0 0 0 0 0 0 0 0 0 0 0 0 0 1 0 0 0 0 0 0 0 0]
[5848402645328818981283090620261796629242513205694854377562535203856028471693109873970727210122250064377609248721480861328168922046696338634711943876562616210336987920314080985776253460789046306793246407177089835425586624521300019568593173554763579446706738770046368980208 0 0 0 0 0 0 0 0 0 0 0 0 0 0 0 0 0 0 0 0 0 0 0 0 0 0 0 0 0 0 0 0 0 0 0 0 0 0 0 0 0 0 0 0 0 0 0 0 0 0 0 0 0 0 0 0 0 0 0 0 0 0 0 0 0 0 0 0 0 0 0 0 0 0 0 0 0 0 0 0 0 1 0 0 0 0 0 0 0]
[1586367399231197007623825343831747569674500174490632440508846238715551390230946267105597278226032160387834411459937927386475302897993666549534334383698730815438727920792074846722881552196471581187217122945343670896300752701297372317681150214413273242031536779300248087937 0 0 0 0 0 0 0 0 0 0 0 0 0 0 0 0 0 0 0 0 0 0 0 0 0 0 0 0 0 0 0 0 0 0 0 0 0 0 0 0 0 0 0 0 0 0 0 0 0 0 0 0 0 0 0 0 0 0 0 0 0 0 0 0 0 0 0 0 0 0 0 0 0 0 0 0 0 0 0 0 0 0 1 0 0 0 0 0 0]
[5054375623511302328923073890307593977151127315755012916189537340354322636974081147112893383574592255079934412553881791125706559492665780521804694904359147653462811006434173168596446019702802272720847400053628170203496804452448670962993896515016483457428530644927796245294 0 0 0 0 0 0 0 0 0 0 0 0 0 0 0 0 0 0 0 0 0 0 0 0 0 0 0 0 0 0 0 0 0 0 0 0 0 0 0 0 0 0 0 0 0 0 0 0 0 0 0 0 0 0 0 0 0 0 0 0 0 0 0 0 0 0 0 0 0 0 0 0 0 0 0 0 0 0 0 0 0 0 0 1 0 0 0 0 0]
[2993652321061312356543819643458473752980427627483869852271028838856471657528187650021592124733560662896323552961303693892566312827075192683536471954430579643114060799031085824150462462136304585813174173544706268702051727463072155339491144739268634895801995619624384797864 0 0 0 0 0 0 0 0 0 0 0 0 0 0 0 0 0 0 0 0 0 0 0 0 0 0 0 0 0 0 0 0 0 0 0 0 0 0 0 0 0 0 0 0 0 0 0 0 0 0 0 0 0 0 0 0 0 0 0 0 0 0 0 0 0 0 0 0 0 0 0 0 0 0 0 0 0 0 0 0 0 0 0 0 1 0 0 0 0]
[600737949512548224314545359040893457963928837888373492290967246079461537858476161296961385475939833653076496778957471411119157945915302773971278803178549359522096382502172203865547914336982679506008732351409220850716651191544974845235854383612461040718871751881754249707 0 0 0 0 0 0 0 0 0 0 0 0 0 0 0 0 0 0 0 0 0 0 0 0 0 0 0 0 0 0 0 0 0 0 0 0 0 0 0 0 0 0 0 0 0 0 0 0 0 0 0 0 0 0 0 0 0 0 0 0 0 0 0 0 0 0 0 0 0 0 0 0 0 0 0 0 0 0 0 0 0 0 0 0 0 1 0 0 0]
[3793610988491484671108182249469380007374118517909601965717112632533215424430356920263905389011354435837455492981561320333377761619544423528079924207146937481251270478239135528185538493171822349642295988736350975382663565663927240834194323148976241813693671754581341756809 0 0 0 0 0 0 0 0 0 0 0 0 0 0 0 0 0 0 0 0 0 0 0 0 0 0 0 0 0 0 0 0 0 0 0 0 0 0 0 0 0 0 0 0 0 0 0 0 0 0 0 0 0 0 0 0 0 0 0 0 0 0 0 0 0 0 0 0 0 0 0 0 0 0 0 0 0 0 0 0 0 0 0 0 0 0 1 0 0]
[3025809863910899732551808614416706833779110107509778127191227823672784412176749562899892672899611522266174822235657405025680183742202597335240471686451915716596626599586267607117524747213340013185731476351457421803193482453585438687099931679296026759634302469322328384675 0 0 0 0 0 0 0 0 0 0 0 0 0 0 0 0 0 0 0 0 0 0 0 0 0 0 0 0 0 0 0 0 0 0 0 0 0 0 0 0 0 0 0 0 0 0 0 0 0 0 0 0 0 0 0 0 0 0 0 0 0 0 0 0 0 0 0 0 0 0 0 0 0 0 0 0 0 0 0 0 0 0 0 0 0 0 0 1 0]
[4034000664151791346219949711495818538963721269979463066826924271918942973574808197549339364683541966991041445560479461809563153756003439395236482464420755804353627593794899354064626492635013670620251545157663001568502694180269409343790700867022170860706553231317659712398 0 0 0 0 0 0 0 0 0 0 0 0 0 0 0 0 0 0 0 0 0 0 0 0 0 0 0 0 0 0 0 0 0 0 0 0 0 0 0 0 0 0 0 0 0 0 0 0 0 0 0 0 0 0 0 0 0 0 0 0 0 0 0 0 0 0 0 0 0 0 0 0 0 0 0 0 0 0 0 0 0 0 0 0 0 0 0 0 1]
]
