[[4540338494431151545633500647689333925471636183883211401075349985193306214639324794405847430683752062109628995416766118790301878758924629556943246249486589947846873936534410477278734403961816649876664591496431605719565696935341524905297 0 0 0 0 0 0 0 0 0 0 0 0 0 0 0 0 0 0 0 0 0 0 0 0 0 0 0 0 0 0 0 0 0 0 0 0 0 0 0 0 0 0 0 0 0 0 0 0 0 0 0 0 0 0 0 0 0 0 0 0 0 0 0 0 0 0 0 0 0 0 0 0 0 0 0 0 0]
[1182296183036771291471557833546350217461831495662471206357461891322727137030401415693500951937773974705081311216068638944447241755084791726952296994364521426531133324314241980138054567100820085539552543577297300587148374711952525199293 1 0 0 0 0 0 0 0 0 0 0 0 0 0 0 0 0 0 0 0 0 0 0 0 0 0 0 0 0 0 0 0 0 0 0 0 0 0 0 0 0 0 0 0 0 0 0 0 0 0 0 0 0 0 0 0 0 0 0 0 0 0 0 0 0 0 0 0 0 0 0 0 0 0 0 0 0]
[1075046066322046929194159011022341650340193322999691727977008490527502318087373432278788792068625976037921849252161695680001278923679126441219267817253096913620471425591035763405867210642444838566614629236798664152628909435535291478721 0 1 0 0 0 0 0 0 0 0 0 0 0 0 0 0 0 0 0 0 0 0 0 0 0 0 0 0 0 0 0 0 0 0 0 0 0 0 0 0 0 0 0 0 0 0 0 0 0 0 0 0 0 0 0 0 0 0 0 0 0 0 0 0 0 0 0 0 0 0 0 0 0 0 0 0 0]
[3213326190629800337914059689311381049415048623153636664921622511725492990004480811842666416729813888841605792173244391603735083582990260488040383465996975861646021979566940999642633003282313791540757247211518886475395742134351343534572 0 0 1 0 0 0 0 0 0 0 0 0 0 0 0 0 0 0 0 0 0 0 0 0 0 0 0 0 0 0 0 0 0 0 0 0 0 0 0 0 0 0 0 0 0 0 0 0 0 0 0 0 0 0 0 0 0 0 0 0 0 0 0 0 0 0 0 0 0 0 0 0 0 0 0 0 0]
[648121101368325600293195646310966087187815086243638514037912665551632011655565281790835714532567790682820147102032797388929282666299540548545152630112810119473044518815954686973804486450100641434358150969122324734650947645730671352061 0 0 0 1 0 0 0 0 0 0 0 0 0 0 0 0 0 0 0 0 0 0 0 0 0 0 0 0 0 0 0 0 0 0 0 0 0 0 0 0 0 0 0 0 0 0 0 0 0 0 0 0 0 0 0 0 0 0 0 0 0 0 0 0 0 0 0 0 0 0 0 0 0 0 0 0 0]
[801829052574443490974058363624967338917932997291993610294256818247084975899659220901654606700691206368100724278800968897630210208939674831128308227435543978934871526845890951542108649662807143198597478577226500166521610429576495269133 0 0 0 0 1 0 0 0 0 0 0 0 0 0 0 0 0 0 0 0 0 0 0 0 0 0 0 0 0 0 0 0 0 0 0 0 0 0 0 0 0 0 0 0 0 0 0 0 0 0 0 0 0 0 0 0 0 0 0 0 0 0 0 0 0 0 0 0 0 0 0 0 0 0 0 0 0]
[711494560486141664826106793300713061964884573522718529035972955762586975941488185937683088507719117054429477273395200482328789602499029126425679761041616301746921291669705031235374328170021883878498444624183657768195415339746346946134 0 0 0 0 0 1 0 0 0 0 0 0 0 0 0 0 0 0 0 0 0 0 0 0 0 0 0 0 0 0 0 0 0 0 0 0 0 0 0 0 0 0 0 0 0 0 0 0 0 0 0 0 0 0 0 0 0 0 0 0 0 0 0 0 0 0 0 0 0 0 0 0 0 0 0 0 0]
[425168617748007240076097590173691448449730147073229584948964015888598198282522193193957733347482660785222307877662155295285133037869001829753979658034345975871052433254442531893107053019647096597460317118711381349539719997341663259055 0 0 0 0 0 0 1 0 0 0 0 0 0 0 0 0 0 0 0 0 0 0 0 0 0 0 0 0 0 0 0 0 0 0 0 0 0 0 0 0 0 0 0 0 0 0 0 0 0 0 0 0 0 0 0 0 0 0 0 0 0 0 0 0 0 0 0 0 0 0 0 0 0 0 0 0 0]
[1890824167720601935014177976247400181003789083790663309261815427589046365531139490769695051319882656523423857310457286395663569480101439161839330295641505102300892824508685985131609355949448563601947673765969939669489427496089665392581 0 0 0 0 0 0 0 1 0 0 0 0 0 0 0 0 0 0 0 0 0 0 0 0 0 0 0 0 0 0 0 0 0 0 0 0 0 0 0 0 0 0 0 0 0 0 0 0 0 0 0 0 0 0 0 0 0 0 0 0 0 0 0 0 0 0 0 0 0 0 0 0 0 0 0 0 0]
[1173993884410463422057812284715111345262095605854857325456601764641370005034057366863937027703231396137619169545084708134777068502074047847669401992721139816614422867600708722169856630983869266529814983366360354783012884901020719348659 0 0 0 0 0 0 0 0 1 0 0 0 0 0 0 0 0 0 0 0 0 0 0 0 0 0 0 0 0 0 0 0 0 0 0 0 0 0 0 0 0 0 0 0 0 0 0 0 0 0 0 0 0 0 0 0 0 0 0 0 0 0 0 0 0 0 0 0 0 0 0 0 0 0 0 0 0]
[726201340987273680745411273277442626626810055139448267001488517088594780777136534516553132532345682247574265109928963581201917655250518924445208718074269917242368135106425087181740036080832847316480423440798154355294893265878934561241 0 0 0 0 0 0 0 0 0 1 0 0 0 0 0 0 0 0 0 0 0 0 0 0 0 0 0 0 0 0 0 0 0 0 0 0 0 0 0 0 0 0 0 0 0 0 0 0 0 0 0 0 0 0 0 0 0 0 0 0 0 0 0 0 0 0 0 0 0 0 0 0 0 0 0 0 0]
[2284099041450034457522697708885756930179423901486396948421935995221094841119691109342737830744806260375921334321864313329772962620656310473640773783639974543895307631579165774743037028778534206867125754357807946752536536866031897435117 0 0 0 0 0 0 0 0 0 0 1 0 0 0 0 0 0 0 0 0 0 0 0 0 0 0 0 0 0 0 0 0 0 0 0 0 0 0 0 0 0 0 0 0 0 0 0 0 0 0 0 0 0 0 0 0 0 0 0 0 0 0 0 0 0 0 0 0 0 0 0 0 0 0 0 0 0]
[799044108842291999460203485566156886534397669188445462113341677594093121746995868953361026819496676991870300721490429562458884901013779705510504400670253394927147217983517124979661798844181580020428377798305605777924565362673331594345 0 0 0 0 0 0 0 0 0 0 0 1 0 0 0 0 0 0 0 0 0 0 0 0 0 0 0 0 0 0 0 0 0 0 0 0 0 0 0 0 0 0 0 0 0 0 0 0 0 0 0 0 0 0 0 0 0 0 0 0 0 0 0 0 0 0 0 0 0 0 0 0 0 0 0 0 0]
[2415609971981697002644511559760154267310513024595932641023919182588220829889757803567311500722601106343835557031825767544924607986837736097213075850279107689307293631943522329846139093742215767194673276611677666380211256821359875790510 0 0 0 0 0 0 0 0 0 0 0 0 1 0 0 0 0 0 0 0 0 0 0 0 0 0 0 0 0 0 0 0 0 0 0 0 0 0 0 0 0 0 0 0 0 0 0 0 0 0 0 0 0 0 0 0 0 0 0 0 0 0 0 0 0 0 0 0 0 0 0 0 0 0 0 0 0]
[2855140247144989926333430489428425689735838386527532332040677053293283172437672795650863679114422086860408205826899091878372582489399179566028320735099088236537067451631492082193227081433267017522204443008201718086812914068027810584778 0 0 0 0 0 0 0 0 0 0 0 0 0 1 0 0 0 0 0 0 0 0 0 0 0 0 0 0 0 0 0 0 0 0 0 0 0 0 0 0 0 0 0 0 0 0 0 0 0 0 0 0 0 0 0 0 0 0 0 0 0 0 0 0 0 0 0 0 0 0 0 0 0 0 0 0 0]
[3948002682870517308380264669729952998221169902450126685985456669796674014608696348108074362511098966314568602071629713875730132286272643897744015697153694119834755380218216571968301961398775359599831494810138303834301796080424760298463 0 0 0 0 0 0 0 0 0 0 0 0 0 0 1 0 0 0 0 0 0 0 0 0 0 0 0 0 0 0 0 0 0 0 0 0 0 0 0 0 0 0 0 0 0 0 0 0 0 0 0 0 0 0 0 0 0 0 0 0 0 0 0 0 0 0 0 0 0 0 0 0 0 0 0 0 0]
[4526288930973302735654967141619762556132278492735016399302628370442007093334914668720878052336573054391498872735480759214054790891418145679872196238046815303607915632222955879006961378019174467704610555198846649673954211611217449955044 0 0 0 0 0 0 0 0 0 0 0 0 0 0 0 1 0 0 0 0 0 0 0 0 0 0 0 0 0 0 0 0 0 0 0 0 0 0 0 0 0 0 0 0 0 0 0 0 0 0 0 0 0 0 0 0 0 0 0 0 0 0 0 0 0 0 0 0 0 0 0 0 0 0 0 0 0]
[2114488482108849169824013522267463248034399218059903549517992465618098639280868543741431720677918055188026083084296889826281214162329235777993259728193092185051903904501804450840201331073555593162333944099220187167086308216890162111900 0 0 0 0 0 0 0 0 0 0 0 0 0 0 0 0 1 0 0 0 0 0 0 0 0 0 0 0 0 0 0 0 0 0 0 0 0 0 0 0 0 0 0 0 0 0 0 0 0 0 0 0 0 0 0 0 0 0 0 0 0 0 0 0 0 0 0 0 0 0 0 0 0 0 0 0 0]
[1391507526134492527461468892330876906929450387658374422945079054963376937814334885511246625259205552078968466175638097463894390487845509553460942614393185362527461534913388321069791302766096072835245933556779634492730618478682683093048 0 0 0 0 0 0 0 0 0 0 0 0 0 0 0 0 0 1 0 0 0 0 0 0 0 0 0 0 0 0 0 0 0 0 0 0 0 0 0 0 0 0 0 0 0 0 0 0 0 0 0 0 0 0 0 0 0 0 0 0 0 0 0 0 0 0 0 0 0 0 0 0 0 0 0 0 0]
[3911434810512109730869929670202494343581236742858122416673375167062369177049987492088056996275268445613171601892936823598635895241107550016102118136961168498322036307540102695780810803831231700685277905923342464928799775058989281707849 0 0 0 0 0 0 0 0 0 0 0 0 0 0 0 0 0 0 1 0 0 0 0 0 0 0 0 0 0 0 0 0 0 0 0 0 0 0 0 0 0 0 0 0 0 0 0 0 0 0 0 0 0 0 0 0 0 0 0 0 0 0 0 0 0 0 0 0 0 0 0 0 0 0 0 0 0]
[1883570016841953679666839495868833630322290533045898880957937331216396633960673280491765089194269803939127288217671449462226636648253228088102345155369506380088466154053749298676349868782828689988566781414453793511433276341002355656876 0 0 0 0 0 0 0 0 0 0 0 0 0 0 0 0 0 0 0 1 0 0 0 0 0 0 0 0 0 0 0 0 0 0 0 0 0 0 0 0 0 0 0 0 0 0 0 0 0 0 0 0 0 0 0 0 0 0 0 0 0 0 0 0 0 0 0 0 0 0 0 0 0 0 0 0 0]
[1253826626874027454838196083779831100299154590635373647013171806497842820372365190364258721269163525531997026350313243040367929294237890167823403060556813080569331263692735015541153511929904707219635450290537437487660798214388314410899 0 0 0 0 0 0 0 0 0 0 0 0 0 0 0 0 0 0 0 0 1 0 0 0 0 0 0 0 0 0 0 0 0 0 0 0 0 0 0 0 0 0 0 0 0 0 0 0 0 0 0 0 0 0 0 0 0 0 0 0 0 0 0 0 0 0 0 0 0 0 0 0 0 0 0 0 0]
[3690018883593103038336735989756021232542470250012352846949903346470011912464857467115422787907295454628240930045470509790800094117826366919830656975506005140091711508483702308907775950458510822566769154596221188589874147389314989596474 0 0 0 0 0 0 0 0 0 0 0 0 0 0 0 0 0 0 0 0 0 1 0 0 0 0 0 0 0 0 0 0 0 0 0 0 0 0 0 0 0 0 0 0 0 0 0 0 0 0 0 0 0 0 0 0 0 0 0 0 0 0 0 0 0 0 0 0 0 0 0 0 0 0 0 0 0]
[1841887112932485623434823634239167209895925815547829252953860667341512351798463328345653078089821559537380048708698648158684667092129478277610592233862504760315087821210796043543427912445745725006993396748640648481008236690818006558912 0 0 0 0 0 0 0 0 0 0 0 0 0 0 0 0 0 0 0 0 0 0 1 0 0 0 0 0 0 0 0 0 0 0 0 0 0 0 0 0 0 0 0 0 0 0 0 0 0 0 0 0 0 0 0 0 0 0 0 0 0 0 0 0 0 0 0 0 0 0 0 0 0 0 0 0 0]
[919661104506829287277709429397099108757462090897892337804172218938789679225550730806306000953362624337059178838430794454153424664322800513456764787313975197409741063847379907267428100423227795301281847158817243819780683680781394493368 0 0 0 0 0 0 0 0 0 0 0 0 0 0 0 0 0 0 0 0 0 0 0 1 0 0 0 0 0 0 0 0 0 0 0 0 0 0 0 0 0 0 0 0 0 0 0 0 0 0 0 0 0 0 0 0 0 0 0 0 0 0 0 0 0 0 0 0 0 0 0 0 0 0 0 0 0]
[655517987772849110349850393420809173149769826557254589502083472469273032456732990070530996181377941214164819463845028227902568766192860561177990375322026563097783170878569211032402412613566811078392808960758201654595098330695920651969 0 0 0 0 0 0 0 0 0 0 0 0 0 0 0 0 0 0 0 0 0 0 0 0 1 0 0 0 0 0 0 0 0 0 0 0 0 0 0 0 0 0 0 0 0 0 0 0 0 0 0 0 0 0 0 0 0 0 0 0 0 0 0 0 0 0 0 0 0 0 0 0 0 0 0 0 0]
[4369884834277429389481527658003330937961836003419769027643842388481990619739298359467683757547165166380914038232882126729401727353990542899669727323523300235978132685681854284678646278050737773358997037410609759208512513734908403586139 0 0 0 0 0 0 0 0 0 0 0 0 0 0 0 0 0 0 0 0 0 0 0 0 0 1 0 0 0 0 0 0 0 0 0 0 0 0 0 0 0 0 0 0 0 0 0 0 0 0 0 0 0 0 0 0 0 0 0 0 0 0 0 0 0 0 0 0 0 0 0 0 0 0 0 0 0]
[656115025724244762157008188147243746630276031218612198606473046136092650091118654777601553326694943503276236775227811914004286091214618033548734217121538840129512518048317905984974126433788921887806388513296677571677341957082911162630 0 0 0 0 0 0 0 0 0 0 0 0 0 0 0 0 0 0 0 0 0 0 0 0 0 0 1 0 0 0 0 0 0 0 0 0 0 0 0 0 0 0 0 0 0 0 0 0 0 0 0 0 0 0 0 0 0 0 0 0 0 0 0 0 0 0 0 0 0 0 0 0 0 0 0 0 0]
[663937798184777681034148495581432630945670474792754368209038512857751505626229596062850087115410132528974011139750678558124476491629438618677578901418439092873319881947205421240418999841138248830197288147644716976355476571670451291479 0 0 0 0 0 0 0 0 0 0 0 0 0 0 0 0 0 0 0 0 0 0 0 0 0 0 0 1 0 0 0 0 0 0 0 0 0 0 0 0 0 0 0 0 0 0 0 0 0 0 0 0 0 0 0 0 0 0 0 0 0 0 0 0 0 0 0 0 0 0 0 0 0 0 0 0 0]
[1138528048025674149851712429755899415011628609505751784992153201007585369835144069538207909264313809779897528611196123335229040111350349274557526635543839102776429762681147628727032364343301190401941381851981375433855936212404564422758 0 0 0 0 0 0 0 0 0 0 0 0 0 0 0 0 0 0 0 0 0 0 0 0 0 0 0 0 1 0 0 0 0 0 0 0 0 0 0 0 0 0 0 0 0 0 0 0 0 0 0 0 0 0 0 0 0 0 0 0 0 0 0 0 0 0 0 0 0 0 0 0 0 0 0 0 0]
[3004552739693319086231175861157017516826734522851860215602509172871430075539162363332958485401851557050031062110419879441907798683727066736796032446704832160394336871019771956424479228903958391091533732097233233025219536996860666046490 0 0 0 0 0 0 0 0 0 0 0 0 0 0 0 0 0 0 0 0 0 0 0 0 0 0 0 0 0 1 0 0 0 0 0 0 0 0 0 0 0 0 0 0 0 0 0 0 0 0 0 0 0 0 0 0 0 0 0 0 0 0 0 0 0 0 0 0 0 0 0 0 0 0 0 0 0]
[2132599451570485228798523681757378181528266266884776794559512339029458264644813025848419745047126128649576069984259267591420446330631660730352993132087219202224501079613490301637111337692930256632160482444775619815851146663162185065057 0 0 0 0 0 0 0 0 0 0 0 0 0 0 0 0 0 0 0 0 0 0 0 0 0 0 0 0 0 0 1 0 0 0 0 0 0 0 0 0 0 0 0 0 0 0 0 0 0 0 0 0 0 0 0 0 0 0 0 0 0 0 0 0 0 0 0 0 0 0 0 0 0 0 0 0 0]
[1347988602255162116806489894482931597388204821947558611414871888393389711684176536599617799393294456054096419644686683465759477901447019196576843747518447916044555772135813350756334857483763794053894171198208349265513769993421188419839 0 0 0 0 0 0 0 0 0 0 0 0 0 0 0 0 0 0 0 0 0 0 0 0 0 0 0 0 0 0 0 1 0 0 0 0 0 0 0 0 0 0 0 0 0 0 0 0 0 0 0 0 0 0 0 0 0 0 0 0 0 0 0 0 0 0 0 0 0 0 0 0 0 0 0 0 0]
[56082593913987037287459540007055216846217596138754266336756456698919383748494763716073985498216265480373385889156560941001205121808082499630370498987057999850678118371960754954513821236360440204334882852825887537320199406163699373978 0 0 0 0 0 0 0 0 0 0 0 0 0 0 0 0 0 0 0 0 0 0 0 0 0 0 0 0 0 0 0 0 1 0 0 0 0 0 0 0 0 0 0 0 0 0 0 0 0 0 0 0 0 0 0 0 0 0 0 0 0 0 0 0 0 0 0 0 0 0 0 0 0 0 0 0 0]
[4039595354041507212266890547706985320239555350672822466583051425205861634046689895577941339599880532036674305963034415830929820125734557215506875821284869415131364421453520895028766690492544815577197789588712248989257776203092109769822 0 0 0 0 0 0 0 0 0 0 0 0 0 0 0 0 0 0 0 0 0 0 0 0 0 0 0 0 0 0 0 0 0 1 0 0 0 0 0 0 0 0 0 0 0 0 0 0 0 0 0 0 0 0 0 0 0 0 0 0 0 0 0 0 0 0 0 0 0 0 0 0 0 0 0 0 0]
[3880602837448587743117756407556998116374808371911768637464712082652462651403061528159764794737850260992301576009239368341658291599340479683330334746912622405094223968430138045072443092715769721506548315248777339043545971034082926819298 0 0 0 0 0 0 0 0 0 0 0 0 0 0 0 0 0 0 0 0 0 0 0 0 0 0 0 0 0 0 0 0 0 0 1 0 0 0 0 0 0 0 0 0 0 0 0 0 0 0 0 0 0 0 0 0 0 0 0 0 0 0 0 0 0 0 0 0 0 0 0 0 0 0 0 0 0]
[970975580049393056010660318629252008957254637418539385308263474705765017400288641160414654636638297113318856566139316596638386271444182704656742264244044578554293978088028414709112027995221875953812328133958885614616063991530658011988 0 0 0 0 0 0 0 0 0 0 0 0 0 0 0 0 0 0 0 0 0 0 0 0 0 0 0 0 0 0 0 0 0 0 0 1 0 0 0 0 0 0 0 0 0 0 0 0 0 0 0 0 0 0 0 0 0 0 0 0 0 0 0 0 0 0 0 0 0 0 0 0 0 0 0 0 0]
[741554833629825968411867253511688383197849144971039092268948125205414621270225028141382423081448560528908053298645235532473815489820446900216920866766773966873768864195004208818847360892576217923872475409537196731701832391724805538364 0 0 0 0 0 0 0 0 0 0 0 0 0 0 0 0 0 0 0 0 0 0 0 0 0 0 0 0 0 0 0 0 0 0 0 0 1 0 0 0 0 0 0 0 0 0 0 0 0 0 0 0 0 0 0 0 0 0 0 0 0 0 0 0 0 0 0 0 0 0 0 0 0 0 0 0 0]
[1027563693240984319306359623122997048389845857364167684259647917185048932478411682741202985885803311953502536334923916073485260184521324099408095569593603799382728550049029693512616589507657925493170275367848192741088289019905920435282 0 0 0 0 0 0 0 0 0 0 0 0 0 0 0 0 0 0 0 0 0 0 0 0 0 0 0 0 0 0 0 0 0 0 0 0 0 1 0 0 0 0 0 0 0 0 0 0 0 0 0 0 0 0 0 0 0 0 0 0 0 0 0 0 0 0 0 0 0 0 0 0 0 0 0 0 0]
[3301539557339899031684226537754957399453544094317784284811404167363300166981894698368369626243651176673072416053192926946019854923477930828976423299918436607197337923613177818408218020461916696394604328484257925730780637613526090740850 0 0 0 0 0 0 0 0 0 0 0 0 0 0 0 0 0 0 0 0 0 0 0 0 0 0 0 0 0 0 0 0 0 0 0 0 0 0 1 0 0 0 0 0 0 0 0 0 0 0 0 0 0 0 0 0 0 0 0 0 0 0 0 0 0 0 0 0 0 0 0 0 0 0 0 0 0]
[3009738001857952576062480632300749602046346209769093031663557999774074886483946843267211395668052607990613027869889671483670200321558209349287593532563761362678690890087620092894150351305809477721668748982779240024721613747393971533982 0 0 0 0 0 0 0 0 0 0 0 0 0 0 0 0 0 0 0 0 0 0 0 0 0 0 0 0 0 0 0 0 0 0 0 0 0 0 0 1 0 0 0 0 0 0 0 0 0 0 0 0 0 0 0 0 0 0 0 0 0 0 0 0 0 0 0 0 0 0 0 0 0 0 0 0 0]
[2356522425588940671905031807757543827824244021420302113192578073180377830965359502462725368456250484265942393808129054406374037555301155611455172883224766651393566914020699249442347346543071242488513755049216452786188650271033634820123 0 0 0 0 0 0 0 0 0 0 0 0 0 0 0 0 0 0 0 0 0 0 0 0 0 0 0 0 0 0 0 0 0 0 0 0 0 0 0 0 1 0 0 0 0 0 0 0 0 0 0 0 0 0 0 0 0 0 0 0 0 0 0 0 0 0 0 0 0 0 0 0 0 0 0 0 0]
[818930996164977961905176101016644721312671584719529826130545104135882444579260673762598259087137461551351614419366734636336050915536399183123747150994166751996055794252020035661646931225822546883462083548196716123038396140052751883713 0 0 0 0 0 0 0 0 0 0 0 0 0 0 0 0 0 0 0 0 0 0 0 0 0 0 0 0 0 0 0 0 0 0 0 0 0 0 0 0 0 1 0 0 0 0 0 0 0 0 0 0 0 0 0 0 0 0 0 0 0 0 0 0 0 0 0 0 0 0 0 0 0 0 0 0 0]
[2113736129228112021540524697042151438564153241116108752312612210377231246992327458681325802734358651494621372998177271310838690262893070565773814327851800903868591407647992487334642906477630100946782507187937619634720153973608783698913 0 0 0 0 0 0 0 0 0 0 0 0 0 0 0 0 0 0 0 0 0 0 0 0 0 0 0 0 0 0 0 0 0 0 0 0 0 0 0 0 0 0 1 0 0 0 0 0 0 0 0 0 0 0 0 0 0 0 0 0 0 0 0 0 0 0 0 0 0 0 0 0 0 0 0 0 0]
[2043442080319034669417658494963359252254433709259013560173704453878422590724469615078232088414462074789701705051039012030429171540179198087760783357661114660497511132372112223679808233194179881203116370613119095090544095234052265732150 0 0 0 0 0 0 0 0 0 0 0 0 0 0 0 0 0 0 0 0 0 0 0 0 0 0 0 0 0 0 0 0 0 0 0 0 0 0 0 0 0 0 0 1 0 0 0 0 0 0 0 0 0 0 0 0 0 0 0 0 0 0 0 0 0 0 0 0 0 0 0 0 0 0 0 0 0]
[4296187277099677136906165877405767214084714117370686855517521736909970569127646381057582571444415160453625487205330009213816820410169981445974658415717035532625335690966246255498633980628065344020892028782332077664688352547620153182737 0 0 0 0 0 0 0 0 0 0 0 0 0 0 0 0 0 0 0 0 0 0 0 0 0 0 0 0 0 0 0 0 0 0 0 0 0 0 0 0 0 0 0 0 1 0 0 0 0 0 0 0 0 0 0 0 0 0 0 0 0 0 0 0 0 0 0 0 0 0 0 0 0 0 0 0 0]
[1537336986054687093558992448518718109705471304915206010761083123750760001203474578299606226914562952141689774004303841241986522669461712617201938546917782329338455545794245968178127506663039499771757713196264966463231452931895658690644 0 0 0 0 0 0 0 0 0 0 0 0 0 0 0 0 0 0 0 0 0 0 0 0 0 0 0 0 0 0 0 0 0 0 0 0 0 0 0 0 0 0 0 0 0 1 0 0 0 0 0 0 0 0 0 0 0 0 0 0 0 0 0 0 0 0 0 0 0 0 0 0 0 0 0 0 0]
[3096206797048396746387378130618331171631008276212990092640325919801020109087312333873864630556198757729786124096493519302539254417887174636415344832442115903287382626357135128768984736881259090660962096964935889843213074531858790155876 0 0 0 0 0 0 0 0 0 0 0 0 0 0 0 0 0 0 0 0 0 0 0 0 0 0 0 0 0 0 0 0 0 0 0 0 0 0 0 0 0 0 0 0 0 0 1 0 0 0 0 0 0 0 0 0 0 0 0 0 0 0 0 0 0 0 0 0 0 0 0 0 0 0 0 0 0]
[799394890270354416105699140654900929310314921707713172816779176514854376396030177758111417576958388246426602349094064848332473029048994207378188130643192489061281184675931222718345041610315064317595429330258962293869099971385339624974 0 0 0 0 0 0 0 0 0 0 0 0 0 0 0 0 0 0 0 0 0 0 0 0 0 0 0 0 0 0 0 0 0 0 0 0 0 0 0 0 0 0 0 0 0 0 0 1 0 0 0 0 0 0 0 0 0 0 0 0 0 0 0 0 0 0 0 0 0 0 0 0 0 0 0 0 0]
[4357574611444295019904350875072519070713063227083243572949989454489163386451638917346521402036317506853932588975981239772647391304336805238361442309872057760483348392014101865756369910269806253640730146135952642960926970545589132999462 0 0 0 0 0 0 0 0 0 0 0 0 0 0 0 0 0 0 0 0 0 0 0 0 0 0 0 0 0 0 0 0 0 0 0 0 0 0 0 0 0 0 0 0 0 0 0 0 1 0 0 0 0 0 0 0 0 0 0 0 0 0 0 0 0 0 0 0 0 0 0 0 0 0 0 0 0]
[518408562530489209535143740099714882617083922369574721078228597559274035184719366406330614939796938320029514185482915895026170796007310818942138095459072810184885864567924404165937740960128089989967341961885390085177539651306218311612 0 0 0 0 0 0 0 0 0 0 0 0 0 0 0 0 0 0 0 0 0 0 0 0 0 0 0 0 0 0 0 0 0 0 0 0 0 0 0 0 0 0 0 0 0 0 0 0 0 1 0 0 0 0 0 0 0 0 0 0 0 0 0 0 0 0 0 0 0 0 0 0 0 0 0 0 0]
[4422851054005375138576788955316740866199680191686113779420447955323341802477291746890357791210907458133214514777634619097993786929611562957773908891911276169682884728293858326735614894497383036502344625223775913255492245452795788652836 0 0 0 0 0 0 0 0 0 0 0 0 0 0 0 0 0 0 0 0 0 0 0 0 0 0 0 0 0 0 0 0 0 0 0 0 0 0 0 0 0 0 0 0 0 0 0 0 0 0 1 0 0 0 0 0 0 0 0 0 0 0 0 0 0 0 0 0 0 0 0 0 0 0 0 0 0]
[4012359604441755213002605721782887883225367891421489345772228080391015372632224795965376914602817682624934415765317681194100469792009392181209026153086037684676314880690003220266992490626601864019311527097346211104123766792093382330957 0 0 0 0 0 0 0 0 0 0 0 0 0 0 0 0 0 0 0 0 0 0 0 0 0 0 0 0 0 0 0 0 0 0 0 0 0 0 0 0 0 0 0 0 0 0 0 0 0 0 0 1 0 0 0 0 0 0 0 0 0 0 0 0 0 0 0 0 0 0 0 0 0 0 0 0 0]
[1300002263725455358916526427324348478572224691997802499802888057481075373216718104460275088525244434775967163482942256796055942272047927591064167808868986118972381091118304198381751643230390523499333412449100549962467958833951544729740 0 0 0 0 0 0 0 0 0 0 0 0 0 0 0 0 0 0 0 0 0 0 0 0 0 0 0 0 0 0 0 0 0 0 0 0 0 0 0 0 0 0 0 0 0 0 0 0 0 0 0 0 1 0 0 0 0 0 0 0 0 0 0 0 0 0 0 0 0 0 0 0 0 0 0 0 0]
[478418316498298716029663820663987256991692560439336409572283451314990695695237663480548412963061287675731464972579130018103343167124542264544355507970917748462600976132606208634508896523159452756402889315681008290474734285289743361973 0 0 0 0 0 0 0 0 0 0 0 0 0 0 0 0 0 0 0 0 0 0 0 0 0 0 0 0 0 0 0 0 0 0 0 0 0 0 0 0 0 0 0 0 0 0 0 0 0 0 0 0 0 1 0 0 0 0 0 0 0 0 0 0 0 0 0 0 0 0 0 0 0 0 0 0 0]
[3418444708073599528758790551957740792628955761398537973461314617484307253387101893995046061488248911876621281422517342715796198486187164464334818267403526813981279736270081872648700699535901574714900812352409476712601533623012198116387 0 0 0 0 0 0 0 0 0 0 0 0 0 0 0 0 0 0 0 0 0 0 0 0 0 0 0 0 0 0 0 0 0 0 0 0 0 0 0 0 0 0 0 0 0 0 0 0 0 0 0 0 0 0 1 0 0 0 0 0 0 0 0 0 0 0 0 0 0 0 0 0 0 0 0 0 0]
[4495283290423980816770789384915524038114187615297703590838357170564248192936841609061389740331018339345750180911939840739474823373782320784921041172817326462376682490119368155751476795796201045055857263413452914749797759505458680216466 0 0 0 0 0 0 0 0 0 0 0 0 0 0 0 0 0 0 0 0 0 0 0 0 0 0 0 0 0 0 0 0 0 0 0 0 0 0 0 0 0 0 0 0 0 0 0 0 0 0 0 0 0 0 0 1 0 0 0 0 0 0 0 0 0 0 0 0 0 0 0 0 0 0 0 0 0]
[4328382676063311094471592281753185782392547708242966838844735775925052020671466649185739629427474661358880936965180266315607392664298837548453659889378624376786641483151833905509174830591168358292644477048048154733727092239729351155505 0 0 0 0 0 0 0 0 0 0 0 0 0 0 0 0 0 0 0 0 0 0 0 0 0 0 0 0 0 0 0 0 0 0 0 0 0 0 0 0 0 0 0 0 0 0 0 0 0 0 0 0 0 0 0 0 1 0 0 0 0 0 0 0 0 0 0 0 0 0 0 0 0 0 0 0 0]
[2958638203698155259055133745932253338916733711091308527875330372136372257803138267878021853668622455068313877826164419849654115612651882440546055132578339815569865877976811008863258249289096171784025425089233087823345156550136530179256 0 0 0 0 0 0 0 0 0 0 0 0 0 0 0 0 0 0 0 0 0 0 0 0 0 0 0 0 0 0 0 0 0 0 0 0 0 0 0 0 0 0 0 0 0 0 0 0 0 0 0 0 0 0 0 0 0 1 0 0 0 0 0 0 0 0 0 0 0 0 0 0 0 0 0 0 0]
[3442856941076323452978604259630433667408848725633694210586003065671906272726718856681390112356963827344532399968984744659545441106408702194624704303093510993775427579921097896258592164396508750732672656718411677710281711085209976544124 0 0 0 0 0 0 0 0 0 0 0 0 0 0 0 0 0 0 0 0 0 0 0 0 0 0 0 0 0 0 0 0 0 0 0 0 0 0 0 0 0 0 0 0 0 0 0 0 0 0 0 0 0 0 0 0 0 0 1 0 0 0 0 0 0 0 0 0 0 0 0 0 0 0 0 0 0]
[2047871985116561885687989277715868505812066284776919007830197550733757069149903478658236675688310038064375675976661329779607372176780309452364491750092603234691190792122379244744563440101744274218515589876902191730744367211394261641193 0 0 0 0 0 0 0 0 0 0 0 0 0 0 0 0 0 0 0 0 0 0 0 0 0 0 0 0 0 0 0 0 0 0 0 0 0 0 0 0 0 0 0 0 0 0 0 0 0 0 0 0 0 0 0 0 0 0 0 1 0 0 0 0 0 0 0 0 0 0 0 0 0 0 0 0 0]
[4409643032933990250691273326003035234693889813098729533076228195136538303335692043477459005605053955856685857648057149642275490691193772344517839309504450740059671634714869346220946107324671137878691988009738842556583676760444260852554 0 0 0 0 0 0 0 0 0 0 0 0 0 0 0 0 0 0 0 0 0 0 0 0 0 0 0 0 0 0 0 0 0 0 0 0 0 0 0 0 0 0 0 0 0 0 0 0 0 0 0 0 0 0 0 0 0 0 0 0 1 0 0 0 0 0 0 0 0 0 0 0 0 0 0 0 0]
[3582718350297678798726394501112165694313121875423159636046527205138571936105205352126555026992475172179977029911598642073269710448997860543708213189505474934864536358286010831890686003735651238969783115816983303611622493414949826058526 0 0 0 0 0 0 0 0 0 0 0 0 0 0 0 0 0 0 0 0 0 0 0 0 0 0 0 0 0 0 0 0 0 0 0 0 0 0 0 0 0 0 0 0 0 0 0 0 0 0 0 0 0 0 0 0 0 0 0 0 0 1 0 0 0 0 0 0 0 0 0 0 0 0 0 0 0]
[472890594825869256658509784439054064275946079836299117744098210094165887259696795163102896806537936169172739290198117219257304281580921790921272865149867073245190517594554681063067281754620670077027693447352885986652299423763090542747 0 0 0 0 0 0 0 0 0 0 0 0 0 0 0 0 0 0 0 0 0 0 0 0 0 0 0 0 0 0 0 0 0 0 0 0 0 0 0 0 0 0 0 0 0 0 0 0 0 0 0 0 0 0 0 0 0 0 0 0 0 0 1 0 0 0 0 0 0 0 0 0 0 0 0 0 0]
[190430881726469681084221793216568765482648932165779958439015705632510926366550429640305642433395416737545133870391209710481802341738982914533481725107301003056446039667575263152356239859095763849213205660810163989072352442386057616570 0 0 0 0 0 0 0 0 0 0 0 0 0 0 0 0 0 0 0 0 0 0 0 0 0 0 0 0 0 0 0 0 0 0 0 0 0 0 0 0 0 0 0 0 0 0 0 0 0 0 0 0 0 0 0 0 0 0 0 0 0 0 0 1 0 0 0 0 0 0 0 0 0 0 0 0 0]
[1896641418041804657824533865344744463825615990344858414423580256774466545636508438301710591217896943008780833923957504515466944622324468344513065488122688947239799516769008838107151405719672792213608895353601359841302440958185092748708 0 0 0 0 0 0 0 0 0 0 0 0 0 0 0 0 0 0 0 0 0 0 0 0 0 0 0 0 0 0 0 0 0 0 0 0 0 0 0 0 0 0 0 0 0 0 0 0 0 0 0 0 0 0 0 0 0 0 0 0 0 0 0 0 1 0 0 0 0 0 0 0 0 0 0 0 0]
[2189694776328061339148755615178558914240453006602519523897212445403211862694574736219900686156484781294244266932549495346202176356944091120572995969104734529947913119450739248094504453260058439492886766336194782061367122203686238585634 0 0 0 0 0 0 0 0 0 0 0 0 0 0 0 0 0 0 0 0 0 0 0 0 0 0 0 0 0 0 0 0 0 0 0 0 0 0 0 0 0 0 0 0 0 0 0 0 0 0 0 0 0 0 0 0 0 0 0 0 0 0 0 0 0 1 0 0 0 0 0 0 0 0 0 0 0]
[644501502477049294092568791855672777199139589145343026430977624981908238956473051139609307446388073114942736183562594424396110330843249706996954057066639294489163964209989503766378266824346689361578055603600217908426139704360970871602 0 0 0 0 0 0 0 0 0 0 0 0 0 0 0 0 0 0 0 0 0 0 0 0 0 0 0 0 0 0 0 0 0 0 0 0 0 0 0 0 0 0 0 0 0 0 0 0 0 0 0 0 0 0 0 0 0 0 0 0 0 0 0 0 0 0 1 0 0 0 0 0 0 0 0 0 0]
[3639117745475268361723846416121463227198678426806079008361444470140603786682951703878920715068333679804515269594112083047988252111827913493244835080443719429121063978760789287663492067812675129376845217075701647423870821394897601187694 0 0 0 0 0 0 0 0 0 0 0 0 0 0 0 0 0 0 0 0 0 0 0 0 0 0 0 0 0 0 0 0 0 0 0 0 0 0 0 0 0 0 0 0 0 0 0 0 0 0 0 0 0 0 0 0 0 0 0 0 0 0 0 0 0 0 0 1 0 0 0 0 0 0 0 0 0]
[3914706568756673524780149857567641627310180009489276157175610196900901201757174339202842084355207237210734358243691807896583748267472601714250580441344631312245823065623467042429641050671080000362407035717021933126224581538765608739912 0 0 0 0 0 0 0 0 0 0 0 0 0 0 0 0 0 0 0 0 0 0 0 0 0 0 0 0 0 0 0 0 0 0 0 0 0 0 0 0 0 0 0 0 0 0 0 0 0 0 0 0 0 0 0 0 0 0 0 0 0 0 0 0 0 0 0 0 1 0 0 0 0 0 0 0 0]
[3416537583368270739166035472275313944416976650991825383127114339730840059738195197440581083472977238789646438093672272015000801244838752110319522085181732629515256816834976173812338033388533772514303197127968518290457796914542931256891 0 0 0 0 0 0 0 0 0 0 0 0 0 0 0 0 0 0 0 0 0 0 0 0 0 0 0 0 0 0 0 0 0 0 0 0 0 0 0 0 0 0 0 0 0 0 0 0 0 0 0 0 0 0 0 0 0 0 0 0 0 0 0 0 0 0 0 0 0 1 0 0 0 0 0 0 0]
[56545122002939220598469922852209928759476917534695017136398360476647035098389859155994489262258345779830599847683016245107132059427370108868217569208560846607705792619162983713498120815934023972603443945152317539723861982678024335530 0 0 0 0 0 0 0 0 0 0 0 0 0 0 0 0 0 0 0 0 0 0 0 0 0 0 0 0 0 0 0 0 0 0 0 0 0 0 0 0 0 0 0 0 0 0 0 0 0 0 0 0 0 0 0 0 0 0 0 0 0 0 0 0 0 0 0 0 0 0 1 0 0 0 0 0 0]
[3013941296934575923582631128868035919637550353144986231858921954139601999241414812969361164942525763829415553156755992466107669549748369597406501685695819466781712003191769173317644520746775667111460375464452238736469335208304616244043 0 0 0 0 0 0 0 0 0 0 0 0 0 0 0 0 0 0 0 0 0 0 0 0 0 0 0 0 0 0 0 0 0 0 0 0 0 0 0 0 0 0 0 0 0 0 0 0 0 0 0 0 0 0 0 0 0 0 0 0 0 0 0 0 0 0 0 0 0 0 0 1 0 0 0 0 0]
[3051169991072630964946938528140847657869754613418123146665949162682242515841596108373362915108713591123118292664691732684136489061125277512651704552140571558646800295456959053664667997465471228426128111404508051915973892372086304153634 0 0 0 0 0 0 0 0 0 0 0 0 0 0 0 0 0 0 0 0 0 0 0 0 0 0 0 0 0 0 0 0 0 0 0 0 0 0 0 0 0 0 0 0 0 0 0 0 0 0 0 0 0 0 0 0 0 0 0 0 0 0 0 0 0 0 0 0 0 0 0 0 1 0 0 0 0]
[1371099695299795479696097531994116045860254145904283716760024665556632185098836431183197521738238325629992712215361594006014288180281375988687034376433105157627890203713950463289548780922103897153831382214693027522664899375278695688756 0 0 0 0 0 0 0 0 0 0 0 0 0 0 0 0 0 0 0 0 0 0 0 0 0 0 0 0 0 0 0 0 0 0 0 0 0 0 0 0 0 0 0 0 0 0 0 0 0 0 0 0 0 0 0 0 0 0 0 0 0 0 0 0 0 0 0 0 0 0 0 0 0 1 0 0 0]
[3222938268644803998090502907337280276151353764686045931485701339380794601753406604297522236043174335543643917223538182641746262817307547021064189105305130014006735705725840364922863881878468753112390666672813495448762028051671375158986 0 0 0 0 0 0 0 0 0 0 0 0 0 0 0 0 0 0 0 0 0 0 0 0 0 0 0 0 0 0 0 0 0 0 0 0 0 0 0 0 0 0 0 0 0 0 0 0 0 0 0 0 0 0 0 0 0 0 0 0 0 0 0 0 0 0 0 0 0 0 0 0 0 0 1 0 0]
[2957205218803108114011062273062445566871702422886354164309574390852181056785380376465918185458305806617833106550004046814602850792823472979748403262880203892491182928872917348572402366609255473956152753396000979950973996386514958853949 0 0 0 0 0 0 0 0 0 0 0 0 0 0 0 0 0 0 0 0 0 0 0 0 0 0 0 0 0 0 0 0 0 0 0 0 0 0 0 0 0 0 0 0 0 0 0 0 0 0 0 0 0 0 0 0 0 0 0 0 0 0 0 0 0 0 0 0 0 0 0 0 0 0 0 1 0]
[3647048746685810493757686563958731846152228156716211598203098960935926733550194432990354916174616344046286282465467524369035460510810841153317222317172550923868869837837424526075143696368310159488615980308052906011524300835884213125584 0 0 0 0 0 0 0 0 0 0 0 0 0 0 0 0 0 0 0 0 0 0 0 0 0 0 0 0 0 0 0 0 0 0 0 0 0 0 0 0 0 0 0 0 0 0 0 0 0 0 0 0 0 0 0 0 0 0 0 0 0 0 0 0 0 0 0 0 0 0 0 0 0 0 0 0 1]
]
