[[4116398259861272490359659395024271443079341207843974404916685209414025247602462651653684542839428405662619404193827485812044978718900044308681623957847408595735994575127140848709747 0 0 0 0 0 0 0 0 0 0 0 0 0 0 0 0 0 0 0 0 0 0 0 0 0 0 0 0 0 0 0 0 0 0 0 0 0 0 0 0 0 0 0 0 0 0 0 0 0 0 0 0 0 0 0 0 0 0 0]
[3584516448822866822139470517728982254058347411693108765260128218647475065289786415303618420646740303043057012934788493820207632670300006185763623190766630607258246361535744528935878 1 0 0 0 0 0 0 0 0 0 0 0 0 0 0 0 0 0 0 0 0 0 0 0 0 0 0 0 0 0 0 0 0 0 0 0 0 0 0 0 0 0 0 0 0 0 0 0 0 0 0 0 0 0 0 0 0 0 0]
[2908500000542125994788123343040686959774036835383639843585295756438864795016631802337736984826911641291405597782351976804478116334575803304528790870012143762155321758277697384234486 0 1 0 0 0 0 0 0 0 0 0 0 0 0 0 0 0 0 0 0 0 0 0 0 0 0 0 0 0 0 0 0 0 0 0 0 0 0 0 0 0 0 0 0 0 0 0 0 0 0 0 0 0 0 0 0 0 0 0]
[3192540892465220513902898918610629328851026410463277428088613583362138814969300876523432665912667872799969304922591560978591176775128358334962010969817408125939067728786167741198854 0 0 1 0 0 0 0 0 0 0 0 0 0 0 0 0 0 0 0 0 0 0 0 0 0 0 0 0 0 0 0 0 0 0 0 0 0 0 0 0 0 0 0 0 0 0 0 0 0 0 0 0 0 0 0 0 0 0 0]
[3116294041159719984403026672725244972528658180451517869352970563512728235080341029395583080271598679103125563944363941367151411538149370965946067270527677390712581094295993177084165 0 0 0 1 0 0 0 0 0 0 0 0 0 0 0 0 0 0 0 0 0 0 0 0 0 0 0 0 0 0 0 0 0 0 0 0 0 0 0 0 0 0 0 0 0 0 0 0 0 0 0 0 0 0 0 0 0 0 0]
[3362102389481997421686925690634987606037110807864748079415880685834687340766238487915802787573804150552417469163552057121577729188903049111116873765079679061697338027610717601513526 0 0 0 0 1 0 0 0 0 0 0 0 0 0 0 0 0 0 0 0 0 0 0 0 0 0 0 0 0 0 0 0 0 0 0 0 0 0 0 0 0 0 0 0 0 0 0 0 0 0 0 0 0 0 0 0 0 0 0]
[2918970617409154173203772493435202624673494713652680423718021002089802301108589194800026061673317790604386470254347392560328783622476130150167788059580200142627978741593029032191186 0 0 0 0 0 1 0 0 0 0 0 0 0 0 0 0 0 0 0 0 0 0 0 0 0 0 0 0 0 0 0 0 0 0 0 0 0 0 0 0 0 0 0 0 0 0 0 0 0 0 0 0 0 0 0 0 0 0 0]
[3836427560708683246015624336720132764024536679347295912616817068811383862628234327524912081343969556365823206666329505191781492707673316110201817186649921708148126815757919069426732 0 0 0 0 0 0 1 0 0 0 0 0 0 0 0 0 0 0 0 0 0 0 0 0 0 0 0 0 0 0 0 0 0 0 0 0 0 0 0 0 0 0 0 0 0 0 0 0 0 0 0 0 0 0 0 0 0 0 0]
[1929388938250988875471607960940814730477276983520692677266015810800263637970265004565290536780890698828614837267824272993481548717586031862426445268118643914473207771888131605544324 0 0 0 0 0 0 0 1 0 0 0 0 0 0 0 0 0 0 0 0 0 0 0 0 0 0 0 0 0 0 0 0 0 0 0 0 0 0 0 0 0 0 0 0 0 0 0 0 0 0 0 0 0 0 0 0 0 0 0]
[1730172092053936007158421425223510490734992808748720930195595350218685082858797576461843097978696253399640142416400419669724708837320766214784748946164145528004906863394913934582342 0 0 0 0 0 0 0 0 1 0 0 0 0 0 0 0 0 0 0 0 0 0 0 0 0 0 0 0 0 0 0 0 0 0 0 0 0 0 0 0 0 0 0 0 0 0 0 0 0 0 0 0 0 0 0 0 0 0 0]
[3143184089407565336500582885033463114902217081980006538478667749901672483545591479033941144037336727551220030431678489326762633479483918803462563751881785849899134723320162503881037 0 0 0 0 0 0 0 0 0 1 0 0 0 0 0 0 0 0 0 0 0 0 0 0 0 0 0 0 0 0 0 0 0 0 0 0 0 0 0 0 0 0 0 0 0 0 0 0 0 0 0 0 0 0 0 0 0 0 0]
[3145752889763814989811651700220925729182863166329399028931808548087811615690171217403005166331538230963650654086727567387676331776188867452511051005415645587257279018277559073887592 0 0 0 0 0 0 0 0 0 0 1 0 0 0 0 0 0 0 0 0 0 0 0 0 0 0 0 0 0 0 0 0 0 0 0 0 0 0 0 0 0 0 0 0 0 0 0 0 0 0 0 0 0 0 0 0 0 0 0]
[2607341995041221773308217757101703261367046388470877920443999285563994271695987644435359390889775997695459610562975399875283497126847648425297698495251419310725748752058884451974081 0 0 0 0 0 0 0 0 0 0 0 1 0 0 0 0 0 0 0 0 0 0 0 0 0 0 0 0 0 0 0 0 0 0 0 0 0 0 0 0 0 0 0 0 0 0 0 0 0 0 0 0 0 0 0 0 0 0 0]
[1504401653516605379781452557620527410379298614618985184432114667486036821702372951335499487819657294434371732521506466745760481906834202108954823193905929883026330260793127846867964 0 0 0 0 0 0 0 0 0 0 0 0 1 0 0 0 0 0 0 0 0 0 0 0 0 0 0 0 0 0 0 0 0 0 0 0 0 0 0 0 0 0 0 0 0 0 0 0 0 0 0 0 0 0 0 0 0 0 0]
[3174605451133720051320346771770856532710334954596583417426897267704874702847701380936480420703700089044084875881382117551475633450386747681007630348650146740319630486410426198092074 0 0 0 0 0 0 0 0 0 0 0 0 0 1 0 0 0 0 0 0 0 0 0 0 0 0 0 0 0 0 0 0 0 0 0 0 0 0 0 0 0 0 0 0 0 0 0 0 0 0 0 0 0 0 0 0 0 0 0]
[1063008415072023023663063805233447029948795148243275757229110447619525769714222896155041996291865851763862375060368196520020379719964434121259028520195505268533900140528844907098165 0 0 0 0 0 0 0 0 0 0 0 0 0 0 1 0 0 0 0 0 0 0 0 0 0 0 0 0 0 0 0 0 0 0 0 0 0 0 0 0 0 0 0 0 0 0 0 0 0 0 0 0 0 0 0 0 0 0 0]
[2744391888616417227277534571526361619968227995410526207912385299113145368823202653970266237909732025283016252394173834632069732485595005989480165618050451412170840704053502158592127 0 0 0 0 0 0 0 0 0 0 0 0 0 0 0 1 0 0 0 0 0 0 0 0 0 0 0 0 0 0 0 0 0 0 0 0 0 0 0 0 0 0 0 0 0 0 0 0 0 0 0 0 0 0 0 0 0 0 0]
[108568562904651498367317101569383186135660085166193564697708447858496513754886112452912142285566530744295011913005395910191777403651622205169714346979934414027006431834915420723483 0 0 0 0 0 0 0 0 0 0 0 0 0 0 0 0 1 0 0 0 0 0 0 0 0 0 0 0 0 0 0 0 0 0 0 0 0 0 0 0 0 0 0 0 0 0 0 0 0 0 0 0 0 0 0 0 0 0 0]
[2602049389199003517238222675860559480263259818699998831346383627868206768510769886378938965944141949383984552636346830184069951365100633635476550164693156149269979925355509096007122 0 0 0 0 0 0 0 0 0 0 0 0 0 0 0 0 0 1 0 0 0 0 0 0 0 0 0 0 0 0 0 0 0 0 0 0 0 0 0 0 0 0 0 0 0 0 0 0 0 0 0 0 0 0 0 0 0 0 0]
[4061494576902946999872947533428226972014309711760184468988206646072604274601802461268097967646941054203540253384382753798183741495892225777249645793511784382671146854565755063169971 0 0 0 0 0 0 0 0 0 0 0 0 0 0 0 0 0 0 1 0 0 0 0 0 0 0 0 0 0 0 0 0 0 0 0 0 0 0 0 0 0 0 0 0 0 0 0 0 0 0 0 0 0 0 0 0 0 0 0]
[986798037645810898842026008028009148122825710393876172884829162628430558234717661981295425580812317663500024480265044401996137039371064379498677181750677416931823042463606864799653 0 0 0 0 0 0 0 0 0 0 0 0 0 0 0 0 0 0 0 1 0 0 0 0 0 0 0 0 0 0 0 0 0 0 0 0 0 0 0 0 0 0 0 0 0 0 0 0 0 0 0 0 0 0 0 0 0 0 0]
[2765084065932270608486806970045132838559737138127083860371215550359977308159817491885780092315238215044987667337370508493533417293059116202465013716681954560043437211765644444875265 0 0 0 0 0 0 0 0 0 0 0 0 0 0 0 0 0 0 0 0 1 0 0 0 0 0 0 0 0 0 0 0 0 0 0 0 0 0 0 0 0 0 0 0 0 0 0 0 0 0 0 0 0 0 0 0 0 0 0]
[1397931029265017642377453295963356011714999330781130641688973562257368256055875017593488202103659513810166681540610710107547125079271104862691482563633868318421222686412538220698241 0 0 0 0 0 0 0 0 0 0 0 0 0 0 0 0 0 0 0 0 0 1 0 0 0 0 0 0 0 0 0 0 0 0 0 0 0 0 0 0 0 0 0 0 0 0 0 0 0 0 0 0 0 0 0 0 0 0 0]
[3730060691945111774759403246390294972323818998073271857117494734950832810847692923901178338000660215406619361238961424193083934763655303818207628265502728125559172339335816301055745 0 0 0 0 0 0 0 0 0 0 0 0 0 0 0 0 0 0 0 0 0 0 1 0 0 0 0 0 0 0 0 0 0 0 0 0 0 0 0 0 0 0 0 0 0 0 0 0 0 0 0 0 0 0 0 0 0 0 0]
[333529861642890516649240921342582614383222974938556660369714541794954151047381494562056106424423344096187484884392003524891197883393075564207208057171183381332765133334114237295779 0 0 0 0 0 0 0 0 0 0 0 0 0 0 0 0 0 0 0 0 0 0 0 1 0 0 0 0 0 0 0 0 0 0 0 0 0 0 0 0 0 0 0 0 0 0 0 0 0 0 0 0 0 0 0 0 0 0 0]
[3001809640918120468122068154071274714570264304619171760702824897442176749515992897700999618762541223260424617205346912780479082606628918638462339134562137327223538828162115645084796 0 0 0 0 0 0 0 0 0 0 0 0 0 0 0 0 0 0 0 0 0 0 0 0 1 0 0 0 0 0 0 0 0 0 0 0 0 0 0 0 0 0 0 0 0 0 0 0 0 0 0 0 0 0 0 0 0 0 0]
[1788899910558875484982291354106124440089016084451079511815660359440134634808793976875928746116477346218087085385352490344746905226941403197314361122042615447938500132554090516525610 0 0 0 0 0 0 0 0 0 0 0 0 0 0 0 0 0 0 0 0 0 0 0 0 0 1 0 0 0 0 0 0 0 0 0 0 0 0 0 0 0 0 0 0 0 0 0 0 0 0 0 0 0 0 0 0 0 0 0]
[788506076785716888383167059166660864603255168220721937819569653807007467996520281311408559153344003335790330563179938009744358409592499271918565215344259513097630225370411814067149 0 0 0 0 0 0 0 0 0 0 0 0 0 0 0 0 0 0 0 0 0 0 0 0 0 0 1 0 0 0 0 0 0 0 0 0 0 0 0 0 0 0 0 0 0 0 0 0 0 0 0 0 0 0 0 0 0 0 0]
[242763797480643854577210626558918367964016188752427409231938264122279511917212346797031585356510308452150773070080831408854072848535849112223263982443632049193437073543536353473999 0 0 0 0 0 0 0 0 0 0 0 0 0 0 0 0 0 0 0 0 0 0 0 0 0 0 0 1 0 0 0 0 0 0 0 0 0 0 0 0 0 0 0 0 0 0 0 0 0 0 0 0 0 0 0 0 0 0 0]
[2029596638863999435086726072256146107415368126917619897722689392733778939342052557175695115182867258015131241566534019185444278680575673825726564245835557964076717283873420169287994 0 0 0 0 0 0 0 0 0 0 0 0 0 0 0 0 0 0 0 0 0 0 0 0 0 0 0 0 1 0 0 0 0 0 0 0 0 0 0 0 0 0 0 0 0 0 0 0 0 0 0 0 0 0 0 0 0 0 0]
[2591480652865232851216415347148040805249252574255687167037617757117844581327967659651210235410386874984800530333282217395908068463307688966155572437854209871238214131139861467287682 0 0 0 0 0 0 0 0 0 0 0 0 0 0 0 0 0 0 0 0 0 0 0 0 0 0 0 0 0 1 0 0 0 0 0 0 0 0 0 0 0 0 0 0 0 0 0 0 0 0 0 0 0 0 0 0 0 0 0]
[560038619045341028173967716810582794267832624122988978574847777185286140880337433600873397859526833254101851488457053090917931448588356820767809050180382152016363086065617706689272 0 0 0 0 0 0 0 0 0 0 0 0 0 0 0 0 0 0 0 0 0 0 0 0 0 0 0 0 0 0 1 0 0 0 0 0 0 0 0 0 0 0 0 0 0 0 0 0 0 0 0 0 0 0 0 0 0 0 0]
[465010933043725515812888622194159849747629309903647624036467842744886050952421576404938571545992721341654197784833108075587303406268271884220974980362488872017951435720095414788034 0 0 0 0 0 0 0 0 0 0 0 0 0 0 0 0 0 0 0 0 0 0 0 0 0 0 0 0 0 0 0 1 0 0 0 0 0 0 0 0 0 0 0 0 0 0 0 0 0 0 0 0 0 0 0 0 0 0 0]
[1512303360784105613585453189505439088610845283875846004638190396888575119138298107501138286136156772737290035603386769254181276205660585090498805228487290818310621021668641680447996 0 0 0 0 0 0 0 0 0 0 0 0 0 0 0 0 0 0 0 0 0 0 0 0 0 0 0 0 0 0 0 0 1 0 0 0 0 0 0 0 0 0 0 0 0 0 0 0 0 0 0 0 0 0 0 0 0 0 0]
[3285115430556081792801897488005152564873979069242948581982898624121397524220556205330125564336646477228235880310253172889803051241150512490190640999947154094428680389375561272686138 0 0 0 0 0 0 0 0 0 0 0 0 0 0 0 0 0 0 0 0 0 0 0 0 0 0 0 0 0 0 0 0 0 1 0 0 0 0 0 0 0 0 0 0 0 0 0 0 0 0 0 0 0 0 0 0 0 0 0]
[1609232938417646331898395744637414999558432829903757328858373215672909785050059969254103565921811437845283947221090919938663356392368413280275847695817043847487407356216812359683021 0 0 0 0 0 0 0 0 0 0 0 0 0 0 0 0 0 0 0 0 0 0 0 0 0 0 0 0 0 0 0 0 0 0 1 0 0 0 0 0 0 0 0 0 0 0 0 0 0 0 0 0 0 0 0 0 0 0 0]
[3617403456108818663433738186897939327591492660602482021756192390070658714155672042481992090844705858466894745683281779393277840853416111558019758415398222768559790477480896386190245 0 0 0 0 0 0 0 0 0 0 0 0 0 0 0 0 0 0 0 0 0 0 0 0 0 0 0 0 0 0 0 0 0 0 0 1 0 0 0 0 0 0 0 0 0 0 0 0 0 0 0 0 0 0 0 0 0 0 0]
[1462593845673258196347694626991730365347448876301105044697676248707952485644402737741211767937947884642874768400847943832482661524859971633581878615651612272010671725310506891186434 0 0 0 0 0 0 0 0 0 0 0 0 0 0 0 0 0 0 0 0 0 0 0 0 0 0 0 0 0 0 0 0 0 0 0 0 1 0 0 0 0 0 0 0 0 0 0 0 0 0 0 0 0 0 0 0 0 0 0]
[2917458239110207277780775362552922054688735174882798052179252942810266286217721767092586367441049516992665886371737630772626861305679889784709472664871637454756602581627933209867531 0 0 0 0 0 0 0 0 0 0 0 0 0 0 0 0 0 0 0 0 0 0 0 0 0 0 0 0 0 0 0 0 0 0 0 0 0 1 0 0 0 0 0 0 0 0 0 0 0 0 0 0 0 0 0 0 0 0 0]
[322092958494001377408333083660827376293955319147114521394108602300416897356130738365187279738500415789631490988942996228828228487907875093141707552036658011873926467485459566703183 0 0 0 0 0 0 0 0 0 0 0 0 0 0 0 0 0 0 0 0 0 0 0 0 0 0 0 0 0 0 0 0 0 0 0 0 0 0 1 0 0 0 0 0 0 0 0 0 0 0 0 0 0 0 0 0 0 0 0]
[308667575167507449309998738757763878095261445319923962152178143795087346382665786756873527939039749751238504937221438448628281340216353345077673819909946985891963563720874948905636 0 0 0 0 0 0 0 0 0 0 0 0 0 0 0 0 0 0 0 0 0 0 0 0 0 0 0 0 0 0 0 0 0 0 0 0 0 0 0 1 0 0 0 0 0 0 0 0 0 0 0 0 0 0 0 0 0 0 0]
[1173882896687085880047871122140013990864898664990967694723192074197318021752721856524871441065252397695071091661255670289502212408522021398984442990490917269222041822812167719521540 0 0 0 0 0 0 0 0 0 0 0 0 0 0 0 0 0 0 0 0 0 0 0 0 0 0 0 0 0 0 0 0 0 0 0 0 0 0 0 0 1 0 0 0 0 0 0 0 0 0 0 0 0 0 0 0 0 0 0]
[221879617680042011857468831058206334839843433496303011734287315525130196965745999269456154163150311649903925181410942082674283839306209602178373613354411247970831690732293722853573 0 0 0 0 0 0 0 0 0 0 0 0 0 0 0 0 0 0 0 0 0 0 0 0 0 0 0 0 0 0 0 0 0 0 0 0 0 0 0 0 0 1 0 0 0 0 0 0 0 0 0 0 0 0 0 0 0 0 0]
[434288367676921053156125569762923538097078164313954389954674662365954195510139547196120167417047146593546624460409619631788005425819041078638676844758571064380087553114328814994357 0 0 0 0 0 0 0 0 0 0 0 0 0 0 0 0 0 0 0 0 0 0 0 0 0 0 0 0 0 0 0 0 0 0 0 0 0 0 0 0 0 0 1 0 0 0 0 0 0 0 0 0 0 0 0 0 0 0 0]
[863408880995186716707171471919972982796597016213815097682583682729419638738970153024515035682491855158235284472211137346415677159884092313789736875338341533029774874411356144240248 0 0 0 0 0 0 0 0 0 0 0 0 0 0 0 0 0 0 0 0 0 0 0 0 0 0 0 0 0 0 0 0 0 0 0 0 0 0 0 0 0 0 0 1 0 0 0 0 0 0 0 0 0 0 0 0 0 0 0]
[2381042142418753925291316696602788902561993382143067122881332185580675838469378897713470605503057925766535243219119726732573469905378680067572319259962090438146026259264674845178989 0 0 0 0 0 0 0 0 0 0 0 0 0 0 0 0 0 0 0 0 0 0 0 0 0 0 0 0 0 0 0 0 0 0 0 0 0 0 0 0 0 0 0 0 1 0 0 0 0 0 0 0 0 0 0 0 0 0 0]
[1968512300281728327029262880770893032092985235419407975106611321709584437715261463799726339843407563381308066995345038589956846463928835905603981055289032069461100068765990550785122 0 0 0 0 0 0 0 0 0 0 0 0 0 0 0 0 0 0 0 0 0 0 0 0 0 0 0 0 0 0 0 0 0 0 0 0 0 0 0 0 0 0 0 0 0 1 0 0 0 0 0 0 0 0 0 0 0 0 0]
[2364427546336805412353049099509829507107186062299162250211067620307671532692367961765544077139509001640058671632529752082615716062843705938223154129895110193892539661282799182891675 0 0 0 0 0 0 0 0 0 0 0 0 0 0 0 0 0 0 0 0 0 0 0 0 0 0 0 0 0 0 0 0 0 0 0 0 0 0 0 0 0 0 0 0 0 0 1 0 0 0 0 0 0 0 0 0 0 0 0]
[1787384507157320331143845039934442337227532924741138969499066819147406651969041912993888701265664077272673603270777982932949710445171246020150687224591630880749528507576421978552975 0 0 0 0 0 0 0 0 0 0 0 0 0 0 0 0 0 0 0 0 0 0 0 0 0 0 0 0 0 0 0 0 0 0 0 0 0 0 0 0 0 0 0 0 0 0 0 1 0 0 0 0 0 0 0 0 0 0 0]
[3389326600505376861170393610964817019469659092938377162828362236348467007315949008906534731326066039152162125022769576995388714728556987587916604446527654512337441941768017159768245 0 0 0 0 0 0 0 0 0 0 0 0 0 0 0 0 0 0 0 0 0 0 0 0 0 0 0 0 0 0 0 0 0 0 0 0 0 0 0 0 0 0 0 0 0 0 0 0 1 0 0 0 0 0 0 0 0 0 0]
[2452337818787473812867151438374476496518088898898274192826417391274961873222177955096475845497373186474296626888078346481545317106827558638778956002979947188492991243993930149936278 0 0 0 0 0 0 0 0 0 0 0 0 0 0 0 0 0 0 0 0 0 0 0 0 0 0 0 0 0 0 0 0 0 0 0 0 0 0 0 0 0 0 0 0 0 0 0 0 0 1 0 0 0 0 0 0 0 0 0]
[86157590842533890015914137376988190857946322053012055254356306845639621155917688626004657837472102339529711495392629111256672219724025383214079978474375121983909132324832847863671 0 0 0 0 0 0 0 0 0 0 0 0 0 0 0 0 0 0 0 0 0 0 0 0 0 0 0 0 0 0 0 0 0 0 0 0 0 0 0 0 0 0 0 0 0 0 0 0 0 0 1 0 0 0 0 0 0 0 0]
[3267297983800517120374526617668207658590450898877020711698419312217022195161474489852952242021254775224851355187407581823097515152318033342393131273395927870624594493610109468050974 0 0 0 0 0 0 0 0 0 0 0 0 0 0 0 0 0 0 0 0 0 0 0 0 0 0 0 0 0 0 0 0 0 0 0 0 0 0 0 0 0 0 0 0 0 0 0 0 0 0 0 1 0 0 0 0 0 0 0]
[1896578435935410519532128313643124727342371515224521914933987480798683474452279260812606804027684005203777153117437451492092415991377272616506017675559352814862532963049060879259857 0 0 0 0 0 0 0 0 0 0 0 0 0 0 0 0 0 0 0 0 0 0 0 0 0 0 0 0 0 0 0 0 0 0 0 0 0 0 0 0 0 0 0 0 0 0 0 0 0 0 0 0 1 0 0 0 0 0 0]
[4104064343152438775182436197765265811099790221104084835772681249793183502274700209068257240729813550390230446845133080785520621765281092570434280709775093585253462739610809359342491 0 0 0 0 0 0 0 0 0 0 0 0 0 0 0 0 0 0 0 0 0 0 0 0 0 0 0 0 0 0 0 0 0 0 0 0 0 0 0 0 0 0 0 0 0 0 0 0 0 0 0 0 0 1 0 0 0 0 0]
[1225834238774687434612544307400019373517992866607484609723566549310127004962067938352259531212195264661773689664208609851139243436612266975261375608338674435142482704416108841638747 0 0 0 0 0 0 0 0 0 0 0 0 0 0 0 0 0 0 0 0 0 0 0 0 0 0 0 0 0 0 0 0 0 0 0 0 0 0 0 0 0 0 0 0 0 0 0 0 0 0 0 0 0 0 1 0 0 0 0]
[3000594321425532868342413381202373213448673052059845280427143655382580478374092140474969774533042431980704000782072095477589348552850340018684599191753075325884974202724595044761946 0 0 0 0 0 0 0 0 0 0 0 0 0 0 0 0 0 0 0 0 0 0 0 0 0 0 0 0 0 0 0 0 0 0 0 0 0 0 0 0 0 0 0 0 0 0 0 0 0 0 0 0 0 0 0 1 0 0 0]
[1321451232803310453468101858144506054653152847341998777941962816039854468766120789267441296590290508635681101780042025983271508698397762985266494211002169619751494068878124472687039 0 0 0 0 0 0 0 0 0 0 0 0 0 0 0 0 0 0 0 0 0 0 0 0 0 0 0 0 0 0 0 0 0 0 0 0 0 0 0 0 0 0 0 0 0 0 0 0 0 0 0 0 0 0 0 0 1 0 0]
[4114003415858780689592078672228341831634206676539176642854629112767530033591932207870819323474912843031894803561360561822634954567295341575415867936644256769940702965903828990335104 0 0 0 0 0 0 0 0 0 0 0 0 0 0 0 0 0 0 0 0 0 0 0 0 0 0 0 0 0 0 0 0 0 0 0 0 0 0 0 0 0 0 0 0 0 0 0 0 0 0 0 0 0 0 0 0 0 1 0]
[1788533591874429463697851697869010704105476313664376645368990311740605361426096935952960168351357698370648003338309637244019558748931506672763984603556707087236946740359987523664041 0 0 0 0 0 0 0 0 0 0 0 0 0 0 0 0 0 0 0 0 0 0 0 0 0 0 0 0 0 0 0 0 0 0 0 0 0 0 0 0 0 0 0 0 0 0 0 0 0 0 0 0 0 0 0 0 0 0 1]
]
