[[10343465538478736066700337702372169828862994151200304474843640110433608618438022728214183692310282560965653266901133170102309981086718744335183705791148025109719351005234695927007038068997217536879277744009560371925724142289245129865596056741246068841577114101193694325740069963984165951383195328923011345941499 0 0 0 0 0 0 0 0 0 0 0 0 0 0 0 0 0 0 0 0 0 0 0 0 0 0 0 0 0 0 0 0 0 0 0 0 0 0 0 0 0 0 0 0 0 0 0 0 0 0 0 0 0 0 0 0 0 0 0 0 0 0 0 0 0 0 0 0 0 0 0 0 0 0 0 0 0 0 0 0 0 0 0 0 0 0 0 0 0 0 0 0 0 0 0 0 0 0 0 0 0 0]
[10254704739836472837445535682589545597541126068779684104549218935383652350896830246444295823382981750022767511756903705670000969577563167973540117192928063597085945196891957362860106792981056754312465780827171516155888367343936118777686452466595222484103066313983689149768836941193214579069988538443274411622849 1 0 0 0 0 0 0 0 0 0 0 0 0 0 0 0 0 0 0 0 0 0 0 0 0 0 0 0 0 0 0 0 0 0 0 0 0 0 0 0 0 0 0 0 0 0 0 0 0 0 0 0 0 0 0 0 0 0 0 0 0 0 0 0 0 0 0 0 0 0 0 0 0 0 0 0 0 0 0 0 0 0 0 0 0 0 0 0 0 0 0 0 0 0 0 0 0 0 0 0 0 0]
[3043510732603356627330436260959054897906057170484247589743404052529587179813289647707374060629075400132868761284998301633463309543443793527574955409126945325770482113695162961443225178262296318089145880906932097552309893858485282019976864936407279510601274168980365090258286232275833790451343134835537454779596 0 1 0 0 0 0 0 0 0 0 0 0 0 0 0 0 0 0 0 0 0 0 0 0 0 0 0 0 0 0 0 0 0 0 0 0 0 0 0 0 0 0 0 0 0 0 0 0 0 0 0 0 0 0 0 0 0 0 0 0 0 0 0 0 0 0 0 0 0 0 0 0 0 0 0 0 0 0 0 0 0 0 0 0 0 0 0 0 0 0 0 0 0 0 0 0 0 0 0 0 0 0]
[8752038794392863438311853001287949589793052395707320163669203237090316494872403125536299773087554663443389999624434828850524609928856301895054442886317927745295015608939343217640811732431373733561512728321081951614123249694961937306832968453250995018850680719304617693038444533090922848561501546326525013076032 0 0 1 0 0 0 0 0 0 0 0 0 0 0 0 0 0 0 0 0 0 0 0 0 0 0 0 0 0 0 0 0 0 0 0 0 0 0 0 0 0 0 0 0 0 0 0 0 0 0 0 0 0 0 0 0 0 0 0 0 0 0 0 0 0 0 0 0 0 0 0 0 0 0 0 0 0 0 0 0 0 0 0 0 0 0 0 0 0 0 0 0 0 0 0 0 0 0 0 0 0 0]
[1480291124554362003987445912236126753454399079257570118750834947941920986284028470914370831033186603325894766026228852726076340316985028576237503550353993274237474623086914073869350501391406006180776094834418736993876604137733296168020880038851343565577205098085360056987867968271046948715446100083212752268615 0 0 0 1 0 0 0 0 0 0 0 0 0 0 0 0 0 0 0 0 0 0 0 0 0 0 0 0 0 0 0 0 0 0 0 0 0 0 0 0 0 0 0 0 0 0 0 0 0 0 0 0 0 0 0 0 0 0 0 0 0 0 0 0 0 0 0 0 0 0 0 0 0 0 0 0 0 0 0 0 0 0 0 0 0 0 0 0 0 0 0 0 0 0 0 0 0 0 0 0 0 0]
[1399787652119941820253811531955118399324265391674199101184603870984592072801491354689012338824227899822676205070312305033931003439354450687049069259267123280108120979032958608914019370797385501875340157651805185788132957258775648419397490354473222804028175255489545786846851627385468571894539251454852679893895 0 0 0 0 1 0 0 0 0 0 0 0 0 0 0 0 0 0 0 0 0 0 0 0 0 0 0 0 0 0 0 0 0 0 0 0 0 0 0 0 0 0 0 0 0 0 0 0 0 0 0 0 0 0 0 0 0 0 0 0 0 0 0 0 0 0 0 0 0 0 0 0 0 0 0 0 0 0 0 0 0 0 0 0 0 0 0 0 0 0 0 0 0 0 0 0 0 0 0 0 0 0]
[4164784539085612037326135877338151221144331775715773956242663239198637407994435779762706613077343247044181950850773492473884433857998277257250524901867643644164269569526045952568234279159290664800915999177602895714996614698408012061389792505277793308023565874995492110296586403881298136205965355399766819847967 0 0 0 0 0 1 0 0 0 0 0 0 0 0 0 0 0 0 0 0 0 0 0 0 0 0 0 0 0 0 0 0 0 0 0 0 0 0 0 0 0 0 0 0 0 0 0 0 0 0 0 0 0 0 0 0 0 0 0 0 0 0 0 0 0 0 0 0 0 0 0 0 0 0 0 0 0 0 0 0 0 0 0 0 0 0 0 0 0 0 0 0 0 0 0 0 0 0 0 0 0 0]
[3244570216354822058437833278804469915487780276549413590670820580846595943907876888704615674231511164055613096617962555557764325926683360416653264817729354212507285507907281938935485936963204635640379683515571738738014044686195268588517542166012495276123945826126222931222726984215591735677509098596714142119361 0 0 0 0 0 0 1 0 0 0 0 0 0 0 0 0 0 0 0 0 0 0 0 0 0 0 0 0 0 0 0 0 0 0 0 0 0 0 0 0 0 0 0 0 0 0 0 0 0 0 0 0 0 0 0 0 0 0 0 0 0 0 0 0 0 0 0 0 0 0 0 0 0 0 0 0 0 0 0 0 0 0 0 0 0 0 0 0 0 0 0 0 0 0 0 0 0 0 0 0 0 0]
[8983452181181290909809769121051826056908570676487696293468496272577699261342794057608906908495438222043597491197114336236027120370320580890149631560660697196143179154633755014022850523692689732651243267298701723096822227419083810183774474985293761566663151608551991879478319704548953737068714058617930602918454 0 0 0 0 0 0 0 1 0 0 0 0 0 0 0 0 0 0 0 0 0 0 0 0 0 0 0 0 0 0 0 0 0 0 0 0 0 0 0 0 0 0 0 0 0 0 0 0 0 0 0 0 0 0 0 0 0 0 0 0 0 0 0 0 0 0 0 0 0 0 0 0 0 0 0 0 0 0 0 0 0 0 0 0 0 0 0 0 0 0 0 0 0 0 0 0 0 0 0 0 0 0]
[8267406321262068816271016112842098843209451728049380101101565309824193435120141692504732326574409428426275885952114902888825154989454281235128192512308433226701643523150290078902121135723453083246290886870955565328714013586632264909210159643383154925580065218403981401409655057250686271337385539374350823448324 0 0 0 0 0 0 0 0 1 0 0 0 0 0 0 0 0 0 0 0 0 0 0 0 0 0 0 0 0 0 0 0 0 0 0 0 0 0 0 0 0 0 0 0 0 0 0 0 0 0 0 0 0 0 0 0 0 0 0 0 0 0 0 0 0 0 0 0 0 0 0 0 0 0 0 0 0 0 0 0 0 0 0 0 0 0 0 0 0 0 0 0 0 0 0 0 0 0 0 0 0 0]
[9419975971550367587551852813964360027723483149846297631311046862958521337753408138924712544245695223042814695059429523348367275362346427105616309148089381251679513224728558716136532716354473338896071971631896839201561254105033553328304714594679224199280666698981741972665480787478486614743450552770162263888476 0 0 0 0 0 0 0 0 0 1 0 0 0 0 0 0 0 0 0 0 0 0 0 0 0 0 0 0 0 0 0 0 0 0 0 0 0 0 0 0 0 0 0 0 0 0 0 0 0 0 0 0 0 0 0 0 0 0 0 0 0 0 0 0 0 0 0 0 0 0 0 0 0 0 0 0 0 0 0 0 0 0 0 0 0 0 0 0 0 0 0 0 0 0 0 0 0 0 0 0 0 0]
[2804319578904473453942165630504262159950563208125376301431195969058241542024678835181644799737421521582712374096518181308443004578908214368770668366217282034399471865325267630951380293051741571063356452124050918570259636620684215179501929202950791250320986238524491064037504430988073171185592481491345891817546 0 0 0 0 0 0 0 0 0 0 1 0 0 0 0 0 0 0 0 0 0 0 0 0 0 0 0 0 0 0 0 0 0 0 0 0 0 0 0 0 0 0 0 0 0 0 0 0 0 0 0 0 0 0 0 0 0 0 0 0 0 0 0 0 0 0 0 0 0 0 0 0 0 0 0 0 0 0 0 0 0 0 0 0 0 0 0 0 0 0 0 0 0 0 0 0 0 0 0 0 0 0]
[3922986244163623414967010867410122660027300371991492856039931454676876868067289869409146651784510751399493809682182601118574054252167375631822288010044223989191731345768252857590255615816951672361272103809668928735412270799652419565295098411120094196671944813027902846256639445175942721675977675506977818942479 0 0 0 0 0 0 0 0 0 0 0 1 0 0 0 0 0 0 0 0 0 0 0 0 0 0 0 0 0 0 0 0 0 0 0 0 0 0 0 0 0 0 0 0 0 0 0 0 0 0 0 0 0 0 0 0 0 0 0 0 0 0 0 0 0 0 0 0 0 0 0 0 0 0 0 0 0 0 0 0 0 0 0 0 0 0 0 0 0 0 0 0 0 0 0 0 0 0 0 0 0 0]
[3909508108721925823407227547998782143200865001268045614358767681839113658171898769185541658783795490403383967290527719103037230680314986907335641391765607821302948176367967310329445105118311813472125041874262234217731169490656474925744856813647755430446766544024317731998930455198384038820228563827661773462803 0 0 0 0 0 0 0 0 0 0 0 0 1 0 0 0 0 0 0 0 0 0 0 0 0 0 0 0 0 0 0 0 0 0 0 0 0 0 0 0 0 0 0 0 0 0 0 0 0 0 0 0 0 0 0 0 0 0 0 0 0 0 0 0 0 0 0 0 0 0 0 0 0 0 0 0 0 0 0 0 0 0 0 0 0 0 0 0 0 0 0 0 0 0 0 0 0 0 0 0 0 0]
[6678087608681845479993713267440196624247644471543262872275197265454904777892177339204042947686555205060432376774685613824259901303825606271459603701410442306345342528173077086162780137390682274311219665885239458235642237573545257179613716590470942589731720004263122308680582074321474621417401842090810499250426 0 0 0 0 0 0 0 0 0 0 0 0 0 1 0 0 0 0 0 0 0 0 0 0 0 0 0 0 0 0 0 0 0 0 0 0 0 0 0 0 0 0 0 0 0 0 0 0 0 0 0 0 0 0 0 0 0 0 0 0 0 0 0 0 0 0 0 0 0 0 0 0 0 0 0 0 0 0 0 0 0 0 0 0 0 0 0 0 0 0 0 0 0 0 0 0 0 0 0 0 0 0]
[6393666159525038537403466791276798716124864131447342528068537178859440818268193752360945606346671136604398176797561825955253366344463721221995232282115707527913962674440383396041440205140682212870876465196475777873047332597579546694779557129608094385454030647644754485874455396700130696129262824053331190685009 0 0 0 0 0 0 0 0 0 0 0 0 0 0 1 0 0 0 0 0 0 0 0 0 0 0 0 0 0 0 0 0 0 0 0 0 0 0 0 0 0 0 0 0 0 0 0 0 0 0 0 0 0 0 0 0 0 0 0 0 0 0 0 0 0 0 0 0 0 0 0 0 0 0 0 0 0 0 0 0 0 0 0 0 0 0 0 0 0 0 0 0 0 0 0 0 0 0 0 0 0 0]
[1612534293363937398625613915235988897799353140884584249276507748487372036999808072577572327511517169472345212929595667086580302843763085773414511593826590879767813350297870291887270361683823265903070334183256212087976935253504265442703391128744861557990597967362312098664020226641330411192700489480892718743709 0 0 0 0 0 0 0 0 0 0 0 0 0 0 0 1 0 0 0 0 0 0 0 0 0 0 0 0 0 0 0 0 0 0 0 0 0 0 0 0 0 0 0 0 0 0 0 0 0 0 0 0 0 0 0 0 0 0 0 0 0 0 0 0 0 0 0 0 0 0 0 0 0 0 0 0 0 0 0 0 0 0 0 0 0 0 0 0 0 0 0 0 0 0 0 0 0 0 0 0 0 0]
[6382583587220083264324995843455117162372032070275822738637727509412868493126881562741674269342066899733558345822284920157330683725193672757936104921160832179263794322702361518363232950807000398361818539442143058044362593888108982924404807704449616657785896862226802216949047217843342843505106680891218818386076 0 0 0 0 0 0 0 0 0 0 0 0 0 0 0 0 1 0 0 0 0 0 0 0 0 0 0 0 0 0 0 0 0 0 0 0 0 0 0 0 0 0 0 0 0 0 0 0 0 0 0 0 0 0 0 0 0 0 0 0 0 0 0 0 0 0 0 0 0 0 0 0 0 0 0 0 0 0 0 0 0 0 0 0 0 0 0 0 0 0 0 0 0 0 0 0 0 0 0 0 0 0]
[766236719146822031924516692126325268991252660257409189997201535392827879511993288653516286120148131024219453766116272544004440507618995410753724709728715248642731529193102719749347856892353695216811840077421805635489178328556088167407586236558993288955237693562351648332404376729158835860706484937026514743792 0 0 0 0 0 0 0 0 0 0 0 0 0 0 0 0 0 1 0 0 0 0 0 0 0 0 0 0 0 0 0 0 0 0 0 0 0 0 0 0 0 0 0 0 0 0 0 0 0 0 0 0 0 0 0 0 0 0 0 0 0 0 0 0 0 0 0 0 0 0 0 0 0 0 0 0 0 0 0 0 0 0 0 0 0 0 0 0 0 0 0 0 0 0 0 0 0 0 0 0 0 0]
[1464730740293770072464835391000735958169072073359850290737099429240653500906138796242899594599240407822321797522416018488577940869041056618457037666067596180824417191574954596371057327886073257575946202132525157768015944476198867940171388422399699334338004099722166974562052576709251277990997866182485566617231 0 0 0 0 0 0 0 0 0 0 0 0 0 0 0 0 0 0 1 0 0 0 0 0 0 0 0 0 0 0 0 0 0 0 0 0 0 0 0 0 0 0 0 0 0 0 0 0 0 0 0 0 0 0 0 0 0 0 0 0 0 0 0 0 0 0 0 0 0 0 0 0 0 0 0 0 0 0 0 0 0 0 0 0 0 0 0 0 0 0 0 0 0 0 0 0 0 0 0 0 0 0]
[5710444379744678546945357292519518269484127666451199794018633652806007360101517310049749847263635761157780661650039969476274075341523471432000708864401762461208961384841468641241371903541091284314519878842954541770228206207277657210767588191174712301261318377578113609334164580057161414012332750276404334051481 0 0 0 0 0 0 0 0 0 0 0 0 0 0 0 0 0 0 0 1 0 0 0 0 0 0 0 0 0 0 0 0 0 0 0 0 0 0 0 0 0 0 0 0 0 0 0 0 0 0 0 0 0 0 0 0 0 0 0 0 0 0 0 0 0 0 0 0 0 0 0 0 0 0 0 0 0 0 0 0 0 0 0 0 0 0 0 0 0 0 0 0 0 0 0 0 0 0 0 0 0 0]
[7694672697686065277806596562069142771327239737867471927454936272502465583667075320893767739600819165980574564813655528333673328130434873147158902854535718745263441970891835600194855177986038028386316459066345345862910548368765290870283248987175313430513288689481418881383002923658180358925709691873760675745713 0 0 0 0 0 0 0 0 0 0 0 0 0 0 0 0 0 0 0 0 1 0 0 0 0 0 0 0 0 0 0 0 0 0 0 0 0 0 0 0 0 0 0 0 0 0 0 0 0 0 0 0 0 0 0 0 0 0 0 0 0 0 0 0 0 0 0 0 0 0 0 0 0 0 0 0 0 0 0 0 0 0 0 0 0 0 0 0 0 0 0 0 0 0 0 0 0 0 0 0 0 0]
[1888593823165543867424843271508542204469047702540612657518220558626569778633357918810912493572022114234340139173118532566976178904215193338360137960816566789301241886355544262445360000310656979258519902401162904315639520835738689810989958383314846559645646962119011623131992853770968649504176717999478656095571 0 0 0 0 0 0 0 0 0 0 0 0 0 0 0 0 0 0 0 0 0 1 0 0 0 0 0 0 0 0 0 0 0 0 0 0 0 0 0 0 0 0 0 0 0 0 0 0 0 0 0 0 0 0 0 0 0 0 0 0 0 0 0 0 0 0 0 0 0 0 0 0 0 0 0 0 0 0 0 0 0 0 0 0 0 0 0 0 0 0 0 0 0 0 0 0 0 0 0 0 0 0]
[740300949720307339008203945191727407580536902785622106815665308495699677670894384010024466184898853389252705561007533005684797863678442273067653872074694482424069110701905161583839889388456091948844517281561765998421453158875674136915110092985985095038543514124322674915564202207983813600288169937176258929780 0 0 0 0 0 0 0 0 0 0 0 0 0 0 0 0 0 0 0 0 0 0 1 0 0 0 0 0 0 0 0 0 0 0 0 0 0 0 0 0 0 0 0 0 0 0 0 0 0 0 0 0 0 0 0 0 0 0 0 0 0 0 0 0 0 0 0 0 0 0 0 0 0 0 0 0 0 0 0 0 0 0 0 0 0 0 0 0 0 0 0 0 0 0 0 0 0 0 0 0 0 0]
[337809883718328647260352362607800371361504686112716803326419053459061759066205422685887739652941460172242842309726334808155974297559002982078591459827731668655564153341332606141176678826322884491655896099244809819950174598397761693855666730655063500047168472570738880710341607049587431763910052765694112528407 0 0 0 0 0 0 0 0 0 0 0 0 0 0 0 0 0 0 0 0 0 0 0 1 0 0 0 0 0 0 0 0 0 0 0 0 0 0 0 0 0 0 0 0 0 0 0 0 0 0 0 0 0 0 0 0 0 0 0 0 0 0 0 0 0 0 0 0 0 0 0 0 0 0 0 0 0 0 0 0 0 0 0 0 0 0 0 0 0 0 0 0 0 0 0 0 0 0 0 0 0 0]
[869091599153766133699495288638033740327884407120728394247687625642425027157084357150058374559712135123012134333283458548836744348144805836008395815509188994160567134125155287419438213212394204304336046362309540718181797959343359144985221833966440412553244372964068269146415130586504100601508206469414657808802 0 0 0 0 0 0 0 0 0 0 0 0 0 0 0 0 0 0 0 0 0 0 0 0 1 0 0 0 0 0 0 0 0 0 0 0 0 0 0 0 0 0 0 0 0 0 0 0 0 0 0 0 0 0 0 0 0 0 0 0 0 0 0 0 0 0 0 0 0 0 0 0 0 0 0 0 0 0 0 0 0 0 0 0 0 0 0 0 0 0 0 0 0 0 0 0 0 0 0 0 0 0]
[8402421687899416248813906548614153094582779071963270141820204737222036162183927198792516955664209883450389988897007772764660862051103396110550376788720335744755608060782220765838162004152080683945377453244098606689678112821987452228110953605419607387562192714723005590120258726400175871881334259218265871800448 0 0 0 0 0 0 0 0 0 0 0 0 0 0 0 0 0 0 0 0 0 0 0 0 0 1 0 0 0 0 0 0 0 0 0 0 0 0 0 0 0 0 0 0 0 0 0 0 0 0 0 0 0 0 0 0 0 0 0 0 0 0 0 0 0 0 0 0 0 0 0 0 0 0 0 0 0 0 0 0 0 0 0 0 0 0 0 0 0 0 0 0 0 0 0 0 0 0 0 0 0 0]
[7309900104377570745032126911500571668768150770972577319153640098338850584315118058567681601992917041153068674230347037899345831003394446987353909425032104597777166934435074153743830527893499861226218815403878012221334251228126855933576286449216021410702807563093678420764975962571658258046971621759957959108772 0 0 0 0 0 0 0 0 0 0 0 0 0 0 0 0 0 0 0 0 0 0 0 0 0 0 1 0 0 0 0 0 0 0 0 0 0 0 0 0 0 0 0 0 0 0 0 0 0 0 0 0 0 0 0 0 0 0 0 0 0 0 0 0 0 0 0 0 0 0 0 0 0 0 0 0 0 0 0 0 0 0 0 0 0 0 0 0 0 0 0 0 0 0 0 0 0 0 0 0 0 0]
[3802345919196359917402889782915182780400773415870989747478584987031275842656749036746081180291635348253572160540261742174276686931648371737822420732519069494642685993852664371386270430145858116467513965716007910206192803450984382688899734201401007124697804449866659473500429528300340582882937563029243399399024 0 0 0 0 0 0 0 0 0 0 0 0 0 0 0 0 0 0 0 0 0 0 0 0 0 0 0 1 0 0 0 0 0 0 0 0 0 0 0 0 0 0 0 0 0 0 0 0 0 0 0 0 0 0 0 0 0 0 0 0 0 0 0 0 0 0 0 0 0 0 0 0 0 0 0 0 0 0 0 0 0 0 0 0 0 0 0 0 0 0 0 0 0 0 0 0 0 0 0 0 0 0]
[6818886690791748728117638212036714239193028082674649808582383667834092027958794896005015447045936842767503660213197399771760035665216014359668868529067373306846744756628797371159967096143022318828886754420136692712495870961433832335432255407076614805638784614656807720654976641181474738719928600153987141409441 0 0 0 0 0 0 0 0 0 0 0 0 0 0 0 0 0 0 0 0 0 0 0 0 0 0 0 0 1 0 0 0 0 0 0 0 0 0 0 0 0 0 0 0 0 0 0 0 0 0 0 0 0 0 0 0 0 0 0 0 0 0 0 0 0 0 0 0 0 0 0 0 0 0 0 0 0 0 0 0 0 0 0 0 0 0 0 0 0 0 0 0 0 0 0 0 0 0 0 0 0 0]
[36715673752543443033348876217397624167422388031353845664858042385906643257594401924885318939685877771023733683501827793245946773190715932313747348495548609315331497348683909965310688177686235829366075669802349241226927720928441725117663043012794373598370412959931662530318570741844788412854574820661395765209 0 0 0 0 0 0 0 0 0 0 0 0 0 0 0 0 0 0 0 0 0 0 0 0 0 0 0 0 0 1 0 0 0 0 0 0 0 0 0 0 0 0 0 0 0 0 0 0 0 0 0 0 0 0 0 0 0 0 0 0 0 0 0 0 0 0 0 0 0 0 0 0 0 0 0 0 0 0 0 0 0 0 0 0 0 0 0 0 0 0 0 0 0 0 0 0 0 0 0 0 0 0]
[3950798187081578150128212581886936576525412127042112196291967444741523926219168798163573636806826799972330433534273114955290794951505108862695365145052631792389730506741996473377638359348965226650125270308405546199391519667216425361114844655959475231658189374016329797014494289533635964242772183734194351209072 0 0 0 0 0 0 0 0 0 0 0 0 0 0 0 0 0 0 0 0 0 0 0 0 0 0 0 0 0 0 1 0 0 0 0 0 0 0 0 0 0 0 0 0 0 0 0 0 0 0 0 0 0 0 0 0 0 0 0 0 0 0 0 0 0 0 0 0 0 0 0 0 0 0 0 0 0 0 0 0 0 0 0 0 0 0 0 0 0 0 0 0 0 0 0 0 0 0 0 0 0 0]
[1101832898344429086571442943805793743293286998965030721324653929492155510215539792106813144357802611611036513150810159833659482197358857699767232263393312029498379446105758604521631491444053810254456476588438365639981235748838031504242150485945579508635558122619884861690384050387593782814568115300130077594401 0 0 0 0 0 0 0 0 0 0 0 0 0 0 0 0 0 0 0 0 0 0 0 0 0 0 0 0 0 0 0 1 0 0 0 0 0 0 0 0 0 0 0 0 0 0 0 0 0 0 0 0 0 0 0 0 0 0 0 0 0 0 0 0 0 0 0 0 0 0 0 0 0 0 0 0 0 0 0 0 0 0 0 0 0 0 0 0 0 0 0 0 0 0 0 0 0 0 0 0 0 0]
[5660412538383701322942958307274044254918880271711042306515713194295212662558420646829031808006445846155874637487063958844255180304987519326327947962021522176544123268250686825580449434807776198883068812632206438295156421850529170931362973534055467340439297262544749415907510672724125979719005468329898665843720 0 0 0 0 0 0 0 0 0 0 0 0 0 0 0 0 0 0 0 0 0 0 0 0 0 0 0 0 0 0 0 0 1 0 0 0 0 0 0 0 0 0 0 0 0 0 0 0 0 0 0 0 0 0 0 0 0 0 0 0 0 0 0 0 0 0 0 0 0 0 0 0 0 0 0 0 0 0 0 0 0 0 0 0 0 0 0 0 0 0 0 0 0 0 0 0 0 0 0 0 0 0]
[4261763362380146010846894781776127687475580111006389912023476112896904534599821222087996405057777495154739349679919220333467672869029624030635401165695503549826621605504667153973032853405260227418745939597087939707867926883753006124207724261673068398693522424715922496874420166996616253185219585875099290158501 0 0 0 0 0 0 0 0 0 0 0 0 0 0 0 0 0 0 0 0 0 0 0 0 0 0 0 0 0 0 0 0 0 1 0 0 0 0 0 0 0 0 0 0 0 0 0 0 0 0 0 0 0 0 0 0 0 0 0 0 0 0 0 0 0 0 0 0 0 0 0 0 0 0 0 0 0 0 0 0 0 0 0 0 0 0 0 0 0 0 0 0 0 0 0 0 0 0 0 0 0 0]
[9142989919677399452252466204424586092860613500278746359781858239981635273370471504565364652192117911495030742792055686355167347253426850767899497589311585137270606050703527150319895286546983666761148317535384985777694339144085562924710657845723861716588090889129618095563446188410023725502913040404013511999602 0 0 0 0 0 0 0 0 0 0 0 0 0 0 0 0 0 0 0 0 0 0 0 0 0 0 0 0 0 0 0 0 0 0 1 0 0 0 0 0 0 0 0 0 0 0 0 0 0 0 0 0 0 0 0 0 0 0 0 0 0 0 0 0 0 0 0 0 0 0 0 0 0 0 0 0 0 0 0 0 0 0 0 0 0 0 0 0 0 0 0 0 0 0 0 0 0 0 0 0 0 0]
[4492477221570713179045106248768804531270593239065376682717079141854369502801873303817665155132584150538703459173145258172051198801453407363335729407088194864858727058235422696376855966274854927801564038820807668426226533246870192052791237220090845371314211853488189637489820076230542278939128501025494976386539 0 0 0 0 0 0 0 0 0 0 0 0 0 0 0 0 0 0 0 0 0 0 0 0 0 0 0 0 0 0 0 0 0 0 0 1 0 0 0 0 0 0 0 0 0 0 0 0 0 0 0 0 0 0 0 0 0 0 0 0 0 0 0 0 0 0 0 0 0 0 0 0 0 0 0 0 0 0 0 0 0 0 0 0 0 0 0 0 0 0 0 0 0 0 0 0 0 0 0 0 0 0]
[8317749686065701373547168813914428574726256905886152211707524109328539646850619985630178998673401515873514040802863767290395107747383549391923951133860317903567860825372326313380207330751701928180579954137344777726084248460111872990806775192103070891542134682035054312046694876357549182730022517572106901457365 0 0 0 0 0 0 0 0 0 0 0 0 0 0 0 0 0 0 0 0 0 0 0 0 0 0 0 0 0 0 0 0 0 0 0 0 1 0 0 0 0 0 0 0 0 0 0 0 0 0 0 0 0 0 0 0 0 0 0 0 0 0 0 0 0 0 0 0 0 0 0 0 0 0 0 0 0 0 0 0 0 0 0 0 0 0 0 0 0 0 0 0 0 0 0 0 0 0 0 0 0 0]
[7609818998438690752087197619517594239354034407994132610478158719196387442363841568861514452302863721266070168229733771849206684891021979048005708019725738420027889509097656469776137059874470219284812763008324367117327982086510007847584252199727282218941016564414914724312214948666619068295283084867419907938645 0 0 0 0 0 0 0 0 0 0 0 0 0 0 0 0 0 0 0 0 0 0 0 0 0 0 0 0 0 0 0 0 0 0 0 0 0 1 0 0 0 0 0 0 0 0 0 0 0 0 0 0 0 0 0 0 0 0 0 0 0 0 0 0 0 0 0 0 0 0 0 0 0 0 0 0 0 0 0 0 0 0 0 0 0 0 0 0 0 0 0 0 0 0 0 0 0 0 0 0 0 0]
[2462183848302487496396683954568843477609187519125398640043480229933219127976359747099152515405855238733394577518676643102319534391143083871941911226872968732267731425101443869053481665934917869184906028242191647836466300198559823514189685826841848127837983724337846031934844992201922117233744097889953865880361 0 0 0 0 0 0 0 0 0 0 0 0 0 0 0 0 0 0 0 0 0 0 0 0 0 0 0 0 0 0 0 0 0 0 0 0 0 0 1 0 0 0 0 0 0 0 0 0 0 0 0 0 0 0 0 0 0 0 0 0 0 0 0 0 0 0 0 0 0 0 0 0 0 0 0 0 0 0 0 0 0 0 0 0 0 0 0 0 0 0 0 0 0 0 0 0 0 0 0 0 0 0]
[8368634164947673279294107615768693501725847190199532443031526748430658858229409247273572552138818910235187889513594613081583557009486819656276503107416373482679290666820425341869877974787971925664859891449827588880666215194824909424543950240472285472375549123538481645026785984626102276894944518872050840727279 0 0 0 0 0 0 0 0 0 0 0 0 0 0 0 0 0 0 0 0 0 0 0 0 0 0 0 0 0 0 0 0 0 0 0 0 0 0 0 1 0 0 0 0 0 0 0 0 0 0 0 0 0 0 0 0 0 0 0 0 0 0 0 0 0 0 0 0 0 0 0 0 0 0 0 0 0 0 0 0 0 0 0 0 0 0 0 0 0 0 0 0 0 0 0 0 0 0 0 0 0 0]
[9737345552726537309067943824012094844626958877374495928609545097396278754143092553554555338015485133816636733603600876580335901569508491704989792771269370689926155121591993745076720210283002633307715724952199612302275400831310688034130020074288560733662864150066363698969094045532625130622345348233522968051199 0 0 0 0 0 0 0 0 0 0 0 0 0 0 0 0 0 0 0 0 0 0 0 0 0 0 0 0 0 0 0 0 0 0 0 0 0 0 0 0 1 0 0 0 0 0 0 0 0 0 0 0 0 0 0 0 0 0 0 0 0 0 0 0 0 0 0 0 0 0 0 0 0 0 0 0 0 0 0 0 0 0 0 0 0 0 0 0 0 0 0 0 0 0 0 0 0 0 0 0 0 0]
[1668287937630646264415003574440688483861647779488218070050647567349513481710596221423585214619690499817103859790220122195333338331993461761561665583036474884402707726153803804447194302399852843755530260474187582854601780285160667891092452904031390930388413459847392561113080647823164949979748054117922032080167 0 0 0 0 0 0 0 0 0 0 0 0 0 0 0 0 0 0 0 0 0 0 0 0 0 0 0 0 0 0 0 0 0 0 0 0 0 0 0 0 0 1 0 0 0 0 0 0 0 0 0 0 0 0 0 0 0 0 0 0 0 0 0 0 0 0 0 0 0 0 0 0 0 0 0 0 0 0 0 0 0 0 0 0 0 0 0 0 0 0 0 0 0 0 0 0 0 0 0 0 0 0]
[6203874591597021123417544601451995750334628996798266709603329296354952480371439087409493971692029510929054434242548775937819561909670878790983958637029908184106235647033503220758040932244567147965107509045861391556124282060784690735837814304225043127803653412739823103420357380304749546020966455508348868564692 0 0 0 0 0 0 0 0 0 0 0 0 0 0 0 0 0 0 0 0 0 0 0 0 0 0 0 0 0 0 0 0 0 0 0 0 0 0 0 0 0 0 1 0 0 0 0 0 0 0 0 0 0 0 0 0 0 0 0 0 0 0 0 0 0 0 0 0 0 0 0 0 0 0 0 0 0 0 0 0 0 0 0 0 0 0 0 0 0 0 0 0 0 0 0 0 0 0 0 0 0 0]
[1890603088139526130507312082297114723838385547516847575047576224147815974156295813365460850199324770245742223312201509159981138949701801847603970576683998050923343996612532623293167835326236703763909425520363535904805006577940752581584616618289994688624692945689948886443591924279511472880796624203814214352415 0 0 0 0 0 0 0 0 0 0 0 0 0 0 0 0 0 0 0 0 0 0 0 0 0 0 0 0 0 0 0 0 0 0 0 0 0 0 0 0 0 0 0 1 0 0 0 0 0 0 0 0 0 0 0 0 0 0 0 0 0 0 0 0 0 0 0 0 0 0 0 0 0 0 0 0 0 0 0 0 0 0 0 0 0 0 0 0 0 0 0 0 0 0 0 0 0 0 0 0 0 0]
[955773076519912749555837921086393135974161192270338382584055928842070441530024630992595914364384975668590855278675456394231325087144096827586017697187139280271755608819736046867262934473523766732441828335832697777149469160428185839521947256816312647504508524658717349311942327209201983381061925112206830672889 0 0 0 0 0 0 0 0 0 0 0 0 0 0 0 0 0 0 0 0 0 0 0 0 0 0 0 0 0 0 0 0 0 0 0 0 0 0 0 0 0 0 0 0 1 0 0 0 0 0 0 0 0 0 0 0 0 0 0 0 0 0 0 0 0 0 0 0 0 0 0 0 0 0 0 0 0 0 0 0 0 0 0 0 0 0 0 0 0 0 0 0 0 0 0 0 0 0 0 0 0 0]
[7866481690487807900695223230905655537996163184810904598646582653545457510629805354973832045047661597747014128376425433254377048777502603314753302689432283585877756653393397583537397060420979098537063890716804918493632530680465162127576094499654136924138476969140424625168498365745181386763618610564806223892998 0 0 0 0 0 0 0 0 0 0 0 0 0 0 0 0 0 0 0 0 0 0 0 0 0 0 0 0 0 0 0 0 0 0 0 0 0 0 0 0 0 0 0 0 0 1 0 0 0 0 0 0 0 0 0 0 0 0 0 0 0 0 0 0 0 0 0 0 0 0 0 0 0 0 0 0 0 0 0 0 0 0 0 0 0 0 0 0 0 0 0 0 0 0 0 0 0 0 0 0 0 0]
[2060006575862561074390077951185328844123721055254923439934326328864256727191075841743930861307131585785786050254227376550905392909997807889845526906648298217424067403825555070969572276878673076144687490439560126182910781420274332975632046766463902926908866686402022103046249738838420800316723370332394476475985 0 0 0 0 0 0 0 0 0 0 0 0 0 0 0 0 0 0 0 0 0 0 0 0 0 0 0 0 0 0 0 0 0 0 0 0 0 0 0 0 0 0 0 0 0 0 1 0 0 0 0 0 0 0 0 0 0 0 0 0 0 0 0 0 0 0 0 0 0 0 0 0 0 0 0 0 0 0 0 0 0 0 0 0 0 0 0 0 0 0 0 0 0 0 0 0 0 0 0 0 0 0]
[8499668309469943885161376694860944122992838738806640372639463597411483296402256867885472296999990255194371193104293662177043998470647264397534546465430430391653266052194238342355215724890902991157513752514240632092537878183981801893139216765012245837741989601833242363334645460659480910115942474240750988891252 0 0 0 0 0 0 0 0 0 0 0 0 0 0 0 0 0 0 0 0 0 0 0 0 0 0 0 0 0 0 0 0 0 0 0 0 0 0 0 0 0 0 0 0 0 0 0 1 0 0 0 0 0 0 0 0 0 0 0 0 0 0 0 0 0 0 0 0 0 0 0 0 0 0 0 0 0 0 0 0 0 0 0 0 0 0 0 0 0 0 0 0 0 0 0 0 0 0 0 0 0 0]
[7323628612437365374555871832985958088301962994183146878547155239158231367497140847874991455680973777375170724447070363937338723387492933242563494474909374012766705686274558525279783248932343682695725589184603284516090898513874704234071240655012470386506461964599084857932530448479897017032276889367010522065297 0 0 0 0 0 0 0 0 0 0 0 0 0 0 0 0 0 0 0 0 0 0 0 0 0 0 0 0 0 0 0 0 0 0 0 0 0 0 0 0 0 0 0 0 0 0 0 0 1 0 0 0 0 0 0 0 0 0 0 0 0 0 0 0 0 0 0 0 0 0 0 0 0 0 0 0 0 0 0 0 0 0 0 0 0 0 0 0 0 0 0 0 0 0 0 0 0 0 0 0 0 0]
[4705913460211308972211186812094062575297202144305850429460223183713650613516447494670646332674358822794356903575603933535946513805406055163860505988509379051626298518713302386309619379515416230422953977290714491798979359164670021246988258487344116013681672422201454854531894575802418804712057080239134919139680 0 0 0 0 0 0 0 0 0 0 0 0 0 0 0 0 0 0 0 0 0 0 0 0 0 0 0 0 0 0 0 0 0 0 0 0 0 0 0 0 0 0 0 0 0 0 0 0 0 1 0 0 0 0 0 0 0 0 0 0 0 0 0 0 0 0 0 0 0 0 0 0 0 0 0 0 0 0 0 0 0 0 0 0 0 0 0 0 0 0 0 0 0 0 0 0 0 0 0 0 0 0]
[3019399590456491106448160667499442863192136974237726277721591296355177764659017633504771451470894171244388502730718539472780348777212831475268330276365565671868108257640070105766557696658668242368216089265827353050623497306261885273313644197198409721811530990451927338875303823012401436722342798939719903022148 0 0 0 0 0 0 0 0 0 0 0 0 0 0 0 0 0 0 0 0 0 0 0 0 0 0 0 0 0 0 0 0 0 0 0 0 0 0 0 0 0 0 0 0 0 0 0 0 0 0 1 0 0 0 0 0 0 0 0 0 0 0 0 0 0 0 0 0 0 0 0 0 0 0 0 0 0 0 0 0 0 0 0 0 0 0 0 0 0 0 0 0 0 0 0 0 0 0 0 0 0 0]
[8330441144653989065714329580238504894270325230372104177625919238481763967490454776370710473520537303942782734547005306878791555132508069199761989577669436464055028016733121875069601034805987579419381848023471730385193563102100199294301028024365989145202032474035032433740392381554877030110011978930199385416809 0 0 0 0 0 0 0 0 0 0 0 0 0 0 0 0 0 0 0 0 0 0 0 0 0 0 0 0 0 0 0 0 0 0 0 0 0 0 0 0 0 0 0 0 0 0 0 0 0 0 0 1 0 0 0 0 0 0 0 0 0 0 0 0 0 0 0 0 0 0 0 0 0 0 0 0 0 0 0 0 0 0 0 0 0 0 0 0 0 0 0 0 0 0 0 0 0 0 0 0 0 0]
[8520614674153734420045297895586355023888796093150708720095935131981926449062055158546930287771234475540240978822424302354764019484194501310178585677835308265138397088128847686003964435646777941857589082848532958883375632990746775454142145925521953998537647905567833204632315554497962381422979557504677187816880 0 0 0 0 0 0 0 0 0 0 0 0 0 0 0 0 0 0 0 0 0 0 0 0 0 0 0 0 0 0 0 0 0 0 0 0 0 0 0 0 0 0 0 0 0 0 0 0 0 0 0 0 1 0 0 0 0 0 0 0 0 0 0 0 0 0 0 0 0 0 0 0 0 0 0 0 0 0 0 0 0 0 0 0 0 0 0 0 0 0 0 0 0 0 0 0 0 0 0 0 0 0]
[6774847649399891847166175669827543039507406912290485173264935630770537687330926583746346722526299793974593402982078173934120277969564176618135678712336804440248066250414222477845744862552968636835004429308448713962131749804882840341693983204727824415345689027938019679153717508991173191359250222729874121882039 0 0 0 0 0 0 0 0 0 0 0 0 0 0 0 0 0 0 0 0 0 0 0 0 0 0 0 0 0 0 0 0 0 0 0 0 0 0 0 0 0 0 0 0 0 0 0 0 0 0 0 0 0 1 0 0 0 0 0 0 0 0 0 0 0 0 0 0 0 0 0 0 0 0 0 0 0 0 0 0 0 0 0 0 0 0 0 0 0 0 0 0 0 0 0 0 0 0 0 0 0 0]
[2873864884491425332247658878979404888005907555376513810967797749788879927674809892212507094292810427064847221796342199231771484332219017897674817854292820964302901183908136244091350960149428168662422902311007761197550559053933677717628169066179120145285952765386928018039216526921791374908001550812553277159476 0 0 0 0 0 0 0 0 0 0 0 0 0 0 0 0 0 0 0 0 0 0 0 0 0 0 0 0 0 0 0 0 0 0 0 0 0 0 0 0 0 0 0 0 0 0 0 0 0 0 0 0 0 0 1 0 0 0 0 0 0 0 0 0 0 0 0 0 0 0 0 0 0 0 0 0 0 0 0 0 0 0 0 0 0 0 0 0 0 0 0 0 0 0 0 0 0 0 0 0 0 0]
[3730220898070422711641725650799145925887585626586498262531615555684733179133451613960668220122450710775698524610057571963680800086207250301429977225554848462812580466670869647112270463431007182462929774546363808466977079502778809834948101442778232950030821236389399581489893562852516669520113506834141297546544 0 0 0 0 0 0 0 0 0 0 0 0 0 0 0 0 0 0 0 0 0 0 0 0 0 0 0 0 0 0 0 0 0 0 0 0 0 0 0 0 0 0 0 0 0 0 0 0 0 0 0 0 0 0 0 1 0 0 0 0 0 0 0 0 0 0 0 0 0 0 0 0 0 0 0 0 0 0 0 0 0 0 0 0 0 0 0 0 0 0 0 0 0 0 0 0 0 0 0 0 0 0]
[1279902094075470406661953548060627056996128047007306354515572457776481561649908114534222701518277184222244424508195113124880642356593845343669751380082725524639571670264070727317598775822994899720869149697091103205945171099182069486381577071115667835752870796655498290018492214366241556971022750014551312846568 0 0 0 0 0 0 0 0 0 0 0 0 0 0 0 0 0 0 0 0 0 0 0 0 0 0 0 0 0 0 0 0 0 0 0 0 0 0 0 0 0 0 0 0 0 0 0 0 0 0 0 0 0 0 0 0 1 0 0 0 0 0 0 0 0 0 0 0 0 0 0 0 0 0 0 0 0 0 0 0 0 0 0 0 0 0 0 0 0 0 0 0 0 0 0 0 0 0 0 0 0 0]
[7555526226739090853905751475682967565376265057015474697043985773488239033226704778818503781243085350486310043948267189778415444341243895053630943566516463834580791420645916833597737114465532280484517388202895926728484402297067793307858456391365879366492139974925333973184460464916166589843874973791933252630325 0 0 0 0 0 0 0 0 0 0 0 0 0 0 0 0 0 0 0 0 0 0 0 0 0 0 0 0 0 0 0 0 0 0 0 0 0 0 0 0 0 0 0 0 0 0 0 0 0 0 0 0 0 0 0 0 0 1 0 0 0 0 0 0 0 0 0 0 0 0 0 0 0 0 0 0 0 0 0 0 0 0 0 0 0 0 0 0 0 0 0 0 0 0 0 0 0 0 0 0 0 0]
[1204402141474474010471011606608284020002211763770719276872493527512937311225016620072392394238172879155606975427304282579542361626426341250818257315917857462307383525046129890841998497582985384231963694734864451427088247632732079269416987694280441023040560238347365026300864295120999291755982278203279111447803 0 0 0 0 0 0 0 0 0 0 0 0 0 0 0 0 0 0 0 0 0 0 0 0 0 0 0 0 0 0 0 0 0 0 0 0 0 0 0 0 0 0 0 0 0 0 0 0 0 0 0 0 0 0 0 0 0 0 1 0 0 0 0 0 0 0 0 0 0 0 0 0 0 0 0 0 0 0 0 0 0 0 0 0 0 0 0 0 0 0 0 0 0 0 0 0 0 0 0 0 0 0]
[4811767965833067009030201859651834149151058405187852992113284560753087595522299933798866449064351865054458555236626480151271741582358042708978066626461048588935341397674050320406406768326736227229579606707334780184731163400043042932459364191399289541470505672919031834962457886084038109055750885989018038896623 0 0 0 0 0 0 0 0 0 0 0 0 0 0 0 0 0 0 0 0 0 0 0 0 0 0 0 0 0 0 0 0 0 0 0 0 0 0 0 0 0 0 0 0 0 0 0 0 0 0 0 0 0 0 0 0 0 0 0 1 0 0 0 0 0 0 0 0 0 0 0 0 0 0 0 0 0 0 0 0 0 0 0 0 0 0 0 0 0 0 0 0 0 0 0 0 0 0 0 0 0 0]
[2849164758858729870140979764898823999305609937359284199129999153175767495414381140046650435936666236545462959575623587968171266318585072648789062959079775664734734461878935076715702896022206596278097675345040267614149883915281062047528851963674668297437957623135208018922874846372877612473886045901490465964707 0 0 0 0 0 0 0 0 0 0 0 0 0 0 0 0 0 0 0 0 0 0 0 0 0 0 0 0 0 0 0 0 0 0 0 0 0 0 0 0 0 0 0 0 0 0 0 0 0 0 0 0 0 0 0 0 0 0 0 0 1 0 0 0 0 0 0 0 0 0 0 0 0 0 0 0 0 0 0 0 0 0 0 0 0 0 0 0 0 0 0 0 0 0 0 0 0 0 0 0 0 0]
[109610105390637046621600718278906573663861027198353410351939116819029833711820784479406052924446399381973266527185522067237774789623441248524772702213048949442712852884356878631482147476679116947916475794149658590062716522826420311483377968193266301395514400125602883480254541561520237994380309760897733505324 0 0 0 0 0 0 0 0 0 0 0 0 0 0 0 0 0 0 0 0 0 0 0 0 0 0 0 0 0 0 0 0 0 0 0 0 0 0 0 0 0 0 0 0 0 0 0 0 0 0 0 0 0 0 0 0 0 0 0 0 0 1 0 0 0 0 0 0 0 0 0 0 0 0 0 0 0 0 0 0 0 0 0 0 0 0 0 0 0 0 0 0 0 0 0 0 0 0 0 0 0 0]
[4125020497708162944219969961484920935298835540152845066808698359656128867434896442922153991302600330945680576614125415422377092711887095737555121724255343492659095297215145429175515456840868358422393634651656960671883833273003228070016756305623235456304208487484343897835709879213641631276969552516836876597078 0 0 0 0 0 0 0 0 0 0 0 0 0 0 0 0 0 0 0 0 0 0 0 0 0 0 0 0 0 0 0 0 0 0 0 0 0 0 0 0 0 0 0 0 0 0 0 0 0 0 0 0 0 0 0 0 0 0 0 0 0 0 1 0 0 0 0 0 0 0 0 0 0 0 0 0 0 0 0 0 0 0 0 0 0 0 0 0 0 0 0 0 0 0 0 0 0 0 0 0 0 0]
[5298959749835303247491196986118181864209638833860551546412808634959730290489516567496251655036520946052230978124793655926076273468850600918342855690713397332483179466666890295180119742531031283114634426167795550141352405907361329137578744169034743427078616569860339683256422843669441786824057936620101997302263 0 0 0 0 0 0 0 0 0 0 0 0 0 0 0 0 0 0 0 0 0 0 0 0 0 0 0 0 0 0 0 0 0 0 0 0 0 0 0 0 0 0 0 0 0 0 0 0 0 0 0 0 0 0 0 0 0 0 0 0 0 0 0 1 0 0 0 0 0 0 0 0 0 0 0 0 0 0 0 0 0 0 0 0 0 0 0 0 0 0 0 0 0 0 0 0 0 0 0 0 0 0]
[133068104017412760362663936116550587234263040561087835846313576513720378483397823829469021512674047403225411081819180960998356272996890887418900430157847559937595676406656065463416279258038187805577171313274994481292931823725758787277269007094133692017143880585913967891708889209146331824414477447716484300357 0 0 0 0 0 0 0 0 0 0 0 0 0 0 0 0 0 0 0 0 0 0 0 0 0 0 0 0 0 0 0 0 0 0 0 0 0 0 0 0 0 0 0 0 0 0 0 0 0 0 0 0 0 0 0 0 0 0 0 0 0 0 0 0 1 0 0 0 0 0 0 0 0 0 0 0 0 0 0 0 0 0 0 0 0 0 0 0 0 0 0 0 0 0 0 0 0 0 0 0 0 0]
[2193762173300871324477798567702573398188773584549710392243363079069863532256266158453181078113518880328437113165840533675498600917325234057507555063403898095996035585011239446667720767485175838184233443157121629830749944072012536472796328007770843817302818738864976443079417978036396988860255124293915615770882 0 0 0 0 0 0 0 0 0 0 0 0 0 0 0 0 0 0 0 0 0 0 0 0 0 0 0 0 0 0 0 0 0 0 0 0 0 0 0 0 0 0 0 0 0 0 0 0 0 0 0 0 0 0 0 0 0 0 0 0 0 0 0 0 0 1 0 0 0 0 0 0 0 0 0 0 0 0 0 0 0 0 0 0 0 0 0 0 0 0 0 0 0 0 0 0 0 0 0 0 0 0]
[2479634695310567513248730645762325845959113381263937337494310918358963900403133955367856366518646000460044957243345071262388913418804109706608249634462653730681908245192232352907124194937798109329891701711789074637599817112573846436066544202274871889194820628337933232492585489333537754495606220151856342941649 0 0 0 0 0 0 0 0 0 0 0 0 0 0 0 0 0 0 0 0 0 0 0 0 0 0 0 0 0 0 0 0 0 0 0 0 0 0 0 0 0 0 0 0 0 0 0 0 0 0 0 0 0 0 0 0 0 0 0 0 0 0 0 0 0 0 1 0 0 0 0 0 0 0 0 0 0 0 0 0 0 0 0 0 0 0 0 0 0 0 0 0 0 0 0 0 0 0 0 0 0 0]
[6666362309985911129626687239634035213415481597893126222406993193161337328846396789919029715947291174533477817626323151290389035052378328600456157893546394134269422731408280740312369282705598948107319338628724503775960838552924495211836674317245532674981259327280574472562981694926150650650293074023790611217611 0 0 0 0 0 0 0 0 0 0 0 0 0 0 0 0 0 0 0 0 0 0 0 0 0 0 0 0 0 0 0 0 0 0 0 0 0 0 0 0 0 0 0 0 0 0 0 0 0 0 0 0 0 0 0 0 0 0 0 0 0 0 0 0 0 0 0 1 0 0 0 0 0 0 0 0 0 0 0 0 0 0 0 0 0 0 0 0 0 0 0 0 0 0 0 0 0 0 0 0 0 0]
[9366731461159065175585991661145922216285689718389003646302284244426011492613374448998215434250651277370617752460777552867561046553759297717116028547136665485349582419214835990720598995639393717041883270649149147480479700177237745896275750569141939870397423448265979078843924774744633770874978729917406030141531 0 0 0 0 0 0 0 0 0 0 0 0 0 0 0 0 0 0 0 0 0 0 0 0 0 0 0 0 0 0 0 0 0 0 0 0 0 0 0 0 0 0 0 0 0 0 0 0 0 0 0 0 0 0 0 0 0 0 0 0 0 0 0 0 0 0 0 0 1 0 0 0 0 0 0 0 0 0 0 0 0 0 0 0 0 0 0 0 0 0 0 0 0 0 0 0 0 0 0 0 0 0]
[6193826574612309044419123681562161088680239629473187512563486007306484218949006499166101411760421085307478030201850724855228281478571215852966994834898048100498394013968399075203295919051947318916277826227243743762935998686645093657152390937592112400696383719506560383385317107673535864966505326965264794283653 0 0 0 0 0 0 0 0 0 0 0 0 0 0 0 0 0 0 0 0 0 0 0 0 0 0 0 0 0 0 0 0 0 0 0 0 0 0 0 0 0 0 0 0 0 0 0 0 0 0 0 0 0 0 0 0 0 0 0 0 0 0 0 0 0 0 0 0 0 1 0 0 0 0 0 0 0 0 0 0 0 0 0 0 0 0 0 0 0 0 0 0 0 0 0 0 0 0 0 0 0 0]
[4411369977938935835799011714680829333850391141574923430544580131005501357437443101700949513916007717760546990787175329061342385969282551869202245201066099747609911369207635364102842612782988404937655533388537722225502689017695165177230289121239463540787308178749513584112109769975534397024234180500329549129442 0 0 0 0 0 0 0 0 0 0 0 0 0 0 0 0 0 0 0 0 0 0 0 0 0 0 0 0 0 0 0 0 0 0 0 0 0 0 0 0 0 0 0 0 0 0 0 0 0 0 0 0 0 0 0 0 0 0 0 0 0 0 0 0 0 0 0 0 0 0 1 0 0 0 0 0 0 0 0 0 0 0 0 0 0 0 0 0 0 0 0 0 0 0 0 0 0 0 0 0 0 0]
[1075318939382145476247449326612816085445866475243867546229460716844395304720367458411321429174492800524211313712085709636088843801549246707674251125921624930696099719690141253490156553248899698675346095101015009349998568514875076592549562465292601746446516672219015675952697208571559520094259975467286617318084 0 0 0 0 0 0 0 0 0 0 0 0 0 0 0 0 0 0 0 0 0 0 0 0 0 0 0 0 0 0 0 0 0 0 0 0 0 0 0 0 0 0 0 0 0 0 0 0 0 0 0 0 0 0 0 0 0 0 0 0 0 0 0 0 0 0 0 0 0 0 0 1 0 0 0 0 0 0 0 0 0 0 0 0 0 0 0 0 0 0 0 0 0 0 0 0 0 0 0 0 0 0]
[1981363383900286217005950639598399954819387420521646867204872240432183919402838046394243309162926112307085263694993708754621832384331865001094413617369820666339269650622521160169613114681350864460404115603510022802833044291337795315548953500043453625102366411053278872270526451681070534722424105853019166307137 0 0 0 0 0 0 0 0 0 0 0 0 0 0 0 0 0 0 0 0 0 0 0 0 0 0 0 0 0 0 0 0 0 0 0 0 0 0 0 0 0 0 0 0 0 0 0 0 0 0 0 0 0 0 0 0 0 0 0 0 0 0 0 0 0 0 0 0 0 0 0 0 1 0 0 0 0 0 0 0 0 0 0 0 0 0 0 0 0 0 0 0 0 0 0 0 0 0 0 0 0 0]
[5529000256111621213728971894998001362240236770622874782735150295730166679526707748099371994144297744919440348908299011708582751219142284066581961102187612150778787101323530726706456039472324598773064828718729728377216430567847065983438201864508927175435345452438737592836214965568048357238751424365490313398297 0 0 0 0 0 0 0 0 0 0 0 0 0 0 0 0 0 0 0 0 0 0 0 0 0 0 0 0 0 0 0 0 0 0 0 0 0 0 0 0 0 0 0 0 0 0 0 0 0 0 0 0 0 0 0 0 0 0 0 0 0 0 0 0 0 0 0 0 0 0 0 0 0 1 0 0 0 0 0 0 0 0 0 0 0 0 0 0 0 0 0 0 0 0 0 0 0 0 0 0 0 0]
[8600068050002572355074306849820595639179466841463130885843898726477457520117206489527243896376324318963692628225491136249491954732301275793372352729354966479373173400479778780493211831533595333257921484125591429913471417203416577812432184965565433363302008653220771925590777231381191098801300900445089137731972 0 0 0 0 0 0 0 0 0 0 0 0 0 0 0 0 0 0 0 0 0 0 0 0 0 0 0 0 0 0 0 0 0 0 0 0 0 0 0 0 0 0 0 0 0 0 0 0 0 0 0 0 0 0 0 0 0 0 0 0 0 0 0 0 0 0 0 0 0 0 0 0 0 0 1 0 0 0 0 0 0 0 0 0 0 0 0 0 0 0 0 0 0 0 0 0 0 0 0 0 0 0]
[333688852183891370724478877944213041694306836481441247651966175113518164256969778744998373674845423827646288701670699444492093406029421920262649304794720865037735760111395717023727079223879403681724445577384572712996533202216431217683865433105688154307284751776947390234487476213491090148396094488212149116503 0 0 0 0 0 0 0 0 0 0 0 0 0 0 0 0 0 0 0 0 0 0 0 0 0 0 0 0 0 0 0 0 0 0 0 0 0 0 0 0 0 0 0 0 0 0 0 0 0 0 0 0 0 0 0 0 0 0 0 0 0 0 0 0 0 0 0 0 0 0 0 0 0 0 0 1 0 0 0 0 0 0 0 0 0 0 0 0 0 0 0 0 0 0 0 0 0 0 0 0 0 0]
[3968458801591831078486855057797356538632269795375359550498007209190075599472674505209927611303903459092340183512439526924077386181979328474783013750492138329721291691259873175372238661858125850594500115473516743105680971510605311336970172918578648053739522211711422502063013256878158386757262211322329696883722 0 0 0 0 0 0 0 0 0 0 0 0 0 0 0 0 0 0 0 0 0 0 0 0 0 0 0 0 0 0 0 0 0 0 0 0 0 0 0 0 0 0 0 0 0 0 0 0 0 0 0 0 0 0 0 0 0 0 0 0 0 0 0 0 0 0 0 0 0 0 0 0 0 0 0 0 1 0 0 0 0 0 0 0 0 0 0 0 0 0 0 0 0 0 0 0 0 0 0 0 0 0]
[2781222332847617059097073820527897042110390920781520296832057356421763437149893249538668770588825490830211617251014860199609655467485131342102908896117704180552391085733908208067658146531555856798973699327522488017551907688458417240976205308094772772740061654648065173584896826124426266408549490937734027133793 0 0 0 0 0 0 0 0 0 0 0 0 0 0 0 0 0 0 0 0 0 0 0 0 0 0 0 0 0 0 0 0 0 0 0 0 0 0 0 0 0 0 0 0 0 0 0 0 0 0 0 0 0 0 0 0 0 0 0 0 0 0 0 0 0 0 0 0 0 0 0 0 0 0 0 0 0 1 0 0 0 0 0 0 0 0 0 0 0 0 0 0 0 0 0 0 0 0 0 0 0 0]
[5123468322276306826702423626088076984226589428389829217557479716357445100706360175203065208439619582175213299781561128739722746240204059438804086822130004322595365447667359768372284404148766610000105468880266761134536803785885067445496850723495327658243950438792764101329172307819463502294484876378091100851092 0 0 0 0 0 0 0 0 0 0 0 0 0 0 0 0 0 0 0 0 0 0 0 0 0 0 0 0 0 0 0 0 0 0 0 0 0 0 0 0 0 0 0 0 0 0 0 0 0 0 0 0 0 0 0 0 0 0 0 0 0 0 0 0 0 0 0 0 0 0 0 0 0 0 0 0 0 0 1 0 0 0 0 0 0 0 0 0 0 0 0 0 0 0 0 0 0 0 0 0 0 0]
[8857816025167986291652060091549380253876057210778976156872598494055959194230268033706766527512690408092216414945879176777093992079769684226661612384067145473908852322646450161137613008361160801220462138801434259683585101972478747741248896681804142698219883686801220241686292770334482619778835939684966741361229 0 0 0 0 0 0 0 0 0 0 0 0 0 0 0 0 0 0 0 0 0 0 0 0 0 0 0 0 0 0 0 0 0 0 0 0 0 0 0 0 0 0 0 0 0 0 0 0 0 0 0 0 0 0 0 0 0 0 0 0 0 0 0 0 0 0 0 0 0 0 0 0 0 0 0 0 0 0 0 1 0 0 0 0 0 0 0 0 0 0 0 0 0 0 0 0 0 0 0 0 0 0]
[8415419939877158273354847005170152690089537010517288607102130766327358966459699079026255833768598719236738044323008334668694272853249230439530608361170475869095317294980986721334888910973901793226032309180563142561395851793551639959985671166234151414157162832457033980258872748954276356605445310491552125694499 0 0 0 0 0 0 0 0 0 0 0 0 0 0 0 0 0 0 0 0 0 0 0 0 0 0 0 0 0 0 0 0 0 0 0 0 0 0 0 0 0 0 0 0 0 0 0 0 0 0 0 0 0 0 0 0 0 0 0 0 0 0 0 0 0 0 0 0 0 0 0 0 0 0 0 0 0 0 0 0 1 0 0 0 0 0 0 0 0 0 0 0 0 0 0 0 0 0 0 0 0 0]
[1927975742867109909868438497115134686247537979950972120410915678065615537779933776208346379212646272699690672981842096701791007189873189054672449423686218186756780552938364850817252591308776626795121738812411006500371012706782245654780722961699900610870346299482750966997343035615160843114296701455507112418951 0 0 0 0 0 0 0 0 0 0 0 0 0 0 0 0 0 0 0 0 0 0 0 0 0 0 0 0 0 0 0 0 0 0 0 0 0 0 0 0 0 0 0 0 0 0 0 0 0 0 0 0 0 0 0 0 0 0 0 0 0 0 0 0 0 0 0 0 0 0 0 0 0 0 0 0 0 0 0 0 0 1 0 0 0 0 0 0 0 0 0 0 0 0 0 0 0 0 0 0 0 0]
[8253425481356535105304506003009836233664735714417202159472893061947978577014676193044686947607422848574028040898974075119037443590247537129653703679434178963815503367479721597473405263335804334951637340509296928938979612475789077129762145619854390210668629080115996545144342421649761324971372243688594920457299 0 0 0 0 0 0 0 0 0 0 0 0 0 0 0 0 0 0 0 0 0 0 0 0 0 0 0 0 0 0 0 0 0 0 0 0 0 0 0 0 0 0 0 0 0 0 0 0 0 0 0 0 0 0 0 0 0 0 0 0 0 0 0 0 0 0 0 0 0 0 0 0 0 0 0 0 0 0 0 0 0 0 1 0 0 0 0 0 0 0 0 0 0 0 0 0 0 0 0 0 0 0]
[2432146801781986263471186028761157207051264653933955554310902133159658181824268220744701344493292945382536404963632061025892133607427271154666492816336031151505005881733598892841638249747812597657701005676189655349565410889369391450699656463872530103822804752151844441038320891981035631453236847678905942673042 0 0 0 0 0 0 0 0 0 0 0 0 0 0 0 0 0 0 0 0 0 0 0 0 0 0 0 0 0 0 0 0 0 0 0 0 0 0 0 0 0 0 0 0 0 0 0 0 0 0 0 0 0 0 0 0 0 0 0 0 0 0 0 0 0 0 0 0 0 0 0 0 0 0 0 0 0 0 0 0 0 0 0 1 0 0 0 0 0 0 0 0 0 0 0 0 0 0 0 0 0 0]
[5927303003517791582278240348354333851880382384375716746700675518641008768860387367946386357183730970840328661669428626249513239632176709060977799551641683659496251863205804947785048908147023544566602468712159591754832757680947689666899226654540708598496819155791923081321906871255945002508375520574886284006928 0 0 0 0 0 0 0 0 0 0 0 0 0 0 0 0 0 0 0 0 0 0 0 0 0 0 0 0 0 0 0 0 0 0 0 0 0 0 0 0 0 0 0 0 0 0 0 0 0 0 0 0 0 0 0 0 0 0 0 0 0 0 0 0 0 0 0 0 0 0 0 0 0 0 0 0 0 0 0 0 0 0 0 0 1 0 0 0 0 0 0 0 0 0 0 0 0 0 0 0 0 0]
[2386445642305584944748482422597496148629453930167387582580925767434995741100980177240346897114113046235946669989919045797432143599843434871493304931406156395782148476279450829959484710524593559859656268450552071999388917479859050923819689981957273058261175441248743447777666168340721424328821575285650263713218 0 0 0 0 0 0 0 0 0 0 0 0 0 0 0 0 0 0 0 0 0 0 0 0 0 0 0 0 0 0 0 0 0 0 0 0 0 0 0 0 0 0 0 0 0 0 0 0 0 0 0 0 0 0 0 0 0 0 0 0 0 0 0 0 0 0 0 0 0 0 0 0 0 0 0 0 0 0 0 0 0 0 0 0 0 1 0 0 0 0 0 0 0 0 0 0 0 0 0 0 0 0]
[10058796757671276379198336087621236754748057067440446428564729880877204164781088687400247838804433401279457212612707422072856477912497235127410490983902029698232195455690777533870297029061353735297531042598101725563950012982271816030986164239217868056008485201568760675650550397201060433764729328193529046941262 0 0 0 0 0 0 0 0 0 0 0 0 0 0 0 0 0 0 0 0 0 0 0 0 0 0 0 0 0 0 0 0 0 0 0 0 0 0 0 0 0 0 0 0 0 0 0 0 0 0 0 0 0 0 0 0 0 0 0 0 0 0 0 0 0 0 0 0 0 0 0 0 0 0 0 0 0 0 0 0 0 0 0 0 0 0 1 0 0 0 0 0 0 0 0 0 0 0 0 0 0 0]
[3254039081236583219997103846713989956488407923370735907547496769210973224485722396497452645218078433772504753342939568770170401015086304830018698880071330992313969607123323835210406090343407280811728529098832860920281396964375017650754339254118628194513716989417159727009110429737732716324711116554899723447599 0 0 0 0 0 0 0 0 0 0 0 0 0 0 0 0 0 0 0 0 0 0 0 0 0 0 0 0 0 0 0 0 0 0 0 0 0 0 0 0 0 0 0 0 0 0 0 0 0 0 0 0 0 0 0 0 0 0 0 0 0 0 0 0 0 0 0 0 0 0 0 0 0 0 0 0 0 0 0 0 0 0 0 0 0 0 0 1 0 0 0 0 0 0 0 0 0 0 0 0 0 0]
[9799718356180933088422923472925372040575370383611370313277328386582975998225327705413390892543701754178497151095831200972336219557340935193941861640944048159076377219498213906215254186835866765600391253870262931432597820107068225749840345388751561787177448596527517381810671671436423260560521225153140479143141 0 0 0 0 0 0 0 0 0 0 0 0 0 0 0 0 0 0 0 0 0 0 0 0 0 0 0 0 0 0 0 0 0 0 0 0 0 0 0 0 0 0 0 0 0 0 0 0 0 0 0 0 0 0 0 0 0 0 0 0 0 0 0 0 0 0 0 0 0 0 0 0 0 0 0 0 0 0 0 0 0 0 0 0 0 0 0 0 1 0 0 0 0 0 0 0 0 0 0 0 0 0]
[9517633825019373566210656630902165018740922853513299227448935461778569958332475148056415348874729917433867704287067692789630460789828202816786221054278962056622863116479205712092457886768471641203997163262463002523953935983414104433810462109894789504314574357321390015828993104298232792344462439894156420185807 0 0 0 0 0 0 0 0 0 0 0 0 0 0 0 0 0 0 0 0 0 0 0 0 0 0 0 0 0 0 0 0 0 0 0 0 0 0 0 0 0 0 0 0 0 0 0 0 0 0 0 0 0 0 0 0 0 0 0 0 0 0 0 0 0 0 0 0 0 0 0 0 0 0 0 0 0 0 0 0 0 0 0 0 0 0 0 0 0 1 0 0 0 0 0 0 0 0 0 0 0 0]
[8200700853074068123600380365947137871186162219093649971402576765317052604026943666124489871971665064291991396454542147625048753419760937315618822202501604750821201427625619770610226752574815162234446692968551746858430918407859142995440808684196428032336573883660622469896403999510254171048126928709741406443913 0 0 0 0 0 0 0 0 0 0 0 0 0 0 0 0 0 0 0 0 0 0 0 0 0 0 0 0 0 0 0 0 0 0 0 0 0 0 0 0 0 0 0 0 0 0 0 0 0 0 0 0 0 0 0 0 0 0 0 0 0 0 0 0 0 0 0 0 0 0 0 0 0 0 0 0 0 0 0 0 0 0 0 0 0 0 0 0 0 0 1 0 0 0 0 0 0 0 0 0 0 0]
[5573453047104915493513176196801499340434513864325119184007429570287563919209113146067477422361169136621146133165109805493227115568018557651246475437928291737926497277481637615883535287260150615292408324693049927921648453338162124075530020006936380301256096078650327052007159748236143772190916900588727175445737 0 0 0 0 0 0 0 0 0 0 0 0 0 0 0 0 0 0 0 0 0 0 0 0 0 0 0 0 0 0 0 0 0 0 0 0 0 0 0 0 0 0 0 0 0 0 0 0 0 0 0 0 0 0 0 0 0 0 0 0 0 0 0 0 0 0 0 0 0 0 0 0 0 0 0 0 0 0 0 0 0 0 0 0 0 0 0 0 0 0 0 1 0 0 0 0 0 0 0 0 0 0]
[8792474475556277584516607021032662412775882988897073767654764426270665338250350158005411524108359378164800538645722151799364552010580916848845640829450153907344676757197692989365542423764787372547342703777171389439024455892932269072295235149845536121152424265326181722161122312930810176149038657483605926751799 0 0 0 0 0 0 0 0 0 0 0 0 0 0 0 0 0 0 0 0 0 0 0 0 0 0 0 0 0 0 0 0 0 0 0 0 0 0 0 0 0 0 0 0 0 0 0 0 0 0 0 0 0 0 0 0 0 0 0 0 0 0 0 0 0 0 0 0 0 0 0 0 0 0 0 0 0 0 0 0 0 0 0 0 0 0 0 0 0 0 0 0 1 0 0 0 0 0 0 0 0 0]
[8763812363845009740802862336562662295728623900632918075474438234552156852335195522308339014287774329191798275484283686086179525133031558268332473879474473232165020526965469148638897629561813383062808056227090385930441969111186288992139286023452260190119921481045865800219496876570676437168108256961485119241071 0 0 0 0 0 0 0 0 0 0 0 0 0 0 0 0 0 0 0 0 0 0 0 0 0 0 0 0 0 0 0 0 0 0 0 0 0 0 0 0 0 0 0 0 0 0 0 0 0 0 0 0 0 0 0 0 0 0 0 0 0 0 0 0 0 0 0 0 0 0 0 0 0 0 0 0 0 0 0 0 0 0 0 0 0 0 0 0 0 0 0 0 0 1 0 0 0 0 0 0 0 0]
[897295411294606796861616586912645033940135862770343190268995618395490896044273053496107798177284559470994372496870651379679906197926221027281531558574072039818442091466422195875833741533219058960385270409636707813379799720085703519929261206350613413751615120753367887232381605579059041794078657024920961957430 0 0 0 0 0 0 0 0 0 0 0 0 0 0 0 0 0 0 0 0 0 0 0 0 0 0 0 0 0 0 0 0 0 0 0 0 0 0 0 0 0 0 0 0 0 0 0 0 0 0 0 0 0 0 0 0 0 0 0 0 0 0 0 0 0 0 0 0 0 0 0 0 0 0 0 0 0 0 0 0 0 0 0 0 0 0 0 0 0 0 0 0 0 0 1 0 0 0 0 0 0 0]
[1954130282862410008296701237805471599982873250708398619958002281139621395824638650936646473077451737627901701653690731830231817191481405597721968705530416531515064736034457232077344015750226360539783590621843204256597871534004076725613163990996409978156270901083429096769718412244728057183063147798296322316180 0 0 0 0 0 0 0 0 0 0 0 0 0 0 0 0 0 0 0 0 0 0 0 0 0 0 0 0 0 0 0 0 0 0 0 0 0 0 0 0 0 0 0 0 0 0 0 0 0 0 0 0 0 0 0 0 0 0 0 0 0 0 0 0 0 0 0 0 0 0 0 0 0 0 0 0 0 0 0 0 0 0 0 0 0 0 0 0 0 0 0 0 0 0 0 1 0 0 0 0 0 0]
[4564806171496481782387764137236436679968085000759797096204063334210688792051980079925983727406946179699558346781090065101533381833322746140866131025612987375949804711471816937972136532294252099639379300962602230882418235204558085461284829748969971473253818961396870148025833272856707524212996334150215831763113 0 0 0 0 0 0 0 0 0 0 0 0 0 0 0 0 0 0 0 0 0 0 0 0 0 0 0 0 0 0 0 0 0 0 0 0 0 0 0 0 0 0 0 0 0 0 0 0 0 0 0 0 0 0 0 0 0 0 0 0 0 0 0 0 0 0 0 0 0 0 0 0 0 0 0 0 0 0 0 0 0 0 0 0 0 0 0 0 0 0 0 0 0 0 0 0 1 0 0 0 0 0]
[5637650489576868667858203143603724745379078508849061009062295616589924709224311826675676099441412509790796087936350349051177718958747276639133984743285236920498455380588774607922115479016390925129873311750895938742659450971620197288150202625383457352606946594262530111793229984569492928698118396505144360379972 0 0 0 0 0 0 0 0 0 0 0 0 0 0 0 0 0 0 0 0 0 0 0 0 0 0 0 0 0 0 0 0 0 0 0 0 0 0 0 0 0 0 0 0 0 0 0 0 0 0 0 0 0 0 0 0 0 0 0 0 0 0 0 0 0 0 0 0 0 0 0 0 0 0 0 0 0 0 0 0 0 0 0 0 0 0 0 0 0 0 0 0 0 0 0 0 0 1 0 0 0 0]
[127867142549317573260375241306232064459496982713685288217734371200522648510460199581396883452473939802707604448966077765451874145802883586811206531750218369304420244294574979204709216918314632106396557787886283746792765898699615660700131590019670090536888602262631167982947169840384110591829588841767280209894 0 0 0 0 0 0 0 0 0 0 0 0 0 0 0 0 0 0 0 0 0 0 0 0 0 0 0 0 0 0 0 0 0 0 0 0 0 0 0 0 0 0 0 0 0 0 0 0 0 0 0 0 0 0 0 0 0 0 0 0 0 0 0 0 0 0 0 0 0 0 0 0 0 0 0 0 0 0 0 0 0 0 0 0 0 0 0 0 0 0 0 0 0 0 0 0 0 0 1 0 0 0]
[3545092694858367234743540680566338074775438944423342152244102578747067896175002962900233997497829919585035240423879735318205582855091209513411910563105090967468737272130719096574970736168940368159989125728193735073366531930733391632101473503849135023998508449056513900152989099258563560531103368772500079346352 0 0 0 0 0 0 0 0 0 0 0 0 0 0 0 0 0 0 0 0 0 0 0 0 0 0 0 0 0 0 0 0 0 0 0 0 0 0 0 0 0 0 0 0 0 0 0 0 0 0 0 0 0 0 0 0 0 0 0 0 0 0 0 0 0 0 0 0 0 0 0 0 0 0 0 0 0 0 0 0 0 0 0 0 0 0 0 0 0 0 0 0 0 0 0 0 0 0 0 1 0 0]
[7250102210823113646184485021829576616582222312630872098029754927565309780312653831975459071251992505730877751453002351569151327830714035248568287463351996896141305916844730485374227084058326403039986605191784011050751521799688706713210469575787800239276190982882803225752102413835457361793884153640602941178668 0 0 0 0 0 0 0 0 0 0 0 0 0 0 0 0 0 0 0 0 0 0 0 0 0 0 0 0 0 0 0 0 0 0 0 0 0 0 0 0 0 0 0 0 0 0 0 0 0 0 0 0 0 0 0 0 0 0 0 0 0 0 0 0 0 0 0 0 0 0 0 0 0 0 0 0 0 0 0 0 0 0 0 0 0 0 0 0 0 0 0 0 0 0 0 0 0 0 0 0 1 0]
[3259405132898318953575464542088872565807092388130849373118819403837932464223450496996362183102992507010174844081527307619893880424013318425906453354640258979364824703515090453019665040346530880674627347864639784778338541998932319815549194374294984421242870416609195410012528109616991555633231982336377420892710 0 0 0 0 0 0 0 0 0 0 0 0 0 0 0 0 0 0 0 0 0 0 0 0 0 0 0 0 0 0 0 0 0 0 0 0 0 0 0 0 0 0 0 0 0 0 0 0 0 0 0 0 0 0 0 0 0 0 0 0 0 0 0 0 0 0 0 0 0 0 0 0 0 0 0 0 0 0 0 0 0 0 0 0 0 0 0 0 0 0 0 0 0 0 0 0 0 0 0 0 0 1]
]
