[[3869319547965305187366556863434234402601005393341139938886533032606188778429254448979932039171004219026560229798224657100285094317519776232717412365985809775724929891911223589 0 0 0 0 0 0 0 0 0 0 0 0 0 0 0 0 0 0 0 0 0 0 0 0 0 0 0 0 0 0 0 0 0 0 0 0 0 0 0 0 0 0 0 0 0 0 0 0 0 0 0 0 0 0 0 0 0]
[639762633359439899651527681697245357235821930804844870431724067617615716236894239187019380869734351702508697730490724813643708681670415874047929651660024369467851041234971830 1 0 0 0 0 0 0 0 0 0 0 0 0 0 0 0 0 0 0 0 0 0 0 0 0 0 0 0 0 0 0 0 0 0 0 0 0 0 0 0 0 0 0 0 0 0 0 0 0 0 0 0 0 0 0 0 0]
[326513059140489264299917777486598603446511349997200793832550533418912934735156439547781442791764234882141944215961139351355530076751271291240670602629945752030370432561367759 0 1 0 0 0 0 0 0 0 0 0 0 0 0 0 0 0 0 0 0 0 0 0 0 0 0 0 0 0 0 0 0 0 0 0 0 0 0 0 0 0 0 0 0 0 0 0 0 0 0 0 0 0 0 0 0 0]
[3055044765355019190950710976887407498356681372232164825212222024322248869023869330821654741528023667326043814794326721580180748720430195268029532526875189721215556188521950165 0 0 1 0 0 0 0 0 0 0 0 0 0 0 0 0 0 0 0 0 0 0 0 0 0 0 0 0 0 0 0 0 0 0 0 0 0 0 0 0 0 0 0 0 0 0 0 0 0 0 0 0 0 0 0 0 0]
[1845492905093715693084948496377035368834153061432588751444979577830510194129547781699436323239816753411741338822986771308395558415321773009276657919573102148061891268316625773 0 0 0 1 0 0 0 0 0 0 0 0 0 0 0 0 0 0 0 0 0 0 0 0 0 0 0 0 0 0 0 0 0 0 0 0 0 0 0 0 0 0 0 0 0 0 0 0 0 0 0 0 0 0 0 0 0]
[1720087353995818086300079629137774291298558678590252759142882015420777347256802996147556425799081747201121213515502280110376072212479302693625026944255088131770898877466158795 0 0 0 0 1 0 0 0 0 0 0 0 0 0 0 0 0 0 0 0 0 0 0 0 0 0 0 0 0 0 0 0 0 0 0 0 0 0 0 0 0 0 0 0 0 0 0 0 0 0 0 0 0 0 0 0 0]
[1445045085974759783017864743240917677051328170498185225618025487501521694991956525243889398600257257900319762333997262271996007250116915831123709710646480741322261003343544916 0 0 0 0 0 1 0 0 0 0 0 0 0 0 0 0 0 0 0 0 0 0 0 0 0 0 0 0 0 0 0 0 0 0 0 0 0 0 0 0 0 0 0 0 0 0 0 0 0 0 0 0 0 0 0 0 0]
[1580572630866168844104815509717897427795706667547046832802065160208332717101812114470409437032347355387015045442238377423759553664826535132392983317111192149078621734099926509 0 0 0 0 0 0 1 0 0 0 0 0 0 0 0 0 0 0 0 0 0 0 0 0 0 0 0 0 0 0 0 0 0 0 0 0 0 0 0 0 0 0 0 0 0 0 0 0 0 0 0 0 0 0 0 0 0]
[3140768997498961550908102811331114360951897241459652053830589419609989801470659541038846511360511106247503976860248394582256852886689914271130969050408360010980104364438630976 0 0 0 0 0 0 0 1 0 0 0 0 0 0 0 0 0 0 0 0 0 0 0 0 0 0 0 0 0 0 0 0 0 0 0 0 0 0 0 0 0 0 0 0 0 0 0 0 0 0 0 0 0 0 0 0 0]
[94715200365361945169920598384343169833783580130224638691301673682678423717997412368428916662502402605631043665338932480587303506058998957802840596047994028872404510005908735 0 0 0 0 0 0 0 0 1 0 0 0 0 0 0 0 0 0 0 0 0 0 0 0 0 0 0 0 0 0 0 0 0 0 0 0 0 0 0 0 0 0 0 0 0 0 0 0 0 0 0 0 0 0 0 0 0]
[2968450361505775982460990728166092365372994972995983105189828315077236175316046187393505560488744255554189474671527627838742778695126124152082916548458295687398728962383498579 0 0 0 0 0 0 0 0 0 1 0 0 0 0 0 0 0 0 0 0 0 0 0 0 0 0 0 0 0 0 0 0 0 0 0 0 0 0 0 0 0 0 0 0 0 0 0 0 0 0 0 0 0 0 0 0 0]
[2678189922230316768068796697394673683951646005376246507292035582451542618442007735490167717075440415393882237556180343052244604715926001041177746683529047544887122674917542779 0 0 0 0 0 0 0 0 0 0 1 0 0 0 0 0 0 0 0 0 0 0 0 0 0 0 0 0 0 0 0 0 0 0 0 0 0 0 0 0 0 0 0 0 0 0 0 0 0 0 0 0 0 0 0 0 0]
[2481896392243603630722769428577977461435497679473445498737112335101607676065365183414855015007457533103219846101921167899299233456800953459365558033825625547159098772324198305 0 0 0 0 0 0 0 0 0 0 0 1 0 0 0 0 0 0 0 0 0 0 0 0 0 0 0 0 0 0 0 0 0 0 0 0 0 0 0 0 0 0 0 0 0 0 0 0 0 0 0 0 0 0 0 0 0]
[2112628806447562507397025259756220560499208581884995951695304297084320367122216312854287366298187613337915696760582909629599584113761737752843963591891428114816884857333042146 0 0 0 0 0 0 0 0 0 0 0 0 1 0 0 0 0 0 0 0 0 0 0 0 0 0 0 0 0 0 0 0 0 0 0 0 0 0 0 0 0 0 0 0 0 0 0 0 0 0 0 0 0 0 0 0 0]
[2377121052397105500315157119946157373288499534831590105996861724881875556886078696606655936165704836211836242137914697535455621326777630855744325385290866753370893462787730646 0 0 0 0 0 0 0 0 0 0 0 0 0 1 0 0 0 0 0 0 0 0 0 0 0 0 0 0 0 0 0 0 0 0 0 0 0 0 0 0 0 0 0 0 0 0 0 0 0 0 0 0 0 0 0 0 0]
[3254790838165489289709952615371577764979604186472979424314404068136854378597118999617490678404623911732113999690088516625913505443808212649926838795571957871877734717199259020 0 0 0 0 0 0 0 0 0 0 0 0 0 0 1 0 0 0 0 0 0 0 0 0 0 0 0 0 0 0 0 0 0 0 0 0 0 0 0 0 0 0 0 0 0 0 0 0 0 0 0 0 0 0 0 0 0]
[2715848969905634753802821775185974358630052263365659958276929526136577208174854171725329912798523676073477854597183686016392162760405767499791996256428993994548618513814320202 0 0 0 0 0 0 0 0 0 0 0 0 0 0 0 1 0 0 0 0 0 0 0 0 0 0 0 0 0 0 0 0 0 0 0 0 0 0 0 0 0 0 0 0 0 0 0 0 0 0 0 0 0 0 0 0 0]
[1080382976386251328264092323312439772270649010868856267406802996594831511316955138385665313244500681894267628734103601917665566359295299350769315267354265709665389792889488056 0 0 0 0 0 0 0 0 0 0 0 0 0 0 0 0 1 0 0 0 0 0 0 0 0 0 0 0 0 0 0 0 0 0 0 0 0 0 0 0 0 0 0 0 0 0 0 0 0 0 0 0 0 0 0 0 0]
[73621042302489448063711740207834293831068470698997549594300773884422327440164786163063085351450972222879667255199275971538273261000171392574661320034431440292374397374882479 0 0 0 0 0 0 0 0 0 0 0 0 0 0 0 0 0 1 0 0 0 0 0 0 0 0 0 0 0 0 0 0 0 0 0 0 0 0 0 0 0 0 0 0 0 0 0 0 0 0 0 0 0 0 0 0 0]
[782470975670146437646994949222511747252640693032068070463385082552575715302298984226980216993540062025721109493261185954595377209089751352439110143089679131069714235170443553 0 0 0 0 0 0 0 0 0 0 0 0 0 0 0 0 0 0 1 0 0 0 0 0 0 0 0 0 0 0 0 0 0 0 0 0 0 0 0 0 0 0 0 0 0 0 0 0 0 0 0 0 0 0 0 0 0]
[2420335996667062674703267769919556421560836752309590541258818045007197435871701618236982207243514718898343395841314107769479422883425488346210567966306364719672639759980389886 0 0 0 0 0 0 0 0 0 0 0 0 0 0 0 0 0 0 0 1 0 0 0 0 0 0 0 0 0 0 0 0 0 0 0 0 0 0 0 0 0 0 0 0 0 0 0 0 0 0 0 0 0 0 0 0 0]
[3659826098727603745954637212796640888347878555151816816688371357971567105799977216144487853351661801065895700975816184818965089440610676038872828464680130922096559750012563153 0 0 0 0 0 0 0 0 0 0 0 0 0 0 0 0 0 0 0 0 1 0 0 0 0 0 0 0 0 0 0 0 0 0 0 0 0 0 0 0 0 0 0 0 0 0 0 0 0 0 0 0 0 0 0 0 0]
[1447188123399022065270737952252754168831082044505904047281469475497249833063632205467746274729455890937111576276918232348364958670277023507614759019026513927139021024235214431 0 0 0 0 0 0 0 0 0 0 0 0 0 0 0 0 0 0 0 0 0 1 0 0 0 0 0 0 0 0 0 0 0 0 0 0 0 0 0 0 0 0 0 0 0 0 0 0 0 0 0 0 0 0 0 0 0]
[126299720138803534801621274380437032667706919002353092376046451664458145193036157117327377709799515410455376856189417891721616137240850864515920899606705993882300378270022366 0 0 0 0 0 0 0 0 0 0 0 0 0 0 0 0 0 0 0 0 0 0 1 0 0 0 0 0 0 0 0 0 0 0 0 0 0 0 0 0 0 0 0 0 0 0 0 0 0 0 0 0 0 0 0 0 0]
[742030242936272185535081906117544385929087131520309397198429903014878709994648129974350561328181491043547083679063388949082003839609372244707042913190026234256958634828785353 0 0 0 0 0 0 0 0 0 0 0 0 0 0 0 0 0 0 0 0 0 0 0 1 0 0 0 0 0 0 0 0 0 0 0 0 0 0 0 0 0 0 0 0 0 0 0 0 0 0 0 0 0 0 0 0 0]
[3777700728439724967146411267791759865039938731781132791762685326532321141270329289634086483366220365139623523827370488022054172208477122281855083924185475089027900470810894626 0 0 0 0 0 0 0 0 0 0 0 0 0 0 0 0 0 0 0 0 0 0 0 0 1 0 0 0 0 0 0 0 0 0 0 0 0 0 0 0 0 0 0 0 0 0 0 0 0 0 0 0 0 0 0 0 0]
[1612366212557236298734509176100218854522002561342771168757520215144676189083865078349137149549196724148993101649939087440003101321873007973606192435469351938455304729507448049 0 0 0 0 0 0 0 0 0 0 0 0 0 0 0 0 0 0 0 0 0 0 0 0 0 1 0 0 0 0 0 0 0 0 0 0 0 0 0 0 0 0 0 0 0 0 0 0 0 0 0 0 0 0 0 0 0]
[1513311677401690843443918112361095853309343552001438012928433320314291464628899656051909449410219134091165661402585666539325203512948838932500927559091106436657454112499470651 0 0 0 0 0 0 0 0 0 0 0 0 0 0 0 0 0 0 0 0 0 0 0 0 0 0 1 0 0 0 0 0 0 0 0 0 0 0 0 0 0 0 0 0 0 0 0 0 0 0 0 0 0 0 0 0 0]
[3443503143492448505380514099084767885596490185872180139070760294160604041799803910209167016043533336669820704172419079776487801414692688315271153161612584585843679315132604527 0 0 0 0 0 0 0 0 0 0 0 0 0 0 0 0 0 0 0 0 0 0 0 0 0 0 0 1 0 0 0 0 0 0 0 0 0 0 0 0 0 0 0 0 0 0 0 0 0 0 0 0 0 0 0 0 0]
[1728001159429629969831792245053111652248484772957372443330643216529894133429249433372592869679889540546115650816926526488528121320878595624713358530118890544998208577509083203 0 0 0 0 0 0 0 0 0 0 0 0 0 0 0 0 0 0 0 0 0 0 0 0 0 0 0 0 1 0 0 0 0 0 0 0 0 0 0 0 0 0 0 0 0 0 0 0 0 0 0 0 0 0 0 0 0]
[3456989518177950894068062946864992553311198518538979583988837335191989496999096641093724795499997320625114125931665425817608987204118525465641953443964420620662375694993907198 0 0 0 0 0 0 0 0 0 0 0 0 0 0 0 0 0 0 0 0 0 0 0 0 0 0 0 0 0 1 0 0 0 0 0 0 0 0 0 0 0 0 0 0 0 0 0 0 0 0 0 0 0 0 0 0 0]
[108811762945630777519748075853424910972367456959317889585313468225413702029569578028387699589767777145989503507960548222255350322071550148697915765853506907669443276308854928 0 0 0 0 0 0 0 0 0 0 0 0 0 0 0 0 0 0 0 0 0 0 0 0 0 0 0 0 0 0 1 0 0 0 0 0 0 0 0 0 0 0 0 0 0 0 0 0 0 0 0 0 0 0 0 0 0]
[1783765503272070880193492857961780481449651731769242668493522207948251074430865502668722308247567561478116264607231883110529546402027247853628819963682777273262571996436665069 0 0 0 0 0 0 0 0 0 0 0 0 0 0 0 0 0 0 0 0 0 0 0 0 0 0 0 0 0 0 0 1 0 0 0 0 0 0 0 0 0 0 0 0 0 0 0 0 0 0 0 0 0 0 0 0 0]
[2513790082744305664898004347975342607227643416706462862054752371433630993739261051011357453518461641937577895318638272203643469729616048639510590715151362997809778386196147654 0 0 0 0 0 0 0 0 0 0 0 0 0 0 0 0 0 0 0 0 0 0 0 0 0 0 0 0 0 0 0 0 1 0 0 0 0 0 0 0 0 0 0 0 0 0 0 0 0 0 0 0 0 0 0 0 0]
[2904706703506703221450710342096786461294553745244200688808860539528911842983646442917234348391606561314542943115068204539311934850611570909904038044497405803528011051316235243 0 0 0 0 0 0 0 0 0 0 0 0 0 0 0 0 0 0 0 0 0 0 0 0 0 0 0 0 0 0 0 0 0 1 0 0 0 0 0 0 0 0 0 0 0 0 0 0 0 0 0 0 0 0 0 0 0]
[1072801602106679331377954478166895923442557863172184848801221061230766528568435954818927717176502909052577009987118607816054056220496103625502675642425588320544042409794047989 0 0 0 0 0 0 0 0 0 0 0 0 0 0 0 0 0 0 0 0 0 0 0 0 0 0 0 0 0 0 0 0 0 0 1 0 0 0 0 0 0 0 0 0 0 0 0 0 0 0 0 0 0 0 0 0 0]
[2775450659692120537256270954789112683975675730201673574278093715090736260585343722833153760506356210235140125292933489624646887730036700312555403749322066877215716151052598100 0 0 0 0 0 0 0 0 0 0 0 0 0 0 0 0 0 0 0 0 0 0 0 0 0 0 0 0 0 0 0 0 0 0 0 1 0 0 0 0 0 0 0 0 0 0 0 0 0 0 0 0 0 0 0 0 0]
[2132261962809567241517150487151939033524504833273169260326129019665664478603311070752729015765952556344164227662429933102899596531696042956958459203111799983190146564004202491 0 0 0 0 0 0 0 0 0 0 0 0 0 0 0 0 0 0 0 0 0 0 0 0 0 0 0 0 0 0 0 0 0 0 0 0 1 0 0 0 0 0 0 0 0 0 0 0 0 0 0 0 0 0 0 0 0]
[456456789007614488901583569061754704467413297457171584296186930648526830319073505404759863030308072259274894804068747766406321450059284867307420859104239800083550904957586693 0 0 0 0 0 0 0 0 0 0 0 0 0 0 0 0 0 0 0 0 0 0 0 0 0 0 0 0 0 0 0 0 0 0 0 0 0 1 0 0 0 0 0 0 0 0 0 0 0 0 0 0 0 0 0 0 0]
[1484324305958449091193715193561683469424228412499244708788557313469135208444142598326333475929972291619442894556710299765438137487963814759960635191272340121440154005696874922 0 0 0 0 0 0 0 0 0 0 0 0 0 0 0 0 0 0 0 0 0 0 0 0 0 0 0 0 0 0 0 0 0 0 0 0 0 0 1 0 0 0 0 0 0 0 0 0 0 0 0 0 0 0 0 0 0]
[3813897084137500202173695012128752654975663087604354854632147193851067834685586144891866726562474862438265441058676397600973421604956735659314637223169478846348846281509070061 0 0 0 0 0 0 0 0 0 0 0 0 0 0 0 0 0 0 0 0 0 0 0 0 0 0 0 0 0 0 0 0 0 0 0 0 0 0 0 1 0 0 0 0 0 0 0 0 0 0 0 0 0 0 0 0 0]
[3469322423753174127248228410236752350733799511559902579661937385733653716495245855052448693551942751557145723134671660860049936072776715864992636408996116216214126628064591436 0 0 0 0 0 0 0 0 0 0 0 0 0 0 0 0 0 0 0 0 0 0 0 0 0 0 0 0 0 0 0 0 0 0 0 0 0 0 0 0 1 0 0 0 0 0 0 0 0 0 0 0 0 0 0 0 0]
[1734156561342283135004128073124448166142455171196177536851166978747658193104696353413922680923215729140592564692700330085813945097881213666353680212825701568293813293564622915 0 0 0 0 0 0 0 0 0 0 0 0 0 0 0 0 0 0 0 0 0 0 0 0 0 0 0 0 0 0 0 0 0 0 0 0 0 0 0 0 0 1 0 0 0 0 0 0 0 0 0 0 0 0 0 0 0]
[3563370843559865029722970497859846388040859759350348017573280764227965527954491132704062448751082840151150978017848241217320200624448221966478660304610554180955935102006320465 0 0 0 0 0 0 0 0 0 0 0 0 0 0 0 0 0 0 0 0 0 0 0 0 0 0 0 0 0 0 0 0 0 0 0 0 0 0 0 0 0 0 1 0 0 0 0 0 0 0 0 0 0 0 0 0 0]
[2809690565615408584339653668937306402392783771575382167081079837662420039554167090036233787618380678890605292299082082060960626070044566106442522885748600557421101879123027330 0 0 0 0 0 0 0 0 0 0 0 0 0 0 0 0 0 0 0 0 0 0 0 0 0 0 0 0 0 0 0 0 0 0 0 0 0 0 0 0 0 0 0 1 0 0 0 0 0 0 0 0 0 0 0 0 0]
[2195286295873254131208758233983321318536840870077753176616634495512665599116602011353049724400372340119248267705766353948089384900467251049333965766475608497636997149098789063 0 0 0 0 0 0 0 0 0 0 0 0 0 0 0 0 0 0 0 0 0 0 0 0 0 0 0 0 0 0 0 0 0 0 0 0 0 0 0 0 0 0 0 0 1 0 0 0 0 0 0 0 0 0 0 0 0]
[3504392954208466902933075904221939856592143015739865189179643849022236154935495742368492019825871230649405296137030593387207950096732367659397459334190263223455810474023393362 0 0 0 0 0 0 0 0 0 0 0 0 0 0 0 0 0 0 0 0 0 0 0 0 0 0 0 0 0 0 0 0 0 0 0 0 0 0 0 0 0 0 0 0 0 1 0 0 0 0 0 0 0 0 0 0 0]
[2521612239692276905835321169132677316208161651028676270331870793482247534686102367418724142314451477957216169964688734835813479263189479639573226263074240045821178045862718342 0 0 0 0 0 0 0 0 0 0 0 0 0 0 0 0 0 0 0 0 0 0 0 0 0 0 0 0 0 0 0 0 0 0 0 0 0 0 0 0 0 0 0 0 0 0 1 0 0 0 0 0 0 0 0 0 0]
[932633612352880125804750788586997978830881596500420095708922230529553797309151697302449628871863407273205510247821867004977379198976262951728549236558012206909681343282061674 0 0 0 0 0 0 0 0 0 0 0 0 0 0 0 0 0 0 0 0 0 0 0 0 0 0 0 0 0 0 0 0 0 0 0 0 0 0 0 0 0 0 0 0 0 0 0 1 0 0 0 0 0 0 0 0 0]
[1184856952248643200381457159891938545482735277415258968897353774224220153503357311712415582193489326563004917098645550470653640723125341422207212770076003561834702959846331559 0 0 0 0 0 0 0 0 0 0 0 0 0 0 0 0 0 0 0 0 0 0 0 0 0 0 0 0 0 0 0 0 0 0 0 0 0 0 0 0 0 0 0 0 0 0 0 0 1 0 0 0 0 0 0 0 0]
[1155996040772180242189243099818829376773927972920509744397351780194338029755208616541582208649977134724686783037411784118191271061673573720952661917939881550814616732772528307 0 0 0 0 0 0 0 0 0 0 0 0 0 0 0 0 0 0 0 0 0 0 0 0 0 0 0 0 0 0 0 0 0 0 0 0 0 0 0 0 0 0 0 0 0 0 0 0 0 1 0 0 0 0 0 0 0]
[2748826548195387715593316296959287136759358929701586254140372519061233038671931007151295055995202758946046151987396158250067318810106025140330745909003804910607783999471644714 0 0 0 0 0 0 0 0 0 0 0 0 0 0 0 0 0 0 0 0 0 0 0 0 0 0 0 0 0 0 0 0 0 0 0 0 0 0 0 0 0 0 0 0 0 0 0 0 0 0 1 0 0 0 0 0 0]
[1509075138812000189988601868419878719090944866539117929395038095193225723737805030473854879506912894572308945896423429238502461900791034527469800201185768764823442708889930542 0 0 0 0 0 0 0 0 0 0 0 0 0 0 0 0 0 0 0 0 0 0 0 0 0 0 0 0 0 0 0 0 0 0 0 0 0 0 0 0 0 0 0 0 0 0 0 0 0 0 0 1 0 0 0 0 0]
[3271223400927068947393452074094508054007992725633166918440039121335932239262788112691345589908898952032196397971182424856300618499446897696398324319737200892061015593107791630 0 0 0 0 0 0 0 0 0 0 0 0 0 0 0 0 0 0 0 0 0 0 0 0 0 0 0 0 0 0 0 0 0 0 0 0 0 0 0 0 0 0 0 0 0 0 0 0 0 0 0 0 1 0 0 0 0]
[683309583321496520848906163849257330348213222672987766249764467624064444808380439156167262337374412104608587755659658118749578894341860922731597384417745887394755524727482187 0 0 0 0 0 0 0 0 0 0 0 0 0 0 0 0 0 0 0 0 0 0 0 0 0 0 0 0 0 0 0 0 0 0 0 0 0 0 0 0 0 0 0 0 0 0 0 0 0 0 0 0 0 1 0 0 0]
[3834949884405572981639573746185576481423056660122845347473306888374156519670966970343699638645395809437427634969832926531625500883365386081586189306541074815514702897461692325 0 0 0 0 0 0 0 0 0 0 0 0 0 0 0 0 0 0 0 0 0 0 0 0 0 0 0 0 0 0 0 0 0 0 0 0 0 0 0 0 0 0 0 0 0 0 0 0 0 0 0 0 0 0 1 0 0]
[3331188827603080396231697397617624076290097714661749049195348007189535075936038706504961444242471714991702385019681805909725687853611230787995772275013007538614512634745298050 0 0 0 0 0 0 0 0 0 0 0 0 0 0 0 0 0 0 0 0 0 0 0 0 0 0 0 0 0 0 0 0 0 0 0 0 0 0 0 0 0 0 0 0 0 0 0 0 0 0 0 0 0 0 0 1 0]
[2801502788759422421328030610452419188019143055292603428809110553708680792753133540984928847243397287926151372724846633485498358092644842419279018241303575519571221838695435431 0 0 0 0 0 0 0 0 0 0 0 0 0 0 0 0 0 0 0 0 0 0 0 0 0 0 0 0 0 0 0 0 0 0 0 0 0 0 0 0 0 0 0 0 0 0 0 0 0 0 0 0 0 0 0 0 1]
]
