[[3642650707727420512987158809906942331172723090965387199742856592611014374643590637765614269259935930578996290593845002411029564272865533685071597353016395169536828208573454826181748838567 0 0 0 0 0 0 0 0 0 0 0 0 0 0 0 0 0 0 0 0 0 0 0 0 0 0 0 0 0 0 0 0 0 0 0 0 0 0 0 0 0 0 0 0 0 0 0 0 0 0 0 0 0 0 0 0 0 0 0 0 0]
[2633462812746936891482354343324958999115044510856753492424289958936550634910470239381617589767802464493498625995379815595253585483321379629764735298489407342634568050472910623991039663543 1 0 0 0 0 0 0 0 0 0 0 0 0 0 0 0 0 0 0 0 0 0 0 0 0 0 0 0 0 0 0 0 0 0 0 0 0 0 0 0 0 0 0 0 0 0 0 0 0 0 0 0 0 0 0 0 0 0 0 0 0]
[903816818450060316269654823679471372700497487942277862684616288932338459033368156356834831136540929910610920109887143180299908644578451443242387420431354309111121113151978023269689046414 0 1 0 0 0 0 0 0 0 0 0 0 0 0 0 0 0 0 0 0 0 0 0 0 0 0 0 0 0 0 0 0 0 0 0 0 0 0 0 0 0 0 0 0 0 0 0 0 0 0 0 0 0 0 0 0 0 0 0 0 0]
[1302116218476791457442785881533612777845226013080750359915386243224072834613125739363857355572757458920054233029238523055553723494949007883360112737866028256531471536695923272201836822175 0 0 1 0 0 0 0 0 0 0 0 0 0 0 0 0 0 0 0 0 0 0 0 0 0 0 0 0 0 0 0 0 0 0 0 0 0 0 0 0 0 0 0 0 0 0 0 0 0 0 0 0 0 0 0 0 0 0 0 0 0]
[3038179797063992665330223464313112269867529655403102860888758035232086390339032275481089114660567934395722284829692729553769814760386253253091250455108449563132642683687127988775301145106 0 0 0 1 0 0 0 0 0 0 0 0 0 0 0 0 0 0 0 0 0 0 0 0 0 0 0 0 0 0 0 0 0 0 0 0 0 0 0 0 0 0 0 0 0 0 0 0 0 0 0 0 0 0 0 0 0 0 0 0 0]
[1538502478716653386592905123261854265215089284178241311183911949851059464989491141657902685290619528068340681055482771523083124985205830217356183833644384204204855635344773818050712068524 0 0 0 0 1 0 0 0 0 0 0 0 0 0 0 0 0 0 0 0 0 0 0 0 0 0 0 0 0 0 0 0 0 0 0 0 0 0 0 0 0 0 0 0 0 0 0 0 0 0 0 0 0 0 0 0 0 0 0 0 0]
[1276453117999860820202321996826093973821899452169351226318487058431917504243968778312178192768734501572790865519202985915882291668204408698638722911243105386697756495515626071897477943095 0 0 0 0 0 1 0 0 0 0 0 0 0 0 0 0 0 0 0 0 0 0 0 0 0 0 0 0 0 0 0 0 0 0 0 0 0 0 0 0 0 0 0 0 0 0 0 0 0 0 0 0 0 0 0 0 0 0 0 0 0]
[1627471020206154488423230396461698283682386168966479895550168048668910081313332466345970675743961752090189545300836777852218044529700303003687966513168074405397536887426201083411246863833 0 0 0 0 0 0 1 0 0 0 0 0 0 0 0 0 0 0 0 0 0 0 0 0 0 0 0 0 0 0 0 0 0 0 0 0 0 0 0 0 0 0 0 0 0 0 0 0 0 0 0 0 0 0 0 0 0 0 0 0 0]
[2782814608293522515709236139163555273580268966829118474074490882858147638262029925591677121840932668124090448391843135839477644768190550943370475846677183198850268700501765346294790784969 0 0 0 0 0 0 0 1 0 0 0 0 0 0 0 0 0 0 0 0 0 0 0 0 0 0 0 0 0 0 0 0 0 0 0 0 0 0 0 0 0 0 0 0 0 0 0 0 0 0 0 0 0 0 0 0 0 0 0 0 0]
[918556257922336344874118825378720705767790121484295534466453709395100111789806575328533863465473043878294942439473501181174821787983200246997995950833976774986090242573633977922945838198 0 0 0 0 0 0 0 0 1 0 0 0 0 0 0 0 0 0 0 0 0 0 0 0 0 0 0 0 0 0 0 0 0 0 0 0 0 0 0 0 0 0 0 0 0 0 0 0 0 0 0 0 0 0 0 0 0 0 0 0 0]
[311871376351614336193998445913818848439109614661086776448563172715996722784341983347191659347010556382965337831174907908871743480242942119831013720331997592416057326732569378061604032535 0 0 0 0 0 0 0 0 0 1 0 0 0 0 0 0 0 0 0 0 0 0 0 0 0 0 0 0 0 0 0 0 0 0 0 0 0 0 0 0 0 0 0 0 0 0 0 0 0 0 0 0 0 0 0 0 0 0 0 0 0]
[309175577155567874741322943416443747027011774353960116468884000962745197821856966667080918708393527078662128906593255251678042410892173611799416506754963739804104061730235357151684662567 0 0 0 0 0 0 0 0 0 0 1 0 0 0 0 0 0 0 0 0 0 0 0 0 0 0 0 0 0 0 0 0 0 0 0 0 0 0 0 0 0 0 0 0 0 0 0 0 0 0 0 0 0 0 0 0 0 0 0 0 0]
[2904138138419369512173076906566989788060830408952587961039732833799189988190763947938506108579159120216128050240084790544005901177772207227274020986327428603163095524776743819862372447831 0 0 0 0 0 0 0 0 0 0 0 1 0 0 0 0 0 0 0 0 0 0 0 0 0 0 0 0 0 0 0 0 0 0 0 0 0 0 0 0 0 0 0 0 0 0 0 0 0 0 0 0 0 0 0 0 0 0 0 0 0]
[3410392087465523453979296160579782474500525890699594492269557468861801816061151675182521494912180219305284910815629298966762476967367426709839572276179650452888543455043820801053050798502 0 0 0 0 0 0 0 0 0 0 0 0 1 0 0 0 0 0 0 0 0 0 0 0 0 0 0 0 0 0 0 0 0 0 0 0 0 0 0 0 0 0 0 0 0 0 0 0 0 0 0 0 0 0 0 0 0 0 0 0 0]
[2658879744250815289007159822058641749207446658954349835819366522532326238003874887871652021123435183240996872887539168793241111176038233150799707298270326427769797961906123342809078605557 0 0 0 0 0 0 0 0 0 0 0 0 0 1 0 0 0 0 0 0 0 0 0 0 0 0 0 0 0 0 0 0 0 0 0 0 0 0 0 0 0 0 0 0 0 0 0 0 0 0 0 0 0 0 0 0 0 0 0 0 0]
[3286074159667155275925685022037638460592572630179663000999110673556140837036095230271062851238598796266866200899373434241317965334662619263792246215563258451229851605241591954482006095346 0 0 0 0 0 0 0 0 0 0 0 0 0 0 1 0 0 0 0 0 0 0 0 0 0 0 0 0 0 0 0 0 0 0 0 0 0 0 0 0 0 0 0 0 0 0 0 0 0 0 0 0 0 0 0 0 0 0 0 0 0]
[3225766535138775535453840580508044151486611520779119552530308220360534960104016671944174928968165261913837622239786550584982486841576527194753392535224165262572269437903955824438729069095 0 0 0 0 0 0 0 0 0 0 0 0 0 0 0 1 0 0 0 0 0 0 0 0 0 0 0 0 0 0 0 0 0 0 0 0 0 0 0 0 0 0 0 0 0 0 0 0 0 0 0 0 0 0 0 0 0 0 0 0 0]
[1849308212134582091153236290912358972607155699293361365106120269990609644640304996775276788611536985808578585848896254366253820500493075103152040760892687325723196455101180961903765224640 0 0 0 0 0 0 0 0 0 0 0 0 0 0 0 0 1 0 0 0 0 0 0 0 0 0 0 0 0 0 0 0 0 0 0 0 0 0 0 0 0 0 0 0 0 0 0 0 0 0 0 0 0 0 0 0 0 0 0 0 0]
[2707956182450714077361185934943492672887415045521521010973784650169062428383784755968227684595648671005899247304663175399830536944795657036316131216630745824150134616360047701161739685460 0 0 0 0 0 0 0 0 0 0 0 0 0 0 0 0 0 1 0 0 0 0 0 0 0 0 0 0 0 0 0 0 0 0 0 0 0 0 0 0 0 0 0 0 0 0 0 0 0 0 0 0 0 0 0 0 0 0 0 0 0]
[1528017670586962915715378534065865009609398905066661832253887072809233320532000413953902780715557128235662826827512060077887010628241901685911840340625436331913458716454879399344714442986 0 0 0 0 0 0 0 0 0 0 0 0 0 0 0 0 0 0 1 0 0 0 0 0 0 0 0 0 0 0 0 0 0 0 0 0 0 0 0 0 0 0 0 0 0 0 0 0 0 0 0 0 0 0 0 0 0 0 0 0 0]
[240103694368053036521173951369288857955562562147616345507432190359101353195457154713051928381131502365607132911397198455917655295504752541305629620713906164358681428771561749178742688419 0 0 0 0 0 0 0 0 0 0 0 0 0 0 0 0 0 0 0 1 0 0 0 0 0 0 0 0 0 0 0 0 0 0 0 0 0 0 0 0 0 0 0 0 0 0 0 0 0 0 0 0 0 0 0 0 0 0 0 0 0]
[1898896548099890041535150242744750008900671436439101484638730721556130499679059067363120989708289589342205076022351242547981897397429509437643733690024655583324946225566258589568617924006 0 0 0 0 0 0 0 0 0 0 0 0 0 0 0 0 0 0 0 0 1 0 0 0 0 0 0 0 0 0 0 0 0 0 0 0 0 0 0 0 0 0 0 0 0 0 0 0 0 0 0 0 0 0 0 0 0 0 0 0 0]
[623094749773559302276059481592879132721458406729279227130302175714866266744383431561662797928367959084396005375606784500211774735478301538172847760939847841935468511153595889101016524038 0 0 0 0 0 0 0 0 0 0 0 0 0 0 0 0 0 0 0 0 0 1 0 0 0 0 0 0 0 0 0 0 0 0 0 0 0 0 0 0 0 0 0 0 0 0 0 0 0 0 0 0 0 0 0 0 0 0 0 0 0]
[983588883592400754196752772230952567342652824384033256803232250982603120936196369652536484970944435845547226072499711757309890793132649085057736278037266622638660448786021561131041159069 0 0 0 0 0 0 0 0 0 0 0 0 0 0 0 0 0 0 0 0 0 0 1 0 0 0 0 0 0 0 0 0 0 0 0 0 0 0 0 0 0 0 0 0 0 0 0 0 0 0 0 0 0 0 0 0 0 0 0 0 0]
[895214263120457812400709957131594361508749731222090961834496949340377153833276812901819437043471900172920580256892560111661239605336335986933903512903432479418848427209847666242970329061 0 0 0 0 0 0 0 0 0 0 0 0 0 0 0 0 0 0 0 0 0 0 0 1 0 0 0 0 0 0 0 0 0 0 0 0 0 0 0 0 0 0 0 0 0 0 0 0 0 0 0 0 0 0 0 0 0 0 0 0 0]
[2298729506996269477165215175203039868475139224522170079228904848666634376807187355277869727236247715177701259407747950162734665856411515144013346016410040916076326725030380126316942843468 0 0 0 0 0 0 0 0 0 0 0 0 0 0 0 0 0 0 0 0 0 0 0 0 1 0 0 0 0 0 0 0 0 0 0 0 0 0 0 0 0 0 0 0 0 0 0 0 0 0 0 0 0 0 0 0 0 0 0 0 0]
[896324626388662564208881583590581766884358705709802429468281250972352278118422570478040704484741923532675628381144052701943239336324065177688610166977386065716393719492049113278892233294 0 0 0 0 0 0 0 0 0 0 0 0 0 0 0 0 0 0 0 0 0 0 0 0 0 1 0 0 0 0 0 0 0 0 0 0 0 0 0 0 0 0 0 0 0 0 0 0 0 0 0 0 0 0 0 0 0 0 0 0 0]
[1312085536624012479768239632491168957737636976521743541252393876161936153531878066871216978505069849325857710399367838089925690923327043679741018475934326837191716345166313075265361401921 0 0 0 0 0 0 0 0 0 0 0 0 0 0 0 0 0 0 0 0 0 0 0 0 0 0 1 0 0 0 0 0 0 0 0 0 0 0 0 0 0 0 0 0 0 0 0 0 0 0 0 0 0 0 0 0 0 0 0 0 0]
[916709804014118118779719224746186518169766296134897148692654706354006251389664585882857624132348786296841123076274167827097215187656082127943350117530154927619000695951683554241719192115 0 0 0 0 0 0 0 0 0 0 0 0 0 0 0 0 0 0 0 0 0 0 0 0 0 0 0 1 0 0 0 0 0 0 0 0 0 0 0 0 0 0 0 0 0 0 0 0 0 0 0 0 0 0 0 0 0 0 0 0 0]
[1299399153216303139467434694015979689094830804879256388519295823314443438813164233057149982963742381302417409207112951369039131547806493052271813766790284789094177336400546833670081787933 0 0 0 0 0 0 0 0 0 0 0 0 0 0 0 0 0 0 0 0 0 0 0 0 0 0 0 0 1 0 0 0 0 0 0 0 0 0 0 0 0 0 0 0 0 0 0 0 0 0 0 0 0 0 0 0 0 0 0 0 0]
[753214309680183940850907861917988705958139268431519399539162089367494638390717338572792566537237091613684047644416414208585988370018916515465194584470536775314323646830487676848002401568 0 0 0 0 0 0 0 0 0 0 0 0 0 0 0 0 0 0 0 0 0 0 0 0 0 0 0 0 0 1 0 0 0 0 0 0 0 0 0 0 0 0 0 0 0 0 0 0 0 0 0 0 0 0 0 0 0 0 0 0 0]
[1800712529798771568889536286926974848063261195531878462538958583315141092033668298272142949196910570488004072556444117044231881505967328038868355210751287379589847689712730933194158563086 0 0 0 0 0 0 0 0 0 0 0 0 0 0 0 0 0 0 0 0 0 0 0 0 0 0 0 0 0 0 1 0 0 0 0 0 0 0 0 0 0 0 0 0 0 0 0 0 0 0 0 0 0 0 0 0 0 0 0 0 0]
[3252224410522356168623019970310579967748997581783694641439493954957543158585773694515982503356841485303732821349750026758203887003992073897149474873745796400858392069068809565816727988782 0 0 0 0 0 0 0 0 0 0 0 0 0 0 0 0 0 0 0 0 0 0 0 0 0 0 0 0 0 0 0 1 0 0 0 0 0 0 0 0 0 0 0 0 0 0 0 0 0 0 0 0 0 0 0 0 0 0 0 0 0]
[2323612826935215280181085885616435051328080906117046817759797338091795978136710440959935329795429452567473145402644094781892108667021585495996635485220484125724611941123389598852443915460 0 0 0 0 0 0 0 0 0 0 0 0 0 0 0 0 0 0 0 0 0 0 0 0 0 0 0 0 0 0 0 0 1 0 0 0 0 0 0 0 0 0 0 0 0 0 0 0 0 0 0 0 0 0 0 0 0 0 0 0 0]
[837090835264101454051011113370958417076847455721003041288817357883884347490823682692117296119095904811449087959558097364892900006531879201422123602055500597304287058015761817454539364772 0 0 0 0 0 0 0 0 0 0 0 0 0 0 0 0 0 0 0 0 0 0 0 0 0 0 0 0 0 0 0 0 0 1 0 0 0 0 0 0 0 0 0 0 0 0 0 0 0 0 0 0 0 0 0 0 0 0 0 0 0]
[1914544251599221708969815506880934543728918705002868326393811909974243298219150791317486261415226754350442719275588808194100696732636490381289911913364970526268240349201340232127118744260 0 0 0 0 0 0 0 0 0 0 0 0 0 0 0 0 0 0 0 0 0 0 0 0 0 0 0 0 0 0 0 0 0 0 1 0 0 0 0 0 0 0 0 0 0 0 0 0 0 0 0 0 0 0 0 0 0 0 0 0 0]
[3469929007073010197964080590410910959828495918206603382307366821887602083291719270217885862525412387494048954593464619641227828637861206751108492545780647153022774676353449380974258269183 0 0 0 0 0 0 0 0 0 0 0 0 0 0 0 0 0 0 0 0 0 0 0 0 0 0 0 0 0 0 0 0 0 0 0 1 0 0 0 0 0 0 0 0 0 0 0 0 0 0 0 0 0 0 0 0 0 0 0 0 0]
[1024770897348463898515952080823093444598700647338363019533447330382204835770773966108745484981290158413900840769231285615536941164285218292599303881782577058588922052286061984880068643985 0 0 0 0 0 0 0 0 0 0 0 0 0 0 0 0 0 0 0 0 0 0 0 0 0 0 0 0 0 0 0 0 0 0 0 0 1 0 0 0 0 0 0 0 0 0 0 0 0 0 0 0 0 0 0 0 0 0 0 0 0]
[154391990582250667996137061844124012425375588468527450526373346475240016017185915860348395079147244839680127184396412067588052021697472835089142497778433590052462667221073451042503671319 0 0 0 0 0 0 0 0 0 0 0 0 0 0 0 0 0 0 0 0 0 0 0 0 0 0 0 0 0 0 0 0 0 0 0 0 0 1 0 0 0 0 0 0 0 0 0 0 0 0 0 0 0 0 0 0 0 0 0 0 0]
[3070576564940218474800968981746936607443713015630426079460797781491881174680850728872657705724291000148756479524947984331734401730581140801895327150592365259163218167467265267451987414308 0 0 0 0 0 0 0 0 0 0 0 0 0 0 0 0 0 0 0 0 0 0 0 0 0 0 0 0 0 0 0 0 0 0 0 0 0 0 1 0 0 0 0 0 0 0 0 0 0 0 0 0 0 0 0 0 0 0 0 0 0]
[338957082910872664912449066087475961620023388443132686368420139151989773649447206082990372357086298186502805913822017342967989104232915610278187048195533331931885581495544005246201342503 0 0 0 0 0 0 0 0 0 0 0 0 0 0 0 0 0 0 0 0 0 0 0 0 0 0 0 0 0 0 0 0 0 0 0 0 0 0 0 1 0 0 0 0 0 0 0 0 0 0 0 0 0 0 0 0 0 0 0 0 0]
[1785692069097021802428422437990683091154595539542145344164791944165293862419665770285128715432815713290767088631947624171882273348214619029644162592346799819788142756811779108542346410060 0 0 0 0 0 0 0 0 0 0 0 0 0 0 0 0 0 0 0 0 0 0 0 0 0 0 0 0 0 0 0 0 0 0 0 0 0 0 0 0 1 0 0 0 0 0 0 0 0 0 0 0 0 0 0 0 0 0 0 0 0]
[951705923303172983536512386651104555035540028008030179607737452012238677942139843182295312375995552356320936336707190381533132164824621672202564086565504315181214073393013209080238900898 0 0 0 0 0 0 0 0 0 0 0 0 0 0 0 0 0 0 0 0 0 0 0 0 0 0 0 0 0 0 0 0 0 0 0 0 0 0 0 0 0 1 0 0 0 0 0 0 0 0 0 0 0 0 0 0 0 0 0 0 0]
[1468978797176001903432790295224562122102469574024089463660285380723153048832544040494203282441109338712194089570288752011868414465828681756838160516268643502548249252324057028726927266319 0 0 0 0 0 0 0 0 0 0 0 0 0 0 0 0 0 0 0 0 0 0 0 0 0 0 0 0 0 0 0 0 0 0 0 0 0 0 0 0 0 0 1 0 0 0 0 0 0 0 0 0 0 0 0 0 0 0 0 0 0]
[262934143765834198512346827938899147306156606143230875480374579067181775297951023785626368460293758643290206988929364623529157878860209462610275816492580752297764229710675753865951360067 0 0 0 0 0 0 0 0 0 0 0 0 0 0 0 0 0 0 0 0 0 0 0 0 0 0 0 0 0 0 0 0 0 0 0 0 0 0 0 0 0 0 0 1 0 0 0 0 0 0 0 0 0 0 0 0 0 0 0 0 0]
[2010064594302469757949485419463353335118559156158280283945172151469613647060127652801336595171812905144904981739413217402537182027971374079413839629117232990528239727611821639754460834820 0 0 0 0 0 0 0 0 0 0 0 0 0 0 0 0 0 0 0 0 0 0 0 0 0 0 0 0 0 0 0 0 0 0 0 0 0 0 0 0 0 0 0 0 1 0 0 0 0 0 0 0 0 0 0 0 0 0 0 0 0]
[3615639586816594248117136124341716365221860882538698335629583667549353902689356864356584929483960808483513122655424493200955266319738307172078070056042718155955125193461347658892371083008 0 0 0 0 0 0 0 0 0 0 0 0 0 0 0 0 0 0 0 0 0 0 0 0 0 0 0 0 0 0 0 0 0 0 0 0 0 0 0 0 0 0 0 0 0 1 0 0 0 0 0 0 0 0 0 0 0 0 0 0 0]
[20673388096426509529760333359380347883663573533782286072504077441725181364201499562745341503420591899036156967275968762990101550038307712166306061124771467575234106930075410383282853647 0 0 0 0 0 0 0 0 0 0 0 0 0 0 0 0 0 0 0 0 0 0 0 0 0 0 0 0 0 0 0 0 0 0 0 0 0 0 0 0 0 0 0 0 0 0 1 0 0 0 0 0 0 0 0 0 0 0 0 0 0]
[67451956670749763236130714783974727961734029251789357719335818690867739192802623856541306259085392313184837499919409398489292241670377708926081804271282652699156409471099795531378635554 0 0 0 0 0 0 0 0 0 0 0 0 0 0 0 0 0 0 0 0 0 0 0 0 0 0 0 0 0 0 0 0 0 0 0 0 0 0 0 0 0 0 0 0 0 0 0 1 0 0 0 0 0 0 0 0 0 0 0 0 0]
[1985736325592191800272303969221452149073452184062153847594197233154451181155064470351621374617769744781545862444919311183546839202394585359813403224491612523012947507982158029961842779011 0 0 0 0 0 0 0 0 0 0 0 0 0 0 0 0 0 0 0 0 0 0 0 0 0 0 0 0 0 0 0 0 0 0 0 0 0 0 0 0 0 0 0 0 0 0 0 0 1 0 0 0 0 0 0 0 0 0 0 0 0]
[2656825643929966480679157418082352485424096550597974098762050778763528031837725829529221685302707885307198263983383368129776546750139000479959487225383836387424011666901481191014885113029 0 0 0 0 0 0 0 0 0 0 0 0 0 0 0 0 0 0 0 0 0 0 0 0 0 0 0 0 0 0 0 0 0 0 0 0 0 0 0 0 0 0 0 0 0 0 0 0 0 1 0 0 0 0 0 0 0 0 0 0 0]
[166397977612218120909501272403681810231873854464257067413966350872137307963100430283896174158511346905161060827810710376039339456328579923003812955347851377874194336118740499092046275444 0 0 0 0 0 0 0 0 0 0 0 0 0 0 0 0 0 0 0 0 0 0 0 0 0 0 0 0 0 0 0 0 0 0 0 0 0 0 0 0 0 0 0 0 0 0 0 0 0 0 1 0 0 0 0 0 0 0 0 0 0]
[467555475669651109638436639813898362869495581270735432111866268901965470139276868680286895594592763311062623076084053129274130650931781902209746174430407879437131216676009861268901064624 0 0 0 0 0 0 0 0 0 0 0 0 0 0 0 0 0 0 0 0 0 0 0 0 0 0 0 0 0 0 0 0 0 0 0 0 0 0 0 0 0 0 0 0 0 0 0 0 0 0 0 1 0 0 0 0 0 0 0 0 0]
[2244249566165410252688771802383549598743588007944715181047393722908272207014984745799870435367270036392088783171349747538037188269137299732367164272777327240505607221035252729589573900418 0 0 0 0 0 0 0 0 0 0 0 0 0 0 0 0 0 0 0 0 0 0 0 0 0 0 0 0 0 0 0 0 0 0 0 0 0 0 0 0 0 0 0 0 0 0 0 0 0 0 0 0 1 0 0 0 0 0 0 0 0]
[839828374379296549010383559327065510188562683559766907708355391042619620505431390947792895542751085318317912650612040370511486414620621352645428853417234080604734988320770667451786833004 0 0 0 0 0 0 0 0 0 0 0 0 0 0 0 0 0 0 0 0 0 0 0 0 0 0 0 0 0 0 0 0 0 0 0 0 0 0 0 0 0 0 0 0 0 0 0 0 0 0 0 0 0 1 0 0 0 0 0 0 0]
[1522716386805288039209660435193929195585100423332711698351300091037804804419836580736539409992224831557841611667354480724168859497005620263482600109387365414226388625958289528096467344084 0 0 0 0 0 0 0 0 0 0 0 0 0 0 0 0 0 0 0 0 0 0 0 0 0 0 0 0 0 0 0 0 0 0 0 0 0 0 0 0 0 0 0 0 0 0 0 0 0 0 0 0 0 0 1 0 0 0 0 0 0]
[848862660562382280039926754781140131124353441631945602458747053286239002813432068802790056607856202121392736231377682485268911933209746402341989637882541699970215835869416850990685852454 0 0 0 0 0 0 0 0 0 0 0 0 0 0 0 0 0 0 0 0 0 0 0 0 0 0 0 0 0 0 0 0 0 0 0 0 0 0 0 0 0 0 0 0 0 0 0 0 0 0 0 0 0 0 0 1 0 0 0 0 0]
[1031954600710023941095663850728344658044881769295267546436878493652310378082795643193078749500844525981517219430460780267339943524030472036226803853861217496486961979560944646786299969894 0 0 0 0 0 0 0 0 0 0 0 0 0 0 0 0 0 0 0 0 0 0 0 0 0 0 0 0 0 0 0 0 0 0 0 0 0 0 0 0 0 0 0 0 0 0 0 0 0 0 0 0 0 0 0 0 1 0 0 0 0]
[2237371176958485704910199984620410806679920965688494156188610436515237374083656833829359148227314071476858686554719247658624033416983914111436175945990567205261852839697056335854085597490 0 0 0 0 0 0 0 0 0 0 0 0 0 0 0 0 0 0 0 0 0 0 0 0 0 0 0 0 0 0 0 0 0 0 0 0 0 0 0 0 0 0 0 0 0 0 0 0 0 0 0 0 0 0 0 0 0 1 0 0 0]
[2100533608299071810351491926834570187911325488047723417771669412948908247165663954282855919782230503668820311604155099239540342326219416889844206454162824389801661254360184209916304199791 0 0 0 0 0 0 0 0 0 0 0 0 0 0 0 0 0 0 0 0 0 0 0 0 0 0 0 0 0 0 0 0 0 0 0 0 0 0 0 0 0 0 0 0 0 0 0 0 0 0 0 0 0 0 0 0 0 0 1 0 0]
[2670381774695256945452190293853830710840378147348354856761661135104806311622547898150302150258776179277373233863132798513813690616923271055390468673287441858555652630948059291617038844378 0 0 0 0 0 0 0 0 0 0 0 0 0 0 0 0 0 0 0 0 0 0 0 0 0 0 0 0 0 0 0 0 0 0 0 0 0 0 0 0 0 0 0 0 0 0 0 0 0 0 0 0 0 0 0 0 0 0 0 1 0]
[1548359783116298053445771978764589615466851578452220099554653622866355956691132624726123005521960872596822933315604004308288328212992989594674511003343555035330197941026115434645847588015 0 0 0 0 0 0 0 0 0 0 0 0 0 0 0 0 0 0 0 0 0 0 0 0 0 0 0 0 0 0 0 0 0 0 0 0 0 0 0 0 0 0 0 0 0 0 0 0 0 0 0 0 0 0 0 0 0 0 0 0 1]
]
