[[4475417081923942544086142379044454955296369143366834835743351185405233093071587702035480036534786057223368838304140675404478553157577312616100311980627478248143573310882873784589562248961161517178682677438651935517595752078033314768042463694578227102777758416298723362306618263 0 0 0 0 0 0 0 0 0 0 0 0 0 0 0 0 0 0 0 0 0 0 0 0 0 0 0 0 0 0 0 0 0 0 0 0 0 0 0 0 0 0 0 0 0 0 0 0 0 0 0 0 0 0 0 0 0 0 0 0 0 0 0 0 0 0 0 0 0 0 0 0 0 0 0 0 0 0 0 0 0 0 0 0 0 0 0 0 0 0 0]
[3561712414707770212401590517852967350559708648672973164330891546945093930281704264206214725509234996123761166000461644504950270120472401930067998285016154461920115544143113432055277071466793669241913895587687366828288635080194933080492316733342729783542708317859754845394925349 1 0 0 0 0 0 0 0 0 0 0 0 0 0 0 0 0 0 0 0 0 0 0 0 0 0 0 0 0 0 0 0 0 0 0 0 0 0 0 0 0 0 0 0 0 0 0 0 0 0 0 0 0 0 0 0 0 0 0 0 0 0 0 0 0 0 0 0 0 0 0 0 0 0 0 0 0 0 0 0 0 0 0 0 0 0 0 0 0 0 0]
[1128735713409766377273048679595650592774039982359394691328800316987176669878363870181661203493327996664714746237090775122736945146550981737413969948429707157891887383805761854435634520566992656973888495914547557902145568222467544467649902245165206677474581424010897465432422933 0 1 0 0 0 0 0 0 0 0 0 0 0 0 0 0 0 0 0 0 0 0 0 0 0 0 0 0 0 0 0 0 0 0 0 0 0 0 0 0 0 0 0 0 0 0 0 0 0 0 0 0 0 0 0 0 0 0 0 0 0 0 0 0 0 0 0 0 0 0 0 0 0 0 0 0 0 0 0 0 0 0 0 0 0 0 0 0 0 0 0]
[2022897133757268435412455858646010374739412771935634651142361475925143065232565212849960189309922156212164284949306714081632774769593164124749505952617908956584978552584286364596173539058105572407556456307674202536405692254517408197117986900081163922980248109590716691498537441 0 0 1 0 0 0 0 0 0 0 0 0 0 0 0 0 0 0 0 0 0 0 0 0 0 0 0 0 0 0 0 0 0 0 0 0 0 0 0 0 0 0 0 0 0 0 0 0 0 0 0 0 0 0 0 0 0 0 0 0 0 0 0 0 0 0 0 0 0 0 0 0 0 0 0 0 0 0 0 0 0 0 0 0 0 0 0 0 0 0 0]
[554876466214468146139556727824064000398034441154155815368439186898879982179160174935375462511231396036200761663047379231934168751742141626415944297686162301163727367246180898837575827848172827125483879257463731154024371768590894308530498558179131771428741265039199835486392171 0 0 0 1 0 0 0 0 0 0 0 0 0 0 0 0 0 0 0 0 0 0 0 0 0 0 0 0 0 0 0 0 0 0 0 0 0 0 0 0 0 0 0 0 0 0 0 0 0 0 0 0 0 0 0 0 0 0 0 0 0 0 0 0 0 0 0 0 0 0 0 0 0 0 0 0 0 0 0 0 0 0 0 0 0 0 0 0 0 0 0]
[2140170089835818730461499955505170232370958997498033631108095006187108535166705531292523711535000772537625205127212715197617866317816943849327383162300195750491190267017926764929489930711729519650179356792619091397824953901554677667692304445732690615481301488999436698740362864 0 0 0 0 1 0 0 0 0 0 0 0 0 0 0 0 0 0 0 0 0 0 0 0 0 0 0 0 0 0 0 0 0 0 0 0 0 0 0 0 0 0 0 0 0 0 0 0 0 0 0 0 0 0 0 0 0 0 0 0 0 0 0 0 0 0 0 0 0 0 0 0 0 0 0 0 0 0 0 0 0 0 0 0 0 0 0 0 0 0 0]
[1577837259535880548036859364763450668980108923068580159302698066679778018700235435064856881610985411054900167730575286863306156324476393927646492439926694910027493423356469957665416110248275338413663462061463710321651862295901474410635663027368645079968853262650474204285051985 0 0 0 0 0 1 0 0 0 0 0 0 0 0 0 0 0 0 0 0 0 0 0 0 0 0 0 0 0 0 0 0 0 0 0 0 0 0 0 0 0 0 0 0 0 0 0 0 0 0 0 0 0 0 0 0 0 0 0 0 0 0 0 0 0 0 0 0 0 0 0 0 0 0 0 0 0 0 0 0 0 0 0 0 0 0 0 0 0 0 0]
[2665874582275081141533243754708084928945730792204890073801845102135930233008267722214629479665981985369301693985394777964673200949949209292282489260336806440065586162805614299739475752453554172545167538970297864935603619241756402295414021384731487967745039636615906790942083815 0 0 0 0 0 0 1 0 0 0 0 0 0 0 0 0 0 0 0 0 0 0 0 0 0 0 0 0 0 0 0 0 0 0 0 0 0 0 0 0 0 0 0 0 0 0 0 0 0 0 0 0 0 0 0 0 0 0 0 0 0 0 0 0 0 0 0 0 0 0 0 0 0 0 0 0 0 0 0 0 0 0 0 0 0 0 0 0 0 0 0]
[997872287388792382857781153157667740208387368245818352518782106564586494314173276453415283894956446617912438337113952663173649458626022139980605132929342009110260190909239738773046140441775714094567943562979057262858336592373086202554953252088732744222500095018498011085904604 0 0 0 0 0 0 0 1 0 0 0 0 0 0 0 0 0 0 0 0 0 0 0 0 0 0 0 0 0 0 0 0 0 0 0 0 0 0 0 0 0 0 0 0 0 0 0 0 0 0 0 0 0 0 0 0 0 0 0 0 0 0 0 0 0 0 0 0 0 0 0 0 0 0 0 0 0 0 0 0 0 0 0 0 0 0 0 0 0 0 0]
[667921357120641404306680068283407291133993910052503602590354031589545765493337488312488578815943937365509123520547761746836249761271268412591624820923413792299763760934819944103942350021531734552860827174259881114839467469732661738355166573887671527130158210041356443223222851 0 0 0 0 0 0 0 0 1 0 0 0 0 0 0 0 0 0 0 0 0 0 0 0 0 0 0 0 0 0 0 0 0 0 0 0 0 0 0 0 0 0 0 0 0 0 0 0 0 0 0 0 0 0 0 0 0 0 0 0 0 0 0 0 0 0 0 0 0 0 0 0 0 0 0 0 0 0 0 0 0 0 0 0 0 0 0 0 0 0 0]
[483548402357811888860173779592641459155561633662247749245181468873778818738017173931487956171163673683016934302480724435898062104452533005273397812446216172714096743957038146073812123917030402163173550439179269507883264591398109517341589974131509771943104051316149190996703251 0 0 0 0 0 0 0 0 0 1 0 0 0 0 0 0 0 0 0 0 0 0 0 0 0 0 0 0 0 0 0 0 0 0 0 0 0 0 0 0 0 0 0 0 0 0 0 0 0 0 0 0 0 0 0 0 0 0 0 0 0 0 0 0 0 0 0 0 0 0 0 0 0 0 0 0 0 0 0 0 0 0 0 0 0 0 0 0 0 0 0]
[799666863392278818803875783534828493211440587934945079951953066717069147453583520694715896006383032282425322506160278196192472819000368596334499417439392854636206827791928834982891711897449277458495757082552632362150837535810978525416189382764154964915111388891905164608089449 0 0 0 0 0 0 0 0 0 0 1 0 0 0 0 0 0 0 0 0 0 0 0 0 0 0 0 0 0 0 0 0 0 0 0 0 0 0 0 0 0 0 0 0 0 0 0 0 0 0 0 0 0 0 0 0 0 0 0 0 0 0 0 0 0 0 0 0 0 0 0 0 0 0 0 0 0 0 0 0 0 0 0 0 0 0 0 0 0 0 0]
[1161829638482610788492605456806286868709134601003050944985292709966429649030594260821716698887815551057062118507893096909296895216850336319617722066745891457624768020105475221295158459965873756915428111146038319983246811340662318077014805825096036736710114938999110445017171948 0 0 0 0 0 0 0 0 0 0 0 1 0 0 0 0 0 0 0 0 0 0 0 0 0 0 0 0 0 0 0 0 0 0 0 0 0 0 0 0 0 0 0 0 0 0 0 0 0 0 0 0 0 0 0 0 0 0 0 0 0 0 0 0 0 0 0 0 0 0 0 0 0 0 0 0 0 0 0 0 0 0 0 0 0 0 0 0 0 0 0]
[2568776465518468560697437079815249373862748839748693108445337325436212470793424753309112019417474555939688957721864053924126919806078417005340002087767495872124565662661121936770627562246180065551316831257222674341564340339960561294317037293263821097452569782896950523033684214 0 0 0 0 0 0 0 0 0 0 0 0 1 0 0 0 0 0 0 0 0 0 0 0 0 0 0 0 0 0 0 0 0 0 0 0 0 0 0 0 0 0 0 0 0 0 0 0 0 0 0 0 0 0 0 0 0 0 0 0 0 0 0 0 0 0 0 0 0 0 0 0 0 0 0 0 0 0 0 0 0 0 0 0 0 0 0 0 0 0 0]
[1861305785612094093099699986864550468861457812000660573629744877276566457323549316452470430762881259135298860205036183277373359483440965665397196102611874347675555492336646850367591378854551998602273030555477300002508058870233913504857048234124537584077783248570653283985607363 0 0 0 0 0 0 0 0 0 0 0 0 0 1 0 0 0 0 0 0 0 0 0 0 0 0 0 0 0 0 0 0 0 0 0 0 0 0 0 0 0 0 0 0 0 0 0 0 0 0 0 0 0 0 0 0 0 0 0 0 0 0 0 0 0 0 0 0 0 0 0 0 0 0 0 0 0 0 0 0 0 0 0 0 0 0 0 0 0 0 0]
[4428285848969962656028474528312824974221746312217412639322903777722271677498186074917535984239344370121339334630465492600067942093803038706757457455804959736668712335694663879015859455039947160444312065988254284582329958278385136930451413283921259108036967113031750320496719796 0 0 0 0 0 0 0 0 0 0 0 0 0 0 1 0 0 0 0 0 0 0 0 0 0 0 0 0 0 0 0 0 0 0 0 0 0 0 0 0 0 0 0 0 0 0 0 0 0 0 0 0 0 0 0 0 0 0 0 0 0 0 0 0 0 0 0 0 0 0 0 0 0 0 0 0 0 0 0 0 0 0 0 0 0 0 0 0 0 0 0]
[2206813735719703687722959711660081386790729360513324603375429215315587522595224982246321763248026624566546586325298370978198824394784939610289669120518627812681985811325297119394378398938013866601701997189512443011676111978979746385636759625346587390422807397872894062791317923 0 0 0 0 0 0 0 0 0 0 0 0 0 0 0 1 0 0 0 0 0 0 0 0 0 0 0 0 0 0 0 0 0 0 0 0 0 0 0 0 0 0 0 0 0 0 0 0 0 0 0 0 0 0 0 0 0 0 0 0 0 0 0 0 0 0 0 0 0 0 0 0 0 0 0 0 0 0 0 0 0 0 0 0 0 0 0 0 0 0 0]
[1292296380759975746359734377381732388274961210162694100708689705705118571408882293603392132724321070715447521855706105398713504753929826246442982048314072774386745734715063044404530186456393829562131885433224300050202342800663503029845856800706624874631644518304945135217479032 0 0 0 0 0 0 0 0 0 0 0 0 0 0 0 0 1 0 0 0 0 0 0 0 0 0 0 0 0 0 0 0 0 0 0 0 0 0 0 0 0 0 0 0 0 0 0 0 0 0 0 0 0 0 0 0 0 0 0 0 0 0 0 0 0 0 0 0 0 0 0 0 0 0 0 0 0 0 0 0 0 0 0 0 0 0 0 0 0 0 0]
[1091993260270129894673660748888002954790364431652413191365809189122177948539871684707792480755927680037804039249868346261432755304468367700752923800533018576282412340281311001082867566404140659706670207319154087547251180499928334192064499952753410996883606442132729245365848864 0 0 0 0 0 0 0 0 0 0 0 0 0 0 0 0 0 1 0 0 0 0 0 0 0 0 0 0 0 0 0 0 0 0 0 0 0 0 0 0 0 0 0 0 0 0 0 0 0 0 0 0 0 0 0 0 0 0 0 0 0 0 0 0 0 0 0 0 0 0 0 0 0 0 0 0 0 0 0 0 0 0 0 0 0 0 0 0 0 0 0]
[1823085277961498890167916879875171564686697651427668817288709027090118237294502895296259072310979116181627838285401959541909338144291448368359160267097978450214831608032577241704494563969358223156258345822009874903724585317873300538906778216778390502888637884739723166160266135 0 0 0 0 0 0 0 0 0 0 0 0 0 0 0 0 0 0 1 0 0 0 0 0 0 0 0 0 0 0 0 0 0 0 0 0 0 0 0 0 0 0 0 0 0 0 0 0 0 0 0 0 0 0 0 0 0 0 0 0 0 0 0 0 0 0 0 0 0 0 0 0 0 0 0 0 0 0 0 0 0 0 0 0 0 0 0 0 0 0 0]
[2961517852127343130624376352843181995686358886052721934627036724341564368323104562746067251900204199882246287209731945971656257287140034303590324226687768578605195944464059927212361107999372304756872000996423661828534183332640999333930660624462026470352435589938840372562531860 0 0 0 0 0 0 0 0 0 0 0 0 0 0 0 0 0 0 0 1 0 0 0 0 0 0 0 0 0 0 0 0 0 0 0 0 0 0 0 0 0 0 0 0 0 0 0 0 0 0 0 0 0 0 0 0 0 0 0 0 0 0 0 0 0 0 0 0 0 0 0 0 0 0 0 0 0 0 0 0 0 0 0 0 0 0 0 0 0 0 0]
[1808599092555874299406270875868776325113650363429602803305530749961748848148947544706487601389856601781577609983024390371377655488332004376750834362016280386661621813507920661497334715360510192064638726939048275029576226074065884285919679498333585529315717978521423536726078228 0 0 0 0 0 0 0 0 0 0 0 0 0 0 0 0 0 0 0 0 1 0 0 0 0 0 0 0 0 0 0 0 0 0 0 0 0 0 0 0 0 0 0 0 0 0 0 0 0 0 0 0 0 0 0 0 0 0 0 0 0 0 0 0 0 0 0 0 0 0 0 0 0 0 0 0 0 0 0 0 0 0 0 0 0 0 0 0 0 0 0]
[502725072103294111159371228315392986302121958531935735765721262671118777850855341024407244647500420445309638952956785218045560996681702714970528332687157766066329286291564732814176729098328560959302321096585503177165239291044567078909990293543303012692455839723757462367207464 0 0 0 0 0 0 0 0 0 0 0 0 0 0 0 0 0 0 0 0 0 1 0 0 0 0 0 0 0 0 0 0 0 0 0 0 0 0 0 0 0 0 0 0 0 0 0 0 0 0 0 0 0 0 0 0 0 0 0 0 0 0 0 0 0 0 0 0 0 0 0 0 0 0 0 0 0 0 0 0 0 0 0 0 0 0 0 0 0 0 0]
[3051506792254384044526937343967603354338958133897555711971983611670501177420433657083090383604255095240158115244739326862220252879196673097939497025368630050583781422646804308196743876329255563880930221253778696544041793335910301946214022874135912884542180971358860385389411441 0 0 0 0 0 0 0 0 0 0 0 0 0 0 0 0 0 0 0 0 0 0 1 0 0 0 0 0 0 0 0 0 0 0 0 0 0 0 0 0 0 0 0 0 0 0 0 0 0 0 0 0 0 0 0 0 0 0 0 0 0 0 0 0 0 0 0 0 0 0 0 0 0 0 0 0 0 0 0 0 0 0 0 0 0 0 0 0 0 0 0]
[1223824620655059679192007515057272050604637556239868316012551221636244575683565871717167473172276507156144636049654436568460052254875193920468699051922677438275403119002818248902969065638932557293072614690539600152097759894181507744694528450261844040591657042220917957623457930 0 0 0 0 0 0 0 0 0 0 0 0 0 0 0 0 0 0 0 0 0 0 0 1 0 0 0 0 0 0 0 0 0 0 0 0 0 0 0 0 0 0 0 0 0 0 0 0 0 0 0 0 0 0 0 0 0 0 0 0 0 0 0 0 0 0 0 0 0 0 0 0 0 0 0 0 0 0 0 0 0 0 0 0 0 0 0 0 0 0 0]
[3478170958211289419002425402041713506122177303738443196587489105626556275082157066487086533212621941124417490039672038012326372687575433420378299344193920023041125584797387214109905897062042977550732974856409325777418343771253684450002377286715746055730730851279327709134941895 0 0 0 0 0 0 0 0 0 0 0 0 0 0 0 0 0 0 0 0 0 0 0 0 1 0 0 0 0 0 0 0 0 0 0 0 0 0 0 0 0 0 0 0 0 0 0 0 0 0 0 0 0 0 0 0 0 0 0 0 0 0 0 0 0 0 0 0 0 0 0 0 0 0 0 0 0 0 0 0 0 0 0 0 0 0 0 0 0 0 0]
[3005444106079543502513267816338489959568068749358049359592788836891325796662680005412232729270750987890123315660316924183396072148953993787416436018067022666655646588584298296140799216992800254749270122534946455082080877072670095516109625356227977002954827994479390789386790288 0 0 0 0 0 0 0 0 0 0 0 0 0 0 0 0 0 0 0 0 0 0 0 0 0 1 0 0 0 0 0 0 0 0 0 0 0 0 0 0 0 0 0 0 0 0 0 0 0 0 0 0 0 0 0 0 0 0 0 0 0 0 0 0 0 0 0 0 0 0 0 0 0 0 0 0 0 0 0 0 0 0 0 0 0 0 0 0 0 0 0]
[942515631850766901537160432548080785322406510801479747865665996702857222697647625979539236369719149848560151550051149406918249564285981274149399503893568924381303689503309017732575127329943466429656577628612290886956811089390759379654667991172625836284692343463356889878900354 0 0 0 0 0 0 0 0 0 0 0 0 0 0 0 0 0 0 0 0 0 0 0 0 0 0 1 0 0 0 0 0 0 0 0 0 0 0 0 0 0 0 0 0 0 0 0 0 0 0 0 0 0 0 0 0 0 0 0 0 0 0 0 0 0 0 0 0 0 0 0 0 0 0 0 0 0 0 0 0 0 0 0 0 0 0 0 0 0 0 0]
[1955418482050820055725335252438605754370388928818443343529302938187400780843491482394988639681756264887623641026279890056139263273748192489645445786431636482913011970880683134591536489099142271749442171828267846547885319460589460894254221995265256650303081045139865511577385378 0 0 0 0 0 0 0 0 0 0 0 0 0 0 0 0 0 0 0 0 0 0 0 0 0 0 0 1 0 0 0 0 0 0 0 0 0 0 0 0 0 0 0 0 0 0 0 0 0 0 0 0 0 0 0 0 0 0 0 0 0 0 0 0 0 0 0 0 0 0 0 0 0 0 0 0 0 0 0 0 0 0 0 0 0 0 0 0 0 0 0]
[1036366805928171504366862167693700745147798628541353970056087309157414606490719283476213379438975710959756841381723245582185757964394335537461855366643139679581389494644124160911031303715974135486854078023105558242340123902931616720221784876653144983638043740082583709424371631 0 0 0 0 0 0 0 0 0 0 0 0 0 0 0 0 0 0 0 0 0 0 0 0 0 0 0 0 1 0 0 0 0 0 0 0 0 0 0 0 0 0 0 0 0 0 0 0 0 0 0 0 0 0 0 0 0 0 0 0 0 0 0 0 0 0 0 0 0 0 0 0 0 0 0 0 0 0 0 0 0 0 0 0 0 0 0 0 0 0 0]
[601392333618954649470577585307927814326170448053539422575590318246937260851876001884441310126275909937389730078075797058935157152707196012965720123214396362665385765657442604303519417102723764765448763789632867940468544429714726105640798411238675746270656304247727194400218653 0 0 0 0 0 0 0 0 0 0 0 0 0 0 0 0 0 0 0 0 0 0 0 0 0 0 0 0 0 1 0 0 0 0 0 0 0 0 0 0 0 0 0 0 0 0 0 0 0 0 0 0 0 0 0 0 0 0 0 0 0 0 0 0 0 0 0 0 0 0 0 0 0 0 0 0 0 0 0 0 0 0 0 0 0 0 0 0 0 0 0]
[1450049480747818634510631448918959372516486819302233632625203702733546328253537881871072648175657941971710410219957209005166536528274799508682932173927928464043273057222471414974328760950558246425969274088547608205197178539824570745487002794448606997247789521834503322506891397 0 0 0 0 0 0 0 0 0 0 0 0 0 0 0 0 0 0 0 0 0 0 0 0 0 0 0 0 0 0 1 0 0 0 0 0 0 0 0 0 0 0 0 0 0 0 0 0 0 0 0 0 0 0 0 0 0 0 0 0 0 0 0 0 0 0 0 0 0 0 0 0 0 0 0 0 0 0 0 0 0 0 0 0 0 0 0 0 0 0 0]
[1717666940847732332960919529146629480282114455526994258974143402812801421890072666180548993633736303356788341656216335753680948395210842353872488157064182056201565378104866895458380581559127969140230888356532458802082709256612954411147041531650183659502458090409701012115478842 0 0 0 0 0 0 0 0 0 0 0 0 0 0 0 0 0 0 0 0 0 0 0 0 0 0 0 0 0 0 0 1 0 0 0 0 0 0 0 0 0 0 0 0 0 0 0 0 0 0 0 0 0 0 0 0 0 0 0 0 0 0 0 0 0 0 0 0 0 0 0 0 0 0 0 0 0 0 0 0 0 0 0 0 0 0 0 0 0 0 0]
[3975781714322658913982296652067700084334169609493821303982754438275629749506506508487438558793063737525133585335411107106668204053406671458948803795908877156279274703247419807760236236190852541666802081399828929215367768382881045352961375088184017327636342086202797652974992743 0 0 0 0 0 0 0 0 0 0 0 0 0 0 0 0 0 0 0 0 0 0 0 0 0 0 0 0 0 0 0 0 1 0 0 0 0 0 0 0 0 0 0 0 0 0 0 0 0 0 0 0 0 0 0 0 0 0 0 0 0 0 0 0 0 0 0 0 0 0 0 0 0 0 0 0 0 0 0 0 0 0 0 0 0 0 0 0 0 0 0]
[732498807432117367480247238392156809711928883197089072231474656151726598466453827867953797890496321568566922883182278688783576209995529263498399482691354390526437457813143109055201337873391959141035712750625289177014103258941267153723890745738362867901798411182225499641702633 0 0 0 0 0 0 0 0 0 0 0 0 0 0 0 0 0 0 0 0 0 0 0 0 0 0 0 0 0 0 0 0 0 1 0 0 0 0 0 0 0 0 0 0 0 0 0 0 0 0 0 0 0 0 0 0 0 0 0 0 0 0 0 0 0 0 0 0 0 0 0 0 0 0 0 0 0 0 0 0 0 0 0 0 0 0 0 0 0 0 0]
[2829343419574043818639164409162841841047926669646811650162303777844275676765990101660027346315379114782727334972513784375274284690908268522390121661024555795118498274584492451867456018515019544455883407510051528572088663445654483128498851224032736796793345044094640444737750838 0 0 0 0 0 0 0 0 0 0 0 0 0 0 0 0 0 0 0 0 0 0 0 0 0 0 0 0 0 0 0 0 0 0 1 0 0 0 0 0 0 0 0 0 0 0 0 0 0 0 0 0 0 0 0 0 0 0 0 0 0 0 0 0 0 0 0 0 0 0 0 0 0 0 0 0 0 0 0 0 0 0 0 0 0 0 0 0 0 0 0]
[3265919008092443305299230824947285610573045606174671337216341216708958224577867153374247358333934426942553960897037476143728776375973732662392837663878382596655402501848647095689344620349648480328885536040696628550980613271057671071799148225715468317450261123431156584153601858 0 0 0 0 0 0 0 0 0 0 0 0 0 0 0 0 0 0 0 0 0 0 0 0 0 0 0 0 0 0 0 0 0 0 0 1 0 0 0 0 0 0 0 0 0 0 0 0 0 0 0 0 0 0 0 0 0 0 0 0 0 0 0 0 0 0 0 0 0 0 0 0 0 0 0 0 0 0 0 0 0 0 0 0 0 0 0 0 0 0 0]
[2717438389058926776814877323429742461486489126048398803155120333870145322811064020197908966207927823711568224449504965143959053753594642382608559965995456857224559227620359783062378229058451653798825961598500859225663052071218126461889300641528563929715284640364955782634926614 0 0 0 0 0 0 0 0 0 0 0 0 0 0 0 0 0 0 0 0 0 0 0 0 0 0 0 0 0 0 0 0 0 0 0 0 1 0 0 0 0 0 0 0 0 0 0 0 0 0 0 0 0 0 0 0 0 0 0 0 0 0 0 0 0 0 0 0 0 0 0 0 0 0 0 0 0 0 0 0 0 0 0 0 0 0 0 0 0 0 0]
[3352467270950076959733650375535622135894344611724687997823928475559631268406362673248782063038515337199996478043215579811123914022805729521453519686709470642011687318019372384354100034911151869751668046663415416606925277337518327683258651707831380222644540348882886771063839036 0 0 0 0 0 0 0 0 0 0 0 0 0 0 0 0 0 0 0 0 0 0 0 0 0 0 0 0 0 0 0 0 0 0 0 0 0 1 0 0 0 0 0 0 0 0 0 0 0 0 0 0 0 0 0 0 0 0 0 0 0 0 0 0 0 0 0 0 0 0 0 0 0 0 0 0 0 0 0 0 0 0 0 0 0 0 0 0 0 0 0]
[3234646152292671814743045907034086272589065367304071516154018605144214228742107056537847681341611656437220443064555216465570077276571674675460130370324020247023982070942340177556834411083088526100720078543423129997096518944815973114355393733280243172056405920254871518022358259 0 0 0 0 0 0 0 0 0 0 0 0 0 0 0 0 0 0 0 0 0 0 0 0 0 0 0 0 0 0 0 0 0 0 0 0 0 0 1 0 0 0 0 0 0 0 0 0 0 0 0 0 0 0 0 0 0 0 0 0 0 0 0 0 0 0 0 0 0 0 0 0 0 0 0 0 0 0 0 0 0 0 0 0 0 0 0 0 0 0 0]
[3828122383651836614342682074604565793491315701148415515409489797786131428202632853094373415643765395866073159591722032712399823002926477643282228770441065389505572713727692823907719791955542545113083265231821636435514591407735648919787283894715094439430141409415379960496434288 0 0 0 0 0 0 0 0 0 0 0 0 0 0 0 0 0 0 0 0 0 0 0 0 0 0 0 0 0 0 0 0 0 0 0 0 0 0 0 1 0 0 0 0 0 0 0 0 0 0 0 0 0 0 0 0 0 0 0 0 0 0 0 0 0 0 0 0 0 0 0 0 0 0 0 0 0 0 0 0 0 0 0 0 0 0 0 0 0 0 0]
[2820137501353130922228958887045629626821295375833915133222910607637564249878053494124331600403917811375245358916681419023275402190502734716184581592986530780721427219437152415735675359497347216053269334022576840195526322484835928814515185521786500226430404373896793286622568690 0 0 0 0 0 0 0 0 0 0 0 0 0 0 0 0 0 0 0 0 0 0 0 0 0 0 0 0 0 0 0 0 0 0 0 0 0 0 0 0 1 0 0 0 0 0 0 0 0 0 0 0 0 0 0 0 0 0 0 0 0 0 0 0 0 0 0 0 0 0 0 0 0 0 0 0 0 0 0 0 0 0 0 0 0 0 0 0 0 0 0]
[3008484375866262592442085361679365012849957696433297402275510502264870919257482477989586513771700232711031048697724566053119503658570567916133134792379157514656399719060985488103100880435069773254872242594506201930312624889087935376541279531115637417457970535844636039519533612 0 0 0 0 0 0 0 0 0 0 0 0 0 0 0 0 0 0 0 0 0 0 0 0 0 0 0 0 0 0 0 0 0 0 0 0 0 0 0 0 0 1 0 0 0 0 0 0 0 0 0 0 0 0 0 0 0 0 0 0 0 0 0 0 0 0 0 0 0 0 0 0 0 0 0 0 0 0 0 0 0 0 0 0 0 0 0 0 0 0 0]
[1267760573494847821960143207510303960990484602533283991589825685940215368374932252322684681327136250242149106673301125911395862996762218300500097677336040225194207653211266755282762417649189713952316518219482693472300825265202945528639421133789721814284803205752658974619694293 0 0 0 0 0 0 0 0 0 0 0 0 0 0 0 0 0 0 0 0 0 0 0 0 0 0 0 0 0 0 0 0 0 0 0 0 0 0 0 0 0 0 1 0 0 0 0 0 0 0 0 0 0 0 0 0 0 0 0 0 0 0 0 0 0 0 0 0 0 0 0 0 0 0 0 0 0 0 0 0 0 0 0 0 0 0 0 0 0 0 0]
[3962812248075523837468155395734740978112590781827408457945221461090939352119996328065915584907055977189833578991523389334464112624386189656134213797811480877443814491877571708030333491924408889144325667396376421422247009536217504952864717997367749722011548839921480310478975304 0 0 0 0 0 0 0 0 0 0 0 0 0 0 0 0 0 0 0 0 0 0 0 0 0 0 0 0 0 0 0 0 0 0 0 0 0 0 0 0 0 0 0 1 0 0 0 0 0 0 0 0 0 0 0 0 0 0 0 0 0 0 0 0 0 0 0 0 0 0 0 0 0 0 0 0 0 0 0 0 0 0 0 0 0 0 0 0 0 0 0]
[2858427467565971702798091928934642774611276411245043739263266366676290303282423414731777948436607577231818942667020527215672069932152734684817659140040855086861848824314661865903638287348976374478523262916798902423238104400985243840853161613893423249720747916161831076586278233 0 0 0 0 0 0 0 0 0 0 0 0 0 0 0 0 0 0 0 0 0 0 0 0 0 0 0 0 0 0 0 0 0 0 0 0 0 0 0 0 0 0 0 0 1 0 0 0 0 0 0 0 0 0 0 0 0 0 0 0 0 0 0 0 0 0 0 0 0 0 0 0 0 0 0 0 0 0 0 0 0 0 0 0 0 0 0 0 0 0 0]
[3214502118357478585168837643305186822130038094815833790064348516928252417071640901843613122714833519932192696103955022946941169448455772201057236479068992405582478203921341760234604268698472217199126125757045989540630767855619125258100220843542001486766825891505991976672595805 0 0 0 0 0 0 0 0 0 0 0 0 0 0 0 0 0 0 0 0 0 0 0 0 0 0 0 0 0 0 0 0 0 0 0 0 0 0 0 0 0 0 0 0 0 1 0 0 0 0 0 0 0 0 0 0 0 0 0 0 0 0 0 0 0 0 0 0 0 0 0 0 0 0 0 0 0 0 0 0 0 0 0 0 0 0 0 0 0 0 0]
[2220797556086562152654025076662919673909787450384435044224462495674382153055551046127836548304427596650424462313274043293866184178221534004072850954878736190122793962086926510935486644750109670256176209000218833100131038089838207179034650757398320889649059844890521128031811299 0 0 0 0 0 0 0 0 0 0 0 0 0 0 0 0 0 0 0 0 0 0 0 0 0 0 0 0 0 0 0 0 0 0 0 0 0 0 0 0 0 0 0 0 0 0 1 0 0 0 0 0 0 0 0 0 0 0 0 0 0 0 0 0 0 0 0 0 0 0 0 0 0 0 0 0 0 0 0 0 0 0 0 0 0 0 0 0 0 0 0]
[2025052564305119629031116410884393556158098002146458321919023240588214079584957013529084050671111604959715777956443411783743233456791230222915191320181675421115346422396036209739136349987864042673942910000352826827548747609569012549953313771603991599284725584773495424446275619 0 0 0 0 0 0 0 0 0 0 0 0 0 0 0 0 0 0 0 0 0 0 0 0 0 0 0 0 0 0 0 0 0 0 0 0 0 0 0 0 0 0 0 0 0 0 0 1 0 0 0 0 0 0 0 0 0 0 0 0 0 0 0 0 0 0 0 0 0 0 0 0 0 0 0 0 0 0 0 0 0 0 0 0 0 0 0 0 0 0 0]
[3423621263865041436907877573216116864421258609482717659688817292437464392987695278845463333511286285286398196267894371269159219164364067808161264273921057406397227889248853114916879148830880358213183048851495730551421624693771867055083319099197883478366916782152088518561090037 0 0 0 0 0 0 0 0 0 0 0 0 0 0 0 0 0 0 0 0 0 0 0 0 0 0 0 0 0 0 0 0 0 0 0 0 0 0 0 0 0 0 0 0 0 0 0 0 1 0 0 0 0 0 0 0 0 0 0 0 0 0 0 0 0 0 0 0 0 0 0 0 0 0 0 0 0 0 0 0 0 0 0 0 0 0 0 0 0 0 0]
[1790033964784157085280277917508688808795781308624656582510730596433130152922003773355075104311603698870188809323089247971334776615705134721625890779144314571043448638023744049335334892482037312208108896116250683331883914554876235148255609140046578879481286111955281828120508901 0 0 0 0 0 0 0 0 0 0 0 0 0 0 0 0 0 0 0 0 0 0 0 0 0 0 0 0 0 0 0 0 0 0 0 0 0 0 0 0 0 0 0 0 0 0 0 0 0 1 0 0 0 0 0 0 0 0 0 0 0 0 0 0 0 0 0 0 0 0 0 0 0 0 0 0 0 0 0 0 0 0 0 0 0 0 0 0 0 0 0]
[90336029042499261453116464608070148653702667198940430766819995109876620706646019564221199482137957942729432278696446183734945234519278183998793912669293038770384041875033114276623217349219682801671100409776608937983168866905059530650682863528701849644878785771407846107657314 0 0 0 0 0 0 0 0 0 0 0 0 0 0 0 0 0 0 0 0 0 0 0 0 0 0 0 0 0 0 0 0 0 0 0 0 0 0 0 0 0 0 0 0 0 0 0 0 0 0 1 0 0 0 0 0 0 0 0 0 0 0 0 0 0 0 0 0 0 0 0 0 0 0 0 0 0 0 0 0 0 0 0 0 0 0 0 0 0 0 0]
[4385568230584799463362038328630905583493137741581865787724583486856785133986555167272079121781282108865913490595613644242701339536383187314182008448522864619880620098522785501744090293127921757955868086127561688693425399158896190490588985355295879055738592936557336289420094648 0 0 0 0 0 0 0 0 0 0 0 0 0 0 0 0 0 0 0 0 0 0 0 0 0 0 0 0 0 0 0 0 0 0 0 0 0 0 0 0 0 0 0 0 0 0 0 0 0 0 0 1 0 0 0 0 0 0 0 0 0 0 0 0 0 0 0 0 0 0 0 0 0 0 0 0 0 0 0 0 0 0 0 0 0 0 0 0 0 0 0]
[1655198382252568280567612281814813421185733925522950424103175392659559527647123995040260610449668916053853394395358414674698803505404876656172946188852098543129567715693809267840895200021613534513513882990803547743486014296336167558608367412574183933129303460942272861136228804 0 0 0 0 0 0 0 0 0 0 0 0 0 0 0 0 0 0 0 0 0 0 0 0 0 0 0 0 0 0 0 0 0 0 0 0 0 0 0 0 0 0 0 0 0 0 0 0 0 0 0 0 1 0 0 0 0 0 0 0 0 0 0 0 0 0 0 0 0 0 0 0 0 0 0 0 0 0 0 0 0 0 0 0 0 0 0 0 0 0 0]
[3607162299865414028579152260912345164438833655875963690305125415596070812110440716482387698194830810804046622689356941516735061262697682650235426575204976797019128911182232917512285291919683847123182701506096597906298695462515529319928285535288099834148175125352543008754958953 0 0 0 0 0 0 0 0 0 0 0 0 0 0 0 0 0 0 0 0 0 0 0 0 0 0 0 0 0 0 0 0 0 0 0 0 0 0 0 0 0 0 0 0 0 0 0 0 0 0 0 0 0 1 0 0 0 0 0 0 0 0 0 0 0 0 0 0 0 0 0 0 0 0 0 0 0 0 0 0 0 0 0 0 0 0 0 0 0 0 0]
[1159819798674396913754544006146831443675029210266100942225055668317946735209833370191478434362639697046089325966494644886095754027719139966646569247723051946527755030988160959748049457424765855251080775614901639362165565477303833421351030224021710939843244110878664230928460533 0 0 0 0 0 0 0 0 0 0 0 0 0 0 0 0 0 0 0 0 0 0 0 0 0 0 0 0 0 0 0 0 0 0 0 0 0 0 0 0 0 0 0 0 0 0 0 0 0 0 0 0 0 0 1 0 0 0 0 0 0 0 0 0 0 0 0 0 0 0 0 0 0 0 0 0 0 0 0 0 0 0 0 0 0 0 0 0 0 0 0]
[770028406491648535185947641003854434139241464994671122955056713448460659169124380718692338379050857049726926897350491840685552622158860411521611760752786976094181645078616936134239443458808774487043856367169736407549475943025417159413302222446818422087590848871299631920068371 0 0 0 0 0 0 0 0 0 0 0 0 0 0 0 0 0 0 0 0 0 0 0 0 0 0 0 0 0 0 0 0 0 0 0 0 0 0 0 0 0 0 0 0 0 0 0 0 0 0 0 0 0 0 0 1 0 0 0 0 0 0 0 0 0 0 0 0 0 0 0 0 0 0 0 0 0 0 0 0 0 0 0 0 0 0 0 0 0 0 0]
[945308600957649164917037080705667827385699770964475109610437726864349128446012775400169598387955998961215879196924850368022545179798920705086584495350196381449838381563903977228912737880049063525643695518975963833869276978927595431667256708813507710354721311586747516355593962 0 0 0 0 0 0 0 0 0 0 0 0 0 0 0 0 0 0 0 0 0 0 0 0 0 0 0 0 0 0 0 0 0 0 0 0 0 0 0 0 0 0 0 0 0 0 0 0 0 0 0 0 0 0 0 0 1 0 0 0 0 0 0 0 0 0 0 0 0 0 0 0 0 0 0 0 0 0 0 0 0 0 0 0 0 0 0 0 0 0 0]
[3788002088508033620083402679176351360767025479380900882716832346974329126587921044089679302970689992116207906084891819529274357749732983384223545103457635818907337429401156902358466433754964104039251350389514151485875052501855174166069970497572782436560061345661182182973858395 0 0 0 0 0 0 0 0 0 0 0 0 0 0 0 0 0 0 0 0 0 0 0 0 0 0 0 0 0 0 0 0 0 0 0 0 0 0 0 0 0 0 0 0 0 0 0 0 0 0 0 0 0 0 0 0 0 1 0 0 0 0 0 0 0 0 0 0 0 0 0 0 0 0 0 0 0 0 0 0 0 0 0 0 0 0 0 0 0 0 0]
[1173121465117409516389554309389460886155143743663057363690283540970272113006206165063222001054997136201551451977521885252494711222452692259439316267920736035811435346511523373090274940229070319981797653177429813725637207946560931317437081913378986657468298732767419418134114307 0 0 0 0 0 0 0 0 0 0 0 0 0 0 0 0 0 0 0 0 0 0 0 0 0 0 0 0 0 0 0 0 0 0 0 0 0 0 0 0 0 0 0 0 0 0 0 0 0 0 0 0 0 0 0 0 0 0 1 0 0 0 0 0 0 0 0 0 0 0 0 0 0 0 0 0 0 0 0 0 0 0 0 0 0 0 0 0 0 0 0]
[1963936190402185728525107971744996107888048015820214607233934351731808932263822730931832371948175456167217822660233282274408307653362413996971523310777932787911618538569366939333232695909128628782791178513833361399665478945616237143955973596357012264032645599153346845869490089 0 0 0 0 0 0 0 0 0 0 0 0 0 0 0 0 0 0 0 0 0 0 0 0 0 0 0 0 0 0 0 0 0 0 0 0 0 0 0 0 0 0 0 0 0 0 0 0 0 0 0 0 0 0 0 0 0 0 0 1 0 0 0 0 0 0 0 0 0 0 0 0 0 0 0 0 0 0 0 0 0 0 0 0 0 0 0 0 0 0 0]
[2159989836544122795236150482676650740006803705078029940702185344365718674389148182728798888347509699708461474075465385075678651969953305810384812037793920405561394835690746759497940456787635535803436477927858772631445469720646407279831614054753850422121440804090513787100248344 0 0 0 0 0 0 0 0 0 0 0 0 0 0 0 0 0 0 0 0 0 0 0 0 0 0 0 0 0 0 0 0 0 0 0 0 0 0 0 0 0 0 0 0 0 0 0 0 0 0 0 0 0 0 0 0 0 0 0 0 1 0 0 0 0 0 0 0 0 0 0 0 0 0 0 0 0 0 0 0 0 0 0 0 0 0 0 0 0 0 0]
[3171702719859631628462510496758573847725023739624653348029272657905527809285260283357876101640099047130435369331124666743431578400604120130513891992920971918037928225353380395268666545476083401828042621837778315213272303114988825203281096400454237804818030683592548020374161162 0 0 0 0 0 0 0 0 0 0 0 0 0 0 0 0 0 0 0 0 0 0 0 0 0 0 0 0 0 0 0 0 0 0 0 0 0 0 0 0 0 0 0 0 0 0 0 0 0 0 0 0 0 0 0 0 0 0 0 0 0 1 0 0 0 0 0 0 0 0 0 0 0 0 0 0 0 0 0 0 0 0 0 0 0 0 0 0 0 0 0]
[3105443503687623348038281169200264615421818932681838887650344527764220142788944157004671977083850309648864859730157036040081405843724383009578769301868477202838535987846154432098639579109703528328657450756208626503375446503493989935050530557614056034569420792195357106474394681 0 0 0 0 0 0 0 0 0 0 0 0 0 0 0 0 0 0 0 0 0 0 0 0 0 0 0 0 0 0 0 0 0 0 0 0 0 0 0 0 0 0 0 0 0 0 0 0 0 0 0 0 0 0 0 0 0 0 0 0 0 0 1 0 0 0 0 0 0 0 0 0 0 0 0 0 0 0 0 0 0 0 0 0 0 0 0 0 0 0 0]
[46065413427685027740174555954476915195866800043952730921192626297565462213590916485214294224650615081961310241748870458628581928354336844518013795599029167214224530478787694048744865126188109633897265316471972837473350510740623995556698488176445361740674251078158311280835964 0 0 0 0 0 0 0 0 0 0 0 0 0 0 0 0 0 0 0 0 0 0 0 0 0 0 0 0 0 0 0 0 0 0 0 0 0 0 0 0 0 0 0 0 0 0 0 0 0 0 0 0 0 0 0 0 0 0 0 0 0 0 0 1 0 0 0 0 0 0 0 0 0 0 0 0 0 0 0 0 0 0 0 0 0 0 0 0 0 0 0]
[2317853502305573489121989160497719758068349243387447717213047003978760841553524362091368601097514090427688432453726186363744160934652800088876787503762711418915485827884703920206254419310446261605216203856595499001576212973761620372076754266335532647088926574640223112691706493 0 0 0 0 0 0 0 0 0 0 0 0 0 0 0 0 0 0 0 0 0 0 0 0 0 0 0 0 0 0 0 0 0 0 0 0 0 0 0 0 0 0 0 0 0 0 0 0 0 0 0 0 0 0 0 0 0 0 0 0 0 0 0 0 1 0 0 0 0 0 0 0 0 0 0 0 0 0 0 0 0 0 0 0 0 0 0 0 0 0 0]
[1322503901332763824311072657394201692026681213045122797402085159211914812157479071494842847625730552298077744130926507143228141741658922795799108826525641496474659256847693418668677609280005226752874166980209177574171692445755453239806009252902175195950324399287878478009056314 0 0 0 0 0 0 0 0 0 0 0 0 0 0 0 0 0 0 0 0 0 0 0 0 0 0 0 0 0 0 0 0 0 0 0 0 0 0 0 0 0 0 0 0 0 0 0 0 0 0 0 0 0 0 0 0 0 0 0 0 0 0 0 0 0 1 0 0 0 0 0 0 0 0 0 0 0 0 0 0 0 0 0 0 0 0 0 0 0 0 0]
[2947984220650509741662070380584910673710435619445306810354454889919721515773154057749669956944007856103575792948287923213022999551213599502456554899881256308717028324168304175122679348562444360957170260541991841147878738557590039023093062146890395282949139393452555113251349155 0 0 0 0 0 0 0 0 0 0 0 0 0 0 0 0 0 0 0 0 0 0 0 0 0 0 0 0 0 0 0 0 0 0 0 0 0 0 0 0 0 0 0 0 0 0 0 0 0 0 0 0 0 0 0 0 0 0 0 0 0 0 0 0 0 0 1 0 0 0 0 0 0 0 0 0 0 0 0 0 0 0 0 0 0 0 0 0 0 0 0]
[4043514358213057275219080830804784654688819336283876209857619964053997688907521921765706319963725306244837546383551203622800843713424157310722655675857116376717090009274326882084682964548057948251663506105187766369522871812408642530911322122452711637263479213355371020091284850 0 0 0 0 0 0 0 0 0 0 0 0 0 0 0 0 0 0 0 0 0 0 0 0 0 0 0 0 0 0 0 0 0 0 0 0 0 0 0 0 0 0 0 0 0 0 0 0 0 0 0 0 0 0 0 0 0 0 0 0 0 0 0 0 0 0 0 1 0 0 0 0 0 0 0 0 0 0 0 0 0 0 0 0 0 0 0 0 0 0 0]
[638366351344329121772083284645055373977939074397886327386312626105923244954753836181532205855829005894745321105198235292463865222696847800393092878312864799444586893205722734097208592412398304452387051503831863327361868202422640824909444396134964423069149153270276715440700586 0 0 0 0 0 0 0 0 0 0 0 0 0 0 0 0 0 0 0 0 0 0 0 0 0 0 0 0 0 0 0 0 0 0 0 0 0 0 0 0 0 0 0 0 0 0 0 0 0 0 0 0 0 0 0 0 0 0 0 0 0 0 0 0 0 0 0 0 1 0 0 0 0 0 0 0 0 0 0 0 0 0 0 0 0 0 0 0 0 0 0]
[844256296580554578715901282737407352059550307715061726667954880752609794960427617444608709202575901451907276334660018391752242996002451233764091385878008966631310990577497338972026432985088879902651426604230408375373916243195171747190028868753183737399374475714291700250008369 0 0 0 0 0 0 0 0 0 0 0 0 0 0 0 0 0 0 0 0 0 0 0 0 0 0 0 0 0 0 0 0 0 0 0 0 0 0 0 0 0 0 0 0 0 0 0 0 0 0 0 0 0 0 0 0 0 0 0 0 0 0 0 0 0 0 0 0 0 1 0 0 0 0 0 0 0 0 0 0 0 0 0 0 0 0 0 0 0 0 0]
[2359782158114121025792713718171509278588873222052600124585454509247175345729849225153760773118866476777497189690172308465033167103012577750851585326228724917873639821117676646126013498762591875922130094127725114157802053480812146458479119809910539593343744881363920530474716359 0 0 0 0 0 0 0 0 0 0 0 0 0 0 0 0 0 0 0 0 0 0 0 0 0 0 0 0 0 0 0 0 0 0 0 0 0 0 0 0 0 0 0 0 0 0 0 0 0 0 0 0 0 0 0 0 0 0 0 0 0 0 0 0 0 0 0 0 0 0 1 0 0 0 0 0 0 0 0 0 0 0 0 0 0 0 0 0 0 0 0]
[86251039083972643313502259600020594639606151181340812050119096334811888668939047310950328997534382934057130397342485222760419250124615679540945822597538872823933436990802262796421315309392388309765563356692705834309062555250462110905250009263180116139135604669671643498161437 0 0 0 0 0 0 0 0 0 0 0 0 0 0 0 0 0 0 0 0 0 0 0 0 0 0 0 0 0 0 0 0 0 0 0 0 0 0 0 0 0 0 0 0 0 0 0 0 0 0 0 0 0 0 0 0 0 0 0 0 0 0 0 0 0 0 0 0 0 0 0 1 0 0 0 0 0 0 0 0 0 0 0 0 0 0 0 0 0 0 0]
[526720430304321792242479714298537416724247038603995937914238029962325191203279275665999494059139692148076845132646020522883521261997649999788040444849538530281056214816925262273615069531924046398763165791166939489637350742382292556075720349307695366008815207504300990071669595 0 0 0 0 0 0 0 0 0 0 0 0 0 0 0 0 0 0 0 0 0 0 0 0 0 0 0 0 0 0 0 0 0 0 0 0 0 0 0 0 0 0 0 0 0 0 0 0 0 0 0 0 0 0 0 0 0 0 0 0 0 0 0 0 0 0 0 0 0 0 0 0 1 0 0 0 0 0 0 0 0 0 0 0 0 0 0 0 0 0 0]
[1577759488292294980666010998114035089702423535124222572476573673187050335572740948421350017179714849132016189834520833111068493004429088295788410524838472557569253709921788001350248569306170940338325213547116851140743758715989211865222047903282166137635720627150802446356872389 0 0 0 0 0 0 0 0 0 0 0 0 0 0 0 0 0 0 0 0 0 0 0 0 0 0 0 0 0 0 0 0 0 0 0 0 0 0 0 0 0 0 0 0 0 0 0 0 0 0 0 0 0 0 0 0 0 0 0 0 0 0 0 0 0 0 0 0 0 0 0 0 0 1 0 0 0 0 0 0 0 0 0 0 0 0 0 0 0 0 0]
[3844596614654023511033289411772707282047676211874102999323334907684956845395390508193326541769225266657518941975377994226654870008053173790763252969130346248765910556442901727805871507389984590097642539792784772992819321429376801746126495046118160692762120077841364306942145191 0 0 0 0 0 0 0 0 0 0 0 0 0 0 0 0 0 0 0 0 0 0 0 0 0 0 0 0 0 0 0 0 0 0 0 0 0 0 0 0 0 0 0 0 0 0 0 0 0 0 0 0 0 0 0 0 0 0 0 0 0 0 0 0 0 0 0 0 0 0 0 0 0 0 1 0 0 0 0 0 0 0 0 0 0 0 0 0 0 0 0]
[1187524615790560107502777900799201637365253821892811727907537540940416219411743762113333735938064244657431372950806296681617002738698215121734169699476227061806016010613085485179719164712835598027934785729956745177991433889878214162379612187219092209895720561698649838640765159 0 0 0 0 0 0 0 0 0 0 0 0 0 0 0 0 0 0 0 0 0 0 0 0 0 0 0 0 0 0 0 0 0 0 0 0 0 0 0 0 0 0 0 0 0 0 0 0 0 0 0 0 0 0 0 0 0 0 0 0 0 0 0 0 0 0 0 0 0 0 0 0 0 0 0 1 0 0 0 0 0 0 0 0 0 0 0 0 0 0 0]
[2344299824830457877932640137021704690527231837630079265711629873087144429158076492613232132412646951193822205688853568047080227083058295487239908880674223934906760097414765621598723468224078968042541707326003252292292755472017120971332520136240980373242761188984547974237541972 0 0 0 0 0 0 0 0 0 0 0 0 0 0 0 0 0 0 0 0 0 0 0 0 0 0 0 0 0 0 0 0 0 0 0 0 0 0 0 0 0 0 0 0 0 0 0 0 0 0 0 0 0 0 0 0 0 0 0 0 0 0 0 0 0 0 0 0 0 0 0 0 0 0 0 0 1 0 0 0 0 0 0 0 0 0 0 0 0 0 0]
[2062014226478595625833297544749757428010243720056239487072068473518501203783300224126529821695109712693356121365007645926942575255971093326370776214017930092837400292389068951033469979397305817275057914806888080154439142936187045291871181157372495121826063654457295968834520890 0 0 0 0 0 0 0 0 0 0 0 0 0 0 0 0 0 0 0 0 0 0 0 0 0 0 0 0 0 0 0 0 0 0 0 0 0 0 0 0 0 0 0 0 0 0 0 0 0 0 0 0 0 0 0 0 0 0 0 0 0 0 0 0 0 0 0 0 0 0 0 0 0 0 0 0 0 1 0 0 0 0 0 0 0 0 0 0 0 0 0]
[2565355834523375781700326596108978555286752158857682550552460741873039892171000654411168664810095586943173593593158424021618973453941520870485933075923669003354852337861841148001574426733869110042297738416597084853501519474547708580494553686170031058043549257398540256454601858 0 0 0 0 0 0 0 0 0 0 0 0 0 0 0 0 0 0 0 0 0 0 0 0 0 0 0 0 0 0 0 0 0 0 0 0 0 0 0 0 0 0 0 0 0 0 0 0 0 0 0 0 0 0 0 0 0 0 0 0 0 0 0 0 0 0 0 0 0 0 0 0 0 0 0 0 0 0 1 0 0 0 0 0 0 0 0 0 0 0 0]
[178454269340201135438254058352465677781911842315144315377298209696469125951744119130377749752485248741944426223411048790271786995915538257245642500974870746879585257520184878041473114644632264254741488311087516250477544729354015645084655337261588379084241284605311476494570206 0 0 0 0 0 0 0 0 0 0 0 0 0 0 0 0 0 0 0 0 0 0 0 0 0 0 0 0 0 0 0 0 0 0 0 0 0 0 0 0 0 0 0 0 0 0 0 0 0 0 0 0 0 0 0 0 0 0 0 0 0 0 0 0 0 0 0 0 0 0 0 0 0 0 0 0 0 0 0 1 0 0 0 0 0 0 0 0 0 0 0]
[1373539352730100854536320763767396950567215634574228976710385444576928100814344561338709832301345944069553542684849888211136830158279849504141878265704315286825489933566384824193112954119629484824416664224907905499268294007957627160335652749668979286856732822712802957463838912 0 0 0 0 0 0 0 0 0 0 0 0 0 0 0 0 0 0 0 0 0 0 0 0 0 0 0 0 0 0 0 0 0 0 0 0 0 0 0 0 0 0 0 0 0 0 0 0 0 0 0 0 0 0 0 0 0 0 0 0 0 0 0 0 0 0 0 0 0 0 0 0 0 0 0 0 0 0 0 0 1 0 0 0 0 0 0 0 0 0 0]
[1403142963436569046624783166669287285094126351460915084799571227307913618714518313675531385077321739042601735968294211910021550776944341065388875360079929095839828118761327211029422210615722467720196813555920204028100327270341255277935288663353023580746276187874571508502384688 0 0 0 0 0 0 0 0 0 0 0 0 0 0 0 0 0 0 0 0 0 0 0 0 0 0 0 0 0 0 0 0 0 0 0 0 0 0 0 0 0 0 0 0 0 0 0 0 0 0 0 0 0 0 0 0 0 0 0 0 0 0 0 0 0 0 0 0 0 0 0 0 0 0 0 0 0 0 0 0 0 1 0 0 0 0 0 0 0 0 0]
[4379279180357976729864077106951734007111726935621099867065533039705678971491385462505577239481450163530005431291902170929086822639755593509268989915254665423462802080231841790552935220261406194190846669459252282820237475224602222316182225125480687129854333412305585031448475124 0 0 0 0 0 0 0 0 0 0 0 0 0 0 0 0 0 0 0 0 0 0 0 0 0 0 0 0 0 0 0 0 0 0 0 0 0 0 0 0 0 0 0 0 0 0 0 0 0 0 0 0 0 0 0 0 0 0 0 0 0 0 0 0 0 0 0 0 0 0 0 0 0 0 0 0 0 0 0 0 0 0 1 0 0 0 0 0 0 0 0]
[3561022083673128003808356931715983954660743458569027599532511775182501913405377216462692503357153418177149945900878527696978529094282088923556479669878634970961891645462249920757143729954854189799491837520040274762102207903445955203290314300501446221433801036882487782084165286 0 0 0 0 0 0 0 0 0 0 0 0 0 0 0 0 0 0 0 0 0 0 0 0 0 0 0 0 0 0 0 0 0 0 0 0 0 0 0 0 0 0 0 0 0 0 0 0 0 0 0 0 0 0 0 0 0 0 0 0 0 0 0 0 0 0 0 0 0 0 0 0 0 0 0 0 0 0 0 0 0 0 0 1 0 0 0 0 0 0 0]
[854623019154462818052861805846393383494894979582544036919172365896220228144475999901827171575880936439954844166983131004931165495810895417624045166933994857515133892363635424278823960789753823871938459334640172051240359473179625590639494145674926348026783530485257531285197457 0 0 0 0 0 0 0 0 0 0 0 0 0 0 0 0 0 0 0 0 0 0 0 0 0 0 0 0 0 0 0 0 0 0 0 0 0 0 0 0 0 0 0 0 0 0 0 0 0 0 0 0 0 0 0 0 0 0 0 0 0 0 0 0 0 0 0 0 0 0 0 0 0 0 0 0 0 0 0 0 0 0 0 0 1 0 0 0 0 0 0]
[1376765730477777806411884389918847774283025510681593106214607037437478677159350727151564393428052851754764538936631996834122002117576828487006256927242870183560129087431165790725136120987344839013533219780881727507821222648438186246347028799487135352484671987317596361144445949 0 0 0 0 0 0 0 0 0 0 0 0 0 0 0 0 0 0 0 0 0 0 0 0 0 0 0 0 0 0 0 0 0 0 0 0 0 0 0 0 0 0 0 0 0 0 0 0 0 0 0 0 0 0 0 0 0 0 0 0 0 0 0 0 0 0 0 0 0 0 0 0 0 0 0 0 0 0 0 0 0 0 0 0 0 1 0 0 0 0 0]
[2547961503386516211966019421868912397786192726037420054398854552434876850567674824464018771130377574909478517804132786359220275224945118064645854337592174897656568089502041408337970930501048313938319248025361060789291408125965606711083353642233251835685959516155925738686138806 0 0 0 0 0 0 0 0 0 0 0 0 0 0 0 0 0 0 0 0 0 0 0 0 0 0 0 0 0 0 0 0 0 0 0 0 0 0 0 0 0 0 0 0 0 0 0 0 0 0 0 0 0 0 0 0 0 0 0 0 0 0 0 0 0 0 0 0 0 0 0 0 0 0 0 0 0 0 0 0 0 0 0 0 0 0 1 0 0 0 0]
[15336189231002270236442055120255231322078781056046107931056289473491941637756106786010580205112570954545594573577625650074213337395994089298216119634581797031691820694022824950535659161330943884892794812341831718901624837182187244456926118115723773754632098310728445155909099 0 0 0 0 0 0 0 0 0 0 0 0 0 0 0 0 0 0 0 0 0 0 0 0 0 0 0 0 0 0 0 0 0 0 0 0 0 0 0 0 0 0 0 0 0 0 0 0 0 0 0 0 0 0 0 0 0 0 0 0 0 0 0 0 0 0 0 0 0 0 0 0 0 0 0 0 0 0 0 0 0 0 0 0 0 0 0 1 0 0 0]
[3930707881780726213574015525145266069680828774360753204303699827861221056069929975625967025056519063910436998654477763996031423840930353051789804480313212236465017753559916999017531485681222615532853080321948269559779659961983967895149532464909119227762703405004636579419479278 0 0 0 0 0 0 0 0 0 0 0 0 0 0 0 0 0 0 0 0 0 0 0 0 0 0 0 0 0 0 0 0 0 0 0 0 0 0 0 0 0 0 0 0 0 0 0 0 0 0 0 0 0 0 0 0 0 0 0 0 0 0 0 0 0 0 0 0 0 0 0 0 0 0 0 0 0 0 0 0 0 0 0 0 0 0 0 0 1 0 0]
[3899347363591921926404669508095001536034740586039504067440040170036118347815137947809653954450366839376222933643052822661164816411739939216137357373320286052617209191833870549301537773874687485202085528600529226173079804534667575163310625549966993282936862551956505688375632827 0 0 0 0 0 0 0 0 0 0 0 0 0 0 0 0 0 0 0 0 0 0 0 0 0 0 0 0 0 0 0 0 0 0 0 0 0 0 0 0 0 0 0 0 0 0 0 0 0 0 0 0 0 0 0 0 0 0 0 0 0 0 0 0 0 0 0 0 0 0 0 0 0 0 0 0 0 0 0 0 0 0 0 0 0 0 0 0 0 1 0]
[1236464505959571420118923742192830495272662946022381047914444010667650698244330981354533908288190415421562606705292847528863464216596374060488981725237637569268642708803082416220856108790388920508578957561124603735322176882195924375331813943462056920638991543884725989134465008 0 0 0 0 0 0 0 0 0 0 0 0 0 0 0 0 0 0 0 0 0 0 0 0 0 0 0 0 0 0 0 0 0 0 0 0 0 0 0 0 0 0 0 0 0 0 0 0 0 0 0 0 0 0 0 0 0 0 0 0 0 0 0 0 0 0 0 0 0 0 0 0 0 0 0 0 0 0 0 0 0 0 0 0 0 0 0 0 0 0 1]
]
