[[7338107502070060860479477572750826859926248103162659619841088587627335677001742071670842617540781850921722721676586577495276905112705203834492247662254126294982477567584372558346143024778172602938012943842341367388208324127531864683757578038543795671946552807742504965303 0 0 0 0 0 0 0 0 0 0 0 0 0 0 0 0 0 0 0 0 0 0 0 0 0 0 0 0 0 0 0 0 0 0 0 0 0 0 0 0 0 0 0 0 0 0 0 0 0 0 0 0 0 0 0 0 0 0 0 0 0 0 0 0 0 0 0 0 0 0 0 0 0 0 0 0 0 0 0 0 0 0 0 0 0 0 0 0 0]
[2653921693961169975212689978158431359735699520127837532568381877179668894304278249094818346585479404655589114241708327564124407508902726555459815490898923723726256125258225661228188385077690620657227572853912633395643854145566373350215650873982852083213194571922270781951 1 0 0 0 0 0 0 0 0 0 0 0 0 0 0 0 0 0 0 0 0 0 0 0 0 0 0 0 0 0 0 0 0 0 0 0 0 0 0 0 0 0 0 0 0 0 0 0 0 0 0 0 0 0 0 0 0 0 0 0 0 0 0 0 0 0 0 0 0 0 0 0 0 0 0 0 0 0 0 0 0 0 0 0 0 0 0 0 0]
[411262718371648226939432574287983324026170605483707361230923614076151500257963954069104171109355126771828252070416322404126759849478901153123193034357707102377602542732585582473847401086745281914848166845902527313500694083412024960650469432473132256956098156927539685275 0 1 0 0 0 0 0 0 0 0 0 0 0 0 0 0 0 0 0 0 0 0 0 0 0 0 0 0 0 0 0 0 0 0 0 0 0 0 0 0 0 0 0 0 0 0 0 0 0 0 0 0 0 0 0 0 0 0 0 0 0 0 0 0 0 0 0 0 0 0 0 0 0 0 0 0 0 0 0 0 0 0 0 0 0 0 0 0 0]
[3655787279862437354112005940993018905716868286654209639697929514927889399196929557909619999479192629318654721362456907557883201660802300316261847304078143678207548879526259110830862515783739507314915108116347045283390719762059054716463613027470341595409090935542504275027 0 0 1 0 0 0 0 0 0 0 0 0 0 0 0 0 0 0 0 0 0 0 0 0 0 0 0 0 0 0 0 0 0 0 0 0 0 0 0 0 0 0 0 0 0 0 0 0 0 0 0 0 0 0 0 0 0 0 0 0 0 0 0 0 0 0 0 0 0 0 0 0 0 0 0 0 0 0 0 0 0 0 0 0 0 0 0 0 0]
[4102711488550690319065662341113684742240784289367739558312352858388019240786580298880510138591857261670154975878594229911299467461912805411021259550521797957434932048978263148287775285032072084698159969733242470548233316342826828947817088936053750371430676881747990725272 0 0 0 1 0 0 0 0 0 0 0 0 0 0 0 0 0 0 0 0 0 0 0 0 0 0 0 0 0 0 0 0 0 0 0 0 0 0 0 0 0 0 0 0 0 0 0 0 0 0 0 0 0 0 0 0 0 0 0 0 0 0 0 0 0 0 0 0 0 0 0 0 0 0 0 0 0 0 0 0 0 0 0 0 0 0 0 0 0]
[5026390137480212457185007033906792223605818570468299461622737355964255903063907103759168645759434334476550331600165197239814233067403521939881843984525533381434725394373079128616408370425021904218354088927387911643594538574702885466326575937566081869342228103930040942535 0 0 0 0 1 0 0 0 0 0 0 0 0 0 0 0 0 0 0 0 0 0 0 0 0 0 0 0 0 0 0 0 0 0 0 0 0 0 0 0 0 0 0 0 0 0 0 0 0 0 0 0 0 0 0 0 0 0 0 0 0 0 0 0 0 0 0 0 0 0 0 0 0 0 0 0 0 0 0 0 0 0 0 0 0 0 0 0 0]
[6758284145756430887833401299896424341954830635294018150042914460358495599269080781862632534528995508350940024127970446661226279966859794772864298828764990510140006156661467698103043801956710337951839189536000001546726448592974720065917477283770721118700145289329643772130 0 0 0 0 0 1 0 0 0 0 0 0 0 0 0 0 0 0 0 0 0 0 0 0 0 0 0 0 0 0 0 0 0 0 0 0 0 0 0 0 0 0 0 0 0 0 0 0 0 0 0 0 0 0 0 0 0 0 0 0 0 0 0 0 0 0 0 0 0 0 0 0 0 0 0 0 0 0 0 0 0 0 0 0 0 0 0 0 0]
[4369166417913247338936646058434853760088132187678007843475084195280295992067327955373667721131136292436390552906857484062869858432729631503854281439707470328998496451496175358202422464435831877400890235634406874572981670971233792594482155224402558521732928101894532165036 0 0 0 0 0 0 1 0 0 0 0 0 0 0 0 0 0 0 0 0 0 0 0 0 0 0 0 0 0 0 0 0 0 0 0 0 0 0 0 0 0 0 0 0 0 0 0 0 0 0 0 0 0 0 0 0 0 0 0 0 0 0 0 0 0 0 0 0 0 0 0 0 0 0 0 0 0 0 0 0 0 0 0 0 0 0 0 0 0]
[4889526278173112797679676629462765488383541168956642795563675477285936350677281704490378240669578364090941497138562768309538202849569793106573919080002215909775639348507073569185207931516957432427907980652366006862880319531235524114658501299735467405346233944372792645977 0 0 0 0 0 0 0 1 0 0 0 0 0 0 0 0 0 0 0 0 0 0 0 0 0 0 0 0 0 0 0 0 0 0 0 0 0 0 0 0 0 0 0 0 0 0 0 0 0 0 0 0 0 0 0 0 0 0 0 0 0 0 0 0 0 0 0 0 0 0 0 0 0 0 0 0 0 0 0 0 0 0 0 0 0 0 0 0 0]
[5955116873109626458676559289308661584125060769101032237499164763016575661434056641502243192317763598035175925631812870037238688829769035327940884270890368277602034643867884707684833102649491419302255073662157559497247189635947997836041881584366809191038577704200788935043 0 0 0 0 0 0 0 0 1 0 0 0 0 0 0 0 0 0 0 0 0 0 0 0 0 0 0 0 0 0 0 0 0 0 0 0 0 0 0 0 0 0 0 0 0 0 0 0 0 0 0 0 0 0 0 0 0 0 0 0 0 0 0 0 0 0 0 0 0 0 0 0 0 0 0 0 0 0 0 0 0 0 0 0 0 0 0 0 0]
[1445163778578934971009317583270069332161989161902039134815916731376514975404270198118130781203157732309875565598050743972383766038743684157552841387408831153579518913217676170867940353988961837908033131580936267529355838110670975107834162837737143926159966111752069128117 0 0 0 0 0 0 0 0 0 1 0 0 0 0 0 0 0 0 0 0 0 0 0 0 0 0 0 0 0 0 0 0 0 0 0 0 0 0 0 0 0 0 0 0 0 0 0 0 0 0 0 0 0 0 0 0 0 0 0 0 0 0 0 0 0 0 0 0 0 0 0 0 0 0 0 0 0 0 0 0 0 0 0 0 0 0 0 0 0]
[2584785644404415717182636477584034648272905726582499188001626808859424559273973756839606773486577791866744828118592587171252806605953664580031986994855500342233720718436726081396871432318193408302974432410091750720239619905288875220439923512964535671716333472717934865826 0 0 0 0 0 0 0 0 0 0 1 0 0 0 0 0 0 0 0 0 0 0 0 0 0 0 0 0 0 0 0 0 0 0 0 0 0 0 0 0 0 0 0 0 0 0 0 0 0 0 0 0 0 0 0 0 0 0 0 0 0 0 0 0 0 0 0 0 0 0 0 0 0 0 0 0 0 0 0 0 0 0 0 0 0 0 0 0 0]
[7118200844244425147942226408799217398796471645505466533730751855449156637177015943339217183239631455439226350853542705713635679868483690608142857141553574495541113077652562754470930392926243172493029330878004808595341807341097720517424989451263841199318080060759697492484 0 0 0 0 0 0 0 0 0 0 0 1 0 0 0 0 0 0 0 0 0 0 0 0 0 0 0 0 0 0 0 0 0 0 0 0 0 0 0 0 0 0 0 0 0 0 0 0 0 0 0 0 0 0 0 0 0 0 0 0 0 0 0 0 0 0 0 0 0 0 0 0 0 0 0 0 0 0 0 0 0 0 0 0 0 0 0 0 0]
[1733052361101971374379105567779115112731755062174710049083605573623300778879031853827010822054889359190036544062480013184887720253774612360011476066983507273542262371690089666378082094977176480769756282978977677986851215557171141140771120725868701802432754136351511960434 0 0 0 0 0 0 0 0 0 0 0 0 1 0 0 0 0 0 0 0 0 0 0 0 0 0 0 0 0 0 0 0 0 0 0 0 0 0 0 0 0 0 0 0 0 0 0 0 0 0 0 0 0 0 0 0 0 0 0 0 0 0 0 0 0 0 0 0 0 0 0 0 0 0 0 0 0 0 0 0 0 0 0 0 0 0 0 0 0]
[1559248923267582961750039088770042956167141457860094197678701486818755779166583020598372650453244006022271410552879350000235110574549684076230735291469450021794100028677426019568513840824405093309879155441069249729898318086400224271699123653019464631572062327809004588896 0 0 0 0 0 0 0 0 0 0 0 0 0 1 0 0 0 0 0 0 0 0 0 0 0 0 0 0 0 0 0 0 0 0 0 0 0 0 0 0 0 0 0 0 0 0 0 0 0 0 0 0 0 0 0 0 0 0 0 0 0 0 0 0 0 0 0 0 0 0 0 0 0 0 0 0 0 0 0 0 0 0 0 0 0 0 0 0 0]
[7080966787627041056478684949683368721361939868422580197208938288399124810557587073730799255512031783917477542700642751704159483153819987185350358868480361993725796089819048501280008608342650304556495019445379763478277127006492567902862798460308747808669679585761321427431 0 0 0 0 0 0 0 0 0 0 0 0 0 0 1 0 0 0 0 0 0 0 0 0 0 0 0 0 0 0 0 0 0 0 0 0 0 0 0 0 0 0 0 0 0 0 0 0 0 0 0 0 0 0 0 0 0 0 0 0 0 0 0 0 0 0 0 0 0 0 0 0 0 0 0 0 0 0 0 0 0 0 0 0 0 0 0 0 0]
[3342744560869950545160212528925369217085722756491067697321533741294248214343157086719848744866091360242856284142631958082294444568330726148259300045407154522341710155674351793874208055638502008187110096170499445210209393918048995052631190060800252374624166627827746562263 0 0 0 0 0 0 0 0 0 0 0 0 0 0 0 1 0 0 0 0 0 0 0 0 0 0 0 0 0 0 0 0 0 0 0 0 0 0 0 0 0 0 0 0 0 0 0 0 0 0 0 0 0 0 0 0 0 0 0 0 0 0 0 0 0 0 0 0 0 0 0 0 0 0 0 0 0 0 0 0 0 0 0 0 0 0 0 0 0]
[4292166291198082805075671027192917324228892044039370629139630946374077416258307794431092487231950439400393579499857407108747396447818151672632471809648552100522547295377625556779074302184848628081540875417213550542330828860274340349957402653106053534104742458887073298379 0 0 0 0 0 0 0 0 0 0 0 0 0 0 0 0 1 0 0 0 0 0 0 0 0 0 0 0 0 0 0 0 0 0 0 0 0 0 0 0 0 0 0 0 0 0 0 0 0 0 0 0 0 0 0 0 0 0 0 0 0 0 0 0 0 0 0 0 0 0 0 0 0 0 0 0 0 0 0 0 0 0 0 0 0 0 0 0 0]
[6780100081476198372104822400820781946404909366852434274015170863073421352120019769341766894097122761531402346463042317578754980883610600900905514279892580294230114130850865270524319569621218238159071886669869170418430607360342673243593090327503398090379984390682037388759 0 0 0 0 0 0 0 0 0 0 0 0 0 0 0 0 0 1 0 0 0 0 0 0 0 0 0 0 0 0 0 0 0 0 0 0 0 0 0 0 0 0 0 0 0 0 0 0 0 0 0 0 0 0 0 0 0 0 0 0 0 0 0 0 0 0 0 0 0 0 0 0 0 0 0 0 0 0 0 0 0 0 0 0 0 0 0 0 0]
[6608734728427893134124800632964610302887689110110538395853941664929039353953577679318457930808410240727738378358579499972126870175589849760097714342976878154394311051184911282872666967930818102083796790622408032272578138975295096917212570601525953050723452812687199210480 0 0 0 0 0 0 0 0 0 0 0 0 0 0 0 0 0 0 1 0 0 0 0 0 0 0 0 0 0 0 0 0 0 0 0 0 0 0 0 0 0 0 0 0 0 0 0 0 0 0 0 0 0 0 0 0 0 0 0 0 0 0 0 0 0 0 0 0 0 0 0 0 0 0 0 0 0 0 0 0 0 0 0 0 0 0 0 0 0]
[3818690142177380625233287637042568114001761555006116502086902232353756271518054375530998157636037379206141040395544807997307698999478071753920306427312875336814308144446365783230359390542165375148717476148099827578757615191433207655558532730427760702956158477523020101318 0 0 0 0 0 0 0 0 0 0 0 0 0 0 0 0 0 0 0 1 0 0 0 0 0 0 0 0 0 0 0 0 0 0 0 0 0 0 0 0 0 0 0 0 0 0 0 0 0 0 0 0 0 0 0 0 0 0 0 0 0 0 0 0 0 0 0 0 0 0 0 0 0 0 0 0 0 0 0 0 0 0 0 0 0 0 0 0 0]
[6911280841515468744440935020229067513119507386733498387506129260073070009642460738938535711382735412120174561559819101820107415871885839221458766227932274882090512636164632457961179518524554305833375277649863622078492310356883062469338890751093868261008798492227810343371 0 0 0 0 0 0 0 0 0 0 0 0 0 0 0 0 0 0 0 0 1 0 0 0 0 0 0 0 0 0 0 0 0 0 0 0 0 0 0 0 0 0 0 0 0 0 0 0 0 0 0 0 0 0 0 0 0 0 0 0 0 0 0 0 0 0 0 0 0 0 0 0 0 0 0 0 0 0 0 0 0 0 0 0 0 0 0 0 0]
[239875232856474864619615720735665846698529124482127282345666236535646548216106080779061302216403448804203993299211852318277714834305897173861418128048290878167687678496508395976052417714450424438350248670059267191742314748506032713287131923458416421041031461110391494344 0 0 0 0 0 0 0 0 0 0 0 0 0 0 0 0 0 0 0 0 0 1 0 0 0 0 0 0 0 0 0 0 0 0 0 0 0 0 0 0 0 0 0 0 0 0 0 0 0 0 0 0 0 0 0 0 0 0 0 0 0 0 0 0 0 0 0 0 0 0 0 0 0 0 0 0 0 0 0 0 0 0 0 0 0 0 0 0 0]
[2019100412370253973884002308911042974275524038213202875648381212932159703325969018429567140988979129264482655016491480826186558073117251778122388868732411027620297970034959510751698388325488002386588005857176297974964515127340808438421375474211239600757215893797298473717 0 0 0 0 0 0 0 0 0 0 0 0 0 0 0 0 0 0 0 0 0 0 1 0 0 0 0 0 0 0 0 0 0 0 0 0 0 0 0 0 0 0 0 0 0 0 0 0 0 0 0 0 0 0 0 0 0 0 0 0 0 0 0 0 0 0 0 0 0 0 0 0 0 0 0 0 0 0 0 0 0 0 0 0 0 0 0 0 0]
[6863647505619226772659529952554857775777047922806040886008561587607983870406930253667393045984944182493287341754960430999313773124278567073200730181505712630606191023650610787855293849323071819021609558143575399229576360536566059502830040069008256814086605749004054712537 0 0 0 0 0 0 0 0 0 0 0 0 0 0 0 0 0 0 0 0 0 0 0 1 0 0 0 0 0 0 0 0 0 0 0 0 0 0 0 0 0 0 0 0 0 0 0 0 0 0 0 0 0 0 0 0 0 0 0 0 0 0 0 0 0 0 0 0 0 0 0 0 0 0 0 0 0 0 0 0 0 0 0 0 0 0 0 0 0]
[5793505555589898882997644420987902100684372427077954643576967434038436773875112786664761421672594544795137578258572146250536299102194875135420073174621467216233776428794761755694165018570127450787526339313486417000309890090161096429762705358014115717858883380770262440726 0 0 0 0 0 0 0 0 0 0 0 0 0 0 0 0 0 0 0 0 0 0 0 0 1 0 0 0 0 0 0 0 0 0 0 0 0 0 0 0 0 0 0 0 0 0 0 0 0 0 0 0 0 0 0 0 0 0 0 0 0 0 0 0 0 0 0 0 0 0 0 0 0 0 0 0 0 0 0 0 0 0 0 0 0 0 0 0 0]
[2751821770727404856742915984016547322463258818769902398893989744073926804847705595398672970806458893544440620756348807765988549210623614342367570439741356869638080981193895086834995582941033194627807445354885908259744648953301164985829746025412148505820063442071353955360 0 0 0 0 0 0 0 0 0 0 0 0 0 0 0 0 0 0 0 0 0 0 0 0 0 1 0 0 0 0 0 0 0 0 0 0 0 0 0 0 0 0 0 0 0 0 0 0 0 0 0 0 0 0 0 0 0 0 0 0 0 0 0 0 0 0 0 0 0 0 0 0 0 0 0 0 0 0 0 0 0 0 0 0 0 0 0 0 0]
[3229227375829604919802304230850148193979741913549103007713313655917141507383622147429735376165637585370200261465739818778580664960435139492180313843663133068089361254608583820934543917754388335737504943900136668102155227918752131268860887592430211369221408518752368030340 0 0 0 0 0 0 0 0 0 0 0 0 0 0 0 0 0 0 0 0 0 0 0 0 0 0 1 0 0 0 0 0 0 0 0 0 0 0 0 0 0 0 0 0 0 0 0 0 0 0 0 0 0 0 0 0 0 0 0 0 0 0 0 0 0 0 0 0 0 0 0 0 0 0 0 0 0 0 0 0 0 0 0 0 0 0 0 0 0]
[3713397310749819773889005171256585906635826449950865415191428863475471827055222075896667563924364488133974305260041308592072256938112004384901040463110992802447053439836750925686062606407712191560418230592817958605904294892709041600102124828760539357513104711019889269893 0 0 0 0 0 0 0 0 0 0 0 0 0 0 0 0 0 0 0 0 0 0 0 0 0 0 0 1 0 0 0 0 0 0 0 0 0 0 0 0 0 0 0 0 0 0 0 0 0 0 0 0 0 0 0 0 0 0 0 0 0 0 0 0 0 0 0 0 0 0 0 0 0 0 0 0 0 0 0 0 0 0 0 0 0 0 0 0 0]
[7206191482288569169724811221321864941656247758969407466962567954424308769081080330008015417303204067936920964238455798932311758898079964238293461917584391641339926035163641094082760415277469793887586058100537358074612600786527277887992929337007393584139006788812449693311 0 0 0 0 0 0 0 0 0 0 0 0 0 0 0 0 0 0 0 0 0 0 0 0 0 0 0 0 1 0 0 0 0 0 0 0 0 0 0 0 0 0 0 0 0 0 0 0 0 0 0 0 0 0 0 0 0 0 0 0 0 0 0 0 0 0 0 0 0 0 0 0 0 0 0 0 0 0 0 0 0 0 0 0 0 0 0 0 0]
[6647944318036302672086941057015138296916856353921563362399508634801465653440244314952224795988333114439025089683950270031033059635762239031835477037167994449128401683725907699793498127142762571702869871313311965684148969998695177354260501911637004137343929732902516174810 0 0 0 0 0 0 0 0 0 0 0 0 0 0 0 0 0 0 0 0 0 0 0 0 0 0 0 0 0 1 0 0 0 0 0 0 0 0 0 0 0 0 0 0 0 0 0 0 0 0 0 0 0 0 0 0 0 0 0 0 0 0 0 0 0 0 0 0 0 0 0 0 0 0 0 0 0 0 0 0 0 0 0 0 0 0 0 0 0]
[3335296882530517921291438117273781351497947321281045699387746315661248543518322598863026432324910650915836991712168308948440886034372245695151928243632734493485799115372680148777773757454489367687891197290318719262004980852811584782550454679162835749443638826415770997742 0 0 0 0 0 0 0 0 0 0 0 0 0 0 0 0 0 0 0 0 0 0 0 0 0 0 0 0 0 0 1 0 0 0 0 0 0 0 0 0 0 0 0 0 0 0 0 0 0 0 0 0 0 0 0 0 0 0 0 0 0 0 0 0 0 0 0 0 0 0 0 0 0 0 0 0 0 0 0 0 0 0 0 0 0 0 0 0 0]
[6494812416051123404860209268021255918085948235548633487998362219912254609441670654228120959025667504738548773571497154638095760079871264721866756409983997585377744008691479627405079027097321610509130030809363541951270276888154046648726480556617945795489274834854078919522 0 0 0 0 0 0 0 0 0 0 0 0 0 0 0 0 0 0 0 0 0 0 0 0 0 0 0 0 0 0 0 1 0 0 0 0 0 0 0 0 0 0 0 0 0 0 0 0 0 0 0 0 0 0 0 0 0 0 0 0 0 0 0 0 0 0 0 0 0 0 0 0 0 0 0 0 0 0 0 0 0 0 0 0 0 0 0 0 0]
[2914407958750180343875977892330302293032524377926430503365645886816496593222031221068125381690839703723263956099002033670321410128022289261042979782296796369681338618852186931720505776694744725093510714648421508047061212826496218835138182529903393479026063692162697474339 0 0 0 0 0 0 0 0 0 0 0 0 0 0 0 0 0 0 0 0 0 0 0 0 0 0 0 0 0 0 0 0 1 0 0 0 0 0 0 0 0 0 0 0 0 0 0 0 0 0 0 0 0 0 0 0 0 0 0 0 0 0 0 0 0 0 0 0 0 0 0 0 0 0 0 0 0 0 0 0 0 0 0 0 0 0 0 0 0]
[6978782583236982642001603032209641646886918961056271276816989208198662839784964545223541283651368199371467498431950089966735631352901601267271520037636211428206486651996141982884918242464460031143167931273110812680543713865715510468930503587034720338718617522321136472960 0 0 0 0 0 0 0 0 0 0 0 0 0 0 0 0 0 0 0 0 0 0 0 0 0 0 0 0 0 0 0 0 0 1 0 0 0 0 0 0 0 0 0 0 0 0 0 0 0 0 0 0 0 0 0 0 0 0 0 0 0 0 0 0 0 0 0 0 0 0 0 0 0 0 0 0 0 0 0 0 0 0 0 0 0 0 0 0 0]
[3135244342079512356322757881045235785389800761699383243621163905848484848795940368124759685475664116088478142463983257154971275040806863052824125854737460923834370501580207137203138576043696205477012840400465440499702393593862217306402201309810839526955454197885725145737 0 0 0 0 0 0 0 0 0 0 0 0 0 0 0 0 0 0 0 0 0 0 0 0 0 0 0 0 0 0 0 0 0 0 1 0 0 0 0 0 0 0 0 0 0 0 0 0 0 0 0 0 0 0 0 0 0 0 0 0 0 0 0 0 0 0 0 0 0 0 0 0 0 0 0 0 0 0 0 0 0 0 0 0 0 0 0 0 0]
[6358053402822987128426941751003231291678779917462810833960133494981595808408815743642892906140816149781853942221052145508215513531814300264835757352908381364923844521441743740278297572731988809527995168946736004435588290212441047393654910520451965638261839293727444963264 0 0 0 0 0 0 0 0 0 0 0 0 0 0 0 0 0 0 0 0 0 0 0 0 0 0 0 0 0 0 0 0 0 0 0 1 0 0 0 0 0 0 0 0 0 0 0 0 0 0 0 0 0 0 0 0 0 0 0 0 0 0 0 0 0 0 0 0 0 0 0 0 0 0 0 0 0 0 0 0 0 0 0 0 0 0 0 0 0]
[1131520309928916775711317581245627699146469445801536137760521101247626359291043241609159900786228915209546358296868008281771440718968218343564890049287485983773893576608824276027693763435995583063764327124888117035530111854986269127069853159968619115320986553425898200715 0 0 0 0 0 0 0 0 0 0 0 0 0 0 0 0 0 0 0 0 0 0 0 0 0 0 0 0 0 0 0 0 0 0 0 0 1 0 0 0 0 0 0 0 0 0 0 0 0 0 0 0 0 0 0 0 0 0 0 0 0 0 0 0 0 0 0 0 0 0 0 0 0 0 0 0 0 0 0 0 0 0 0 0 0 0 0 0 0]
[3696185942730512192727569312785445157107760227995539556937849974709264032121209206701236670298971130478270125448708778514625780649876512842977104718568206861956794098500482548645035745488485580006823905461916486069410663977214551887763849612772073278778914375901106640552 0 0 0 0 0 0 0 0 0 0 0 0 0 0 0 0 0 0 0 0 0 0 0 0 0 0 0 0 0 0 0 0 0 0 0 0 0 1 0 0 0 0 0 0 0 0 0 0 0 0 0 0 0 0 0 0 0 0 0 0 0 0 0 0 0 0 0 0 0 0 0 0 0 0 0 0 0 0 0 0 0 0 0 0 0 0 0 0 0]
[1195214212016201461255171884297496304111824084252597670977075770033246868223649853892572441294740201363026638333104980795487817970952603596118939150345065558867450061374981076370510944951281339312342012886473098444531201534905573945130358997132253277364526706886746050107 0 0 0 0 0 0 0 0 0 0 0 0 0 0 0 0 0 0 0 0 0 0 0 0 0 0 0 0 0 0 0 0 0 0 0 0 0 0 1 0 0 0 0 0 0 0 0 0 0 0 0 0 0 0 0 0 0 0 0 0 0 0 0 0 0 0 0 0 0 0 0 0 0 0 0 0 0 0 0 0 0 0 0 0 0 0 0 0 0]
[3419967360010774150076879094556554717806753452978123878642201313343477929760543855025507966239493136041725397451253858259996219029615732689383995605660452557482012538195573945005107220539654824156348849316264664393568722833233959217311616526127408349561216654404840434408 0 0 0 0 0 0 0 0 0 0 0 0 0 0 0 0 0 0 0 0 0 0 0 0 0 0 0 0 0 0 0 0 0 0 0 0 0 0 0 1 0 0 0 0 0 0 0 0 0 0 0 0 0 0 0 0 0 0 0 0 0 0 0 0 0 0 0 0 0 0 0 0 0 0 0 0 0 0 0 0 0 0 0 0 0 0 0 0 0]
[3488280553697888518444049008945773814676491315240406758578780584225405579343413528197917662965777176364802998522687702392443142815596268496409056399278772116546734686151438490697066033999786023427977178614766862646435265800786158724790089281451745242089062105235745708733 0 0 0 0 0 0 0 0 0 0 0 0 0 0 0 0 0 0 0 0 0 0 0 0 0 0 0 0 0 0 0 0 0 0 0 0 0 0 0 0 1 0 0 0 0 0 0 0 0 0 0 0 0 0 0 0 0 0 0 0 0 0 0 0 0 0 0 0 0 0 0 0 0 0 0 0 0 0 0 0 0 0 0 0 0 0 0 0 0]
[2790938396401154719704595530167266538036280867790169890245497974401179189798502696582579132452975557525927806093842227161379571925452909928446280054343911953660537370517956895206609805626835045459839700596231043974349859024445126010794002721894299242129993852987721684373 0 0 0 0 0 0 0 0 0 0 0 0 0 0 0 0 0 0 0 0 0 0 0 0 0 0 0 0 0 0 0 0 0 0 0 0 0 0 0 0 0 1 0 0 0 0 0 0 0 0 0 0 0 0 0 0 0 0 0 0 0 0 0 0 0 0 0 0 0 0 0 0 0 0 0 0 0 0 0 0 0 0 0 0 0 0 0 0 0]
[838705671202915741587884344055431138640688666716955327743351517997059217380994277962901576401142768666535335451341063327094766625024050141495811011298763288265332264433251890289405263300446623827308573183242314633115146416973119101507946910023785814110900780947197826151 0 0 0 0 0 0 0 0 0 0 0 0 0 0 0 0 0 0 0 0 0 0 0 0 0 0 0 0 0 0 0 0 0 0 0 0 0 0 0 0 0 0 1 0 0 0 0 0 0 0 0 0 0 0 0 0 0 0 0 0 0 0 0 0 0 0 0 0 0 0 0 0 0 0 0 0 0 0 0 0 0 0 0 0 0 0 0 0 0]
[3893086114616164683023754295960159302805076010853099043527912006490911464476635180977454142912750849909593405668455873392944456154825958756668731153730388227589268709326119635633985575157773080930518269365451474930593653051902011005242595144795249511950394559129198770361 0 0 0 0 0 0 0 0 0 0 0 0 0 0 0 0 0 0 0 0 0 0 0 0 0 0 0 0 0 0 0 0 0 0 0 0 0 0 0 0 0 0 0 1 0 0 0 0 0 0 0 0 0 0 0 0 0 0 0 0 0 0 0 0 0 0 0 0 0 0 0 0 0 0 0 0 0 0 0 0 0 0 0 0 0 0 0 0 0]
[6672054209213846741817554515320877495908544069963853341977451148863233468742556989482514244980674412931592519519172116924339985984272731671778215765668370197230395019866283311341335703004820049074093103468532211108931529063212715044386114900523602137144421561187596044123 0 0 0 0 0 0 0 0 0 0 0 0 0 0 0 0 0 0 0 0 0 0 0 0 0 0 0 0 0 0 0 0 0 0 0 0 0 0 0 0 0 0 0 0 1 0 0 0 0 0 0 0 0 0 0 0 0 0 0 0 0 0 0 0 0 0 0 0 0 0 0 0 0 0 0 0 0 0 0 0 0 0 0 0 0 0 0 0 0]
[5753455915086349639627115671516704796242247718682460966472666560127665207647772062038044946852800520252910370244353594436195607725489222377491273040438046024363884777124872911779281642373914907240236862897895077292046588949356348326890316947915420838529061057618195959045 0 0 0 0 0 0 0 0 0 0 0 0 0 0 0 0 0 0 0 0 0 0 0 0 0 0 0 0 0 0 0 0 0 0 0 0 0 0 0 0 0 0 0 0 0 1 0 0 0 0 0 0 0 0 0 0 0 0 0 0 0 0 0 0 0 0 0 0 0 0 0 0 0 0 0 0 0 0 0 0 0 0 0 0 0 0 0 0 0]
[6968912303968358619997826153202794008378862687020872450905928719903159060689154375922463576674374784706319484848382308335461221198111340473824718419357898433812591994386298935725947000838383938547644401331493578012544893650459174127363584991322201430913171406738346972611 0 0 0 0 0 0 0 0 0 0 0 0 0 0 0 0 0 0 0 0 0 0 0 0 0 0 0 0 0 0 0 0 0 0 0 0 0 0 0 0 0 0 0 0 0 0 1 0 0 0 0 0 0 0 0 0 0 0 0 0 0 0 0 0 0 0 0 0 0 0 0 0 0 0 0 0 0 0 0 0 0 0 0 0 0 0 0 0 0]
[3929960085399263479022923686632645526281070282580500120329829633814271034834385532736866646914521568111748318510676413565305374896991813557579407973082332818343209382905242845106479278182425532038013721740915441355308404901935031123401717772055603160975621710716432136341 0 0 0 0 0 0 0 0 0 0 0 0 0 0 0 0 0 0 0 0 0 0 0 0 0 0 0 0 0 0 0 0 0 0 0 0 0 0 0 0 0 0 0 0 0 0 0 1 0 0 0 0 0 0 0 0 0 0 0 0 0 0 0 0 0 0 0 0 0 0 0 0 0 0 0 0 0 0 0 0 0 0 0 0 0 0 0 0 0]
[5625237709091493961631093691753378194062366248733139798144246965313703091021698306800233994194884042797066733367310159131489934487318222530653589073053062439397156420683539526656013331788581904144479378650556901853062029438429585144474060645524110497914724700135277826839 0 0 0 0 0 0 0 0 0 0 0 0 0 0 0 0 0 0 0 0 0 0 0 0 0 0 0 0 0 0 0 0 0 0 0 0 0 0 0 0 0 0 0 0 0 0 0 0 1 0 0 0 0 0 0 0 0 0 0 0 0 0 0 0 0 0 0 0 0 0 0 0 0 0 0 0 0 0 0 0 0 0 0 0 0 0 0 0 0]
[2767270750760986377014655391070497511994805729009180027477944728757294245381728078458174181846676979308180598378752274660329645114597940042313009428166034513849243212500595846484013217199588595550882461159246987655927500932654371533021705751853762856498056765837199790445 0 0 0 0 0 0 0 0 0 0 0 0 0 0 0 0 0 0 0 0 0 0 0 0 0 0 0 0 0 0 0 0 0 0 0 0 0 0 0 0 0 0 0 0 0 0 0 0 0 1 0 0 0 0 0 0 0 0 0 0 0 0 0 0 0 0 0 0 0 0 0 0 0 0 0 0 0 0 0 0 0 0 0 0 0 0 0 0 0]
[4421680634744123241701070142756927067785810335879777043542183147064211161308379848662276778147573740894473769908640662957265189164193872932195605886851242556272887684241672420402993665489641692562349355863429711490280944926626859697066730983050164235238424505132698233501 0 0 0 0 0 0 0 0 0 0 0 0 0 0 0 0 0 0 0 0 0 0 0 0 0 0 0 0 0 0 0 0 0 0 0 0 0 0 0 0 0 0 0 0 0 0 0 0 0 0 1 0 0 0 0 0 0 0 0 0 0 0 0 0 0 0 0 0 0 0 0 0 0 0 0 0 0 0 0 0 0 0 0 0 0 0 0 0 0]
[4011633786515446798089501985491451366921613901053835079241546195023380172432656511245277545199127091387892362398017094537620473407738827943682973806161420941658459956537881176449286701480617082603365449214126366840635430461178648175167179608232352843891002814298882360349 0 0 0 0 0 0 0 0 0 0 0 0 0 0 0 0 0 0 0 0 0 0 0 0 0 0 0 0 0 0 0 0 0 0 0 0 0 0 0 0 0 0 0 0 0 0 0 0 0 0 0 1 0 0 0 0 0 0 0 0 0 0 0 0 0 0 0 0 0 0 0 0 0 0 0 0 0 0 0 0 0 0 0 0 0 0 0 0 0]
[5384090741315883105108280730010333319083114937764774264289074723093206062740400337909788384685423959807562393368080285040634949962439431304507175308668626743451468419903907632320745138700544114834902551074409549910716869989560542818762753985787672803986333057587664564944 0 0 0 0 0 0 0 0 0 0 0 0 0 0 0 0 0 0 0 0 0 0 0 0 0 0 0 0 0 0 0 0 0 0 0 0 0 0 0 0 0 0 0 0 0 0 0 0 0 0 0 0 1 0 0 0 0 0 0 0 0 0 0 0 0 0 0 0 0 0 0 0 0 0 0 0 0 0 0 0 0 0 0 0 0 0 0 0 0]
[6645152351360868944138621811042211143769241008306048143050956819660674239426557813169544875942835366257612725804210674190102844228962266949444610500896439393258758703223830028628914603956176298002741542896625002374663850990560744954907108692739959867625976505683760020096 0 0 0 0 0 0 0 0 0 0 0 0 0 0 0 0 0 0 0 0 0 0 0 0 0 0 0 0 0 0 0 0 0 0 0 0 0 0 0 0 0 0 0 0 0 0 0 0 0 0 0 0 0 1 0 0 0 0 0 0 0 0 0 0 0 0 0 0 0 0 0 0 0 0 0 0 0 0 0 0 0 0 0 0 0 0 0 0 0]
[3629400067939810469241650120810569081285639358123705392078901021482748667728632684269508241770696436845567351323791865545862280435094414574886450521804693767730104922741044256228624704458373277077030958700954225472425070614456372539688993055306558559653161669180237555470 0 0 0 0 0 0 0 0 0 0 0 0 0 0 0 0 0 0 0 0 0 0 0 0 0 0 0 0 0 0 0 0 0 0 0 0 0 0 0 0 0 0 0 0 0 0 0 0 0 0 0 0 0 0 1 0 0 0 0 0 0 0 0 0 0 0 0 0 0 0 0 0 0 0 0 0 0 0 0 0 0 0 0 0 0 0 0 0 0]
[2098550583611940151195381714629712365979679381707986558225740995585322530536126754100249742345699426314448454455376253643859980954790720116728906545254945110593840275171102769920668201353707311016945061377564002279288665485175402134673347784498117551221149890346714879657 0 0 0 0 0 0 0 0 0 0 0 0 0 0 0 0 0 0 0 0 0 0 0 0 0 0 0 0 0 0 0 0 0 0 0 0 0 0 0 0 0 0 0 0 0 0 0 0 0 0 0 0 0 0 0 1 0 0 0 0 0 0 0 0 0 0 0 0 0 0 0 0 0 0 0 0 0 0 0 0 0 0 0 0 0 0 0 0 0]
[3597866227846476186437312969482177504340340096691919678618962789906248234826388232513068247921853628915365048341218614037478793939949585642815211342171719996784630296914470443920158862161255395419521676141054828645263188955619977109341958647802911971295846747203822716062 0 0 0 0 0 0 0 0 0 0 0 0 0 0 0 0 0 0 0 0 0 0 0 0 0 0 0 0 0 0 0 0 0 0 0 0 0 0 0 0 0 0 0 0 0 0 0 0 0 0 0 0 0 0 0 0 1 0 0 0 0 0 0 0 0 0 0 0 0 0 0 0 0 0 0 0 0 0 0 0 0 0 0 0 0 0 0 0 0]
[3188552161506139487530582018552294041091158943981822722165776619287229915462773839381520541442251680379616437785196756102667699161525779823966099327151690402402525421663724458624254129151056650049761923038383924241045898956805089257967603294107738536039765122428218275079 0 0 0 0 0 0 0 0 0 0 0 0 0 0 0 0 0 0 0 0 0 0 0 0 0 0 0 0 0 0 0 0 0 0 0 0 0 0 0 0 0 0 0 0 0 0 0 0 0 0 0 0 0 0 0 0 0 1 0 0 0 0 0 0 0 0 0 0 0 0 0 0 0 0 0 0 0 0 0 0 0 0 0 0 0 0 0 0 0]
[1036147750029101999743900890092160802464632887922142977648038939425641309561502592960565753257673550813196263328061116813746764512337248656629994825736061532318862374700101276994302668531201769527464122504206371861522630097981370613045474173019343100978142252856533732204 0 0 0 0 0 0 0 0 0 0 0 0 0 0 0 0 0 0 0 0 0 0 0 0 0 0 0 0 0 0 0 0 0 0 0 0 0 0 0 0 0 0 0 0 0 0 0 0 0 0 0 0 0 0 0 0 0 0 1 0 0 0 0 0 0 0 0 0 0 0 0 0 0 0 0 0 0 0 0 0 0 0 0 0 0 0 0 0 0]
[5229831624162352834388341298270174465800485382402347791088464116361667776031050665852409140767793437409166034944322390955028812296378132926462516119189234916133708743410966482624074304746200935451033422714224874029269772927574081872317490179194865860831208603859730709964 0 0 0 0 0 0 0 0 0 0 0 0 0 0 0 0 0 0 0 0 0 0 0 0 0 0 0 0 0 0 0 0 0 0 0 0 0 0 0 0 0 0 0 0 0 0 0 0 0 0 0 0 0 0 0 0 0 0 0 1 0 0 0 0 0 0 0 0 0 0 0 0 0 0 0 0 0 0 0 0 0 0 0 0 0 0 0 0 0]
[6252659053093602612687196883453356968409176004644128457014550066505408727514331371382221230746926865522915525772292020151214762350071555112152278393973512105522214175816574862401048338596773729218577223127080017807446580984584540917098087372499602042972101222393155106356 0 0 0 0 0 0 0 0 0 0 0 0 0 0 0 0 0 0 0 0 0 0 0 0 0 0 0 0 0 0 0 0 0 0 0 0 0 0 0 0 0 0 0 0 0 0 0 0 0 0 0 0 0 0 0 0 0 0 0 0 1 0 0 0 0 0 0 0 0 0 0 0 0 0 0 0 0 0 0 0 0 0 0 0 0 0 0 0 0]
[7287503158893422835018264866494970954817392282567104457403379322637627806096690314271069900757463025553967103341491290579765219724178119818670513039450260077356645266352848306987034329867504964255817781500483925335377941088484620857136292815599968191903690368569205527042 0 0 0 0 0 0 0 0 0 0 0 0 0 0 0 0 0 0 0 0 0 0 0 0 0 0 0 0 0 0 0 0 0 0 0 0 0 0 0 0 0 0 0 0 0 0 0 0 0 0 0 0 0 0 0 0 0 0 0 0 0 1 0 0 0 0 0 0 0 0 0 0 0 0 0 0 0 0 0 0 0 0 0 0 0 0 0 0 0]
[5380869220653633613701996159853488999610968801906568681386256149866611073294249129581730186501909887829362153657390650345728428087744986736956787863282853802097925364112005865069006869528362106506050978080481244370928272560066557491395242219780332161010867148031516144094 0 0 0 0 0 0 0 0 0 0 0 0 0 0 0 0 0 0 0 0 0 0 0 0 0 0 0 0 0 0 0 0 0 0 0 0 0 0 0 0 0 0 0 0 0 0 0 0 0 0 0 0 0 0 0 0 0 0 0 0 0 0 1 0 0 0 0 0 0 0 0 0 0 0 0 0 0 0 0 0 0 0 0 0 0 0 0 0 0]
[1343843543316364301955092441986011095052269940120323834824224376986414608387169268499508813159698616387444066635091491399365670318610495657295339411723537303758579326858850730439962875552310540116919678566983510107603386004176637423846558355380838689209996447025620606551 0 0 0 0 0 0 0 0 0 0 0 0 0 0 0 0 0 0 0 0 0 0 0 0 0 0 0 0 0 0 0 0 0 0 0 0 0 0 0 0 0 0 0 0 0 0 0 0 0 0 0 0 0 0 0 0 0 0 0 0 0 0 0 1 0 0 0 0 0 0 0 0 0 0 0 0 0 0 0 0 0 0 0 0 0 0 0 0 0]
[2493831932241426229364208041036148348206779737807192169108801007982384051186634548032345089473454987387766327262576827426140982094199771211999672639769018179068353334372254398306227871227483688293458886291718084350950085355325764913347303791003634981524848328819448691484 0 0 0 0 0 0 0 0 0 0 0 0 0 0 0 0 0 0 0 0 0 0 0 0 0 0 0 0 0 0 0 0 0 0 0 0 0 0 0 0 0 0 0 0 0 0 0 0 0 0 0 0 0 0 0 0 0 0 0 0 0 0 0 0 1 0 0 0 0 0 0 0 0 0 0 0 0 0 0 0 0 0 0 0 0 0 0 0 0]
[4501396304395963999199493493761558141621311768706739769239192252949490626521983491780634231267374949243462632299449643509943251173070663825464005993233196785436863074285310669814278763631569197127649454890661550770548670846452116201985513285751431780994280508325353741969 0 0 0 0 0 0 0 0 0 0 0 0 0 0 0 0 0 0 0 0 0 0 0 0 0 0 0 0 0 0 0 0 0 0 0 0 0 0 0 0 0 0 0 0 0 0 0 0 0 0 0 0 0 0 0 0 0 0 0 0 0 0 0 0 0 1 0 0 0 0 0 0 0 0 0 0 0 0 0 0 0 0 0 0 0 0 0 0 0]
[5350698084722572126866256924807135937863158174372049148830172177750968153170345794163611656332443044764808666372674755197307039643428328789115604084810044819870742614262374318187682151568330694856645195413202244907506823546173752249335856428757735644287037213603696255264 0 0 0 0 0 0 0 0 0 0 0 0 0 0 0 0 0 0 0 0 0 0 0 0 0 0 0 0 0 0 0 0 0 0 0 0 0 0 0 0 0 0 0 0 0 0 0 0 0 0 0 0 0 0 0 0 0 0 0 0 0 0 0 0 0 0 1 0 0 0 0 0 0 0 0 0 0 0 0 0 0 0 0 0 0 0 0 0 0]
[6265842912302130621469640237128308101612855475753652124176739065261538556685975936234252236404427434795365811271204732010128253842598915403828046687873373081898535702679535678259591985638812472478771363844361259607780201754121017470805309207645479749049483419966340814202 0 0 0 0 0 0 0 0 0 0 0 0 0 0 0 0 0 0 0 0 0 0 0 0 0 0 0 0 0 0 0 0 0 0 0 0 0 0 0 0 0 0 0 0 0 0 0 0 0 0 0 0 0 0 0 0 0 0 0 0 0 0 0 0 0 0 0 1 0 0 0 0 0 0 0 0 0 0 0 0 0 0 0 0 0 0 0 0 0]
[882922086406379947345649994827092053721873700178009940219358671292367732995535034517009398352957940543000937159237198644894238063980385132030422656508351961953199935370681523876133703192680157048160828889386707281240385634220323792077838570361466793209393432270210107572 0 0 0 0 0 0 0 0 0 0 0 0 0 0 0 0 0 0 0 0 0 0 0 0 0 0 0 0 0 0 0 0 0 0 0 0 0 0 0 0 0 0 0 0 0 0 0 0 0 0 0 0 0 0 0 0 0 0 0 0 0 0 0 0 0 0 0 0 1 0 0 0 0 0 0 0 0 0 0 0 0 0 0 0 0 0 0 0 0]
[3159359648967674757740644561037038375461548907877965315934843027803231231131635825999421124557488933535960688990919617501487048292551533194882165024267418389337973129107048311952234192185658246807178040097345655215832362779425142091063885732741672874299969619453161497781 0 0 0 0 0 0 0 0 0 0 0 0 0 0 0 0 0 0 0 0 0 0 0 0 0 0 0 0 0 0 0 0 0 0 0 0 0 0 0 0 0 0 0 0 0 0 0 0 0 0 0 0 0 0 0 0 0 0 0 0 0 0 0 0 0 0 0 0 0 1 0 0 0 0 0 0 0 0 0 0 0 0 0 0 0 0 0 0 0]
[2022617721682557380131067772813943374720389626512477993580653776480675788973230153766548866415464479312169937151570473631643974556663139486046103622408352196077753997492129306110717701375236219954384352809425840011730285145679880220963864430819862501882514521439387634374 0 0 0 0 0 0 0 0 0 0 0 0 0 0 0 0 0 0 0 0 0 0 0 0 0 0 0 0 0 0 0 0 0 0 0 0 0 0 0 0 0 0 0 0 0 0 0 0 0 0 0 0 0 0 0 0 0 0 0 0 0 0 0 0 0 0 0 0 0 0 1 0 0 0 0 0 0 0 0 0 0 0 0 0 0 0 0 0 0]
[4653939894460778942078763094256494498178742490389761479372226018011590787599327052114166309304144074536096162102702366505630047545381847973587447787315731067800447445211210166607472039477589171961749930889237908579932915520394970842043366649334991164334181794891665154618 0 0 0 0 0 0 0 0 0 0 0 0 0 0 0 0 0 0 0 0 0 0 0 0 0 0 0 0 0 0 0 0 0 0 0 0 0 0 0 0 0 0 0 0 0 0 0 0 0 0 0 0 0 0 0 0 0 0 0 0 0 0 0 0 0 0 0 0 0 0 0 1 0 0 0 0 0 0 0 0 0 0 0 0 0 0 0 0 0]
[1020700211717893954535836289045250466929939428809690119159933533847695598773780468566881770567925355364322164406903920440662173311753379942813188407366252341334469654680642940291145233923444868977933579067399274351004820715524327231372399083389966413871503092021100784102 0 0 0 0 0 0 0 0 0 0 0 0 0 0 0 0 0 0 0 0 0 0 0 0 0 0 0 0 0 0 0 0 0 0 0 0 0 0 0 0 0 0 0 0 0 0 0 0 0 0 0 0 0 0 0 0 0 0 0 0 0 0 0 0 0 0 0 0 0 0 0 0 1 0 0 0 0 0 0 0 0 0 0 0 0 0 0 0 0]
[4699455367935759856378084231002212849393896764562450159308077362992120622242636611753098081035317342877136890681395236864265244654530910595503514672357831111433945792995915891034388607917898299625937292715380530373726598403498404047573970039003544192477125159514663382107 0 0 0 0 0 0 0 0 0 0 0 0 0 0 0 0 0 0 0 0 0 0 0 0 0 0 0 0 0 0 0 0 0 0 0 0 0 0 0 0 0 0 0 0 0 0 0 0 0 0 0 0 0 0 0 0 0 0 0 0 0 0 0 0 0 0 0 0 0 0 0 0 0 1 0 0 0 0 0 0 0 0 0 0 0 0 0 0 0]
[5069310584905498737608043201614605543635880071783073095938497671921240044962587479006492580657638508611064012944507421041342352032451780017185422209023548445841245595278310628899938733959692612311225760106944707005777334985081394100099646277009438406487786388695088303026 0 0 0 0 0 0 0 0 0 0 0 0 0 0 0 0 0 0 0 0 0 0 0 0 0 0 0 0 0 0 0 0 0 0 0 0 0 0 0 0 0 0 0 0 0 0 0 0 0 0 0 0 0 0 0 0 0 0 0 0 0 0 0 0 0 0 0 0 0 0 0 0 0 0 1 0 0 0 0 0 0 0 0 0 0 0 0 0 0]
[5248061087609156849296554199009137129558766106290039145358235581504819122383965794671722965246526977217059194363220555130790053198580832942998665888806642385200579975493474270151975836641086542890590067389925312639559597922151792223689818515330336904034228073372045279237 0 0 0 0 0 0 0 0 0 0 0 0 0 0 0 0 0 0 0 0 0 0 0 0 0 0 0 0 0 0 0 0 0 0 0 0 0 0 0 0 0 0 0 0 0 0 0 0 0 0 0 0 0 0 0 0 0 0 0 0 0 0 0 0 0 0 0 0 0 0 0 0 0 0 0 1 0 0 0 0 0 0 0 0 0 0 0 0 0]
[7293702176472184651385221377589635516218357882775019479862530399919522043827564652096126303465174389148520990654474401045589177336979685943882997079124268322144988241150641651493659002072357592057983733666510266656537622297483995398449698853905250585536359455153857804304 0 0 0 0 0 0 0 0 0 0 0 0 0 0 0 0 0 0 0 0 0 0 0 0 0 0 0 0 0 0 0 0 0 0 0 0 0 0 0 0 0 0 0 0 0 0 0 0 0 0 0 0 0 0 0 0 0 0 0 0 0 0 0 0 0 0 0 0 0 0 0 0 0 0 0 0 1 0 0 0 0 0 0 0 0 0 0 0 0]
[7241036068905936213593267262350768633812463482255061517252247733114218663403130445607609358922176473854201035607058651903558063911383118368539589600638097417611699923360120566070978869280522726160368132649519485212381329374816617676573623602458291961064459536630298657762 0 0 0 0 0 0 0 0 0 0 0 0 0 0 0 0 0 0 0 0 0 0 0 0 0 0 0 0 0 0 0 0 0 0 0 0 0 0 0 0 0 0 0 0 0 0 0 0 0 0 0 0 0 0 0 0 0 0 0 0 0 0 0 0 0 0 0 0 0 0 0 0 0 0 0 0 0 1 0 0 0 0 0 0 0 0 0 0 0]
[4526895224492107094204707710902087237076391626675961834564880417810411339719069425123832139624450735098491575193213856516572422485279556056891339989544174655961161761225262091373029206478482328231075895650257060421578224301108502424101394331803190592526050551267071895371 0 0 0 0 0 0 0 0 0 0 0 0 0 0 0 0 0 0 0 0 0 0 0 0 0 0 0 0 0 0 0 0 0 0 0 0 0 0 0 0 0 0 0 0 0 0 0 0 0 0 0 0 0 0 0 0 0 0 0 0 0 0 0 0 0 0 0 0 0 0 0 0 0 0 0 0 0 0 1 0 0 0 0 0 0 0 0 0 0]
[1217037913028214893862989846054984639412956895718758655781333093940442732224400108822647339954081873619980356421951171320553272344141785586057103149367158437078462702284142471870615774542041564243243597277537229508185821027061784685579238047004932978798424347965445329868 0 0 0 0 0 0 0 0 0 0 0 0 0 0 0 0 0 0 0 0 0 0 0 0 0 0 0 0 0 0 0 0 0 0 0 0 0 0 0 0 0 0 0 0 0 0 0 0 0 0 0 0 0 0 0 0 0 0 0 0 0 0 0 0 0 0 0 0 0 0 0 0 0 0 0 0 0 0 0 1 0 0 0 0 0 0 0 0 0]
[4548303644473584719643833334713902808873679089684452554823672992288157573950609387311601795505372557586250145302054086202861873256046055500440491294980562129822666978050691064611205491143248997901020832652019317253545255361921949742645852537342270098302534192783158599384 0 0 0 0 0 0 0 0 0 0 0 0 0 0 0 0 0 0 0 0 0 0 0 0 0 0 0 0 0 0 0 0 0 0 0 0 0 0 0 0 0 0 0 0 0 0 0 0 0 0 0 0 0 0 0 0 0 0 0 0 0 0 0 0 0 0 0 0 0 0 0 0 0 0 0 0 0 0 0 0 1 0 0 0 0 0 0 0 0]
[5050054858855020392323216200026237524295458407104725534191388686870574076303425297733502197495654553445267987016714090316986890597454205416024706123856120580910443654713620214216125187454951871303123324899047090841911025267494418200798694593724420065528818929329589550706 0 0 0 0 0 0 0 0 0 0 0 0 0 0 0 0 0 0 0 0 0 0 0 0 0 0 0 0 0 0 0 0 0 0 0 0 0 0 0 0 0 0 0 0 0 0 0 0 0 0 0 0 0 0 0 0 0 0 0 0 0 0 0 0 0 0 0 0 0 0 0 0 0 0 0 0 0 0 0 0 0 1 0 0 0 0 0 0 0]
[4973667124061572435118610730068782489370514275224086556985834376007838716626816002543191346208694132473887735866778503273110921305179172875720944364723305602319152576075618644393016493811338201024861254178830860899575565888022398053673940934030967273567956580624908864219 0 0 0 0 0 0 0 0 0 0 0 0 0 0 0 0 0 0 0 0 0 0 0 0 0 0 0 0 0 0 0 0 0 0 0 0 0 0 0 0 0 0 0 0 0 0 0 0 0 0 0 0 0 0 0 0 0 0 0 0 0 0 0 0 0 0 0 0 0 0 0 0 0 0 0 0 0 0 0 0 0 0 1 0 0 0 0 0 0]
[1098786830212399319666987067047804811241369099837715280486092129545372127879674535046779256248836297698761586321457300528708965361900572706230561097065033769929016167420404757989862699684487611370550516059038496843178879469016028182618560692342922244779927971515533727271 0 0 0 0 0 0 0 0 0 0 0 0 0 0 0 0 0 0 0 0 0 0 0 0 0 0 0 0 0 0 0 0 0 0 0 0 0 0 0 0 0 0 0 0 0 0 0 0 0 0 0 0 0 0 0 0 0 0 0 0 0 0 0 0 0 0 0 0 0 0 0 0 0 0 0 0 0 0 0 0 0 0 0 1 0 0 0 0 0]
[440715117761352315660648602620340234480850373318820026466176758106712977852490784209420403434111496067040526883411854255261575448577464394693453916741045002197341508754229422920217922579506415912353656257415174241572946667207127577710794982574653515305560694683175342314 0 0 0 0 0 0 0 0 0 0 0 0 0 0 0 0 0 0 0 0 0 0 0 0 0 0 0 0 0 0 0 0 0 0 0 0 0 0 0 0 0 0 0 0 0 0 0 0 0 0 0 0 0 0 0 0 0 0 0 0 0 0 0 0 0 0 0 0 0 0 0 0 0 0 0 0 0 0 0 0 0 0 0 0 1 0 0 0 0]
[5469013578564529026130535267457053557788527440635419784856458291850759060218632966633779968176548504160882071661789168519264811127181226827128989270565041931985966696099007099832419820956920841287565629865830144469968711112096754103843304347795872032180574951147852491691 0 0 0 0 0 0 0 0 0 0 0 0 0 0 0 0 0 0 0 0 0 0 0 0 0 0 0 0 0 0 0 0 0 0 0 0 0 0 0 0 0 0 0 0 0 0 0 0 0 0 0 0 0 0 0 0 0 0 0 0 0 0 0 0 0 0 0 0 0 0 0 0 0 0 0 0 0 0 0 0 0 0 0 0 0 1 0 0 0]
[2412198555791940137751420497086347965941214854219941699470045084273307705687396545768974605179505004000727149533511456969669206572812454019473707537631594582441036576633795338783888284947599571299924151033930911780000846193544273204662163388427234258511942350150350387124 0 0 0 0 0 0 0 0 0 0 0 0 0 0 0 0 0 0 0 0 0 0 0 0 0 0 0 0 0 0 0 0 0 0 0 0 0 0 0 0 0 0 0 0 0 0 0 0 0 0 0 0 0 0 0 0 0 0 0 0 0 0 0 0 0 0 0 0 0 0 0 0 0 0 0 0 0 0 0 0 0 0 0 0 0 0 1 0 0]
[4227152136476965866534312193284042527275200026000204772369200321962189682739388184949281198893316866796172850361832484733629865364040601956511419985490288633824146822675875124475060499214425647273895228147915463455570336870091103934270549051462081877133709136254484296222 0 0 0 0 0 0 0 0 0 0 0 0 0 0 0 0 0 0 0 0 0 0 0 0 0 0 0 0 0 0 0 0 0 0 0 0 0 0 0 0 0 0 0 0 0 0 0 0 0 0 0 0 0 0 0 0 0 0 0 0 0 0 0 0 0 0 0 0 0 0 0 0 0 0 0 0 0 0 0 0 0 0 0 0 0 0 0 1 0]
[5574608630987866877758923829871249576403317074158568097984004255645082523034333530615381004674942623480558524785855437466223396320872935487730399664174770790424230765094814469974743624907940482016580969155031855108540587764661440457328441505275082424500575389964233481659 0 0 0 0 0 0 0 0 0 0 0 0 0 0 0 0 0 0 0 0 0 0 0 0 0 0 0 0 0 0 0 0 0 0 0 0 0 0 0 0 0 0 0 0 0 0 0 0 0 0 0 0 0 0 0 0 0 0 0 0 0 0 0 0 0 0 0 0 0 0 0 0 0 0 0 0 0 0 0 0 0 0 0 0 0 0 0 0 1]
]
