[[8268044773335553504244184127490659845438950783469311258362485953009129761760576081820061067722178684097388859123612313071722075805369123221188263165595197689437178639800787918026140407280417181859675398212486705069362749422527101718245983566898338214610214116024086285443529385088521651637167091014267502413425199099042509408772396059 0 0 0 0 0 0 0 0 0 0 0 0 0 0 0 0 0 0 0 0 0 0 0 0 0 0 0 0 0 0 0 0 0 0 0 0 0 0 0 0 0 0 0 0 0 0 0 0 0 0 0 0 0 0 0 0 0 0 0 0 0 0 0 0 0 0 0 0 0 0 0 0 0 0 0 0 0 0 0 0 0 0 0 0 0 0 0 0 0 0 0 0 0 0 0 0 0 0 0 0 0 0 0 0 0 0 0 0 0]
[7236957725592382611256316860856698474550638310834521547611379399483494184263971845314106152530279463985262188652659111018416988425601376599590563208162585618694771364405292259234107789437751504485991821155460315587746458988236446109974930539324524753744088325076765215089785863951837982588610565963861908862398430658777463678307751069 1 0 0 0 0 0 0 0 0 0 0 0 0 0 0 0 0 0 0 0 0 0 0 0 0 0 0 0 0 0 0 0 0 0 0 0 0 0 0 0 0 0 0 0 0 0 0 0 0 0 0 0 0 0 0 0 0 0 0 0 0 0 0 0 0 0 0 0 0 0 0 0 0 0 0 0 0 0 0 0 0 0 0 0 0 0 0 0 0 0 0 0 0 0 0 0 0 0 0 0 0 0 0 0 0 0 0 0 0]
[6573200251951225559802600035354317044400483002328862449638046853900849847178568862414373268978861202136022684938098282689261843843194742029398808467173436794998109989456203565033736008336303501885409072690639766416527285384715866282024408781834139275118720099639287025747110850271588189318532077040395385183597859676425193880625736121 0 1 0 0 0 0 0 0 0 0 0 0 0 0 0 0 0 0 0 0 0 0 0 0 0 0 0 0 0 0 0 0 0 0 0 0 0 0 0 0 0 0 0 0 0 0 0 0 0 0 0 0 0 0 0 0 0 0 0 0 0 0 0 0 0 0 0 0 0 0 0 0 0 0 0 0 0 0 0 0 0 0 0 0 0 0 0 0 0 0 0 0 0 0 0 0 0 0 0 0 0 0 0 0 0 0 0 0 0]
[5388227977029441799233503276033314677565635212151028028878099305695008830772566666945283500668579955869615715956604512537141591651360948924091992271886229833431121181139944222138833279146855150362171617326548403176487799166786660704141712861866491032390597722655235335106634337463767929949409719128269622135661832392801305904452400319 0 0 1 0 0 0 0 0 0 0 0 0 0 0 0 0 0 0 0 0 0 0 0 0 0 0 0 0 0 0 0 0 0 0 0 0 0 0 0 0 0 0 0 0 0 0 0 0 0 0 0 0 0 0 0 0 0 0 0 0 0 0 0 0 0 0 0 0 0 0 0 0 0 0 0 0 0 0 0 0 0 0 0 0 0 0 0 0 0 0 0 0 0 0 0 0 0 0 0 0 0 0 0 0 0 0 0 0 0]
[936921980418247849508497562635687959724389343950399624946011538603943793945865781704793608429501648793290448123347094510892516566633827275779992557793004891293893029082215043627385755127073223626840852725860153532869017169140790559629154821563416305509502510815527540172059302161787610438336351282651242022486504872683765107157562641 0 0 0 1 0 0 0 0 0 0 0 0 0 0 0 0 0 0 0 0 0 0 0 0 0 0 0 0 0 0 0 0 0 0 0 0 0 0 0 0 0 0 0 0 0 0 0 0 0 0 0 0 0 0 0 0 0 0 0 0 0 0 0 0 0 0 0 0 0 0 0 0 0 0 0 0 0 0 0 0 0 0 0 0 0 0 0 0 0 0 0 0 0 0 0 0 0 0 0 0 0 0 0 0 0 0 0 0 0]
[691027039148983951234402817690592603995237815074164002025893110807062700771552032765179891824076365770448241704118296460519202021004308605647616623914659624106413334188921864288291167043449882147667531717261244732422904601739041025014286025376090058557381358708367562583741079428748960674840220171352997912608767094669390278667152149 0 0 0 0 1 0 0 0 0 0 0 0 0 0 0 0 0 0 0 0 0 0 0 0 0 0 0 0 0 0 0 0 0 0 0 0 0 0 0 0 0 0 0 0 0 0 0 0 0 0 0 0 0 0 0 0 0 0 0 0 0 0 0 0 0 0 0 0 0 0 0 0 0 0 0 0 0 0 0 0 0 0 0 0 0 0 0 0 0 0 0 0 0 0 0 0 0 0 0 0 0 0 0 0 0 0 0 0 0]
[2002412345163822514566813863006902226785013482826824030451394312981022106602467775052853027814524844258562859433761064937347866120786493859946283963548382422897347062872326034912194852683347267434122731404506393367290376304841440903827673781913715639653800406312807517984979426571045954653046340235937246797863531870935576234430770250 0 0 0 0 0 1 0 0 0 0 0 0 0 0 0 0 0 0 0 0 0 0 0 0 0 0 0 0 0 0 0 0 0 0 0 0 0 0 0 0 0 0 0 0 0 0 0 0 0 0 0 0 0 0 0 0 0 0 0 0 0 0 0 0 0 0 0 0 0 0 0 0 0 0 0 0 0 0 0 0 0 0 0 0 0 0 0 0 0 0 0 0 0 0 0 0 0 0 0 0 0 0 0 0 0 0 0 0 0]
[248032589081451128880156994266699409314559732700501623043766470319350852756862255645954534611065546729752763602797529932807274994012264290307059535252140313831653641044876741484863615690664823016323674202955584017386406199446639986587376571843232353458244261561365573121104058195869524357378396916531814856232501466472296300410766865 0 0 0 0 0 0 1 0 0 0 0 0 0 0 0 0 0 0 0 0 0 0 0 0 0 0 0 0 0 0 0 0 0 0 0 0 0 0 0 0 0 0 0 0 0 0 0 0 0 0 0 0 0 0 0 0 0 0 0 0 0 0 0 0 0 0 0 0 0 0 0 0 0 0 0 0 0 0 0 0 0 0 0 0 0 0 0 0 0 0 0 0 0 0 0 0 0 0 0 0 0 0 0 0 0 0 0 0 0]
[2350664292694737216075843184593487477637220018388722740217451223718828013300075720488812018401442773189139613112309494833173374215901159457017806218238627081547295591843164339970913232645159782013051482499561946543361161615159792686755072833720419889628593923979751627150350310808050721647483977332530033063682931764932107136337725755 0 0 0 0 0 0 0 1 0 0 0 0 0 0 0 0 0 0 0 0 0 0 0 0 0 0 0 0 0 0 0 0 0 0 0 0 0 0 0 0 0 0 0 0 0 0 0 0 0 0 0 0 0 0 0 0 0 0 0 0 0 0 0 0 0 0 0 0 0 0 0 0 0 0 0 0 0 0 0 0 0 0 0 0 0 0 0 0 0 0 0 0 0 0 0 0 0 0 0 0 0 0 0 0 0 0 0 0 0]
[4453546462162958195722123575612962370639883641199611329619308306921733525136296060109437859567574269308335823286290146359557536812398046499535825849925032007368509800410475993591222660935294421205916504364038082502555052753138323345076458220634283223478828000479188358622122425419954591451280442645805857539361597643687649337379690358 0 0 0 0 0 0 0 0 1 0 0 0 0 0 0 0 0 0 0 0 0 0 0 0 0 0 0 0 0 0 0 0 0 0 0 0 0 0 0 0 0 0 0 0 0 0 0 0 0 0 0 0 0 0 0 0 0 0 0 0 0 0 0 0 0 0 0 0 0 0 0 0 0 0 0 0 0 0 0 0 0 0 0 0 0 0 0 0 0 0 0 0 0 0 0 0 0 0 0 0 0 0 0 0 0 0 0 0 0]
[2885809980949222990616569518598479662229805912095756915156498425283892585398874511896281542938573015011437142072783883135919091418313552982466911335547146165819458838722985481464304643383815818582502530419973133310002941472359201207239483831228621029717938701034668803219394697348680169723621575506320262425084476501034910862834909189 0 0 0 0 0 0 0 0 0 1 0 0 0 0 0 0 0 0 0 0 0 0 0 0 0 0 0 0 0 0 0 0 0 0 0 0 0 0 0 0 0 0 0 0 0 0 0 0 0 0 0 0 0 0 0 0 0 0 0 0 0 0 0 0 0 0 0 0 0 0 0 0 0 0 0 0 0 0 0 0 0 0 0 0 0 0 0 0 0 0 0 0 0 0 0 0 0 0 0 0 0 0 0 0 0 0 0 0 0]
[2222794292813051974066013658327747697712400824466858231257243014197877457949000029851533029091520735046559068352576720730282697181200556468937151399115342188947886131865077851927027523430702223985276485091024703219380477907764534928562874516509445018314708964152597011080382097675291194061946120638406375940695121928520796283635119549 0 0 0 0 0 0 0 0 0 0 1 0 0 0 0 0 0 0 0 0 0 0 0 0 0 0 0 0 0 0 0 0 0 0 0 0 0 0 0 0 0 0 0 0 0 0 0 0 0 0 0 0 0 0 0 0 0 0 0 0 0 0 0 0 0 0 0 0 0 0 0 0 0 0 0 0 0 0 0 0 0 0 0 0 0 0 0 0 0 0 0 0 0 0 0 0 0 0 0 0 0 0 0 0 0 0 0 0 0]
[4802325684604847070968996311933633668769109190493823405580871626588523846406012234955032285733817840323495863262185277654489225789914249958396553638901770122624656484484557245649074393604687864615954586337744153273598942531429177359143452834341470737285106380844622316047516333643149498917726880575157919643968710437255849436178286124 0 0 0 0 0 0 0 0 0 0 0 1 0 0 0 0 0 0 0 0 0 0 0 0 0 0 0 0 0 0 0 0 0 0 0 0 0 0 0 0 0 0 0 0 0 0 0 0 0 0 0 0 0 0 0 0 0 0 0 0 0 0 0 0 0 0 0 0 0 0 0 0 0 0 0 0 0 0 0 0 0 0 0 0 0 0 0 0 0 0 0 0 0 0 0 0 0 0 0 0 0 0 0 0 0 0 0 0 0]
[3336889721091213880843840013342954338865359104234285403138699736017274228168603409349181555436459071635327128881506222007470146235904510597625175323944877779856482120071414552140519482243779514469004920173684798175459813966706993035516546658344555709133392190593755527883973496807763597386661794531025088621199760683479096509163791921 0 0 0 0 0 0 0 0 0 0 0 0 1 0 0 0 0 0 0 0 0 0 0 0 0 0 0 0 0 0 0 0 0 0 0 0 0 0 0 0 0 0 0 0 0 0 0 0 0 0 0 0 0 0 0 0 0 0 0 0 0 0 0 0 0 0 0 0 0 0 0 0 0 0 0 0 0 0 0 0 0 0 0 0 0 0 0 0 0 0 0 0 0 0 0 0 0 0 0 0 0 0 0 0 0 0 0 0 0]
[6239069776883394484248163133241316622798062232598152493012934451779964531874955499226698050203932137904370832563406517740641620880806464837312410476452194683464681476993878441152748920133294680308904318470224393115691575226688314484442400165740241059304883949949451738977902382941750163318830749416863760079084083207489278189708043657 0 0 0 0 0 0 0 0 0 0 0 0 0 1 0 0 0 0 0 0 0 0 0 0 0 0 0 0 0 0 0 0 0 0 0 0 0 0 0 0 0 0 0 0 0 0 0 0 0 0 0 0 0 0 0 0 0 0 0 0 0 0 0 0 0 0 0 0 0 0 0 0 0 0 0 0 0 0 0 0 0 0 0 0 0 0 0 0 0 0 0 0 0 0 0 0 0 0 0 0 0 0 0 0 0 0 0 0 0]
[797670349134344570748012942460242360481627957123124469222534183856178882603633389151335904274715834406658964477777815138757194372643178513190598247834103517633099841363435216658507461406567863948075030303297483797798538794892800930057166408345760808008290456448039143223988074399700431453410214728654869329094388085988083835924910921 0 0 0 0 0 0 0 0 0 0 0 0 0 0 1 0 0 0 0 0 0 0 0 0 0 0 0 0 0 0 0 0 0 0 0 0 0 0 0 0 0 0 0 0 0 0 0 0 0 0 0 0 0 0 0 0 0 0 0 0 0 0 0 0 0 0 0 0 0 0 0 0 0 0 0 0 0 0 0 0 0 0 0 0 0 0 0 0 0 0 0 0 0 0 0 0 0 0 0 0 0 0 0 0 0 0 0 0 0]
[3908324181485335760877260205405031033664651907190264397055463951145735816369661247864693691450511052248337532051560622168771586725256863991505446926212504856540815162677371942056061863278456927157947432596631973230271109525432211648206438059245346961948074608480156645024836738767353902428126440345041894730826037868296433775656529951 0 0 0 0 0 0 0 0 0 0 0 0 0 0 0 1 0 0 0 0 0 0 0 0 0 0 0 0 0 0 0 0 0 0 0 0 0 0 0 0 0 0 0 0 0 0 0 0 0 0 0 0 0 0 0 0 0 0 0 0 0 0 0 0 0 0 0 0 0 0 0 0 0 0 0 0 0 0 0 0 0 0 0 0 0 0 0 0 0 0 0 0 0 0 0 0 0 0 0 0 0 0 0 0 0 0 0 0 0]
[2380585562872131412793901299996990950098319191968285417289129101791638099081945778487885799223448982779782051048133022830465282197570052229139447293505863586332008029651928458319379496142026698981242131896177540320428303081829965752192927280944812001093887537190672249855408906837252298659276204499281242921136791543027017118790494359 0 0 0 0 0 0 0 0 0 0 0 0 0 0 0 0 1 0 0 0 0 0 0 0 0 0 0 0 0 0 0 0 0 0 0 0 0 0 0 0 0 0 0 0 0 0 0 0 0 0 0 0 0 0 0 0 0 0 0 0 0 0 0 0 0 0 0 0 0 0 0 0 0 0 0 0 0 0 0 0 0 0 0 0 0 0 0 0 0 0 0 0 0 0 0 0 0 0 0 0 0 0 0 0 0 0 0 0 0]
[2517120210400108261211164679690113068718628798905994534665727414866409334974730216832870643677395582263115308099788074682674662465007417134024265053677675820633628302884991874397786844419502283828853646609275602171806195315476284534500995403739915510543663521294067906731649980682113736997634528381531281912296702855647052913495088374 0 0 0 0 0 0 0 0 0 0 0 0 0 0 0 0 0 1 0 0 0 0 0 0 0 0 0 0 0 0 0 0 0 0 0 0 0 0 0 0 0 0 0 0 0 0 0 0 0 0 0 0 0 0 0 0 0 0 0 0 0 0 0 0 0 0 0 0 0 0 0 0 0 0 0 0 0 0 0 0 0 0 0 0 0 0 0 0 0 0 0 0 0 0 0 0 0 0 0 0 0 0 0 0 0 0 0 0 0]
[197283448702716392307506995580478112933046070827867636069991258008834666318837768146639971519550048366317771367788435658673269356298603887616333818159337374888944233397741208401191368495914644461016513083294655337804383935297583176818697589108348293509393094766093560860158847947770357215073381897590755168193376763426519128203168599 0 0 0 0 0 0 0 0 0 0 0 0 0 0 0 0 0 0 1 0 0 0 0 0 0 0 0 0 0 0 0 0 0 0 0 0 0 0 0 0 0 0 0 0 0 0 0 0 0 0 0 0 0 0 0 0 0 0 0 0 0 0 0 0 0 0 0 0 0 0 0 0 0 0 0 0 0 0 0 0 0 0 0 0 0 0 0 0 0 0 0 0 0 0 0 0 0 0 0 0 0 0 0 0 0 0 0 0 0]
[7465817281840682153249829274488594691842166416233960441713957380540363603134526272447364261888905922063366341894344542517146322818293390047806137664876481044283115520535317868884785790001794558535839546050537906104965429770257028888292192298362730360411016051303397002073148597241494034409782322598131068827844786641949299594804622866 0 0 0 0 0 0 0 0 0 0 0 0 0 0 0 0 0 0 0 1 0 0 0 0 0 0 0 0 0 0 0 0 0 0 0 0 0 0 0 0 0 0 0 0 0 0 0 0 0 0 0 0 0 0 0 0 0 0 0 0 0 0 0 0 0 0 0 0 0 0 0 0 0 0 0 0 0 0 0 0 0 0 0 0 0 0 0 0 0 0 0 0 0 0 0 0 0 0 0 0 0 0 0 0 0 0 0 0 0]
[4834083015127609074286783133304845090631194448426270820450655120084671090432375038063250378786911060190412194316932193176070400096115184709890304178637103132851779136242419462771054440756733726766030347026164216478445250108421365897555808969244647852711689614033973355208998270189790744683091938498986279089214823257453578574885800523 0 0 0 0 0 0 0 0 0 0 0 0 0 0 0 0 0 0 0 0 1 0 0 0 0 0 0 0 0 0 0 0 0 0 0 0 0 0 0 0 0 0 0 0 0 0 0 0 0 0 0 0 0 0 0 0 0 0 0 0 0 0 0 0 0 0 0 0 0 0 0 0 0 0 0 0 0 0 0 0 0 0 0 0 0 0 0 0 0 0 0 0 0 0 0 0 0 0 0 0 0 0 0 0 0 0 0 0 0]
[7875128889653137084904558891259708350666123320594710459552866419255303241465187974031016313724233288110645249461493836465041797673173158309840277066236807834903999701838316979223339261563868249358097573425298701673266982856683111138529485794319439193026299009325474657909697122255115030397607926804855537098772047687949098510700599134 0 0 0 0 0 0 0 0 0 0 0 0 0 0 0 0 0 0 0 0 0 1 0 0 0 0 0 0 0 0 0 0 0 0 0 0 0 0 0 0 0 0 0 0 0 0 0 0 0 0 0 0 0 0 0 0 0 0 0 0 0 0 0 0 0 0 0 0 0 0 0 0 0 0 0 0 0 0 0 0 0 0 0 0 0 0 0 0 0 0 0 0 0 0 0 0 0 0 0 0 0 0 0 0 0 0 0 0 0]
[3248037003553380437926214271591394109850464897912265069420588062636340005149384015924063811284739365615328715955250205782558509879266464497851193653096864786387466947347711535079781691776014027895390037019382699554999004941187594428232121179671347847896852684834860550282317683114853473444553095465802773288689788746891018882665933063 0 0 0 0 0 0 0 0 0 0 0 0 0 0 0 0 0 0 0 0 0 0 1 0 0 0 0 0 0 0 0 0 0 0 0 0 0 0 0 0 0 0 0 0 0 0 0 0 0 0 0 0 0 0 0 0 0 0 0 0 0 0 0 0 0 0 0 0 0 0 0 0 0 0 0 0 0 0 0 0 0 0 0 0 0 0 0 0 0 0 0 0 0 0 0 0 0 0 0 0 0 0 0 0 0 0 0 0 0]
[230790484622626971143284998838157413901685361895391875400901282620169091708346812917221099421430414572167353898393677821296822692809468195570093015659074714838674534422889355087632935747192235683171080841616173594865743588833572302555612703217871375220535682464555895120772416946652858098968734411402723398114978183248240085438819856 0 0 0 0 0 0 0 0 0 0 0 0 0 0 0 0 0 0 0 0 0 0 0 1 0 0 0 0 0 0 0 0 0 0 0 0 0 0 0 0 0 0 0 0 0 0 0 0 0 0 0 0 0 0 0 0 0 0 0 0 0 0 0 0 0 0 0 0 0 0 0 0 0 0 0 0 0 0 0 0 0 0 0 0 0 0 0 0 0 0 0 0 0 0 0 0 0 0 0 0 0 0 0 0 0 0 0 0 0]
[1751558054347572171419605300348634167341921444737472167766235992444012550147258120728182315396423516109630312433072049608524539633021764510517482985948529185285773282298292389302438348462452345100717037912992328184737293900446761771919035096203310109476675640474718228314896511261893152290438799020592224333991495939382286699327411919 0 0 0 0 0 0 0 0 0 0 0 0 0 0 0 0 0 0 0 0 0 0 0 0 1 0 0 0 0 0 0 0 0 0 0 0 0 0 0 0 0 0 0 0 0 0 0 0 0 0 0 0 0 0 0 0 0 0 0 0 0 0 0 0 0 0 0 0 0 0 0 0 0 0 0 0 0 0 0 0 0 0 0 0 0 0 0 0 0 0 0 0 0 0 0 0 0 0 0 0 0 0 0 0 0 0 0 0 0]
[2539825506546845820649469823573300750680786983775452642464755151648133000080031492154287409395578666534850394575811421724543286521475845736317757639565661195993244946398957393106957016637219915872760352620560981026252295065319094988098395590150056495096327289670674453639258206575388210061627101698484432837695491730108719131298227263 0 0 0 0 0 0 0 0 0 0 0 0 0 0 0 0 0 0 0 0 0 0 0 0 0 1 0 0 0 0 0 0 0 0 0 0 0 0 0 0 0 0 0 0 0 0 0 0 0 0 0 0 0 0 0 0 0 0 0 0 0 0 0 0 0 0 0 0 0 0 0 0 0 0 0 0 0 0 0 0 0 0 0 0 0 0 0 0 0 0 0 0 0 0 0 0 0 0 0 0 0 0 0 0 0 0 0 0 0]
[4711885066868018327362721180789596770331917993248274667582303629343195820906002535206984971180090184990646458827532844330828252275118628146534228075810104401518145629879292473338424644720519845753920361218389090311801506301735261464744118171786117291418814114848533854494327707010422734137434217327335508868165112107432352629462506927 0 0 0 0 0 0 0 0 0 0 0 0 0 0 0 0 0 0 0 0 0 0 0 0 0 0 1 0 0 0 0 0 0 0 0 0 0 0 0 0 0 0 0 0 0 0 0 0 0 0 0 0 0 0 0 0 0 0 0 0 0 0 0 0 0 0 0 0 0 0 0 0 0 0 0 0 0 0 0 0 0 0 0 0 0 0 0 0 0 0 0 0 0 0 0 0 0 0 0 0 0 0 0 0 0 0 0 0 0]
[187087112305346473640586068007985465730718561413871430683109154849620812910639660056394727973213553306774759795967642449211878228200364780270686609891627491845633053488026665620771977409595703188958483831361042086311925174969166468130870333975193109461683475101826034772203255023648632724705646040101944754232849233834993930055746006 0 0 0 0 0 0 0 0 0 0 0 0 0 0 0 0 0 0 0 0 0 0 0 0 0 0 0 1 0 0 0 0 0 0 0 0 0 0 0 0 0 0 0 0 0 0 0 0 0 0 0 0 0 0 0 0 0 0 0 0 0 0 0 0 0 0 0 0 0 0 0 0 0 0 0 0 0 0 0 0 0 0 0 0 0 0 0 0 0 0 0 0 0 0 0 0 0 0 0 0 0 0 0 0 0 0 0 0 0]
[244278979893053803652662288698093810517798365730935636145620580444334066448965850826936857011629280370003171964327829296553076515536443769214424064464787988454504232181432439210989981990884677496728232334909211550190239762090915097599754433556740612521177102198909320757461842914515887539617045071110323724873999653070761997368963604 0 0 0 0 0 0 0 0 0 0 0 0 0 0 0 0 0 0 0 0 0 0 0 0 0 0 0 0 1 0 0 0 0 0 0 0 0 0 0 0 0 0 0 0 0 0 0 0 0 0 0 0 0 0 0 0 0 0 0 0 0 0 0 0 0 0 0 0 0 0 0 0 0 0 0 0 0 0 0 0 0 0 0 0 0 0 0 0 0 0 0 0 0 0 0 0 0 0 0 0 0 0 0 0 0 0 0 0 0]
[6552116997811436428710301471752895704232437705672708238632996922804075664584691013565294873574747438619561787930101711418226867240017017591095976546242213139021927592078503913403990927364389923525604169118950574290618678410801517921875420223223495634057970920538117517776641115280524862847642720283143015224600611657696781796067280680 0 0 0 0 0 0 0 0 0 0 0 0 0 0 0 0 0 0 0 0 0 0 0 0 0 0 0 0 0 1 0 0 0 0 0 0 0 0 0 0 0 0 0 0 0 0 0 0 0 0 0 0 0 0 0 0 0 0 0 0 0 0 0 0 0 0 0 0 0 0 0 0 0 0 0 0 0 0 0 0 0 0 0 0 0 0 0 0 0 0 0 0 0 0 0 0 0 0 0 0 0 0 0 0 0 0 0 0 0]
[7621467703497386604767336040845400464230453586805619660304895357304568828868305334272041925126351514813758180062091884749991852943876413092888000272636179091005915419643904078215802340860326746954847804058259396399364896958347831322594939637363786609987827668976750780931850602498702330352362658144182834412397070528718128920294932009 0 0 0 0 0 0 0 0 0 0 0 0 0 0 0 0 0 0 0 0 0 0 0 0 0 0 0 0 0 0 1 0 0 0 0 0 0 0 0 0 0 0 0 0 0 0 0 0 0 0 0 0 0 0 0 0 0 0 0 0 0 0 0 0 0 0 0 0 0 0 0 0 0 0 0 0 0 0 0 0 0 0 0 0 0 0 0 0 0 0 0 0 0 0 0 0 0 0 0 0 0 0 0 0 0 0 0 0 0]
[4382551516333918347766406380616806917841626800112939463821596969934803952608137733034444140386715707245336270343177004948481184251654463574962277621870946697960867779129392737411955335991951981539459583005683985207568796396878721105650817306111665949126100674757571422996018641608583538201631718892968311654382258594308120865836514 0 0 0 0 0 0 0 0 0 0 0 0 0 0 0 0 0 0 0 0 0 0 0 0 0 0 0 0 0 0 0 1 0 0 0 0 0 0 0 0 0 0 0 0 0 0 0 0 0 0 0 0 0 0 0 0 0 0 0 0 0 0 0 0 0 0 0 0 0 0 0 0 0 0 0 0 0 0 0 0 0 0 0 0 0 0 0 0 0 0 0 0 0 0 0 0 0 0 0 0 0 0 0 0 0 0 0 0 0]
[7124667345683699896503300203638859030719310968125567057478883897744002511190320073879438109164857681520567443658580056411091906816654319711087725992460773700322963177493348103129908358173362400654447761157604273721024140685724045877789263911618915864299024962052604510725171295391735396742152630999835374877668849732792419951631257339 0 0 0 0 0 0 0 0 0 0 0 0 0 0 0 0 0 0 0 0 0 0 0 0 0 0 0 0 0 0 0 0 1 0 0 0 0 0 0 0 0 0 0 0 0 0 0 0 0 0 0 0 0 0 0 0 0 0 0 0 0 0 0 0 0 0 0 0 0 0 0 0 0 0 0 0 0 0 0 0 0 0 0 0 0 0 0 0 0 0 0 0 0 0 0 0 0 0 0 0 0 0 0 0 0 0 0 0 0]
[2003286182138903273407034508225283992428898252289596106028088535769685572125990011400510480670788608900876465377618174853004181376599211328169345682255355546831205978944332353119460698518134472382757069575281014397152067270453705718530593799196793689959408111260940696747671365706368975445709978831362406916486238136790269246042521558 0 0 0 0 0 0 0 0 0 0 0 0 0 0 0 0 0 0 0 0 0 0 0 0 0 0 0 0 0 0 0 0 0 1 0 0 0 0 0 0 0 0 0 0 0 0 0 0 0 0 0 0 0 0 0 0 0 0 0 0 0 0 0 0 0 0 0 0 0 0 0 0 0 0 0 0 0 0 0 0 0 0 0 0 0 0 0 0 0 0 0 0 0 0 0 0 0 0 0 0 0 0 0 0 0 0 0 0 0]
[853478310272529593355922518462155028626634645257781296490016191557380289160867404261154528735482196292800222764816831995168406210083643955428440665477399939688329793580040438963937020275186617573493673717062027627117937967053230860279417860330917088744831006427550500899211913394611315938129162744625673345816268889652681294123263609 0 0 0 0 0 0 0 0 0 0 0 0 0 0 0 0 0 0 0 0 0 0 0 0 0 0 0 0 0 0 0 0 0 0 1 0 0 0 0 0 0 0 0 0 0 0 0 0 0 0 0 0 0 0 0 0 0 0 0 0 0 0 0 0 0 0 0 0 0 0 0 0 0 0 0 0 0 0 0 0 0 0 0 0 0 0 0 0 0 0 0 0 0 0 0 0 0 0 0 0 0 0 0 0 0 0 0 0 0]
[1727739474921795141630036439490382252300970956168288572359906459380846291601518408431306351645788580351636873361929976773849173146431025072301348776299641473156191705576595424147600829365260985149465700034088674555883980501794845046503114145624538243100278093074177266617288707551366496037820280868564747395896583963762337721592333408 0 0 0 0 0 0 0 0 0 0 0 0 0 0 0 0 0 0 0 0 0 0 0 0 0 0 0 0 0 0 0 0 0 0 0 1 0 0 0 0 0 0 0 0 0 0 0 0 0 0 0 0 0 0 0 0 0 0 0 0 0 0 0 0 0 0 0 0 0 0 0 0 0 0 0 0 0 0 0 0 0 0 0 0 0 0 0 0 0 0 0 0 0 0 0 0 0 0 0 0 0 0 0 0 0 0 0 0 0]
[7325320589508087808684465938689442972775272050575348839221468569303997942618210751224884300932391855721038874134054524697745408787308811993732041030923206629882251022060521876532690930420135023080590007392618430212812830929234096020134769964888441565021707248221579081473446007076901702562997775918673122778126838522552559163004295977 0 0 0 0 0 0 0 0 0 0 0 0 0 0 0 0 0 0 0 0 0 0 0 0 0 0 0 0 0 0 0 0 0 0 0 0 1 0 0 0 0 0 0 0 0 0 0 0 0 0 0 0 0 0 0 0 0 0 0 0 0 0 0 0 0 0 0 0 0 0 0 0 0 0 0 0 0 0 0 0 0 0 0 0 0 0 0 0 0 0 0 0 0 0 0 0 0 0 0 0 0 0 0 0 0 0 0 0 0]
[6212346226696971244326643528391868269952839022178292144493358914411194468423592038697841664072080442697520338521752160663002350230981884828123538590610192674986848544207950671839816857180071429425235370337642198528109892860399003316189608485562057651819619562670950459287266020039692100760852270384068449587559192813301985052600936830 0 0 0 0 0 0 0 0 0 0 0 0 0 0 0 0 0 0 0 0 0 0 0 0 0 0 0 0 0 0 0 0 0 0 0 0 0 1 0 0 0 0 0 0 0 0 0 0 0 0 0 0 0 0 0 0 0 0 0 0 0 0 0 0 0 0 0 0 0 0 0 0 0 0 0 0 0 0 0 0 0 0 0 0 0 0 0 0 0 0 0 0 0 0 0 0 0 0 0 0 0 0 0 0 0 0 0 0 0]
[5830663469156614937417510019260010417033555938787512922313340297521144082191125874948522065241915153880797827938701430549017107159657236481761980627630458831811609980504499432800620185939406170493477242019840982692586083376156776984713423681459426323288513539013021835672587513164340684845522075116032223154766766419548585335050807824 0 0 0 0 0 0 0 0 0 0 0 0 0 0 0 0 0 0 0 0 0 0 0 0 0 0 0 0 0 0 0 0 0 0 0 0 0 0 1 0 0 0 0 0 0 0 0 0 0 0 0 0 0 0 0 0 0 0 0 0 0 0 0 0 0 0 0 0 0 0 0 0 0 0 0 0 0 0 0 0 0 0 0 0 0 0 0 0 0 0 0 0 0 0 0 0 0 0 0 0 0 0 0 0 0 0 0 0 0]
[2243110173928865806830593565772691322942830141380100596801142208903557831784300073635544492586122533059688908832943361149764423400727393881546192261653181519948062749758469523428937224887794448300535046231549213864535421113074286839914857424695081782700934864275304974986508511236329155988943350364548010952616112757987501902269393103 0 0 0 0 0 0 0 0 0 0 0 0 0 0 0 0 0 0 0 0 0 0 0 0 0 0 0 0 0 0 0 0 0 0 0 0 0 0 0 1 0 0 0 0 0 0 0 0 0 0 0 0 0 0 0 0 0 0 0 0 0 0 0 0 0 0 0 0 0 0 0 0 0 0 0 0 0 0 0 0 0 0 0 0 0 0 0 0 0 0 0 0 0 0 0 0 0 0 0 0 0 0 0 0 0 0 0 0 0]
[1688400129526575211841399433077827760032039630417035854532512531936616794588081762300408612498681574443542932835117410804229701843011005749054948255856512380924615862539533611368750843008678296222491190759680129933388583220950325858303997860515594206963969372484922273922601384503902623881858304873805927168034071631879167205595255444 0 0 0 0 0 0 0 0 0 0 0 0 0 0 0 0 0 0 0 0 0 0 0 0 0 0 0 0 0 0 0 0 0 0 0 0 0 0 0 0 1 0 0 0 0 0 0 0 0 0 0 0 0 0 0 0 0 0 0 0 0 0 0 0 0 0 0 0 0 0 0 0 0 0 0 0 0 0 0 0 0 0 0 0 0 0 0 0 0 0 0 0 0 0 0 0 0 0 0 0 0 0 0 0 0 0 0 0 0]
[3041277438870960025669310704144198084214877769285506832975496135762168663940102478224257104425773289905364759915413412220222797725422259752549140025425310354788678681050850108700541188619732871463979616320297305997119756599963331399254647571667767667724425280197186772482001356359043811075217828567314325652517686290650474168808568979 0 0 0 0 0 0 0 0 0 0 0 0 0 0 0 0 0 0 0 0 0 0 0 0 0 0 0 0 0 0 0 0 0 0 0 0 0 0 0 0 0 1 0 0 0 0 0 0 0 0 0 0 0 0 0 0 0 0 0 0 0 0 0 0 0 0 0 0 0 0 0 0 0 0 0 0 0 0 0 0 0 0 0 0 0 0 0 0 0 0 0 0 0 0 0 0 0 0 0 0 0 0 0 0 0 0 0 0 0]
[1131256417657072253247683196416324449829459818341575229763737416125997147811230972983818127196090044860218077838836438233095181125945643014379401984246683794202248476118717205631810646244814461978931194456265938035796372055631959899164409288579368248055543580846013129478329192509972070781690218370827037107897345587237497466967432751 0 0 0 0 0 0 0 0 0 0 0 0 0 0 0 0 0 0 0 0 0 0 0 0 0 0 0 0 0 0 0 0 0 0 0 0 0 0 0 0 0 0 1 0 0 0 0 0 0 0 0 0 0 0 0 0 0 0 0 0 0 0 0 0 0 0 0 0 0 0 0 0 0 0 0 0 0 0 0 0 0 0 0 0 0 0 0 0 0 0 0 0 0 0 0 0 0 0 0 0 0 0 0 0 0 0 0 0 0]
[3074034240331190063989855905172713091894258070903441084519866916657026610014826057681107708617260825225765494731833780699261650036679240206768395032851527337366912934143656572338011578787666511069616928608275432947948935712955695695415071556839869333603134376053016208563125590417977161269807029684721530019363246849336444326776293263 0 0 0 0 0 0 0 0 0 0 0 0 0 0 0 0 0 0 0 0 0 0 0 0 0 0 0 0 0 0 0 0 0 0 0 0 0 0 0 0 0 0 0 1 0 0 0 0 0 0 0 0 0 0 0 0 0 0 0 0 0 0 0 0 0 0 0 0 0 0 0 0 0 0 0 0 0 0 0 0 0 0 0 0 0 0 0 0 0 0 0 0 0 0 0 0 0 0 0 0 0 0 0 0 0 0 0 0 0]
[3479216902954078607131407217888319059881432737280580405740054069885838339195801573101456422421077963016745788931402507925366216261049655733645244903026432641264638596520892613564344114302265915571108554388202626551673520385129475936328441822728065640578949496491756130477480655599155552341324074611672044928744648157573966485361728388 0 0 0 0 0 0 0 0 0 0 0 0 0 0 0 0 0 0 0 0 0 0 0 0 0 0 0 0 0 0 0 0 0 0 0 0 0 0 0 0 0 0 0 0 1 0 0 0 0 0 0 0 0 0 0 0 0 0 0 0 0 0 0 0 0 0 0 0 0 0 0 0 0 0 0 0 0 0 0 0 0 0 0 0 0 0 0 0 0 0 0 0 0 0 0 0 0 0 0 0 0 0 0 0 0 0 0 0 0]
[3339578688367910152474657325391675787050082875607853124926604067114454954389145382061570962172400280815545725986838514433628052460123779506717790811133597399840501906593447419634432504998044283031934285808471821878402745623566042974993866196045913351460855362370091976117691264884975225473757323194985975299261571858495315085648359320 0 0 0 0 0 0 0 0 0 0 0 0 0 0 0 0 0 0 0 0 0 0 0 0 0 0 0 0 0 0 0 0 0 0 0 0 0 0 0 0 0 0 0 0 0 1 0 0 0 0 0 0 0 0 0 0 0 0 0 0 0 0 0 0 0 0 0 0 0 0 0 0 0 0 0 0 0 0 0 0 0 0 0 0 0 0 0 0 0 0 0 0 0 0 0 0 0 0 0 0 0 0 0 0 0 0 0 0 0]
[2041803038112669435192860886785540111614799975053000165717051880137679982445925227667635874912089357490957536561204369872368101058168891264831243476359436379249439275946545209641590671595124161875239690227455078241486394551881587613838154776811133180510547017259128308857198370995697508110287109360378334689845332394671999581958486857 0 0 0 0 0 0 0 0 0 0 0 0 0 0 0 0 0 0 0 0 0 0 0 0 0 0 0 0 0 0 0 0 0 0 0 0 0 0 0 0 0 0 0 0 0 0 1 0 0 0 0 0 0 0 0 0 0 0 0 0 0 0 0 0 0 0 0 0 0 0 0 0 0 0 0 0 0 0 0 0 0 0 0 0 0 0 0 0 0 0 0 0 0 0 0 0 0 0 0 0 0 0 0 0 0 0 0 0 0]
[3441569601383541242232186059019484964778184474384358100612749126868610329996200103411086835845113528896752637820141867167651834664411736670657655763427826104023062495986325598382824160556364259432899651146335416016913362721101517499752781672648091412656547244293443008610868434511670205962635150280306312428702826495999347328350391093 0 0 0 0 0 0 0 0 0 0 0 0 0 0 0 0 0 0 0 0 0 0 0 0 0 0 0 0 0 0 0 0 0 0 0 0 0 0 0 0 0 0 0 0 0 0 0 1 0 0 0 0 0 0 0 0 0 0 0 0 0 0 0 0 0 0 0 0 0 0 0 0 0 0 0 0 0 0 0 0 0 0 0 0 0 0 0 0 0 0 0 0 0 0 0 0 0 0 0 0 0 0 0 0 0 0 0 0 0]
[1077923619229938590765304459948874304363260993694624800600227255526608312810124633104276003037431570609886807003322571636879349941130207491041560644606595564244196710717361925656198909296137180704467969006544492559783190527534718908431864506656673239623954925074680074497560761147028004009374729023083084863097640987629420147983938412 0 0 0 0 0 0 0 0 0 0 0 0 0 0 0 0 0 0 0 0 0 0 0 0 0 0 0 0 0 0 0 0 0 0 0 0 0 0 0 0 0 0 0 0 0 0 0 0 1 0 0 0 0 0 0 0 0 0 0 0 0 0 0 0 0 0 0 0 0 0 0 0 0 0 0 0 0 0 0 0 0 0 0 0 0 0 0 0 0 0 0 0 0 0 0 0 0 0 0 0 0 0 0 0 0 0 0 0 0]
[4781379322003238884228379757766390514329803591486145953430529265193120970350084909088677238084816513764017299714663077190911264600093751707219746731372235239294417848586146315857423107516144640411030477478310133865334417415659386404442698406186330610057743284790944470581969461851089805205143162856735256645776701722500114093730802192 0 0 0 0 0 0 0 0 0 0 0 0 0 0 0 0 0 0 0 0 0 0 0 0 0 0 0 0 0 0 0 0 0 0 0 0 0 0 0 0 0 0 0 0 0 0 0 0 0 1 0 0 0 0 0 0 0 0 0 0 0 0 0 0 0 0 0 0 0 0 0 0 0 0 0 0 0 0 0 0 0 0 0 0 0 0 0 0 0 0 0 0 0 0 0 0 0 0 0 0 0 0 0 0 0 0 0 0 0]
[55815170821615611984046991047514902774473040645600490415691546086235994704965673142202365916667107247288295992092900310053256502458801444986898723102239490106459275314586237671391379106330384238278667990226563748479648529964756721077185096716980332392077806449902631127228919442532459842682975883351585601032104511556839082139293841 0 0 0 0 0 0 0 0 0 0 0 0 0 0 0 0 0 0 0 0 0 0 0 0 0 0 0 0 0 0 0 0 0 0 0 0 0 0 0 0 0 0 0 0 0 0 0 0 0 0 1 0 0 0 0 0 0 0 0 0 0 0 0 0 0 0 0 0 0 0 0 0 0 0 0 0 0 0 0 0 0 0 0 0 0 0 0 0 0 0 0 0 0 0 0 0 0 0 0 0 0 0 0 0 0 0 0 0 0]
[7139894862278627142093157272046716743023920962699959804081977921775018732653549574908875340201052165903862140567490383031641950064878792663489039602162241526774629630878970007626032752700214128171964578941902959223192491165028693251520323330665512277131205785354838750003845535127640887193555881097043640564816974701912052915085676387 0 0 0 0 0 0 0 0 0 0 0 0 0 0 0 0 0 0 0 0 0 0 0 0 0 0 0 0 0 0 0 0 0 0 0 0 0 0 0 0 0 0 0 0 0 0 0 0 0 0 0 1 0 0 0 0 0 0 0 0 0 0 0 0 0 0 0 0 0 0 0 0 0 0 0 0 0 0 0 0 0 0 0 0 0 0 0 0 0 0 0 0 0 0 0 0 0 0 0 0 0 0 0 0 0 0 0 0 0]
[3203013113294477002340519118957642905036643869177843081130264033756737335316624733779489020576633355876137977444559769188703517014905061091251349563589095380152092641257310865063607861332559789388701594361728811773839154981871471870048412926644793938134876540296075227703694735748416742137107939780590306565367174400864880881283507014 0 0 0 0 0 0 0 0 0 0 0 0 0 0 0 0 0 0 0 0 0 0 0 0 0 0 0 0 0 0 0 0 0 0 0 0 0 0 0 0 0 0 0 0 0 0 0 0 0 0 0 0 1 0 0 0 0 0 0 0 0 0 0 0 0 0 0 0 0 0 0 0 0 0 0 0 0 0 0 0 0 0 0 0 0 0 0 0 0 0 0 0 0 0 0 0 0 0 0 0 0 0 0 0 0 0 0 0 0]
[1895431403853805021593503978381259826143603854053314029965789793009302702155266005577963809002475326216487283150482480913326115932153645338106329419543967886605996311354967218674474484435393641525148279873288362521196896119227346635528207472482149369906189291550540353134932307903988351949669126023228952921550012393757820659877704135 0 0 0 0 0 0 0 0 0 0 0 0 0 0 0 0 0 0 0 0 0 0 0 0 0 0 0 0 0 0 0 0 0 0 0 0 0 0 0 0 0 0 0 0 0 0 0 0 0 0 0 0 0 1 0 0 0 0 0 0 0 0 0 0 0 0 0 0 0 0 0 0 0 0 0 0 0 0 0 0 0 0 0 0 0 0 0 0 0 0 0 0 0 0 0 0 0 0 0 0 0 0 0 0 0 0 0 0 0]
[3682639233927632454748222363480480768487073938679065358129572546908265393136997562556122965359426748123229179666441203651445398501012274097083118785467261508330677321612695078796677017941048910851563953109198841496969880790517456732121406089235233087792066083432054491578780089202306239637019767853139451772610454492867734168584642502 0 0 0 0 0 0 0 0 0 0 0 0 0 0 0 0 0 0 0 0 0 0 0 0 0 0 0 0 0 0 0 0 0 0 0 0 0 0 0 0 0 0 0 0 0 0 0 0 0 0 0 0 0 0 1 0 0 0 0 0 0 0 0 0 0 0 0 0 0 0 0 0 0 0 0 0 0 0 0 0 0 0 0 0 0 0 0 0 0 0 0 0 0 0 0 0 0 0 0 0 0 0 0 0 0 0 0 0 0]
[457858844563410255468959114065995831850888391842923342455308382080710428866553150055721552844040952004245402483886213973320474928074534470495768110920048656342577951706395145053736665202584265979745858630266143281356660896446047442492039717126475412061225122817317361229823244740855384573243913566381337598621291343025849154143461245 0 0 0 0 0 0 0 0 0 0 0 0 0 0 0 0 0 0 0 0 0 0 0 0 0 0 0 0 0 0 0 0 0 0 0 0 0 0 0 0 0 0 0 0 0 0 0 0 0 0 0 0 0 0 0 1 0 0 0 0 0 0 0 0 0 0 0 0 0 0 0 0 0 0 0 0 0 0 0 0 0 0 0 0 0 0 0 0 0 0 0 0 0 0 0 0 0 0 0 0 0 0 0 0 0 0 0 0 0]
[6862514103766605244955448296989904877862148165914067209595753346890244532509175069069604928924349273468231547604809220041924275156392218612281686200728686900178660530857610330677504160366645175610847550551187365477703775459560406113122632116380507195238665363943235557269678635786401083013920865141568489096097570097568958386667672089 0 0 0 0 0 0 0 0 0 0 0 0 0 0 0 0 0 0 0 0 0 0 0 0 0 0 0 0 0 0 0 0 0 0 0 0 0 0 0 0 0 0 0 0 0 0 0 0 0 0 0 0 0 0 0 0 1 0 0 0 0 0 0 0 0 0 0 0 0 0 0 0 0 0 0 0 0 0 0 0 0 0 0 0 0 0 0 0 0 0 0 0 0 0 0 0 0 0 0 0 0 0 0 0 0 0 0 0 0]
[501423577068412625774312990620926455058198782782834413324444982960756612897387502262616624962992780948675944261792439050992164393430949678294190043830938825039778331323747417492829399101905081287461420718952481564097906153498578016449418080210820070365418216285766134243738127388170199636567558644386644032555750654368150699636175717 0 0 0 0 0 0 0 0 0 0 0 0 0 0 0 0 0 0 0 0 0 0 0 0 0 0 0 0 0 0 0 0 0 0 0 0 0 0 0 0 0 0 0 0 0 0 0 0 0 0 0 0 0 0 0 0 0 1 0 0 0 0 0 0 0 0 0 0 0 0 0 0 0 0 0 0 0 0 0 0 0 0 0 0 0 0 0 0 0 0 0 0 0 0 0 0 0 0 0 0 0 0 0 0 0 0 0 0 0]
[1748675437789304606414011350227988689434950548525460211281307947004009867186390484707795129816412456365619530325193436507362949474166151075419511786125474124861187707173443699050771832630218782725473284242828694752672812130585344026821397111965443408865651410348712767329028538692528632464319909375432528500981651350026544064070953979 0 0 0 0 0 0 0 0 0 0 0 0 0 0 0 0 0 0 0 0 0 0 0 0 0 0 0 0 0 0 0 0 0 0 0 0 0 0 0 0 0 0 0 0 0 0 0 0 0 0 0 0 0 0 0 0 0 0 1 0 0 0 0 0 0 0 0 0 0 0 0 0 0 0 0 0 0 0 0 0 0 0 0 0 0 0 0 0 0 0 0 0 0 0 0 0 0 0 0 0 0 0 0 0 0 0 0 0 0]
[906504469029388809376930444491304690123120090097541863001547320952343179238444475935744456137348676113236450678910547532259100553342988985555477728056371368817027277166705130875298659655677517551338577158398840324103468640643170779119129355882733674638606186448807752165358657987066199578211999157779815353562552549741907083012659513 0 0 0 0 0 0 0 0 0 0 0 0 0 0 0 0 0 0 0 0 0 0 0 0 0 0 0 0 0 0 0 0 0 0 0 0 0 0 0 0 0 0 0 0 0 0 0 0 0 0 0 0 0 0 0 0 0 0 0 1 0 0 0 0 0 0 0 0 0 0 0 0 0 0 0 0 0 0 0 0 0 0 0 0 0 0 0 0 0 0 0 0 0 0 0 0 0 0 0 0 0 0 0 0 0 0 0 0 0]
[3582014638038857073922989917901185169734074635703390205572527675605279033281151753050481169532422498459236977142042512696057647501344935594724192706504949770111961155956147297133243391797121741184848724216439411688597975256699147587820950541761065003715872282387742605128526623329507763421995581762307348036484504780152388503090642832 0 0 0 0 0 0 0 0 0 0 0 0 0 0 0 0 0 0 0 0 0 0 0 0 0 0 0 0 0 0 0 0 0 0 0 0 0 0 0 0 0 0 0 0 0 0 0 0 0 0 0 0 0 0 0 0 0 0 0 0 1 0 0 0 0 0 0 0 0 0 0 0 0 0 0 0 0 0 0 0 0 0 0 0 0 0 0 0 0 0 0 0 0 0 0 0 0 0 0 0 0 0 0 0 0 0 0 0 0]
[6756449566800960055676739323451890105405611412476050629067159617666055293427058858935757886200248040617705330581966691711930358335937891709915594114061393046039117260028422767740867545478119257787241646033998093665957456733999989658739104505377131953188270066390677989944990389041253659807554527785236498238727049878184275737018873849 0 0 0 0 0 0 0 0 0 0 0 0 0 0 0 0 0 0 0 0 0 0 0 0 0 0 0 0 0 0 0 0 0 0 0 0 0 0 0 0 0 0 0 0 0 0 0 0 0 0 0 0 0 0 0 0 0 0 0 0 0 1 0 0 0 0 0 0 0 0 0 0 0 0 0 0 0 0 0 0 0 0 0 0 0 0 0 0 0 0 0 0 0 0 0 0 0 0 0 0 0 0 0 0 0 0 0 0 0]
[3488355745618206244144679175481093438954207542286215750967508092030008090254333872231239562305840432597027793415965466935132165603554624789124686911292878487727041434878067295391107169602043422403517124391353441282631242606485632842498058227708228126106367370686494505324264244765743310159207967059631737282670188415723478529352060493 0 0 0 0 0 0 0 0 0 0 0 0 0 0 0 0 0 0 0 0 0 0 0 0 0 0 0 0 0 0 0 0 0 0 0 0 0 0 0 0 0 0 0 0 0 0 0 0 0 0 0 0 0 0 0 0 0 0 0 0 0 0 1 0 0 0 0 0 0 0 0 0 0 0 0 0 0 0 0 0 0 0 0 0 0 0 0 0 0 0 0 0 0 0 0 0 0 0 0 0 0 0 0 0 0 0 0 0 0]
[8224914177861211686743534651957407098417476254305868376461509185331668418847631665613694902876456133506993786336055804264806587520345519500371260039813098533914071683912982085739524660486177069312317280339145817997462481842449716208105113126922715668637749314369994137232868248035533766679338015994343649466892122584079459414807301016 0 0 0 0 0 0 0 0 0 0 0 0 0 0 0 0 0 0 0 0 0 0 0 0 0 0 0 0 0 0 0 0 0 0 0 0 0 0 0 0 0 0 0 0 0 0 0 0 0 0 0 0 0 0 0 0 0 0 0 0 0 0 0 1 0 0 0 0 0 0 0 0 0 0 0 0 0 0 0 0 0 0 0 0 0 0 0 0 0 0 0 0 0 0 0 0 0 0 0 0 0 0 0 0 0 0 0 0 0]
[7550724795233037654314159304658270148403983976108460567520873414152284308373489546474310784070339962157455520216480300489218104851253674601233204754838583749345875322173938573472886675875909998482746122262172502164210206582855701039901189145381780366006726425932569535556286394990424868050264460866418652483130659710201827047987534692 0 0 0 0 0 0 0 0 0 0 0 0 0 0 0 0 0 0 0 0 0 0 0 0 0 0 0 0 0 0 0 0 0 0 0 0 0 0 0 0 0 0 0 0 0 0 0 0 0 0 0 0 0 0 0 0 0 0 0 0 0 0 0 0 1 0 0 0 0 0 0 0 0 0 0 0 0 0 0 0 0 0 0 0 0 0 0 0 0 0 0 0 0 0 0 0 0 0 0 0 0 0 0 0 0 0 0 0 0]
[5031508030438253017206927825901367528477836436397782549174503989798955630855552946009993888769059225612982918581999447806925407135419009492336540424169479164618158976321486272795832450022214156305431013456717880385464376011330783295979547989873352220319466575053303694175579857104265505843814689796682533577248316003249302203895553851 0 0 0 0 0 0 0 0 0 0 0 0 0 0 0 0 0 0 0 0 0 0 0 0 0 0 0 0 0 0 0 0 0 0 0 0 0 0 0 0 0 0 0 0 0 0 0 0 0 0 0 0 0 0 0 0 0 0 0 0 0 0 0 0 0 1 0 0 0 0 0 0 0 0 0 0 0 0 0 0 0 0 0 0 0 0 0 0 0 0 0 0 0 0 0 0 0 0 0 0 0 0 0 0 0 0 0 0 0]
[7346615753428065646043103373889893374533017878779947982401543140973763542509938673711072201309402340070509093892147019487056923121394404332824080325391070693486035455619164330474381529780315648092710000749743131242808095919802689417623560763711587904702091460309966028424441181593904875029920769488564249468205837493091377307200140711 0 0 0 0 0 0 0 0 0 0 0 0 0 0 0 0 0 0 0 0 0 0 0 0 0 0 0 0 0 0 0 0 0 0 0 0 0 0 0 0 0 0 0 0 0 0 0 0 0 0 0 0 0 0 0 0 0 0 0 0 0 0 0 0 0 0 1 0 0 0 0 0 0 0 0 0 0 0 0 0 0 0 0 0 0 0 0 0 0 0 0 0 0 0 0 0 0 0 0 0 0 0 0 0 0 0 0 0 0]
[1408997543953978319868967101734947692633526481816970223123848671483648952307370313036099618672425318289926419785407703600748833816591919900096388006616708331168890454217143203767094244415721868834199368056240409015143082884196076953999925816218559948397128001366821758955255011066506452367640070876693816888956503638109338205007231325 0 0 0 0 0 0 0 0 0 0 0 0 0 0 0 0 0 0 0 0 0 0 0 0 0 0 0 0 0 0 0 0 0 0 0 0 0 0 0 0 0 0 0 0 0 0 0 0 0 0 0 0 0 0 0 0 0 0 0 0 0 0 0 0 0 0 0 1 0 0 0 0 0 0 0 0 0 0 0 0 0 0 0 0 0 0 0 0 0 0 0 0 0 0 0 0 0 0 0 0 0 0 0 0 0 0 0 0 0]
[2007670192062832639097968266935136181827408321389957018785271279068845155229299795780229876668275463866284244226215934484491479755221988393946387735893607857653609585408652715472456566240398553640879606154516720870110758908289821300990863334686214722951237838817233033736064067812493483658799970665596533608669183874302209284649561753 0 0 0 0 0 0 0 0 0 0 0 0 0 0 0 0 0 0 0 0 0 0 0 0 0 0 0 0 0 0 0 0 0 0 0 0 0 0 0 0 0 0 0 0 0 0 0 0 0 0 0 0 0 0 0 0 0 0 0 0 0 0 0 0 0 0 0 0 1 0 0 0 0 0 0 0 0 0 0 0 0 0 0 0 0 0 0 0 0 0 0 0 0 0 0 0 0 0 0 0 0 0 0 0 0 0 0 0 0]
[7064398322656665035785112209214566467326459597746481218955786312221660149872676707433849944428229041163751814920136332677619391699237822592418851211800149628317995739891154577979993026388714499076086423536202457746610108619362027301835429794129621365886108254000804736167860441327838541385007007334113364912896193614633956475715911996 0 0 0 0 0 0 0 0 0 0 0 0 0 0 0 0 0 0 0 0 0 0 0 0 0 0 0 0 0 0 0 0 0 0 0 0 0 0 0 0 0 0 0 0 0 0 0 0 0 0 0 0 0 0 0 0 0 0 0 0 0 0 0 0 0 0 0 0 0 1 0 0 0 0 0 0 0 0 0 0 0 0 0 0 0 0 0 0 0 0 0 0 0 0 0 0 0 0 0 0 0 0 0 0 0 0 0 0 0]
[2802822171535443839085999267252452934148638485516348629997579168248996849952875416875435897403372730711061800486280488606584988973235165850971163928366575317030423870825445530914365438759018830885816585600068295738161273170762293400225771967707991471896610166427393744489162269670544716277094246504829419811744998749458832658487852042 0 0 0 0 0 0 0 0 0 0 0 0 0 0 0 0 0 0 0 0 0 0 0 0 0 0 0 0 0 0 0 0 0 0 0 0 0 0 0 0 0 0 0 0 0 0 0 0 0 0 0 0 0 0 0 0 0 0 0 0 0 0 0 0 0 0 0 0 0 0 1 0 0 0 0 0 0 0 0 0 0 0 0 0 0 0 0 0 0 0 0 0 0 0 0 0 0 0 0 0 0 0 0 0 0 0 0 0 0]
[4461017731148452701703818431594109858663780204023534284668360642784873337477235220785440962874054413265539139025226717115268102262700635529515466836962158969868340498479166466358906551519625348535106393017665413331868482877438039812620538093317180424995626062532933505147776646764301822144595320714687745649692289313286315767922193045 0 0 0 0 0 0 0 0 0 0 0 0 0 0 0 0 0 0 0 0 0 0 0 0 0 0 0 0 0 0 0 0 0 0 0 0 0 0 0 0 0 0 0 0 0 0 0 0 0 0 0 0 0 0 0 0 0 0 0 0 0 0 0 0 0 0 0 0 0 0 0 1 0 0 0 0 0 0 0 0 0 0 0 0 0 0 0 0 0 0 0 0 0 0 0 0 0 0 0 0 0 0 0 0 0 0 0 0 0]
[8082133389775752409771860804643573052107662048617718244905519319170863793037013298987715160916953238957871903567189142958161379714734479917905811681972468763882174317473174096753379907721421845710255431398593462470691758444808648061283657797540668333179750339906875229975518645003519522341888167232711647116952825253861409961955402201 0 0 0 0 0 0 0 0 0 0 0 0 0 0 0 0 0 0 0 0 0 0 0 0 0 0 0 0 0 0 0 0 0 0 0 0 0 0 0 0 0 0 0 0 0 0 0 0 0 0 0 0 0 0 0 0 0 0 0 0 0 0 0 0 0 0 0 0 0 0 0 0 1 0 0 0 0 0 0 0 0 0 0 0 0 0 0 0 0 0 0 0 0 0 0 0 0 0 0 0 0 0 0 0 0 0 0 0 0]
[222323472049500336322639616520642820338014566894363937273564861441366720832906875370789435650631165187690368421628744086629818145960556668449996547627820398937299782941576157671076319945506828411336534718981229314864340554984251793761318792354720976217335188046879184289022980285875351937413584102783771445270974358830984824210478187 0 0 0 0 0 0 0 0 0 0 0 0 0 0 0 0 0 0 0 0 0 0 0 0 0 0 0 0 0 0 0 0 0 0 0 0 0 0 0 0 0 0 0 0 0 0 0 0 0 0 0 0 0 0 0 0 0 0 0 0 0 0 0 0 0 0 0 0 0 0 0 0 0 1 0 0 0 0 0 0 0 0 0 0 0 0 0 0 0 0 0 0 0 0 0 0 0 0 0 0 0 0 0 0 0 0 0 0 0]
[5566064997080064670832730182645749435232317282998002545976285748827709602209515746365024721892071964447412798210612595167230524723451223750723904109395407617803039308016006001108169178214779831586812297363951051888045144632590556029375815892291712159790838016879859025662292291333087122191817855418922033490570652918285324007652510232 0 0 0 0 0 0 0 0 0 0 0 0 0 0 0 0 0 0 0 0 0 0 0 0 0 0 0 0 0 0 0 0 0 0 0 0 0 0 0 0 0 0 0 0 0 0 0 0 0 0 0 0 0 0 0 0 0 0 0 0 0 0 0 0 0 0 0 0 0 0 0 0 0 0 1 0 0 0 0 0 0 0 0 0 0 0 0 0 0 0 0 0 0 0 0 0 0 0 0 0 0 0 0 0 0 0 0 0 0]
[1178678212142200440000609015760600134699758194986202180291564578853656684361288374886331594416493750909739451888929482670230304541320608047212232451903852577835190317778813129990826322111679860277720065511235468657909724450310926908719938024471237061348866174195220311071091177908166257431530229705241858648605104862047459613803825466 0 0 0 0 0 0 0 0 0 0 0 0 0 0 0 0 0 0 0 0 0 0 0 0 0 0 0 0 0 0 0 0 0 0 0 0 0 0 0 0 0 0 0 0 0 0 0 0 0 0 0 0 0 0 0 0 0 0 0 0 0 0 0 0 0 0 0 0 0 0 0 0 0 0 0 1 0 0 0 0 0 0 0 0 0 0 0 0 0 0 0 0 0 0 0 0 0 0 0 0 0 0 0 0 0 0 0 0 0]
[3850832930278849251037958118237470643334634740026760838422837705699568127930095290878506266276646768330502662956946294846052341649380653712082078878290840511054821277520311689005650935485145619216604709051315997237769193284943227255089346262291298642874184499168175930737548609840913350944611110859883087135667119176948714825079247175 0 0 0 0 0 0 0 0 0 0 0 0 0 0 0 0 0 0 0 0 0 0 0 0 0 0 0 0 0 0 0 0 0 0 0 0 0 0 0 0 0 0 0 0 0 0 0 0 0 0 0 0 0 0 0 0 0 0 0 0 0 0 0 0 0 0 0 0 0 0 0 0 0 0 0 0 1 0 0 0 0 0 0 0 0 0 0 0 0 0 0 0 0 0 0 0 0 0 0 0 0 0 0 0 0 0 0 0 0]
[3714669878701032270683563691248142789828584279537952470848717933030758491378650468485582013902443040987501554120117584189326427534200836534315941383841945378651725610921313546990192376560114740760683542641085515101869971583742414266443176144491997582228546205765893981334287776912893307190387568696586639128062203392881031867254696779 0 0 0 0 0 0 0 0 0 0 0 0 0 0 0 0 0 0 0 0 0 0 0 0 0 0 0 0 0 0 0 0 0 0 0 0 0 0 0 0 0 0 0 0 0 0 0 0 0 0 0 0 0 0 0 0 0 0 0 0 0 0 0 0 0 0 0 0 0 0 0 0 0 0 0 0 0 1 0 0 0 0 0 0 0 0 0 0 0 0 0 0 0 0 0 0 0 0 0 0 0 0 0 0 0 0 0 0 0]
[5771521882094021030421700714804008486675849165468501805439766438557650264745023394091002757463243759686196588419028659537347096913221249573892168899153927750750801183479135194082723936014669221597033183438105296108753693012284389597188462374759511490738153213635723385111880243806756799085939894454503115478907819509942127188560424054 0 0 0 0 0 0 0 0 0 0 0 0 0 0 0 0 0 0 0 0 0 0 0 0 0 0 0 0 0 0 0 0 0 0 0 0 0 0 0 0 0 0 0 0 0 0 0 0 0 0 0 0 0 0 0 0 0 0 0 0 0 0 0 0 0 0 0 0 0 0 0 0 0 0 0 0 0 0 1 0 0 0 0 0 0 0 0 0 0 0 0 0 0 0 0 0 0 0 0 0 0 0 0 0 0 0 0 0 0]
[5514443959468295811423800840988124080596073253225627306299748738237295301080925423487309840620125243384545529301013134339810463865804501492892836036041104021832511719903588737463095606948530136043719948286690966365696054793322043829192656957449743050709806553239323357768792490069566573290882190402831690132819342551349750474134759784 0 0 0 0 0 0 0 0 0 0 0 0 0 0 0 0 0 0 0 0 0 0 0 0 0 0 0 0 0 0 0 0 0 0 0 0 0 0 0 0 0 0 0 0 0 0 0 0 0 0 0 0 0 0 0 0 0 0 0 0 0 0 0 0 0 0 0 0 0 0 0 0 0 0 0 0 0 0 0 1 0 0 0 0 0 0 0 0 0 0 0 0 0 0 0 0 0 0 0 0 0 0 0 0 0 0 0 0 0]
[988984281773882859136807117697436670599637191179136144356726787423455273144384114710054833178372353158577882467905809780966555355228036577999114948086878027105112181905959017569952425275065214881202539750673175009001798797619948468887708342055645310356047391824173832776886077299400904927878795518275021875517424551071739543395215139 0 0 0 0 0 0 0 0 0 0 0 0 0 0 0 0 0 0 0 0 0 0 0 0 0 0 0 0 0 0 0 0 0 0 0 0 0 0 0 0 0 0 0 0 0 0 0 0 0 0 0 0 0 0 0 0 0 0 0 0 0 0 0 0 0 0 0 0 0 0 0 0 0 0 0 0 0 0 0 0 1 0 0 0 0 0 0 0 0 0 0 0 0 0 0 0 0 0 0 0 0 0 0 0 0 0 0 0 0]
[7487961811451459125687002259155865395566793518870477345442351210681059775669919309791681973371464052524515953402847646291925085122108393465953570261654899401764843849014707881729578896857392299651681154141214211988719316818350040443797531384445574405960650014241901815505010236625251234282404108243543556255654441235743971124629450515 0 0 0 0 0 0 0 0 0 0 0 0 0 0 0 0 0 0 0 0 0 0 0 0 0 0 0 0 0 0 0 0 0 0 0 0 0 0 0 0 0 0 0 0 0 0 0 0 0 0 0 0 0 0 0 0 0 0 0 0 0 0 0 0 0 0 0 0 0 0 0 0 0 0 0 0 0 0 0 0 0 1 0 0 0 0 0 0 0 0 0 0 0 0 0 0 0 0 0 0 0 0 0 0 0 0 0 0 0]
[7200978061872824706087166991668675299596281793857338406584870213832724091672872443524856485764133107118029687734630879494445885882783748641868421138644146984397413025308494545962878822583793618133057059548603557345355280565836441199017668342486322080711250953445381846470189807928964863973637874863453060359256199598416249775706437311 0 0 0 0 0 0 0 0 0 0 0 0 0 0 0 0 0 0 0 0 0 0 0 0 0 0 0 0 0 0 0 0 0 0 0 0 0 0 0 0 0 0 0 0 0 0 0 0 0 0 0 0 0 0 0 0 0 0 0 0 0 0 0 0 0 0 0 0 0 0 0 0 0 0 0 0 0 0 0 0 0 0 1 0 0 0 0 0 0 0 0 0 0 0 0 0 0 0 0 0 0 0 0 0 0 0 0 0 0]
[1589022550021869702308943231389710968108744624020420140058659879297399536910842017462796219088835694549307147240227842264906626004158681010500436246496631659642082042262841231793055474391985135703542515799472286867890998416508990027887581319319848004485318122942581067271445815479092737503697020873258579113727494298509416500022148146 0 0 0 0 0 0 0 0 0 0 0 0 0 0 0 0 0 0 0 0 0 0 0 0 0 0 0 0 0 0 0 0 0 0 0 0 0 0 0 0 0 0 0 0 0 0 0 0 0 0 0 0 0 0 0 0 0 0 0 0 0 0 0 0 0 0 0 0 0 0 0 0 0 0 0 0 0 0 0 0 0 0 0 1 0 0 0 0 0 0 0 0 0 0 0 0 0 0 0 0 0 0 0 0 0 0 0 0 0]
[7057623756412986105880619468235362707419252285937914732375530810354372043862649326661671214729783604427916633777904499525388140173676905156183571410185295687606805146738017777181367645446699960403870609550365824197894814463224873633521852265558495963324682448725104958360659904954681939749019633402104033730425637818421135829392402463 0 0 0 0 0 0 0 0 0 0 0 0 0 0 0 0 0 0 0 0 0 0 0 0 0 0 0 0 0 0 0 0 0 0 0 0 0 0 0 0 0 0 0 0 0 0 0 0 0 0 0 0 0 0 0 0 0 0 0 0 0 0 0 0 0 0 0 0 0 0 0 0 0 0 0 0 0 0 0 0 0 0 0 0 1 0 0 0 0 0 0 0 0 0 0 0 0 0 0 0 0 0 0 0 0 0 0 0 0]
[3464386054804196029019555721916619789946857487116839174462345994788461011256249150581287569811261106539250073836958883476910135854683522420182918950742033955543932825075244951913470978719611366655802330248756303300426986932176668608169791421714101490355461369006285618507172468608208975189329382336901992601760296498975040104360522944 0 0 0 0 0 0 0 0 0 0 0 0 0 0 0 0 0 0 0 0 0 0 0 0 0 0 0 0 0 0 0 0 0 0 0 0 0 0 0 0 0 0 0 0 0 0 0 0 0 0 0 0 0 0 0 0 0 0 0 0 0 0 0 0 0 0 0 0 0 0 0 0 0 0 0 0 0 0 0 0 0 0 0 0 0 1 0 0 0 0 0 0 0 0 0 0 0 0 0 0 0 0 0 0 0 0 0 0 0]
[5214825471626008227722762358211535310341837520285405103742471613094739967213618900860701653974178503223084787218405050118003912746541345775204214879544905196060293458049297006228663398636975506068955919917505458713142280242331710755851680261637085429710919088953193693703165150852075565473311757297314328792394365984266516700540321417 0 0 0 0 0 0 0 0 0 0 0 0 0 0 0 0 0 0 0 0 0 0 0 0 0 0 0 0 0 0 0 0 0 0 0 0 0 0 0 0 0 0 0 0 0 0 0 0 0 0 0 0 0 0 0 0 0 0 0 0 0 0 0 0 0 0 0 0 0 0 0 0 0 0 0 0 0 0 0 0 0 0 0 0 0 0 1 0 0 0 0 0 0 0 0 0 0 0 0 0 0 0 0 0 0 0 0 0 0]
[352204887116676999735250896721786305487969361279341167621398637823652316461961651103556596157629394314339771212293834738718746340312512625276977244223384478625568813937525026157008632688751846112684189906461947210022374466367364693948081736862200513010327897391810864496318681208511837443719583055173252991520544829310208475099184118 0 0 0 0 0 0 0 0 0 0 0 0 0 0 0 0 0 0 0 0 0 0 0 0 0 0 0 0 0 0 0 0 0 0 0 0 0 0 0 0 0 0 0 0 0 0 0 0 0 0 0 0 0 0 0 0 0 0 0 0 0 0 0 0 0 0 0 0 0 0 0 0 0 0 0 0 0 0 0 0 0 0 0 0 0 0 0 1 0 0 0 0 0 0 0 0 0 0 0 0 0 0 0 0 0 0 0 0 0]
[6182175717915008620586390086752697677625743334136312843042001159942062417094500831634820872836570947476083166467700283116303032320994055647675154534611887243075457565026082145734375564173193821258669227695818532298792374853282161483771323481467374810901208483905919127635867303994214782280452359103723253947835809930261782714576072684 0 0 0 0 0 0 0 0 0 0 0 0 0 0 0 0 0 0 0 0 0 0 0 0 0 0 0 0 0 0 0 0 0 0 0 0 0 0 0 0 0 0 0 0 0 0 0 0 0 0 0 0 0 0 0 0 0 0 0 0 0 0 0 0 0 0 0 0 0 0 0 0 0 0 0 0 0 0 0 0 0 0 0 0 0 0 0 0 1 0 0 0 0 0 0 0 0 0 0 0 0 0 0 0 0 0 0 0 0]
[7516035831353804749185886989982067506387396282900048092222350318648881112951655906094837158458432426154633434905850957164240338091189674969246616739282774416964257588861486164832632330910524641641239518853270288549719178566719727414014886560103503984666990014489922396004173902423855155005924640338250263898455485879650867153250290159 0 0 0 0 0 0 0 0 0 0 0 0 0 0 0 0 0 0 0 0 0 0 0 0 0 0 0 0 0 0 0 0 0 0 0 0 0 0 0 0 0 0 0 0 0 0 0 0 0 0 0 0 0 0 0 0 0 0 0 0 0 0 0 0 0 0 0 0 0 0 0 0 0 0 0 0 0 0 0 0 0 0 0 0 0 0 0 0 0 1 0 0 0 0 0 0 0 0 0 0 0 0 0 0 0 0 0 0 0]
[272230484408865822691441267880997567665787256123478973216384360580436624867783161257983317437297005412605704399470473393920911673510372153553570716771991907434015646112740404377570846732984155124680389441845195728953043410185505855775691074899976279762018007922948404443504482898017820017099687194681111507034070128292590674835349841 0 0 0 0 0 0 0 0 0 0 0 0 0 0 0 0 0 0 0 0 0 0 0 0 0 0 0 0 0 0 0 0 0 0 0 0 0 0 0 0 0 0 0 0 0 0 0 0 0 0 0 0 0 0 0 0 0 0 0 0 0 0 0 0 0 0 0 0 0 0 0 0 0 0 0 0 0 0 0 0 0 0 0 0 0 0 0 0 0 0 1 0 0 0 0 0 0 0 0 0 0 0 0 0 0 0 0 0 0]
[5940548754953667547721475671649843298481333002049900620362406014541769232456250459699925323988935512945432626400556462866496581519886279925104339448428763843096550662606230106595690089813959156523647617740736935283942346740918435416627189191050171781211717889024571578081041735169367780757129683388822605827678515038462502832659580740 0 0 0 0 0 0 0 0 0 0 0 0 0 0 0 0 0 0 0 0 0 0 0 0 0 0 0 0 0 0 0 0 0 0 0 0 0 0 0 0 0 0 0 0 0 0 0 0 0 0 0 0 0 0 0 0 0 0 0 0 0 0 0 0 0 0 0 0 0 0 0 0 0 0 0 0 0 0 0 0 0 0 0 0 0 0 0 0 0 0 0 1 0 0 0 0 0 0 0 0 0 0 0 0 0 0 0 0 0]
[7491818190558532991876199483393443974401213730813230032798460356727707731633838729557940092161481735293719199847733754916915559177816279031389269453559420108719673222888621137343897788131337736704570764297612041129910226453641943125054475077640886620723764346813278402190730194208407341666244035013230457507096451022680716142044350701 0 0 0 0 0 0 0 0 0 0 0 0 0 0 0 0 0 0 0 0 0 0 0 0 0 0 0 0 0 0 0 0 0 0 0 0 0 0 0 0 0 0 0 0 0 0 0 0 0 0 0 0 0 0 0 0 0 0 0 0 0 0 0 0 0 0 0 0 0 0 0 0 0 0 0 0 0 0 0 0 0 0 0 0 0 0 0 0 0 0 0 0 1 0 0 0 0 0 0 0 0 0 0 0 0 0 0 0 0]
[4631422080557043769462751915372751940516294219530120191885090010595439178507341766639183636047563108138437524347734302479832142727244624482938976906487165072794997279893992785664362917896805513931572785387652346022601474049179649331175502410217238534830112664100957630040951938309035956193145805779387571480733933498746875951500547392 0 0 0 0 0 0 0 0 0 0 0 0 0 0 0 0 0 0 0 0 0 0 0 0 0 0 0 0 0 0 0 0 0 0 0 0 0 0 0 0 0 0 0 0 0 0 0 0 0 0 0 0 0 0 0 0 0 0 0 0 0 0 0 0 0 0 0 0 0 0 0 0 0 0 0 0 0 0 0 0 0 0 0 0 0 0 0 0 0 0 0 0 0 1 0 0 0 0 0 0 0 0 0 0 0 0 0 0 0]
[1134061311411805302925875916660572300127941334706070662795071568721397576044177461134255253518865427131133604045381578069338466372994127207001452190392198363780694476633353257079186633224112218873374553766704268432211413432044213402092144846558415433928017353509816958309589621168400254843043488132120412820332237734668454060563607222 0 0 0 0 0 0 0 0 0 0 0 0 0 0 0 0 0 0 0 0 0 0 0 0 0 0 0 0 0 0 0 0 0 0 0 0 0 0 0 0 0 0 0 0 0 0 0 0 0 0 0 0 0 0 0 0 0 0 0 0 0 0 0 0 0 0 0 0 0 0 0 0 0 0 0 0 0 0 0 0 0 0 0 0 0 0 0 0 0 0 0 0 0 0 1 0 0 0 0 0 0 0 0 0 0 0 0 0 0]
[5291602568380991147976230150594423389521864296468465030652676876329649573718193075031223436498214337984544982950724558902425533950801327302308011711536904075078779566340251976517921083215801672437728193537542276882864762485875053733906289376853569222178083685370376758599231833751082435542093944844727603440639433385484496776673126650 0 0 0 0 0 0 0 0 0 0 0 0 0 0 0 0 0 0 0 0 0 0 0 0 0 0 0 0 0 0 0 0 0 0 0 0 0 0 0 0 0 0 0 0 0 0 0 0 0 0 0 0 0 0 0 0 0 0 0 0 0 0 0 0 0 0 0 0 0 0 0 0 0 0 0 0 0 0 0 0 0 0 0 0 0 0 0 0 0 0 0 0 0 0 0 1 0 0 0 0 0 0 0 0 0 0 0 0 0]
[6990691150347935945876749661943984906547015354133234151020939084364954929658136461074964560389594205662198215824999401440644170359641936973434682172212163818551552363961229010917966244735947540043888791915409458538509323534970660489914633849553158622795073603863479970735491820566818154807013677778052948590286204213632818656780576520 0 0 0 0 0 0 0 0 0 0 0 0 0 0 0 0 0 0 0 0 0 0 0 0 0 0 0 0 0 0 0 0 0 0 0 0 0 0 0 0 0 0 0 0 0 0 0 0 0 0 0 0 0 0 0 0 0 0 0 0 0 0 0 0 0 0 0 0 0 0 0 0 0 0 0 0 0 0 0 0 0 0 0 0 0 0 0 0 0 0 0 0 0 0 0 0 1 0 0 0 0 0 0 0 0 0 0 0 0]
[7503905080571084614660800438849909385396796095048325177717129525576471625480539022131107901017256927384625918861979347298454047099099934384024652064963000982695472116726344141839520368268382005462963268166503838486087627551843793685198571879727662713671806343181833907818024969229248414807942963159616325857685821204943614131056966609 0 0 0 0 0 0 0 0 0 0 0 0 0 0 0 0 0 0 0 0 0 0 0 0 0 0 0 0 0 0 0 0 0 0 0 0 0 0 0 0 0 0 0 0 0 0 0 0 0 0 0 0 0 0 0 0 0 0 0 0 0 0 0 0 0 0 0 0 0 0 0 0 0 0 0 0 0 0 0 0 0 0 0 0 0 0 0 0 0 0 0 0 0 0 0 0 0 1 0 0 0 0 0 0 0 0 0 0 0]
[5242004249834372019244629174010172354845249056076315046458438222541734556461920238471416739460805801937654173555242738286238023607113730334296259400033200492314768813285349050379712563641879740456415768263357900890521120517082285519625304238615541876022144973113272607067325665043662486975467991674470129864077065548014578231431818314 0 0 0 0 0 0 0 0 0 0 0 0 0 0 0 0 0 0 0 0 0 0 0 0 0 0 0 0 0 0 0 0 0 0 0 0 0 0 0 0 0 0 0 0 0 0 0 0 0 0 0 0 0 0 0 0 0 0 0 0 0 0 0 0 0 0 0 0 0 0 0 0 0 0 0 0 0 0 0 0 0 0 0 0 0 0 0 0 0 0 0 0 0 0 0 0 0 0 1 0 0 0 0 0 0 0 0 0 0]
[6006045118147207645990544137144830745828318071863078981598545105459056713258042440207485279921704931918860577624247644422443929061300079105719764938257304251666187098714361474616022636651866615486928694937008042963708401127665115484273574161742938770134942007104887196711255627652543167814877622035548356356294567358153164832952226508 0 0 0 0 0 0 0 0 0 0 0 0 0 0 0 0 0 0 0 0 0 0 0 0 0 0 0 0 0 0 0 0 0 0 0 0 0 0 0 0 0 0 0 0 0 0 0 0 0 0 0 0 0 0 0 0 0 0 0 0 0 0 0 0 0 0 0 0 0 0 0 0 0 0 0 0 0 0 0 0 0 0 0 0 0 0 0 0 0 0 0 0 0 0 0 0 0 0 0 1 0 0 0 0 0 0 0 0 0]
[3996452199947412664157617423501983895056995489417154614195199535981816074898780439246380514683173684133159845230432116086373021127657897097751527332564305016450973717871381448604697835565720686885101867876754670202318260887827821549051870772660702383880488167706854239745167415371590802773861778404411218668548372475250020632171672847 0 0 0 0 0 0 0 0 0 0 0 0 0 0 0 0 0 0 0 0 0 0 0 0 0 0 0 0 0 0 0 0 0 0 0 0 0 0 0 0 0 0 0 0 0 0 0 0 0 0 0 0 0 0 0 0 0 0 0 0 0 0 0 0 0 0 0 0 0 0 0 0 0 0 0 0 0 0 0 0 0 0 0 0 0 0 0 0 0 0 0 0 0 0 0 0 0 0 0 0 1 0 0 0 0 0 0 0 0]
[2159341709746378950607888274440898360619046385956391290201398164824835347345071320714185880280947469102139380119220201021865369672484821430562677039651856018841775831496476500426332872255297467612208037237694338744386051725934520593302508861197804692083259016565376616812540971957057761446124546631489408051643867043415924436630231401 0 0 0 0 0 0 0 0 0 0 0 0 0 0 0 0 0 0 0 0 0 0 0 0 0 0 0 0 0 0 0 0 0 0 0 0 0 0 0 0 0 0 0 0 0 0 0 0 0 0 0 0 0 0 0 0 0 0 0 0 0 0 0 0 0 0 0 0 0 0 0 0 0 0 0 0 0 0 0 0 0 0 0 0 0 0 0 0 0 0 0 0 0 0 0 0 0 0 0 0 0 1 0 0 0 0 0 0 0]
[8030623823554741333634080066577494257370098080675905369896252427309977677407906233989766018249135217687385526205027477405602726748545850456791573368624527157071851826024190377202793200414457223925800625989746545438585546029199223230625994694389084816797688708031237933481425377362590015284475190699653037682880671853664855394517251476 0 0 0 0 0 0 0 0 0 0 0 0 0 0 0 0 0 0 0 0 0 0 0 0 0 0 0 0 0 0 0 0 0 0 0 0 0 0 0 0 0 0 0 0 0 0 0 0 0 0 0 0 0 0 0 0 0 0 0 0 0 0 0 0 0 0 0 0 0 0 0 0 0 0 0 0 0 0 0 0 0 0 0 0 0 0 0 0 0 0 0 0 0 0 0 0 0 0 0 0 0 0 1 0 0 0 0 0 0]
[35322459832112455529668558153648243470799302360662305448952245145336698988141871938559142858697590819243607320563401058212961647889368238376015096241930939925408490848967391667003005429145521282806806362949614615768175019780982306041670242515293793093734694827502544590951060276526113290363374957799841037950375575029442931232008997 0 0 0 0 0 0 0 0 0 0 0 0 0 0 0 0 0 0 0 0 0 0 0 0 0 0 0 0 0 0 0 0 0 0 0 0 0 0 0 0 0 0 0 0 0 0 0 0 0 0 0 0 0 0 0 0 0 0 0 0 0 0 0 0 0 0 0 0 0 0 0 0 0 0 0 0 0 0 0 0 0 0 0 0 0 0 0 0 0 0 0 0 0 0 0 0 0 0 0 0 0 0 0 1 0 0 0 0 0]
[7327035238226965462700652376550367639354259747520333524852975533193882166411531579219095572605910723255074484869368740869212171479782498124553965485486096852708433824976021657193146450336435830598975097378745508556305359814546401541690759589225254569211679909200506298394319974394730834145141505197766299505272729161368643069917402451 0 0 0 0 0 0 0 0 0 0 0 0 0 0 0 0 0 0 0 0 0 0 0 0 0 0 0 0 0 0 0 0 0 0 0 0 0 0 0 0 0 0 0 0 0 0 0 0 0 0 0 0 0 0 0 0 0 0 0 0 0 0 0 0 0 0 0 0 0 0 0 0 0 0 0 0 0 0 0 0 0 0 0 0 0 0 0 0 0 0 0 0 0 0 0 0 0 0 0 0 0 0 0 0 1 0 0 0 0]
[2106817537153895834785060214639636314683892664978224724522374189352960048370088500636646934080815905683694373641191445328520835975499287414957451210866994441352072051399740306919669629395916505467577319137147455053028145842572758983613343261495544969447222213247436704318478187643742554403947288363363509601152670645402158364563437634 0 0 0 0 0 0 0 0 0 0 0 0 0 0 0 0 0 0 0 0 0 0 0 0 0 0 0 0 0 0 0 0 0 0 0 0 0 0 0 0 0 0 0 0 0 0 0 0 0 0 0 0 0 0 0 0 0 0 0 0 0 0 0 0 0 0 0 0 0 0 0 0 0 0 0 0 0 0 0 0 0 0 0 0 0 0 0 0 0 0 0 0 0 0 0 0 0 0 0 0 0 0 0 0 0 1 0 0 0]
[7262089796306509660251830634838161311250509088819707632917651453112022457030485195668166658077735809262351092931391116069069104707024945555112684136521395032451659100678945745311752966848346614558362506902890332641149120882581046963841879938890570309823915511071406763293101320718286625924886002179970349715448853551569335840162647416 0 0 0 0 0 0 0 0 0 0 0 0 0 0 0 0 0 0 0 0 0 0 0 0 0 0 0 0 0 0 0 0 0 0 0 0 0 0 0 0 0 0 0 0 0 0 0 0 0 0 0 0 0 0 0 0 0 0 0 0 0 0 0 0 0 0 0 0 0 0 0 0 0 0 0 0 0 0 0 0 0 0 0 0 0 0 0 0 0 0 0 0 0 0 0 0 0 0 0 0 0 0 0 0 0 0 1 0 0]
[4811521087270380971880972697631596180297902037600355185759823790575337464161577026353129192061974687501876454764975788930663199861156487258869658912577787527733257883969309751772383052895457083920313279308127799420620868264304215348123510993155404596232805613709813447239669504255782293263340998256367551166342825620572762263859503973 0 0 0 0 0 0 0 0 0 0 0 0 0 0 0 0 0 0 0 0 0 0 0 0 0 0 0 0 0 0 0 0 0 0 0 0 0 0 0 0 0 0 0 0 0 0 0 0 0 0 0 0 0 0 0 0 0 0 0 0 0 0 0 0 0 0 0 0 0 0 0 0 0 0 0 0 0 0 0 0 0 0 0 0 0 0 0 0 0 0 0 0 0 0 0 0 0 0 0 0 0 0 0 0 0 0 0 1 0]
[3687103319523513389032365409879235012027088005942492561538133158347505223879519557767610060974877258648657223838022513872007390839413666096649969705853930071115063865922858524030833712751402192498809192015902095204508337907243726026717935864359957433290855851123851312574921082763433275084045389840964588092508026045001919517894348932 0 0 0 0 0 0 0 0 0 0 0 0 0 0 0 0 0 0 0 0 0 0 0 0 0 0 0 0 0 0 0 0 0 0 0 0 0 0 0 0 0 0 0 0 0 0 0 0 0 0 0 0 0 0 0 0 0 0 0 0 0 0 0 0 0 0 0 0 0 0 0 0 0 0 0 0 0 0 0 0 0 0 0 0 0 0 0 0 0 0 0 0 0 0 0 0 0 0 0 0 0 0 0 0 0 0 0 0 1]
]
