[[4638313531821982990432120815392263115112394710364010168560729815254691024120222635069708410372673467573467357540938238020019502672016443377568913766012503955839654756622836331753883382000336092261355669501471942867360787222073013525205287135369867555131 0 0 0 0 0 0 0 0 0 0 0 0 0 0 0 0 0 0 0 0 0 0 0 0 0 0 0 0 0 0 0 0 0 0 0 0 0 0 0 0 0 0 0 0 0 0 0 0 0 0 0 0 0 0 0 0 0 0 0 0 0 0 0 0 0 0 0 0 0 0 0 0 0 0 0 0 0 0 0 0 0 0 0]
[938646697441692530558452039827225684924688276333596652588066115343832299078867960422877102154215864713664817277430210467537193340751578205747803906609588186077662069240692058578848336165632636954132041814531987395849619080708394715191455360303025145984 1 0 0 0 0 0 0 0 0 0 0 0 0 0 0 0 0 0 0 0 0 0 0 0 0 0 0 0 0 0 0 0 0 0 0 0 0 0 0 0 0 0 0 0 0 0 0 0 0 0 0 0 0 0 0 0 0 0 0 0 0 0 0 0 0 0 0 0 0 0 0 0 0 0 0 0 0 0 0 0 0 0 0]
[853108507722222377349501595599602628882487802578630806955498591996743723898289982513370628266043986612146987921490657248679606312308139192638406723560621993562247615046207398252729581010297371704025668305475922337054952073516799071288133568945234139823 0 1 0 0 0 0 0 0 0 0 0 0 0 0 0 0 0 0 0 0 0 0 0 0 0 0 0 0 0 0 0 0 0 0 0 0 0 0 0 0 0 0 0 0 0 0 0 0 0 0 0 0 0 0 0 0 0 0 0 0 0 0 0 0 0 0 0 0 0 0 0 0 0 0 0 0 0 0 0 0 0 0 0]
[1257751925227741246713143131785888769710788292418105765611379885741587618638882511322730649983397814465727079736804087406756328399381632147010688392089346601438809839051498611734630994671490125522060594337013846295176686006004230284344649860999318893957 0 0 1 0 0 0 0 0 0 0 0 0 0 0 0 0 0 0 0 0 0 0 0 0 0 0 0 0 0 0 0 0 0 0 0 0 0 0 0 0 0 0 0 0 0 0 0 0 0 0 0 0 0 0 0 0 0 0 0 0 0 0 0 0 0 0 0 0 0 0 0 0 0 0 0 0 0 0 0 0 0 0 0]
[2028521692710096807748611672380346393592780532435451791740872883098076371226197064981008689417063560880585177691641278449647232038491057119097540015670711242891680593580723732832068856686820789030027470584437105052162471126591237754094550228842306738273 0 0 0 1 0 0 0 0 0 0 0 0 0 0 0 0 0 0 0 0 0 0 0 0 0 0 0 0 0 0 0 0 0 0 0 0 0 0 0 0 0 0 0 0 0 0 0 0 0 0 0 0 0 0 0 0 0 0 0 0 0 0 0 0 0 0 0 0 0 0 0 0 0 0 0 0 0 0 0 0 0 0 0]
[1136094722399322787203211058064329127054686528785572543963665787571722966785444146120871631963174561676430892307352229464769243142987327158503440998030610683107467953193168594679139039019683556806054717334440471462882749218087819448626541857507928766054 0 0 0 0 1 0 0 0 0 0 0 0 0 0 0 0 0 0 0 0 0 0 0 0 0 0 0 0 0 0 0 0 0 0 0 0 0 0 0 0 0 0 0 0 0 0 0 0 0 0 0 0 0 0 0 0 0 0 0 0 0 0 0 0 0 0 0 0 0 0 0 0 0 0 0 0 0 0 0 0 0 0 0]
[835382078508734200004516835948575990688905511793671461530450687407736182469425244618704498315481334691099988900718320285487295295973078778373317125748262790257110889583203441791630258671897205183933542719664101226973567729647648484395435573053005668637 0 0 0 0 0 1 0 0 0 0 0 0 0 0 0 0 0 0 0 0 0 0 0 0 0 0 0 0 0 0 0 0 0 0 0 0 0 0 0 0 0 0 0 0 0 0 0 0 0 0 0 0 0 0 0 0 0 0 0 0 0 0 0 0 0 0 0 0 0 0 0 0 0 0 0 0 0 0 0 0 0 0 0]
[3522827358004901919742636518587883879528678946796007425966265468254047296883502582459793100106025523802561952487742109924361024975614466917915697080091236001992895413232688976056873131006076869632910191270522511493323284969993133979302589202586960657111 0 0 0 0 0 0 1 0 0 0 0 0 0 0 0 0 0 0 0 0 0 0 0 0 0 0 0 0 0 0 0 0 0 0 0 0 0 0 0 0 0 0 0 0 0 0 0 0 0 0 0 0 0 0 0 0 0 0 0 0 0 0 0 0 0 0 0 0 0 0 0 0 0 0 0 0 0 0 0 0 0 0 0]
[2519520743223521189196619453749248384740776667270852792291856950209382981147829504941365321681229829320084897450283208183684227081321790255937497017751583416980809518141529498576161839912584624583069100367680390844273519231248016575552732488299405292944 0 0 0 0 0 0 0 1 0 0 0 0 0 0 0 0 0 0 0 0 0 0 0 0 0 0 0 0 0 0 0 0 0 0 0 0 0 0 0 0 0 0 0 0 0 0 0 0 0 0 0 0 0 0 0 0 0 0 0 0 0 0 0 0 0 0 0 0 0 0 0 0 0 0 0 0 0 0 0 0 0 0 0]
[4108783769309449807806627828319369473459749291339756806025196141965349221661737016120008940958473269885528383211053828380762875737460301837538612584892027028969556986561372002610192585247652575538025510377968315086044740459334726602882710246241671474467 0 0 0 0 0 0 0 0 1 0 0 0 0 0 0 0 0 0 0 0 0 0 0 0 0 0 0 0 0 0 0 0 0 0 0 0 0 0 0 0 0 0 0 0 0 0 0 0 0 0 0 0 0 0 0 0 0 0 0 0 0 0 0 0 0 0 0 0 0 0 0 0 0 0 0 0 0 0 0 0 0 0 0]
[3643776890414262917630208698102744312691442278330115848681149431471785475385215495762134483001916645596784435700296446194316835789789311696478910404924596223483479659123897124078277907377654686966385815099263251421036311907541713854633692877763111983589 0 0 0 0 0 0 0 0 0 1 0 0 0 0 0 0 0 0 0 0 0 0 0 0 0 0 0 0 0 0 0 0 0 0 0 0 0 0 0 0 0 0 0 0 0 0 0 0 0 0 0 0 0 0 0 0 0 0 0 0 0 0 0 0 0 0 0 0 0 0 0 0 0 0 0 0 0 0 0 0 0 0 0]
[1863364902609794455572131228484746563758776973842153052508787912464242685394029804471320180457312682483127304685423861282437530384653564923263927579739630078035623004407782414593152023079904047199196169058338177490517113428576851693653598195277575730850 0 0 0 0 0 0 0 0 0 0 1 0 0 0 0 0 0 0 0 0 0 0 0 0 0 0 0 0 0 0 0 0 0 0 0 0 0 0 0 0 0 0 0 0 0 0 0 0 0 0 0 0 0 0 0 0 0 0 0 0 0 0 0 0 0 0 0 0 0 0 0 0 0 0 0 0 0 0 0 0 0 0 0]
[1637704285943764004597443739476569614080094579541180915772207314220976807130732774926156747905708337870820954802729508130671321126526185152433254066344846003968506440868229239378210651049294060771121308909936144595340919107603212729887742173604882520194 0 0 0 0 0 0 0 0 0 0 0 1 0 0 0 0 0 0 0 0 0 0 0 0 0 0 0 0 0 0 0 0 0 0 0 0 0 0 0 0 0 0 0 0 0 0 0 0 0 0 0 0 0 0 0 0 0 0 0 0 0 0 0 0 0 0 0 0 0 0 0 0 0 0 0 0 0 0 0 0 0 0 0]
[3604427251434922796354935963354741131661257479664232343765457116337256110371556377582896047054112760261161848301307522601595519476703213780678407779344594150016569452312086203850923950587805832514639506298056768754264527163975920956520378130117855168694 0 0 0 0 0 0 0 0 0 0 0 0 1 0 0 0 0 0 0 0 0 0 0 0 0 0 0 0 0 0 0 0 0 0 0 0 0 0 0 0 0 0 0 0 0 0 0 0 0 0 0 0 0 0 0 0 0 0 0 0 0 0 0 0 0 0 0 0 0 0 0 0 0 0 0 0 0 0 0 0 0 0 0]
[3683039319520268118016892208838068614677359687581684643188877794206571926920922723350320373359027143361311238623182862097713835696628216437855549646894602765266539794638719871689098361336663673825617393480378586934043223890742158057942798737385299516721 0 0 0 0 0 0 0 0 0 0 0 0 0 1 0 0 0 0 0 0 0 0 0 0 0 0 0 0 0 0 0 0 0 0 0 0 0 0 0 0 0 0 0 0 0 0 0 0 0 0 0 0 0 0 0 0 0 0 0 0 0 0 0 0 0 0 0 0 0 0 0 0 0 0 0 0 0 0 0 0 0 0 0]
[374797729904391245643534709999576795890770383724764342086015764149386203380448149774793947457369437763155519016380722238345281767100716493372132317929616723005348133157630425703443138868701662295072807078792813715400968737584200877617167356347323474385 0 0 0 0 0 0 0 0 0 0 0 0 0 0 1 0 0 0 0 0 0 0 0 0 0 0 0 0 0 0 0 0 0 0 0 0 0 0 0 0 0 0 0 0 0 0 0 0 0 0 0 0 0 0 0 0 0 0 0 0 0 0 0 0 0 0 0 0 0 0 0 0 0 0 0 0 0 0 0 0 0 0 0]
[2141986571906829532163286006019628109714312771210314996845951818913568141657512540262077671319873763219213392154226563706323438754924083826066679037877309926729734193295878502775152918282027321310139582775834124703957009750472811795883028026497166137889 0 0 0 0 0 0 0 0 0 0 0 0 0 0 0 1 0 0 0 0 0 0 0 0 0 0 0 0 0 0 0 0 0 0 0 0 0 0 0 0 0 0 0 0 0 0 0 0 0 0 0 0 0 0 0 0 0 0 0 0 0 0 0 0 0 0 0 0 0 0 0 0 0 0 0 0 0 0 0 0 0 0 0]
[2108145944791918279056010359202354224940580585627863979176388975095533011537361560606841960219713360781589413699321174184665610050235770156002884689447550854642206061530011829919280080306356310612290721637069396420289092771268146743981811733756512063374 0 0 0 0 0 0 0 0 0 0 0 0 0 0 0 0 1 0 0 0 0 0 0 0 0 0 0 0 0 0 0 0 0 0 0 0 0 0 0 0 0 0 0 0 0 0 0 0 0 0 0 0 0 0 0 0 0 0 0 0 0 0 0 0 0 0 0 0 0 0 0 0 0 0 0 0 0 0 0 0 0 0 0]
[4037522002232450291954639046908789531306450515766057440484392052131230883552282154815771845800227314186479195086859990702774118445127912118687198261852500797270106034490729409652149130418350230641854088712868999246072807956996576814883205885204753559063 0 0 0 0 0 0 0 0 0 0 0 0 0 0 0 0 0 1 0 0 0 0 0 0 0 0 0 0 0 0 0 0 0 0 0 0 0 0 0 0 0 0 0 0 0 0 0 0 0 0 0 0 0 0 0 0 0 0 0 0 0 0 0 0 0 0 0 0 0 0 0 0 0 0 0 0 0 0 0 0 0 0 0]
[2407358561313653395016459082597411596516941692492954391068296554484541199094321719670319601613517599005897014492703592912479264938304289137384916868521629800533049819374403853087934658911212720826082021909372507512035596323734561021436406260330410908618 0 0 0 0 0 0 0 0 0 0 0 0 0 0 0 0 0 0 1 0 0 0 0 0 0 0 0 0 0 0 0 0 0 0 0 0 0 0 0 0 0 0 0 0 0 0 0 0 0 0 0 0 0 0 0 0 0 0 0 0 0 0 0 0 0 0 0 0 0 0 0 0 0 0 0 0 0 0 0 0 0 0 0]
[2995073881200732055923238173596418589468667878278971588904902332854941929569594712210065574473927130163965741018224790090009892196556757584218492071625303749345091874071446749848794669815539058561565587981316515969894059735979960220492001283093562355560 0 0 0 0 0 0 0 0 0 0 0 0 0 0 0 0 0 0 0 1 0 0 0 0 0 0 0 0 0 0 0 0 0 0 0 0 0 0 0 0 0 0 0 0 0 0 0 0 0 0 0 0 0 0 0 0 0 0 0 0 0 0 0 0 0 0 0 0 0 0 0 0 0 0 0 0 0 0 0 0 0 0 0]
[495787763313257587951072500189400152008866809064637199230585708725250386011973098107630170550092753563852565250785437320483127849527704063999138937016002196228294324412503990860384376633961788282967093018866125278985656484910015220240502392198414325436 0 0 0 0 0 0 0 0 0 0 0 0 0 0 0 0 0 0 0 0 1 0 0 0 0 0 0 0 0 0 0 0 0 0 0 0 0 0 0 0 0 0 0 0 0 0 0 0 0 0 0 0 0 0 0 0 0 0 0 0 0 0 0 0 0 0 0 0 0 0 0 0 0 0 0 0 0 0 0 0 0 0 0]
[1299984249751194590926603342958110621510439409742260780501505562264450655732117485638872140641853632608971797828441008303750076350362232391372958571738164505251844593225591433997068743549337215786583857314790117648135488294357951024003119567759125085024 0 0 0 0 0 0 0 0 0 0 0 0 0 0 0 0 0 0 0 0 0 1 0 0 0 0 0 0 0 0 0 0 0 0 0 0 0 0 0 0 0 0 0 0 0 0 0 0 0 0 0 0 0 0 0 0 0 0 0 0 0 0 0 0 0 0 0 0 0 0 0 0 0 0 0 0 0 0 0 0 0 0 0]
[4588471733841281908903085106647613166274083801314408693540888188566106007421767528024792318861171086491047171710560634570029968289236501691826985005579908251680039469737249061402635422660855413241159931458434105365185754467758109740683348178928702154329 0 0 0 0 0 0 0 0 0 0 0 0 0 0 0 0 0 0 0 0 0 0 1 0 0 0 0 0 0 0 0 0 0 0 0 0 0 0 0 0 0 0 0 0 0 0 0 0 0 0 0 0 0 0 0 0 0 0 0 0 0 0 0 0 0 0 0 0 0 0 0 0 0 0 0 0 0 0 0 0 0 0 0]
[1845755597086740302671467922342998289145555033669524309199199167017241043512685908486052026463441765354673875079892991818835422027362244455582034317246901950004395034883804437734829442606423761308352509649980879108582664718187479469399690255561853238847 0 0 0 0 0 0 0 0 0 0 0 0 0 0 0 0 0 0 0 0 0 0 0 1 0 0 0 0 0 0 0 0 0 0 0 0 0 0 0 0 0 0 0 0 0 0 0 0 0 0 0 0 0 0 0 0 0 0 0 0 0 0 0 0 0 0 0 0 0 0 0 0 0 0 0 0 0 0 0 0 0 0 0]
[1826685719493545405865627266745903978548807741124268700432424127452080422923178407090044480252778832450921943903158124613561005042527521011611869900844705838223220017089473264442770175253654317566685288211190249616847214280562496158478710395595720635691 0 0 0 0 0 0 0 0 0 0 0 0 0 0 0 0 0 0 0 0 0 0 0 0 1 0 0 0 0 0 0 0 0 0 0 0 0 0 0 0 0 0 0 0 0 0 0 0 0 0 0 0 0 0 0 0 0 0 0 0 0 0 0 0 0 0 0 0 0 0 0 0 0 0 0 0 0 0 0 0 0 0 0]
[3737466666827793773474916480495119527153302381102130759455763581968022954302491849389556798499967301604222499271029193161020705090806872674548821083824731602185672636957643813718732950244505719649916115527093837026351010399912986494651187105981040903471 0 0 0 0 0 0 0 0 0 0 0 0 0 0 0 0 0 0 0 0 0 0 0 0 0 1 0 0 0 0 0 0 0 0 0 0 0 0 0 0 0 0 0 0 0 0 0 0 0 0 0 0 0 0 0 0 0 0 0 0 0 0 0 0 0 0 0 0 0 0 0 0 0 0 0 0 0 0 0 0 0 0 0]
[526561274424631987870251395252310173071020038930190201739382032243789040653252444170637728495911940558539015589794995256988251505260881473399140752724420047551746590171467636317846919586176210548745408755157000985439796123312505356550515680441544317245 0 0 0 0 0 0 0 0 0 0 0 0 0 0 0 0 0 0 0 0 0 0 0 0 0 0 1 0 0 0 0 0 0 0 0 0 0 0 0 0 0 0 0 0 0 0 0 0 0 0 0 0 0 0 0 0 0 0 0 0 0 0 0 0 0 0 0 0 0 0 0 0 0 0 0 0 0 0 0 0 0 0 0]
[4405686555675346157688380930225009215673628975916247598533757223674521427202956366385162510161946712076641074652824399671440252384382037384498754629785480628247858463435433920713831625098195226098136183352817588176165987161892961303222314986389279623094 0 0 0 0 0 0 0 0 0 0 0 0 0 0 0 0 0 0 0 0 0 0 0 0 0 0 0 1 0 0 0 0 0 0 0 0 0 0 0 0 0 0 0 0 0 0 0 0 0 0 0 0 0 0 0 0 0 0 0 0 0 0 0 0 0 0 0 0 0 0 0 0 0 0 0 0 0 0 0 0 0 0 0]
[208901734563923911515395774955390262769021635182798566468556318247086283189220981354967686687652818259184883364787183573621283746042669214112400524663989942797324377421874639949780859139361726633885223978136760504098653623045790248806090868041442141501 0 0 0 0 0 0 0 0 0 0 0 0 0 0 0 0 0 0 0 0 0 0 0 0 0 0 0 0 1 0 0 0 0 0 0 0 0 0 0 0 0 0 0 0 0 0 0 0 0 0 0 0 0 0 0 0 0 0 0 0 0 0 0 0 0 0 0 0 0 0 0 0 0 0 0 0 0 0 0 0 0 0 0]
[4046942374213829155440355526194189854080651750560260705454711854296622268157393825486359178369428657881441304657709824822271160997206465908276622353921659233337923800289227097530008652564579434262250322211209061877669453498079470046736686889057634189144 0 0 0 0 0 0 0 0 0 0 0 0 0 0 0 0 0 0 0 0 0 0 0 0 0 0 0 0 0 1 0 0 0 0 0 0 0 0 0 0 0 0 0 0 0 0 0 0 0 0 0 0 0 0 0 0 0 0 0 0 0 0 0 0 0 0 0 0 0 0 0 0 0 0 0 0 0 0 0 0 0 0 0]
[4024322578119755131574256611298441914933494739364873690941221741040156539926165410668300034528058711699878652725974318477193763497752477216281238047067919652865404987155465646709401985185153874034948402040843425129398876037735212405397100258665318409996 0 0 0 0 0 0 0 0 0 0 0 0 0 0 0 0 0 0 0 0 0 0 0 0 0 0 0 0 0 0 1 0 0 0 0 0 0 0 0 0 0 0 0 0 0 0 0 0 0 0 0 0 0 0 0 0 0 0 0 0 0 0 0 0 0 0 0 0 0 0 0 0 0 0 0 0 0 0 0 0 0 0 0]
[3464918577354611935291556903554057475141321215799044067113915436615761648302684633734543733564398298152534335263629842169122976697197799832398496298265552325491246995813133827314363059582976604316329384518139615507555613127259360129373126107178566869608 0 0 0 0 0 0 0 0 0 0 0 0 0 0 0 0 0 0 0 0 0 0 0 0 0 0 0 0 0 0 0 1 0 0 0 0 0 0 0 0 0 0 0 0 0 0 0 0 0 0 0 0 0 0 0 0 0 0 0 0 0 0 0 0 0 0 0 0 0 0 0 0 0 0 0 0 0 0 0 0 0 0 0]
[2919319578302131675879208938711774966872425826518262273014965568170161063160132854535595062984975323620720852099947628915861536359768406436324283513352307168324308772660496195923770939656107881375240938489694144082525470359355360440458168162753179541631 0 0 0 0 0 0 0 0 0 0 0 0 0 0 0 0 0 0 0 0 0 0 0 0 0 0 0 0 0 0 0 0 1 0 0 0 0 0 0 0 0 0 0 0 0 0 0 0 0 0 0 0 0 0 0 0 0 0 0 0 0 0 0 0 0 0 0 0 0 0 0 0 0 0 0 0 0 0 0 0 0 0 0]
[727785148568898123280506141542458808765907286895919451443060268459839010919405786977597352460463697122587943278138419122229598843671999116372245017497676919752176862389023696148705061732666772913812275927360374898675734379484713618568398725913776070974 0 0 0 0 0 0 0 0 0 0 0 0 0 0 0 0 0 0 0 0 0 0 0 0 0 0 0 0 0 0 0 0 0 1 0 0 0 0 0 0 0 0 0 0 0 0 0 0 0 0 0 0 0 0 0 0 0 0 0 0 0 0 0 0 0 0 0 0 0 0 0 0 0 0 0 0 0 0 0 0 0 0 0]
[1648556865293614401251673584789449986594289504171077451105176020346999881558282013355056651437539790493073498587388722836457829251873570505080672069487823173133072182474815548296922264475035711853447618899336205272354699528692035678373178582829470306658 0 0 0 0 0 0 0 0 0 0 0 0 0 0 0 0 0 0 0 0 0 0 0 0 0 0 0 0 0 0 0 0 0 0 1 0 0 0 0 0 0 0 0 0 0 0 0 0 0 0 0 0 0 0 0 0 0 0 0 0 0 0 0 0 0 0 0 0 0 0 0 0 0 0 0 0 0 0 0 0 0 0 0]
[1506499782974873551915011849920788040064135125362518737016742767080910414399940208019181487693774015965756264795535555643126616679543601025914378642604340547759073200213124702752276060590482643493114017142920335314937535548620873372629534482433141518302 0 0 0 0 0 0 0 0 0 0 0 0 0 0 0 0 0 0 0 0 0 0 0 0 0 0 0 0 0 0 0 0 0 0 0 1 0 0 0 0 0 0 0 0 0 0 0 0 0 0 0 0 0 0 0 0 0 0 0 0 0 0 0 0 0 0 0 0 0 0 0 0 0 0 0 0 0 0 0 0 0 0 0]
[3987692272967390402844944688697158387140993051022831327968538189389485490161816110499845456474361973117398671797223154940965501650853691779678075218245973896186731406533167866341112544512051228012967984958078902002613734122572354447635401766874385418196 0 0 0 0 0 0 0 0 0 0 0 0 0 0 0 0 0 0 0 0 0 0 0 0 0 0 0 0 0 0 0 0 0 0 0 0 1 0 0 0 0 0 0 0 0 0 0 0 0 0 0 0 0 0 0 0 0 0 0 0 0 0 0 0 0 0 0 0 0 0 0 0 0 0 0 0 0 0 0 0 0 0 0]
[3031108166225443723090192621017429205231663171877711846645670480813859222434700942605046006634556899444045815381373319316202301261628215829025838235856407726734912859901931788868690644378968820085173575766426653817002651546588558786139725881162736994450 0 0 0 0 0 0 0 0 0 0 0 0 0 0 0 0 0 0 0 0 0 0 0 0 0 0 0 0 0 0 0 0 0 0 0 0 0 1 0 0 0 0 0 0 0 0 0 0 0 0 0 0 0 0 0 0 0 0 0 0 0 0 0 0 0 0 0 0 0 0 0 0 0 0 0 0 0 0 0 0 0 0 0]
[4155486336058553527338673857450928461980174959180472241670918300374894566626027798132910291603960932841119273107418281245701495854448998812567728343278552598548446131260026973184492485092720044717850702752688755103933608851353268476319126537886688141715 0 0 0 0 0 0 0 0 0 0 0 0 0 0 0 0 0 0 0 0 0 0 0 0 0 0 0 0 0 0 0 0 0 0 0 0 0 0 1 0 0 0 0 0 0 0 0 0 0 0 0 0 0 0 0 0 0 0 0 0 0 0 0 0 0 0 0 0 0 0 0 0 0 0 0 0 0 0 0 0 0 0 0]
[2996935735677266211565534156608708395808568075632214693228848451437896275965008891543344381089160616109724479772053006264895794471817661565755475831673081229503157737574492279310180851822391232903513981874544055053595619881976903122418594045462395457395 0 0 0 0 0 0 0 0 0 0 0 0 0 0 0 0 0 0 0 0 0 0 0 0 0 0 0 0 0 0 0 0 0 0 0 0 0 0 0 1 0 0 0 0 0 0 0 0 0 0 0 0 0 0 0 0 0 0 0 0 0 0 0 0 0 0 0 0 0 0 0 0 0 0 0 0 0 0 0 0 0 0 0]
[3850287881868698830420390859898791115556366588873352571600875167247749599805456721061169891338551735362236790076942137159439270439475323073326417353894743454783961127689353005050565948559072171692995342811145564831110156451855549088988332339363976327929 0 0 0 0 0 0 0 0 0 0 0 0 0 0 0 0 0 0 0 0 0 0 0 0 0 0 0 0 0 0 0 0 0 0 0 0 0 0 0 0 1 0 0 0 0 0 0 0 0 0 0 0 0 0 0 0 0 0 0 0 0 0 0 0 0 0 0 0 0 0 0 0 0 0 0 0 0 0 0 0 0 0 0]
[1705624639356109205151222605333133595732106134385157026898428483055169578014723981820287319198135954212268443360943601992851285105992289618017354718926960820329172003796475586433802846338674903040388758655950143765041187010920370936720156716542226441132 0 0 0 0 0 0 0 0 0 0 0 0 0 0 0 0 0 0 0 0 0 0 0 0 0 0 0 0 0 0 0 0 0 0 0 0 0 0 0 0 0 1 0 0 0 0 0 0 0 0 0 0 0 0 0 0 0 0 0 0 0 0 0 0 0 0 0 0 0 0 0 0 0 0 0 0 0 0 0 0 0 0 0]
[978293433338694908945154618763548251170921544379601458180438898492191280585822140447554701862165200981061039313842469650365824109552735618667359678935487066737462643956896655725000633347430723017206146106651784375527896450871056548925475292745528081020 0 0 0 0 0 0 0 0 0 0 0 0 0 0 0 0 0 0 0 0 0 0 0 0 0 0 0 0 0 0 0 0 0 0 0 0 0 0 0 0 0 0 1 0 0 0 0 0 0 0 0 0 0 0 0 0 0 0 0 0 0 0 0 0 0 0 0 0 0 0 0 0 0 0 0 0 0 0 0 0 0 0 0]
[1763166861259444625656120653333112855160660612565489164092067332627809668864767986710088011121914137974277172114351271743270006467803711891997195721889657737015589692250180148184956263106710849666247818943036534100588819221081376573177156832802723771425 0 0 0 0 0 0 0 0 0 0 0 0 0 0 0 0 0 0 0 0 0 0 0 0 0 0 0 0 0 0 0 0 0 0 0 0 0 0 0 0 0 0 0 1 0 0 0 0 0 0 0 0 0 0 0 0 0 0 0 0 0 0 0 0 0 0 0 0 0 0 0 0 0 0 0 0 0 0 0 0 0 0 0]
[2915735130368857422882981548825183614228394795646099677068959038988427147776231579091693910995209803495503517663553119289381083683885284857057829424240441663389768538734653326912132547732571481093820959313651528303003699132098995905906115278262369523034 0 0 0 0 0 0 0 0 0 0 0 0 0 0 0 0 0 0 0 0 0 0 0 0 0 0 0 0 0 0 0 0 0 0 0 0 0 0 0 0 0 0 0 0 1 0 0 0 0 0 0 0 0 0 0 0 0 0 0 0 0 0 0 0 0 0 0 0 0 0 0 0 0 0 0 0 0 0 0 0 0 0 0]
[2323012171251109141330107694264155634882893618260481104376659278479081745757825161815597389491252083614447192451587787553656183037111723302220470363715491588196438287601272363794618040752265150494263762398622177364989538524825930164925811788071960114695 0 0 0 0 0 0 0 0 0 0 0 0 0 0 0 0 0 0 0 0 0 0 0 0 0 0 0 0 0 0 0 0 0 0 0 0 0 0 0 0 0 0 0 0 0 1 0 0 0 0 0 0 0 0 0 0 0 0 0 0 0 0 0 0 0 0 0 0 0 0 0 0 0 0 0 0 0 0 0 0 0 0 0]
[1945196668636298689589598245851630815455444135552717352875753578839872877707406225855027320291275667794963882563273318328135873451091541646986790050633868745093436356159533413830647149878798706761249117337054622897742406474884289534726366475863273081181 0 0 0 0 0 0 0 0 0 0 0 0 0 0 0 0 0 0 0 0 0 0 0 0 0 0 0 0 0 0 0 0 0 0 0 0 0 0 0 0 0 0 0 0 0 0 1 0 0 0 0 0 0 0 0 0 0 0 0 0 0 0 0 0 0 0 0 0 0 0 0 0 0 0 0 0 0 0 0 0 0 0 0]
[149949409307941085393978540176183838427613420980508437698108598785889558839884463637258685704413477047004431296087368650260358970009098928730637195690000269848998332957264884289761266802829841973062920510832914645195658562998984317552074361699288379387 0 0 0 0 0 0 0 0 0 0 0 0 0 0 0 0 0 0 0 0 0 0 0 0 0 0 0 0 0 0 0 0 0 0 0 0 0 0 0 0 0 0 0 0 0 0 0 1 0 0 0 0 0 0 0 0 0 0 0 0 0 0 0 0 0 0 0 0 0 0 0 0 0 0 0 0 0 0 0 0 0 0 0]
[2667735208585655862890732264402798263786263780342422468678286362208609936662343363835097218820763424448701572777505305701161656311932655766820609530399892300518915921321576496877393148817834857411781483681229115226972925822943951273187809231613519893430 0 0 0 0 0 0 0 0 0 0 0 0 0 0 0 0 0 0 0 0 0 0 0 0 0 0 0 0 0 0 0 0 0 0 0 0 0 0 0 0 0 0 0 0 0 0 0 0 1 0 0 0 0 0 0 0 0 0 0 0 0 0 0 0 0 0 0 0 0 0 0 0 0 0 0 0 0 0 0 0 0 0 0]
[998688415021205000656161321607945414056225010268468526552709145501802087945318159204715207820214330041919680002384789694459848744690310808569387550885589836192007427363955919507887023444407127698109405098559114585627607395368423738949585419439398965103 0 0 0 0 0 0 0 0 0 0 0 0 0 0 0 0 0 0 0 0 0 0 0 0 0 0 0 0 0 0 0 0 0 0 0 0 0 0 0 0 0 0 0 0 0 0 0 0 0 1 0 0 0 0 0 0 0 0 0 0 0 0 0 0 0 0 0 0 0 0 0 0 0 0 0 0 0 0 0 0 0 0 0]
[196394244685431083784497712360685847444965278878190135495584477850099099862236560130238592273646856706465487853585276656163180280959284152158101237954171113052488914642287194552077278441764970817015568339352257100101153878249329475075346633588948111500 0 0 0 0 0 0 0 0 0 0 0 0 0 0 0 0 0 0 0 0 0 0 0 0 0 0 0 0 0 0 0 0 0 0 0 0 0 0 0 0 0 0 0 0 0 0 0 0 0 0 1 0 0 0 0 0 0 0 0 0 0 0 0 0 0 0 0 0 0 0 0 0 0 0 0 0 0 0 0 0 0 0 0]
[3295739755595299765129940974832361734946647671914072729530685104723764570732685935965151824387223212408237172539495676459181584515429067918552516687586621894828908476079439445977756083749355868245302859312475050104900227880657026777524633102728937717685 0 0 0 0 0 0 0 0 0 0 0 0 0 0 0 0 0 0 0 0 0 0 0 0 0 0 0 0 0 0 0 0 0 0 0 0 0 0 0 0 0 0 0 0 0 0 0 0 0 0 0 1 0 0 0 0 0 0 0 0 0 0 0 0 0 0 0 0 0 0 0 0 0 0 0 0 0 0 0 0 0 0 0]
[527387505569879431215696998964522021380892263999612342099734412043515868263735601097929113387032026742383898157713865653871811831343667437784434453468148118628881957918355427410680714161060477471259836140197590064311160373613128964141648206209896171333 0 0 0 0 0 0 0 0 0 0 0 0 0 0 0 0 0 0 0 0 0 0 0 0 0 0 0 0 0 0 0 0 0 0 0 0 0 0 0 0 0 0 0 0 0 0 0 0 0 0 0 0 1 0 0 0 0 0 0 0 0 0 0 0 0 0 0 0 0 0 0 0 0 0 0 0 0 0 0 0 0 0 0]
[3074598036079476277922469207822857889915290075319892383195092938458323864649643984591145356428966269355144522021635342968582346685122116472168036315882397196338898019476334109987559131592024911167606471903251967580053314591354728487883082854423826559747 0 0 0 0 0 0 0 0 0 0 0 0 0 0 0 0 0 0 0 0 0 0 0 0 0 0 0 0 0 0 0 0 0 0 0 0 0 0 0 0 0 0 0 0 0 0 0 0 0 0 0 0 0 1 0 0 0 0 0 0 0 0 0 0 0 0 0 0 0 0 0 0 0 0 0 0 0 0 0 0 0 0 0]
[1108965151915151475693308414093012219107699666114811925435211756805997864194817046584799907339537713723334882282290362252860216737764274680975678188474910268070989416099968098687411475803146964170796440702365858912728787773112563895355966510916154546832 0 0 0 0 0 0 0 0 0 0 0 0 0 0 0 0 0 0 0 0 0 0 0 0 0 0 0 0 0 0 0 0 0 0 0 0 0 0 0 0 0 0 0 0 0 0 0 0 0 0 0 0 0 0 1 0 0 0 0 0 0 0 0 0 0 0 0 0 0 0 0 0 0 0 0 0 0 0 0 0 0 0 0]
[4619421640685520333673398993854934993268436733985962555393826065525414578369963947258778375416449185448391182533215893539486555283143980910847042881967883435786558388780960532856752252878247703351711341561380957794568445014731078564162859800351898484026 0 0 0 0 0 0 0 0 0 0 0 0 0 0 0 0 0 0 0 0 0 0 0 0 0 0 0 0 0 0 0 0 0 0 0 0 0 0 0 0 0 0 0 0 0 0 0 0 0 0 0 0 0 0 0 1 0 0 0 0 0 0 0 0 0 0 0 0 0 0 0 0 0 0 0 0 0 0 0 0 0 0 0]
[3675559153426578079265746691823856356744395687012575418606846914039587010843195647621607240530738686652220938435132774971474610460473667163017548257321836789503773796339127290699383471491188966419303714184059794766685145330772701696498548396415001096841 0 0 0 0 0 0 0 0 0 0 0 0 0 0 0 0 0 0 0 0 0 0 0 0 0 0 0 0 0 0 0 0 0 0 0 0 0 0 0 0 0 0 0 0 0 0 0 0 0 0 0 0 0 0 0 0 1 0 0 0 0 0 0 0 0 0 0 0 0 0 0 0 0 0 0 0 0 0 0 0 0 0 0]
[2554283493337598325316453998699293981758394971801033482282613115566595268112103307319283775357266404281183911768973505052303097434186915200782590282494424793046726933214236369100016491895528715601459470750731495753423366623093180907137892811602101159021 0 0 0 0 0 0 0 0 0 0 0 0 0 0 0 0 0 0 0 0 0 0 0 0 0 0 0 0 0 0 0 0 0 0 0 0 0 0 0 0 0 0 0 0 0 0 0 0 0 0 0 0 0 0 0 0 0 1 0 0 0 0 0 0 0 0 0 0 0 0 0 0 0 0 0 0 0 0 0 0 0 0 0]
[4405312483183444837323016926551275751771030507468899785115094298277383036503612870674885417273633015751657877333383590092452619821664900050173771526611684597523242889230753352510254928487917286789874119316923912247213518893797320580614897974555466912352 0 0 0 0 0 0 0 0 0 0 0 0 0 0 0 0 0 0 0 0 0 0 0 0 0 0 0 0 0 0 0 0 0 0 0 0 0 0 0 0 0 0 0 0 0 0 0 0 0 0 0 0 0 0 0 0 0 0 1 0 0 0 0 0 0 0 0 0 0 0 0 0 0 0 0 0 0 0 0 0 0 0 0]
[1980544418120057842481163175522700946938720684206376829244144579243737260480455796626040846694454215043825707447766566570403252785977919083020069444888898121524474499604779795596774960476459973033976627638016228173978951742585242705026961434011673915614 0 0 0 0 0 0 0 0 0 0 0 0 0 0 0 0 0 0 0 0 0 0 0 0 0 0 0 0 0 0 0 0 0 0 0 0 0 0 0 0 0 0 0 0 0 0 0 0 0 0 0 0 0 0 0 0 0 0 0 1 0 0 0 0 0 0 0 0 0 0 0 0 0 0 0 0 0 0 0 0 0 0 0]
[4499019852989686792043864158526979968941481387536590742949310747858322712761224541850458990981662558555686359625636968654136539990719393191752415662992206489979788703543795537801178298415258655554828898316023347772144741245514168986425412568459061715992 0 0 0 0 0 0 0 0 0 0 0 0 0 0 0 0 0 0 0 0 0 0 0 0 0 0 0 0 0 0 0 0 0 0 0 0 0 0 0 0 0 0 0 0 0 0 0 0 0 0 0 0 0 0 0 0 0 0 0 0 1 0 0 0 0 0 0 0 0 0 0 0 0 0 0 0 0 0 0 0 0 0 0]
[2438811810270382167166147519835328191319897874662213919748317020131221579910936703553909233886903379243505445031108949134143940586895354133865444023648213370633480850091719617361770930111976598510500039780172899088008578415677240588024192912935315673219 0 0 0 0 0 0 0 0 0 0 0 0 0 0 0 0 0 0 0 0 0 0 0 0 0 0 0 0 0 0 0 0 0 0 0 0 0 0 0 0 0 0 0 0 0 0 0 0 0 0 0 0 0 0 0 0 0 0 0 0 0 1 0 0 0 0 0 0 0 0 0 0 0 0 0 0 0 0 0 0 0 0 0]
[3886173723814989524464739673745916904370514333236801275676450963037480856529254201000490534292680551346377512960981254321893496575379224952428461758106369888002032568319948746148241390942609815152401474021140766856701107684742321347544868941236988029869 0 0 0 0 0 0 0 0 0 0 0 0 0 0 0 0 0 0 0 0 0 0 0 0 0 0 0 0 0 0 0 0 0 0 0 0 0 0 0 0 0 0 0 0 0 0 0 0 0 0 0 0 0 0 0 0 0 0 0 0 0 0 1 0 0 0 0 0 0 0 0 0 0 0 0 0 0 0 0 0 0 0 0]
[1918438725671438171358312248753150410498277822784055075145319505759767116681102982208732472348493033066003294920730684491465524484541134155605101981535822475992240389709904803505950146200152288713261669150270447547619503431098924438263967342650654411618 0 0 0 0 0 0 0 0 0 0 0 0 0 0 0 0 0 0 0 0 0 0 0 0 0 0 0 0 0 0 0 0 0 0 0 0 0 0 0 0 0 0 0 0 0 0 0 0 0 0 0 0 0 0 0 0 0 0 0 0 0 0 0 1 0 0 0 0 0 0 0 0 0 0 0 0 0 0 0 0 0 0 0]
[109326595368294347368211048670988426015779087017780104044137759936892302128880167427335999936116004102192135206013274352289004511965845927312150853358695194386186963147239804596656470633252269928881590276041646768625263958303818695344726686545978220496 0 0 0 0 0 0 0 0 0 0 0 0 0 0 0 0 0 0 0 0 0 0 0 0 0 0 0 0 0 0 0 0 0 0 0 0 0 0 0 0 0 0 0 0 0 0 0 0 0 0 0 0 0 0 0 0 0 0 0 0 0 0 0 0 1 0 0 0 0 0 0 0 0 0 0 0 0 0 0 0 0 0 0]
[3807666751611172983588614903985066830149573008701605767699533363699325984621392932690493572506346175238669225174412406440221298686319069443653647135522739269091262261707219267169882112645690942695641454768286652838116075596682670769944143592460896417821 0 0 0 0 0 0 0 0 0 0 0 0 0 0 0 0 0 0 0 0 0 0 0 0 0 0 0 0 0 0 0 0 0 0 0 0 0 0 0 0 0 0 0 0 0 0 0 0 0 0 0 0 0 0 0 0 0 0 0 0 0 0 0 0 0 1 0 0 0 0 0 0 0 0 0 0 0 0 0 0 0 0 0]
[3670223068828255005893009279896671478989161032477303602535613122936404095882882349664330883633179903097222497518315356314909274571857083747768601539153526938388216408574535526804312335369048423867233515357074821844834982185946094173707827016367434699281 0 0 0 0 0 0 0 0 0 0 0 0 0 0 0 0 0 0 0 0 0 0 0 0 0 0 0 0 0 0 0 0 0 0 0 0 0 0 0 0 0 0 0 0 0 0 0 0 0 0 0 0 0 0 0 0 0 0 0 0 0 0 0 0 0 0 1 0 0 0 0 0 0 0 0 0 0 0 0 0 0 0 0]
[2966470632806020418872411116774434294510970330223653727073400517698319765958894128809013026820941569291012957106356912102982603428810233214005456546086442990409745530047643373203080820122658812140144826466096244635900431177173578771411565458721747540545 0 0 0 0 0 0 0 0 0 0 0 0 0 0 0 0 0 0 0 0 0 0 0 0 0 0 0 0 0 0 0 0 0 0 0 0 0 0 0 0 0 0 0 0 0 0 0 0 0 0 0 0 0 0 0 0 0 0 0 0 0 0 0 0 0 0 0 1 0 0 0 0 0 0 0 0 0 0 0 0 0 0 0]
[1875361085033212328514412636881169043185434905858091342696185076249302538956133429270689838036713718627895164011845234152811316371400128170024157285394817006864836564154630545457900397272139337194606409135857866036628977998747576511743911621555217775808 0 0 0 0 0 0 0 0 0 0 0 0 0 0 0 0 0 0 0 0 0 0 0 0 0 0 0 0 0 0 0 0 0 0 0 0 0 0 0 0 0 0 0 0 0 0 0 0 0 0 0 0 0 0 0 0 0 0 0 0 0 0 0 0 0 0 0 0 1 0 0 0 0 0 0 0 0 0 0 0 0 0 0]
[2488915000058727977250836289896959274700279020617561499812964817723499761428154214541307854363619710619866205680513496660162680823303802874031629747305469631765412121807355426962953280181952504900027607510959562107130516619038129407481299761820323924688 0 0 0 0 0 0 0 0 0 0 0 0 0 0 0 0 0 0 0 0 0 0 0 0 0 0 0 0 0 0 0 0 0 0 0 0 0 0 0 0 0 0 0 0 0 0 0 0 0 0 0 0 0 0 0 0 0 0 0 0 0 0 0 0 0 0 0 0 0 1 0 0 0 0 0 0 0 0 0 0 0 0 0]
[3186237630174855814399574099477005803590445913535299850910871732182063177494551392501375710984061367466083122620279827761641805297234136016440163173288573769800433532986004188108164332204479036424171121304360953598639750649835577648777023083507588713909 0 0 0 0 0 0 0 0 0 0 0 0 0 0 0 0 0 0 0 0 0 0 0 0 0 0 0 0 0 0 0 0 0 0 0 0 0 0 0 0 0 0 0 0 0 0 0 0 0 0 0 0 0 0 0 0 0 0 0 0 0 0 0 0 0 0 0 0 0 0 1 0 0 0 0 0 0 0 0 0 0 0 0]
[902088386689065036939021329918556953944891629405053354565630202233818225071207954595777968374131902008601007169441578373762597031769231287617427371314547898322880207626580196905559529137383257009298508195888832511995126718277546567096873787305657768864 0 0 0 0 0 0 0 0 0 0 0 0 0 0 0 0 0 0 0 0 0 0 0 0 0 0 0 0 0 0 0 0 0 0 0 0 0 0 0 0 0 0 0 0 0 0 0 0 0 0 0 0 0 0 0 0 0 0 0 0 0 0 0 0 0 0 0 0 0 0 0 1 0 0 0 0 0 0 0 0 0 0 0]
[2634712953746932743051666241537069832551664044567071590766907119667359445281576249682131718008895480212119454464565958411160353789404562400072459684861816659884436729032563265519900796910446847600343594405336682824970392061293083763896974659065981046 0 0 0 0 0 0 0 0 0 0 0 0 0 0 0 0 0 0 0 0 0 0 0 0 0 0 0 0 0 0 0 0 0 0 0 0 0 0 0 0 0 0 0 0 0 0 0 0 0 0 0 0 0 0 0 0 0 0 0 0 0 0 0 0 0 0 0 0 0 0 0 0 1 0 0 0 0 0 0 0 0 0 0]
[3679337003588766609662290812909538318790783460991830687271789546161335096805416921932600804087027864818622851724349842708761951850614039360638486687393705186135134220821579902828034490589803668597264018585493073015729970342333263335053505135964422743827 0 0 0 0 0 0 0 0 0 0 0 0 0 0 0 0 0 0 0 0 0 0 0 0 0 0 0 0 0 0 0 0 0 0 0 0 0 0 0 0 0 0 0 0 0 0 0 0 0 0 0 0 0 0 0 0 0 0 0 0 0 0 0 0 0 0 0 0 0 0 0 0 0 1 0 0 0 0 0 0 0 0 0]
[4565618178703194786251764602382201033116115628638148156006857771536504177338862854726077749226573651134611936309604433428724450883817011578837498271379629859257848738005187242295411401241558640482599762859603999616552563041055227471680803540446280876930 0 0 0 0 0 0 0 0 0 0 0 0 0 0 0 0 0 0 0 0 0 0 0 0 0 0 0 0 0 0 0 0 0 0 0 0 0 0 0 0 0 0 0 0 0 0 0 0 0 0 0 0 0 0 0 0 0 0 0 0 0 0 0 0 0 0 0 0 0 0 0 0 0 0 1 0 0 0 0 0 0 0 0]
[488597138903329955157581753046602792773051530486786185144251830598050688272149448603082097076536130884578922520376658023952978566845550018394447424174717403687847545376245470509390499333648736612638406965826176159851708078233548225180303040605991548998 0 0 0 0 0 0 0 0 0 0 0 0 0 0 0 0 0 0 0 0 0 0 0 0 0 0 0 0 0 0 0 0 0 0 0 0 0 0 0 0 0 0 0 0 0 0 0 0 0 0 0 0 0 0 0 0 0 0 0 0 0 0 0 0 0 0 0 0 0 0 0 0 0 0 0 1 0 0 0 0 0 0 0]
[487456076217596626404045180033010063135605936445112796050508512404007875739375849806139858498156725520114405945196308992343464274053787457085367726024263866803955058110015791477314574268192709669479074976630420420645487232543337235954503728760743092526 0 0 0 0 0 0 0 0 0 0 0 0 0 0 0 0 0 0 0 0 0 0 0 0 0 0 0 0 0 0 0 0 0 0 0 0 0 0 0 0 0 0 0 0 0 0 0 0 0 0 0 0 0 0 0 0 0 0 0 0 0 0 0 0 0 0 0 0 0 0 0 0 0 0 0 0 1 0 0 0 0 0 0]
[3957237598966036395552593877168908604315689355155431455393837639107507838371048053035826749824821095515117435252125075482835126728694348956726195938435860770607897414795411872780339626962089832498782345660043507417454124819796861533158866547620770210221 0 0 0 0 0 0 0 0 0 0 0 0 0 0 0 0 0 0 0 0 0 0 0 0 0 0 0 0 0 0 0 0 0 0 0 0 0 0 0 0 0 0 0 0 0 0 0 0 0 0 0 0 0 0 0 0 0 0 0 0 0 0 0 0 0 0 0 0 0 0 0 0 0 0 0 0 0 1 0 0 0 0 0]
[2962358791609409464802961747825464935720199922411545934341822993262423833857575429196809330122479902716747956448972241870561575634125348025035502270424239585034003525565291295514807051642227099087557892602592173127157314104428840848458900352651484106704 0 0 0 0 0 0 0 0 0 0 0 0 0 0 0 0 0 0 0 0 0 0 0 0 0 0 0 0 0 0 0 0 0 0 0 0 0 0 0 0 0 0 0 0 0 0 0 0 0 0 0 0 0 0 0 0 0 0 0 0 0 0 0 0 0 0 0 0 0 0 0 0 0 0 0 0 0 0 1 0 0 0 0]
[4097520551355929774053305867271336027785910339730116389034948850403888735196100204439577513047074003864610049225648096139583555467262370145598734088942578656990679264559751339443860564760611943047679270592633962257924875325613872586489528339618699699041 0 0 0 0 0 0 0 0 0 0 0 0 0 0 0 0 0 0 0 0 0 0 0 0 0 0 0 0 0 0 0 0 0 0 0 0 0 0 0 0 0 0 0 0 0 0 0 0 0 0 0 0 0 0 0 0 0 0 0 0 0 0 0 0 0 0 0 0 0 0 0 0 0 0 0 0 0 0 0 1 0 0 0]
[581281254300926753725345615419551387217378940398789068861094459056657981132021127100446676165709948927039777541766114423857851566892245644442495428529680128875910734296567389521957156427914931781790170974975476842630131620859059429752242488582829397535 0 0 0 0 0 0 0 0 0 0 0 0 0 0 0 0 0 0 0 0 0 0 0 0 0 0 0 0 0 0 0 0 0 0 0 0 0 0 0 0 0 0 0 0 0 0 0 0 0 0 0 0 0 0 0 0 0 0 0 0 0 0 0 0 0 0 0 0 0 0 0 0 0 0 0 0 0 0 0 0 1 0 0]
[4158756392374762146974247311350168742161610356771352081870008687949630141298448537152583487406276305641084681468521996767513971951123539196148608521257985507132837659134429992833713107812871968359818075868267851161320866355043855933243709625333299777721 0 0 0 0 0 0 0 0 0 0 0 0 0 0 0 0 0 0 0 0 0 0 0 0 0 0 0 0 0 0 0 0 0 0 0 0 0 0 0 0 0 0 0 0 0 0 0 0 0 0 0 0 0 0 0 0 0 0 0 0 0 0 0 0 0 0 0 0 0 0 0 0 0 0 0 0 0 0 0 0 0 1 0]
[1963041630831895654932964682279638641861084372430125143857526704626197838894132023902596463313520531489709660805323705368974225039487647216469552403892945413538862129434094000831945845975290209711578688215517681003727551536446636333147237241168963733505 0 0 0 0 0 0 0 0 0 0 0 0 0 0 0 0 0 0 0 0 0 0 0 0 0 0 0 0 0 0 0 0 0 0 0 0 0 0 0 0 0 0 0 0 0 0 0 0 0 0 0 0 0 0 0 0 0 0 0 0 0 0 0 0 0 0 0 0 0 0 0 0 0 0 0 0 0 0 0 0 0 0 1]
]
