[[9118651451854864239788311416782127534473722426099069900329240671333839871611053248000871498544090170761865103099044664673867773894095191670797920997718824115103029629210533030134929448427445408605740944004419954796098283292164136331739183257628491707036057842941164696342700375423232414965099201 0 0 0 0 0 0 0 0 0 0 0 0 0 0 0 0 0 0 0 0 0 0 0 0 0 0 0 0 0 0 0 0 0 0 0 0 0 0 0 0 0 0 0 0 0 0 0 0 0 0 0 0 0 0 0 0 0 0 0 0 0 0 0 0 0 0 0 0 0 0 0 0 0 0 0 0 0 0 0 0 0 0 0 0 0 0 0 0 0 0 0 0 0 0 0 0 0]
[4074414618170142287142351252555334917595024923004953159162002799247002382790725707473908705290574415266439836897842614624127023877253888904459167323468522098771195217546649161075529719290057524388265343641613394392402360553905763276151513699442076679639561039984581800378474591541301635221880967 1 0 0 0 0 0 0 0 0 0 0 0 0 0 0 0 0 0 0 0 0 0 0 0 0 0 0 0 0 0 0 0 0 0 0 0 0 0 0 0 0 0 0 0 0 0 0 0 0 0 0 0 0 0 0 0 0 0 0 0 0 0 0 0 0 0 0 0 0 0 0 0 0 0 0 0 0 0 0 0 0 0 0 0 0 0 0 0 0 0 0 0 0 0 0 0 0]
[8464045898795456013276131974418314961758120688305543515823439434555532115227842071750633243633240402843500849847669082721171802666409313794653915282602156216889407715414289145009159919708144658496171093474764943974077728354249673030090982482849036663747331318695658448603504317659081107994202264 0 1 0 0 0 0 0 0 0 0 0 0 0 0 0 0 0 0 0 0 0 0 0 0 0 0 0 0 0 0 0 0 0 0 0 0 0 0 0 0 0 0 0 0 0 0 0 0 0 0 0 0 0 0 0 0 0 0 0 0 0 0 0 0 0 0 0 0 0 0 0 0 0 0 0 0 0 0 0 0 0 0 0 0 0 0 0 0 0 0 0 0 0 0 0 0 0]
[1386894977645510853440371084523298438951261142309916888899725296736346881700264618407721878350764441287056940609410171868098980209943884130257987721663722011121491435156721391950715397216796953076875214525937395891592192696181619467400400318019198852411803853119108498924143607037649107107306458 0 0 1 0 0 0 0 0 0 0 0 0 0 0 0 0 0 0 0 0 0 0 0 0 0 0 0 0 0 0 0 0 0 0 0 0 0 0 0 0 0 0 0 0 0 0 0 0 0 0 0 0 0 0 0 0 0 0 0 0 0 0 0 0 0 0 0 0 0 0 0 0 0 0 0 0 0 0 0 0 0 0 0 0 0 0 0 0 0 0 0 0 0 0 0 0 0]
[8233330090799697368998251776851265713571201971662522563845226479605056634248530007260718113136228783871876734379116033983850034699319416614926321606053292374923758059845012387440696270051075423055128477613175614913621851743805466514041209030185314211687446292366920462949063333325816730577536291 0 0 0 1 0 0 0 0 0 0 0 0 0 0 0 0 0 0 0 0 0 0 0 0 0 0 0 0 0 0 0 0 0 0 0 0 0 0 0 0 0 0 0 0 0 0 0 0 0 0 0 0 0 0 0 0 0 0 0 0 0 0 0 0 0 0 0 0 0 0 0 0 0 0 0 0 0 0 0 0 0 0 0 0 0 0 0 0 0 0 0 0 0 0 0 0 0]
[3319639763024760176758589681503364506088914916287287587463631385914172020884835140330190304605553554608165177520789925247717622300346350697010728401351789484868139242766931852207070929933640828924872720526682011220539473133687769196217649666685123171214651175864997976229209672674675996126842287 0 0 0 0 1 0 0 0 0 0 0 0 0 0 0 0 0 0 0 0 0 0 0 0 0 0 0 0 0 0 0 0 0 0 0 0 0 0 0 0 0 0 0 0 0 0 0 0 0 0 0 0 0 0 0 0 0 0 0 0 0 0 0 0 0 0 0 0 0 0 0 0 0 0 0 0 0 0 0 0 0 0 0 0 0 0 0 0 0 0 0 0 0 0 0 0 0]
[5269130890761998026166833383059003277063471762889515717677887488558819586316504945946952622854243128661178581674938526945392599994529839964718200527464360577304718828709523742030265082677619510687105919797882296980391633501365141087651105461411515994084984403204434543075644911903095575092975112 0 0 0 0 0 1 0 0 0 0 0 0 0 0 0 0 0 0 0 0 0 0 0 0 0 0 0 0 0 0 0 0 0 0 0 0 0 0 0 0 0 0 0 0 0 0 0 0 0 0 0 0 0 0 0 0 0 0 0 0 0 0 0 0 0 0 0 0 0 0 0 0 0 0 0 0 0 0 0 0 0 0 0 0 0 0 0 0 0 0 0 0 0 0 0 0 0]
[4737077895352474228608837376769465124281055803852863042116365751274657885977299238995454586453201866641993536973115214001892461970313641848243244143406962853564642421124039071617865799045088188973083400445604922076474654406794490616053901693759595829806970841240011588506888167800165335220516163 0 0 0 0 0 0 1 0 0 0 0 0 0 0 0 0 0 0 0 0 0 0 0 0 0 0 0 0 0 0 0 0 0 0 0 0 0 0 0 0 0 0 0 0 0 0 0 0 0 0 0 0 0 0 0 0 0 0 0 0 0 0 0 0 0 0 0 0 0 0 0 0 0 0 0 0 0 0 0 0 0 0 0 0 0 0 0 0 0 0 0 0 0 0 0 0 0]
[5017158512181723600619654232479379369241308027661577758893151939567251992781353275575443780599530553882137043425202566029839665771352892219783529686919479076446563419241082678668315019779932604124816070406321559899734532518942985753405667476300865172349943256370033778358937812760041105525993329 0 0 0 0 0 0 0 1 0 0 0 0 0 0 0 0 0 0 0 0 0 0 0 0 0 0 0 0 0 0 0 0 0 0 0 0 0 0 0 0 0 0 0 0 0 0 0 0 0 0 0 0 0 0 0 0 0 0 0 0 0 0 0 0 0 0 0 0 0 0 0 0 0 0 0 0 0 0 0 0 0 0 0 0 0 0 0 0 0 0 0 0 0 0 0 0 0]
[3390693999896729688962011596198663656491631434032030616952046535071340824005986282061644775453828238530101280811626206372540186715190206534081247951534105647599924700822850852071664813888552344607965844401257907554267896408965021059911979632776788032059119847620213582176570577210786801250234645 0 0 0 0 0 0 0 0 1 0 0 0 0 0 0 0 0 0 0 0 0 0 0 0 0 0 0 0 0 0 0 0 0 0 0 0 0 0 0 0 0 0 0 0 0 0 0 0 0 0 0 0 0 0 0 0 0 0 0 0 0 0 0 0 0 0 0 0 0 0 0 0 0 0 0 0 0 0 0 0 0 0 0 0 0 0 0 0 0 0 0 0 0 0 0 0 0]
[6782506207469976530415916315579652026140510196792730174208806203651533826736909529346186277098910117399456347951282821855081083963129693381975974085979392181988979419606674684803930374953022566618445725190101033536382639018160550291599751697727865439467890171460867904740601577080123531688362444 0 0 0 0 0 0 0 0 0 1 0 0 0 0 0 0 0 0 0 0 0 0 0 0 0 0 0 0 0 0 0 0 0 0 0 0 0 0 0 0 0 0 0 0 0 0 0 0 0 0 0 0 0 0 0 0 0 0 0 0 0 0 0 0 0 0 0 0 0 0 0 0 0 0 0 0 0 0 0 0 0 0 0 0 0 0 0 0 0 0 0 0 0 0 0 0 0]
[2766650180177369505665746226071334038640129316413517860192906378905267237708269824206972926752079835398703603074251703107561394399582798348341895723347795894615306243297520931064564122839754687161311672209080324051444953114463573625008209396586658296906692540169128626242916471970500804202877711 0 0 0 0 0 0 0 0 0 0 1 0 0 0 0 0 0 0 0 0 0 0 0 0 0 0 0 0 0 0 0 0 0 0 0 0 0 0 0 0 0 0 0 0 0 0 0 0 0 0 0 0 0 0 0 0 0 0 0 0 0 0 0 0 0 0 0 0 0 0 0 0 0 0 0 0 0 0 0 0 0 0 0 0 0 0 0 0 0 0 0 0 0 0 0 0 0]
[6264341794761792651094708130921345629532412311764650466292066254587476590529872526498902506665018407282941458302954319234628281052505622371846044560867992701369375121188731890165995944855090163191234843442370384690482777900170563903374961206364381637061720005065435127713968295959520774138633871 0 0 0 0 0 0 0 0 0 0 0 1 0 0 0 0 0 0 0 0 0 0 0 0 0 0 0 0 0 0 0 0 0 0 0 0 0 0 0 0 0 0 0 0 0 0 0 0 0 0 0 0 0 0 0 0 0 0 0 0 0 0 0 0 0 0 0 0 0 0 0 0 0 0 0 0 0 0 0 0 0 0 0 0 0 0 0 0 0 0 0 0 0 0 0 0 0]
[8466898127303262246367467111328563604569433917381442669605981776460128991114453254461366620130034720492158046390086121030977639560859261625438903551163755453164816478919438086455019536591713557018364652915801486501461584471237582055202023700378224065719108886765181912687006394546991322989879723 0 0 0 0 0 0 0 0 0 0 0 0 1 0 0 0 0 0 0 0 0 0 0 0 0 0 0 0 0 0 0 0 0 0 0 0 0 0 0 0 0 0 0 0 0 0 0 0 0 0 0 0 0 0 0 0 0 0 0 0 0 0 0 0 0 0 0 0 0 0 0 0 0 0 0 0 0 0 0 0 0 0 0 0 0 0 0 0 0 0 0 0 0 0 0 0 0]
[3231842128166311184919521410686645082803207389698883177338458759812745885011615944484219512470010785518922995009715704202750113727145627176789266662911877168327879020240317783296406741454770903693391047502126751922570272145790457220446150773670288490976182145996264748718922576458619463889089051 0 0 0 0 0 0 0 0 0 0 0 0 0 1 0 0 0 0 0 0 0 0 0 0 0 0 0 0 0 0 0 0 0 0 0 0 0 0 0 0 0 0 0 0 0 0 0 0 0 0 0 0 0 0 0 0 0 0 0 0 0 0 0 0 0 0 0 0 0 0 0 0 0 0 0 0 0 0 0 0 0 0 0 0 0 0 0 0 0 0 0 0 0 0 0 0 0]
[5465531044388025164158084005974510996478466427639209160370183463864351713061674611771485796768148580884862039197873483080267723035812424206985389121556866804529393340463424796020369255542438863053810320907043944023463744259969902656223827017724227745300884619178357915034635407466277904941923335 0 0 0 0 0 0 0 0 0 0 0 0 0 0 1 0 0 0 0 0 0 0 0 0 0 0 0 0 0 0 0 0 0 0 0 0 0 0 0 0 0 0 0 0 0 0 0 0 0 0 0 0 0 0 0 0 0 0 0 0 0 0 0 0 0 0 0 0 0 0 0 0 0 0 0 0 0 0 0 0 0 0 0 0 0 0 0 0 0 0 0 0 0 0 0 0 0]
[2515731969801868803681740003217476400287312030456704919295634326045052930707379363893844239606349910313403960407417320342301944896926398470759545793929887583143237571952982433189417112220221265682199472936492602062720805686227845427559274961703712324833326690593911186139947368442254477228906537 0 0 0 0 0 0 0 0 0 0 0 0 0 0 0 1 0 0 0 0 0 0 0 0 0 0 0 0 0 0 0 0 0 0 0 0 0 0 0 0 0 0 0 0 0 0 0 0 0 0 0 0 0 0 0 0 0 0 0 0 0 0 0 0 0 0 0 0 0 0 0 0 0 0 0 0 0 0 0 0 0 0 0 0 0 0 0 0 0 0 0 0 0 0 0 0 0]
[5086929071212212626773002466522609556026861040583958198315123418595145759179310612691513711536989009040293057704551164234286043976922917166109230763460561808115854747548101976696620305651670025261519882270639225008637300563135096847958935655930975945869572724315576006914103986407144091366768254 0 0 0 0 0 0 0 0 0 0 0 0 0 0 0 0 1 0 0 0 0 0 0 0 0 0 0 0 0 0 0 0 0 0 0 0 0 0 0 0 0 0 0 0 0 0 0 0 0 0 0 0 0 0 0 0 0 0 0 0 0 0 0 0 0 0 0 0 0 0 0 0 0 0 0 0 0 0 0 0 0 0 0 0 0 0 0 0 0 0 0 0 0 0 0 0 0]
[2057796805092593858037509282143249896276330220082271168692425948021468866421896635180593060237757113266830959178614662822271524227882030947823810220427532946174800075136859135429691037860505557875341735411992078754729060318144514811961441114623050881747864200639284051558196249942568087771050929 0 0 0 0 0 0 0 0 0 0 0 0 0 0 0 0 0 1 0 0 0 0 0 0 0 0 0 0 0 0 0 0 0 0 0 0 0 0 0 0 0 0 0 0 0 0 0 0 0 0 0 0 0 0 0 0 0 0 0 0 0 0 0 0 0 0 0 0 0 0 0 0 0 0 0 0 0 0 0 0 0 0 0 0 0 0 0 0 0 0 0 0 0 0 0 0 0]
[7754516452034177328614131918663712609445176266369713024284806240698890441476699908643683168782925733719957866065935867513149317453851083517265706454248288670666945749917380987755457080439010634511913010838473419941597424737269513342554305423641303730312896252416896070414704135098214375463459321 0 0 0 0 0 0 0 0 0 0 0 0 0 0 0 0 0 0 1 0 0 0 0 0 0 0 0 0 0 0 0 0 0 0 0 0 0 0 0 0 0 0 0 0 0 0 0 0 0 0 0 0 0 0 0 0 0 0 0 0 0 0 0 0 0 0 0 0 0 0 0 0 0 0 0 0 0 0 0 0 0 0 0 0 0 0 0 0 0 0 0 0 0 0 0 0 0]
[2008221828975844212072914877954282162067729627153957907940435640470737241387531354796002059829546458338759833451883123176001089604978214248850985171906957334806875011733616956123867590809985649549690951334305614734144119054729339014725751895601394736282936906660108827499919382792995113336818599 0 0 0 0 0 0 0 0 0 0 0 0 0 0 0 0 0 0 0 1 0 0 0 0 0 0 0 0 0 0 0 0 0 0 0 0 0 0 0 0 0 0 0 0 0 0 0 0 0 0 0 0 0 0 0 0 0 0 0 0 0 0 0 0 0 0 0 0 0 0 0 0 0 0 0 0 0 0 0 0 0 0 0 0 0 0 0 0 0 0 0 0 0 0 0 0 0]
[6682626035464140486536302962750672383654137151772010192645981172205323049657988916340047079359215740065303378095285962361385841855114688031674228496032930272844686923699573057301291145857094114716987647516978547650638214497327787734082417593729841605024102866981561910231594579286638276912112229 0 0 0 0 0 0 0 0 0 0 0 0 0 0 0 0 0 0 0 0 1 0 0 0 0 0 0 0 0 0 0 0 0 0 0 0 0 0 0 0 0 0 0 0 0 0 0 0 0 0 0 0 0 0 0 0 0 0 0 0 0 0 0 0 0 0 0 0 0 0 0 0 0 0 0 0 0 0 0 0 0 0 0 0 0 0 0 0 0 0 0 0 0 0 0 0 0]
[1748423761692899834169332636913473457865703549483797889444196984156923052643639733459886125061674788025222503846387713262967455886322246216572994971804960707261173550926763693906132819831635243501928854078951859694202434760944259123718655065021259176670023097400171688710132696712684274278671861 0 0 0 0 0 0 0 0 0 0 0 0 0 0 0 0 0 0 0 0 0 1 0 0 0 0 0 0 0 0 0 0 0 0 0 0 0 0 0 0 0 0 0 0 0 0 0 0 0 0 0 0 0 0 0 0 0 0 0 0 0 0 0 0 0 0 0 0 0 0 0 0 0 0 0 0 0 0 0 0 0 0 0 0 0 0 0 0 0 0 0 0 0 0 0 0 0]
[467623995449367907360786012271375052220366429200462974223150761969279041225814600410811739538114354933904808744432841654132245963310636358944965504102877332350838491476304035984378698187463574923887121306414606393934920496920636255406324153145513314007164399415125352419450589413715815923900712 0 0 0 0 0 0 0 0 0 0 0 0 0 0 0 0 0 0 0 0 0 0 1 0 0 0 0 0 0 0 0 0 0 0 0 0 0 0 0 0 0 0 0 0 0 0 0 0 0 0 0 0 0 0 0 0 0 0 0 0 0 0 0 0 0 0 0 0 0 0 0 0 0 0 0 0 0 0 0 0 0 0 0 0 0 0 0 0 0 0 0 0 0 0 0 0 0]
[2416891763930089771071219012172162071373454860493166173506105299385211867614028423549996904862222745041430410397430852894410676601924648300795134278756072457826017798033324124924623115404064924257290897364316926492109352646154765297549448375940846255147597622151760807277543632432751935716626864 0 0 0 0 0 0 0 0 0 0 0 0 0 0 0 0 0 0 0 0 0 0 0 1 0 0 0 0 0 0 0 0 0 0 0 0 0 0 0 0 0 0 0 0 0 0 0 0 0 0 0 0 0 0 0 0 0 0 0 0 0 0 0 0 0 0 0 0 0 0 0 0 0 0 0 0 0 0 0 0 0 0 0 0 0 0 0 0 0 0 0 0 0 0 0 0 0]
[423688778402028228934734674087178505005749908821247317848454211704068811239409238669940138593571586688551073708986728436883440758651446618335504809393718668579357552599672664955063586442617427734065818869414466254579029154999413650009177866750401861174343188650647253281282515946103955298169028 0 0 0 0 0 0 0 0 0 0 0 0 0 0 0 0 0 0 0 0 0 0 0 0 1 0 0 0 0 0 0 0 0 0 0 0 0 0 0 0 0 0 0 0 0 0 0 0 0 0 0 0 0 0 0 0 0 0 0 0 0 0 0 0 0 0 0 0 0 0 0 0 0 0 0 0 0 0 0 0 0 0 0 0 0 0 0 0 0 0 0 0 0 0 0 0 0]
[3654453748961102552746274050708206659120522410754810392867150825021186558882675351640839371211353188076480192332141413096099704964950282434496586790960294321523679013676478321090815446688064615712012800392299663057497231241902916997527677648212523868908960704080419891402665719285344932325184981 0 0 0 0 0 0 0 0 0 0 0 0 0 0 0 0 0 0 0 0 0 0 0 0 0 1 0 0 0 0 0 0 0 0 0 0 0 0 0 0 0 0 0 0 0 0 0 0 0 0 0 0 0 0 0 0 0 0 0 0 0 0 0 0 0 0 0 0 0 0 0 0 0 0 0 0 0 0 0 0 0 0 0 0 0 0 0 0 0 0 0 0 0 0 0 0 0]
[6711720539432437108573616065728154248934501578153428227471747437850430774831915274873691301429564239838843362069987514188611445771974378761210507046472145075911696079380500525561273674592838683140386366010724126029560430216246326403769453974858470587574585217001642072515945575444946471871336093 0 0 0 0 0 0 0 0 0 0 0 0 0 0 0 0 0 0 0 0 0 0 0 0 0 0 1 0 0 0 0 0 0 0 0 0 0 0 0 0 0 0 0 0 0 0 0 0 0 0 0 0 0 0 0 0 0 0 0 0 0 0 0 0 0 0 0 0 0 0 0 0 0 0 0 0 0 0 0 0 0 0 0 0 0 0 0 0 0 0 0 0 0 0 0 0 0]
[8017530397847877587673796952835363150176526566368725981763460148914937005103571581426801522642289469313352661880830716585341407002604099879353952812701723383930698801893015899981419650031883077339189606523462732043416151065657084834968074969799254685106737508145678657237882687751378190479071553 0 0 0 0 0 0 0 0 0 0 0 0 0 0 0 0 0 0 0 0 0 0 0 0 0 0 0 1 0 0 0 0 0 0 0 0 0 0 0 0 0 0 0 0 0 0 0 0 0 0 0 0 0 0 0 0 0 0 0 0 0 0 0 0 0 0 0 0 0 0 0 0 0 0 0 0 0 0 0 0 0 0 0 0 0 0 0 0 0 0 0 0 0 0 0 0 0]
[7725478168683438135879486606148097923274684817260071323887017480281044992574879440511627541728369220341736854382251661394489244649740935972399801584359568611972378761973615853556854632199514577322468725440295440837731574051516847202324449137594942202070267560813407338392182214899389716521904029 0 0 0 0 0 0 0 0 0 0 0 0 0 0 0 0 0 0 0 0 0 0 0 0 0 0 0 0 1 0 0 0 0 0 0 0 0 0 0 0 0 0 0 0 0 0 0 0 0 0 0 0 0 0 0 0 0 0 0 0 0 0 0 0 0 0 0 0 0 0 0 0 0 0 0 0 0 0 0 0 0 0 0 0 0 0 0 0 0 0 0 0 0 0 0 0 0]
[8278158928075374914510278577123124287934069041237819440294795717998520365367463861474612394418274161019248019328061897652226739436375377900563703856385885738248086795477854779236315826222743660574277809467960826197191493988763289185417575458643953304130777884602690292821740272512613575801139539 0 0 0 0 0 0 0 0 0 0 0 0 0 0 0 0 0 0 0 0 0 0 0 0 0 0 0 0 0 1 0 0 0 0 0 0 0 0 0 0 0 0 0 0 0 0 0 0 0 0 0 0 0 0 0 0 0 0 0 0 0 0 0 0 0 0 0 0 0 0 0 0 0 0 0 0 0 0 0 0 0 0 0 0 0 0 0 0 0 0 0 0 0 0 0 0 0]
[3225016352074182486083856291394918574866430252907403301797977688341020688196707416831872310424066651062005644123733804543944299562430815132431174709817454854329633016050056613870788991261897279872340172196586418187616569700170203580166697514821568743856974965942520513515230163344257266208257720 0 0 0 0 0 0 0 0 0 0 0 0 0 0 0 0 0 0 0 0 0 0 0 0 0 0 0 0 0 0 1 0 0 0 0 0 0 0 0 0 0 0 0 0 0 0 0 0 0 0 0 0 0 0 0 0 0 0 0 0 0 0 0 0 0 0 0 0 0 0 0 0 0 0 0 0 0 0 0 0 0 0 0 0 0 0 0 0 0 0 0 0 0 0 0 0 0]
[600719287369333217103369696681732863926265229116089335730171692963102140501335212231229182492738087288192084991745902164646431323124585524695102585425288996835305149044923017991858923843082026521636843347846471162554021323808314584702203889510291729617173671069558894422557932114387015461352659 0 0 0 0 0 0 0 0 0 0 0 0 0 0 0 0 0 0 0 0 0 0 0 0 0 0 0 0 0 0 0 1 0 0 0 0 0 0 0 0 0 0 0 0 0 0 0 0 0 0 0 0 0 0 0 0 0 0 0 0 0 0 0 0 0 0 0 0 0 0 0 0 0 0 0 0 0 0 0 0 0 0 0 0 0 0 0 0 0 0 0 0 0 0 0 0 0]
[7087003947184480483146150900280690576041147810719854272088785594623907425709765828170365879825896907919098695317260559267008086583598935843121507488988424011742450010156539017083113867305365078753847668559890200063795134266183030457701910354671083343686386885479935834583014175088059408168496098 0 0 0 0 0 0 0 0 0 0 0 0 0 0 0 0 0 0 0 0 0 0 0 0 0 0 0 0 0 0 0 0 1 0 0 0 0 0 0 0 0 0 0 0 0 0 0 0 0 0 0 0 0 0 0 0 0 0 0 0 0 0 0 0 0 0 0 0 0 0 0 0 0 0 0 0 0 0 0 0 0 0 0 0 0 0 0 0 0 0 0 0 0 0 0 0 0]
[850602185471213686056177854718581650077376599460066025480266135086398309929579851617113409349653987030986322219578113533214112678165861159257621541026513317212272132482727539931200844795206210479915092553165437739988344464225981925244791761489623897970014303372620751150036618604271279269157586 0 0 0 0 0 0 0 0 0 0 0 0 0 0 0 0 0 0 0 0 0 0 0 0 0 0 0 0 0 0 0 0 0 1 0 0 0 0 0 0 0 0 0 0 0 0 0 0 0 0 0 0 0 0 0 0 0 0 0 0 0 0 0 0 0 0 0 0 0 0 0 0 0 0 0 0 0 0 0 0 0 0 0 0 0 0 0 0 0 0 0 0 0 0 0 0 0]
[2065957242145432959346389381077259468442959225789337928063346870996223893908227399481672496516599173333911045328083685118105616712083165789070084919982371845481356593268403698780997649006853960536715108395237329318773983662956795592854626324985848637338518488994584435729276041424405690487401131 0 0 0 0 0 0 0 0 0 0 0 0 0 0 0 0 0 0 0 0 0 0 0 0 0 0 0 0 0 0 0 0 0 0 1 0 0 0 0 0 0 0 0 0 0 0 0 0 0 0 0 0 0 0 0 0 0 0 0 0 0 0 0 0 0 0 0 0 0 0 0 0 0 0 0 0 0 0 0 0 0 0 0 0 0 0 0 0 0 0 0 0 0 0 0 0 0]
[339953164398852232590869134462464237936728650797109633681029587812707904526928360890507659712297717879748609373441789904012612901801541735599365886277409892156443935968773901719106045912327092078097341323145667029910755347099556337289439904845047217762923207071030889123387810904894121314718890 0 0 0 0 0 0 0 0 0 0 0 0 0 0 0 0 0 0 0 0 0 0 0 0 0 0 0 0 0 0 0 0 0 0 0 1 0 0 0 0 0 0 0 0 0 0 0 0 0 0 0 0 0 0 0 0 0 0 0 0 0 0 0 0 0 0 0 0 0 0 0 0 0 0 0 0 0 0 0 0 0 0 0 0 0 0 0 0 0 0 0 0 0 0 0 0 0]
[8347081311135134854119377273142600952590099339524523049776382423146785642744081212622377052859952828322027111048301022755138877965865611409624780998857136305259736606596083437407912307770567115838602592825375368777134526686469060784390833415843492394057532931187813648728217878252639873358802295 0 0 0 0 0 0 0 0 0 0 0 0 0 0 0 0 0 0 0 0 0 0 0 0 0 0 0 0 0 0 0 0 0 0 0 0 1 0 0 0 0 0 0 0 0 0 0 0 0 0 0 0 0 0 0 0 0 0 0 0 0 0 0 0 0 0 0 0 0 0 0 0 0 0 0 0 0 0 0 0 0 0 0 0 0 0 0 0 0 0 0 0 0 0 0 0 0]
[389721773183802062440496703259590444048722614721062498858437614925899850435515007591947750289193344909175324793774137199871529280388477457798899561254457062688501403342193081262726971924956665992476464521979789394723177890314657350738115397311862758570547143105276902354162780478142580233401372 0 0 0 0 0 0 0 0 0 0 0 0 0 0 0 0 0 0 0 0 0 0 0 0 0 0 0 0 0 0 0 0 0 0 0 0 0 1 0 0 0 0 0 0 0 0 0 0 0 0 0 0 0 0 0 0 0 0 0 0 0 0 0 0 0 0 0 0 0 0 0 0 0 0 0 0 0 0 0 0 0 0 0 0 0 0 0 0 0 0 0 0 0 0 0 0 0]
[6347701183018760734401794915109383921311176109370784080277486047285949200024736695078762361206787330448508509116318126958340913599080036910317786535667932552056333736579717740777767384465450052763715696889472265186050775005586412410682661814615753919349980055865482594068343301652677296327192759 0 0 0 0 0 0 0 0 0 0 0 0 0 0 0 0 0 0 0 0 0 0 0 0 0 0 0 0 0 0 0 0 0 0 0 0 0 0 1 0 0 0 0 0 0 0 0 0 0 0 0 0 0 0 0 0 0 0 0 0 0 0 0 0 0 0 0 0 0 0 0 0 0 0 0 0 0 0 0 0 0 0 0 0 0 0 0 0 0 0 0 0 0 0 0 0 0]
[856091051978987577077035280659891077432248979125425045856997651830495248379646823372842062153158418471955959804721208604155572029915566784403459708719815774843982190533800707103880432001862813030046616891452433599668583809400093389192123696268459855621071551936178082171063196108193639737515338 0 0 0 0 0 0 0 0 0 0 0 0 0 0 0 0 0 0 0 0 0 0 0 0 0 0 0 0 0 0 0 0 0 0 0 0 0 0 0 1 0 0 0 0 0 0 0 0 0 0 0 0 0 0 0 0 0 0 0 0 0 0 0 0 0 0 0 0 0 0 0 0 0 0 0 0 0 0 0 0 0 0 0 0 0 0 0 0 0 0 0 0 0 0 0 0 0]
[241571984278543562199134487814023282898713421622158324386136986564842850418006875543899253581333753649753063306981105745283670461562117349268513799472136623152331278077490874919702255810803960527501608402174296308867796082446371422535808957247478633723926241296901021374695272753607147839504520 0 0 0 0 0 0 0 0 0 0 0 0 0 0 0 0 0 0 0 0 0 0 0 0 0 0 0 0 0 0 0 0 0 0 0 0 0 0 0 0 1 0 0 0 0 0 0 0 0 0 0 0 0 0 0 0 0 0 0 0 0 0 0 0 0 0 0 0 0 0 0 0 0 0 0 0 0 0 0 0 0 0 0 0 0 0 0 0 0 0 0 0 0 0 0 0 0]
[4317459775004520502075493219821016976886356391245388648966462218539620584273747727537938727226301667632835422279427435948768843018095614669025276445062325071232635908910874832567987811458855589893449017606998006214923158566491395951418768031565416812951145613486263933747236253570158996013697849 0 0 0 0 0 0 0 0 0 0 0 0 0 0 0 0 0 0 0 0 0 0 0 0 0 0 0 0 0 0 0 0 0 0 0 0 0 0 0 0 0 1 0 0 0 0 0 0 0 0 0 0 0 0 0 0 0 0 0 0 0 0 0 0 0 0 0 0 0 0 0 0 0 0 0 0 0 0 0 0 0 0 0 0 0 0 0 0 0 0 0 0 0 0 0 0 0]
[6078919329340466553494149757143040660770005330594666805141551726745150720823135574904710393010976062359684499319940667692796014850404918171310780001228265492385245103338477288285914680480849237989785263182660032502253288612665717426739103900051442733557872283312667879213250339309413468143444847 0 0 0 0 0 0 0 0 0 0 0 0 0 0 0 0 0 0 0 0 0 0 0 0 0 0 0 0 0 0 0 0 0 0 0 0 0 0 0 0 0 0 1 0 0 0 0 0 0 0 0 0 0 0 0 0 0 0 0 0 0 0 0 0 0 0 0 0 0 0 0 0 0 0 0 0 0 0 0 0 0 0 0 0 0 0 0 0 0 0 0 0 0 0 0 0 0]
[3198062245291590558601762716053886144990722962256767691124765685013243761134484713300764751598175896878464609819048930035921245269657858012092093715895433763940135485901989899810972730107589636682863075123844058232697961937472472831081912118460009785091484232191169844063232551327056519764895630 0 0 0 0 0 0 0 0 0 0 0 0 0 0 0 0 0 0 0 0 0 0 0 0 0 0 0 0 0 0 0 0 0 0 0 0 0 0 0 0 0 0 0 1 0 0 0 0 0 0 0 0 0 0 0 0 0 0 0 0 0 0 0 0 0 0 0 0 0 0 0 0 0 0 0 0 0 0 0 0 0 0 0 0 0 0 0 0 0 0 0 0 0 0 0 0 0]
[3425049484759658204439348973077191535095124696943527501599933138918585653829623285960317979412069312709597479952213145825829989533935265880749266387719927350475905456963748391671296764032240729570651121423967357757332066840451494310012541332028134815988806841625252342910517444065959313984889451 0 0 0 0 0 0 0 0 0 0 0 0 0 0 0 0 0 0 0 0 0 0 0 0 0 0 0 0 0 0 0 0 0 0 0 0 0 0 0 0 0 0 0 0 1 0 0 0 0 0 0 0 0 0 0 0 0 0 0 0 0 0 0 0 0 0 0 0 0 0 0 0 0 0 0 0 0 0 0 0 0 0 0 0 0 0 0 0 0 0 0 0 0 0 0 0 0]
[7704615012328198993039914862964812057780183368231451958559296915641081285373664660224863061247482085597213419186407098205254221641976671864578828552604985646829172180873185889122856122665899528201765683089601591549228008327900847456919663502139191284771444945811239606213252823361821087961939592 0 0 0 0 0 0 0 0 0 0 0 0 0 0 0 0 0 0 0 0 0 0 0 0 0 0 0 0 0 0 0 0 0 0 0 0 0 0 0 0 0 0 0 0 0 1 0 0 0 0 0 0 0 0 0 0 0 0 0 0 0 0 0 0 0 0 0 0 0 0 0 0 0 0 0 0 0 0 0 0 0 0 0 0 0 0 0 0 0 0 0 0 0 0 0 0 0]
[7217353839876569061047261701545325737617767793921132680053977814419620249776878199931451942806251424955437700528553216885310605282005490767598487949746246174056599373474047654163337965712872158856756969841740351868248913112851976302477177767851935806431598704476593672750100515657737787878914444 0 0 0 0 0 0 0 0 0 0 0 0 0 0 0 0 0 0 0 0 0 0 0 0 0 0 0 0 0 0 0 0 0 0 0 0 0 0 0 0 0 0 0 0 0 0 1 0 0 0 0 0 0 0 0 0 0 0 0 0 0 0 0 0 0 0 0 0 0 0 0 0 0 0 0 0 0 0 0 0 0 0 0 0 0 0 0 0 0 0 0 0 0 0 0 0 0]
[1566794917487250354641419573813775625933861180227946648974450429671946740488077401423019418729521177996373377044706671744363527111432507400735289183133596857633679920062284079145374094179226984461547052901607757807710174518886864123196868607164154298948448151423877200923896424688792116496643519 0 0 0 0 0 0 0 0 0 0 0 0 0 0 0 0 0 0 0 0 0 0 0 0 0 0 0 0 0 0 0 0 0 0 0 0 0 0 0 0 0 0 0 0 0 0 0 1 0 0 0 0 0 0 0 0 0 0 0 0 0 0 0 0 0 0 0 0 0 0 0 0 0 0 0 0 0 0 0 0 0 0 0 0 0 0 0 0 0 0 0 0 0 0 0 0 0]
[45817435880689863280402211862506212169095932686048103578861176817976696945503045305181107410400045152461301509988282089240015332353442746760936760760097235059645739983296212961719467141246150949209868525416157425314263469188952434875444385803421688032481558450884793283976943881073239155919193 0 0 0 0 0 0 0 0 0 0 0 0 0 0 0 0 0 0 0 0 0 0 0 0 0 0 0 0 0 0 0 0 0 0 0 0 0 0 0 0 0 0 0 0 0 0 0 0 1 0 0 0 0 0 0 0 0 0 0 0 0 0 0 0 0 0 0 0 0 0 0 0 0 0 0 0 0 0 0 0 0 0 0 0 0 0 0 0 0 0 0 0 0 0 0 0 0]
[7078448693121533501072361361648440935573722647024796676575913713966957191755330109257657402664984923534792257629706650609175888379474097844765662039089543115400290924568122124848524593803008266406496637114322810210889422540863255093562487114392202637325544942377570302805372598932277496936018068 0 0 0 0 0 0 0 0 0 0 0 0 0 0 0 0 0 0 0 0 0 0 0 0 0 0 0 0 0 0 0 0 0 0 0 0 0 0 0 0 0 0 0 0 0 0 0 0 0 1 0 0 0 0 0 0 0 0 0 0 0 0 0 0 0 0 0 0 0 0 0 0 0 0 0 0 0 0 0 0 0 0 0 0 0 0 0 0 0 0 0 0 0 0 0 0 0]
[5354209691886359087422510003244804797545690222020229073265982620082330289382164373152418648181782711707301565402557963433535030775856056283322113584221990350455688179347122601226828345209953487137009845360709876249233950190597135584872135354942624485633712617325575407827797816449963570808306382 0 0 0 0 0 0 0 0 0 0 0 0 0 0 0 0 0 0 0 0 0 0 0 0 0 0 0 0 0 0 0 0 0 0 0 0 0 0 0 0 0 0 0 0 0 0 0 0 0 0 1 0 0 0 0 0 0 0 0 0 0 0 0 0 0 0 0 0 0 0 0 0 0 0 0 0 0 0 0 0 0 0 0 0 0 0 0 0 0 0 0 0 0 0 0 0 0]
[3437894208600786694069823084897413519085356810568847027884841987989863933296225389307569588544454866920967807705625214175279236268958576090117315339658121734101694435681088891622438187568313725011421623780852909227124711744790839250617036317019861571904152975459800901300768728844890927802664344 0 0 0 0 0 0 0 0 0 0 0 0 0 0 0 0 0 0 0 0 0 0 0 0 0 0 0 0 0 0 0 0 0 0 0 0 0 0 0 0 0 0 0 0 0 0 0 0 0 0 0 1 0 0 0 0 0 0 0 0 0 0 0 0 0 0 0 0 0 0 0 0 0 0 0 0 0 0 0 0 0 0 0 0 0 0 0 0 0 0 0 0 0 0 0 0 0]
[392860591881394121464648777817111725645605597004495727957305991199697349213386785897169168117328845599438178558791542698209521672126652049536276425751366524944558776140422562931565814777342245082709226508632307633285685313645744678024296308019155523037392096537424118149720671930769240548028405 0 0 0 0 0 0 0 0 0 0 0 0 0 0 0 0 0 0 0 0 0 0 0 0 0 0 0 0 0 0 0 0 0 0 0 0 0 0 0 0 0 0 0 0 0 0 0 0 0 0 0 0 1 0 0 0 0 0 0 0 0 0 0 0 0 0 0 0 0 0 0 0 0 0 0 0 0 0 0 0 0 0 0 0 0 0 0 0 0 0 0 0 0 0 0 0 0]
[7946497631827493263535227610962686780904806369136091293154235405334910326776085165418456537579562851868216991250789991725509330699495902362264289506811713950752718893750479210212314559338864147530937233696308613660124015148291328461392717363423628369123296069619044390084955953587838805364569795 0 0 0 0 0 0 0 0 0 0 0 0 0 0 0 0 0 0 0 0 0 0 0 0 0 0 0 0 0 0 0 0 0 0 0 0 0 0 0 0 0 0 0 0 0 0 0 0 0 0 0 0 0 1 0 0 0 0 0 0 0 0 0 0 0 0 0 0 0 0 0 0 0 0 0 0 0 0 0 0 0 0 0 0 0 0 0 0 0 0 0 0 0 0 0 0 0]
[8753094987981865516227252513983904150894853113972149928348103727824534494657165682681323556103797308739436529009569909750952157927509489054542257602704935758851019282659180463592338746429822230689966571262641350911538947214605723933317732163442026834629377289313571402359248931690137757232436722 0 0 0 0 0 0 0 0 0 0 0 0 0 0 0 0 0 0 0 0 0 0 0 0 0 0 0 0 0 0 0 0 0 0 0 0 0 0 0 0 0 0 0 0 0 0 0 0 0 0 0 0 0 0 1 0 0 0 0 0 0 0 0 0 0 0 0 0 0 0 0 0 0 0 0 0 0 0 0 0 0 0 0 0 0 0 0 0 0 0 0 0 0 0 0 0 0]
[9006060183845200758843605919211137334465168869773161214518121315986628797014405980807024010389166643984831310637133502730030018931140362434485585382434142176173556667370662418087574150468210177171875164677693041732105429604194041108777361925478597310208588330719963243876796480470366636484553234 0 0 0 0 0 0 0 0 0 0 0 0 0 0 0 0 0 0 0 0 0 0 0 0 0 0 0 0 0 0 0 0 0 0 0 0 0 0 0 0 0 0 0 0 0 0 0 0 0 0 0 0 0 0 0 1 0 0 0 0 0 0 0 0 0 0 0 0 0 0 0 0 0 0 0 0 0 0 0 0 0 0 0 0 0 0 0 0 0 0 0 0 0 0 0 0 0]
[1024371201629584794221148608387077438673089466048315620876676754411676722013001994218095343870535048092636826991496155163071635690336032779632420089174370675951431373641076980574714701628140519067598953980186231990835004860159152987380728855699046541851444309288961304628001898497115715948308699 0 0 0 0 0 0 0 0 0 0 0 0 0 0 0 0 0 0 0 0 0 0 0 0 0 0 0 0 0 0 0 0 0 0 0 0 0 0 0 0 0 0 0 0 0 0 0 0 0 0 0 0 0 0 0 0 1 0 0 0 0 0 0 0 0 0 0 0 0 0 0 0 0 0 0 0 0 0 0 0 0 0 0 0 0 0 0 0 0 0 0 0 0 0 0 0 0]
[8281157474754189692003858690246488607447043432501076508768261590393970583354353912675661641057971664481075081686173894465011625228955484969716635401299267828574996917954315711405279307055800463679944712013375714648982505635079636363694866286248601503028306107807167899180045326525166897534458919 0 0 0 0 0 0 0 0 0 0 0 0 0 0 0 0 0 0 0 0 0 0 0 0 0 0 0 0 0 0 0 0 0 0 0 0 0 0 0 0 0 0 0 0 0 0 0 0 0 0 0 0 0 0 0 0 0 1 0 0 0 0 0 0 0 0 0 0 0 0 0 0 0 0 0 0 0 0 0 0 0 0 0 0 0 0 0 0 0 0 0 0 0 0 0 0 0]
[3651810389549100925829682544025161760570235707612371155501557321100371828234910527513730505526947649948491332339466111704469702056104006887271763152889966875184757487525606758139638014095435148611328605070541269095378169899710114079029378880082260562994558619929747572559045759997368299244678629 0 0 0 0 0 0 0 0 0 0 0 0 0 0 0 0 0 0 0 0 0 0 0 0 0 0 0 0 0 0 0 0 0 0 0 0 0 0 0 0 0 0 0 0 0 0 0 0 0 0 0 0 0 0 0 0 0 0 1 0 0 0 0 0 0 0 0 0 0 0 0 0 0 0 0 0 0 0 0 0 0 0 0 0 0 0 0 0 0 0 0 0 0 0 0 0 0]
[5879897421241369191091605999799170310370616524362568303337671384510452970230974159558453801329548672543548657818411035379792913982330441960618052198321469043892001882982987466028866641416306646594696626503139179451868611780264118602756705046583411285633839197586288882247458645816890303878964097 0 0 0 0 0 0 0 0 0 0 0 0 0 0 0 0 0 0 0 0 0 0 0 0 0 0 0 0 0 0 0 0 0 0 0 0 0 0 0 0 0 0 0 0 0 0 0 0 0 0 0 0 0 0 0 0 0 0 0 1 0 0 0 0 0 0 0 0 0 0 0 0 0 0 0 0 0 0 0 0 0 0 0 0 0 0 0 0 0 0 0 0 0 0 0 0 0]
[1512338416431739847658851752197961898018201667165457851981709185093062504463217390596412214494761744351414079520763791545448830414616104434697784144495328668141173613980740179954134136046885027070060037717679480797036986150033063633706700032595199165142894121568314536720568378195239940805256418 0 0 0 0 0 0 0 0 0 0 0 0 0 0 0 0 0 0 0 0 0 0 0 0 0 0 0 0 0 0 0 0 0 0 0 0 0 0 0 0 0 0 0 0 0 0 0 0 0 0 0 0 0 0 0 0 0 0 0 0 1 0 0 0 0 0 0 0 0 0 0 0 0 0 0 0 0 0 0 0 0 0 0 0 0 0 0 0 0 0 0 0 0 0 0 0 0]
[5283454913213673839097600060064839678624565953897164755477263444465382748918730409435568102713442394859752727738646523517872851339665565930031617550253540999079546723788528617536818714025012606352215893592602582054009354037690262818761993096927805290208053917492160249609043877264427373680358703 0 0 0 0 0 0 0 0 0 0 0 0 0 0 0 0 0 0 0 0 0 0 0 0 0 0 0 0 0 0 0 0 0 0 0 0 0 0 0 0 0 0 0 0 0 0 0 0 0 0 0 0 0 0 0 0 0 0 0 0 0 1 0 0 0 0 0 0 0 0 0 0 0 0 0 0 0 0 0 0 0 0 0 0 0 0 0 0 0 0 0 0 0 0 0 0 0]
[1579297656267761971972940199075146046875262751663552327638462211529021114798185323657086813649619703534808673220102186097612127584008948486887862315517550816087276073129572909032933318396357542279048636204088572552802657708724011900014562700371546528842648316685379050801478813741623727825513870 0 0 0 0 0 0 0 0 0 0 0 0 0 0 0 0 0 0 0 0 0 0 0 0 0 0 0 0 0 0 0 0 0 0 0 0 0 0 0 0 0 0 0 0 0 0 0 0 0 0 0 0 0 0 0 0 0 0 0 0 0 0 1 0 0 0 0 0 0 0 0 0 0 0 0 0 0 0 0 0 0 0 0 0 0 0 0 0 0 0 0 0 0 0 0 0 0]
[279510937509752203833546026548856002779376646055303133572392719202623529731644718995586019044763095587383875396779232004253949351451736873322490569688445083689873760880454715484124849900591821386159121578451834495187373771425954825830154575598693937514942425007980641292149869019137698850435204 0 0 0 0 0 0 0 0 0 0 0 0 0 0 0 0 0 0 0 0 0 0 0 0 0 0 0 0 0 0 0 0 0 0 0 0 0 0 0 0 0 0 0 0 0 0 0 0 0 0 0 0 0 0 0 0 0 0 0 0 0 0 0 1 0 0 0 0 0 0 0 0 0 0 0 0 0 0 0 0 0 0 0 0 0 0 0 0 0 0 0 0 0 0 0 0 0]
[6340537721062217938065492528230956206467790301910269109543667491638493467643745083829525890268129004124102737914001392168408355927254617590894276787443400365685593431801550513920421725979590313048729823014139480891254760930312869608401311485859970431679859439526556808088355744071454885433940273 0 0 0 0 0 0 0 0 0 0 0 0 0 0 0 0 0 0 0 0 0 0 0 0 0 0 0 0 0 0 0 0 0 0 0 0 0 0 0 0 0 0 0 0 0 0 0 0 0 0 0 0 0 0 0 0 0 0 0 0 0 0 0 0 1 0 0 0 0 0 0 0 0 0 0 0 0 0 0 0 0 0 0 0 0 0 0 0 0 0 0 0 0 0 0 0 0]
[5635464119712232434893744695272482015173921021326787871267700712100869199756259501822381872351194072721669775627383852005713038268081870950759937869637165592500470817138930013304374599377304478363575566934766856517556631774817847216299957414434619106841490661837337490270992037456002929929555413 0 0 0 0 0 0 0 0 0 0 0 0 0 0 0 0 0 0 0 0 0 0 0 0 0 0 0 0 0 0 0 0 0 0 0 0 0 0 0 0 0 0 0 0 0 0 0 0 0 0 0 0 0 0 0 0 0 0 0 0 0 0 0 0 0 1 0 0 0 0 0 0 0 0 0 0 0 0 0 0 0 0 0 0 0 0 0 0 0 0 0 0 0 0 0 0 0]
[7580220047341843710090486363021448905381050674929856589769854261924410401976720734111129730201855792708804901855567018303924140769359131223447322651927900298872328114862754247485220332962255027571555544079510291507987838871953386179097868014603373393433071416825366690251296286389722171118856343 0 0 0 0 0 0 0 0 0 0 0 0 0 0 0 0 0 0 0 0 0 0 0 0 0 0 0 0 0 0 0 0 0 0 0 0 0 0 0 0 0 0 0 0 0 0 0 0 0 0 0 0 0 0 0 0 0 0 0 0 0 0 0 0 0 0 1 0 0 0 0 0 0 0 0 0 0 0 0 0 0 0 0 0 0 0 0 0 0 0 0 0 0 0 0 0 0]
[169887338864703187610314890253311387954953742561935257393557035169765242333758923197546647712912242784730742211624949073332450131621137844618578098026672175286062985987454360826664684506288366105933901203725578452807260916445429866328364465064962620137761481161448138771584146514162137942338715 0 0 0 0 0 0 0 0 0 0 0 0 0 0 0 0 0 0 0 0 0 0 0 0 0 0 0 0 0 0 0 0 0 0 0 0 0 0 0 0 0 0 0 0 0 0 0 0 0 0 0 0 0 0 0 0 0 0 0 0 0 0 0 0 0 0 0 1 0 0 0 0 0 0 0 0 0 0 0 0 0 0 0 0 0 0 0 0 0 0 0 0 0 0 0 0 0]
[870782006135085109229363116556565268345257421266393793325910057784253192760710569061072967162400458169478895420212866142130832205902159404115958377081139364988568888829292578473285334636034958860104647976336260298900763523516041874243022080140138129686683163590197868735363441391132854809158312 0 0 0 0 0 0 0 0 0 0 0 0 0 0 0 0 0 0 0 0 0 0 0 0 0 0 0 0 0 0 0 0 0 0 0 0 0 0 0 0 0 0 0 0 0 0 0 0 0 0 0 0 0 0 0 0 0 0 0 0 0 0 0 0 0 0 0 0 1 0 0 0 0 0 0 0 0 0 0 0 0 0 0 0 0 0 0 0 0 0 0 0 0 0 0 0 0]
[5503644187074917528384750427873965992500006379676840262131392720875082898434760562983537698826775099293209549869588002165246786505728589967912167269358274690617185222885684799603153345287561817942623682112679488809782088954081879963078401643302887176833765432921627867623154427542904996613960852 0 0 0 0 0 0 0 0 0 0 0 0 0 0 0 0 0 0 0 0 0 0 0 0 0 0 0 0 0 0 0 0 0 0 0 0 0 0 0 0 0 0 0 0 0 0 0 0 0 0 0 0 0 0 0 0 0 0 0 0 0 0 0 0 0 0 0 0 0 1 0 0 0 0 0 0 0 0 0 0 0 0 0 0 0 0 0 0 0 0 0 0 0 0 0 0 0]
[8472920181733986897979624159258796465321025656050032243035505367773865668259490600786396474571316703291833038896944635139023294286507133045278852295018007431522199076310044637549060247187795434933478651411408179022837979604592007344117168351849196950895465892982063665635392509983420285143530234 0 0 0 0 0 0 0 0 0 0 0 0 0 0 0 0 0 0 0 0 0 0 0 0 0 0 0 0 0 0 0 0 0 0 0 0 0 0 0 0 0 0 0 0 0 0 0 0 0 0 0 0 0 0 0 0 0 0 0 0 0 0 0 0 0 0 0 0 0 0 1 0 0 0 0 0 0 0 0 0 0 0 0 0 0 0 0 0 0 0 0 0 0 0 0 0 0]
[2286720739031543632629621832433802885746615095166737141228594575058134558896105454015674713488019689531429831732805343062381862829376138633428866844837503539107229256000072343369560132700395166551712738630044040659262231045688963228937670284629780521108414843362754264078182175143647665311555383 0 0 0 0 0 0 0 0 0 0 0 0 0 0 0 0 0 0 0 0 0 0 0 0 0 0 0 0 0 0 0 0 0 0 0 0 0 0 0 0 0 0 0 0 0 0 0 0 0 0 0 0 0 0 0 0 0 0 0 0 0 0 0 0 0 0 0 0 0 0 0 1 0 0 0 0 0 0 0 0 0 0 0 0 0 0 0 0 0 0 0 0 0 0 0 0 0]
[3149765509068245393323913591215995664507240530291638773394116048021150830034500120858499376664472407101902609089890109350129702417804468613661464357975841153174170567134530638726459686044975691918586398117786858090760216628714201598802123869321731980525742035601556591678094032541348015979799516 0 0 0 0 0 0 0 0 0 0 0 0 0 0 0 0 0 0 0 0 0 0 0 0 0 0 0 0 0 0 0 0 0 0 0 0 0 0 0 0 0 0 0 0 0 0 0 0 0 0 0 0 0 0 0 0 0 0 0 0 0 0 0 0 0 0 0 0 0 0 0 0 1 0 0 0 0 0 0 0 0 0 0 0 0 0 0 0 0 0 0 0 0 0 0 0 0]
[148670504087354233720574774130811847497066068966195823663088745546474732281751322787964601004051857962862959411989181885249453539841228997968009905809913698895163222198783193532953093248896723645475089007619384279008987899176818740734425356257946072974948855943370403941230144480027235374665243 0 0 0 0 0 0 0 0 0 0 0 0 0 0 0 0 0 0 0 0 0 0 0 0 0 0 0 0 0 0 0 0 0 0 0 0 0 0 0 0 0 0 0 0 0 0 0 0 0 0 0 0 0 0 0 0 0 0 0 0 0 0 0 0 0 0 0 0 0 0 0 0 0 1 0 0 0 0 0 0 0 0 0 0 0 0 0 0 0 0 0 0 0 0 0 0 0]
[792602794694136795537056496921889070663906013249737249452478913773386113444684212276176961842033245152790945297765718648598699816308170784691947646331786149034286168858392752420447735533173541956191264296062083188676341178894910224272515692088300515099058188531154805390265887141496100050017592 0 0 0 0 0 0 0 0 0 0 0 0 0 0 0 0 0 0 0 0 0 0 0 0 0 0 0 0 0 0 0 0 0 0 0 0 0 0 0 0 0 0 0 0 0 0 0 0 0 0 0 0 0 0 0 0 0 0 0 0 0 0 0 0 0 0 0 0 0 0 0 0 0 0 1 0 0 0 0 0 0 0 0 0 0 0 0 0 0 0 0 0 0 0 0 0 0]
[9106999248219543770318102969093084899760460325683797088521662589888094861582634606652116098412705253973888356737604872631256359117589434366760837427844101255680305437063052745106612860778701434867526470218883604910722829685213218750099055103578459082284908380104107251500606100686664631599050873 0 0 0 0 0 0 0 0 0 0 0 0 0 0 0 0 0 0 0 0 0 0 0 0 0 0 0 0 0 0 0 0 0 0 0 0 0 0 0 0 0 0 0 0 0 0 0 0 0 0 0 0 0 0 0 0 0 0 0 0 0 0 0 0 0 0 0 0 0 0 0 0 0 0 0 1 0 0 0 0 0 0 0 0 0 0 0 0 0 0 0 0 0 0 0 0 0]
[6561517774711041518170255272057406390257978967764768332505276157820238005197835639605296304244902363734804174171990005802390060171391801154665581129516003987160385407197352116258261519027727196125803871108036686847686838693340446470800887640102763394629770496061036860659375968597297291211556339 0 0 0 0 0 0 0 0 0 0 0 0 0 0 0 0 0 0 0 0 0 0 0 0 0 0 0 0 0 0 0 0 0 0 0 0 0 0 0 0 0 0 0 0 0 0 0 0 0 0 0 0 0 0 0 0 0 0 0 0 0 0 0 0 0 0 0 0 0 0 0 0 0 0 0 0 1 0 0 0 0 0 0 0 0 0 0 0 0 0 0 0 0 0 0 0 0]
[7412992700561973955589587528522737808070767351034227270191653520573935937618793820611569502055822254098126047221242772149130670134500528243713737412614920756505874696493878287957855943559671362523633910035797253089934291185137463374038512040004276866506684636081175214852494137882622767110944873 0 0 0 0 0 0 0 0 0 0 0 0 0 0 0 0 0 0 0 0 0 0 0 0 0 0 0 0 0 0 0 0 0 0 0 0 0 0 0 0 0 0 0 0 0 0 0 0 0 0 0 0 0 0 0 0 0 0 0 0 0 0 0 0 0 0 0 0 0 0 0 0 0 0 0 0 0 1 0 0 0 0 0 0 0 0 0 0 0 0 0 0 0 0 0 0 0]
[4950225944748826036970929847625204791270126374715590567725336807248236763979027492506996623110219091194342627099035776171493661609262823679237295498660211030196301853766350899454680251495388333370788680550932983734456368018800129613940118485870202255501775134239474706105324882179126690340497513 0 0 0 0 0 0 0 0 0 0 0 0 0 0 0 0 0 0 0 0 0 0 0 0 0 0 0 0 0 0 0 0 0 0 0 0 0 0 0 0 0 0 0 0 0 0 0 0 0 0 0 0 0 0 0 0 0 0 0 0 0 0 0 0 0 0 0 0 0 0 0 0 0 0 0 0 0 0 1 0 0 0 0 0 0 0 0 0 0 0 0 0 0 0 0 0 0]
[2572667186321976360184738097719681582785082351460023645038610066542420335365821107689335301298515810697924426323354499366079921696782288204759521762573474236127842059190509879762501231969349789882515746488668781607311410535606063001785621753076354653725445022078351566324237154455517343580234714 0 0 0 0 0 0 0 0 0 0 0 0 0 0 0 0 0 0 0 0 0 0 0 0 0 0 0 0 0 0 0 0 0 0 0 0 0 0 0 0 0 0 0 0 0 0 0 0 0 0 0 0 0 0 0 0 0 0 0 0 0 0 0 0 0 0 0 0 0 0 0 0 0 0 0 0 0 0 0 1 0 0 0 0 0 0 0 0 0 0 0 0 0 0 0 0 0]
[4064946244514921078663586986775669068132867681288193665122977732808578571006605685429746179991008949763027855855102002034078382089107620875430786732895431481031235940152079488647595413002191311991065403689845168859298017998864625793119702529893781961816452281057237079660700546127966632148412119 0 0 0 0 0 0 0 0 0 0 0 0 0 0 0 0 0 0 0 0 0 0 0 0 0 0 0 0 0 0 0 0 0 0 0 0 0 0 0 0 0 0 0 0 0 0 0 0 0 0 0 0 0 0 0 0 0 0 0 0 0 0 0 0 0 0 0 0 0 0 0 0 0 0 0 0 0 0 0 0 1 0 0 0 0 0 0 0 0 0 0 0 0 0 0 0 0]
[740100315789980848329663671187394115061732872596060343999494227073080229314655268904948547111764651579053892443794117595408418491955922373563881844074351492011075815246932246665082836783603820209184322232542416443166498332295277025075260849853178573747329046089300898886199663343880109158147944 0 0 0 0 0 0 0 0 0 0 0 0 0 0 0 0 0 0 0 0 0 0 0 0 0 0 0 0 0 0 0 0 0 0 0 0 0 0 0 0 0 0 0 0 0 0 0 0 0 0 0 0 0 0 0 0 0 0 0 0 0 0 0 0 0 0 0 0 0 0 0 0 0 0 0 0 0 0 0 0 0 1 0 0 0 0 0 0 0 0 0 0 0 0 0 0 0]
[6441239342345796967757447584291836128521486363743589009628752415657360678286610658711699578996984451010161536740901024950299018124015501922395873321060382816503571588048847928337294207254667008434240117671869802846052893181756008840942239585577942759655714505326207713635434071756781989602188249 0 0 0 0 0 0 0 0 0 0 0 0 0 0 0 0 0 0 0 0 0 0 0 0 0 0 0 0 0 0 0 0 0 0 0 0 0 0 0 0 0 0 0 0 0 0 0 0 0 0 0 0 0 0 0 0 0 0 0 0 0 0 0 0 0 0 0 0 0 0 0 0 0 0 0 0 0 0 0 0 0 0 1 0 0 0 0 0 0 0 0 0 0 0 0 0 0]
[3202478693614894518989546576874026519115518788056276313383973621702109310861542897695714122401441591495537483083923350970505358488180681203897368091382697688037806961404543550672939512603111311202520614406861729814801786464155738908007491772245512852120819176859894910477962298439833836081190475 0 0 0 0 0 0 0 0 0 0 0 0 0 0 0 0 0 0 0 0 0 0 0 0 0 0 0 0 0 0 0 0 0 0 0 0 0 0 0 0 0 0 0 0 0 0 0 0 0 0 0 0 0 0 0 0 0 0 0 0 0 0 0 0 0 0 0 0 0 0 0 0 0 0 0 0 0 0 0 0 0 0 0 1 0 0 0 0 0 0 0 0 0 0 0 0 0]
[3102500401336253388643627259502514539093855647597684959529512096616908971017915313086032049568444124918312807717899402388388481038326209990298142621151645923938113671134741352601251507072618713900246972033492688600421058783131685603821808923618445010411105977836961041923465254265543702824815111 0 0 0 0 0 0 0 0 0 0 0 0 0 0 0 0 0 0 0 0 0 0 0 0 0 0 0 0 0 0 0 0 0 0 0 0 0 0 0 0 0 0 0 0 0 0 0 0 0 0 0 0 0 0 0 0 0 0 0 0 0 0 0 0 0 0 0 0 0 0 0 0 0 0 0 0 0 0 0 0 0 0 0 0 1 0 0 0 0 0 0 0 0 0 0 0 0]
[4166023189336454026823998773636399710747113851473402695717589425150374395677939756349237896893127228954069495046027165672597034136746938767022336000717275607782219418724969726664802536132299345014949145700824974844295202395724426158473325543185085022420336970060095534142931067831085747327372632 0 0 0 0 0 0 0 0 0 0 0 0 0 0 0 0 0 0 0 0 0 0 0 0 0 0 0 0 0 0 0 0 0 0 0 0 0 0 0 0 0 0 0 0 0 0 0 0 0 0 0 0 0 0 0 0 0 0 0 0 0 0 0 0 0 0 0 0 0 0 0 0 0 0 0 0 0 0 0 0 0 0 0 0 0 1 0 0 0 0 0 0 0 0 0 0 0]
[25073620112754698025548578724825588330673562407648841039101482682644455420006183233990955521349113417357131347521701668819355953735448200635360379395976001666403160243892808156476635916324113628350775203668806237274706400969756507762264419404161339773354709544786546156606201759954248273821195 0 0 0 0 0 0 0 0 0 0 0 0 0 0 0 0 0 0 0 0 0 0 0 0 0 0 0 0 0 0 0 0 0 0 0 0 0 0 0 0 0 0 0 0 0 0 0 0 0 0 0 0 0 0 0 0 0 0 0 0 0 0 0 0 0 0 0 0 0 0 0 0 0 0 0 0 0 0 0 0 0 0 0 0 0 0 1 0 0 0 0 0 0 0 0 0 0]
[5878756442827498161682137596658926135157602208091666593992597362725097782445448225466538795879455441043296846553289597886583896818743538002707610468001395934833691796361149407094361932503351284738432266404689316805720650667253505594581797016750369495193970958537552958981335856187857751517807347 0 0 0 0 0 0 0 0 0 0 0 0 0 0 0 0 0 0 0 0 0 0 0 0 0 0 0 0 0 0 0 0 0 0 0 0 0 0 0 0 0 0 0 0 0 0 0 0 0 0 0 0 0 0 0 0 0 0 0 0 0 0 0 0 0 0 0 0 0 0 0 0 0 0 0 0 0 0 0 0 0 0 0 0 0 0 0 1 0 0 0 0 0 0 0 0 0]
[554683866392971773200973205515447131336130454169970032091309096806841391126576686548890210775216131153340058911593471697865269874392808915518717146739451197075701647722500577964242725201512432918540933687045942182275277507061387913820458814540866693078237536932381496133557350087378719728140996 0 0 0 0 0 0 0 0 0 0 0 0 0 0 0 0 0 0 0 0 0 0 0 0 0 0 0 0 0 0 0 0 0 0 0 0 0 0 0 0 0 0 0 0 0 0 0 0 0 0 0 0 0 0 0 0 0 0 0 0 0 0 0 0 0 0 0 0 0 0 0 0 0 0 0 0 0 0 0 0 0 0 0 0 0 0 0 0 1 0 0 0 0 0 0 0 0]
[5804227870518280051044761476522498832038992533284954281707770419040635621498379226006755880145525186059051648929832091373207789935133181173449431570021674640481720638521092612565692289204686825438542447289632358452098405548965780427417052664808950227237115951951068137151058415783543100653714471 0 0 0 0 0 0 0 0 0 0 0 0 0 0 0 0 0 0 0 0 0 0 0 0 0 0 0 0 0 0 0 0 0 0 0 0 0 0 0 0 0 0 0 0 0 0 0 0 0 0 0 0 0 0 0 0 0 0 0 0 0 0 0 0 0 0 0 0 0 0 0 0 0 0 0 0 0 0 0 0 0 0 0 0 0 0 0 0 0 1 0 0 0 0 0 0 0]
[6910768634602602290800632523598018131315032371748801522726895701300720861068408767461764504560454092076353005789919619133367034243036417007698245966901422434234759299342322612518633530537981700095501120824931913621390765107272259871120374867708870565842061216006118831311267305533084330474575799 0 0 0 0 0 0 0 0 0 0 0 0 0 0 0 0 0 0 0 0 0 0 0 0 0 0 0 0 0 0 0 0 0 0 0 0 0 0 0 0 0 0 0 0 0 0 0 0 0 0 0 0 0 0 0 0 0 0 0 0 0 0 0 0 0 0 0 0 0 0 0 0 0 0 0 0 0 0 0 0 0 0 0 0 0 0 0 0 0 0 1 0 0 0 0 0 0]
[4144348070993142963465371508133306950471705652952812786354166812899905672338282867428575229973663577561122948592506078061531737026457353022552386964375358213717621516715633228685607888440070329801469159666081656553209926770270248082557157779219913944094930972162803533119044002884743236537599206 0 0 0 0 0 0 0 0 0 0 0 0 0 0 0 0 0 0 0 0 0 0 0 0 0 0 0 0 0 0 0 0 0 0 0 0 0 0 0 0 0 0 0 0 0 0 0 0 0 0 0 0 0 0 0 0 0 0 0 0 0 0 0 0 0 0 0 0 0 0 0 0 0 0 0 0 0 0 0 0 0 0 0 0 0 0 0 0 0 0 0 1 0 0 0 0 0]
[5182428002446220507492273373675249661294120963468947049344500352571373021766274701456815065923348984174934169924058216645105333341246775876725434048743266809294337475803681004278453012293323954729936815184683421492060797970262360039876555990051967676498075185819484074661216077393312216892995158 0 0 0 0 0 0 0 0 0 0 0 0 0 0 0 0 0 0 0 0 0 0 0 0 0 0 0 0 0 0 0 0 0 0 0 0 0 0 0 0 0 0 0 0 0 0 0 0 0 0 0 0 0 0 0 0 0 0 0 0 0 0 0 0 0 0 0 0 0 0 0 0 0 0 0 0 0 0 0 0 0 0 0 0 0 0 0 0 0 0 0 0 1 0 0 0 0]
[3214674383541897131250182988629575239064830693083190967594474231225973415235365072243830753332916215157018361768851734938772306556550066324962675835978098599289514504934966832469115899156233299033316811010084842265809965214078690823491593985848694088685603697751317970132159300585569275011832498 0 0 0 0 0 0 0 0 0 0 0 0 0 0 0 0 0 0 0 0 0 0 0 0 0 0 0 0 0 0 0 0 0 0 0 0 0 0 0 0 0 0 0 0 0 0 0 0 0 0 0 0 0 0 0 0 0 0 0 0 0 0 0 0 0 0 0 0 0 0 0 0 0 0 0 0 0 0 0 0 0 0 0 0 0 0 0 0 0 0 0 0 0 1 0 0 0]
[1382452170868694373943406437905386134651009209858926720189162891792185876421796127056768984996242872054179704898613259979518837769813907628905182607719599466088847466827350063555789050912740059650559767984231311682291842642570485569880510105950196181035071943721912110273467256180798834499749235 0 0 0 0 0 0 0 0 0 0 0 0 0 0 0 0 0 0 0 0 0 0 0 0 0 0 0 0 0 0 0 0 0 0 0 0 0 0 0 0 0 0 0 0 0 0 0 0 0 0 0 0 0 0 0 0 0 0 0 0 0 0 0 0 0 0 0 0 0 0 0 0 0 0 0 0 0 0 0 0 0 0 0 0 0 0 0 0 0 0 0 0 0 0 1 0 0]
[1386730888826663484757818332319932155686414204169237368379716936131936919829698969370068646262370133040236913268125839094726825719171739807924738856514093652386393038399862398546402986930512572502623763315716036172762816330840504991415570796782576691840434476570035004458243318039572168350621046 0 0 0 0 0 0 0 0 0 0 0 0 0 0 0 0 0 0 0 0 0 0 0 0 0 0 0 0 0 0 0 0 0 0 0 0 0 0 0 0 0 0 0 0 0 0 0 0 0 0 0 0 0 0 0 0 0 0 0 0 0 0 0 0 0 0 0 0 0 0 0 0 0 0 0 0 0 0 0 0 0 0 0 0 0 0 0 0 0 0 0 0 0 0 0 1 0]
[8102414856433265211263385883085398829096757799606330729410339829796150011869081807029678445403003056429977233787900701917756066366931805951643763919532356927505590526466596027746595594373291630627383145039788418967241347450448498447936280651113097758201273534061051401649891923884741333703083473 0 0 0 0 0 0 0 0 0 0 0 0 0 0 0 0 0 0 0 0 0 0 0 0 0 0 0 0 0 0 0 0 0 0 0 0 0 0 0 0 0 0 0 0 0 0 0 0 0 0 0 0 0 0 0 0 0 0 0 0 0 0 0 0 0 0 0 0 0 0 0 0 0 0 0 0 0 0 0 0 0 0 0 0 0 0 0 0 0 0 0 0 0 0 0 0 1]
]
