[[2528181959396874136608726105547335990669266649769551092176956300934089270071086712594857048204020066137322328552242118158598817795841707151423554132573336043891649 0 0 0 0 0 0 0 0 0 0 0 0 0 0 0 0 0 0 0 0 0 0 0 0 0 0 0 0 0 0 0 0 0 0 0 0 0 0 0 0 0 0 0 0 0 0 0 0 0 0 0 0 0]
[1958474076070348679598755593492329843288541885195708193928094276890991511288317443550275369843807956535050283929757088262235715796103004072885084368767750995793759 1 0 0 0 0 0 0 0 0 0 0 0 0 0 0 0 0 0 0 0 0 0 0 0 0 0 0 0 0 0 0 0 0 0 0 0 0 0 0 0 0 0 0 0 0 0 0 0 0 0 0 0 0]
[1306689862125971166664488501569898619391191639137229306127474183434400228410447762889972164580892101799511263303059635133285833811536975309428036785587464977059020 0 1 0 0 0 0 0 0 0 0 0 0 0 0 0 0 0 0 0 0 0 0 0 0 0 0 0 0 0 0 0 0 0 0 0 0 0 0 0 0 0 0 0 0 0 0 0 0 0 0 0 0 0]
[2307707851403965876570147788858803291942403390472069634005916247438033604947943523016128897919293354453812605963886259317443598604801514581658622533836882517146861 0 0 1 0 0 0 0 0 0 0 0 0 0 0 0 0 0 0 0 0 0 0 0 0 0 0 0 0 0 0 0 0 0 0 0 0 0 0 0 0 0 0 0 0 0 0 0 0 0 0 0 0 0]
[1062462488311882604832559734517404337588782906954667626716113781025157007594052368705949514249803693350068456652054088204044325776396342796007764781890647541483870 0 0 0 1 0 0 0 0 0 0 0 0 0 0 0 0 0 0 0 0 0 0 0 0 0 0 0 0 0 0 0 0 0 0 0 0 0 0 0 0 0 0 0 0 0 0 0 0 0 0 0 0 0]
[1984231773351061969676159004531742963918581044107081770264414491345800565823595507383214278806183002387327894060278143945944383079221981221137694510866999812214736 0 0 0 0 1 0 0 0 0 0 0 0 0 0 0 0 0 0 0 0 0 0 0 0 0 0 0 0 0 0 0 0 0 0 0 0 0 0 0 0 0 0 0 0 0 0 0 0 0 0 0 0 0]
[470344449627164066005277432129351339484659602112760991094717390542373700499753492619258905559802215106587472225524299374196245705266504254446710338583849731355664 0 0 0 0 0 1 0 0 0 0 0 0 0 0 0 0 0 0 0 0 0 0 0 0 0 0 0 0 0 0 0 0 0 0 0 0 0 0 0 0 0 0 0 0 0 0 0 0 0 0 0 0 0]
[994500238425017019684695501385176020554080579783035482120389635793267242988158638562853145321604275885217056492390419839346863522647844173324638369805299366923805 0 0 0 0 0 0 1 0 0 0 0 0 0 0 0 0 0 0 0 0 0 0 0 0 0 0 0 0 0 0 0 0 0 0 0 0 0 0 0 0 0 0 0 0 0 0 0 0 0 0 0 0 0]
[2489508891000812336399727349346468714008441310577081636707307489315075195842845199948009502325095182875565670649693742022501921148789488828369274679814717889203690 0 0 0 0 0 0 0 1 0 0 0 0 0 0 0 0 0 0 0 0 0 0 0 0 0 0 0 0 0 0 0 0 0 0 0 0 0 0 0 0 0 0 0 0 0 0 0 0 0 0 0 0 0]
[1298651351100305669106587133021983827758164031304051427288600919331838148481501354505748939054786843759203455806707835560285914715819744002705413175193426108326588 0 0 0 0 0 0 0 0 1 0 0 0 0 0 0 0 0 0 0 0 0 0 0 0 0 0 0 0 0 0 0 0 0 0 0 0 0 0 0 0 0 0 0 0 0 0 0 0 0 0 0 0 0]
[345332021708215328739345138728383255878033791141830118547546672235755533662267369273429868892604491424290706286934130626952605209891943743372392634418129649242943 0 0 0 0 0 0 0 0 0 1 0 0 0 0 0 0 0 0 0 0 0 0 0 0 0 0 0 0 0 0 0 0 0 0 0 0 0 0 0 0 0 0 0 0 0 0 0 0 0 0 0 0 0]
[158344903573357302379859421570108173078361945245258008495391423188686006570393515817204780394264033255996045721127996194096693095338841870698264593559947667878813 0 0 0 0 0 0 0 0 0 0 1 0 0 0 0 0 0 0 0 0 0 0 0 0 0 0 0 0 0 0 0 0 0 0 0 0 0 0 0 0 0 0 0 0 0 0 0 0 0 0 0 0 0]
[2264505238642145816544174259097062391286596363096613028748099781531064832944964752568634722561099909926607650499929105207800029084571280739134542703528491685683385 0 0 0 0 0 0 0 0 0 0 0 1 0 0 0 0 0 0 0 0 0 0 0 0 0 0 0 0 0 0 0 0 0 0 0 0 0 0 0 0 0 0 0 0 0 0 0 0 0 0 0 0 0]
[1210341660963550160784638717567681133789497300449339904696697379702826036858600258333978799266537517464699852455197075430479361771185060561677012990994426862080945 0 0 0 0 0 0 0 0 0 0 0 0 1 0 0 0 0 0 0 0 0 0 0 0 0 0 0 0 0 0 0 0 0 0 0 0 0 0 0 0 0 0 0 0 0 0 0 0 0 0 0 0 0]
[1805677547991909569067990627702221837173573758012505004281359576865054792137528792547596299624965167348583796662708655827317745945811401302488456446338534968280988 0 0 0 0 0 0 0 0 0 0 0 0 0 1 0 0 0 0 0 0 0 0 0 0 0 0 0 0 0 0 0 0 0 0 0 0 0 0 0 0 0 0 0 0 0 0 0 0 0 0 0 0 0]
[2163162170529437381803615268096005011695706483516054556693127594397062188517862657752519375308332115237916041972005317366543562696898090268011862492923604760697511 0 0 0 0 0 0 0 0 0 0 0 0 0 0 1 0 0 0 0 0 0 0 0 0 0 0 0 0 0 0 0 0 0 0 0 0 0 0 0 0 0 0 0 0 0 0 0 0 0 0 0 0 0]
[154378037372800595110603487032632829428420571942647518707302467218344423463641145506567020092974434687419277686116248208727054578812716306960534508715691658643954 0 0 0 0 0 0 0 0 0 0 0 0 0 0 0 1 0 0 0 0 0 0 0 0 0 0 0 0 0 0 0 0 0 0 0 0 0 0 0 0 0 0 0 0 0 0 0 0 0 0 0 0 0]
[1731933589755112854591714305564394913218269742884993701044562595376348086999243397969492770475341394369134491080020415437011680473285534642463795539114814949331443 0 0 0 0 0 0 0 0 0 0 0 0 0 0 0 0 1 0 0 0 0 0 0 0 0 0 0 0 0 0 0 0 0 0 0 0 0 0 0 0 0 0 0 0 0 0 0 0 0 0 0 0 0]
[2367052486829398772865081482243088560967115750939852486149343488978788106795996594834593504248363087088901238391646465108713145150565519566937443421053520195746880 0 0 0 0 0 0 0 0 0 0 0 0 0 0 0 0 0 1 0 0 0 0 0 0 0 0 0 0 0 0 0 0 0 0 0 0 0 0 0 0 0 0 0 0 0 0 0 0 0 0 0 0 0]
[1476802126398322704392811493832709780122917413369964223572719102237557325755520936046130367418069495568613319739561468101616290078657071331815852633464467907971769 0 0 0 0 0 0 0 0 0 0 0 0 0 0 0 0 0 0 1 0 0 0 0 0 0 0 0 0 0 0 0 0 0 0 0 0 0 0 0 0 0 0 0 0 0 0 0 0 0 0 0 0 0]
[1953875507334073412906270440800522182782810968469290508782595569164492426195020995011596152071841277720242766209026601555285933554216728256549010069594410274258932 0 0 0 0 0 0 0 0 0 0 0 0 0 0 0 0 0 0 0 1 0 0 0 0 0 0 0 0 0 0 0 0 0 0 0 0 0 0 0 0 0 0 0 0 0 0 0 0 0 0 0 0 0]
[1495135207135564582098099304760204967149520099749574425783853287066148532363812374666973077303498831930501161209421214493324225966326368425204786002586384180966815 0 0 0 0 0 0 0 0 0 0 0 0 0 0 0 0 0 0 0 0 1 0 0 0 0 0 0 0 0 0 0 0 0 0 0 0 0 0 0 0 0 0 0 0 0 0 0 0 0 0 0 0 0]
[471152425765984930223636870721468027347049161185349220254245943553425305267878726203851883310616516926431414695338497801449315052175701715703475806069455588468756 0 0 0 0 0 0 0 0 0 0 0 0 0 0 0 0 0 0 0 0 0 1 0 0 0 0 0 0 0 0 0 0 0 0 0 0 0 0 0 0 0 0 0 0 0 0 0 0 0 0 0 0 0]
[2344071796495603668633383698895014027098954499709066752344849082437346326580770802600360756611998413215593431681141425461609565273376426921596597524863964158734897 0 0 0 0 0 0 0 0 0 0 0 0 0 0 0 0 0 0 0 0 0 0 1 0 0 0 0 0 0 0 0 0 0 0 0 0 0 0 0 0 0 0 0 0 0 0 0 0 0 0 0 0 0]
[1230009209972047207613926948341414475324145582300086804209726821697198521780052005957702915849090233249717000517094553893834397646884915044938804601138815093973212 0 0 0 0 0 0 0 0 0 0 0 0 0 0 0 0 0 0 0 0 0 0 0 1 0 0 0 0 0 0 0 0 0 0 0 0 0 0 0 0 0 0 0 0 0 0 0 0 0 0 0 0 0]
[207247922042171044471614372619369435896361866916656858144922249229952952357008243655024254898394435787884555363275803220668979278853953260601388627220935538691459 0 0 0 0 0 0 0 0 0 0 0 0 0 0 0 0 0 0 0 0 0 0 0 0 1 0 0 0 0 0 0 0 0 0 0 0 0 0 0 0 0 0 0 0 0 0 0 0 0 0 0 0 0]
[2486865340373238359062339375157549708580891801043976383050849709179887283499162437665717718373921754137883830820767126413936802918856959889869781321703203155919543 0 0 0 0 0 0 0 0 0 0 0 0 0 0 0 0 0 0 0 0 0 0 0 0 0 1 0 0 0 0 0 0 0 0 0 0 0 0 0 0 0 0 0 0 0 0 0 0 0 0 0 0 0]
[39459930001964123293535388628554193855954400098166171810993054338712562411025329887433456917711139667220167300782383864286015609804874971770754504355538780629905 0 0 0 0 0 0 0 0 0 0 0 0 0 0 0 0 0 0 0 0 0 0 0 0 0 0 1 0 0 0 0 0 0 0 0 0 0 0 0 0 0 0 0 0 0 0 0 0 0 0 0 0 0]
[543618234267954897831946903293471919420976128574575016289049879215712674007268598115804621700540913962598246320148050109165553628655527806761017341250338251330063 0 0 0 0 0 0 0 0 0 0 0 0 0 0 0 0 0 0 0 0 0 0 0 0 0 0 0 1 0 0 0 0 0 0 0 0 0 0 0 0 0 0 0 0 0 0 0 0 0 0 0 0 0]
[1153725712703932685260917352061404706758034910065059486387374476450469303803045712879660939378244944611643554679322088478317939076673456598580292636512885825248214 0 0 0 0 0 0 0 0 0 0 0 0 0 0 0 0 0 0 0 0 0 0 0 0 0 0 0 0 1 0 0 0 0 0 0 0 0 0 0 0 0 0 0 0 0 0 0 0 0 0 0 0 0]
[1079158255160425803951097687516437456239807271925917607006910200022992449502039456505353547229334876680131017931379081702775365611163030393288345178784380367469258 0 0 0 0 0 0 0 0 0 0 0 0 0 0 0 0 0 0 0 0 0 0 0 0 0 0 0 0 0 1 0 0 0 0 0 0 0 0 0 0 0 0 0 0 0 0 0 0 0 0 0 0 0]
[1260217258025983519550660819860557944762016896740373883664012759951558670724709769079151474178512233279516900164602565200513865333931638511839157487608146829465976 0 0 0 0 0 0 0 0 0 0 0 0 0 0 0 0 0 0 0 0 0 0 0 0 0 0 0 0 0 0 1 0 0 0 0 0 0 0 0 0 0 0 0 0 0 0 0 0 0 0 0 0 0]
[975448416517240745849077337633537517503689498020328350078711792033054073458595097259266713443658362329438441133150785870130987214521425039493704845394226983024363 0 0 0 0 0 0 0 0 0 0 0 0 0 0 0 0 0 0 0 0 0 0 0 0 0 0 0 0 0 0 0 1 0 0 0 0 0 0 0 0 0 0 0 0 0 0 0 0 0 0 0 0 0]
[1035009121160448764338121254472388669432099927992039273766238514987961477248048170872314230916456737647411153706786448721583583210815815493450717373552594526069108 0 0 0 0 0 0 0 0 0 0 0 0 0 0 0 0 0 0 0 0 0 0 0 0 0 0 0 0 0 0 0 0 1 0 0 0 0 0 0 0 0 0 0 0 0 0 0 0 0 0 0 0 0]
[1622333373865504652738370201200604055886799094309501055234415248766517993722138124601589437820209131408042930117575817371203230308967293371925419431472759864338829 0 0 0 0 0 0 0 0 0 0 0 0 0 0 0 0 0 0 0 0 0 0 0 0 0 0 0 0 0 0 0 0 0 1 0 0 0 0 0 0 0 0 0 0 0 0 0 0 0 0 0 0 0]
[2340420503691772217427572707763724459475319708239952577368438144165841243638157510391792253960022869579700805713228589425374001666558949979200423330204625534887930 0 0 0 0 0 0 0 0 0 0 0 0 0 0 0 0 0 0 0 0 0 0 0 0 0 0 0 0 0 0 0 0 0 0 1 0 0 0 0 0 0 0 0 0 0 0 0 0 0 0 0 0 0]
[1903817453584069641468297626551967950140305077590770674137442619766630090084380905067433657752391214173322657956638365227947526491826450509721973166043446893808092 0 0 0 0 0 0 0 0 0 0 0 0 0 0 0 0 0 0 0 0 0 0 0 0 0 0 0 0 0 0 0 0 0 0 0 1 0 0 0 0 0 0 0 0 0 0 0 0 0 0 0 0 0]
[866990099976176998355150290923713873330324109065639068169598530224445110353914901961305649566612729759882110470377088853598939604531473081990132091332708615304869 0 0 0 0 0 0 0 0 0 0 0 0 0 0 0 0 0 0 0 0 0 0 0 0 0 0 0 0 0 0 0 0 0 0 0 0 1 0 0 0 0 0 0 0 0 0 0 0 0 0 0 0 0]
[21635207706897207095611189181816281204458938021444189006972565264323783765635639560785931502126419214532626321662701984624773528046580134423421325015471175097217 0 0 0 0 0 0 0 0 0 0 0 0 0 0 0 0 0 0 0 0 0 0 0 0 0 0 0 0 0 0 0 0 0 0 0 0 0 1 0 0 0 0 0 0 0 0 0 0 0 0 0 0 0]
[2452316999921834573674725774745506531412538140445518359192494902535284159048344391893621903396723535389046453011321094129518837567986794377709316384218921869241291 0 0 0 0 0 0 0 0 0 0 0 0 0 0 0 0 0 0 0 0 0 0 0 0 0 0 0 0 0 0 0 0 0 0 0 0 0 0 1 0 0 0 0 0 0 0 0 0 0 0 0 0 0]
[1097285280712800241020184707793071408559955593843707616818151869005047120022939685860955586742159470832009103981131979502470804651082079005772072443460450190722691 0 0 0 0 0 0 0 0 0 0 0 0 0 0 0 0 0 0 0 0 0 0 0 0 0 0 0 0 0 0 0 0 0 0 0 0 0 0 0 1 0 0 0 0 0 0 0 0 0 0 0 0 0]
[742327572803777015353889392027027397879098694287657805596969433222440260371187357045274192164098763337717761720679800592414755317305633229755097550327537245504415 0 0 0 0 0 0 0 0 0 0 0 0 0 0 0 0 0 0 0 0 0 0 0 0 0 0 0 0 0 0 0 0 0 0 0 0 0 0 0 0 1 0 0 0 0 0 0 0 0 0 0 0 0]
[713390551828239535709367640097524060517272326272808729002561516408315772011903425271981905883071176701253545777212635123580745985668829733511705603148962847603525 0 0 0 0 0 0 0 0 0 0 0 0 0 0 0 0 0 0 0 0 0 0 0 0 0 0 0 0 0 0 0 0 0 0 0 0 0 0 0 0 0 1 0 0 0 0 0 0 0 0 0 0 0]
[503548901522381113595347541149016791434902918394480173572760865902303403847267223455182930768731356516007499836285547306001662073214633651906606750466187022094243 0 0 0 0 0 0 0 0 0 0 0 0 0 0 0 0 0 0 0 0 0 0 0 0 0 0 0 0 0 0 0 0 0 0 0 0 0 0 0 0 0 0 1 0 0 0 0 0 0 0 0 0 0]
[625269875791093586403138076096154290947133357940534353558944111906125472124244561342281956675884030678926863924310210011030023437743903040284054428998569537886737 0 0 0 0 0 0 0 0 0 0 0 0 0 0 0 0 0 0 0 0 0 0 0 0 0 0 0 0 0 0 0 0 0 0 0 0 0 0 0 0 0 0 0 1 0 0 0 0 0 0 0 0 0]
[782913535026646046018080673328361495380520263766870468325544884785466368065127532761001351978029555289416896285457683018418174745924015708589869684627700879536942 0 0 0 0 0 0 0 0 0 0 0 0 0 0 0 0 0 0 0 0 0 0 0 0 0 0 0 0 0 0 0 0 0 0 0 0 0 0 0 0 0 0 0 0 1 0 0 0 0 0 0 0 0]
[1033286517368066285221156184068971670462573639565216526545555213010881032158704384007585871403139842071215819342440965934436173862078264825087747409158436225776299 0 0 0 0 0 0 0 0 0 0 0 0 0 0 0 0 0 0 0 0 0 0 0 0 0 0 0 0 0 0 0 0 0 0 0 0 0 0 0 0 0 0 0 0 0 1 0 0 0 0 0 0 0]
[195492772422802166680042160850348699731751789458092471242587612925721850578460589055973606125302822014039693706131720972370485302072544634653937503334837848371903 0 0 0 0 0 0 0 0 0 0 0 0 0 0 0 0 0 0 0 0 0 0 0 0 0 0 0 0 0 0 0 0 0 0 0 0 0 0 0 0 0 0 0 0 0 0 1 0 0 0 0 0 0]
[2042200837440924306833516446876192000260142277266474236993575092514661412676454620156352408779698675570064464808106940439498671360082844144667767528804737453854349 0 0 0 0 0 0 0 0 0 0 0 0 0 0 0 0 0 0 0 0 0 0 0 0 0 0 0 0 0 0 0 0 0 0 0 0 0 0 0 0 0 0 0 0 0 0 0 1 0 0 0 0 0]
[1647328775431851440420961256424427531730818193253138614767164630151469480918488757871641545640716660483363548958390143667430753073179869810217765624715006291449123 0 0 0 0 0 0 0 0 0 0 0 0 0 0 0 0 0 0 0 0 0 0 0 0 0 0 0 0 0 0 0 0 0 0 0 0 0 0 0 0 0 0 0 0 0 0 0 0 1 0 0 0 0]
[2417345502135967992473454229862708063315982673631056132833219800011061439437258548794135358177882021568892570548796260958384223262331226162804628016436438918261474 0 0 0 0 0 0 0 0 0 0 0 0 0 0 0 0 0 0 0 0 0 0 0 0 0 0 0 0 0 0 0 0 0 0 0 0 0 0 0 0 0 0 0 0 0 0 0 0 0 1 0 0 0]
[254326814352517349312274370504853000772882402403527071561103419693721441949748829693734336955628012751522169934694128254780770515178030702337001566494126629436111 0 0 0 0 0 0 0 0 0 0 0 0 0 0 0 0 0 0 0 0 0 0 0 0 0 0 0 0 0 0 0 0 0 0 0 0 0 0 0 0 0 0 0 0 0 0 0 0 0 0 1 0 0]
[331521198347328343246592281155132430505222924501875057301812359802899509780303635348577108232522083550591178854178710757550198222740073269131123685011146245250615 0 0 0 0 0 0 0 0 0 0 0 0 0 0 0 0 0 0 0 0 0 0 0 0 0 0 0 0 0 0 0 0 0 0 0 0 0 0 0 0 0 0 0 0 0 0 0 0 0 0 0 1 0]
[614735343644445721289202772711602883778896189363749552099414241259553107067192636541155709066666844948357576357686601540157213773068624291234363886694577972597271 0 0 0 0 0 0 0 0 0 0 0 0 0 0 0 0 0 0 0 0 0 0 0 0 0 0 0 0 0 0 0 0 0 0 0 0 0 0 0 0 0 0 0 0 0 0 0 0 0 0 0 0 1]
]
