[[6046874340482381832238972930219019768016101070161773096240273308253224587558135119064730461355066523430521155038332113312693137627898772546645294570188284965749661786245157257934488501057574383150521690690128163688561798617646731 0 0 0 0 0 0 0 0 0 0 0 0 0 0 0 0 0 0 0 0 0 0 0 0 0 0 0 0 0 0 0 0 0 0 0 0 0 0 0 0 0 0 0 0 0 0 0 0 0 0 0 0 0 0 0 0 0 0 0 0 0 0 0 0 0 0 0 0 0 0 0 0 0 0 0]
[4224390683844373749730199758111292650559568613818368023906612184311579131105145047997590295009311652324350713233438935272496150327228425153029743626921279532604428326655334556874182647111821740742036826618036029475932632655469410 1 0 0 0 0 0 0 0 0 0 0 0 0 0 0 0 0 0 0 0 0 0 0 0 0 0 0 0 0 0 0 0 0 0 0 0 0 0 0 0 0 0 0 0 0 0 0 0 0 0 0 0 0 0 0 0 0 0 0 0 0 0 0 0 0 0 0 0 0 0 0 0 0 0 0]
[1781013435847287342260970579920618837005367938838851362466017898363672364981436431412408069154570570076284860183762326872339944864539518173138989948824951371012649634635214563758701576461053594331000034046000969820083805263543908 0 1 0 0 0 0 0 0 0 0 0 0 0 0 0 0 0 0 0 0 0 0 0 0 0 0 0 0 0 0 0 0 0 0 0 0 0 0 0 0 0 0 0 0 0 0 0 0 0 0 0 0 0 0 0 0 0 0 0 0 0 0 0 0 0 0 0 0 0 0 0 0 0 0 0]
[4444108747408187661830272502341461939212893747966414004971216073988602214547142270372357317523044876421534435225140797855216439350000168798042740621109318033882676269005148946577518252949155504121236967554441111065391222814333160 0 0 1 0 0 0 0 0 0 0 0 0 0 0 0 0 0 0 0 0 0 0 0 0 0 0 0 0 0 0 0 0 0 0 0 0 0 0 0 0 0 0 0 0 0 0 0 0 0 0 0 0 0 0 0 0 0 0 0 0 0 0 0 0 0 0 0 0 0 0 0 0 0 0 0]
[5230326565356122826061194374807090750239814680257380888422824969051226561001899326349421922365243885600909574332375547911575604198803793482866918043342433116390606526563727120858086141977515200167825647570512391145500237427901174 0 0 0 1 0 0 0 0 0 0 0 0 0 0 0 0 0 0 0 0 0 0 0 0 0 0 0 0 0 0 0 0 0 0 0 0 0 0 0 0 0 0 0 0 0 0 0 0 0 0 0 0 0 0 0 0 0 0 0 0 0 0 0 0 0 0 0 0 0 0 0 0 0 0 0]
[1361334488577588371444082892463088056399452893482120390424641838388404375634498422029506985518094065463875989758783540869097698189516537556182393931833273313464065126802418078478627592100552894146438359389293726942600342740385684 0 0 0 0 1 0 0 0 0 0 0 0 0 0 0 0 0 0 0 0 0 0 0 0 0 0 0 0 0 0 0 0 0 0 0 0 0 0 0 0 0 0 0 0 0 0 0 0 0 0 0 0 0 0 0 0 0 0 0 0 0 0 0 0 0 0 0 0 0 0 0 0 0 0 0]
[294336284759924671830860495180101786597699514474281756087890960453721791617651689058917905453500579258547352277888488881250317765084989917996041446247910793921400560005643685303947792131342351637966732461890826135929247254273908 0 0 0 0 0 1 0 0 0 0 0 0 0 0 0 0 0 0 0 0 0 0 0 0 0 0 0 0 0 0 0 0 0 0 0 0 0 0 0 0 0 0 0 0 0 0 0 0 0 0 0 0 0 0 0 0 0 0 0 0 0 0 0 0 0 0 0 0 0 0 0 0 0 0 0]
[1785100252324949940339344813483217892885885226232322275642042445063458618156027503799865552852799857819544047233564090184640634689803708929363993125827315628899046645851756207453246611758275133273964373978117965076385895889123928 0 0 0 0 0 0 1 0 0 0 0 0 0 0 0 0 0 0 0 0 0 0 0 0 0 0 0 0 0 0 0 0 0 0 0 0 0 0 0 0 0 0 0 0 0 0 0 0 0 0 0 0 0 0 0 0 0 0 0 0 0 0 0 0 0 0 0 0 0 0 0 0 0 0 0]
[4361944028861391138622939795898642833045540007715134309769641203633061556972771452405940386698829850299589421604960267130991368260209672774252197380942632370373563920427837014011706020226988007125816836844183611183267183913194652 0 0 0 0 0 0 0 1 0 0 0 0 0 0 0 0 0 0 0 0 0 0 0 0 0 0 0 0 0 0 0 0 0 0 0 0 0 0 0 0 0 0 0 0 0 0 0 0 0 0 0 0 0 0 0 0 0 0 0 0 0 0 0 0 0 0 0 0 0 0 0 0 0 0 0]
[4487826958940410793131469974471046301283091916872385200163618204284773698215873778358829240574413233214013287149080374735835940637295203026194195140915099103627501068524003020282629505138176609649292341896210903361645533059675951 0 0 0 0 0 0 0 0 1 0 0 0 0 0 0 0 0 0 0 0 0 0 0 0 0 0 0 0 0 0 0 0 0 0 0 0 0 0 0 0 0 0 0 0 0 0 0 0 0 0 0 0 0 0 0 0 0 0 0 0 0 0 0 0 0 0 0 0 0 0 0 0 0 0 0]
[4906850758671142807013437792820027598649464241236828164218755217039029096894108647730952039748528555341838469987029964536534446097085087377734403019053299305204142160867762945708253043295922172517427481759129998535368973689779882 0 0 0 0 0 0 0 0 0 1 0 0 0 0 0 0 0 0 0 0 0 0 0 0 0 0 0 0 0 0 0 0 0 0 0 0 0 0 0 0 0 0 0 0 0 0 0 0 0 0 0 0 0 0 0 0 0 0 0 0 0 0 0 0 0 0 0 0 0 0 0 0 0 0 0]
[1664668580558640541593967432791663948429510265532165451972246397600320637596864171450791062355739766588999590693475278959685625461619694195251552190463564014155376855774530876514236372637407558067794935615412438292425619120870248 0 0 0 0 0 0 0 0 0 0 1 0 0 0 0 0 0 0 0 0 0 0 0 0 0 0 0 0 0 0 0 0 0 0 0 0 0 0 0 0 0 0 0 0 0 0 0 0 0 0 0 0 0 0 0 0 0 0 0 0 0 0 0 0 0 0 0 0 0 0 0 0 0 0 0]
[4551549459428019064179512395301645142423034378768077058093520193031640969096949437222558822139144189308016650555420465822434212119542357228858406149872951314172393384309373113616608794862211386069062369356508288992495896106268124 0 0 0 0 0 0 0 0 0 0 0 1 0 0 0 0 0 0 0 0 0 0 0 0 0 0 0 0 0 0 0 0 0 0 0 0 0 0 0 0 0 0 0 0 0 0 0 0 0 0 0 0 0 0 0 0 0 0 0 0 0 0 0 0 0 0 0 0 0 0 0 0 0 0 0]
[2663324624527039182185306319272128167877188215796639101613788179799053717920314969766182273667352881118604896168003109652844533715297261761969626430783006601888615533171936786628083538216182568246418836245023008235792830493378131 0 0 0 0 0 0 0 0 0 0 0 0 1 0 0 0 0 0 0 0 0 0 0 0 0 0 0 0 0 0 0 0 0 0 0 0 0 0 0 0 0 0 0 0 0 0 0 0 0 0 0 0 0 0 0 0 0 0 0 0 0 0 0 0 0 0 0 0 0 0 0 0 0 0 0]
[5325111345863566874310950345935119893957313227685994115443604482202739906940948181342444736215847937007738811000202412051868782022869081536700643212298260879287376891378479662388468929486452474509005999019338794261946258171553883 0 0 0 0 0 0 0 0 0 0 0 0 0 1 0 0 0 0 0 0 0 0 0 0 0 0 0 0 0 0 0 0 0 0 0 0 0 0 0 0 0 0 0 0 0 0 0 0 0 0 0 0 0 0 0 0 0 0 0 0 0 0 0 0 0 0 0 0 0 0 0 0 0 0 0]
[4135656724527011651761589756112893356790165555264129244405395880273740369609540322859173251505534778871286475812151468161451823200079902271323590938288638641885470457852847919758775474964642798523622327411711166830656031279054536 0 0 0 0 0 0 0 0 0 0 0 0 0 0 1 0 0 0 0 0 0 0 0 0 0 0 0 0 0 0 0 0 0 0 0 0 0 0 0 0 0 0 0 0 0 0 0 0 0 0 0 0 0 0 0 0 0 0 0 0 0 0 0 0 0 0 0 0 0 0 0 0 0 0 0]
[5517314727353171734842121006312287221953530118838573521589968622726133628072328252942006899858715931719015412189975574307609818636335469435448692202460077702331453173549311800277741401167971467713214001832408894004020712724169397 0 0 0 0 0 0 0 0 0 0 0 0 0 0 0 1 0 0 0 0 0 0 0 0 0 0 0 0 0 0 0 0 0 0 0 0 0 0 0 0 0 0 0 0 0 0 0 0 0 0 0 0 0 0 0 0 0 0 0 0 0 0 0 0 0 0 0 0 0 0 0 0 0 0 0]
[88386418882801541145530364215480547387245144517022032610517277071094267127615655779900305273434153905890650764105760613509904590565678004347877851636992317026643310511418183053563756235300023813728576628822003341108698574891273 0 0 0 0 0 0 0 0 0 0 0 0 0 0 0 0 1 0 0 0 0 0 0 0 0 0 0 0 0 0 0 0 0 0 0 0 0 0 0 0 0 0 0 0 0 0 0 0 0 0 0 0 0 0 0 0 0 0 0 0 0 0 0 0 0 0 0 0 0 0 0 0 0 0 0]
[5611642777776430493928195330635918448100045153491027575384792059114513159060591010692276887370536863306274947178514587225668284786386713969104618476304161619216754491676197769863630020245679825210920939488399889709120365655441525 0 0 0 0 0 0 0 0 0 0 0 0 0 0 0 0 0 1 0 0 0 0 0 0 0 0 0 0 0 0 0 0 0 0 0 0 0 0 0 0 0 0 0 0 0 0 0 0 0 0 0 0 0 0 0 0 0 0 0 0 0 0 0 0 0 0 0 0 0 0 0 0 0 0 0]
[4112502849286739985425031694235606271701479315470617250370500318762780649965282020494433702512527811286879152038538905739075669412774014002478246022988930816479403552616487113333416035909584522750376663982717942094746641139395400 0 0 0 0 0 0 0 0 0 0 0 0 0 0 0 0 0 0 1 0 0 0 0 0 0 0 0 0 0 0 0 0 0 0 0 0 0 0 0 0 0 0 0 0 0 0 0 0 0 0 0 0 0 0 0 0 0 0 0 0 0 0 0 0 0 0 0 0 0 0 0 0 0 0 0]
[5401912799096473429144832611737572482853007544699823968267397144709122312680794272025999437611840796571355078696470950698188532073747624799693873737874720222521234039325964910616219174414613252197071733930444421721143678144515644 0 0 0 0 0 0 0 0 0 0 0 0 0 0 0 0 0 0 0 1 0 0 0 0 0 0 0 0 0 0 0 0 0 0 0 0 0 0 0 0 0 0 0 0 0 0 0 0 0 0 0 0 0 0 0 0 0 0 0 0 0 0 0 0 0 0 0 0 0 0 0 0 0 0 0]
[5161725193631095593968091291324792522607614691472469959235120850463622803822557063568380983821561350159256265930685914693453298696784770711792631268910979506244256124717517875941591099234443630227292596112155318426077514566630566 0 0 0 0 0 0 0 0 0 0 0 0 0 0 0 0 0 0 0 0 1 0 0 0 0 0 0 0 0 0 0 0 0 0 0 0 0 0 0 0 0 0 0 0 0 0 0 0 0 0 0 0 0 0 0 0 0 0 0 0 0 0 0 0 0 0 0 0 0 0 0 0 0 0 0]
[4177736063396917896924833359987014551598386388881131505602627778936978343852845453520689130665800958478619200504498980112450901575783503211626012781026917283317891113638233304911541018135070007083464025642261871728381172514166813 0 0 0 0 0 0 0 0 0 0 0 0 0 0 0 0 0 0 0 0 0 1 0 0 0 0 0 0 0 0 0 0 0 0 0 0 0 0 0 0 0 0 0 0 0 0 0 0 0 0 0 0 0 0 0 0 0 0 0 0 0 0 0 0 0 0 0 0 0 0 0 0 0 0 0]
[2036890372828297742528239626944836190083538663227763226873616513864477047292338141048129069130161582485176237884357542789714392989755627593403103275642002725053882662258676914016589082606138338910224196525418563589883226730465539 0 0 0 0 0 0 0 0 0 0 0 0 0 0 0 0 0 0 0 0 0 0 1 0 0 0 0 0 0 0 0 0 0 0 0 0 0 0 0 0 0 0 0 0 0 0 0 0 0 0 0 0 0 0 0 0 0 0 0 0 0 0 0 0 0 0 0 0 0 0 0 0 0 0 0]
[1995549601578430798037909575745544677164733354705472523769466215225131474624059271505341357164908445518579000664567247009184078490779235615264931935133380822226950781692369306820009543750380392661986360137659017730747833085988726 0 0 0 0 0 0 0 0 0 0 0 0 0 0 0 0 0 0 0 0 0 0 0 1 0 0 0 0 0 0 0 0 0 0 0 0 0 0 0 0 0 0 0 0 0 0 0 0 0 0 0 0 0 0 0 0 0 0 0 0 0 0 0 0 0 0 0 0 0 0 0 0 0 0 0]
[1364027244119375666685821868786288855817338334376680409876525208380133467722855806153081421942127835678358219947186270023157690358023229235571456156908031909557248942931010455535095667818340368991401638833583540320497248734642249 0 0 0 0 0 0 0 0 0 0 0 0 0 0 0 0 0 0 0 0 0 0 0 0 1 0 0 0 0 0 0 0 0 0 0 0 0 0 0 0 0 0 0 0 0 0 0 0 0 0 0 0 0 0 0 0 0 0 0 0 0 0 0 0 0 0 0 0 0 0 0 0 0 0 0]
[4183466202422365188958203599540052547156765643815625566297447936652091380513741701197181734771175585686435765560401871148454376449519202692556243759843538357899997392719713423361306127895410527377987027865213186973129236804532094 0 0 0 0 0 0 0 0 0 0 0 0 0 0 0 0 0 0 0 0 0 0 0 0 0 1 0 0 0 0 0 0 0 0 0 0 0 0 0 0 0 0 0 0 0 0 0 0 0 0 0 0 0 0 0 0 0 0 0 0 0 0 0 0 0 0 0 0 0 0 0 0 0 0 0]
[650574280794821366065722013356989446283884270052979867266819187586413034142860817206074125661080021921972294643290901298277977747973090252653004538899282264113006109867425641875445095289159866739151825964914898310380343351146521 0 0 0 0 0 0 0 0 0 0 0 0 0 0 0 0 0 0 0 0 0 0 0 0 0 0 1 0 0 0 0 0 0 0 0 0 0 0 0 0 0 0 0 0 0 0 0 0 0 0 0 0 0 0 0 0 0 0 0 0 0 0 0 0 0 0 0 0 0 0 0 0 0 0 0]
[3368824658223326577613088030630662912873557691234901012787234631988583549971495496739247377738330367623138097299882497525521753742946734173709764202414934848073930668092544907780922778997855878255741686370278106976873019990023536 0 0 0 0 0 0 0 0 0 0 0 0 0 0 0 0 0 0 0 0 0 0 0 0 0 0 0 1 0 0 0 0 0 0 0 0 0 0 0 0 0 0 0 0 0 0 0 0 0 0 0 0 0 0 0 0 0 0 0 0 0 0 0 0 0 0 0 0 0 0 0 0 0 0 0]
[4831493899026995574970763967414793675297469705374372467224042709179280968346342503558791101251244281707743516002112796883940878318566354631267238246553310542794196119838457165480096785901232119738778204446884932371953544767196676 0 0 0 0 0 0 0 0 0 0 0 0 0 0 0 0 0 0 0 0 0 0 0 0 0 0 0 0 1 0 0 0 0 0 0 0 0 0 0 0 0 0 0 0 0 0 0 0 0 0 0 0 0 0 0 0 0 0 0 0 0 0 0 0 0 0 0 0 0 0 0 0 0 0 0]
[3929548871758137858161682114883856973476587116840380888456386000290087017754346743984495654557549575038437952650804283137028276835623619471998868016759493565231268433900857666033754171816575154750592087625355203378452646335279080 0 0 0 0 0 0 0 0 0 0 0 0 0 0 0 0 0 0 0 0 0 0 0 0 0 0 0 0 0 1 0 0 0 0 0 0 0 0 0 0 0 0 0 0 0 0 0 0 0 0 0 0 0 0 0 0 0 0 0 0 0 0 0 0 0 0 0 0 0 0 0 0 0 0 0]
[5291350624357166342472814418259373934422102351887031454159463596834761890824792589582889057739306181887304794756119912739859962602384428454972859218019892293370360456856837228094124122886380986770051247759495740240508650810918707 0 0 0 0 0 0 0 0 0 0 0 0 0 0 0 0 0 0 0 0 0 0 0 0 0 0 0 0 0 0 1 0 0 0 0 0 0 0 0 0 0 0 0 0 0 0 0 0 0 0 0 0 0 0 0 0 0 0 0 0 0 0 0 0 0 0 0 0 0 0 0 0 0 0 0]
[4144170556530726577929249713943252125882734123854052242551639051740300062286465964907983156099784860271296343907981992098700101353190041470029073279336538563908213921901492615947421845153716931757093217886397289191401375458893019 0 0 0 0 0 0 0 0 0 0 0 0 0 0 0 0 0 0 0 0 0 0 0 0 0 0 0 0 0 0 0 1 0 0 0 0 0 0 0 0 0 0 0 0 0 0 0 0 0 0 0 0 0 0 0 0 0 0 0 0 0 0 0 0 0 0 0 0 0 0 0 0 0 0 0]
[3924148295172947499347041041296539999261195333898330969610375961192158358641007117823119141264750862357561735533841095054641875277141648985169293278306547824901140869769918878524703183854669331339084445818733021212127608541559428 0 0 0 0 0 0 0 0 0 0 0 0 0 0 0 0 0 0 0 0 0 0 0 0 0 0 0 0 0 0 0 0 1 0 0 0 0 0 0 0 0 0 0 0 0 0 0 0 0 0 0 0 0 0 0 0 0 0 0 0 0 0 0 0 0 0 0 0 0 0 0 0 0 0 0]
[5413096223689320159806762661155621107342815022939955218836367324816973030025892939157961066321004771877247710794338294098097540278316643541150450783540492197856002036996976664140823398501289219269068600703605107027515263708922488 0 0 0 0 0 0 0 0 0 0 0 0 0 0 0 0 0 0 0 0 0 0 0 0 0 0 0 0 0 0 0 0 0 1 0 0 0 0 0 0 0 0 0 0 0 0 0 0 0 0 0 0 0 0 0 0 0 0 0 0 0 0 0 0 0 0 0 0 0 0 0 0 0 0 0]
[148018336194264626296290753655483584695747603042212508911808167408429233382563476080403113926141020243361052143077881163669390407280151943191605577090957927842871113870847428006137640109916342228649268418242685598805757195028906 0 0 0 0 0 0 0 0 0 0 0 0 0 0 0 0 0 0 0 0 0 0 0 0 0 0 0 0 0 0 0 0 0 0 1 0 0 0 0 0 0 0 0 0 0 0 0 0 0 0 0 0 0 0 0 0 0 0 0 0 0 0 0 0 0 0 0 0 0 0 0 0 0 0 0]
[1612792355878783873070251417997444249976711601275450091039860201233460897208963003479174737317263439978003437075297695333558961637199867763891542233125783551946891291449578924210780855455307621530184792708920785249159141686190203 0 0 0 0 0 0 0 0 0 0 0 0 0 0 0 0 0 0 0 0 0 0 0 0 0 0 0 0 0 0 0 0 0 0 0 1 0 0 0 0 0 0 0 0 0 0 0 0 0 0 0 0 0 0 0 0 0 0 0 0 0 0 0 0 0 0 0 0 0 0 0 0 0 0 0]
[5108866445482344220786541888930487261576551113787740721643163935569412593008000907817766327456849413993968618398866400762167456838490839002076339115767907708687194080045080283793617933212668706934106810373008245223106895500689145 0 0 0 0 0 0 0 0 0 0 0 0 0 0 0 0 0 0 0 0 0 0 0 0 0 0 0 0 0 0 0 0 0 0 0 0 1 0 0 0 0 0 0 0 0 0 0 0 0 0 0 0 0 0 0 0 0 0 0 0 0 0 0 0 0 0 0 0 0 0 0 0 0 0 0]
[698399175602429027940226603739219534705514343323752484225326294538277725057235852399771610005924968952277500273836426719698221109938914486558166050623187400212203606754216067633265104732879764889484727439883295055216682768281664 0 0 0 0 0 0 0 0 0 0 0 0 0 0 0 0 0 0 0 0 0 0 0 0 0 0 0 0 0 0 0 0 0 0 0 0 0 1 0 0 0 0 0 0 0 0 0 0 0 0 0 0 0 0 0 0 0 0 0 0 0 0 0 0 0 0 0 0 0 0 0 0 0 0 0]
[1264666762257486409052365129593650030880133597279709032473793205365819750204753086965766493973414460438583833183645898859305948379976542111403433215647046280964526793846531430743857392516074721380553885013572005031809265036781411 0 0 0 0 0 0 0 0 0 0 0 0 0 0 0 0 0 0 0 0 0 0 0 0 0 0 0 0 0 0 0 0 0 0 0 0 0 0 1 0 0 0 0 0 0 0 0 0 0 0 0 0 0 0 0 0 0 0 0 0 0 0 0 0 0 0 0 0 0 0 0 0 0 0 0]
[4896644104522460635148961419544298053286585710064199449714036756139169755701266219703426173098766223462873581096126723690898101768730785438928602518457613895819173348495155764134322910782445419679260931863434549552547600508908130 0 0 0 0 0 0 0 0 0 0 0 0 0 0 0 0 0 0 0 0 0 0 0 0 0 0 0 0 0 0 0 0 0 0 0 0 0 0 0 1 0 0 0 0 0 0 0 0 0 0 0 0 0 0 0 0 0 0 0 0 0 0 0 0 0 0 0 0 0 0 0 0 0 0 0]
[3828447527649493376730179214221791017018650311499384628022685019828623696980830528695371734351138769299276528086333188928182511921613270283914153032660703747891463757424322094106811907620902392916981271386959898520882668041401294 0 0 0 0 0 0 0 0 0 0 0 0 0 0 0 0 0 0 0 0 0 0 0 0 0 0 0 0 0 0 0 0 0 0 0 0 0 0 0 0 1 0 0 0 0 0 0 0 0 0 0 0 0 0 0 0 0 0 0 0 0 0 0 0 0 0 0 0 0 0 0 0 0 0 0]
[415300545198222338846817353384419604720303958943380688854825452374950239160580997670698071000600613833216580484112127190559171244663048287672775138116873543012021293273607623471394378341605682247365807327149339458442221041082360 0 0 0 0 0 0 0 0 0 0 0 0 0 0 0 0 0 0 0 0 0 0 0 0 0 0 0 0 0 0 0 0 0 0 0 0 0 0 0 0 0 1 0 0 0 0 0 0 0 0 0 0 0 0 0 0 0 0 0 0 0 0 0 0 0 0 0 0 0 0 0 0 0 0 0]
[5779328939063705277122460109398850136293254985585101525313449294927263153716643200676226274868892690337052138036049682968078507716699596911809181254009580533086509814342427161445989403617775546157536624667863511299700078360380339 0 0 0 0 0 0 0 0 0 0 0 0 0 0 0 0 0 0 0 0 0 0 0 0 0 0 0 0 0 0 0 0 0 0 0 0 0 0 0 0 0 0 1 0 0 0 0 0 0 0 0 0 0 0 0 0 0 0 0 0 0 0 0 0 0 0 0 0 0 0 0 0 0 0 0]
[4378574788042364463400827136501822495812807661734540008578490225877581436100615943626299554091825766744428276437829583898277529527451272103302289306518853851365544288839875526054315181724285799426397468002257307037292880370991598 0 0 0 0 0 0 0 0 0 0 0 0 0 0 0 0 0 0 0 0 0 0 0 0 0 0 0 0 0 0 0 0 0 0 0 0 0 0 0 0 0 0 0 1 0 0 0 0 0 0 0 0 0 0 0 0 0 0 0 0 0 0 0 0 0 0 0 0 0 0 0 0 0 0 0]
[2815379820180014435831899658966818115081520649004110943399756335894172177464042828621000150220395975879632060651355081226441332754778391815280006202668856444811787081949933071054112056730960422154732925456473027531326783094227395 0 0 0 0 0 0 0 0 0 0 0 0 0 0 0 0 0 0 0 0 0 0 0 0 0 0 0 0 0 0 0 0 0 0 0 0 0 0 0 0 0 0 0 0 1 0 0 0 0 0 0 0 0 0 0 0 0 0 0 0 0 0 0 0 0 0 0 0 0 0 0 0 0 0 0]
[54775095372468989797999969071133401090724526339920158328291094505391680249413656882298514128827332439560735935152037011344023445045655219445471303716418559763791274767498994129493015103449077018729681000987297132693043021743466 0 0 0 0 0 0 0 0 0 0 0 0 0 0 0 0 0 0 0 0 0 0 0 0 0 0 0 0 0 0 0 0 0 0 0 0 0 0 0 0 0 0 0 0 0 1 0 0 0 0 0 0 0 0 0 0 0 0 0 0 0 0 0 0 0 0 0 0 0 0 0 0 0 0 0]
[2209431176122072394991885918093681714348389128799993214445631884891397623349365744386191682853797455944123627956304995835218957550601590771918210127407146287199586631444747448069590067148487815534072152963688212368385314335983382 0 0 0 0 0 0 0 0 0 0 0 0 0 0 0 0 0 0 0 0 0 0 0 0 0 0 0 0 0 0 0 0 0 0 0 0 0 0 0 0 0 0 0 0 0 0 1 0 0 0 0 0 0 0 0 0 0 0 0 0 0 0 0 0 0 0 0 0 0 0 0 0 0 0 0]
[4574912455106675085262946666701507367609079023855954808860715643234883966716495825986021490688329698750139198034416640020217616906917225072364046817023319436084318468996537174142070825771033869432188772941505276915304932929923985 0 0 0 0 0 0 0 0 0 0 0 0 0 0 0 0 0 0 0 0 0 0 0 0 0 0 0 0 0 0 0 0 0 0 0 0 0 0 0 0 0 0 0 0 0 0 0 1 0 0 0 0 0 0 0 0 0 0 0 0 0 0 0 0 0 0 0 0 0 0 0 0 0 0 0]
[701822435958001518383741406010675195066780289505657662856530445321541546327326487433895544801060011296178254298236061613973850314898205051027618799485376820334329110434837764623261781497310855204221692330337705023808669689169523 0 0 0 0 0 0 0 0 0 0 0 0 0 0 0 0 0 0 0 0 0 0 0 0 0 0 0 0 0 0 0 0 0 0 0 0 0 0 0 0 0 0 0 0 0 0 0 0 1 0 0 0 0 0 0 0 0 0 0 0 0 0 0 0 0 0 0 0 0 0 0 0 0 0 0]
[2646437441669379515450953290935169610124085469168823947631491447926288134602996928842851712360201382311456272005845973471608913904875294494800421016051141271343709141998714111985747095075814701147737302107101902542560347182951397 0 0 0 0 0 0 0 0 0 0 0 0 0 0 0 0 0 0 0 0 0 0 0 0 0 0 0 0 0 0 0 0 0 0 0 0 0 0 0 0 0 0 0 0 0 0 0 0 0 1 0 0 0 0 0 0 0 0 0 0 0 0 0 0 0 0 0 0 0 0 0 0 0 0 0]
[2100354763637310016540087914231837444271185094063153802031499155663010523217564448677680566713733681451615567612736706745958972596784756926353818889670987081978269066752839184201573417783315686599396871564810353711038155362734771 0 0 0 0 0 0 0 0 0 0 0 0 0 0 0 0 0 0 0 0 0 0 0 0 0 0 0 0 0 0 0 0 0 0 0 0 0 0 0 0 0 0 0 0 0 0 0 0 0 0 1 0 0 0 0 0 0 0 0 0 0 0 0 0 0 0 0 0 0 0 0 0 0 0 0]
[1134906720672815633063321034887773685931372485274930337175086441860801885074038518953493733282422030884615380367771782145582670943714327871746691405867134428065497500711364983208904166985576292600726993571312501175906265732118906 0 0 0 0 0 0 0 0 0 0 0 0 0 0 0 0 0 0 0 0 0 0 0 0 0 0 0 0 0 0 0 0 0 0 0 0 0 0 0 0 0 0 0 0 0 0 0 0 0 0 0 1 0 0 0 0 0 0 0 0 0 0 0 0 0 0 0 0 0 0 0 0 0 0 0]
[5202804030004427977017217073708550009366258599621081534948208034161950991757412765358838238311569654458337466567396045749259837056113968019597752349328199864386989541361041288428497129497013898701762401945305899645197039843100670 0 0 0 0 0 0 0 0 0 0 0 0 0 0 0 0 0 0 0 0 0 0 0 0 0 0 0 0 0 0 0 0 0 0 0 0 0 0 0 0 0 0 0 0 0 0 0 0 0 0 0 0 1 0 0 0 0 0 0 0 0 0 0 0 0 0 0 0 0 0 0 0 0 0 0]
[4378431687101725422850614110859424670884506069072821291370190609072355068392942744478902015855117932135648524519531310728263126714771765888759446824384450716200504895954124877000857528903646138840588221939412698358989091121597585 0 0 0 0 0 0 0 0 0 0 0 0 0 0 0 0 0 0 0 0 0 0 0 0 0 0 0 0 0 0 0 0 0 0 0 0 0 0 0 0 0 0 0 0 0 0 0 0 0 0 0 0 0 1 0 0 0 0 0 0 0 0 0 0 0 0 0 0 0 0 0 0 0 0 0]
[4504414743289989394545765970509020406237722255090613196578379247433478922362219345577588521258919795693111692425432342494413574725496820904400248918913644842146378595512588452583023059907642596554619041850443344628557058197452817 0 0 0 0 0 0 0 0 0 0 0 0 0 0 0 0 0 0 0 0 0 0 0 0 0 0 0 0 0 0 0 0 0 0 0 0 0 0 0 0 0 0 0 0 0 0 0 0 0 0 0 0 0 0 1 0 0 0 0 0 0 0 0 0 0 0 0 0 0 0 0 0 0 0 0]
[4226085757870380308661180700374588853815086508723445462740897901482561759830753982958446175917191347424317521283092318800278732283329108997849652069726123879008160455368702485830777882966177851154983122546062800850779241503035699 0 0 0 0 0 0 0 0 0 0 0 0 0 0 0 0 0 0 0 0 0 0 0 0 0 0 0 0 0 0 0 0 0 0 0 0 0 0 0 0 0 0 0 0 0 0 0 0 0 0 0 0 0 0 0 1 0 0 0 0 0 0 0 0 0 0 0 0 0 0 0 0 0 0 0]
[1649433568720506038255168195549793026444540980599203334941190488587683535981259597035572660784194244953693902743561784400580878176842771694161919789484548832872336085924201790568975743036193141698884096886748594045088150685977323 0 0 0 0 0 0 0 0 0 0 0 0 0 0 0 0 0 0 0 0 0 0 0 0 0 0 0 0 0 0 0 0 0 0 0 0 0 0 0 0 0 0 0 0 0 0 0 0 0 0 0 0 0 0 0 0 1 0 0 0 0 0 0 0 0 0 0 0 0 0 0 0 0 0 0]
[3730129785091941570700271993550562018160999038538911765752250411257214965380876481877809219995020572470373353519727098054369132393816333245165599392141244274385942664740162975246686460904806512812573870730278418675358311185115375 0 0 0 0 0 0 0 0 0 0 0 0 0 0 0 0 0 0 0 0 0 0 0 0 0 0 0 0 0 0 0 0 0 0 0 0 0 0 0 0 0 0 0 0 0 0 0 0 0 0 0 0 0 0 0 0 0 1 0 0 0 0 0 0 0 0 0 0 0 0 0 0 0 0 0]
[4091958726485593530593447985018048236933294639543896745472412061020018440654817343534005138386100204234239304516266901962089645476460895957420792691432825529212707679604376367202754688635698447293262597135075442564854283166298792 0 0 0 0 0 0 0 0 0 0 0 0 0 0 0 0 0 0 0 0 0 0 0 0 0 0 0 0 0 0 0 0 0 0 0 0 0 0 0 0 0 0 0 0 0 0 0 0 0 0 0 0 0 0 0 0 0 0 1 0 0 0 0 0 0 0 0 0 0 0 0 0 0 0 0]
[1306587584251474174715975318812606135597066607646342096351698147889852751185658367009312596512589662581969659088877332024929190262645511284540865315068672253230783940264555774920320245972472866103285467210475182755237864793705794 0 0 0 0 0 0 0 0 0 0 0 0 0 0 0 0 0 0 0 0 0 0 0 0 0 0 0 0 0 0 0 0 0 0 0 0 0 0 0 0 0 0 0 0 0 0 0 0 0 0 0 0 0 0 0 0 0 0 0 1 0 0 0 0 0 0 0 0 0 0 0 0 0 0 0]
[889167073508675736680835517252164192689976601134599299160663258385862541680232623713377442152069779680338561957601477205192847204495368939596587930553903712403280604891038139888386555747667495127213329030730935987141388789663531 0 0 0 0 0 0 0 0 0 0 0 0 0 0 0 0 0 0 0 0 0 0 0 0 0 0 0 0 0 0 0 0 0 0 0 0 0 0 0 0 0 0 0 0 0 0 0 0 0 0 0 0 0 0 0 0 0 0 0 0 1 0 0 0 0 0 0 0 0 0 0 0 0 0 0]
[4152355791332015187065034995546689811840460936887010886589976946380275819028639546637595057230569082592248834333259641072074841056404755465244520131404309981331694762805528397265046853093226793202012364858403439775544537015988785 0 0 0 0 0 0 0 0 0 0 0 0 0 0 0 0 0 0 0 0 0 0 0 0 0 0 0 0 0 0 0 0 0 0 0 0 0 0 0 0 0 0 0 0 0 0 0 0 0 0 0 0 0 0 0 0 0 0 0 0 0 1 0 0 0 0 0 0 0 0 0 0 0 0 0]
[1665348827913368856283970952689547317820690529105779910965003481485856922115166660961037093262434888374601738323506011717618539412636588984894208644511716893023288142338883286406550922632134223871162504979500594357172693124407559 0 0 0 0 0 0 0 0 0 0 0 0 0 0 0 0 0 0 0 0 0 0 0 0 0 0 0 0 0 0 0 0 0 0 0 0 0 0 0 0 0 0 0 0 0 0 0 0 0 0 0 0 0 0 0 0 0 0 0 0 0 0 1 0 0 0 0 0 0 0 0 0 0 0 0]
[128521572641193127849653618129788591637351449573466209367970441024055110602499300335560458884555067100378686237707069491035001801525271003752391721554834484475016832337549110694827014451509930942883396331317435699764341632435419 0 0 0 0 0 0 0 0 0 0 0 0 0 0 0 0 0 0 0 0 0 0 0 0 0 0 0 0 0 0 0 0 0 0 0 0 0 0 0 0 0 0 0 0 0 0 0 0 0 0 0 0 0 0 0 0 0 0 0 0 0 0 0 1 0 0 0 0 0 0 0 0 0 0 0]
[1335849461574382601963380474007516245219201160828675012991905785734342740801281256454099046242262631379142829821775975893139250150086562035162847699956485945862953045356077569329380120963194059600624019988815702323483268927771408 0 0 0 0 0 0 0 0 0 0 0 0 0 0 0 0 0 0 0 0 0 0 0 0 0 0 0 0 0 0 0 0 0 0 0 0 0 0 0 0 0 0 0 0 0 0 0 0 0 0 0 0 0 0 0 0 0 0 0 0 0 0 0 0 1 0 0 0 0 0 0 0 0 0 0]
[553251817880038407472298302932359817380481675617469193800564825049694645923363188900930329297497554686388592499140524795672216448383331616862908621896419251398826557203298739660729270488593004198955796139710615845013214857506192 0 0 0 0 0 0 0 0 0 0 0 0 0 0 0 0 0 0 0 0 0 0 0 0 0 0 0 0 0 0 0 0 0 0 0 0 0 0 0 0 0 0 0 0 0 0 0 0 0 0 0 0 0 0 0 0 0 0 0 0 0 0 0 0 0 1 0 0 0 0 0 0 0 0 0]
[5248575142414194854789109607750806210864108027085940332633061877495851177347658297221685146062036372261115186682272877975214171439478828291568693213899502885301075259149128689164056946906273128432818818294013741116659072041525042 0 0 0 0 0 0 0 0 0 0 0 0 0 0 0 0 0 0 0 0 0 0 0 0 0 0 0 0 0 0 0 0 0 0 0 0 0 0 0 0 0 0 0 0 0 0 0 0 0 0 0 0 0 0 0 0 0 0 0 0 0 0 0 0 0 0 1 0 0 0 0 0 0 0 0]
[3868018827452495985718939386843131477325118695497204726209595709229413360565239597194925106245236440864275046950397643578615779634688480924029980291681405881402953031995241428982450419785390963391827290383399029973654134036755049 0 0 0 0 0 0 0 0 0 0 0 0 0 0 0 0 0 0 0 0 0 0 0 0 0 0 0 0 0 0 0 0 0 0 0 0 0 0 0 0 0 0 0 0 0 0 0 0 0 0 0 0 0 0 0 0 0 0 0 0 0 0 0 0 0 0 0 1 0 0 0 0 0 0 0]
[1246413167138544870744182138122349195359222057264690948128494667066236654887756141572296302524309367069704805675472346181454770366263697166048399433510251096840596536783934669738226742381921750534914066723592550625583519416411849 0 0 0 0 0 0 0 0 0 0 0 0 0 0 0 0 0 0 0 0 0 0 0 0 0 0 0 0 0 0 0 0 0 0 0 0 0 0 0 0 0 0 0 0 0 0 0 0 0 0 0 0 0 0 0 0 0 0 0 0 0 0 0 0 0 0 0 0 1 0 0 0 0 0 0]
[2745814571586770695177073058890419062619268684757163739818463792373203622562519028493431135619136037959444194382108530123242527097700375985948664070432112828942181525510068390403856871995185704299963399891275018505052837195270625 0 0 0 0 0 0 0 0 0 0 0 0 0 0 0 0 0 0 0 0 0 0 0 0 0 0 0 0 0 0 0 0 0 0 0 0 0 0 0 0 0 0 0 0 0 0 0 0 0 0 0 0 0 0 0 0 0 0 0 0 0 0 0 0 0 0 0 0 0 1 0 0 0 0 0]
[5545485327039653041759046661503739105286217816619856617300027939629381260562513030950075377222895189930105765694040825359413106157242632579193080871584097287214213977560085065151663310404936271627168487994807101111871408559574986 0 0 0 0 0 0 0 0 0 0 0 0 0 0 0 0 0 0 0 0 0 0 0 0 0 0 0 0 0 0 0 0 0 0 0 0 0 0 0 0 0 0 0 0 0 0 0 0 0 0 0 0 0 0 0 0 0 0 0 0 0 0 0 0 0 0 0 0 0 0 1 0 0 0 0]
[1444305258009228752584058446358427755648178966878447351904607114838563099535859607232596773563753388585429707063654232026118315991796653414110530384537334449246206549126550863580314957297887583149792108168460927898303397864606814 0 0 0 0 0 0 0 0 0 0 0 0 0 0 0 0 0 0 0 0 0 0 0 0 0 0 0 0 0 0 0 0 0 0 0 0 0 0 0 0 0 0 0 0 0 0 0 0 0 0 0 0 0 0 0 0 0 0 0 0 0 0 0 0 0 0 0 0 0 0 0 1 0 0 0]
[4890009579410363972706005509623534036961300969523756608716382105269679852947463357641750447031781884303640903988173343658768486365192156507612569486024386572531132055250231197093546662231009059293883533424579423706057456371440718 0 0 0 0 0 0 0 0 0 0 0 0 0 0 0 0 0 0 0 0 0 0 0 0 0 0 0 0 0 0 0 0 0 0 0 0 0 0 0 0 0 0 0 0 0 0 0 0 0 0 0 0 0 0 0 0 0 0 0 0 0 0 0 0 0 0 0 0 0 0 0 0 1 0 0]
[1090765431575696228256316172479865943822928041176274723357684285007309342487391604756356288675066749891233616049151153045508940439382284873062554961675360569741875901195712673733189229152574039676540087948690412010687343990838398 0 0 0 0 0 0 0 0 0 0 0 0 0 0 0 0 0 0 0 0 0 0 0 0 0 0 0 0 0 0 0 0 0 0 0 0 0 0 0 0 0 0 0 0 0 0 0 0 0 0 0 0 0 0 0 0 0 0 0 0 0 0 0 0 0 0 0 0 0 0 0 0 0 1 0]
[5717148551346006411077208688754877022421882026211750223367108267812011630171914386765722923735830520895566347897888684349176395662971132385421391669745073773325845378945127299770475554625469190150190742311656071833379091747529719 0 0 0 0 0 0 0 0 0 0 0 0 0 0 0 0 0 0 0 0 0 0 0 0 0 0 0 0 0 0 0 0 0 0 0 0 0 0 0 0 0 0 0 0 0 0 0 0 0 0 0 0 0 0 0 0 0 0 0 0 0 0 0 0 0 0 0 0 0 0 0 0 0 0 1]
]
