[[2285134134015736347166111518210440044318864045590089578200034955284521092740585433508073371703473739575293662087271345116494899884291649430730422360999097577871505950899145792240962448883 0 0 0 0 0 0 0 0 0 0 0 0 0 0 0 0 0 0 0 0 0 0 0 0 0 0 0 0 0 0 0 0 0 0 0 0 0 0 0 0 0 0 0 0 0 0 0 0 0 0 0 0 0 0 0 0 0 0 0 0 0]
[1754165066181194182488708704912950568882729130442768656550711388748103533900261382527760418159362426036814530003521102952577527307758626697588844046571687065552559422116077765665464628135 1 0 0 0 0 0 0 0 0 0 0 0 0 0 0 0 0 0 0 0 0 0 0 0 0 0 0 0 0 0 0 0 0 0 0 0 0 0 0 0 0 0 0 0 0 0 0 0 0 0 0 0 0 0 0 0 0 0 0 0 0]
[76263757961620342620010599928563770781833308419312336073908438300183895909316411449033119300573763558179023198570846860657591911566640673393963411751877933772825111876690008468706828091 0 1 0 0 0 0 0 0 0 0 0 0 0 0 0 0 0 0 0 0 0 0 0 0 0 0 0 0 0 0 0 0 0 0 0 0 0 0 0 0 0 0 0 0 0 0 0 0 0 0 0 0 0 0 0 0 0 0 0 0 0]
[1628336294347662032606451378842615465042019061099250990989717001119095332352360696188738106705851503871979716282871717810496589456113041621606225418296008618625017537888256508978307093910 0 0 1 0 0 0 0 0 0 0 0 0 0 0 0 0 0 0 0 0 0 0 0 0 0 0 0 0 0 0 0 0 0 0 0 0 0 0 0 0 0 0 0 0 0 0 0 0 0 0 0 0 0 0 0 0 0 0 0 0 0]
[1659487707263327649995599195781730606007918067815496498749792160571888940407810683416902253836043909223545714216758259180663486899090871617092944220360637276301118873511477854839109038887 0 0 0 1 0 0 0 0 0 0 0 0 0 0 0 0 0 0 0 0 0 0 0 0 0 0 0 0 0 0 0 0 0 0 0 0 0 0 0 0 0 0 0 0 0 0 0 0 0 0 0 0 0 0 0 0 0 0 0 0 0]
[662533989485060235998274817269452514508329507503489857307665839237997178487192399399711808314246535116799658749025546186478738440726412964029636236279449985713117099583430939063519232253 0 0 0 0 1 0 0 0 0 0 0 0 0 0 0 0 0 0 0 0 0 0 0 0 0 0 0 0 0 0 0 0 0 0 0 0 0 0 0 0 0 0 0 0 0 0 0 0 0 0 0 0 0 0 0 0 0 0 0 0 0]
[862987250758045219959680437368943470307207557335838857423515835068094747902387837447415050952157230287120407317716116087121666019511877027074432437115550540394427255419834575636607382020 0 0 0 0 0 1 0 0 0 0 0 0 0 0 0 0 0 0 0 0 0 0 0 0 0 0 0 0 0 0 0 0 0 0 0 0 0 0 0 0 0 0 0 0 0 0 0 0 0 0 0 0 0 0 0 0 0 0 0 0 0]
[1813007650848673377277510620004019892376083263041269933835863796551337538831752983688014334354466702986357978502145415121038230037682604560427460479043086805947002935144004516190799245543 0 0 0 0 0 0 1 0 0 0 0 0 0 0 0 0 0 0 0 0 0 0 0 0 0 0 0 0 0 0 0 0 0 0 0 0 0 0 0 0 0 0 0 0 0 0 0 0 0 0 0 0 0 0 0 0 0 0 0 0 0]
[1846140323798412190079114816592055482150776017375753829653193450822650394725136213586861702196877085214072467876850834548181039432473969604170849752798446169625115379900853432107167100106 0 0 0 0 0 0 0 1 0 0 0 0 0 0 0 0 0 0 0 0 0 0 0 0 0 0 0 0 0 0 0 0 0 0 0 0 0 0 0 0 0 0 0 0 0 0 0 0 0 0 0 0 0 0 0 0 0 0 0 0 0]
[742185451718895782367816886342802592444227978488651235420744881855894013807672922797968825772471828397869703643163254885037601499331372352091976741630026144395020138735984222462529538789 0 0 0 0 0 0 0 0 1 0 0 0 0 0 0 0 0 0 0 0 0 0 0 0 0 0 0 0 0 0 0 0 0 0 0 0 0 0 0 0 0 0 0 0 0 0 0 0 0 0 0 0 0 0 0 0 0 0 0 0 0]
[1563601911875462459418195522900832796055758639158058291140034816240592143781690496106425612851958161823502592421011320316449713295136791840177736750544568003884869274448327351231392934747 0 0 0 0 0 0 0 0 0 1 0 0 0 0 0 0 0 0 0 0 0 0 0 0 0 0 0 0 0 0 0 0 0 0 0 0 0 0 0 0 0 0 0 0 0 0 0 0 0 0 0 0 0 0 0 0 0 0 0 0 0]
[1834733656753007685941607465195312810213796336045082991448734196570625356625360552616374383171218403390885180375996403471557538905791834669559204252650512960138510053836432766687323110335 0 0 0 0 0 0 0 0 0 0 1 0 0 0 0 0 0 0 0 0 0 0 0 0 0 0 0 0 0 0 0 0 0 0 0 0 0 0 0 0 0 0 0 0 0 0 0 0 0 0 0 0 0 0 0 0 0 0 0 0 0]
[1414541327297714640374954823328624913154007416573261887847782384966968838265817886759537291471796463031553788229429869921254220340524656522122099711222195962451888434872325185475646874634 0 0 0 0 0 0 0 0 0 0 0 1 0 0 0 0 0 0 0 0 0 0 0 0 0 0 0 0 0 0 0 0 0 0 0 0 0 0 0 0 0 0 0 0 0 0 0 0 0 0 0 0 0 0 0 0 0 0 0 0 0]
[752713638883386739934837473517118914385941801521090640232324107192316606101523986746169564274242330349519894738018017274650189188160359934075781609262139775985404836262113762985018357272 0 0 0 0 0 0 0 0 0 0 0 0 1 0 0 0 0 0 0 0 0 0 0 0 0 0 0 0 0 0 0 0 0 0 0 0 0 0 0 0 0 0 0 0 0 0 0 0 0 0 0 0 0 0 0 0 0 0 0 0 0]
[1883018063725899452583002334755039751336591023675125321292737606974793662042431439457871162503408122585991426183968114715747431438173898171646379230330207254563875409164977376148262102778 0 0 0 0 0 0 0 0 0 0 0 0 0 1 0 0 0 0 0 0 0 0 0 0 0 0 0 0 0 0 0 0 0 0 0 0 0 0 0 0 0 0 0 0 0 0 0 0 0 0 0 0 0 0 0 0 0 0 0 0 0]
[894686301152521545457064209613205797450853558122319737751736828985086862520657857188447687289358821865285482993439942398334712104295561435899278122623442704261577444158293711891468434614 0 0 0 0 0 0 0 0 0 0 0 0 0 0 1 0 0 0 0 0 0 0 0 0 0 0 0 0 0 0 0 0 0 0 0 0 0 0 0 0 0 0 0 0 0 0 0 0 0 0 0 0 0 0 0 0 0 0 0 0 0]
[688227283977979871091382085104609963670847822264178255444872339904632369019946567858848748611500009984643271694035481852411325712998218356979411414476855958500059865138655741175761574092 0 0 0 0 0 0 0 0 0 0 0 0 0 0 0 1 0 0 0 0 0 0 0 0 0 0 0 0 0 0 0 0 0 0 0 0 0 0 0 0 0 0 0 0 0 0 0 0 0 0 0 0 0 0 0 0 0 0 0 0 0]
[1163634427543491103402145355916954744890748686334616283634157284197711164366825171807108041889170970618773806371125393343317367965631821499209873236010167601035318449075501175679620788994 0 0 0 0 0 0 0 0 0 0 0 0 0 0 0 0 1 0 0 0 0 0 0 0 0 0 0 0 0 0 0 0 0 0 0 0 0 0 0 0 0 0 0 0 0 0 0 0 0 0 0 0 0 0 0 0 0 0 0 0 0]
[881911243643470801348707553374938826231492037474768672472947802024769187467562705457371353233204076925431172430556253141880873494025565535582983441039413575378448894642467472716273454317 0 0 0 0 0 0 0 0 0 0 0 0 0 0 0 0 0 1 0 0 0 0 0 0 0 0 0 0 0 0 0 0 0 0 0 0 0 0 0 0 0 0 0 0 0 0 0 0 0 0 0 0 0 0 0 0 0 0 0 0 0]
[1991772108950273981342297725144033411278815949566708303229488994258046799766822366541361577704618765557842761952482126682682576081277264514781851669064103645397818261789111426802934190247 0 0 0 0 0 0 0 0 0 0 0 0 0 0 0 0 0 0 1 0 0 0 0 0 0 0 0 0 0 0 0 0 0 0 0 0 0 0 0 0 0 0 0 0 0 0 0 0 0 0 0 0 0 0 0 0 0 0 0 0 0]
[332129690338131816627942959562444538829005199897880605627498316337948081327720158607883948546200955168691625871285792355302040068247241744397665689126798883837103734278771642426308096742 0 0 0 0 0 0 0 0 0 0 0 0 0 0 0 0 0 0 0 1 0 0 0 0 0 0 0 0 0 0 0 0 0 0 0 0 0 0 0 0 0 0 0 0 0 0 0 0 0 0 0 0 0 0 0 0 0 0 0 0 0]
[896373522880167337098459661719306074282504574538861778757940995978437265266585750690395542942172350977847816057961140771833285315437073798728957391339538956948703041070277768335490574322 0 0 0 0 0 0 0 0 0 0 0 0 0 0 0 0 0 0 0 0 1 0 0 0 0 0 0 0 0 0 0 0 0 0 0 0 0 0 0 0 0 0 0 0 0 0 0 0 0 0 0 0 0 0 0 0 0 0 0 0 0]
[295236352094494893128214846104884247435195783981435543442006912747661045195861924996030861450695625995120181636872641251115530685793574631252014195907392076888382319202331234626987141666 0 0 0 0 0 0 0 0 0 0 0 0 0 0 0 0 0 0 0 0 0 1 0 0 0 0 0 0 0 0 0 0 0 0 0 0 0 0 0 0 0 0 0 0 0 0 0 0 0 0 0 0 0 0 0 0 0 0 0 0 0]
[1651356695089624265223773549798361296550236145415000840616855138240450200262316225496379616564643366338232089328902190724586655715063620184406879588232353874134148190616041892830624051674 0 0 0 0 0 0 0 0 0 0 0 0 0 0 0 0 0 0 0 0 0 0 1 0 0 0 0 0 0 0 0 0 0 0 0 0 0 0 0 0 0 0 0 0 0 0 0 0 0 0 0 0 0 0 0 0 0 0 0 0 0]
[1119921837326160097325901181169658175006951830961290861827856163045359761565508107224711407900769432919044232435746265613563990689245665109909948563634818550137872772023243931627908337683 0 0 0 0 0 0 0 0 0 0 0 0 0 0 0 0 0 0 0 0 0 0 0 1 0 0 0 0 0 0 0 0 0 0 0 0 0 0 0 0 0 0 0 0 0 0 0 0 0 0 0 0 0 0 0 0 0 0 0 0 0]
[1862330529818754823832582611685395000499944161310334721287764109770191619828564453659268597384029972778206648247128655557043679307568079029074146310821989697732374571134582898220350224091 0 0 0 0 0 0 0 0 0 0 0 0 0 0 0 0 0 0 0 0 0 0 0 0 1 0 0 0 0 0 0 0 0 0 0 0 0 0 0 0 0 0 0 0 0 0 0 0 0 0 0 0 0 0 0 0 0 0 0 0 0]
[1394070386447244284372614976761408484757509391580279115493253538036915306900198446175553539926343556451291140505728814216004174839481362474977826509584273333372502578628999889322932320409 0 0 0 0 0 0 0 0 0 0 0 0 0 0 0 0 0 0 0 0 0 0 0 0 0 1 0 0 0 0 0 0 0 0 0 0 0 0 0 0 0 0 0 0 0 0 0 0 0 0 0 0 0 0 0 0 0 0 0 0 0]
[359256665782589710407288501008035392681914907794534549779267346245415965239214867333849527306051637978548184689894736153919889216484179104460901097325130526350590055192063241390215668180 0 0 0 0 0 0 0 0 0 0 0 0 0 0 0 0 0 0 0 0 0 0 0 0 0 0 1 0 0 0 0 0 0 0 0 0 0 0 0 0 0 0 0 0 0 0 0 0 0 0 0 0 0 0 0 0 0 0 0 0 0]
[99663263662346388632418967004645382943074253414163290078898579434082493580353748556847046519391943451721821707695731431798801484263110160063305139167647793433731584992367455426192531738 0 0 0 0 0 0 0 0 0 0 0 0 0 0 0 0 0 0 0 0 0 0 0 0 0 0 0 1 0 0 0 0 0 0 0 0 0 0 0 0 0 0 0 0 0 0 0 0 0 0 0 0 0 0 0 0 0 0 0 0 0]
[2002398049060056613485355670496827519971438659909242177716131563758013335642572594869207288492567890440302434523897617847801025977464036420044967112982910454861232431576820160794133113234 0 0 0 0 0 0 0 0 0 0 0 0 0 0 0 0 0 0 0 0 0 0 0 0 0 0 0 0 1 0 0 0 0 0 0 0 0 0 0 0 0 0 0 0 0 0 0 0 0 0 0 0 0 0 0 0 0 0 0 0 0]
[598292985952811080317149909919792422277540936902184821511641646962746626303960766133969721780539405156245199421799699693964659498040588822819890125004820467223094095735039673881348008866 0 0 0 0 0 0 0 0 0 0 0 0 0 0 0 0 0 0 0 0 0 0 0 0 0 0 0 0 0 1 0 0 0 0 0 0 0 0 0 0 0 0 0 0 0 0 0 0 0 0 0 0 0 0 0 0 0 0 0 0 0]
[1253467893733323595880856048000212431401011180088540865001461540582630819606852797889892237239450143161518935599483833217560700482597387071867802889140546772221538794399000807665200293223 0 0 0 0 0 0 0 0 0 0 0 0 0 0 0 0 0 0 0 0 0 0 0 0 0 0 0 0 0 0 1 0 0 0 0 0 0 0 0 0 0 0 0 0 0 0 0 0 0 0 0 0 0 0 0 0 0 0 0 0 0]
[92746803830120196919198682827709538475717002553567057943518575455538926951795639177816647525146752942899531863131657626546965916998632913404162677173898026249698914240623075000344678802 0 0 0 0 0 0 0 0 0 0 0 0 0 0 0 0 0 0 0 0 0 0 0 0 0 0 0 0 0 0 0 1 0 0 0 0 0 0 0 0 0 0 0 0 0 0 0 0 0 0 0 0 0 0 0 0 0 0 0 0 0]
[560890672502246317038681113525499882210114789893252361580361780110001021843580559421084765842796510103273712893540112388988047765788476525992622053796628616609274832935345138759060060504 0 0 0 0 0 0 0 0 0 0 0 0 0 0 0 0 0 0 0 0 0 0 0 0 0 0 0 0 0 0 0 0 1 0 0 0 0 0 0 0 0 0 0 0 0 0 0 0 0 0 0 0 0 0 0 0 0 0 0 0 0]
[452222220775196281113978262900927492121327506010556990586793536827618506359696218054540209220955266366992036592744544493515443281615221353345411744500041763565515540085163785749283224237 0 0 0 0 0 0 0 0 0 0 0 0 0 0 0 0 0 0 0 0 0 0 0 0 0 0 0 0 0 0 0 0 0 1 0 0 0 0 0 0 0 0 0 0 0 0 0 0 0 0 0 0 0 0 0 0 0 0 0 0 0]
[2053501622540966621789640482818790438404799525123707259889840157292984824745340555988628246743217205953848814898599710833836892957984731778531539663064856532563582522597740684401797397620 0 0 0 0 0 0 0 0 0 0 0 0 0 0 0 0 0 0 0 0 0 0 0 0 0 0 0 0 0 0 0 0 0 0 1 0 0 0 0 0 0 0 0 0 0 0 0 0 0 0 0 0 0 0 0 0 0 0 0 0 0]
[95446473250150779156636594298962750606562352065237016465779060720690051926217096811857201152814130494976179294798298147679346896913252890639013512726881004765545693096178252030932880459 0 0 0 0 0 0 0 0 0 0 0 0 0 0 0 0 0 0 0 0 0 0 0 0 0 0 0 0 0 0 0 0 0 0 0 1 0 0 0 0 0 0 0 0 0 0 0 0 0 0 0 0 0 0 0 0 0 0 0 0 0]
[318810530851836146997931146496086098202349978521851006009171513214614664611041137137190534984722711852634988828002366930907111022708183409822928797057625003754704926100434403150960847465 0 0 0 0 0 0 0 0 0 0 0 0 0 0 0 0 0 0 0 0 0 0 0 0 0 0 0 0 0 0 0 0 0 0 0 0 1 0 0 0 0 0 0 0 0 0 0 0 0 0 0 0 0 0 0 0 0 0 0 0 0]
[1839457610697026096062712815772409264844020554400394083563646203725614579461303019184122186550718780955746700050678520266199613463420963101816521150521240746904848434684305905096750406703 0 0 0 0 0 0 0 0 0 0 0 0 0 0 0 0 0 0 0 0 0 0 0 0 0 0 0 0 0 0 0 0 0 0 0 0 0 1 0 0 0 0 0 0 0 0 0 0 0 0 0 0 0 0 0 0 0 0 0 0 0]
[2203141847191274116753802197254033373446242511514269463800283631311672073230611248215525201981480607494245712591792251569818956013875503390715525470290943461335246190777895080102033857894 0 0 0 0 0 0 0 0 0 0 0 0 0 0 0 0 0 0 0 0 0 0 0 0 0 0 0 0 0 0 0 0 0 0 0 0 0 0 1 0 0 0 0 0 0 0 0 0 0 0 0 0 0 0 0 0 0 0 0 0 0]
[986710659739828291479523066510354264203643683698625907501039547985462750972689958091247729463133828695912165847513061905419474503798346023431979850001827104812167973149582427310930736610 0 0 0 0 0 0 0 0 0 0 0 0 0 0 0 0 0 0 0 0 0 0 0 0 0 0 0 0 0 0 0 0 0 0 0 0 0 0 0 1 0 0 0 0 0 0 0 0 0 0 0 0 0 0 0 0 0 0 0 0 0]
[2106849021531357085920021131934143600421742921873985769752835573350626475064785376990066837828000439643560690710322946477167575589239721595946676041589812552667989396026805485495515027670 0 0 0 0 0 0 0 0 0 0 0 0 0 0 0 0 0 0 0 0 0 0 0 0 0 0 0 0 0 0 0 0 0 0 0 0 0 0 0 0 1 0 0 0 0 0 0 0 0 0 0 0 0 0 0 0 0 0 0 0 0]
[2153813980301751972000384567258187796113510364253978610217326146461552529832097550891567566685492493908663791135525887794705954528248996136434031087128310476359199199298500739108815241270 0 0 0 0 0 0 0 0 0 0 0 0 0 0 0 0 0 0 0 0 0 0 0 0 0 0 0 0 0 0 0 0 0 0 0 0 0 0 0 0 0 1 0 0 0 0 0 0 0 0 0 0 0 0 0 0 0 0 0 0 0]
[1306196546260984850187111718427082056866172313558146640714759875499235036165963409089153290111239811900309281583565465820707382397223149326444420965788465805813684615370793598241635607430 0 0 0 0 0 0 0 0 0 0 0 0 0 0 0 0 0 0 0 0 0 0 0 0 0 0 0 0 0 0 0 0 0 0 0 0 0 0 0 0 0 0 1 0 0 0 0 0 0 0 0 0 0 0 0 0 0 0 0 0 0]
[1420382587919565439430837691650237658113167847074479161882373808930314473791573101810353195960161522929806617557185110442484308748628219322317741685982446471078514735725459452440067295921 0 0 0 0 0 0 0 0 0 0 0 0 0 0 0 0 0 0 0 0 0 0 0 0 0 0 0 0 0 0 0 0 0 0 0 0 0 0 0 0 0 0 0 1 0 0 0 0 0 0 0 0 0 0 0 0 0 0 0 0 0]
[2268747474522290835018039587349787280208901610845017855049614026111932884306397139039949280420049574928376754965675514018990410119678118193685752392828434260271081279761818922978678837292 0 0 0 0 0 0 0 0 0 0 0 0 0 0 0 0 0 0 0 0 0 0 0 0 0 0 0 0 0 0 0 0 0 0 0 0 0 0 0 0 0 0 0 0 1 0 0 0 0 0 0 0 0 0 0 0 0 0 0 0 0]
[1645783367888309200138309256113368544146149793994835764756293359855891384807280761217776601587883538952456493820614213913376186971938443370300410265015763227213184497157020984421907424748 0 0 0 0 0 0 0 0 0 0 0 0 0 0 0 0 0 0 0 0 0 0 0 0 0 0 0 0 0 0 0 0 0 0 0 0 0 0 0 0 0 0 0 0 0 1 0 0 0 0 0 0 0 0 0 0 0 0 0 0 0]
[2275087587784316051718948263664444039164543719004456941251253347379045051480327007859440919202930373224417558235570812642422322518978281873422506572021242830486940443572804544709413440341 0 0 0 0 0 0 0 0 0 0 0 0 0 0 0 0 0 0 0 0 0 0 0 0 0 0 0 0 0 0 0 0 0 0 0 0 0 0 0 0 0 0 0 0 0 0 1 0 0 0 0 0 0 0 0 0 0 0 0 0 0]
[1487248018896448668837961002856754768625081301764484835656022382164206633339305485920876707722732470580858069596490187162959179365470004584424564328849345521049279594805265045648011983391 0 0 0 0 0 0 0 0 0 0 0 0 0 0 0 0 0 0 0 0 0 0 0 0 0 0 0 0 0 0 0 0 0 0 0 0 0 0 0 0 0 0 0 0 0 0 0 1 0 0 0 0 0 0 0 0 0 0 0 0 0]
[1549801063419203572570945524023385285304587015203351904454082921871107088818512594558460225912152886027659134819718139678719905175058314650837014825512528273353802945196115373027392859522 0 0 0 0 0 0 0 0 0 0 0 0 0 0 0 0 0 0 0 0 0 0 0 0 0 0 0 0 0 0 0 0 0 0 0 0 0 0 0 0 0 0 0 0 0 0 0 0 1 0 0 0 0 0 0 0 0 0 0 0 0]
[1217217939670193044045232713574475477163676325585989288325812552601968125745848956354412424444041878955088525532853986223205186957815021563108871545879496357063196001083837633858066977104 0 0 0 0 0 0 0 0 0 0 0 0 0 0 0 0 0 0 0 0 0 0 0 0 0 0 0 0 0 0 0 0 0 0 0 0 0 0 0 0 0 0 0 0 0 0 0 0 0 1 0 0 0 0 0 0 0 0 0 0 0]
[1530902532456495484265926940843413750307505167658162790773481422546795022588187634205119727338443789518970137549146938928600318654929672486791374429816023972172722932815394516048692000289 0 0 0 0 0 0 0 0 0 0 0 0 0 0 0 0 0 0 0 0 0 0 0 0 0 0 0 0 0 0 0 0 0 0 0 0 0 0 0 0 0 0 0 0 0 0 0 0 0 0 1 0 0 0 0 0 0 0 0 0 0]
[1937871867808316648973977563131932413532058166898919645329397868136337466124233671854422297167106056603290547486768536787780057748072701731428886880100806818830615618742794595231469088488 0 0 0 0 0 0 0 0 0 0 0 0 0 0 0 0 0 0 0 0 0 0 0 0 0 0 0 0 0 0 0 0 0 0 0 0 0 0 0 0 0 0 0 0 0 0 0 0 0 0 0 1 0 0 0 0 0 0 0 0 0]
[1145675590977497053259184238218762506867895134821893011820922863822566871386488605825630829154717042620456885620066712817291015159887518549345646883684391577674068879820833902348660555849 0 0 0 0 0 0 0 0 0 0 0 0 0 0 0 0 0 0 0 0 0 0 0 0 0 0 0 0 0 0 0 0 0 0 0 0 0 0 0 0 0 0 0 0 0 0 0 0 0 0 0 0 1 0 0 0 0 0 0 0 0]
[2054970981159543648950419301550114568578650970555342118259844593716606901001599146761170294870863304468845059676445937234382378294668484431495703319406742212876737610222247377967785464260 0 0 0 0 0 0 0 0 0 0 0 0 0 0 0 0 0 0 0 0 0 0 0 0 0 0 0 0 0 0 0 0 0 0 0 0 0 0 0 0 0 0 0 0 0 0 0 0 0 0 0 0 0 1 0 0 0 0 0 0 0]
[779011876485947547245760006945417729079871452324095841301786009545483605494375045450053188003377184116835893697597367957264133005835933920086679389506130209626024943717073885612628883280 0 0 0 0 0 0 0 0 0 0 0 0 0 0 0 0 0 0 0 0 0 0 0 0 0 0 0 0 0 0 0 0 0 0 0 0 0 0 0 0 0 0 0 0 0 0 0 0 0 0 0 0 0 0 1 0 0 0 0 0 0]
[1434513920918870692536919270516624350112956954703052555602482290380797584959153322424079981936009693906842382112451982997751094240957340216547598129892594845351041787692517660629174279796 0 0 0 0 0 0 0 0 0 0 0 0 0 0 0 0 0 0 0 0 0 0 0 0 0 0 0 0 0 0 0 0 0 0 0 0 0 0 0 0 0 0 0 0 0 0 0 0 0 0 0 0 0 0 0 1 0 0 0 0 0]
[1054989257614398872479274810444629657279241302363992229194599037400029027861820652800191582755631848122890116488565450999141992436335270579873333403000805709022077772821281093479671297916 0 0 0 0 0 0 0 0 0 0 0 0 0 0 0 0 0 0 0 0 0 0 0 0 0 0 0 0 0 0 0 0 0 0 0 0 0 0 0 0 0 0 0 0 0 0 0 0 0 0 0 0 0 0 0 0 1 0 0 0 0]
[490273355764287471420045650268852424003462304561854464779533518115102382737928495294625634657057356380379129982128434416590978289375313970300181514555464144422125491890109190119680636028 0 0 0 0 0 0 0 0 0 0 0 0 0 0 0 0 0 0 0 0 0 0 0 0 0 0 0 0 0 0 0 0 0 0 0 0 0 0 0 0 0 0 0 0 0 0 0 0 0 0 0 0 0 0 0 0 0 1 0 0 0]
[556216438703573788377654183254604414463390663076362264254515374160030772924949595571634627728876259698733147969876301548977560650250602562184786560767057341119821821405540554602904172583 0 0 0 0 0 0 0 0 0 0 0 0 0 0 0 0 0 0 0 0 0 0 0 0 0 0 0 0 0 0 0 0 0 0 0 0 0 0 0 0 0 0 0 0 0 0 0 0 0 0 0 0 0 0 0 0 0 0 1 0 0]
[1581327163975685179952212419795245097398106854563622741356418169320525493622560634981337978990096727460996092819060361832612708765729891476641569021796037757162774950437161209522668828221 0 0 0 0 0 0 0 0 0 0 0 0 0 0 0 0 0 0 0 0 0 0 0 0 0 0 0 0 0 0 0 0 0 0 0 0 0 0 0 0 0 0 0 0 0 0 0 0 0 0 0 0 0 0 0 0 0 0 0 1 0]
[188842895098825951464676437658717709109172892242995997509192202773646083922952494757741944793586164090227251641496467520877614603813642813260251119276115799055252934662576663706018543200 0 0 0 0 0 0 0 0 0 0 0 0 0 0 0 0 0 0 0 0 0 0 0 0 0 0 0 0 0 0 0 0 0 0 0 0 0 0 0 0 0 0 0 0 0 0 0 0 0 0 0 0 0 0 0 0 0 0 0 0 1]
]
