[[4955161023793886244966568880941082674792844447081426345643972887493412141962347305586551685301644095765250448138441126762968568025866070801534474487584572518936558891442021046020618224470619081162877162025315459241385106160559695586214871886474956137988977988565566766061 0 0 0 0 0 0 0 0 0 0 0 0 0 0 0 0 0 0 0 0 0 0 0 0 0 0 0 0 0 0 0 0 0 0 0 0 0 0 0 0 0 0 0 0 0 0 0 0 0 0 0 0 0 0 0 0 0 0 0 0 0 0 0 0 0 0 0 0 0 0 0 0 0 0 0 0 0 0 0 0 0 0 0 0 0 0 0 0 0]
[4255948699424498280726792998945137520249216662203685475257969905924769806722722384319670042200034502465626317345452089294126237716754584202819773890437920704963912720283219334190765289414743485446459366716041716720957616398445907369616916801282738555310405440206264839891 1 0 0 0 0 0 0 0 0 0 0 0 0 0 0 0 0 0 0 0 0 0 0 0 0 0 0 0 0 0 0 0 0 0 0 0 0 0 0 0 0 0 0 0 0 0 0 0 0 0 0 0 0 0 0 0 0 0 0 0 0 0 0 0 0 0 0 0 0 0 0 0 0 0 0 0 0 0 0 0 0 0 0 0 0 0 0 0 0]
[4144502404723704415640957925316365442095621347960375259507959645889966319693997333963102380538452574103743052784313746846474021355061157326441954071919620331965442332510762433037222063912889396067017523484716484778309681761998589896151813519082846825064552578697036171734 0 1 0 0 0 0 0 0 0 0 0 0 0 0 0 0 0 0 0 0 0 0 0 0 0 0 0 0 0 0 0 0 0 0 0 0 0 0 0 0 0 0 0 0 0 0 0 0 0 0 0 0 0 0 0 0 0 0 0 0 0 0 0 0 0 0 0 0 0 0 0 0 0 0 0 0 0 0 0 0 0 0 0 0 0 0 0 0 0]
[4094937845541509376495062678715387045634484584334253854134520344389609949226308990718336007838066617229842532631372044062627268533708618023906700796948780836616352435708722252278411246047945557738637666963134562599687132919834108423188910629662018351383472035809484358357 0 0 1 0 0 0 0 0 0 0 0 0 0 0 0 0 0 0 0 0 0 0 0 0 0 0 0 0 0 0 0 0 0 0 0 0 0 0 0 0 0 0 0 0 0 0 0 0 0 0 0 0 0 0 0 0 0 0 0 0 0 0 0 0 0 0 0 0 0 0 0 0 0 0 0 0 0 0 0 0 0 0 0 0 0 0 0 0 0]
[2275316746092285227968712345063900129551332847069180258557202442194919105299427045981806593824651191327112454415128852337281445459897379926309203501466223812371421628893335814421080782769491357586890271876488492488001669238339137873369351116829080164354563905684576405879 0 0 0 1 0 0 0 0 0 0 0 0 0 0 0 0 0 0 0 0 0 0 0 0 0 0 0 0 0 0 0 0 0 0 0 0 0 0 0 0 0 0 0 0 0 0 0 0 0 0 0 0 0 0 0 0 0 0 0 0 0 0 0 0 0 0 0 0 0 0 0 0 0 0 0 0 0 0 0 0 0 0 0 0 0 0 0 0 0]
[3339206597997064211089452882649605849704178240565756164133033465050294368553300112351914376415042466731180643178733638348674423912773609806426859065672384904420630427737543031969603828613387797807041670633548927072054109278562372724896487733285241978924494564074605721795 0 0 0 0 1 0 0 0 0 0 0 0 0 0 0 0 0 0 0 0 0 0 0 0 0 0 0 0 0 0 0 0 0 0 0 0 0 0 0 0 0 0 0 0 0 0 0 0 0 0 0 0 0 0 0 0 0 0 0 0 0 0 0 0 0 0 0 0 0 0 0 0 0 0 0 0 0 0 0 0 0 0 0 0 0 0 0 0 0]
[2733001502385022727858579672615935617014946701546867032658650621785442955735191696499941491148442698899937489596274903059936636119656439357893657895613591737212453569678902602795565722574490863988164274817355036200288026823733673904604407670058214568945956980957509277032 0 0 0 0 0 1 0 0 0 0 0 0 0 0 0 0 0 0 0 0 0 0 0 0 0 0 0 0 0 0 0 0 0 0 0 0 0 0 0 0 0 0 0 0 0 0 0 0 0 0 0 0 0 0 0 0 0 0 0 0 0 0 0 0 0 0 0 0 0 0 0 0 0 0 0 0 0 0 0 0 0 0 0 0 0 0 0 0 0]
[1412453734700102250325029862868076273991564715502467744635643177077555095064525071938016638497937749072106816041644877626380067001385652709191630440470218590907336939256725309762554199942550935243428500791606157407661844359888602019851007450288511154125698466245019379022 0 0 0 0 0 0 1 0 0 0 0 0 0 0 0 0 0 0 0 0 0 0 0 0 0 0 0 0 0 0 0 0 0 0 0 0 0 0 0 0 0 0 0 0 0 0 0 0 0 0 0 0 0 0 0 0 0 0 0 0 0 0 0 0 0 0 0 0 0 0 0 0 0 0 0 0 0 0 0 0 0 0 0 0 0 0 0 0 0]
[3678236789098356266410447324435491076554357144637350827014500161768437230396279495568685075351142368063852188478945666861328726792834354904780518067324543890827138741898170265456250707778229869585561179145659729325654569639460996293807871417453728079169165909417283404067 0 0 0 0 0 0 0 1 0 0 0 0 0 0 0 0 0 0 0 0 0 0 0 0 0 0 0 0 0 0 0 0 0 0 0 0 0 0 0 0 0 0 0 0 0 0 0 0 0 0 0 0 0 0 0 0 0 0 0 0 0 0 0 0 0 0 0 0 0 0 0 0 0 0 0 0 0 0 0 0 0 0 0 0 0 0 0 0 0]
[4716876489647553995996712634293139773288258069555534045299188647399147514882622477613836805192233673477501890775316258866354836918484418225683987468893787651653977187354012804225043320079537528228914383460355236538235116462914720806467237360681059686168865457725339025788 0 0 0 0 0 0 0 0 1 0 0 0 0 0 0 0 0 0 0 0 0 0 0 0 0 0 0 0 0 0 0 0 0 0 0 0 0 0 0 0 0 0 0 0 0 0 0 0 0 0 0 0 0 0 0 0 0 0 0 0 0 0 0 0 0 0 0 0 0 0 0 0 0 0 0 0 0 0 0 0 0 0 0 0 0 0 0 0 0]
[3310848240705325818431167579186387647337727420646057931105900262710126617123568818926079055794317977544049168413956675626842795937709546981339547956009205253893465414356338064530839964596130819866384493306787912331835024996656603645389747059124179472034562246596404665433 0 0 0 0 0 0 0 0 0 1 0 0 0 0 0 0 0 0 0 0 0 0 0 0 0 0 0 0 0 0 0 0 0 0 0 0 0 0 0 0 0 0 0 0 0 0 0 0 0 0 0 0 0 0 0 0 0 0 0 0 0 0 0 0 0 0 0 0 0 0 0 0 0 0 0 0 0 0 0 0 0 0 0 0 0 0 0 0 0]
[4563718911369588373292437120102418002148624239595156445752989404926899682647906321102082840735408984209804032460954773451055592269454207463298283048389637018138297757208041197665475151501247221720102221176462972922716620416147897998074020611615034599630088918897487707261 0 0 0 0 0 0 0 0 0 0 1 0 0 0 0 0 0 0 0 0 0 0 0 0 0 0 0 0 0 0 0 0 0 0 0 0 0 0 0 0 0 0 0 0 0 0 0 0 0 0 0 0 0 0 0 0 0 0 0 0 0 0 0 0 0 0 0 0 0 0 0 0 0 0 0 0 0 0 0 0 0 0 0 0 0 0 0 0 0]
[1335741719517898967177342037327032366669758961151937893992436417806778389430699059384737612141236835515944946733582866534207363244864877833506496934489149286540509874773711084179895790371241794887498540283965399954230867650258212197669130514485730814733446053437258034369 0 0 0 0 0 0 0 0 0 0 0 1 0 0 0 0 0 0 0 0 0 0 0 0 0 0 0 0 0 0 0 0 0 0 0 0 0 0 0 0 0 0 0 0 0 0 0 0 0 0 0 0 0 0 0 0 0 0 0 0 0 0 0 0 0 0 0 0 0 0 0 0 0 0 0 0 0 0 0 0 0 0 0 0 0 0 0 0 0]
[4590187114886858066243267798284696467226492005403279331584198458756362140199008265661161180959109787943884984831440425603080865138937141339994050641496984240792451136888806375626860652662691219964220668931825561898770315818486486176507860843952761717502897864216999328991 0 0 0 0 0 0 0 0 0 0 0 0 1 0 0 0 0 0 0 0 0 0 0 0 0 0 0 0 0 0 0 0 0 0 0 0 0 0 0 0 0 0 0 0 0 0 0 0 0 0 0 0 0 0 0 0 0 0 0 0 0 0 0 0 0 0 0 0 0 0 0 0 0 0 0 0 0 0 0 0 0 0 0 0 0 0 0 0 0]
[340327544230954934873273427620299835534902578888180122777820592706070734779854689962626482788582970376971444894248319601662126646065924471942849701621379046744064667638101119367695188238953065610157038088607089265171690960144118189702052445616673009818081160619545571462 0 0 0 0 0 0 0 0 0 0 0 0 0 1 0 0 0 0 0 0 0 0 0 0 0 0 0 0 0 0 0 0 0 0 0 0 0 0 0 0 0 0 0 0 0 0 0 0 0 0 0 0 0 0 0 0 0 0 0 0 0 0 0 0 0 0 0 0 0 0 0 0 0 0 0 0 0 0 0 0 0 0 0 0 0 0 0 0 0]
[3909907384835807809773902742084782031677043106270193803067898019427086989996275177606777802291645008619939853921362667671179975387136710760619282224094047806452459809451173738662375585759245024350577941914359014993397855967629446071181240420239247392527147426075815984581 0 0 0 0 0 0 0 0 0 0 0 0 0 0 1 0 0 0 0 0 0 0 0 0 0 0 0 0 0 0 0 0 0 0 0 0 0 0 0 0 0 0 0 0 0 0 0 0 0 0 0 0 0 0 0 0 0 0 0 0 0 0 0 0 0 0 0 0 0 0 0 0 0 0 0 0 0 0 0 0 0 0 0 0 0 0 0 0 0]
[4191435371627681940344678150401400769680968457926726458944419910005916183624589284405273864488971483239004052253377830821933712307287535616825956022491609147371730529946894437947286969601322547639063727938092941901557941906111347811245378869437465999397188640757551102324 0 0 0 0 0 0 0 0 0 0 0 0 0 0 0 1 0 0 0 0 0 0 0 0 0 0 0 0 0 0 0 0 0 0 0 0 0 0 0 0 0 0 0 0 0 0 0 0 0 0 0 0 0 0 0 0 0 0 0 0 0 0 0 0 0 0 0 0 0 0 0 0 0 0 0 0 0 0 0 0 0 0 0 0 0 0 0 0 0]
[1043460166963090167538229558064503632183049851645471774452995231939632490715990790003992374076456616896793119674745538908209314528617549989049216597203601163872267148785093469210296671512758173497656209682748411535594444828377817769620874813127570586021680445496711092511 0 0 0 0 0 0 0 0 0 0 0 0 0 0 0 0 1 0 0 0 0 0 0 0 0 0 0 0 0 0 0 0 0 0 0 0 0 0 0 0 0 0 0 0 0 0 0 0 0 0 0 0 0 0 0 0 0 0 0 0 0 0 0 0 0 0 0 0 0 0 0 0 0 0 0 0 0 0 0 0 0 0 0 0 0 0 0 0 0]
[4491651180106800118499256850580895128389197577094193410727850232272851837441442467518390607563317586912124957278063956369684548209250863305918700725063703945276041235248414168550595379393889488692395557305666798841211706924807682228036517210753298087029871674318184842133 0 0 0 0 0 0 0 0 0 0 0 0 0 0 0 0 0 1 0 0 0 0 0 0 0 0 0 0 0 0 0 0 0 0 0 0 0 0 0 0 0 0 0 0 0 0 0 0 0 0 0 0 0 0 0 0 0 0 0 0 0 0 0 0 0 0 0 0 0 0 0 0 0 0 0 0 0 0 0 0 0 0 0 0 0 0 0 0 0]
[1436625334838525131030807268111214353673220302182162081284635096435472575223890801930861414213105609281624933139742673375268576363842253140002174421062605563133050745914718790998363919139786867991269715806464185258340982970972316725884554493722364261916797563080783347395 0 0 0 0 0 0 0 0 0 0 0 0 0 0 0 0 0 0 1 0 0 0 0 0 0 0 0 0 0 0 0 0 0 0 0 0 0 0 0 0 0 0 0 0 0 0 0 0 0 0 0 0 0 0 0 0 0 0 0 0 0 0 0 0 0 0 0 0 0 0 0 0 0 0 0 0 0 0 0 0 0 0 0 0 0 0 0 0 0]
[3212235174407691179672883020854397184770060829669451501594614154826851687630183101945997022136404918070491236243321094561674876800065498110349698059548351773750756446724932840558370290704876396099328316050248582699351903185102184579408032501117758089599024496290349539651 0 0 0 0 0 0 0 0 0 0 0 0 0 0 0 0 0 0 0 1 0 0 0 0 0 0 0 0 0 0 0 0 0 0 0 0 0 0 0 0 0 0 0 0 0 0 0 0 0 0 0 0 0 0 0 0 0 0 0 0 0 0 0 0 0 0 0 0 0 0 0 0 0 0 0 0 0 0 0 0 0 0 0 0 0 0 0 0 0]
[3480669952194001738156227981608552683899150372351138546768368188047004542547112003829103627071531225882239696701075756540923398665396541060559396248293944340920207212366007720087950056851662205895676024155799328531457324693624385211615105415324248837467601805333892168749 0 0 0 0 0 0 0 0 0 0 0 0 0 0 0 0 0 0 0 0 1 0 0 0 0 0 0 0 0 0 0 0 0 0 0 0 0 0 0 0 0 0 0 0 0 0 0 0 0 0 0 0 0 0 0 0 0 0 0 0 0 0 0 0 0 0 0 0 0 0 0 0 0 0 0 0 0 0 0 0 0 0 0 0 0 0 0 0 0]
[1796639462825782082649662792818956869570839209097410242296890514571209900119043919542259322875924127468419618288504227481700722937110455868164035454937970638495446675805900498308801576390072362176330787890581428710807556317529672620668192075041121702810089397565838200325 0 0 0 0 0 0 0 0 0 0 0 0 0 0 0 0 0 0 0 0 0 1 0 0 0 0 0 0 0 0 0 0 0 0 0 0 0 0 0 0 0 0 0 0 0 0 0 0 0 0 0 0 0 0 0 0 0 0 0 0 0 0 0 0 0 0 0 0 0 0 0 0 0 0 0 0 0 0 0 0 0 0 0 0 0 0 0 0 0]
[3676835014230807193436416305474006712963790844810568770118691367925605609271259251308045423218214057018983282486109639380708885954185290004248240593825122676463569939846728610941802014087832948486195482645292066482397628702906585354383512171981087025215555585511160670789 0 0 0 0 0 0 0 0 0 0 0 0 0 0 0 0 0 0 0 0 0 0 1 0 0 0 0 0 0 0 0 0 0 0 0 0 0 0 0 0 0 0 0 0 0 0 0 0 0 0 0 0 0 0 0 0 0 0 0 0 0 0 0 0 0 0 0 0 0 0 0 0 0 0 0 0 0 0 0 0 0 0 0 0 0 0 0 0 0]
[4612165469135961705871734221674230117056366901539362389925825001251643642520438450996447714641709048495733521166155158311643826839880420628014349899022744678292372263642851364799666761859117579163463372986937230511992636230628274197117912172956791606167611504695026918855 0 0 0 0 0 0 0 0 0 0 0 0 0 0 0 0 0 0 0 0 0 0 0 1 0 0 0 0 0 0 0 0 0 0 0 0 0 0 0 0 0 0 0 0 0 0 0 0 0 0 0 0 0 0 0 0 0 0 0 0 0 0 0 0 0 0 0 0 0 0 0 0 0 0 0 0 0 0 0 0 0 0 0 0 0 0 0 0 0]
[2796768729630542394268345774074827240974208278804171083063416796433282277070614242092315684675419225212193303161456522468928922547825476919229906967628263903309824158980970662914322980483017401808696849772111062855373764029848502869624405739083121395584045306694239082075 0 0 0 0 0 0 0 0 0 0 0 0 0 0 0 0 0 0 0 0 0 0 0 0 1 0 0 0 0 0 0 0 0 0 0 0 0 0 0 0 0 0 0 0 0 0 0 0 0 0 0 0 0 0 0 0 0 0 0 0 0 0 0 0 0 0 0 0 0 0 0 0 0 0 0 0 0 0 0 0 0 0 0 0 0 0 0 0 0]
[1785243908934836410579316835557630083916139754024292609973856501197732715342305035890750428209776375386382788775830503761046204741554213632096949693405074957312126929713663917098514128628934555847611437681613640151628980999123385591260359925456817840569184501003473082027 0 0 0 0 0 0 0 0 0 0 0 0 0 0 0 0 0 0 0 0 0 0 0 0 0 1 0 0 0 0 0 0 0 0 0 0 0 0 0 0 0 0 0 0 0 0 0 0 0 0 0 0 0 0 0 0 0 0 0 0 0 0 0 0 0 0 0 0 0 0 0 0 0 0 0 0 0 0 0 0 0 0 0 0 0 0 0 0 0]
[2713728808303246202266529932732937471832700571317928608338700940891480833009372215691350056869638813466693060819775396266719196441537455029531585493194033943203515011916747146421989497083552358503622633576097881667994803994740584331178572756582140787260413705158175258145 0 0 0 0 0 0 0 0 0 0 0 0 0 0 0 0 0 0 0 0 0 0 0 0 0 0 1 0 0 0 0 0 0 0 0 0 0 0 0 0 0 0 0 0 0 0 0 0 0 0 0 0 0 0 0 0 0 0 0 0 0 0 0 0 0 0 0 0 0 0 0 0 0 0 0 0 0 0 0 0 0 0 0 0 0 0 0 0 0]
[1483813213071760454196353589265286665456186942783054484555771784835343836345948042039072580781770161784762699828642915894613830329327152688361228682787085036258411823731604042584022660847158606471101597096180448341788583077972513922297004962488488193494518368671022823397 0 0 0 0 0 0 0 0 0 0 0 0 0 0 0 0 0 0 0 0 0 0 0 0 0 0 0 1 0 0 0 0 0 0 0 0 0 0 0 0 0 0 0 0 0 0 0 0 0 0 0 0 0 0 0 0 0 0 0 0 0 0 0 0 0 0 0 0 0 0 0 0 0 0 0 0 0 0 0 0 0 0 0 0 0 0 0 0 0]
[192473171211081686886170090307336934117007601663487305289591066769199098326841244393241647966400329989964299810562193971722320488320462738938159976856027121876553621134976149439009981641606212425645311169021710382183792147612341418871452345414945765708605895515471389818 0 0 0 0 0 0 0 0 0 0 0 0 0 0 0 0 0 0 0 0 0 0 0 0 0 0 0 0 1 0 0 0 0 0 0 0 0 0 0 0 0 0 0 0 0 0 0 0 0 0 0 0 0 0 0 0 0 0 0 0 0 0 0 0 0 0 0 0 0 0 0 0 0 0 0 0 0 0 0 0 0 0 0 0 0 0 0 0 0]
[887759428825703183983952266727663974458008341826919021389757304395192430346262073525657664951541765726023639093352275405428225452937766958755779840327637810287581926228468424615162930853501083856089582771053521697302750560682570954329428383585865187474632442475562405527 0 0 0 0 0 0 0 0 0 0 0 0 0 0 0 0 0 0 0 0 0 0 0 0 0 0 0 0 0 1 0 0 0 0 0 0 0 0 0 0 0 0 0 0 0 0 0 0 0 0 0 0 0 0 0 0 0 0 0 0 0 0 0 0 0 0 0 0 0 0 0 0 0 0 0 0 0 0 0 0 0 0 0 0 0 0 0 0 0]
[1823735456138163825063438392223687441119630352753128020160313779786576751254847772278964179644848174235076895314285796322973382522641467541752933091182768732169465806279386553867854323411594310832212353843202790072435867703972196444857917436145089431522619973004889107348 0 0 0 0 0 0 0 0 0 0 0 0 0 0 0 0 0 0 0 0 0 0 0 0 0 0 0 0 0 0 1 0 0 0 0 0 0 0 0 0 0 0 0 0 0 0 0 0 0 0 0 0 0 0 0 0 0 0 0 0 0 0 0 0 0 0 0 0 0 0 0 0 0 0 0 0 0 0 0 0 0 0 0 0 0 0 0 0 0]
[2317506423724065313927874738821670545966759698463784466383391409147728569526620544574817184849484041428607063195222607318061297636435354417394601406990123399930691982480342361401588299494685742967699015507396239463336789773362439382789508328659719583461851955797346081734 0 0 0 0 0 0 0 0 0 0 0 0 0 0 0 0 0 0 0 0 0 0 0 0 0 0 0 0 0 0 0 1 0 0 0 0 0 0 0 0 0 0 0 0 0 0 0 0 0 0 0 0 0 0 0 0 0 0 0 0 0 0 0 0 0 0 0 0 0 0 0 0 0 0 0 0 0 0 0 0 0 0 0 0 0 0 0 0 0]
[3150626167042431509849953325320595401767360998456120854035727101271063253307640117130411174846627162466567568043388803456596001500841036078111542325433535803138578508348738203039496305717183759038104603316588049268470397542986988803753754565714884952518628026780636355961 0 0 0 0 0 0 0 0 0 0 0 0 0 0 0 0 0 0 0 0 0 0 0 0 0 0 0 0 0 0 0 0 1 0 0 0 0 0 0 0 0 0 0 0 0 0 0 0 0 0 0 0 0 0 0 0 0 0 0 0 0 0 0 0 0 0 0 0 0 0 0 0 0 0 0 0 0 0 0 0 0 0 0 0 0 0 0 0 0]
[4243441262301081178722890297318606057657126695329067849393097252881338820445593253098442414482371917891034842026345382657844024157556262264792407004628881453069540584539290044866913009304447113890158478983495248379897439100507480799311289175356302664235246285428295415994 0 0 0 0 0 0 0 0 0 0 0 0 0 0 0 0 0 0 0 0 0 0 0 0 0 0 0 0 0 0 0 0 0 1 0 0 0 0 0 0 0 0 0 0 0 0 0 0 0 0 0 0 0 0 0 0 0 0 0 0 0 0 0 0 0 0 0 0 0 0 0 0 0 0 0 0 0 0 0 0 0 0 0 0 0 0 0 0 0]
[2566643819519043839018802081633129427007502313865754532385253332646057245484388234175051347496308455457147235289888224478993002631561401716165520790200978720976651104806101354258996912505369833600365821089151133757190929882883849262995171167921859590799502912062502762916 0 0 0 0 0 0 0 0 0 0 0 0 0 0 0 0 0 0 0 0 0 0 0 0 0 0 0 0 0 0 0 0 0 0 1 0 0 0 0 0 0 0 0 0 0 0 0 0 0 0 0 0 0 0 0 0 0 0 0 0 0 0 0 0 0 0 0 0 0 0 0 0 0 0 0 0 0 0 0 0 0 0 0 0 0 0 0 0 0]
[3867207219053356375236070457495279313648390988594259971894875796546878658584293523458730309655075122699776948591833278243165622310271198891035554760111368172936793107745612944163748571017611101772480358489072586674421412596001745918687710274870417687621997555738158340246 0 0 0 0 0 0 0 0 0 0 0 0 0 0 0 0 0 0 0 0 0 0 0 0 0 0 0 0 0 0 0 0 0 0 0 1 0 0 0 0 0 0 0 0 0 0 0 0 0 0 0 0 0 0 0 0 0 0 0 0 0 0 0 0 0 0 0 0 0 0 0 0 0 0 0 0 0 0 0 0 0 0 0 0 0 0 0 0 0]
[1256425334717299747774613312557287799824983456318897054992928672751228052843443402042263511329695017603498516591751213245427474726938819150144976370275676567637599444221001335542139999073761568038270259017922750416702248913987886540772674805879131946569277753018457950438 0 0 0 0 0 0 0 0 0 0 0 0 0 0 0 0 0 0 0 0 0 0 0 0 0 0 0 0 0 0 0 0 0 0 0 0 1 0 0 0 0 0 0 0 0 0 0 0 0 0 0 0 0 0 0 0 0 0 0 0 0 0 0 0 0 0 0 0 0 0 0 0 0 0 0 0 0 0 0 0 0 0 0 0 0 0 0 0 0]
[2429993876331320894855816440229085282304564523916100610097922331700408187901196052383852445085516712246742027037019890972663715418846651979412119739196382002700908306619799232806015223451834105248731203389912527810180519879056840835818876409630355816570652442574779374630 0 0 0 0 0 0 0 0 0 0 0 0 0 0 0 0 0 0 0 0 0 0 0 0 0 0 0 0 0 0 0 0 0 0 0 0 0 1 0 0 0 0 0 0 0 0 0 0 0 0 0 0 0 0 0 0 0 0 0 0 0 0 0 0 0 0 0 0 0 0 0 0 0 0 0 0 0 0 0 0 0 0 0 0 0 0 0 0 0]
[315890397394748794863951067492169735764038041444636418882631811506234431224860782040865433229350086554331758629583600176283377378319050731585592119987300862117593810263148976575413055374498970027563986130159205662407003036377215406992457054997979332962980642022784523273 0 0 0 0 0 0 0 0 0 0 0 0 0 0 0 0 0 0 0 0 0 0 0 0 0 0 0 0 0 0 0 0 0 0 0 0 0 0 1 0 0 0 0 0 0 0 0 0 0 0 0 0 0 0 0 0 0 0 0 0 0 0 0 0 0 0 0 0 0 0 0 0 0 0 0 0 0 0 0 0 0 0 0 0 0 0 0 0 0]
[4168807669700428003810341673567523440171637264457308468671833226071085759797891126580389332655461711189967213907768783554231037558764369934534680195255348320787710297268614176259424246971154134908261685691477236778275249706707159239593327697107154946092794023665063623913 0 0 0 0 0 0 0 0 0 0 0 0 0 0 0 0 0 0 0 0 0 0 0 0 0 0 0 0 0 0 0 0 0 0 0 0 0 0 0 1 0 0 0 0 0 0 0 0 0 0 0 0 0 0 0 0 0 0 0 0 0 0 0 0 0 0 0 0 0 0 0 0 0 0 0 0 0 0 0 0 0 0 0 0 0 0 0 0 0]
[3350779717368673251722042417583973201550644758869765285308955635148369365566696888497712535852249370461161818252841196326112863748169069858305048343243503289041320923941078171482568551329764129087795194167102405196040761498845032525376142858897283395590653102956998483139 0 0 0 0 0 0 0 0 0 0 0 0 0 0 0 0 0 0 0 0 0 0 0 0 0 0 0 0 0 0 0 0 0 0 0 0 0 0 0 0 1 0 0 0 0 0 0 0 0 0 0 0 0 0 0 0 0 0 0 0 0 0 0 0 0 0 0 0 0 0 0 0 0 0 0 0 0 0 0 0 0 0 0 0 0 0 0 0 0]
[2257814930158606997974132624342621516440757446774368534071422852287128455898267814237031350193931591940364638343588456875152179552360114824772612179664663268910539335407635119560816368077745548256071103312679859661420604249952157084500878111704827532507064129035377709462 0 0 0 0 0 0 0 0 0 0 0 0 0 0 0 0 0 0 0 0 0 0 0 0 0 0 0 0 0 0 0 0 0 0 0 0 0 0 0 0 0 1 0 0 0 0 0 0 0 0 0 0 0 0 0 0 0 0 0 0 0 0 0 0 0 0 0 0 0 0 0 0 0 0 0 0 0 0 0 0 0 0 0 0 0 0 0 0 0]
[1083594700472072778887774942670556260243679174203609896886995676632387409459859274782531784080281051686573336668296573027180731153658269523641054584166087567452542077772391187451407548453878140133867696983189473761638461179097338631676253962901433943236000642558491133975 0 0 0 0 0 0 0 0 0 0 0 0 0 0 0 0 0 0 0 0 0 0 0 0 0 0 0 0 0 0 0 0 0 0 0 0 0 0 0 0 0 0 1 0 0 0 0 0 0 0 0 0 0 0 0 0 0 0 0 0 0 0 0 0 0 0 0 0 0 0 0 0 0 0 0 0 0 0 0 0 0 0 0 0 0 0 0 0 0]
[86066195112772523939602309873274530625302807466010955131049110478386066233286270472813830251974636374450251304619383651137651051816566220315248835110903337098745506122056962021071441044813219434281288483039937995777013768497813141341625664689391564214577459432942921121 0 0 0 0 0 0 0 0 0 0 0 0 0 0 0 0 0 0 0 0 0 0 0 0 0 0 0 0 0 0 0 0 0 0 0 0 0 0 0 0 0 0 0 1 0 0 0 0 0 0 0 0 0 0 0 0 0 0 0 0 0 0 0 0 0 0 0 0 0 0 0 0 0 0 0 0 0 0 0 0 0 0 0 0 0 0 0 0 0]
[1527033424736317046854889522253961340480067035446969872922407658874828385885766667919557724608202410133878580581143720910598494410415376954480037790117127873785605613489876298830570660189020311318044947240262662704071363558126020561422679049355116431534064115426209562587 0 0 0 0 0 0 0 0 0 0 0 0 0 0 0 0 0 0 0 0 0 0 0 0 0 0 0 0 0 0 0 0 0 0 0 0 0 0 0 0 0 0 0 0 1 0 0 0 0 0 0 0 0 0 0 0 0 0 0 0 0 0 0 0 0 0 0 0 0 0 0 0 0 0 0 0 0 0 0 0 0 0 0 0 0 0 0 0 0]
[1421735358823248677246481872656902436750469653356129485728578071741145709606841982386237126763533400760877355893501778546740495052880664503206184361080760600535227935691275981700058884017725492820385970277798849619346559150661704295807254064113098537163777296217467619578 0 0 0 0 0 0 0 0 0 0 0 0 0 0 0 0 0 0 0 0 0 0 0 0 0 0 0 0 0 0 0 0 0 0 0 0 0 0 0 0 0 0 0 0 0 1 0 0 0 0 0 0 0 0 0 0 0 0 0 0 0 0 0 0 0 0 0 0 0 0 0 0 0 0 0 0 0 0 0 0 0 0 0 0 0 0 0 0 0]
[580839518381693598284634903092723179751156904177299332746375322286361366479527211378235738300619125653815811842653305734224402769099672580378027859704342014536423451878077156903090979965438965131263606606372306263316990311877552215543326342604852939828665793316490825549 0 0 0 0 0 0 0 0 0 0 0 0 0 0 0 0 0 0 0 0 0 0 0 0 0 0 0 0 0 0 0 0 0 0 0 0 0 0 0 0 0 0 0 0 0 0 1 0 0 0 0 0 0 0 0 0 0 0 0 0 0 0 0 0 0 0 0 0 0 0 0 0 0 0 0 0 0 0 0 0 0 0 0 0 0 0 0 0 0]
[481853370610851527666184439747342032202713235207555747273329376303293218986753825331040697257185607114443334195408420198295651327652126556742952357075780442857300598070981098920669376879446608064761019402236532834657530377165462307539641551454334287203459572840497966460 0 0 0 0 0 0 0 0 0 0 0 0 0 0 0 0 0 0 0 0 0 0 0 0 0 0 0 0 0 0 0 0 0 0 0 0 0 0 0 0 0 0 0 0 0 0 0 1 0 0 0 0 0 0 0 0 0 0 0 0 0 0 0 0 0 0 0 0 0 0 0 0 0 0 0 0 0 0 0 0 0 0 0 0 0 0 0 0 0]
[868036983904434945954015052686196793183611134186611494853919846388777220398607470621082841443011133928731956536957062388733303772912557343328066578576484229513743486969708904975973689572060306200637311519710646860595677118138872941897908115030318427818546469331023581495 0 0 0 0 0 0 0 0 0 0 0 0 0 0 0 0 0 0 0 0 0 0 0 0 0 0 0 0 0 0 0 0 0 0 0 0 0 0 0 0 0 0 0 0 0 0 0 0 1 0 0 0 0 0 0 0 0 0 0 0 0 0 0 0 0 0 0 0 0 0 0 0 0 0 0 0 0 0 0 0 0 0 0 0 0 0 0 0 0]
[3078555345971087572432240739015221804096557190135315038374643159835357856229741957585411051191181457170629722653120268542923464075654737928882615663588930940151721493997054227500627337225009065259196562716555412835096908741729838446949963805596964290730479190219379331037 0 0 0 0 0 0 0 0 0 0 0 0 0 0 0 0 0 0 0 0 0 0 0 0 0 0 0 0 0 0 0 0 0 0 0 0 0 0 0 0 0 0 0 0 0 0 0 0 0 1 0 0 0 0 0 0 0 0 0 0 0 0 0 0 0 0 0 0 0 0 0 0 0 0 0 0 0 0 0 0 0 0 0 0 0 0 0 0 0]
[591704629788436444296951670061649593236008457159744020340918548131964683546474278737203589164880909898655290797658101371931793044603140723868707801302109852442056699743009560051003036076936311254549084760473702383563290774977501575788365603500837225926118416730944198820 0 0 0 0 0 0 0 0 0 0 0 0 0 0 0 0 0 0 0 0 0 0 0 0 0 0 0 0 0 0 0 0 0 0 0 0 0 0 0 0 0 0 0 0 0 0 0 0 0 0 1 0 0 0 0 0 0 0 0 0 0 0 0 0 0 0 0 0 0 0 0 0 0 0 0 0 0 0 0 0 0 0 0 0 0 0 0 0 0]
[2973893621538573028356366224281255353381211241795465153799164545907530337782325991595868817173851336244601338151413866242392281345769704405134449396231935129876518402786257276575854736537020416714338710599820715647342871127197577719263268064471987428733982567645380865831 0 0 0 0 0 0 0 0 0 0 0 0 0 0 0 0 0 0 0 0 0 0 0 0 0 0 0 0 0 0 0 0 0 0 0 0 0 0 0 0 0 0 0 0 0 0 0 0 0 0 0 1 0 0 0 0 0 0 0 0 0 0 0 0 0 0 0 0 0 0 0 0 0 0 0 0 0 0 0 0 0 0 0 0 0 0 0 0 0]
[1080236435963617875799500618983541298558299265862158369828429932787780397609528274163724082831728023014130587665998031218299989355328913164287295068890302358959555679855710454137321813343287505274490642906706920168957802767966651677626138389359080605391157837393653872367 0 0 0 0 0 0 0 0 0 0 0 0 0 0 0 0 0 0 0 0 0 0 0 0 0 0 0 0 0 0 0 0 0 0 0 0 0 0 0 0 0 0 0 0 0 0 0 0 0 0 0 0 1 0 0 0 0 0 0 0 0 0 0 0 0 0 0 0 0 0 0 0 0 0 0 0 0 0 0 0 0 0 0 0 0 0 0 0 0]
[1048799267826898690232897446638947774289883112687280286890331129968468461693257858971840441547350256554519394887584392181047053685444298206941565986361867691679229940396860625327819796340920825271221507653699291294793752217418312038335472554706954722035748417839767923865 0 0 0 0 0 0 0 0 0 0 0 0 0 0 0 0 0 0 0 0 0 0 0 0 0 0 0 0 0 0 0 0 0 0 0 0 0 0 0 0 0 0 0 0 0 0 0 0 0 0 0 0 0 1 0 0 0 0 0 0 0 0 0 0 0 0 0 0 0 0 0 0 0 0 0 0 0 0 0 0 0 0 0 0 0 0 0 0 0]
[3239887736168844395564969698181635812735866117928115754944076976454048063570452560050358615203906788642366277989218486303322731175812448047199795883793258773015120273283566288343926898998371541894945165325522939376260430096710000892336889143237061044351959697740263749914 0 0 0 0 0 0 0 0 0 0 0 0 0 0 0 0 0 0 0 0 0 0 0 0 0 0 0 0 0 0 0 0 0 0 0 0 0 0 0 0 0 0 0 0 0 0 0 0 0 0 0 0 0 0 1 0 0 0 0 0 0 0 0 0 0 0 0 0 0 0 0 0 0 0 0 0 0 0 0 0 0 0 0 0 0 0 0 0 0]
[1951966409021813050847441026654994459253119285256742059711147078988021169028304415530088822912212420164235417710400865131838705083479023113720678614803517046824537332290059256579153783318937394729310988534820527559601318271892469298881203215108233055580632455784522570184 0 0 0 0 0 0 0 0 0 0 0 0 0 0 0 0 0 0 0 0 0 0 0 0 0 0 0 0 0 0 0 0 0 0 0 0 0 0 0 0 0 0 0 0 0 0 0 0 0 0 0 0 0 0 0 1 0 0 0 0 0 0 0 0 0 0 0 0 0 0 0 0 0 0 0 0 0 0 0 0 0 0 0 0 0 0 0 0 0]
[3641816567330239233110623976068887006115347497921624638664766899295046067163098352452733797586752421376725273181837995181815472463552089234810581337638808176698662655180423190470355259600095650950151566160781002177876101342607719495188157700910848593895905626973712678726 0 0 0 0 0 0 0 0 0 0 0 0 0 0 0 0 0 0 0 0 0 0 0 0 0 0 0 0 0 0 0 0 0 0 0 0 0 0 0 0 0 0 0 0 0 0 0 0 0 0 0 0 0 0 0 0 1 0 0 0 0 0 0 0 0 0 0 0 0 0 0 0 0 0 0 0 0 0 0 0 0 0 0 0 0 0 0 0 0]
[3803091950233611925208619932835298699753117384750210434832498666955714038905058467857576318084836775056990466929894911147086718180675789998799846459362927164544543185058938319629018021622105541153180520769325244525659159185217189009693803742576169126788404768904181542930 0 0 0 0 0 0 0 0 0 0 0 0 0 0 0 0 0 0 0 0 0 0 0 0 0 0 0 0 0 0 0 0 0 0 0 0 0 0 0 0 0 0 0 0 0 0 0 0 0 0 0 0 0 0 0 0 0 1 0 0 0 0 0 0 0 0 0 0 0 0 0 0 0 0 0 0 0 0 0 0 0 0 0 0 0 0 0 0 0]
[2114804090586318557737123645752667847902897350744526341267380713339176124730720051877271576734245680168096003120580344365225833384651475324543354739875060127886968564124809260809440968196170321410441575844874568295989977907956928807419428077117579756991722403989112791701 0 0 0 0 0 0 0 0 0 0 0 0 0 0 0 0 0 0 0 0 0 0 0 0 0 0 0 0 0 0 0 0 0 0 0 0 0 0 0 0 0 0 0 0 0 0 0 0 0 0 0 0 0 0 0 0 0 0 1 0 0 0 0 0 0 0 0 0 0 0 0 0 0 0 0 0 0 0 0 0 0 0 0 0 0 0 0 0 0]
[4903302977030998151658493493502889394303400766133105935320559037282531431065149120796599046039757127203836973722676917209161680101755524227587982333461117151332570286668106518779767766541641618554367811411196037282639288574796064084658570648743990044426901914236362131914 0 0 0 0 0 0 0 0 0 0 0 0 0 0 0 0 0 0 0 0 0 0 0 0 0 0 0 0 0 0 0 0 0 0 0 0 0 0 0 0 0 0 0 0 0 0 0 0 0 0 0 0 0 0 0 0 0 0 0 1 0 0 0 0 0 0 0 0 0 0 0 0 0 0 0 0 0 0 0 0 0 0 0 0 0 0 0 0 0]
[3450688984022781495602900369282471024779998507984381930326164836176280169230328836835608212439160118140364308287773783649487585307392344712202534456379366015913022546729941199151588683117461639158025587790581470666799267958287584189690022877525520439467163588450481565754 0 0 0 0 0 0 0 0 0 0 0 0 0 0 0 0 0 0 0 0 0 0 0 0 0 0 0 0 0 0 0 0 0 0 0 0 0 0 0 0 0 0 0 0 0 0 0 0 0 0 0 0 0 0 0 0 0 0 0 0 1 0 0 0 0 0 0 0 0 0 0 0 0 0 0 0 0 0 0 0 0 0 0 0 0 0 0 0 0]
[730423618024269499915223915093880509390318998223683575627147056943668032783553328018210185891694962705626141457768238424343636837153450339372467817608946679835961400621116450990870869958932911214505322283908480729975947839336070440085361103169301059564786378260258881489 0 0 0 0 0 0 0 0 0 0 0 0 0 0 0 0 0 0 0 0 0 0 0 0 0 0 0 0 0 0 0 0 0 0 0 0 0 0 0 0 0 0 0 0 0 0 0 0 0 0 0 0 0 0 0 0 0 0 0 0 0 1 0 0 0 0 0 0 0 0 0 0 0 0 0 0 0 0 0 0 0 0 0 0 0 0 0 0 0]
[1171787303389117756514305315636109499627465569390390920212106145631311072707766764921419425763858313036876763238524397425966116316624087681820802434151559694410686436570639725430018874367753074874878778123288124656757999855711848466191409004522827441084741213056081230134 0 0 0 0 0 0 0 0 0 0 0 0 0 0 0 0 0 0 0 0 0 0 0 0 0 0 0 0 0 0 0 0 0 0 0 0 0 0 0 0 0 0 0 0 0 0 0 0 0 0 0 0 0 0 0 0 0 0 0 0 0 0 1 0 0 0 0 0 0 0 0 0 0 0 0 0 0 0 0 0 0 0 0 0 0 0 0 0 0]
[3724671348424328488742622807119489284298870644314336425057027382745124795826758168017111824755854669489370610325162666632819175173397198380218421467348377328009671791865138883616251606439539617200440930033808567511643133544554394580410506495623881214103535160204183607087 0 0 0 0 0 0 0 0 0 0 0 0 0 0 0 0 0 0 0 0 0 0 0 0 0 0 0 0 0 0 0 0 0 0 0 0 0 0 0 0 0 0 0 0 0 0 0 0 0 0 0 0 0 0 0 0 0 0 0 0 0 0 0 1 0 0 0 0 0 0 0 0 0 0 0 0 0 0 0 0 0 0 0 0 0 0 0 0 0]
[3352864814870667711589044439329849446066955613510802608752467832911464225488979674657714498391386950960004700654882893684082446335586307301763781348618007533804360992774588523280553099805551973125879404483042983999182017551299842479316723434270668805377581834791269492292 0 0 0 0 0 0 0 0 0 0 0 0 0 0 0 0 0 0 0 0 0 0 0 0 0 0 0 0 0 0 0 0 0 0 0 0 0 0 0 0 0 0 0 0 0 0 0 0 0 0 0 0 0 0 0 0 0 0 0 0 0 0 0 0 1 0 0 0 0 0 0 0 0 0 0 0 0 0 0 0 0 0 0 0 0 0 0 0 0]
[3368637810659852465570440486140970970627468907207884438006956877238221525612318660045782437267373286610592937403229417329429201601053034515757712427909688766905851590938086807266006449574633209531308522491366566906360001125950141532291999808965187687218638213918416074729 0 0 0 0 0 0 0 0 0 0 0 0 0 0 0 0 0 0 0 0 0 0 0 0 0 0 0 0 0 0 0 0 0 0 0 0 0 0 0 0 0 0 0 0 0 0 0 0 0 0 0 0 0 0 0 0 0 0 0 0 0 0 0 0 0 1 0 0 0 0 0 0 0 0 0 0 0 0 0 0 0 0 0 0 0 0 0 0 0]
[3683168997416383600477947358593892855747047229328966071764789824690563336312719701005142306294487360629478618395392413483559275122949421238496773036195119464797975763201262519695102295765388639675785858833166106282569114153964045075127914913447945236735667191492576181862 0 0 0 0 0 0 0 0 0 0 0 0 0 0 0 0 0 0 0 0 0 0 0 0 0 0 0 0 0 0 0 0 0 0 0 0 0 0 0 0 0 0 0 0 0 0 0 0 0 0 0 0 0 0 0 0 0 0 0 0 0 0 0 0 0 0 1 0 0 0 0 0 0 0 0 0 0 0 0 0 0 0 0 0 0 0 0 0 0]
[4950870971641001357690485093779025528871625429585179677761536552302747084711364377410669350732757578344736208482217611681051789463905214317248959331718057554227885181555772566195496864071662907956989262595929357676392130625151587518569164731358373893292324770836544346456 0 0 0 0 0 0 0 0 0 0 0 0 0 0 0 0 0 0 0 0 0 0 0 0 0 0 0 0 0 0 0 0 0 0 0 0 0 0 0 0 0 0 0 0 0 0 0 0 0 0 0 0 0 0 0 0 0 0 0 0 0 0 0 0 0 0 0 1 0 0 0 0 0 0 0 0 0 0 0 0 0 0 0 0 0 0 0 0 0]
[2539629627903035824907228363466751401719456322715196452012093459235147096662274422225276288963302922090318474768442464580721827618135497783983613397928356395303277088402461565164635317179498979269427559470324354691573540197706214759783309344903979318445012261451367928795 0 0 0 0 0 0 0 0 0 0 0 0 0 0 0 0 0 0 0 0 0 0 0 0 0 0 0 0 0 0 0 0 0 0 0 0 0 0 0 0 0 0 0 0 0 0 0 0 0 0 0 0 0 0 0 0 0 0 0 0 0 0 0 0 0 0 0 0 1 0 0 0 0 0 0 0 0 0 0 0 0 0 0 0 0 0 0 0 0]
[1842874993884718108375517417439200310924512420739821663640948777587385567733224001571342917922185917680200908564939678703777329103788806546380954025619752923598570331585223854468568122613879617303432822259760957794884672230934398685850637102074983101478042950372490548813 0 0 0 0 0 0 0 0 0 0 0 0 0 0 0 0 0 0 0 0 0 0 0 0 0 0 0 0 0 0 0 0 0 0 0 0 0 0 0 0 0 0 0 0 0 0 0 0 0 0 0 0 0 0 0 0 0 0 0 0 0 0 0 0 0 0 0 0 0 1 0 0 0 0 0 0 0 0 0 0 0 0 0 0 0 0 0 0 0]
[1807418008224834371297518629884743710939792112129697683345771727422333320154263183285895839824830846948005387809785755670933364899341143432826167669141119247934409496342438922481934336913901789034455961166444331135755598656145404278638238319465166474172419324435518591771 0 0 0 0 0 0 0 0 0 0 0 0 0 0 0 0 0 0 0 0 0 0 0 0 0 0 0 0 0 0 0 0 0 0 0 0 0 0 0 0 0 0 0 0 0 0 0 0 0 0 0 0 0 0 0 0 0 0 0 0 0 0 0 0 0 0 0 0 0 0 1 0 0 0 0 0 0 0 0 0 0 0 0 0 0 0 0 0 0]
[1886856457570441722397952240993363999895536309989528666826425994518525642723700660999015304171493071973892034244241248139824040076050086265545708018518363453048006816206359201230372073933793325275280777110024128613564350704137054882294990117851840782965928669658464028446 0 0 0 0 0 0 0 0 0 0 0 0 0 0 0 0 0 0 0 0 0 0 0 0 0 0 0 0 0 0 0 0 0 0 0 0 0 0 0 0 0 0 0 0 0 0 0 0 0 0 0 0 0 0 0 0 0 0 0 0 0 0 0 0 0 0 0 0 0 0 0 1 0 0 0 0 0 0 0 0 0 0 0 0 0 0 0 0 0]
[3830881443671355150078981527247019335548303210146167652369626220981056883877826995625307595035545315264846176611153485378938201059386043344014561059046134294387317140735408572373588282581927536266367156353457459293468418017625454751094512526487209708956473315419377693573 0 0 0 0 0 0 0 0 0 0 0 0 0 0 0 0 0 0 0 0 0 0 0 0 0 0 0 0 0 0 0 0 0 0 0 0 0 0 0 0 0 0 0 0 0 0 0 0 0 0 0 0 0 0 0 0 0 0 0 0 0 0 0 0 0 0 0 0 0 0 0 0 1 0 0 0 0 0 0 0 0 0 0 0 0 0 0 0 0]
[488929312029912784249708890256165471278729997238758807056380280731439284038852647767503776452982643281504389275202706827567331505618739759659835965517961127802428914329232218633961060076966430779012793943070839412459131432368147183111537392192976718116980294556349722641 0 0 0 0 0 0 0 0 0 0 0 0 0 0 0 0 0 0 0 0 0 0 0 0 0 0 0 0 0 0 0 0 0 0 0 0 0 0 0 0 0 0 0 0 0 0 0 0 0 0 0 0 0 0 0 0 0 0 0 0 0 0 0 0 0 0 0 0 0 0 0 0 0 1 0 0 0 0 0 0 0 0 0 0 0 0 0 0 0]
[1246026702963349375315109029809163137233366653192242929070931123483497379416390251221587816335890268719180924154333533424429061021272553047896806527997852349750061650739364089966386446133956853194916150613448195017938863613437722837626832812162233094547821895112784030569 0 0 0 0 0 0 0 0 0 0 0 0 0 0 0 0 0 0 0 0 0 0 0 0 0 0 0 0 0 0 0 0 0 0 0 0 0 0 0 0 0 0 0 0 0 0 0 0 0 0 0 0 0 0 0 0 0 0 0 0 0 0 0 0 0 0 0 0 0 0 0 0 0 0 1 0 0 0 0 0 0 0 0 0 0 0 0 0 0]
[1125140937458084675705753304799587948656904650926355635988242263391042490405606950074112046546868791289445474955271375211111785961431391333115670021585532423668393942027883688587134192186539693974351436833646253447353455025464343356533397268795476090924286220894862966940 0 0 0 0 0 0 0 0 0 0 0 0 0 0 0 0 0 0 0 0 0 0 0 0 0 0 0 0 0 0 0 0 0 0 0 0 0 0 0 0 0 0 0 0 0 0 0 0 0 0 0 0 0 0 0 0 0 0 0 0 0 0 0 0 0 0 0 0 0 0 0 0 0 0 0 1 0 0 0 0 0 0 0 0 0 0 0 0 0]
[3185649765496208196935461550229486619562083839048946853343110770291338098918149787997100774656642461773233840343049235590363190005518403654234491838926959235937189968630876503841469187896640997547103384304321398584475523428375505886966787934135260304218000190016118399731 0 0 0 0 0 0 0 0 0 0 0 0 0 0 0 0 0 0 0 0 0 0 0 0 0 0 0 0 0 0 0 0 0 0 0 0 0 0 0 0 0 0 0 0 0 0 0 0 0 0 0 0 0 0 0 0 0 0 0 0 0 0 0 0 0 0 0 0 0 0 0 0 0 0 0 0 1 0 0 0 0 0 0 0 0 0 0 0 0]
[697669299816059586026049893946083411096758580321990222713653184789616898228299186068030401007100763639839823034071156784694081324122877234244819337892320353873431740467094854491491196979519131453608612956649637035119557536457785103194878758284508350740311916814512279716 0 0 0 0 0 0 0 0 0 0 0 0 0 0 0 0 0 0 0 0 0 0 0 0 0 0 0 0 0 0 0 0 0 0 0 0 0 0 0 0 0 0 0 0 0 0 0 0 0 0 0 0 0 0 0 0 0 0 0 0 0 0 0 0 0 0 0 0 0 0 0 0 0 0 0 0 0 1 0 0 0 0 0 0 0 0 0 0 0]
[4198232956749406029167636150444028192458379660542898174248064029095666578103960758426995309178079813220193397708830863066288922508421754707872211964389765122081515219504819095238497773212796809588064021227876499920172283307936594378202517547053154999677950243465504998195 0 0 0 0 0 0 0 0 0 0 0 0 0 0 0 0 0 0 0 0 0 0 0 0 0 0 0 0 0 0 0 0 0 0 0 0 0 0 0 0 0 0 0 0 0 0 0 0 0 0 0 0 0 0 0 0 0 0 0 0 0 0 0 0 0 0 0 0 0 0 0 0 0 0 0 0 0 0 1 0 0 0 0 0 0 0 0 0 0]
[3209987417513909869633517600014103373550533180296016997057515481148890675771036776463736720914259934623564242563754367179890690025987683554123400006344112719573032087594631171418133751278697126522285038232031322086681623963109499591646085693984222277916477650970589036695 0 0 0 0 0 0 0 0 0 0 0 0 0 0 0 0 0 0 0 0 0 0 0 0 0 0 0 0 0 0 0 0 0 0 0 0 0 0 0 0 0 0 0 0 0 0 0 0 0 0 0 0 0 0 0 0 0 0 0 0 0 0 0 0 0 0 0 0 0 0 0 0 0 0 0 0 0 0 0 1 0 0 0 0 0 0 0 0 0]
[24876707363433504566374642297418545563384709584832237007492779479445458092128274294291852979901081679493142556865476905828817061817740875937574349563090440805818652878575061127955892472304623476115908322966533753390867371579003331084380994501269911894296005662247668138 0 0 0 0 0 0 0 0 0 0 0 0 0 0 0 0 0 0 0 0 0 0 0 0 0 0 0 0 0 0 0 0 0 0 0 0 0 0 0 0 0 0 0 0 0 0 0 0 0 0 0 0 0 0 0 0 0 0 0 0 0 0 0 0 0 0 0 0 0 0 0 0 0 0 0 0 0 0 0 0 1 0 0 0 0 0 0 0 0]
[1373050636646955713554108116941722987773293837209869918119690288630088082541706000291640417704687141487582397004799530970920142599322425940991968958077689357362327410684210375267084035338020659629378187293347383456153461198867258976548288249938513104085383195695315885504 0 0 0 0 0 0 0 0 0 0 0 0 0 0 0 0 0 0 0 0 0 0 0 0 0 0 0 0 0 0 0 0 0 0 0 0 0 0 0 0 0 0 0 0 0 0 0 0 0 0 0 0 0 0 0 0 0 0 0 0 0 0 0 0 0 0 0 0 0 0 0 0 0 0 0 0 0 0 0 0 0 1 0 0 0 0 0 0 0]
[2743853450420697829522865054228239632025860563248361700580108235300824350554243272918464966936079158918689969899889742964246712208411145489639446874666679154903106865035665985281922584849758697404108729840232566089595920444873318029116761589833916408552037974554765363251 0 0 0 0 0 0 0 0 0 0 0 0 0 0 0 0 0 0 0 0 0 0 0 0 0 0 0 0 0 0 0 0 0 0 0 0 0 0 0 0 0 0 0 0 0 0 0 0 0 0 0 0 0 0 0 0 0 0 0 0 0 0 0 0 0 0 0 0 0 0 0 0 0 0 0 0 0 0 0 0 0 0 1 0 0 0 0 0 0]
[1165128769239318548095414261587831401037663745887561124343209074302803233013085000195566622182333170783845493330972548959668296168967726121851886515080561272782744653989677189642109841375172897332274409712376841285146452647894368992411853972532348143017369568894441726324 0 0 0 0 0 0 0 0 0 0 0 0 0 0 0 0 0 0 0 0 0 0 0 0 0 0 0 0 0 0 0 0 0 0 0 0 0 0 0 0 0 0 0 0 0 0 0 0 0 0 0 0 0 0 0 0 0 0 0 0 0 0 0 0 0 0 0 0 0 0 0 0 0 0 0 0 0 0 0 0 0 0 0 1 0 0 0 0 0]
[4761812669019409188941292767720489003869051542103725325816234968445401046677377386407128671128172905950935960480839771699258382695824081987008246902487052258179933377496015170506689947201740369188648744302477915702725515952059225411559537659253213847575136208528437146792 0 0 0 0 0 0 0 0 0 0 0 0 0 0 0 0 0 0 0 0 0 0 0 0 0 0 0 0 0 0 0 0 0 0 0 0 0 0 0 0 0 0 0 0 0 0 0 0 0 0 0 0 0 0 0 0 0 0 0 0 0 0 0 0 0 0 0 0 0 0 0 0 0 0 0 0 0 0 0 0 0 0 0 0 1 0 0 0 0]
[3020363378266920470999633811144779164583558432816539586824338281106397712228662306778520938690199685526508691948854075269785404286299296144447363732692577328165121986457157773834187926681555586418160689786255805690625272732370421701209570904540936940341601154768195116131 0 0 0 0 0 0 0 0 0 0 0 0 0 0 0 0 0 0 0 0 0 0 0 0 0 0 0 0 0 0 0 0 0 0 0 0 0 0 0 0 0 0 0 0 0 0 0 0 0 0 0 0 0 0 0 0 0 0 0 0 0 0 0 0 0 0 0 0 0 0 0 0 0 0 0 0 0 0 0 0 0 0 0 0 0 1 0 0 0]
[2718162195996716768407660810877038834059015940682288072771766067909996020687103507620394523786646527783400322555816716249494645641124472571015084555287585019296476892453697700955736832434267722736492636529821570828652573792717467296997251373291672250104343676954567643584 0 0 0 0 0 0 0 0 0 0 0 0 0 0 0 0 0 0 0 0 0 0 0 0 0 0 0 0 0 0 0 0 0 0 0 0 0 0 0 0 0 0 0 0 0 0 0 0 0 0 0 0 0 0 0 0 0 0 0 0 0 0 0 0 0 0 0 0 0 0 0 0 0 0 0 0 0 0 0 0 0 0 0 0 0 0 1 0 0]
[2809088968215987936048968200992690409075050730593813846731405392037566003469518938295919596747675544243890733482968540906231741001386191179672252643821465199024195290781644924008648727284047099890862926699589076615052579490566030579674354967262086783408820959255154445120 0 0 0 0 0 0 0 0 0 0 0 0 0 0 0 0 0 0 0 0 0 0 0 0 0 0 0 0 0 0 0 0 0 0 0 0 0 0 0 0 0 0 0 0 0 0 0 0 0 0 0 0 0 0 0 0 0 0 0 0 0 0 0 0 0 0 0 0 0 0 0 0 0 0 0 0 0 0 0 0 0 0 0 0 0 0 0 1 0]
[2916148508437755823210692303938248008968717500719013688547439063768651283962781876064223370142155040493551763518815553933067689880962379690135326224454021242385372489205993397074999999053723527219321494020329085552897880382842765722218531878858848831854723985491333509097 0 0 0 0 0 0 0 0 0 0 0 0 0 0 0 0 0 0 0 0 0 0 0 0 0 0 0 0 0 0 0 0 0 0 0 0 0 0 0 0 0 0 0 0 0 0 0 0 0 0 0 0 0 0 0 0 0 0 0 0 0 0 0 0 0 0 0 0 0 0 0 0 0 0 0 0 0 0 0 0 0 0 0 0 0 0 0 0 1]
]
