[[6360563400597283222334279964895936225549240329341546567593709587446434967501620173313415189256119622279079745137227530431272626620588106228792630572007982552303424650067718333468475379272104159878070427360808072204000779508292110448085803337519621336564609861 0 0 0 0 0 0 0 0 0 0 0 0 0 0 0 0 0 0 0 0 0 0 0 0 0 0 0 0 0 0 0 0 0 0 0 0 0 0 0 0 0 0 0 0 0 0 0 0 0 0 0 0 0 0 0 0 0 0 0 0 0 0 0 0 0 0 0 0 0 0 0 0 0 0 0 0 0 0 0 0 0 0 0 0 0]
[6106331830800590939829971950097027964066389800650684025396177539504565758132264474322476682891471112499740869765154875521019599244691247002789358083396856400217572735908802384985147385274942246548348031819126187417848544990907501913091402278298433562785444428 1 0 0 0 0 0 0 0 0 0 0 0 0 0 0 0 0 0 0 0 0 0 0 0 0 0 0 0 0 0 0 0 0 0 0 0 0 0 0 0 0 0 0 0 0 0 0 0 0 0 0 0 0 0 0 0 0 0 0 0 0 0 0 0 0 0 0 0 0 0 0 0 0 0 0 0 0 0 0 0 0 0 0 0 0]
[3212713548374858580992706447423282822968378071004180521781538638543746958594462915099736265434940364390916433138656770506162125113401897207793356522548623097658705244443707494466988868531596686134247198298086415407468491954413674241269131136448070121275650850 0 1 0 0 0 0 0 0 0 0 0 0 0 0 0 0 0 0 0 0 0 0 0 0 0 0 0 0 0 0 0 0 0 0 0 0 0 0 0 0 0 0 0 0 0 0 0 0 0 0 0 0 0 0 0 0 0 0 0 0 0 0 0 0 0 0 0 0 0 0 0 0 0 0 0 0 0 0 0 0 0 0 0 0 0]
[984550929857010549247985259326962121633966815724689669859925495954299497066632625304628869297055022616998897244698665210218232780372860817361486500901320989946204100950851153961164322151702713455353840787891932960135583185508387128945703351889704705782966495 0 0 1 0 0 0 0 0 0 0 0 0 0 0 0 0 0 0 0 0 0 0 0 0 0 0 0 0 0 0 0 0 0 0 0 0 0 0 0 0 0 0 0 0 0 0 0 0 0 0 0 0 0 0 0 0 0 0 0 0 0 0 0 0 0 0 0 0 0 0 0 0 0 0 0 0 0 0 0 0 0 0 0 0 0]
[4951176731647062881175482663666449174891391693868640461547912058313300404042673429442323780555896273647207344591477471209328970040461235032630262671348678271749930866103883664268252007110451213713158206597676778973434044657981715907130724555026453606434831581 0 0 0 1 0 0 0 0 0 0 0 0 0 0 0 0 0 0 0 0 0 0 0 0 0 0 0 0 0 0 0 0 0 0 0 0 0 0 0 0 0 0 0 0 0 0 0 0 0 0 0 0 0 0 0 0 0 0 0 0 0 0 0 0 0 0 0 0 0 0 0 0 0 0 0 0 0 0 0 0 0 0 0 0 0]
[5066226691935407603824659266765832032426145708151046870078182279154015321761002450045854437140857350967351557647496635992236696579614396431922288325495929378454426115782528593845501465120551521034489571129303807397763777522891481547107793950309713546951371251 0 0 0 0 1 0 0 0 0 0 0 0 0 0 0 0 0 0 0 0 0 0 0 0 0 0 0 0 0 0 0 0 0 0 0 0 0 0 0 0 0 0 0 0 0 0 0 0 0 0 0 0 0 0 0 0 0 0 0 0 0 0 0 0 0 0 0 0 0 0 0 0 0 0 0 0 0 0 0 0 0 0 0 0 0]
[1584460946888573232137123940022163496487143499763267921489686893793886165239577652584402990291494987368911654517421014975914823308007339683925605123357282566114540355624253034574603624962406013467579433948671985505134582452431933590399508706910292570937569964 0 0 0 0 0 1 0 0 0 0 0 0 0 0 0 0 0 0 0 0 0 0 0 0 0 0 0 0 0 0 0 0 0 0 0 0 0 0 0 0 0 0 0 0 0 0 0 0 0 0 0 0 0 0 0 0 0 0 0 0 0 0 0 0 0 0 0 0 0 0 0 0 0 0 0 0 0 0 0 0 0 0 0 0 0]
[1553694675661453724676723068948884678083767171496133327013881526547636648525336999463403097806853106577887793251830483876463977414055524038600134720925239702129934416582579696708130074696231243621821295136012097612242783808924813674709463237743803235954113866 0 0 0 0 0 0 1 0 0 0 0 0 0 0 0 0 0 0 0 0 0 0 0 0 0 0 0 0 0 0 0 0 0 0 0 0 0 0 0 0 0 0 0 0 0 0 0 0 0 0 0 0 0 0 0 0 0 0 0 0 0 0 0 0 0 0 0 0 0 0 0 0 0 0 0 0 0 0 0 0 0 0 0 0 0]
[3905668114330464397515790517597819897087699829135470089569515984736850044475673511334393810370485810493999068731802159008196885757620865565425605650004748680013288280670876560081812669961827320066408495414374740117515513739028257453493966698531766491268833460 0 0 0 0 0 0 0 1 0 0 0 0 0 0 0 0 0 0 0 0 0 0 0 0 0 0 0 0 0 0 0 0 0 0 0 0 0 0 0 0 0 0 0 0 0 0 0 0 0 0 0 0 0 0 0 0 0 0 0 0 0 0 0 0 0 0 0 0 0 0 0 0 0 0 0 0 0 0 0 0 0 0 0 0 0]
[2411416799083237304808468965580462830053849102688495415555867596789649892493123964538046410993147065107686872659503601202358602191279692605469429220160753605144115989461825753620485959570461565698915352318529068139668163553015930880512304987970874403328362418 0 0 0 0 0 0 0 0 1 0 0 0 0 0 0 0 0 0 0 0 0 0 0 0 0 0 0 0 0 0 0 0 0 0 0 0 0 0 0 0 0 0 0 0 0 0 0 0 0 0 0 0 0 0 0 0 0 0 0 0 0 0 0 0 0 0 0 0 0 0 0 0 0 0 0 0 0 0 0 0 0 0 0 0 0]
[1570160238367312640314256851508090576894971503158396591099382029477816219377496696776916414068384959795190852584725117948410080744019029298360957183578067420301566384590507019949739534262516854910867889220952249865180854034289546446585229088919527705725296137 0 0 0 0 0 0 0 0 0 1 0 0 0 0 0 0 0 0 0 0 0 0 0 0 0 0 0 0 0 0 0 0 0 0 0 0 0 0 0 0 0 0 0 0 0 0 0 0 0 0 0 0 0 0 0 0 0 0 0 0 0 0 0 0 0 0 0 0 0 0 0 0 0 0 0 0 0 0 0 0 0 0 0 0 0]
[3323044370861675607653576456578757903245086507357939444744493920987101549462157203561943636033062135528678098173830465915361475087843116897140956555671299517741183303533472242322327005805072896208065721850840613845364493205957737393117380782036554673957997706 0 0 0 0 0 0 0 0 0 0 1 0 0 0 0 0 0 0 0 0 0 0 0 0 0 0 0 0 0 0 0 0 0 0 0 0 0 0 0 0 0 0 0 0 0 0 0 0 0 0 0 0 0 0 0 0 0 0 0 0 0 0 0 0 0 0 0 0 0 0 0 0 0 0 0 0 0 0 0 0 0 0 0 0 0]
[2120179647418479908771484897448046440447432804338778538350866387479531509888468420472755038851038808868056392688289732811825034651923214351788125069444443303618430188955127682451603840614936406614498180154241203141818609830527543896131417762679420374308610537 0 0 0 0 0 0 0 0 0 0 0 1 0 0 0 0 0 0 0 0 0 0 0 0 0 0 0 0 0 0 0 0 0 0 0 0 0 0 0 0 0 0 0 0 0 0 0 0 0 0 0 0 0 0 0 0 0 0 0 0 0 0 0 0 0 0 0 0 0 0 0 0 0 0 0 0 0 0 0 0 0 0 0 0 0]
[5070577616079544255285436049956428252143055171242721196963187661623554957523808417406048762530791641112196715211432218013783207417251041436478233057217579377407551811555010814243080048486824510255593490715488402476413008465277288788893329773507656452250941562 0 0 0 0 0 0 0 0 0 0 0 0 1 0 0 0 0 0 0 0 0 0 0 0 0 0 0 0 0 0 0 0 0 0 0 0 0 0 0 0 0 0 0 0 0 0 0 0 0 0 0 0 0 0 0 0 0 0 0 0 0 0 0 0 0 0 0 0 0 0 0 0 0 0 0 0 0 0 0 0 0 0 0 0 0]
[1347661772187223218499482254382487014133379894914934984130957688076184272429814916629648587850537873319422542637704994966372374713866307177256110251837318182090158190575699220697297840107974620181577145996735935868191147043684504334883008727627400457027703686 0 0 0 0 0 0 0 0 0 0 0 0 0 1 0 0 0 0 0 0 0 0 0 0 0 0 0 0 0 0 0 0 0 0 0 0 0 0 0 0 0 0 0 0 0 0 0 0 0 0 0 0 0 0 0 0 0 0 0 0 0 0 0 0 0 0 0 0 0 0 0 0 0 0 0 0 0 0 0 0 0 0 0 0 0]
[4578601489633040512527661073544510543440820617856125191288955095508744840524769391886553373769595065092963561089113531121074678425978434234401697192849334708141937117074800143346100647914819607441770873972827037209984138193029865733171615218027024804113214680 0 0 0 0 0 0 0 0 0 0 0 0 0 0 1 0 0 0 0 0 0 0 0 0 0 0 0 0 0 0 0 0 0 0 0 0 0 0 0 0 0 0 0 0 0 0 0 0 0 0 0 0 0 0 0 0 0 0 0 0 0 0 0 0 0 0 0 0 0 0 0 0 0 0 0 0 0 0 0 0 0 0 0 0 0]
[2627965622859095419709931042333400366305950230712209787813504439003240939591789346364108746170909180049446439085202893185143842316634501716423361449022955933056566106446202283462085569593916651425899311062679547350503796224289358242148743429532036169882555150 0 0 0 0 0 0 0 0 0 0 0 0 0 0 0 1 0 0 0 0 0 0 0 0 0 0 0 0 0 0 0 0 0 0 0 0 0 0 0 0 0 0 0 0 0 0 0 0 0 0 0 0 0 0 0 0 0 0 0 0 0 0 0 0 0 0 0 0 0 0 0 0 0 0 0 0 0 0 0 0 0 0 0 0 0]
[2744629186004430150972372704370182145986410702723849890037635705326831644127182510875087455615890301605590565949409385558953409467074527839526797088837015651092033286564802558423327495898532490799197216181287500629897238347997202322814437105145846691869531594 0 0 0 0 0 0 0 0 0 0 0 0 0 0 0 0 1 0 0 0 0 0 0 0 0 0 0 0 0 0 0 0 0 0 0 0 0 0 0 0 0 0 0 0 0 0 0 0 0 0 0 0 0 0 0 0 0 0 0 0 0 0 0 0 0 0 0 0 0 0 0 0 0 0 0 0 0 0 0 0 0 0 0 0 0]
[1338450850604283000638153782531486053047614131334284427337037742025001102091291758522273785220233053462312115366145933063924513854542293357290626359003773232441244779615345101208807251898908782110291673369049457857582998212859276051249218641741408257054696776 0 0 0 0 0 0 0 0 0 0 0 0 0 0 0 0 0 1 0 0 0 0 0 0 0 0 0 0 0 0 0 0 0 0 0 0 0 0 0 0 0 0 0 0 0 0 0 0 0 0 0 0 0 0 0 0 0 0 0 0 0 0 0 0 0 0 0 0 0 0 0 0 0 0 0 0 0 0 0 0 0 0 0 0 0]
[3511895759823080223166654493067473425307265019804564341322531817931133477230456713766164231716194802414301683477255138300653713491697620943014295173363254317223604281146200558237412543998358780876369639009724153580285636898974707748281648341799727044316122661 0 0 0 0 0 0 0 0 0 0 0 0 0 0 0 0 0 0 1 0 0 0 0 0 0 0 0 0 0 0 0 0 0 0 0 0 0 0 0 0 0 0 0 0 0 0 0 0 0 0 0 0 0 0 0 0 0 0 0 0 0 0 0 0 0 0 0 0 0 0 0 0 0 0 0 0 0 0 0 0 0 0 0 0 0]
[260570223386344326299897477222376430444407536181382437286209781872303576892828611062119121771810641458404379684857299731179905770439391379660144403650051301170254838815237121855281741988145671661161958927409148094311967681715456662789826345105099723622393030 0 0 0 0 0 0 0 0 0 0 0 0 0 0 0 0 0 0 0 1 0 0 0 0 0 0 0 0 0 0 0 0 0 0 0 0 0 0 0 0 0 0 0 0 0 0 0 0 0 0 0 0 0 0 0 0 0 0 0 0 0 0 0 0 0 0 0 0 0 0 0 0 0 0 0 0 0 0 0 0 0 0 0 0 0]
[5339750612396829497796588423723156798889388521745518954286335861743696141340787834738081937420402151013184057340972676006326869208694913902802159649234308885884837246659769345338878422315910903818628153271933172828827195459178218470399814934446523153559227307 0 0 0 0 0 0 0 0 0 0 0 0 0 0 0 0 0 0 0 0 1 0 0 0 0 0 0 0 0 0 0 0 0 0 0 0 0 0 0 0 0 0 0 0 0 0 0 0 0 0 0 0 0 0 0 0 0 0 0 0 0 0 0 0 0 0 0 0 0 0 0 0 0 0 0 0 0 0 0 0 0 0 0 0 0]
[4871404651812100401853035680034383793488649584612922636786895507707811165555735840826806280965221452226073519532805916652419041010103634389554399427417846175068125663683992346448128271070320325084111172581252802669753771198742319001657788910460310624876744200 0 0 0 0 0 0 0 0 0 0 0 0 0 0 0 0 0 0 0 0 0 1 0 0 0 0 0 0 0 0 0 0 0 0 0 0 0 0 0 0 0 0 0 0 0 0 0 0 0 0 0 0 0 0 0 0 0 0 0 0 0 0 0 0 0 0 0 0 0 0 0 0 0 0 0 0 0 0 0 0 0 0 0 0 0]
[335781640008584993986912566450608609504143449128401527800107170380006162243615092050916565967762606028474279776506931235397144133909062220767845892364917925652039415234674663792034707763103690732356077930189043018020449728469451643870528038211052653491571452 0 0 0 0 0 0 0 0 0 0 0 0 0 0 0 0 0 0 0 0 0 0 1 0 0 0 0 0 0 0 0 0 0 0 0 0 0 0 0 0 0 0 0 0 0 0 0 0 0 0 0 0 0 0 0 0 0 0 0 0 0 0 0 0 0 0 0 0 0 0 0 0 0 0 0 0 0 0 0 0 0 0 0 0 0]
[5151630495736417800558485711807891464432093100845972151709537479769426152671924570522215150087172776173574428513428192889953332751308245330444857675689523266141303471990439380148205024124646063819647958360442782679069863246598297831611011997050536748696565341 0 0 0 0 0 0 0 0 0 0 0 0 0 0 0 0 0 0 0 0 0 0 0 1 0 0 0 0 0 0 0 0 0 0 0 0 0 0 0 0 0 0 0 0 0 0 0 0 0 0 0 0 0 0 0 0 0 0 0 0 0 0 0 0 0 0 0 0 0 0 0 0 0 0 0 0 0 0 0 0 0 0 0 0 0]
[2876342942270012231642743208386166834244283172753421431159745467048158417751035722546594087844847702512459906182132044959950088689609364893017537995407375774371154489376839115137127087207919260968362292660547836210374884001387952946238868585563786381713999312 0 0 0 0 0 0 0 0 0 0 0 0 0 0 0 0 0 0 0 0 0 0 0 0 1 0 0 0 0 0 0 0 0 0 0 0 0 0 0 0 0 0 0 0 0 0 0 0 0 0 0 0 0 0 0 0 0 0 0 0 0 0 0 0 0 0 0 0 0 0 0 0 0 0 0 0 0 0 0 0 0 0 0 0 0]
[4216468989273067313067428700237387010676836910393456494717795988080548016348342989935549346379461355267621085076389217639990335226253024984402903898474748412871790899596869431145605156403605064147827880104263300889745184584368725044086959639400042148025568291 0 0 0 0 0 0 0 0 0 0 0 0 0 0 0 0 0 0 0 0 0 0 0 0 0 1 0 0 0 0 0 0 0 0 0 0 0 0 0 0 0 0 0 0 0 0 0 0 0 0 0 0 0 0 0 0 0 0 0 0 0 0 0 0 0 0 0 0 0 0 0 0 0 0 0 0 0 0 0 0 0 0 0 0 0]
[3063782927736835440327929910710221184084437638790183590416692108675996576969890710599550301922015557001485332109348490500273205378122909834544859826408429323314892337191738882148586431117348961279985291654715344985984008441574401379731290169185759090218179596 0 0 0 0 0 0 0 0 0 0 0 0 0 0 0 0 0 0 0 0 0 0 0 0 0 0 1 0 0 0 0 0 0 0 0 0 0 0 0 0 0 0 0 0 0 0 0 0 0 0 0 0 0 0 0 0 0 0 0 0 0 0 0 0 0 0 0 0 0 0 0 0 0 0 0 0 0 0 0 0 0 0 0 0 0]
[4537895919926747093269723837741005249616205341737051073755931947892387440964484643606113285821156437476088766116647183325132048843069836366099259874853029903910087853374866210301920088468102166786452445683235956695421683392441979065971423769194770250470653423 0 0 0 0 0 0 0 0 0 0 0 0 0 0 0 0 0 0 0 0 0 0 0 0 0 0 0 1 0 0 0 0 0 0 0 0 0 0 0 0 0 0 0 0 0 0 0 0 0 0 0 0 0 0 0 0 0 0 0 0 0 0 0 0 0 0 0 0 0 0 0 0 0 0 0 0 0 0 0 0 0 0 0 0 0]
[3132745284763311968956018393635938664725386471576119832575509619150328385770825683350971197087690486294797297344003069508669497142696568213331947585909996693606804410001636785195943168117143940703577724981733229366650333268198346781369610250665721850720099250 0 0 0 0 0 0 0 0 0 0 0 0 0 0 0 0 0 0 0 0 0 0 0 0 0 0 0 0 1 0 0 0 0 0 0 0 0 0 0 0 0 0 0 0 0 0 0 0 0 0 0 0 0 0 0 0 0 0 0 0 0 0 0 0 0 0 0 0 0 0 0 0 0 0 0 0 0 0 0 0 0 0 0 0 0]
[3117695177056468665423879713199706252583229041541318991692917171488675650822423521262678787566791314224261317245574859862710631356295134238242702918349214922512852647214915291865687106325159776647134539744275559061004525282759648743897647932561035702421621582 0 0 0 0 0 0 0 0 0 0 0 0 0 0 0 0 0 0 0 0 0 0 0 0 0 0 0 0 0 1 0 0 0 0 0 0 0 0 0 0 0 0 0 0 0 0 0 0 0 0 0 0 0 0 0 0 0 0 0 0 0 0 0 0 0 0 0 0 0 0 0 0 0 0 0 0 0 0 0 0 0 0 0 0 0]
[2591956678756952084737609835327417186965732935456657721041219056669496126776976529151787627785563064038424211356406374872905827751976451453145991545010625260625862828003881776736704183455652202285351599391320123693461553406835775368519539575917357990415521130 0 0 0 0 0 0 0 0 0 0 0 0 0 0 0 0 0 0 0 0 0 0 0 0 0 0 0 0 0 0 1 0 0 0 0 0 0 0 0 0 0 0 0 0 0 0 0 0 0 0 0 0 0 0 0 0 0 0 0 0 0 0 0 0 0 0 0 0 0 0 0 0 0 0 0 0 0 0 0 0 0 0 0 0 0]
[436627280129165361936801959852996555979359193824964636144471901988152573720110730899758042831517314364205276627393276178878655329084784779851968694807135423894302390943260832613431035312428049866404205920126549207515666579191309818878547056883471306857685222 0 0 0 0 0 0 0 0 0 0 0 0 0 0 0 0 0 0 0 0 0 0 0 0 0 0 0 0 0 0 0 1 0 0 0 0 0 0 0 0 0 0 0 0 0 0 0 0 0 0 0 0 0 0 0 0 0 0 0 0 0 0 0 0 0 0 0 0 0 0 0 0 0 0 0 0 0 0 0 0 0 0 0 0 0]
[4094570319459989915054215790360684887456480529415404985796824259208270337396733507718033673980449568396159287539709528061867726325486613779415271452511077097476470897585180126414713861788250255989730360987584329924201166620208271596916507927136707753138551150 0 0 0 0 0 0 0 0 0 0 0 0 0 0 0 0 0 0 0 0 0 0 0 0 0 0 0 0 0 0 0 0 1 0 0 0 0 0 0 0 0 0 0 0 0 0 0 0 0 0 0 0 0 0 0 0 0 0 0 0 0 0 0 0 0 0 0 0 0 0 0 0 0 0 0 0 0 0 0 0 0 0 0 0 0]
[939394016026276560601997487299996831106561521960168841854264025295774984226073982816257643034240470665500335097027537225105706793751612326891908114434948616314433185539671063925252926144197942322920071553534721475152812091388186086937901355982710724090408746 0 0 0 0 0 0 0 0 0 0 0 0 0 0 0 0 0 0 0 0 0 0 0 0 0 0 0 0 0 0 0 0 0 1 0 0 0 0 0 0 0 0 0 0 0 0 0 0 0 0 0 0 0 0 0 0 0 0 0 0 0 0 0 0 0 0 0 0 0 0 0 0 0 0 0 0 0 0 0 0 0 0 0 0 0]
[1817509553006543175259804166651121477166530399392786835757425012958671273879044871087748468786202438764358754460550136742559760583540764567742604174747194994791401823336545475461005593890865844323138214848514373308967527918020662886823997334989880615838647046 0 0 0 0 0 0 0 0 0 0 0 0 0 0 0 0 0 0 0 0 0 0 0 0 0 0 0 0 0 0 0 0 0 0 1 0 0 0 0 0 0 0 0 0 0 0 0 0 0 0 0 0 0 0 0 0 0 0 0 0 0 0 0 0 0 0 0 0 0 0 0 0 0 0 0 0 0 0 0 0 0 0 0 0 0]
[1711133925683279493487022451674151922940863222854388094996830005850882776121646381859616043150228312666169492926882885067908212122869351554813849819355126109314694464570303442371377250165204248351349985378334610045404623308939458778838712009248640296464217238 0 0 0 0 0 0 0 0 0 0 0 0 0 0 0 0 0 0 0 0 0 0 0 0 0 0 0 0 0 0 0 0 0 0 0 1 0 0 0 0 0 0 0 0 0 0 0 0 0 0 0 0 0 0 0 0 0 0 0 0 0 0 0 0 0 0 0 0 0 0 0 0 0 0 0 0 0 0 0 0 0 0 0 0 0]
[4905762640602391160232401743511157541885148911872678351047193823266728990394384879180509416514361052141206329685012812098603393777735678226513315379810574972991324176002073471088724747691686782320084362628383699573151254256330651352099888506721126684038914558 0 0 0 0 0 0 0 0 0 0 0 0 0 0 0 0 0 0 0 0 0 0 0 0 0 0 0 0 0 0 0 0 0 0 0 0 1 0 0 0 0 0 0 0 0 0 0 0 0 0 0 0 0 0 0 0 0 0 0 0 0 0 0 0 0 0 0 0 0 0 0 0 0 0 0 0 0 0 0 0 0 0 0 0 0]
[2549007116114749488763921464058489930018096483737442451293792823064898898550188701712341433228250904185920608631405970616414467657310964800560005394341903712433754099584736650177679559770452069499988731905728305299789543679622010503810275577128083131356984864 0 0 0 0 0 0 0 0 0 0 0 0 0 0 0 0 0 0 0 0 0 0 0 0 0 0 0 0 0 0 0 0 0 0 0 0 0 1 0 0 0 0 0 0 0 0 0 0 0 0 0 0 0 0 0 0 0 0 0 0 0 0 0 0 0 0 0 0 0 0 0 0 0 0 0 0 0 0 0 0 0 0 0 0 0]
[319969690593362614394294738899941481438705862640433283543281943429940972794244355688795844017885305167075420933305079369807983216462957330779554417609017678933783215781856742495901375789051312957693668353714698101940032465635727492290993936414011363073203108 0 0 0 0 0 0 0 0 0 0 0 0 0 0 0 0 0 0 0 0 0 0 0 0 0 0 0 0 0 0 0 0 0 0 0 0 0 0 1 0 0 0 0 0 0 0 0 0 0 0 0 0 0 0 0 0 0 0 0 0 0 0 0 0 0 0 0 0 0 0 0 0 0 0 0 0 0 0 0 0 0 0 0 0 0]
[4284215031080262028699580437016315895244792746865865842207115088089730432605424268779339481651572880675736070366581485582138996719877087817195194408685715157120185759279232270350143972627576144904495920759942837246150540792738749962742998538041116051560283398 0 0 0 0 0 0 0 0 0 0 0 0 0 0 0 0 0 0 0 0 0 0 0 0 0 0 0 0 0 0 0 0 0 0 0 0 0 0 0 1 0 0 0 0 0 0 0 0 0 0 0 0 0 0 0 0 0 0 0 0 0 0 0 0 0 0 0 0 0 0 0 0 0 0 0 0 0 0 0 0 0 0 0 0 0]
[5301522362002945977915208134590883640894662584715466310527202009171210767096540419289614780730986283395812425727106857051612617602992953564549192778104543622934911660260560071537299573654774497307216127441068586814077499445501560475695666066485281707829090762 0 0 0 0 0 0 0 0 0 0 0 0 0 0 0 0 0 0 0 0 0 0 0 0 0 0 0 0 0 0 0 0 0 0 0 0 0 0 0 0 1 0 0 0 0 0 0 0 0 0 0 0 0 0 0 0 0 0 0 0 0 0 0 0 0 0 0 0 0 0 0 0 0 0 0 0 0 0 0 0 0 0 0 0 0]
[3047674461985328163818964802027159005644871532735071074207303015924605469375989443907695676882085312897413405960666083429978534062379350234057042842925140163787486433550426573827150816116838876201681076371550783820148215794184412570505629981979241059143494011 0 0 0 0 0 0 0 0 0 0 0 0 0 0 0 0 0 0 0 0 0 0 0 0 0 0 0 0 0 0 0 0 0 0 0 0 0 0 0 0 0 1 0 0 0 0 0 0 0 0 0 0 0 0 0 0 0 0 0 0 0 0 0 0 0 0 0 0 0 0 0 0 0 0 0 0 0 0 0 0 0 0 0 0 0]
[3761046570733095683581771060351835284191126181238035903399714598073208609363329550776258462084709875215029943117584790001459718741641103164777851470782000481698449897813200485121907182416461722638383601456761610240584950901007105659059580310901455989714136282 0 0 0 0 0 0 0 0 0 0 0 0 0 0 0 0 0 0 0 0 0 0 0 0 0 0 0 0 0 0 0 0 0 0 0 0 0 0 0 0 0 0 1 0 0 0 0 0 0 0 0 0 0 0 0 0 0 0 0 0 0 0 0 0 0 0 0 0 0 0 0 0 0 0 0 0 0 0 0 0 0 0 0 0 0]
[5439229439560608251510744538548401371414038945222663112622507889485047379414888122323158926977205809381649405271687902024065962201611906151807856832141988728434575774911468939675271118509299895549709453339229104798091145836368781052293282403086218407905399931 0 0 0 0 0 0 0 0 0 0 0 0 0 0 0 0 0 0 0 0 0 0 0 0 0 0 0 0 0 0 0 0 0 0 0 0 0 0 0 0 0 0 0 1 0 0 0 0 0 0 0 0 0 0 0 0 0 0 0 0 0 0 0 0 0 0 0 0 0 0 0 0 0 0 0 0 0 0 0 0 0 0 0 0 0]
[4384723797044629116177851425022008328940719683961471281075160709687468650288016987859904801002307020941351439907981800514413422503914170357636574814261311902020292146744549851054583280047858033725861787149788323778249193316767351604903676129791120779422848272 0 0 0 0 0 0 0 0 0 0 0 0 0 0 0 0 0 0 0 0 0 0 0 0 0 0 0 0 0 0 0 0 0 0 0 0 0 0 0 0 0 0 0 0 1 0 0 0 0 0 0 0 0 0 0 0 0 0 0 0 0 0 0 0 0 0 0 0 0 0 0 0 0 0 0 0 0 0 0 0 0 0 0 0 0]
[5273687239970971624679523342725741418012520160422786412533935655986255249526794653269046150999289817250753626379162019688213383507447714146564406442656419240154759551618520104565940475369487975687204519037342498770944687091669372116575600781057255167227440022 0 0 0 0 0 0 0 0 0 0 0 0 0 0 0 0 0 0 0 0 0 0 0 0 0 0 0 0 0 0 0 0 0 0 0 0 0 0 0 0 0 0 0 0 0 1 0 0 0 0 0 0 0 0 0 0 0 0 0 0 0 0 0 0 0 0 0 0 0 0 0 0 0 0 0 0 0 0 0 0 0 0 0 0 0]
[4669875610065675101404298083575869475063337508585533501479400610854093920826482049793319170779072563042109814237483316880083821779998209700462161445658350617450421524614806556574188951599734875222096929732053543394866651849395971082486714441348035940300783908 0 0 0 0 0 0 0 0 0 0 0 0 0 0 0 0 0 0 0 0 0 0 0 0 0 0 0 0 0 0 0 0 0 0 0 0 0 0 0 0 0 0 0 0 0 0 1 0 0 0 0 0 0 0 0 0 0 0 0 0 0 0 0 0 0 0 0 0 0 0 0 0 0 0 0 0 0 0 0 0 0 0 0 0 0]
[713131317620370793784958542384696253331381497389656416840928137007183986489915610870395872888338044766773325875733860442907165306833650559393189929578238212035821918996258616585069469174037992503837619342810479906176502119785519860182726963263027867639231327 0 0 0 0 0 0 0 0 0 0 0 0 0 0 0 0 0 0 0 0 0 0 0 0 0 0 0 0 0 0 0 0 0 0 0 0 0 0 0 0 0 0 0 0 0 0 0 1 0 0 0 0 0 0 0 0 0 0 0 0 0 0 0 0 0 0 0 0 0 0 0 0 0 0 0 0 0 0 0 0 0 0 0 0 0]
[1322146100344914908086080335516983606235954374873636231856110710716595427273071873366806931000804136477587143347455471615438570794605297375067919924171876791915457964191094294948252303030133375695116097911948598150891434605160636763759844898942473924359616942 0 0 0 0 0 0 0 0 0 0 0 0 0 0 0 0 0 0 0 0 0 0 0 0 0 0 0 0 0 0 0 0 0 0 0 0 0 0 0 0 0 0 0 0 0 0 0 0 1 0 0 0 0 0 0 0 0 0 0 0 0 0 0 0 0 0 0 0 0 0 0 0 0 0 0 0 0 0 0 0 0 0 0 0 0]
[4310334158527487877879663118412053486624093138373929586309957074816103258936080386808754539311648063417316315161324925398002079791924289388018519677335719220731525658865822632831617377514264343965059476660961276506124983991611034721934136252696327668512404947 0 0 0 0 0 0 0 0 0 0 0 0 0 0 0 0 0 0 0 0 0 0 0 0 0 0 0 0 0 0 0 0 0 0 0 0 0 0 0 0 0 0 0 0 0 0 0 0 0 1 0 0 0 0 0 0 0 0 0 0 0 0 0 0 0 0 0 0 0 0 0 0 0 0 0 0 0 0 0 0 0 0 0 0 0]
[2730287163029527049355392027373436255406956851933787910655540542486236764955368054623379721440455191855188034625735336581485630194666331485140784458506252098578954010386780085839562793200120850258361585787195685865105135980728772765723388479984287979115733845 0 0 0 0 0 0 0 0 0 0 0 0 0 0 0 0 0 0 0 0 0 0 0 0 0 0 0 0 0 0 0 0 0 0 0 0 0 0 0 0 0 0 0 0 0 0 0 0 0 0 1 0 0 0 0 0 0 0 0 0 0 0 0 0 0 0 0 0 0 0 0 0 0 0 0 0 0 0 0 0 0 0 0 0 0]
[4710606598445943557238886838405994716565549849254235330532947771790079645749018378657506503601290200526252471895974340735014578065607398144759847153197502107805379289044624453666730851367119328269052555663746722896952173521402946257107803365139502919323028668 0 0 0 0 0 0 0 0 0 0 0 0 0 0 0 0 0 0 0 0 0 0 0 0 0 0 0 0 0 0 0 0 0 0 0 0 0 0 0 0 0 0 0 0 0 0 0 0 0 0 0 1 0 0 0 0 0 0 0 0 0 0 0 0 0 0 0 0 0 0 0 0 0 0 0 0 0 0 0 0 0 0 0 0 0]
[5852296944629514844539514839772278553344650174742390733016570762395654032267681050674023365178639274328339773495688958734742805263822016219904614997878988457095581755812422494697725451634090829872793710016717490846509423042042764027728564231278114298020912306 0 0 0 0 0 0 0 0 0 0 0 0 0 0 0 0 0 0 0 0 0 0 0 0 0 0 0 0 0 0 0 0 0 0 0 0 0 0 0 0 0 0 0 0 0 0 0 0 0 0 0 0 1 0 0 0 0 0 0 0 0 0 0 0 0 0 0 0 0 0 0 0 0 0 0 0 0 0 0 0 0 0 0 0 0]
[881521942188205530559945080812985032476507580414923470648713789148214346750290035484890381803984710930787298908840080898782545384470334763022096878752959531831313960865392346623610817731936780820438882981418227096991890460938080623374466523942483706543230562 0 0 0 0 0 0 0 0 0 0 0 0 0 0 0 0 0 0 0 0 0 0 0 0 0 0 0 0 0 0 0 0 0 0 0 0 0 0 0 0 0 0 0 0 0 0 0 0 0 0 0 0 0 1 0 0 0 0 0 0 0 0 0 0 0 0 0 0 0 0 0 0 0 0 0 0 0 0 0 0 0 0 0 0 0]
[4287431246549699148163651426734516320297692268889480363861104841684283260728719167761829570975141783012794827492681106592358617923323722236205949401501023694413736917666481077230036157356924990804135933461787214764995285861972987612503844943772653381766417797 0 0 0 0 0 0 0 0 0 0 0 0 0 0 0 0 0 0 0 0 0 0 0 0 0 0 0 0 0 0 0 0 0 0 0 0 0 0 0 0 0 0 0 0 0 0 0 0 0 0 0 0 0 0 1 0 0 0 0 0 0 0 0 0 0 0 0 0 0 0 0 0 0 0 0 0 0 0 0 0 0 0 0 0 0]
[1469674164620304415412735702154272207477990338077995362003356394394883111300405032282870589327315262803952015582610908108775510301995965756977367365030525789096270745547359602781396065887120103384174411988895540422213622514456774925975514948024085854893856847 0 0 0 0 0 0 0 0 0 0 0 0 0 0 0 0 0 0 0 0 0 0 0 0 0 0 0 0 0 0 0 0 0 0 0 0 0 0 0 0 0 0 0 0 0 0 0 0 0 0 0 0 0 0 0 1 0 0 0 0 0 0 0 0 0 0 0 0 0 0 0 0 0 0 0 0 0 0 0 0 0 0 0 0 0]
[1191599628895687824870133034479973260041215514040830479447481937523561302226492455743445494180758239112170140100111403576321160363730371236755395741564901871737937920991132940865486012139141053309056626919918923742705450659093507733638737582623207076444442797 0 0 0 0 0 0 0 0 0 0 0 0 0 0 0 0 0 0 0 0 0 0 0 0 0 0 0 0 0 0 0 0 0 0 0 0 0 0 0 0 0 0 0 0 0 0 0 0 0 0 0 0 0 0 0 0 1 0 0 0 0 0 0 0 0 0 0 0 0 0 0 0 0 0 0 0 0 0 0 0 0 0 0 0 0]
[758193975346659136666276222652444776060486813010068267432628211205070211267097232156148943424760243701478964032579409231114417924564069206258912423962511675198422854040864564986162362315558293720419869725092781187912695709897928473312294969375999252963600294 0 0 0 0 0 0 0 0 0 0 0 0 0 0 0 0 0 0 0 0 0 0 0 0 0 0 0 0 0 0 0 0 0 0 0 0 0 0 0 0 0 0 0 0 0 0 0 0 0 0 0 0 0 0 0 0 0 1 0 0 0 0 0 0 0 0 0 0 0 0 0 0 0 0 0 0 0 0 0 0 0 0 0 0 0]
[83965888363397526197356956956208802411266367303272799183296050605152580043775231432031732363719025191638987152937900464240739086191201656617220712135116248855340544198482524099837282090053642148162762397056545990058487042986494262951433312711405629437537265 0 0 0 0 0 0 0 0 0 0 0 0 0 0 0 0 0 0 0 0 0 0 0 0 0 0 0 0 0 0 0 0 0 0 0 0 0 0 0 0 0 0 0 0 0 0 0 0 0 0 0 0 0 0 0 0 0 0 1 0 0 0 0 0 0 0 0 0 0 0 0 0 0 0 0 0 0 0 0 0 0 0 0 0 0]
[6029229980757354042877478948849362080746721256779939028387233937518313749012712794763438233102742045460287746387694323208273422580244842907498406982483525797434460672560478619835948085653601720249253358578483874414999348098759006579932805877922196061935029115 0 0 0 0 0 0 0 0 0 0 0 0 0 0 0 0 0 0 0 0 0 0 0 0 0 0 0 0 0 0 0 0 0 0 0 0 0 0 0 0 0 0 0 0 0 0 0 0 0 0 0 0 0 0 0 0 0 0 0 1 0 0 0 0 0 0 0 0 0 0 0 0 0 0 0 0 0 0 0 0 0 0 0 0 0]
[5298337517745109256810290441676342698174426709038148375261542044529634183094967602743639308126522918318431538965369186037131125346912264720179244536084491317863223923881977552398937210744823726693748196564828033080611476199502407249628531553066024079827803328 0 0 0 0 0 0 0 0 0 0 0 0 0 0 0 0 0 0 0 0 0 0 0 0 0 0 0 0 0 0 0 0 0 0 0 0 0 0 0 0 0 0 0 0 0 0 0 0 0 0 0 0 0 0 0 0 0 0 0 0 1 0 0 0 0 0 0 0 0 0 0 0 0 0 0 0 0 0 0 0 0 0 0 0 0]
[4241153408913925441252867361895824907269141787670072800796157916350507189643092201823515310845857753339037879191665111432229494501986929123720678291000767170158614530743586460509705609999899482381125597750956132059423033726509275101133896780346954292988570802 0 0 0 0 0 0 0 0 0 0 0 0 0 0 0 0 0 0 0 0 0 0 0 0 0 0 0 0 0 0 0 0 0 0 0 0 0 0 0 0 0 0 0 0 0 0 0 0 0 0 0 0 0 0 0 0 0 0 0 0 0 1 0 0 0 0 0 0 0 0 0 0 0 0 0 0 0 0 0 0 0 0 0 0 0]
[5414773725127230643964016528801855619067678140591144072844878139965919584707395249610914931094648091297996595131823166261033960540506678508010172793081279854486668687275420017183601239741316522457245244727872344158180058538080009656644758015399631727315427421 0 0 0 0 0 0 0 0 0 0 0 0 0 0 0 0 0 0 0 0 0 0 0 0 0 0 0 0 0 0 0 0 0 0 0 0 0 0 0 0 0 0 0 0 0 0 0 0 0 0 0 0 0 0 0 0 0 0 0 0 0 0 1 0 0 0 0 0 0 0 0 0 0 0 0 0 0 0 0 0 0 0 0 0 0]
[717919484135244502694261175216800822072699041155011173035961845494902574676565166643235400205484762180690634304426993395171169014801866650639220138506760442381350741750825982768499733807870792895508361491768213792391381043154370666312853932747933101306173440 0 0 0 0 0 0 0 0 0 0 0 0 0 0 0 0 0 0 0 0 0 0 0 0 0 0 0 0 0 0 0 0 0 0 0 0 0 0 0 0 0 0 0 0 0 0 0 0 0 0 0 0 0 0 0 0 0 0 0 0 0 0 0 1 0 0 0 0 0 0 0 0 0 0 0 0 0 0 0 0 0 0 0 0 0]
[3364998476497958811485441145086413453810501488371093611347201006613462082469814185140389947930336300171833491669864641248812376526626964445641189714347533531955646278470372249750074632743494085383027061477414647508070878278601287747810265783344772673854452753 0 0 0 0 0 0 0 0 0 0 0 0 0 0 0 0 0 0 0 0 0 0 0 0 0 0 0 0 0 0 0 0 0 0 0 0 0 0 0 0 0 0 0 0 0 0 0 0 0 0 0 0 0 0 0 0 0 0 0 0 0 0 0 0 1 0 0 0 0 0 0 0 0 0 0 0 0 0 0 0 0 0 0 0 0]
[622240641638104094313168326026656367453478621738407213343037598849262618012555046026480883220766594012213818709882249194666715725236516453790285616906328313661071925326535059459925711576838498911435752916185050118021960061292263297016329979821702961723971408 0 0 0 0 0 0 0 0 0 0 0 0 0 0 0 0 0 0 0 0 0 0 0 0 0 0 0 0 0 0 0 0 0 0 0 0 0 0 0 0 0 0 0 0 0 0 0 0 0 0 0 0 0 0 0 0 0 0 0 0 0 0 0 0 0 1 0 0 0 0 0 0 0 0 0 0 0 0 0 0 0 0 0 0 0]
[1812356639071494134521776426026804537497539141085805067142340319905135741470247645503798152094462632126033538894040351003173838302020800601627035171520315320991532925744926157668809144109883845492053798468961644845331833758023942172525114888260712305754229627 0 0 0 0 0 0 0 0 0 0 0 0 0 0 0 0 0 0 0 0 0 0 0 0 0 0 0 0 0 0 0 0 0 0 0 0 0 0 0 0 0 0 0 0 0 0 0 0 0 0 0 0 0 0 0 0 0 0 0 0 0 0 0 0 0 0 1 0 0 0 0 0 0 0 0 0 0 0 0 0 0 0 0 0 0]
[5332447503498584981118462778298947333170833293166226670380574344785547942712542050339144470434400329206039369146663539343216878582587299994260086099615462935237705477688069130005927005763062614534627385175228793241248854181752107247466820173362708389733480474 0 0 0 0 0 0 0 0 0 0 0 0 0 0 0 0 0 0 0 0 0 0 0 0 0 0 0 0 0 0 0 0 0 0 0 0 0 0 0 0 0 0 0 0 0 0 0 0 0 0 0 0 0 0 0 0 0 0 0 0 0 0 0 0 0 0 0 1 0 0 0 0 0 0 0 0 0 0 0 0 0 0 0 0 0]
[6229847848810847709192765155598962762553029711672545270799328068535914594349371310868763020469554566251263488696504016635758238671951705262451939298652130621202284652519553740145758073408132100146649522172187837215751045519493285239011966219894276525544196412 0 0 0 0 0 0 0 0 0 0 0 0 0 0 0 0 0 0 0 0 0 0 0 0 0 0 0 0 0 0 0 0 0 0 0 0 0 0 0 0 0 0 0 0 0 0 0 0 0 0 0 0 0 0 0 0 0 0 0 0 0 0 0 0 0 0 0 0 1 0 0 0 0 0 0 0 0 0 0 0 0 0 0 0 0]
[1104260362918456959128613731021967427444606042014794448717689770504829152887972358330495343784460387902338978550768153672507785748026706975287997202440549665443050836509791648795579887520376048665562807704956927758037529916570042670177124375944735326098413293 0 0 0 0 0 0 0 0 0 0 0 0 0 0 0 0 0 0 0 0 0 0 0 0 0 0 0 0 0 0 0 0 0 0 0 0 0 0 0 0 0 0 0 0 0 0 0 0 0 0 0 0 0 0 0 0 0 0 0 0 0 0 0 0 0 0 0 0 0 1 0 0 0 0 0 0 0 0 0 0 0 0 0 0 0]
[1144010332872632246189794060687804552319661375349317652744348949655773996801798971627495405827702473615946156527453662389078870573132862561708672293662479024668275763021103155478685006658744733930200256055676211809769483891378228923145724614782495285029077288 0 0 0 0 0 0 0 0 0 0 0 0 0 0 0 0 0 0 0 0 0 0 0 0 0 0 0 0 0 0 0 0 0 0 0 0 0 0 0 0 0 0 0 0 0 0 0 0 0 0 0 0 0 0 0 0 0 0 0 0 0 0 0 0 0 0 0 0 0 0 1 0 0 0 0 0 0 0 0 0 0 0 0 0 0]
[3197376491399601908449697916210778573023631296925884985262807995438770049272236791659526895249997074479565795372937471672324950043873949211232057010005713780834471880695853240337479832694342314784181363494766681527680891185693287587144543106578724132750430740 0 0 0 0 0 0 0 0 0 0 0 0 0 0 0 0 0 0 0 0 0 0 0 0 0 0 0 0 0 0 0 0 0 0 0 0 0 0 0 0 0 0 0 0 0 0 0 0 0 0 0 0 0 0 0 0 0 0 0 0 0 0 0 0 0 0 0 0 0 0 0 1 0 0 0 0 0 0 0 0 0 0 0 0 0]
[502947042598040922323617438694592704064703728407565385343054445024382707377442253933218638412391470310776777880321291330390345062842293024129396365060132853641981808892890256444937651440881054790243035054827028165960803489453690160256768154465443699005653375 0 0 0 0 0 0 0 0 0 0 0 0 0 0 0 0 0 0 0 0 0 0 0 0 0 0 0 0 0 0 0 0 0 0 0 0 0 0 0 0 0 0 0 0 0 0 0 0 0 0 0 0 0 0 0 0 0 0 0 0 0 0 0 0 0 0 0 0 0 0 0 0 1 0 0 0 0 0 0 0 0 0 0 0 0]
[2788613839493010769864664009565714012956980155633476953579848389266746025425899756352922549976403813852730203910809355562230993227918225389664601856119862751217316681012828846542930391584162281805736981491224236676483649458233700389391232765346065704319364087 0 0 0 0 0 0 0 0 0 0 0 0 0 0 0 0 0 0 0 0 0 0 0 0 0 0 0 0 0 0 0 0 0 0 0 0 0 0 0 0 0 0 0 0 0 0 0 0 0 0 0 0 0 0 0 0 0 0 0 0 0 0 0 0 0 0 0 0 0 0 0 0 0 1 0 0 0 0 0 0 0 0 0 0 0]
[2737195595341192362292531427877187693312236564663309048874290065887081689621339285051103993073253204588001564935324725640450319849362291587931996194750232787039722892540409481209683636476164305558639260347571804482309698439270908712674607668250042477826973445 0 0 0 0 0 0 0 0 0 0 0 0 0 0 0 0 0 0 0 0 0 0 0 0 0 0 0 0 0 0 0 0 0 0 0 0 0 0 0 0 0 0 0 0 0 0 0 0 0 0 0 0 0 0 0 0 0 0 0 0 0 0 0 0 0 0 0 0 0 0 0 0 0 0 1 0 0 0 0 0 0 0 0 0 0]
[5804276103018459257196275506397142141801324313919734216192252353863595438996264391818078503890198305155865696687322352281718565040302791513459496007004944089331405558773004156572354600368187551685668829996572647462140028135051707852284783557236273500633727849 0 0 0 0 0 0 0 0 0 0 0 0 0 0 0 0 0 0 0 0 0 0 0 0 0 0 0 0 0 0 0 0 0 0 0 0 0 0 0 0 0 0 0 0 0 0 0 0 0 0 0 0 0 0 0 0 0 0 0 0 0 0 0 0 0 0 0 0 0 0 0 0 0 0 0 1 0 0 0 0 0 0 0 0 0]
[921688586535277310508512427405705929906353313460796518419195009694590269912715641030996095881341434078644550302230853091743968251197115764448684230734483275339064533470486928176650265618771541406434434667899970662845826125399152276408515903400667651662395741 0 0 0 0 0 0 0 0 0 0 0 0 0 0 0 0 0 0 0 0 0 0 0 0 0 0 0 0 0 0 0 0 0 0 0 0 0 0 0 0 0 0 0 0 0 0 0 0 0 0 0 0 0 0 0 0 0 0 0 0 0 0 0 0 0 0 0 0 0 0 0 0 0 0 0 0 1 0 0 0 0 0 0 0 0]
[5887333421063110020965355865850690877491759605917080239273232983737576374618598904374917415646768075237457152040817220312086736842515703304136378264652675090784511749330052652193172154551783167713246119512186961173308345743655235660793108026526711219460980530 0 0 0 0 0 0 0 0 0 0 0 0 0 0 0 0 0 0 0 0 0 0 0 0 0 0 0 0 0 0 0 0 0 0 0 0 0 0 0 0 0 0 0 0 0 0 0 0 0 0 0 0 0 0 0 0 0 0 0 0 0 0 0 0 0 0 0 0 0 0 0 0 0 0 0 0 0 1 0 0 0 0 0 0 0]
[2779739389392608474112599408493008150127211247607514111850798750700301820631699427396409891255656723464475790123298509588877129034837384208793621061065538125157414919878341930095352894090551973143418028396697228479943124402861022804735229773231734255341937147 0 0 0 0 0 0 0 0 0 0 0 0 0 0 0 0 0 0 0 0 0 0 0 0 0 0 0 0 0 0 0 0 0 0 0 0 0 0 0 0 0 0 0 0 0 0 0 0 0 0 0 0 0 0 0 0 0 0 0 0 0 0 0 0 0 0 0 0 0 0 0 0 0 0 0 0 0 0 1 0 0 0 0 0 0]
[1735482337406108006470790115993826650389022992913749162287584264193248560125959824683965402926132049675313836973540667649041270479666674815012998164267821215699956428677529496197192400629975710478179671392020251924754921529884821791516879759124047796423378399 0 0 0 0 0 0 0 0 0 0 0 0 0 0 0 0 0 0 0 0 0 0 0 0 0 0 0 0 0 0 0 0 0 0 0 0 0 0 0 0 0 0 0 0 0 0 0 0 0 0 0 0 0 0 0 0 0 0 0 0 0 0 0 0 0 0 0 0 0 0 0 0 0 0 0 0 0 0 0 1 0 0 0 0 0]
[3578730459607819407710445517655391638479322045151126710159490959625939208002303641773841012855674156230292365209997593897225012656440555154116437016286645709064864893792071392335823604458977400542922035723286317876355591503550207675200241855868221794000820727 0 0 0 0 0 0 0 0 0 0 0 0 0 0 0 0 0 0 0 0 0 0 0 0 0 0 0 0 0 0 0 0 0 0 0 0 0 0 0 0 0 0 0 0 0 0 0 0 0 0 0 0 0 0 0 0 0 0 0 0 0 0 0 0 0 0 0 0 0 0 0 0 0 0 0 0 0 0 0 0 1 0 0 0 0]
[1361055525812936767978353802528234418961880375362567007197085543558961108417178534304788465016469428938939730899613873160953181353998862776707646807763764768011779214991826674882308627036650433477605842230257302118813124721955769567411336267787227815032219206 0 0 0 0 0 0 0 0 0 0 0 0 0 0 0 0 0 0 0 0 0 0 0 0 0 0 0 0 0 0 0 0 0 0 0 0 0 0 0 0 0 0 0 0 0 0 0 0 0 0 0 0 0 0 0 0 0 0 0 0 0 0 0 0 0 0 0 0 0 0 0 0 0 0 0 0 0 0 0 0 0 1 0 0 0]
[5995662086600360858250114891054842005941709581964358810530014741043582191501176004491277970432440258264551575972847207964668085727586347348133122486398449916503619721168668628043845702899121991114766481444028958906255599790899894538640238915782737996701924117 0 0 0 0 0 0 0 0 0 0 0 0 0 0 0 0 0 0 0 0 0 0 0 0 0 0 0 0 0 0 0 0 0 0 0 0 0 0 0 0 0 0 0 0 0 0 0 0 0 0 0 0 0 0 0 0 0 0 0 0 0 0 0 0 0 0 0 0 0 0 0 0 0 0 0 0 0 0 0 0 0 0 1 0 0]
[5015277591566187901973734689022780857090600908755730829887607957751739877405505456339909453993023176205647701793060200259158949947491198231754732786779958047986290025782885091692411064435684291114781998284606981898451923128986702102498368019705326097717698216 0 0 0 0 0 0 0 0 0 0 0 0 0 0 0 0 0 0 0 0 0 0 0 0 0 0 0 0 0 0 0 0 0 0 0 0 0 0 0 0 0 0 0 0 0 0 0 0 0 0 0 0 0 0 0 0 0 0 0 0 0 0 0 0 0 0 0 0 0 0 0 0 0 0 0 0 0 0 0 0 0 0 0 1 0]
[3076829530430065331842327378850735561555550715712870930477329967515319736749866647568875252654705328203046093800943817709489083824617359828642146654094900702025552670898129718583594700272270021086488127670045940596636194442079522958187555594037848944493060542 0 0 0 0 0 0 0 0 0 0 0 0 0 0 0 0 0 0 0 0 0 0 0 0 0 0 0 0 0 0 0 0 0 0 0 0 0 0 0 0 0 0 0 0 0 0 0 0 0 0 0 0 0 0 0 0 0 0 0 0 0 0 0 0 0 0 0 0 0 0 0 0 0 0 0 0 0 0 0 0 0 0 0 0 1]
]
