[[4039634267939815567849970480443393349800889482928496687954558568211355495281123303274308661009345367769997527271257860742993660693933064940178961387606329862582628147480451119480258516761102274205405021353270187999911 0 0 0 0 0 0 0 0 0 0 0 0 0 0 0 0 0 0 0 0 0 0 0 0 0 0 0 0 0 0 0 0 0 0 0 0 0 0 0 0 0 0 0 0 0 0 0 0 0 0 0 0 0 0 0 0 0 0 0 0 0 0 0 0 0 0 0 0 0 0 0]
[2354800080828871436372510302996598690714838446834713036068361446023787079570853737069138046029128562275805722293108849951764884370371685183040484269686759503397108190159297118886386980329465791148748517679524266915499 1 0 0 0 0 0 0 0 0 0 0 0 0 0 0 0 0 0 0 0 0 0 0 0 0 0 0 0 0 0 0 0 0 0 0 0 0 0 0 0 0 0 0 0 0 0 0 0 0 0 0 0 0 0 0 0 0 0 0 0 0 0 0 0 0 0 0 0 0 0 0]
[3600985254508607952042018179703859858955590566398352754873977689189977326686960455012249925548621546025903252490851344593863549273759812367812802766047804904150399670798370256089422077370391788082646472885701739423927 0 1 0 0 0 0 0 0 0 0 0 0 0 0 0 0 0 0 0 0 0 0 0 0 0 0 0 0 0 0 0 0 0 0 0 0 0 0 0 0 0 0 0 0 0 0 0 0 0 0 0 0 0 0 0 0 0 0 0 0 0 0 0 0 0 0 0 0 0 0 0]
[3896739971219059712958412883921906725150981305773910651110618563530595207240906510196446589549048123531629633407642667298775217863025718450242483356312062813329001881536741051293571105657329981132494161308579326711867 0 0 1 0 0 0 0 0 0 0 0 0 0 0 0 0 0 0 0 0 0 0 0 0 0 0 0 0 0 0 0 0 0 0 0 0 0 0 0 0 0 0 0 0 0 0 0 0 0 0 0 0 0 0 0 0 0 0 0 0 0 0 0 0 0 0 0 0 0 0 0]
[63602453778616038691742811606664977789561571321504152031219391600829370385314370546434559123558653007433807318797861226755844065866791839864253367707596513070627143191659546545236489196018866350208454555532241867883 0 0 0 1 0 0 0 0 0 0 0 0 0 0 0 0 0 0 0 0 0 0 0 0 0 0 0 0 0 0 0 0 0 0 0 0 0 0 0 0 0 0 0 0 0 0 0 0 0 0 0 0 0 0 0 0 0 0 0 0 0 0 0 0 0 0 0 0 0 0 0]
[2601287954193173749877798696410958529496136661174897049495502111037454491080175857462763298531268223869878449006374572557609713055562256395426467310916269791656799330343411579032923352206543622264542635052141813988784 0 0 0 0 1 0 0 0 0 0 0 0 0 0 0 0 0 0 0 0 0 0 0 0 0 0 0 0 0 0 0 0 0 0 0 0 0 0 0 0 0 0 0 0 0 0 0 0 0 0 0 0 0 0 0 0 0 0 0 0 0 0 0 0 0 0 0 0 0 0 0]
[3346247719346025693211218307327732115718305696813473063091519880781589335694628385054550769222534640605235574902376544045522446368664044761223448784075416306058593738972610966846440915886261148959769035730912987642568 0 0 0 0 0 1 0 0 0 0 0 0 0 0 0 0 0 0 0 0 0 0 0 0 0 0 0 0 0 0 0 0 0 0 0 0 0 0 0 0 0 0 0 0 0 0 0 0 0 0 0 0 0 0 0 0 0 0 0 0 0 0 0 0 0 0 0 0 0 0 0]
[2262339361864040106852575790656429364041889261916896319235992774396239680106759787115812541430412488380105422798598987307354223527234784260552915492764707837379447953274933202782694675330120655458520187333735793893576 0 0 0 0 0 0 1 0 0 0 0 0 0 0 0 0 0 0 0 0 0 0 0 0 0 0 0 0 0 0 0 0 0 0 0 0 0 0 0 0 0 0 0 0 0 0 0 0 0 0 0 0 0 0 0 0 0 0 0 0 0 0 0 0 0 0 0 0 0 0 0]
[3867476717608707312580023439005340071022374721598285334294269061793168622860431908549475953683864187746366860863954309339324653416305558479706857004129935431062167996463549214810520378876926464618544650286263781487779 0 0 0 0 0 0 0 1 0 0 0 0 0 0 0 0 0 0 0 0 0 0 0 0 0 0 0 0 0 0 0 0 0 0 0 0 0 0 0 0 0 0 0 0 0 0 0 0 0 0 0 0 0 0 0 0 0 0 0 0 0 0 0 0 0 0 0 0 0 0 0]
[2972635441637237041543836886768774931268559483587313539286571001349696839576202334673339244886524087320809238971611065850961311387198620752998026869610938774444963097306005702820770096210809505028917939409446165875118 0 0 0 0 0 0 0 0 1 0 0 0 0 0 0 0 0 0 0 0 0 0 0 0 0 0 0 0 0 0 0 0 0 0 0 0 0 0 0 0 0 0 0 0 0 0 0 0 0 0 0 0 0 0 0 0 0 0 0 0 0 0 0 0 0 0 0 0 0 0 0]
[2691432365269239510623143027374895858411363956232792283796902986703883355510176339014373562080061479578526288480168428343297712920729289385323984041057783718301482693526208790862615851755260714141387697016812259897380 0 0 0 0 0 0 0 0 0 1 0 0 0 0 0 0 0 0 0 0 0 0 0 0 0 0 0 0 0 0 0 0 0 0 0 0 0 0 0 0 0 0 0 0 0 0 0 0 0 0 0 0 0 0 0 0 0 0 0 0 0 0 0 0 0 0 0 0 0 0 0]
[1898182388299342283599419490725791569312114992785466517451897998614590455611983542881557893664597559250009495844518867671130071698927857374060931150642273768293374012159261901712551484122852529020074258979087698470000 0 0 0 0 0 0 0 0 0 0 1 0 0 0 0 0 0 0 0 0 0 0 0 0 0 0 0 0 0 0 0 0 0 0 0 0 0 0 0 0 0 0 0 0 0 0 0 0 0 0 0 0 0 0 0 0 0 0 0 0 0 0 0 0 0 0 0 0 0 0 0]
[2288123767677395955807722024292134887295646847418942976655228746545926942429769189136889921571637456753979921405563226338343820736213079595371427207826557383006948016025267439163421269388743697728660390684129372870052 0 0 0 0 0 0 0 0 0 0 0 1 0 0 0 0 0 0 0 0 0 0 0 0 0 0 0 0 0 0 0 0 0 0 0 0 0 0 0 0 0 0 0 0 0 0 0 0 0 0 0 0 0 0 0 0 0 0 0 0 0 0 0 0 0 0 0 0 0 0 0]
[3047616392058862278514872967759220516650075622005968255553077012878026611298618037351578910972824156418475278629204557890372834756020543600481785036843047452068857510385615150680211374000614286780201294275499061799775 0 0 0 0 0 0 0 0 0 0 0 0 1 0 0 0 0 0 0 0 0 0 0 0 0 0 0 0 0 0 0 0 0 0 0 0 0 0 0 0 0 0 0 0 0 0 0 0 0 0 0 0 0 0 0 0 0 0 0 0 0 0 0 0 0 0 0 0 0 0 0]
[207789675655662224444718791713146275903068498351603776684125283658033431982666584628986985706209517768363624318692263615814911164668739197626606972928446497536566565457798673437440677506856239482812624895269353100528 0 0 0 0 0 0 0 0 0 0 0 0 0 1 0 0 0 0 0 0 0 0 0 0 0 0 0 0 0 0 0 0 0 0 0 0 0 0 0 0 0 0 0 0 0 0 0 0 0 0 0 0 0 0 0 0 0 0 0 0 0 0 0 0 0 0 0 0 0 0 0]
[3673332315098202723129639855768058764369653064882819911002177778590647414886264543036249894827377152680128618188141377437410741445631227011421529012609801073081655978663729912272305661804160489706280729681758834926514 0 0 0 0 0 0 0 0 0 0 0 0 0 0 1 0 0 0 0 0 0 0 0 0 0 0 0 0 0 0 0 0 0 0 0 0 0 0 0 0 0 0 0 0 0 0 0 0 0 0 0 0 0 0 0 0 0 0 0 0 0 0 0 0 0 0 0 0 0 0 0]
[3270311269893413101948703620427523994947122782040326846526032706127472497094088914648762213026811475944143720745660159668623293730819497834570129247876581354191237216854688559838003320998043052397887346892595606059569 0 0 0 0 0 0 0 0 0 0 0 0 0 0 0 1 0 0 0 0 0 0 0 0 0 0 0 0 0 0 0 0 0 0 0 0 0 0 0 0 0 0 0 0 0 0 0 0 0 0 0 0 0 0 0 0 0 0 0 0 0 0 0 0 0 0 0 0 0 0 0]
[12351606546643650799635003810825214960796647533967893484370998558754585250244906327437037593690516252289013307292671785418820790726999744390334574328787900947770027857429320626473033846533391977767324163010370051842 0 0 0 0 0 0 0 0 0 0 0 0 0 0 0 0 1 0 0 0 0 0 0 0 0 0 0 0 0 0 0 0 0 0 0 0 0 0 0 0 0 0 0 0 0 0 0 0 0 0 0 0 0 0 0 0 0 0 0 0 0 0 0 0 0 0 0 0 0 0 0]
[1689794155712557089176972864688802813433660511740066574145281453418426743846355715838818093775446117850475914340479213782077532118162425573951863532574039842454295422715625110121652851932766460721787476228909776057711 0 0 0 0 0 0 0 0 0 0 0 0 0 0 0 0 0 1 0 0 0 0 0 0 0 0 0 0 0 0 0 0 0 0 0 0 0 0 0 0 0 0 0 0 0 0 0 0 0 0 0 0 0 0 0 0 0 0 0 0 0 0 0 0 0 0 0 0 0 0 0]
[3749113117952260852430865711247674453999739363120228244105076392735147586167292640899896559126975714710588318023735639858049210510046737040698208835044791172854692628526165685922590812663887934236106849134256141581185 0 0 0 0 0 0 0 0 0 0 0 0 0 0 0 0 0 0 1 0 0 0 0 0 0 0 0 0 0 0 0 0 0 0 0 0 0 0 0 0 0 0 0 0 0 0 0 0 0 0 0 0 0 0 0 0 0 0 0 0 0 0 0 0 0 0 0 0 0 0 0]
[41535335332273306800649990630140289845187372555474665492729509316916736106800707738731713760130827233304874804921479790172299791179229908457757293911003626368456208931458712894629306628154866525354199366103612062046 0 0 0 0 0 0 0 0 0 0 0 0 0 0 0 0 0 0 0 1 0 0 0 0 0 0 0 0 0 0 0 0 0 0 0 0 0 0 0 0 0 0 0 0 0 0 0 0 0 0 0 0 0 0 0 0 0 0 0 0 0 0 0 0 0 0 0 0 0 0 0]
[1166619712724973069137312746925685360664830738681388080982689525843547649813548103561107269079380649622096868793086730630026104882999421900335158094554355372280380876966819258760728289891655625920067413277918876949923 0 0 0 0 0 0 0 0 0 0 0 0 0 0 0 0 0 0 0 0 1 0 0 0 0 0 0 0 0 0 0 0 0 0 0 0 0 0 0 0 0 0 0 0 0 0 0 0 0 0 0 0 0 0 0 0 0 0 0 0 0 0 0 0 0 0 0 0 0 0 0]
[2863325481029288563262250012527342795355321125326410086218463282446446510974858689963782452136539321779707475377532338182858025022958606123760635809070485500852094162641844353678177399348242000557314951690486351256315 0 0 0 0 0 0 0 0 0 0 0 0 0 0 0 0 0 0 0 0 0 1 0 0 0 0 0 0 0 0 0 0 0 0 0 0 0 0 0 0 0 0 0 0 0 0 0 0 0 0 0 0 0 0 0 0 0 0 0 0 0 0 0 0 0 0 0 0 0 0 0]
[2163286746230656176460056497321327486394625003189582702281328186023788699393414477017949479527181363802273465153612555406862582894619102456807532638838157393346569215212107787465993166777903701165646244283430101325604 0 0 0 0 0 0 0 0 0 0 0 0 0 0 0 0 0 0 0 0 0 0 1 0 0 0 0 0 0 0 0 0 0 0 0 0 0 0 0 0 0 0 0 0 0 0 0 0 0 0 0 0 0 0 0 0 0 0 0 0 0 0 0 0 0 0 0 0 0 0 0]
[583107099817733806059551606901977997344422151313297810026365644264788424682852835090926679598083844965642484243390857076257986404736695603197013856175105180608873939418964119103411343794502478385188187571755759848915 0 0 0 0 0 0 0 0 0 0 0 0 0 0 0 0 0 0 0 0 0 0 0 1 0 0 0 0 0 0 0 0 0 0 0 0 0 0 0 0 0 0 0 0 0 0 0 0 0 0 0 0 0 0 0 0 0 0 0 0 0 0 0 0 0 0 0 0 0 0 0]
[1468258335546957653998383750175510183973998517801375290629860999332903382454096324757370160276915156469957394788709306533340852690489690586980464396372038042101659114546230545628029229701666727282301689159012947974589 0 0 0 0 0 0 0 0 0 0 0 0 0 0 0 0 0 0 0 0 0 0 0 0 1 0 0 0 0 0 0 0 0 0 0 0 0 0 0 0 0 0 0 0 0 0 0 0 0 0 0 0 0 0 0 0 0 0 0 0 0 0 0 0 0 0 0 0 0 0 0]
[1816239889728043594689987923367023393391246661553755618898368726246091935932660841656123970358095430608130099152513941674595817472011806114413640853489972794701719514959873104398177378412320638691133001877274617742368 0 0 0 0 0 0 0 0 0 0 0 0 0 0 0 0 0 0 0 0 0 0 0 0 0 1 0 0 0 0 0 0 0 0 0 0 0 0 0 0 0 0 0 0 0 0 0 0 0 0 0 0 0 0 0 0 0 0 0 0 0 0 0 0 0 0 0 0 0 0 0]
[1360254234275706761283790801855210162960092910201719273094089712573492509144899913428039811362134303584706812356407637603924747663610684968237802650699918657539327009653235049428103491403081704853613299667528964529374 0 0 0 0 0 0 0 0 0 0 0 0 0 0 0 0 0 0 0 0 0 0 0 0 0 0 1 0 0 0 0 0 0 0 0 0 0 0 0 0 0 0 0 0 0 0 0 0 0 0 0 0 0 0 0 0 0 0 0 0 0 0 0 0 0 0 0 0 0 0 0]
[3971290233531455043100305520782563451414025083236630715012685379969753480310000080045730237538245409640561294378987871460967970421241928473986024345555212998203180378638791280016286193373232850999302124261491257298348 0 0 0 0 0 0 0 0 0 0 0 0 0 0 0 0 0 0 0 0 0 0 0 0 0 0 0 1 0 0 0 0 0 0 0 0 0 0 0 0 0 0 0 0 0 0 0 0 0 0 0 0 0 0 0 0 0 0 0 0 0 0 0 0 0 0 0 0 0 0 0]
[153948206833784101313566818747860492176060568452732330327890713479818583959822049406987345180313522371960004897845539850351884337374253073677449980465275256767116102498046141066294925434261220750973907445774227955584 0 0 0 0 0 0 0 0 0 0 0 0 0 0 0 0 0 0 0 0 0 0 0 0 0 0 0 0 1 0 0 0 0 0 0 0 0 0 0 0 0 0 0 0 0 0 0 0 0 0 0 0 0 0 0 0 0 0 0 0 0 0 0 0 0 0 0 0 0 0 0]
[659095863346962004008931960146258587234260900355052302316966068436122944098728102105255072089564014725213969121451711776912357188193805598101623462327757660825034381412675051451798133729181876159349240365225096769741 0 0 0 0 0 0 0 0 0 0 0 0 0 0 0 0 0 0 0 0 0 0 0 0 0 0 0 0 0 1 0 0 0 0 0 0 0 0 0 0 0 0 0 0 0 0 0 0 0 0 0 0 0 0 0 0 0 0 0 0 0 0 0 0 0 0 0 0 0 0 0]
[172208239631080673212162526288558245808349966134039695357475225605591090057712947777737506073120148134065587129188368313759765052266339101173562563269870197708794929415687790522446098807071378559839355195735333523377 0 0 0 0 0 0 0 0 0 0 0 0 0 0 0 0 0 0 0 0 0 0 0 0 0 0 0 0 0 0 1 0 0 0 0 0 0 0 0 0 0 0 0 0 0 0 0 0 0 0 0 0 0 0 0 0 0 0 0 0 0 0 0 0 0 0 0 0 0 0 0]
[1763777741353628549535798180760431763250745328323919211613255942292143100312033355004039610386643320995552628871616373274425883133498760649919717413423070528442276664311521386361780806777144735080896180283190303519013 0 0 0 0 0 0 0 0 0 0 0 0 0 0 0 0 0 0 0 0 0 0 0 0 0 0 0 0 0 0 0 1 0 0 0 0 0 0 0 0 0 0 0 0 0 0 0 0 0 0 0 0 0 0 0 0 0 0 0 0 0 0 0 0 0 0 0 0 0 0 0]
[1472238234838780268668774193415088834073917795034800069427958591194626688029326279930354305132982619073749640842757263285277123081158352146950910553817189179735463191193191303680559411440033702781099735115763567351213 0 0 0 0 0 0 0 0 0 0 0 0 0 0 0 0 0 0 0 0 0 0 0 0 0 0 0 0 0 0 0 0 1 0 0 0 0 0 0 0 0 0 0 0 0 0 0 0 0 0 0 0 0 0 0 0 0 0 0 0 0 0 0 0 0 0 0 0 0 0 0]
[786014428458078256300420296751122384412114937955845160445722032188625674368427750129507032939381618836365460278656521777559782066392461224279323624534104535403930148612383590558463277091683210634393652680678715188905 0 0 0 0 0 0 0 0 0 0 0 0 0 0 0 0 0 0 0 0 0 0 0 0 0 0 0 0 0 0 0 0 0 1 0 0 0 0 0 0 0 0 0 0 0 0 0 0 0 0 0 0 0 0 0 0 0 0 0 0 0 0 0 0 0 0 0 0 0 0 0]
[2144285111282931057025172112270950536916375436432645106360013663977104175970073375607496524038264486811607774732507349051625695961161834413107515361940335864344412272231208566964909888939756502139306919780450235769177 0 0 0 0 0 0 0 0 0 0 0 0 0 0 0 0 0 0 0 0 0 0 0 0 0 0 0 0 0 0 0 0 0 0 1 0 0 0 0 0 0 0 0 0 0 0 0 0 0 0 0 0 0 0 0 0 0 0 0 0 0 0 0 0 0 0 0 0 0 0 0]
[2128423090033496186359434298446449868887764045241392369913702634725243757947150078984043974378308125553596642810409130101911911224052937693364728434218952158649814611601070766840676398330531629428547115329107153124974 0 0 0 0 0 0 0 0 0 0 0 0 0 0 0 0 0 0 0 0 0 0 0 0 0 0 0 0 0 0 0 0 0 0 0 1 0 0 0 0 0 0 0 0 0 0 0 0 0 0 0 0 0 0 0 0 0 0 0 0 0 0 0 0 0 0 0 0 0 0 0]
[3179265207591449502517382580260334784866869570207961307166971206229701297148676746656197828212854508700626848821824043559070663840075600791530446606000771723451985821328231033965125225115991398785002152411481575290139 0 0 0 0 0 0 0 0 0 0 0 0 0 0 0 0 0 0 0 0 0 0 0 0 0 0 0 0 0 0 0 0 0 0 0 0 1 0 0 0 0 0 0 0 0 0 0 0 0 0 0 0 0 0 0 0 0 0 0 0 0 0 0 0 0 0 0 0 0 0 0]
[558532104071544198356538402968054333875918487969925960743662539386184751155914119641918790372852376616275783778557979402438011260115626269358166317815265243725005214955132855668441842449048659952502688747414875676994 0 0 0 0 0 0 0 0 0 0 0 0 0 0 0 0 0 0 0 0 0 0 0 0 0 0 0 0 0 0 0 0 0 0 0 0 0 1 0 0 0 0 0 0 0 0 0 0 0 0 0 0 0 0 0 0 0 0 0 0 0 0 0 0 0 0 0 0 0 0 0]
[2242720853667518931622921797696542716894725955488317824041211487052035153466281024295441614845793336323673970606250575699125299763313660550935357551059171803960070113818025030212891050596518300264338954053349203761290 0 0 0 0 0 0 0 0 0 0 0 0 0 0 0 0 0 0 0 0 0 0 0 0 0 0 0 0 0 0 0 0 0 0 0 0 0 0 1 0 0 0 0 0 0 0 0 0 0 0 0 0 0 0 0 0 0 0 0 0 0 0 0 0 0 0 0 0 0 0 0]
[2906832070160711653563698776460419854471911206673262829738755010916813820291164957571616150130978376604626884195388623686792154290919111517556499171690474857590001572713996526979705146085187281059759479697103309994184 0 0 0 0 0 0 0 0 0 0 0 0 0 0 0 0 0 0 0 0 0 0 0 0 0 0 0 0 0 0 0 0 0 0 0 0 0 0 0 1 0 0 0 0 0 0 0 0 0 0 0 0 0 0 0 0 0 0 0 0 0 0 0 0 0 0 0 0 0 0 0]
[1756803252873772981501869435065924293553991659828012700394352749011124155580239566512366669991178040495208810437845520800127589574569707015090665791566204797024260380182545817818329385544396902590596034913570664391453 0 0 0 0 0 0 0 0 0 0 0 0 0 0 0 0 0 0 0 0 0 0 0 0 0 0 0 0 0 0 0 0 0 0 0 0 0 0 0 0 1 0 0 0 0 0 0 0 0 0 0 0 0 0 0 0 0 0 0 0 0 0 0 0 0 0 0 0 0 0 0]
[1454448044012168602469592086035540236714604657367901790807911896726009010341713740551750729349744624507195897728281851039767330096403029381180649857998023627103979598624655173639079559221237927220228145963315506152513 0 0 0 0 0 0 0 0 0 0 0 0 0 0 0 0 0 0 0 0 0 0 0 0 0 0 0 0 0 0 0 0 0 0 0 0 0 0 0 0 0 1 0 0 0 0 0 0 0 0 0 0 0 0 0 0 0 0 0 0 0 0 0 0 0 0 0 0 0 0 0]
[3940313153424415975143573433962564918274908253890629974370975500665444110462327112315728195691468357541204083637111153178032704667818742650726371648923554036327592030355485039192075592732672461313222247367963327230424 0 0 0 0 0 0 0 0 0 0 0 0 0 0 0 0 0 0 0 0 0 0 0 0 0 0 0 0 0 0 0 0 0 0 0 0 0 0 0 0 0 0 1 0 0 0 0 0 0 0 0 0 0 0 0 0 0 0 0 0 0 0 0 0 0 0 0 0 0 0 0]
[1269867999837637714199952370069989649242181080421778883176678716719111859288123257270668811447276562618672862159609897514636951799111031153681894968521011052642273549997974142235387232381536150760627063632901964035473 0 0 0 0 0 0 0 0 0 0 0 0 0 0 0 0 0 0 0 0 0 0 0 0 0 0 0 0 0 0 0 0 0 0 0 0 0 0 0 0 0 0 0 1 0 0 0 0 0 0 0 0 0 0 0 0 0 0 0 0 0 0 0 0 0 0 0 0 0 0 0]
[2765165881104425897348575774263393852583619603444164275039670677839355181072284420465836623452229952583420601370536754309401392859964040781445915158054384891523802466083959638385448972542041101624727425654358943647399 0 0 0 0 0 0 0 0 0 0 0 0 0 0 0 0 0 0 0 0 0 0 0 0 0 0 0 0 0 0 0 0 0 0 0 0 0 0 0 0 0 0 0 0 1 0 0 0 0 0 0 0 0 0 0 0 0 0 0 0 0 0 0 0 0 0 0 0 0 0 0]
[3503136424544539985120360394635813581112683687731215541028320700559885507993050234377924500182481085765976432696558906498354221530447394008485193168561850956069120725384368115861705385486333299474713001309527601388564 0 0 0 0 0 0 0 0 0 0 0 0 0 0 0 0 0 0 0 0 0 0 0 0 0 0 0 0 0 0 0 0 0 0 0 0 0 0 0 0 0 0 0 0 0 1 0 0 0 0 0 0 0 0 0 0 0 0 0 0 0 0 0 0 0 0 0 0 0 0 0]
[347924857163602043973023016952764124849623230760628625601330890392943891991532400580802494231411773156077501679935559369308072399538075135975247605480367292311798615263676521178449424651796457418915111309895623680408 0 0 0 0 0 0 0 0 0 0 0 0 0 0 0 0 0 0 0 0 0 0 0 0 0 0 0 0 0 0 0 0 0 0 0 0 0 0 0 0 0 0 0 0 0 0 1 0 0 0 0 0 0 0 0 0 0 0 0 0 0 0 0 0 0 0 0 0 0 0 0]
[3221474785777575478891895903135390745339166155708065509478046541171010381761591106356798373060301341343911233203654007983407728999966769082432503484321783180720800922329864674552144396338161331135919698612413114489863 0 0 0 0 0 0 0 0 0 0 0 0 0 0 0 0 0 0 0 0 0 0 0 0 0 0 0 0 0 0 0 0 0 0 0 0 0 0 0 0 0 0 0 0 0 0 0 1 0 0 0 0 0 0 0 0 0 0 0 0 0 0 0 0 0 0 0 0 0 0 0]
[1852323118999786018003779407523698172398499504409170507708293270895410117712249381189458334887453981333126258502055834221969784590768986209486030571590685939400736432944901216400015306018722531794856353635373918902359 0 0 0 0 0 0 0 0 0 0 0 0 0 0 0 0 0 0 0 0 0 0 0 0 0 0 0 0 0 0 0 0 0 0 0 0 0 0 0 0 0 0 0 0 0 0 0 0 1 0 0 0 0 0 0 0 0 0 0 0 0 0 0 0 0 0 0 0 0 0 0]
[2871458418900579112500688593715170356314244905184862874253234997582924601346548086883529623160938118068297846115374391355623311468214302411037539572378846024501959931237050631143453460297354260520881752169532764648332 0 0 0 0 0 0 0 0 0 0 0 0 0 0 0 0 0 0 0 0 0 0 0 0 0 0 0 0 0 0 0 0 0 0 0 0 0 0 0 0 0 0 0 0 0 0 0 0 0 1 0 0 0 0 0 0 0 0 0 0 0 0 0 0 0 0 0 0 0 0 0]
[884396737263123003824681378082790886553909875407849781121060859544178980317511865147990865546976161863542968694741762117935895186424383921934899943698054725642344571919067816820773571266571195782957501591384675446806 0 0 0 0 0 0 0 0 0 0 0 0 0 0 0 0 0 0 0 0 0 0 0 0 0 0 0 0 0 0 0 0 0 0 0 0 0 0 0 0 0 0 0 0 0 0 0 0 0 0 1 0 0 0 0 0 0 0 0 0 0 0 0 0 0 0 0 0 0 0 0]
[2266197044715695109198518870327921848669473726100088693051066351470853985418532657657997322008695015759641278447145451037987377677567368199683930621985171248005487417057618093542198768989719155130692213388987851626046 0 0 0 0 0 0 0 0 0 0 0 0 0 0 0 0 0 0 0 0 0 0 0 0 0 0 0 0 0 0 0 0 0 0 0 0 0 0 0 0 0 0 0 0 0 0 0 0 0 0 0 1 0 0 0 0 0 0 0 0 0 0 0 0 0 0 0 0 0 0 0]
[3601349867656110508506409880457839911607881886971532965060822883861759525388218858671974036572180276070787792311751827334532227936614764986845632063900681930433642404765636938732029383575611374023793548730750695686827 0 0 0 0 0 0 0 0 0 0 0 0 0 0 0 0 0 0 0 0 0 0 0 0 0 0 0 0 0 0 0 0 0 0 0 0 0 0 0 0 0 0 0 0 0 0 0 0 0 0 0 0 1 0 0 0 0 0 0 0 0 0 0 0 0 0 0 0 0 0 0]
[1546363961876422416627321869584217289828231647007313557112864414175210431661541799205528220381939885139556949837273622555836147196961306981764471534229335661418380561516743712943124646231352521614740804211931428631070 0 0 0 0 0 0 0 0 0 0 0 0 0 0 0 0 0 0 0 0 0 0 0 0 0 0 0 0 0 0 0 0 0 0 0 0 0 0 0 0 0 0 0 0 0 0 0 0 0 0 0 0 0 1 0 0 0 0 0 0 0 0 0 0 0 0 0 0 0 0 0]
[1528378975536797631761186386947460448058874253949612092428416895011131172960038276203896478682339909989491091797094028457810062112916714239577413720508371534909538950184989518457610285374140664358610236041738143674141 0 0 0 0 0 0 0 0 0 0 0 0 0 0 0 0 0 0 0 0 0 0 0 0 0 0 0 0 0 0 0 0 0 0 0 0 0 0 0 0 0 0 0 0 0 0 0 0 0 0 0 0 0 0 1 0 0 0 0 0 0 0 0 0 0 0 0 0 0 0 0]
[123140990515865799788773664201147342435707026703846620553364414443403780147684073020942217447352975427739686218556611107686076853085539453141613290970601102951244545076860621589666277600737716222211264054847421736052 0 0 0 0 0 0 0 0 0 0 0 0 0 0 0 0 0 0 0 0 0 0 0 0 0 0 0 0 0 0 0 0 0 0 0 0 0 0 0 0 0 0 0 0 0 0 0 0 0 0 0 0 0 0 0 1 0 0 0 0 0 0 0 0 0 0 0 0 0 0 0]
[379338261370596954030721617694515431519336801075511741608354751248439758194181352185261019763761827820516980494504385815824883845572823510297010057621326213566984692228544314161073246338012207559055129310574197249132 0 0 0 0 0 0 0 0 0 0 0 0 0 0 0 0 0 0 0 0 0 0 0 0 0 0 0 0 0 0 0 0 0 0 0 0 0 0 0 0 0 0 0 0 0 0 0 0 0 0 0 0 0 0 0 0 1 0 0 0 0 0 0 0 0 0 0 0 0 0 0]
[1410106160775352142269807858468974625027462759148411853031272307086597952873636353754603610261892777694204931898527692484327923304701473557389303202003879901139708034084189581178348845245592287246208829915588707488177 0 0 0 0 0 0 0 0 0 0 0 0 0 0 0 0 0 0 0 0 0 0 0 0 0 0 0 0 0 0 0 0 0 0 0 0 0 0 0 0 0 0 0 0 0 0 0 0 0 0 0 0 0 0 0 0 0 1 0 0 0 0 0 0 0 0 0 0 0 0 0]
[747857924765106003936714826829286734351609116656975256942591196078674344556466603535641298373902234199074902767650869380206615344020637497299261645468405384872270507983711667784926335906569272832773668027150354485191 0 0 0 0 0 0 0 0 0 0 0 0 0 0 0 0 0 0 0 0 0 0 0 0 0 0 0 0 0 0 0 0 0 0 0 0 0 0 0 0 0 0 0 0 0 0 0 0 0 0 0 0 0 0 0 0 0 0 1 0 0 0 0 0 0 0 0 0 0 0 0]
[456950129939533167490951452662300671184090686520312759860179590081735384834278686233172470917777142095608924327419956818334130155363091905234365304537792505655686503292123221638080558461864389634471410064740724431297 0 0 0 0 0 0 0 0 0 0 0 0 0 0 0 0 0 0 0 0 0 0 0 0 0 0 0 0 0 0 0 0 0 0 0 0 0 0 0 0 0 0 0 0 0 0 0 0 0 0 0 0 0 0 0 0 0 0 0 1 0 0 0 0 0 0 0 0 0 0 0]
[3066703701357686908312564922549121875759231506027238412929150902875959549990331160331400000082538797696059428454931679350507575946617440794155107130538816356308102192274089464802123951531894310380760714641011795331891 0 0 0 0 0 0 0 0 0 0 0 0 0 0 0 0 0 0 0 0 0 0 0 0 0 0 0 0 0 0 0 0 0 0 0 0 0 0 0 0 0 0 0 0 0 0 0 0 0 0 0 0 0 0 0 0 0 0 0 0 1 0 0 0 0 0 0 0 0 0 0]
[2988733717054879556688158751581334955926132335957757014879259590964047072419653330780848608753358570573339929342008692642256441540179848788548699973918555854925576992445359252141718406968922907479006926549869066125231 0 0 0 0 0 0 0 0 0 0 0 0 0 0 0 0 0 0 0 0 0 0 0 0 0 0 0 0 0 0 0 0 0 0 0 0 0 0 0 0 0 0 0 0 0 0 0 0 0 0 0 0 0 0 0 0 0 0 0 0 0 1 0 0 0 0 0 0 0 0 0]
[649772813687784767620772668480026968597378239393033114775906664834729580172040810350037995321787952908483503841045079585839506670963620899070721025931547648617140204334950298161600004822752090175192596366125859166909 0 0 0 0 0 0 0 0 0 0 0 0 0 0 0 0 0 0 0 0 0 0 0 0 0 0 0 0 0 0 0 0 0 0 0 0 0 0 0 0 0 0 0 0 0 0 0 0 0 0 0 0 0 0 0 0 0 0 0 0 0 0 1 0 0 0 0 0 0 0 0]
[3680584784614822006710218587295536438984433044359588847601770593987541009358139456683030576838582675486958651955093403060139988941658484777849111224373944930059722928085687327210134058736529354907332153370999125359887 0 0 0 0 0 0 0 0 0 0 0 0 0 0 0 0 0 0 0 0 0 0 0 0 0 0 0 0 0 0 0 0 0 0 0 0 0 0 0 0 0 0 0 0 0 0 0 0 0 0 0 0 0 0 0 0 0 0 0 0 0 0 0 1 0 0 0 0 0 0 0]
[2822366225701766804054289885977573562505702688018332474288683076396415782161521087267869412156636633287961337278367114921902322571100702568224715499254806349145278993738120522874049051962161177889335541214265986543159 0 0 0 0 0 0 0 0 0 0 0 0 0 0 0 0 0 0 0 0 0 0 0 0 0 0 0 0 0 0 0 0 0 0 0 0 0 0 0 0 0 0 0 0 0 0 0 0 0 0 0 0 0 0 0 0 0 0 0 0 0 0 0 0 1 0 0 0 0 0 0]
[918773129440392457847777561622104211849119032640571702970168319276683111613483274522028274923931674752290411717719326420679635802543589900304507921384304863127828504205083737524526108755238939138527988520076558850490 0 0 0 0 0 0 0 0 0 0 0 0 0 0 0 0 0 0 0 0 0 0 0 0 0 0 0 0 0 0 0 0 0 0 0 0 0 0 0 0 0 0 0 0 0 0 0 0 0 0 0 0 0 0 0 0 0 0 0 0 0 0 0 0 0 1 0 0 0 0 0]
[1792684735630157516906674322722892502834877123026036254219499751905311367157801549495897238758549737783725345823013058096639179209284013370340002295180749672244742460018329822622672622280795761131861888280823910441548 0 0 0 0 0 0 0 0 0 0 0 0 0 0 0 0 0 0 0 0 0 0 0 0 0 0 0 0 0 0 0 0 0 0 0 0 0 0 0 0 0 0 0 0 0 0 0 0 0 0 0 0 0 0 0 0 0 0 0 0 0 0 0 0 0 0 1 0 0 0 0]
[2964842477249324492405403359633756606731405288082183912570206954907271609547119201649063297282476869081754444845160648674323825787933109423092319703882397033528757000726434152937691106703090379180170616667556963427467 0 0 0 0 0 0 0 0 0 0 0 0 0 0 0 0 0 0 0 0 0 0 0 0 0 0 0 0 0 0 0 0 0 0 0 0 0 0 0 0 0 0 0 0 0 0 0 0 0 0 0 0 0 0 0 0 0 0 0 0 0 0 0 0 0 0 0 1 0 0 0]
[3398097892080492495382897869310370564040181396447457628400766004476302688523106953432274407116878692904292571382081859469843480655458341034588475969321512418616345695158264225027803278927315846021609600586362125836646 0 0 0 0 0 0 0 0 0 0 0 0 0 0 0 0 0 0 0 0 0 0 0 0 0 0 0 0 0 0 0 0 0 0 0 0 0 0 0 0 0 0 0 0 0 0 0 0 0 0 0 0 0 0 0 0 0 0 0 0 0 0 0 0 0 0 0 0 1 0 0]
[2218879919272449802541488917614663411956906235350029891459873425456360006380714035088436473322826697023165976842712878448086283168302186183546799140728695114844598229709420834252626435794706581778731234242870999243781 0 0 0 0 0 0 0 0 0 0 0 0 0 0 0 0 0 0 0 0 0 0 0 0 0 0 0 0 0 0 0 0 0 0 0 0 0 0 0 0 0 0 0 0 0 0 0 0 0 0 0 0 0 0 0 0 0 0 0 0 0 0 0 0 0 0 0 0 0 1 0]
[2534549146318112365653518836424257785251688439487930217151107535260423587050133149731129568422947319029946872033404478938013398312133087511221967222122726538019618939522288096317452701240033686359100085940145871367 0 0 0 0 0 0 0 0 0 0 0 0 0 0 0 0 0 0 0 0 0 0 0 0 0 0 0 0 0 0 0 0 0 0 0 0 0 0 0 0 0 0 0 0 0 0 0 0 0 0 0 0 0 0 0 0 0 0 0 0 0 0 0 0 0 0 0 0 0 0 1]
]
