[[6632627630210442424706001290992648019391675987347143484759526704916338861377328108391622127573574947631490190391682193133187816535331524309573930251812267257709073127139670048553776654728329820463854120165856683991501284627098440701771829018156909 0 0 0 0 0 0 0 0 0 0 0 0 0 0 0 0 0 0 0 0 0 0 0 0 0 0 0 0 0 0 0 0 0 0 0 0 0 0 0 0 0 0 0 0 0 0 0 0 0 0 0 0 0 0 0 0 0 0 0 0 0 0 0 0 0 0 0 0 0 0 0 0 0 0 0 0 0 0 0 0 0]
[1974077582337768084399958220728960951809494179860449366464136346174890946294251109862819520727739217662893624895790244520553081846473507182434817906442412158405177992808259664620461279891540176995282420000299676145551195075222794139708646508000695 1 0 0 0 0 0 0 0 0 0 0 0 0 0 0 0 0 0 0 0 0 0 0 0 0 0 0 0 0 0 0 0 0 0 0 0 0 0 0 0 0 0 0 0 0 0 0 0 0 0 0 0 0 0 0 0 0 0 0 0 0 0 0 0 0 0 0 0 0 0 0 0 0 0 0 0 0 0 0 0 0]
[5085289095428966471942025551160828075258481943863041116990582760146395169337073514290537133504787249404328652703637605245464643735775815375473736499649144055686156615091114430025329044614774065604479621260665442954651688229716906245113284363867778 0 1 0 0 0 0 0 0 0 0 0 0 0 0 0 0 0 0 0 0 0 0 0 0 0 0 0 0 0 0 0 0 0 0 0 0 0 0 0 0 0 0 0 0 0 0 0 0 0 0 0 0 0 0 0 0 0 0 0 0 0 0 0 0 0 0 0 0 0 0 0 0 0 0 0 0 0 0 0 0 0]
[1543895814707804242502225874759744361395156182597808224289751526192293107633895162590548035406304324640003088235445719967542170519140721583544326239268111306863505361927287003684451628881575293844838399419797054067658561910035087419039061743181901 0 0 1 0 0 0 0 0 0 0 0 0 0 0 0 0 0 0 0 0 0 0 0 0 0 0 0 0 0 0 0 0 0 0 0 0 0 0 0 0 0 0 0 0 0 0 0 0 0 0 0 0 0 0 0 0 0 0 0 0 0 0 0 0 0 0 0 0 0 0 0 0 0 0 0 0 0 0 0 0 0]
[2136736790550320918060193383711241318064942361756059747673991720252244081749929890781265016739190756522879097510074936771979960479279378096378157162614581632809471146480511786043642761611117111176184783033865496162735627611300550220125461125240204 0 0 0 1 0 0 0 0 0 0 0 0 0 0 0 0 0 0 0 0 0 0 0 0 0 0 0 0 0 0 0 0 0 0 0 0 0 0 0 0 0 0 0 0 0 0 0 0 0 0 0 0 0 0 0 0 0 0 0 0 0 0 0 0 0 0 0 0 0 0 0 0 0 0 0 0 0 0 0 0 0]
[1798313417945827001387077995640116409076568533141351224615208941554480389257845901644894553079257118544354588447726241313796577954503264201016113185278168663795634519768838863066402341284011668043713729059741758557793931589487163013945857264596958 0 0 0 0 1 0 0 0 0 0 0 0 0 0 0 0 0 0 0 0 0 0 0 0 0 0 0 0 0 0 0 0 0 0 0 0 0 0 0 0 0 0 0 0 0 0 0 0 0 0 0 0 0 0 0 0 0 0 0 0 0 0 0 0 0 0 0 0 0 0 0 0 0 0 0 0 0 0 0 0 0]
[2370631611130267236779069369915650516206935379190619229503583531398817368673497931471513252329636765113654706908886094965244316720743754273522962243008880880503205250859047767533168849980096880555476959430875941593559526736802222239376626614960299 0 0 0 0 0 1 0 0 0 0 0 0 0 0 0 0 0 0 0 0 0 0 0 0 0 0 0 0 0 0 0 0 0 0 0 0 0 0 0 0 0 0 0 0 0 0 0 0 0 0 0 0 0 0 0 0 0 0 0 0 0 0 0 0 0 0 0 0 0 0 0 0 0 0 0 0 0 0 0 0 0]
[4973805094111334541735336713063327185323908459392378364024005720135380581483489869111674611794553773401763865580945739724225705630143489010808772671928460681758073264978004662953578768746965354049215723256360233304405202073373651134457972958446751 0 0 0 0 0 0 1 0 0 0 0 0 0 0 0 0 0 0 0 0 0 0 0 0 0 0 0 0 0 0 0 0 0 0 0 0 0 0 0 0 0 0 0 0 0 0 0 0 0 0 0 0 0 0 0 0 0 0 0 0 0 0 0 0 0 0 0 0 0 0 0 0 0 0 0 0 0 0 0 0 0]
[4805842377580101175706909675295211950286153374481288803386675171045278635961456751019350391363470202340393085142955986324767693064465913515916096244938457119265479602254967293671214085959441315673848425642397127886434380698894242478000274705569328 0 0 0 0 0 0 0 1 0 0 0 0 0 0 0 0 0 0 0 0 0 0 0 0 0 0 0 0 0 0 0 0 0 0 0 0 0 0 0 0 0 0 0 0 0 0 0 0 0 0 0 0 0 0 0 0 0 0 0 0 0 0 0 0 0 0 0 0 0 0 0 0 0 0 0 0 0 0 0 0 0]
[1777291120687952738901109338350103885399932577819082138241232118726606868610924445840334906041609768462355596444635293712713233878276619176559198237431554024195784039017045290043000157820063076543593653514886914573909463320778917278435023171056244 0 0 0 0 0 0 0 0 1 0 0 0 0 0 0 0 0 0 0 0 0 0 0 0 0 0 0 0 0 0 0 0 0 0 0 0 0 0 0 0 0 0 0 0 0 0 0 0 0 0 0 0 0 0 0 0 0 0 0 0 0 0 0 0 0 0 0 0 0 0 0 0 0 0 0 0 0 0 0 0 0]
[170501544828963618815128618131386041551157144768598858371807798759252159397319934784149799696285922473685210060810084084585184462989899552885885799919492846225575152222164768506872724018629090246803346992212751242984157264939622027937749389196625 0 0 0 0 0 0 0 0 0 1 0 0 0 0 0 0 0 0 0 0 0 0 0 0 0 0 0 0 0 0 0 0 0 0 0 0 0 0 0 0 0 0 0 0 0 0 0 0 0 0 0 0 0 0 0 0 0 0 0 0 0 0 0 0 0 0 0 0 0 0 0 0 0 0 0 0 0 0 0 0 0]
[5944237039062365377932338159980390425865595974978384022672517247180905817528476505611429292537085967928206403536934662809776797518689080032084538652426278574405740766854107374029108915368823449879042916937267500194948200691303195379749823294506596 0 0 0 0 0 0 0 0 0 0 1 0 0 0 0 0 0 0 0 0 0 0 0 0 0 0 0 0 0 0 0 0 0 0 0 0 0 0 0 0 0 0 0 0 0 0 0 0 0 0 0 0 0 0 0 0 0 0 0 0 0 0 0 0 0 0 0 0 0 0 0 0 0 0 0 0 0 0 0 0 0]
[6604000719012524235874737111408405026446373318235929469252920359784489479345443920365489698574913775690041044091998898780832660773637053462145266811691041726427378514567386007679296360145647926687159555953463262711048741416598380574424934371401054 0 0 0 0 0 0 0 0 0 0 0 1 0 0 0 0 0 0 0 0 0 0 0 0 0 0 0 0 0 0 0 0 0 0 0 0 0 0 0 0 0 0 0 0 0 0 0 0 0 0 0 0 0 0 0 0 0 0 0 0 0 0 0 0 0 0 0 0 0 0 0 0 0 0 0 0 0 0 0 0 0]
[5967894327473294423000124064865942698277948318687791611401757943628213538067954778956072266106200315474016180868831735753722340060405172906242987887867373738023394874072417966351228892440216497197220698927144449537841769106443920711918856050500147 0 0 0 0 0 0 0 0 0 0 0 0 1 0 0 0 0 0 0 0 0 0 0 0 0 0 0 0 0 0 0 0 0 0 0 0 0 0 0 0 0 0 0 0 0 0 0 0 0 0 0 0 0 0 0 0 0 0 0 0 0 0 0 0 0 0 0 0 0 0 0 0 0 0 0 0 0 0 0 0 0]
[906607059362297002081566154793057663864056921044912197192076334230629568419777040851107075296152500210979486340570688908505385429894557902692867167831606433389582094904845439394791957488089804564896505484483413862440176967431458699164176095483058 0 0 0 0 0 0 0 0 0 0 0 0 0 1 0 0 0 0 0 0 0 0 0 0 0 0 0 0 0 0 0 0 0 0 0 0 0 0 0 0 0 0 0 0 0 0 0 0 0 0 0 0 0 0 0 0 0 0 0 0 0 0 0 0 0 0 0 0 0 0 0 0 0 0 0 0 0 0 0 0 0]
[4163607527133538650613001700127408964843111167371450791122429469281911543972512316248702994729372673714119246415404192214658781368182277982291975679258985865954307945524752089977912444497811767129687286834191128075643408360127320387711073683308913 0 0 0 0 0 0 0 0 0 0 0 0 0 0 1 0 0 0 0 0 0 0 0 0 0 0 0 0 0 0 0 0 0 0 0 0 0 0 0 0 0 0 0 0 0 0 0 0 0 0 0 0 0 0 0 0 0 0 0 0 0 0 0 0 0 0 0 0 0 0 0 0 0 0 0 0 0 0 0 0 0]
[5643874995230019151310653752536299379047974469442107540678608187047759985726212026942913682980297775308288264458517869044209544253237002720448538645635133704258890756348791678773190305665553949988569022703100741214109939182824958856354985681489077 0 0 0 0 0 0 0 0 0 0 0 0 0 0 0 1 0 0 0 0 0 0 0 0 0 0 0 0 0 0 0 0 0 0 0 0 0 0 0 0 0 0 0 0 0 0 0 0 0 0 0 0 0 0 0 0 0 0 0 0 0 0 0 0 0 0 0 0 0 0 0 0 0 0 0 0 0 0 0 0 0]
[5686304034153699632552458080207496047508562777410376185856445738242764859330235844813475806139115398866170666713502223769770420890950044089194766868082907658659230446953890104319821145038937427504716670108881190745596958674603922248387733894285500 0 0 0 0 0 0 0 0 0 0 0 0 0 0 0 0 1 0 0 0 0 0 0 0 0 0 0 0 0 0 0 0 0 0 0 0 0 0 0 0 0 0 0 0 0 0 0 0 0 0 0 0 0 0 0 0 0 0 0 0 0 0 0 0 0 0 0 0 0 0 0 0 0 0 0 0 0 0 0 0 0]
[350256058352399616926645855204364065533441641591867447628516831069150698234524824063399652668289123261583636159308322674055888014422127306004234434181200913428001237826237470370428518418924636078592342653268248791184299861187985603550904035674254 0 0 0 0 0 0 0 0 0 0 0 0 0 0 0 0 0 1 0 0 0 0 0 0 0 0 0 0 0 0 0 0 0 0 0 0 0 0 0 0 0 0 0 0 0 0 0 0 0 0 0 0 0 0 0 0 0 0 0 0 0 0 0 0 0 0 0 0 0 0 0 0 0 0 0 0 0 0 0 0 0]
[5160485146729767851846377643317654329881777825898439838386135222929850667611238831274026656529651496474426437687269958072965241747750793941252575485337037318429654312031278764942855066894644735288119696788789948757061652133800264996088568249994580 0 0 0 0 0 0 0 0 0 0 0 0 0 0 0 0 0 0 1 0 0 0 0 0 0 0 0 0 0 0 0 0 0 0 0 0 0 0 0 0 0 0 0 0 0 0 0 0 0 0 0 0 0 0 0 0 0 0 0 0 0 0 0 0 0 0 0 0 0 0 0 0 0 0 0 0 0 0 0 0 0]
[6419630649990198450704429578598682966344102269424827253211090593059811913404934445527919284209867027557297693302294263009140262498262046049036511446765179588331070698809680584172421707153465583626947383997719754900509054185127857827274596374234436 0 0 0 0 0 0 0 0 0 0 0 0 0 0 0 0 0 0 0 1 0 0 0 0 0 0 0 0 0 0 0 0 0 0 0 0 0 0 0 0 0 0 0 0 0 0 0 0 0 0 0 0 0 0 0 0 0 0 0 0 0 0 0 0 0 0 0 0 0 0 0 0 0 0 0 0 0 0 0 0 0]
[3787180659389736313685230741258639374754445722436812726298991793276234134135056862367174739942564430564257059457927431201602551571342698479256481417602201060507835575595936231149235357322268316638669323871373817587638878911787996907427300966578246 0 0 0 0 0 0 0 0 0 0 0 0 0 0 0 0 0 0 0 0 1 0 0 0 0 0 0 0 0 0 0 0 0 0 0 0 0 0 0 0 0 0 0 0 0 0 0 0 0 0 0 0 0 0 0 0 0 0 0 0 0 0 0 0 0 0 0 0 0 0 0 0 0 0 0 0 0 0 0 0 0]
[542473366322227759378939392411323513234251358740625048351734676013545085729791409825601691473550992795465069884315562647941135358887258892880563786420359662879433162761938636948573738091653768200887632513287822311402451771366169401208894363012948 0 0 0 0 0 0 0 0 0 0 0 0 0 0 0 0 0 0 0 0 0 1 0 0 0 0 0 0 0 0 0 0 0 0 0 0 0 0 0 0 0 0 0 0 0 0 0 0 0 0 0 0 0 0 0 0 0 0 0 0 0 0 0 0 0 0 0 0 0 0 0 0 0 0 0 0 0 0 0 0 0]
[4291550665337880808000435352157478897547633557505327445502114427339141254214827073574279229947648057885350444319593343766401706358594020212264921146882163420529269426839443572783341572070384528969213119029594883065992393120398199262933684727465896 0 0 0 0 0 0 0 0 0 0 0 0 0 0 0 0 0 0 0 0 0 0 1 0 0 0 0 0 0 0 0 0 0 0 0 0 0 0 0 0 0 0 0 0 0 0 0 0 0 0 0 0 0 0 0 0 0 0 0 0 0 0 0 0 0 0 0 0 0 0 0 0 0 0 0 0 0 0 0 0 0]
[1912716018722532188618195120052182862334118811294954528205170505471965598465049823080995714671011855926958142763286476121226830982555887502595764660602148058050005472067246557523023785409547786662918974698661727188712009984737797933312392577393247 0 0 0 0 0 0 0 0 0 0 0 0 0 0 0 0 0 0 0 0 0 0 0 1 0 0 0 0 0 0 0 0 0 0 0 0 0 0 0 0 0 0 0 0 0 0 0 0 0 0 0 0 0 0 0 0 0 0 0 0 0 0 0 0 0 0 0 0 0 0 0 0 0 0 0 0 0 0 0 0 0]
[4290036818219480571370156397467467507353319408362772335852830291217529893224871643688750925011669478414011087486791053445303232829742280556346112844213101613303426659254799873156693580264507588384756544253653889152224035483064437153400439942440216 0 0 0 0 0 0 0 0 0 0 0 0 0 0 0 0 0 0 0 0 0 0 0 0 1 0 0 0 0 0 0 0 0 0 0 0 0 0 0 0 0 0 0 0 0 0 0 0 0 0 0 0 0 0 0 0 0 0 0 0 0 0 0 0 0 0 0 0 0 0 0 0 0 0 0 0 0 0 0 0 0]
[1938549593000967101894629124173456022494813331315894250749028629829070858190378583476113927477142606496282462273015346115077369762326308333872121903386956746931686195007304237764510030194348951616736475527363263575290847628707371728990894037898585 0 0 0 0 0 0 0 0 0 0 0 0 0 0 0 0 0 0 0 0 0 0 0 0 0 1 0 0 0 0 0 0 0 0 0 0 0 0 0 0 0 0 0 0 0 0 0 0 0 0 0 0 0 0 0 0 0 0 0 0 0 0 0 0 0 0 0 0 0 0 0 0 0 0 0 0 0 0 0 0 0]
[3332863820701110500241738146713468408076389064623388608297780732575984998702395130421524414620098246940016206853648045782499681913486080400983251634713131458796639630792813979110156652477875288282971345651520181269301814758880213118016466457888179 0 0 0 0 0 0 0 0 0 0 0 0 0 0 0 0 0 0 0 0 0 0 0 0 0 0 1 0 0 0 0 0 0 0 0 0 0 0 0 0 0 0 0 0 0 0 0 0 0 0 0 0 0 0 0 0 0 0 0 0 0 0 0 0 0 0 0 0 0 0 0 0 0 0 0 0 0 0 0 0 0]
[3826809810207061928410551361623111580249267855859628213798200138553983785720517258458832319698712148239775682264644235339900192246122599011076229053955618200221747621597914531126678973534165422008048044399195622560254187110535557109808565085955086 0 0 0 0 0 0 0 0 0 0 0 0 0 0 0 0 0 0 0 0 0 0 0 0 0 0 0 1 0 0 0 0 0 0 0 0 0 0 0 0 0 0 0 0 0 0 0 0 0 0 0 0 0 0 0 0 0 0 0 0 0 0 0 0 0 0 0 0 0 0 0 0 0 0 0 0 0 0 0 0 0]
[4338186441363087909363461016891292101416275218188740232200721229750834835678365207187177488274493744393388011804328594721955286481030887312771267234873406273677057037963309507042465381942459320180436889986823200647303215904891079497070998708195758 0 0 0 0 0 0 0 0 0 0 0 0 0 0 0 0 0 0 0 0 0 0 0 0 0 0 0 0 1 0 0 0 0 0 0 0 0 0 0 0 0 0 0 0 0 0 0 0 0 0 0 0 0 0 0 0 0 0 0 0 0 0 0 0 0 0 0 0 0 0 0 0 0 0 0 0 0 0 0 0 0]
[6096445012075408360186758083745530502784126975471244583651528927266600964362490841052591770928491291661215931723380883694338689172661854395756676024898806319778668758528825388402149898507024667088628245849387639092904173268632653001525266913857297 0 0 0 0 0 0 0 0 0 0 0 0 0 0 0 0 0 0 0 0 0 0 0 0 0 0 0 0 0 1 0 0 0 0 0 0 0 0 0 0 0 0 0 0 0 0 0 0 0 0 0 0 0 0 0 0 0 0 0 0 0 0 0 0 0 0 0 0 0 0 0 0 0 0 0 0 0 0 0 0 0]
[2261248530117258442679554237465465229319861208632608156989991736651577832266143353424888562139147174039083951117343126265956472021743719971514992241155660394538432422047274653144642073160636470665864138025814552426118739361721253188641855892029170 0 0 0 0 0 0 0 0 0 0 0 0 0 0 0 0 0 0 0 0 0 0 0 0 0 0 0 0 0 0 1 0 0 0 0 0 0 0 0 0 0 0 0 0 0 0 0 0 0 0 0 0 0 0 0 0 0 0 0 0 0 0 0 0 0 0 0 0 0 0 0 0 0 0 0 0 0 0 0 0 0]
[6115581445094789895755408064120599755029343680060559124816260139832254581206651122843025170785374599501975896441421143365104291089979041849616699685563457642811170703020892905887258986152586058726747440351665434015253791840617269426014995879873954 0 0 0 0 0 0 0 0 0 0 0 0 0 0 0 0 0 0 0 0 0 0 0 0 0 0 0 0 0 0 0 1 0 0 0 0 0 0 0 0 0 0 0 0 0 0 0 0 0 0 0 0 0 0 0 0 0 0 0 0 0 0 0 0 0 0 0 0 0 0 0 0 0 0 0 0 0 0 0 0 0]
[2921639943950223463394250170762684552570322526232114320047980612422743313735204483309680555369891495277663576906066865190092178928031063788479143978352254813386456619933623329789440332235925072931906174812473421938385680518716942850939288404967369 0 0 0 0 0 0 0 0 0 0 0 0 0 0 0 0 0 0 0 0 0 0 0 0 0 0 0 0 0 0 0 0 1 0 0 0 0 0 0 0 0 0 0 0 0 0 0 0 0 0 0 0 0 0 0 0 0 0 0 0 0 0 0 0 0 0 0 0 0 0 0 0 0 0 0 0 0 0 0 0 0]
[5522001696169605759083640101272519218395104596929932839514680761614896241653582231251314973634470983210162533289898538305434118075673185121074303564072550344314383363940356733789205980823970824766296632956491415219119443671755245959646962935970730 0 0 0 0 0 0 0 0 0 0 0 0 0 0 0 0 0 0 0 0 0 0 0 0 0 0 0 0 0 0 0 0 0 1 0 0 0 0 0 0 0 0 0 0 0 0 0 0 0 0 0 0 0 0 0 0 0 0 0 0 0 0 0 0 0 0 0 0 0 0 0 0 0 0 0 0 0 0 0 0 0]
[3705880318495716000719578862526498837725081580907025257945690724864644986539238385448760606654014766323716734600803119086973151095077081666215440826587971874750267758787825768145137366392404868114447222151199480248702021707903215058434715030699236 0 0 0 0 0 0 0 0 0 0 0 0 0 0 0 0 0 0 0 0 0 0 0 0 0 0 0 0 0 0 0 0 0 0 1 0 0 0 0 0 0 0 0 0 0 0 0 0 0 0 0 0 0 0 0 0 0 0 0 0 0 0 0 0 0 0 0 0 0 0 0 0 0 0 0 0 0 0 0 0 0]
[3152238102030472327381361725379583753227679605324127415757256501270145657611356198719633401643479361104823676687327828291754845453054856100538559312411274660938164948660333048785620299430250822549499676375650845824446843902041986185949462737525648 0 0 0 0 0 0 0 0 0 0 0 0 0 0 0 0 0 0 0 0 0 0 0 0 0 0 0 0 0 0 0 0 0 0 0 1 0 0 0 0 0 0 0 0 0 0 0 0 0 0 0 0 0 0 0 0 0 0 0 0 0 0 0 0 0 0 0 0 0 0 0 0 0 0 0 0 0 0 0 0 0]
[3650396678254640334473036593095508296110567334781859760400552375536464707155408854712717289573455072216289260258584260302017062523198876614712281901975245967659559186937805107187503911670157351752394627334797816734065361839455544620233609888780795 0 0 0 0 0 0 0 0 0 0 0 0 0 0 0 0 0 0 0 0 0 0 0 0 0 0 0 0 0 0 0 0 0 0 0 0 1 0 0 0 0 0 0 0 0 0 0 0 0 0 0 0 0 0 0 0 0 0 0 0 0 0 0 0 0 0 0 0 0 0 0 0 0 0 0 0 0 0 0 0 0]
[5267280565015761677833271687448847747309618000212576342070864788939379524066173463963435036396457333350723380266490357459814412938364387526048553227337683902363118734005392045132272973351220821946918845622254617066228122584466895723039994428901218 0 0 0 0 0 0 0 0 0 0 0 0 0 0 0 0 0 0 0 0 0 0 0 0 0 0 0 0 0 0 0 0 0 0 0 0 0 1 0 0 0 0 0 0 0 0 0 0 0 0 0 0 0 0 0 0 0 0 0 0 0 0 0 0 0 0 0 0 0 0 0 0 0 0 0 0 0 0 0 0 0]
[2386067343394385025994995171978514361764591963606590536686177490075238336085489152550982188371235899755900135590734283588964419262830443927768197268032401597960610737589192222153934752688873030250475463781330216980972890802509657488802077101333145 0 0 0 0 0 0 0 0 0 0 0 0 0 0 0 0 0 0 0 0 0 0 0 0 0 0 0 0 0 0 0 0 0 0 0 0 0 0 1 0 0 0 0 0 0 0 0 0 0 0 0 0 0 0 0 0 0 0 0 0 0 0 0 0 0 0 0 0 0 0 0 0 0 0 0 0 0 0 0 0 0]
[756089893627170061019662725119153944497151357089448698910865110175767441486845035773497888120460874717431945666601027286411333047403061358536080063832845824301401825241819746607446936977427938246747673294318248714590599245457525930860964514520633 0 0 0 0 0 0 0 0 0 0 0 0 0 0 0 0 0 0 0 0 0 0 0 0 0 0 0 0 0 0 0 0 0 0 0 0 0 0 0 1 0 0 0 0 0 0 0 0 0 0 0 0 0 0 0 0 0 0 0 0 0 0 0 0 0 0 0 0 0 0 0 0 0 0 0 0 0 0 0 0 0]
[3810282988180373586506713489791382176024833350774941875829083934916627955199419941223255684769835694356297373123590612129395978586969685906073690700166439746802289754942728045854699237674923297977214378832810290233945158224985178196034892416045886 0 0 0 0 0 0 0 0 0 0 0 0 0 0 0 0 0 0 0 0 0 0 0 0 0 0 0 0 0 0 0 0 0 0 0 0 0 0 0 0 1 0 0 0 0 0 0 0 0 0 0 0 0 0 0 0 0 0 0 0 0 0 0 0 0 0 0 0 0 0 0 0 0 0 0 0 0 0 0 0 0]
[2062564173921377421432258913416499959341856172398038168376782179828152928582703509409232339621514489871019716705774129913118335929097350921078954788554610696105193729659609923223883597750237557003843736025399856902800927287054654419716654775239918 0 0 0 0 0 0 0 0 0 0 0 0 0 0 0 0 0 0 0 0 0 0 0 0 0 0 0 0 0 0 0 0 0 0 0 0 0 0 0 0 0 1 0 0 0 0 0 0 0 0 0 0 0 0 0 0 0 0 0 0 0 0 0 0 0 0 0 0 0 0 0 0 0 0 0 0 0 0 0 0 0]
[1163777936595760388445999830864161391806260717392759416095325998686103272361065917669140410668453835038173056974352431372914358115060602538821554904833802656382122078255275794524869044906817408237558399278193651141951522459291257599346202369084708 0 0 0 0 0 0 0 0 0 0 0 0 0 0 0 0 0 0 0 0 0 0 0 0 0 0 0 0 0 0 0 0 0 0 0 0 0 0 0 0 0 0 1 0 0 0 0 0 0 0 0 0 0 0 0 0 0 0 0 0 0 0 0 0 0 0 0 0 0 0 0 0 0 0 0 0 0 0 0 0 0]
[5603364940345205494225853681542222672227779275146744451980766641817508504115162695569278022668880266770433473948552541005855432140758109205923009092606161243306340698773966883987006979076144983469857079750286995081337536844203260621356399128494797 0 0 0 0 0 0 0 0 0 0 0 0 0 0 0 0 0 0 0 0 0 0 0 0 0 0 0 0 0 0 0 0 0 0 0 0 0 0 0 0 0 0 0 1 0 0 0 0 0 0 0 0 0 0 0 0 0 0 0 0 0 0 0 0 0 0 0 0 0 0 0 0 0 0 0 0 0 0 0 0 0]
[5576349490133191594190997555428340233148559577273173379766714292056258313987265034785024363917722348039161868478339174338202522354961378470120325989143419000853717054115806419256557822990884316485234103353618899930369217169235386284605462713336232 0 0 0 0 0 0 0 0 0 0 0 0 0 0 0 0 0 0 0 0 0 0 0 0 0 0 0 0 0 0 0 0 0 0 0 0 0 0 0 0 0 0 0 0 1 0 0 0 0 0 0 0 0 0 0 0 0 0 0 0 0 0 0 0 0 0 0 0 0 0 0 0 0 0 0 0 0 0 0 0 0]
[2340357259917325804637254390743698056213130899661954576966473810286489996133735491044310622273067619663028767449269737991559975458314000287778175838562949672994282176134776389183633866837084517246012787434617290840470631733917186824810849469161983 0 0 0 0 0 0 0 0 0 0 0 0 0 0 0 0 0 0 0 0 0 0 0 0 0 0 0 0 0 0 0 0 0 0 0 0 0 0 0 0 0 0 0 0 0 1 0 0 0 0 0 0 0 0 0 0 0 0 0 0 0 0 0 0 0 0 0 0 0 0 0 0 0 0 0 0 0 0 0 0 0]
[6300847826834883487076779587683513937134097868843188045673434671000521216774713592673307889204692948286980235263963488722803231286620437119602602650642112332863913027929312164283177829086748698708187394795905851540255348624131747950371494920214419 0 0 0 0 0 0 0 0 0 0 0 0 0 0 0 0 0 0 0 0 0 0 0 0 0 0 0 0 0 0 0 0 0 0 0 0 0 0 0 0 0 0 0 0 0 0 1 0 0 0 0 0 0 0 0 0 0 0 0 0 0 0 0 0 0 0 0 0 0 0 0 0 0 0 0 0 0 0 0 0 0]
[3164045789085264042254941032901816585600087367068040289589938829937735384237285774762204113090240106359119754820999316655246227129826416162297896226285882729306334611294990252511436830934334972865650381522703445316297938922338576955713278462434921 0 0 0 0 0 0 0 0 0 0 0 0 0 0 0 0 0 0 0 0 0 0 0 0 0 0 0 0 0 0 0 0 0 0 0 0 0 0 0 0 0 0 0 0 0 0 0 1 0 0 0 0 0 0 0 0 0 0 0 0 0 0 0 0 0 0 0 0 0 0 0 0 0 0 0 0 0 0 0 0 0]
[1711480601076931821904612688133012072841204861335699867548723108605550872495662953557663888955694803993627153914177724559219247404187770673165633572996122096670732334204397997362318211487053683740546626371020075383809072460244887813197749715347970 0 0 0 0 0 0 0 0 0 0 0 0 0 0 0 0 0 0 0 0 0 0 0 0 0 0 0 0 0 0 0 0 0 0 0 0 0 0 0 0 0 0 0 0 0 0 0 0 1 0 0 0 0 0 0 0 0 0 0 0 0 0 0 0 0 0 0 0 0 0 0 0 0 0 0 0 0 0 0 0 0]
[2471508365811398246135829101941000200287259710206723928684245116957483609344331109179879108699315364112315451195210913012595020200196608321333408385548138454938606784904458313948692924195846614091180849912447510522068908996439863729995774000091148 0 0 0 0 0 0 0 0 0 0 0 0 0 0 0 0 0 0 0 0 0 0 0 0 0 0 0 0 0 0 0 0 0 0 0 0 0 0 0 0 0 0 0 0 0 0 0 0 0 1 0 0 0 0 0 0 0 0 0 0 0 0 0 0 0 0 0 0 0 0 0 0 0 0 0 0 0 0 0 0 0]
[3920338772551040822078735751272313862401039731824155624084689124311941482301454976803645649783207526501954937742013219248897746294931110553043442578223390145657947225281104701700215713329750767327760202021042955760592883787660728616239424164789304 0 0 0 0 0 0 0 0 0 0 0 0 0 0 0 0 0 0 0 0 0 0 0 0 0 0 0 0 0 0 0 0 0 0 0 0 0 0 0 0 0 0 0 0 0 0 0 0 0 0 1 0 0 0 0 0 0 0 0 0 0 0 0 0 0 0 0 0 0 0 0 0 0 0 0 0 0 0 0 0 0]
[6010785631940644044923590686376848501237059420621166630607673821503089430139585545652448819336325542800913796857821023310207179918480112747025681488303266819231646804178130000635953060705181603159510903149064774856466289759560297659632252839307900 0 0 0 0 0 0 0 0 0 0 0 0 0 0 0 0 0 0 0 0 0 0 0 0 0 0 0 0 0 0 0 0 0 0 0 0 0 0 0 0 0 0 0 0 0 0 0 0 0 0 0 1 0 0 0 0 0 0 0 0 0 0 0 0 0 0 0 0 0 0 0 0 0 0 0 0 0 0 0 0 0]
[5773662126238313192677650980449164669008675902011599366030379442081681544548096957719207970076983206153149195130411884319353792207086597699793348885725909139101681376430697236264036670322459060914263068342065167849140707740758435092933264139699388 0 0 0 0 0 0 0 0 0 0 0 0 0 0 0 0 0 0 0 0 0 0 0 0 0 0 0 0 0 0 0 0 0 0 0 0 0 0 0 0 0 0 0 0 0 0 0 0 0 0 0 0 1 0 0 0 0 0 0 0 0 0 0 0 0 0 0 0 0 0 0 0 0 0 0 0 0 0 0 0 0]
[6039131486906832915860363488645296522715924901822843175800879731163432286229049507735860128589417457196803099641451638693140361050226339602459459613154042053367700570137459515109214700059444709002479025799516817705575535104672738171639064777669704 0 0 0 0 0 0 0 0 0 0 0 0 0 0 0 0 0 0 0 0 0 0 0 0 0 0 0 0 0 0 0 0 0 0 0 0 0 0 0 0 0 0 0 0 0 0 0 0 0 0 0 0 0 1 0 0 0 0 0 0 0 0 0 0 0 0 0 0 0 0 0 0 0 0 0 0 0 0 0 0 0]
[5298698506933624262381785372306338701228304020835633168123605247587744955049466975747380358559396513608364505026525023404899086675791851646780613732224988264995826868317985945223197506059782818620027583670749300796340785646288027271836686137252399 0 0 0 0 0 0 0 0 0 0 0 0 0 0 0 0 0 0 0 0 0 0 0 0 0 0 0 0 0 0 0 0 0 0 0 0 0 0 0 0 0 0 0 0 0 0 0 0 0 0 0 0 0 0 1 0 0 0 0 0 0 0 0 0 0 0 0 0 0 0 0 0 0 0 0 0 0 0 0 0 0]
[1190378374217492097204035117394699416998610368570064902988434381399330417642822720352733017045799097527273677465258440620154718757558452770197205522774819084205268199977328673412361127666501554255106305194754803950352191757070394791071967121387995 0 0 0 0 0 0 0 0 0 0 0 0 0 0 0 0 0 0 0 0 0 0 0 0 0 0 0 0 0 0 0 0 0 0 0 0 0 0 0 0 0 0 0 0 0 0 0 0 0 0 0 0 0 0 0 1 0 0 0 0 0 0 0 0 0 0 0 0 0 0 0 0 0 0 0 0 0 0 0 0 0]
[2233541707290522664194598316831732781696736168990143639350223712966654913549243215354585164445697512258528498908489417375367446841814087524371779481910509175790168380972480796925811236600306994698455590276760289542311318848479255501645515243938124 0 0 0 0 0 0 0 0 0 0 0 0 0 0 0 0 0 0 0 0 0 0 0 0 0 0 0 0 0 0 0 0 0 0 0 0 0 0 0 0 0 0 0 0 0 0 0 0 0 0 0 0 0 0 0 0 1 0 0 0 0 0 0 0 0 0 0 0 0 0 0 0 0 0 0 0 0 0 0 0 0]
[5533424090370201403087490530368635421285697514067095073587636153723511147477715367487382565936482943098943801602331499553490817180040956584009141049338475635347918544259744867666412406230572230998843611485461867369660311426361083202639287552962961 0 0 0 0 0 0 0 0 0 0 0 0 0 0 0 0 0 0 0 0 0 0 0 0 0 0 0 0 0 0 0 0 0 0 0 0 0 0 0 0 0 0 0 0 0 0 0 0 0 0 0 0 0 0 0 0 0 1 0 0 0 0 0 0 0 0 0 0 0 0 0 0 0 0 0 0 0 0 0 0 0]
[504898554916400400270512789761966208766360108508562863733100985237114414530666176254077322496907931373723999653157815676843349452640264136200154812785193320270063914182432556608218833803816344117162216404131298837036989989360277803633501353242562 0 0 0 0 0 0 0 0 0 0 0 0 0 0 0 0 0 0 0 0 0 0 0 0 0 0 0 0 0 0 0 0 0 0 0 0 0 0 0 0 0 0 0 0 0 0 0 0 0 0 0 0 0 0 0 0 0 0 1 0 0 0 0 0 0 0 0 0 0 0 0 0 0 0 0 0 0 0 0 0 0]
[5478462312098865186963260123248673442059527514034690904161570462813332318529224647527865345431869573997772625065298584893312917289755209005423540541006331433342159565218666588883706282578314488305843831462557075697383691073213032840082208607472076 0 0 0 0 0 0 0 0 0 0 0 0 0 0 0 0 0 0 0 0 0 0 0 0 0 0 0 0 0 0 0 0 0 0 0 0 0 0 0 0 0 0 0 0 0 0 0 0 0 0 0 0 0 0 0 0 0 0 0 1 0 0 0 0 0 0 0 0 0 0 0 0 0 0 0 0 0 0 0 0 0]
[3703867012505480557521688892548027327241004440207813409762514208896142428259961134916582188625518770629946851662779110448497298941136599067583808637359837738568725144003298888302411181755644258136264018335858227174170529182092357214047609133311927 0 0 0 0 0 0 0 0 0 0 0 0 0 0 0 0 0 0 0 0 0 0 0 0 0 0 0 0 0 0 0 0 0 0 0 0 0 0 0 0 0 0 0 0 0 0 0 0 0 0 0 0 0 0 0 0 0 0 0 0 1 0 0 0 0 0 0 0 0 0 0 0 0 0 0 0 0 0 0 0 0]
[2709203519028274752205409655735570716569882897873827828947381202859540395630400931451178171638799193754046014131928739036758936820603902210970196123554712483782891072663621274042218651415207477187609755034075311081643491856042479118721536785006657 0 0 0 0 0 0 0 0 0 0 0 0 0 0 0 0 0 0 0 0 0 0 0 0 0 0 0 0 0 0 0 0 0 0 0 0 0 0 0 0 0 0 0 0 0 0 0 0 0 0 0 0 0 0 0 0 0 0 0 0 0 1 0 0 0 0 0 0 0 0 0 0 0 0 0 0 0 0 0 0 0]
[2833380021673000047479060505993507423713028103550109394618181455356200378508582527338081363946481850408523334232002065463837702953980449751631433853976794371564920273987212185505665263414646786063477091421183975889057353666339965414721093500593446 0 0 0 0 0 0 0 0 0 0 0 0 0 0 0 0 0 0 0 0 0 0 0 0 0 0 0 0 0 0 0 0 0 0 0 0 0 0 0 0 0 0 0 0 0 0 0 0 0 0 0 0 0 0 0 0 0 0 0 0 0 0 1 0 0 0 0 0 0 0 0 0 0 0 0 0 0 0 0 0 0]
[2602915966135135099654495418435322366054413760744853797740854864932610490616443973388131594668857793296243168585778576536950961395793192894218186648892561204221307359972946827180289141351023835817107689541564863233138068651192796229110491372288381 0 0 0 0 0 0 0 0 0 0 0 0 0 0 0 0 0 0 0 0 0 0 0 0 0 0 0 0 0 0 0 0 0 0 0 0 0 0 0 0 0 0 0 0 0 0 0 0 0 0 0 0 0 0 0 0 0 0 0 0 0 0 0 1 0 0 0 0 0 0 0 0 0 0 0 0 0 0 0 0 0]
[288808305770254001469869940966187735576837533153321182354823935432224761248327623412583215590707511712520511852649206201273408374952717457390992045595357974992921224881960953536805987435780774823686678514260990198669116373490640629911170701506042 0 0 0 0 0 0 0 0 0 0 0 0 0 0 0 0 0 0 0 0 0 0 0 0 0 0 0 0 0 0 0 0 0 0 0 0 0 0 0 0 0 0 0 0 0 0 0 0 0 0 0 0 0 0 0 0 0 0 0 0 0 0 0 0 1 0 0 0 0 0 0 0 0 0 0 0 0 0 0 0 0]
[110078790769811599371189049825435003807829440563879484326890056697450455607779004233608199143485865714049459582962533208039846457123529434457907246259404133770075300117507489891518633197988211357154700934664482242925648515105317075004860219357614 0 0 0 0 0 0 0 0 0 0 0 0 0 0 0 0 0 0 0 0 0 0 0 0 0 0 0 0 0 0 0 0 0 0 0 0 0 0 0 0 0 0 0 0 0 0 0 0 0 0 0 0 0 0 0 0 0 0 0 0 0 0 0 0 0 1 0 0 0 0 0 0 0 0 0 0 0 0 0 0 0]
[2992551831662937785519711693817016720580747793567298569366299501997884488192351895467062709281434986829444105741348978273456316320741321023411726150527946987159132486703907410843643815432615701149050105067336622909209810369156552066791166681738422 0 0 0 0 0 0 0 0 0 0 0 0 0 0 0 0 0 0 0 0 0 0 0 0 0 0 0 0 0 0 0 0 0 0 0 0 0 0 0 0 0 0 0 0 0 0 0 0 0 0 0 0 0 0 0 0 0 0 0 0 0 0 0 0 0 0 1 0 0 0 0 0 0 0 0 0 0 0 0 0 0]
[3309756218308817625529147342979614571408998432458635175101345632290492183482718861619770591883573675459088572126934336523815420458930322334522942215604253928155501855123912326387949620564233374569061188546357818642215967973308953854447832495005517 0 0 0 0 0 0 0 0 0 0 0 0 0 0 0 0 0 0 0 0 0 0 0 0 0 0 0 0 0 0 0 0 0 0 0 0 0 0 0 0 0 0 0 0 0 0 0 0 0 0 0 0 0 0 0 0 0 0 0 0 0 0 0 0 0 0 0 1 0 0 0 0 0 0 0 0 0 0 0 0 0]
[2395876453556867826157999217691300013535427623826987641176650574262605118167132130684030710869035137107310984450567276127846470656246404381126962022536720949144051062174292838909020914794039410302391572261538017137642000274242961886213858066524228 0 0 0 0 0 0 0 0 0 0 0 0 0 0 0 0 0 0 0 0 0 0 0 0 0 0 0 0 0 0 0 0 0 0 0 0 0 0 0 0 0 0 0 0 0 0 0 0 0 0 0 0 0 0 0 0 0 0 0 0 0 0 0 0 0 0 0 0 1 0 0 0 0 0 0 0 0 0 0 0 0]
[5527579295006253671796558793868469002079247212855154426511575562523100154124294182922647438189782635209429439778046303359266054419645443600955168171501048845848626288361486407280803015144682090337544755951270217610953601787497465463051525696789871 0 0 0 0 0 0 0 0 0 0 0 0 0 0 0 0 0 0 0 0 0 0 0 0 0 0 0 0 0 0 0 0 0 0 0 0 0 0 0 0 0 0 0 0 0 0 0 0 0 0 0 0 0 0 0 0 0 0 0 0 0 0 0 0 0 0 0 0 0 1 0 0 0 0 0 0 0 0 0 0 0]
[5719429957114826776218251882212395348716100051705179679181158727825782260627036175304382001873522523211192436845918896435689366019150557344274293030715908182143011297146468866974458990139114611087996804512350416184325086532981098894378865157058694 0 0 0 0 0 0 0 0 0 0 0 0 0 0 0 0 0 0 0 0 0 0 0 0 0 0 0 0 0 0 0 0 0 0 0 0 0 0 0 0 0 0 0 0 0 0 0 0 0 0 0 0 0 0 0 0 0 0 0 0 0 0 0 0 0 0 0 0 0 0 1 0 0 0 0 0 0 0 0 0 0]
[74607410905028983092875977837547341784873308317977791830883810313540631476442286243278148528764637619452030824714194014870278872670008546949100062639906657764533177934053355284068737532258651979751557048208128272277599934437951937311852322132330 0 0 0 0 0 0 0 0 0 0 0 0 0 0 0 0 0 0 0 0 0 0 0 0 0 0 0 0 0 0 0 0 0 0 0 0 0 0 0 0 0 0 0 0 0 0 0 0 0 0 0 0 0 0 0 0 0 0 0 0 0 0 0 0 0 0 0 0 0 0 0 1 0 0 0 0 0 0 0 0 0]
[3055345745485122215213000895265970880209544934184248701077360240125902218229403563526364822603753283884334564060962116612211201628807019645586668977089740284862244750626344594576469304547320222252267221937837129858029606348284916751773489927200112 0 0 0 0 0 0 0 0 0 0 0 0 0 0 0 0 0 0 0 0 0 0 0 0 0 0 0 0 0 0 0 0 0 0 0 0 0 0 0 0 0 0 0 0 0 0 0 0 0 0 0 0 0 0 0 0 0 0 0 0 0 0 0 0 0 0 0 0 0 0 0 0 1 0 0 0 0 0 0 0 0]
[2652205592872508136874161793130612018979563977324828328702133342230538695700233393915595295999859304078513983551356669342663699066453969218904611546181006751048768494061312709080488293952982230641327637636077717072421412164412382291958429455940207 0 0 0 0 0 0 0 0 0 0 0 0 0 0 0 0 0 0 0 0 0 0 0 0 0 0 0 0 0 0 0 0 0 0 0 0 0 0 0 0 0 0 0 0 0 0 0 0 0 0 0 0 0 0 0 0 0 0 0 0 0 0 0 0 0 0 0 0 0 0 0 0 0 1 0 0 0 0 0 0 0]
[315971678530839652675289945789488201072604509053719927009523760654956245683802216899303890858198711269215836535520851248687131199199806660175841281410175238256087994718067113881596925479717171921393058423329788310071798397125225480009629689191987 0 0 0 0 0 0 0 0 0 0 0 0 0 0 0 0 0 0 0 0 0 0 0 0 0 0 0 0 0 0 0 0 0 0 0 0 0 0 0 0 0 0 0 0 0 0 0 0 0 0 0 0 0 0 0 0 0 0 0 0 0 0 0 0 0 0 0 0 0 0 0 0 0 0 1 0 0 0 0 0 0]
[1660321854525287938054828413236887009421231455335477682465819048846196075301595348941695928735177270595014472675079301424434837199723173516611477551364918899782596833188414996282555407442679343538074126988500649958249392851788226524610551964395190 0 0 0 0 0 0 0 0 0 0 0 0 0 0 0 0 0 0 0 0 0 0 0 0 0 0 0 0 0 0 0 0 0 0 0 0 0 0 0 0 0 0 0 0 0 0 0 0 0 0 0 0 0 0 0 0 0 0 0 0 0 0 0 0 0 0 0 0 0 0 0 0 0 0 0 1 0 0 0 0 0]
[1612178494069334535162757317043083120865427266573558465042529433902721654914058281214580393870080712637745102211081001034168641893127646892364366137981338756102386415214049693520043092360551918290331279825980575564874759671111627454106580312875636 0 0 0 0 0 0 0 0 0 0 0 0 0 0 0 0 0 0 0 0 0 0 0 0 0 0 0 0 0 0 0 0 0 0 0 0 0 0 0 0 0 0 0 0 0 0 0 0 0 0 0 0 0 0 0 0 0 0 0 0 0 0 0 0 0 0 0 0 0 0 0 0 0 0 0 0 1 0 0 0 0]
[1784945003349680328461099678105910519806463934067488173743346637396816536377808310036212051753209273253939458815314442246640059749761626952014319416063888930714369481516068313709287115875002595493598500843383219796335504084832035498102071343352964 0 0 0 0 0 0 0 0 0 0 0 0 0 0 0 0 0 0 0 0 0 0 0 0 0 0 0 0 0 0 0 0 0 0 0 0 0 0 0 0 0 0 0 0 0 0 0 0 0 0 0 0 0 0 0 0 0 0 0 0 0 0 0 0 0 0 0 0 0 0 0 0 0 0 0 0 0 1 0 0 0]
[2001884399978837193504545916903702862908388837958644190891131773737863821511548817226931009759822892584962808606717279858439317003801021198690509664895614300932720591158870854700261242639560793493424071092777845496929952487538087090797630951739193 0 0 0 0 0 0 0 0 0 0 0 0 0 0 0 0 0 0 0 0 0 0 0 0 0 0 0 0 0 0 0 0 0 0 0 0 0 0 0 0 0 0 0 0 0 0 0 0 0 0 0 0 0 0 0 0 0 0 0 0 0 0 0 0 0 0 0 0 0 0 0 0 0 0 0 0 0 0 1 0 0]
[4188488633903222268655455891718724283472282974318948701942760110953500646543614465443594996839417370480801732470092231746502367077579063033292511254749878211971800470860863949712366531115387478478795403316124241937786152885683335455713683295815847 0 0 0 0 0 0 0 0 0 0 0 0 0 0 0 0 0 0 0 0 0 0 0 0 0 0 0 0 0 0 0 0 0 0 0 0 0 0 0 0 0 0 0 0 0 0 0 0 0 0 0 0 0 0 0 0 0 0 0 0 0 0 0 0 0 0 0 0 0 0 0 0 0 0 0 0 0 0 0 1 0]
[41687941118194301496291995254995247605198973751241259920133574233757872510537350835262908806759302871790079513197633602621488910506385375510762094235998423585757060275027897974467468089679818724021164908395109626261017646267004244013502741920377 0 0 0 0 0 0 0 0 0 0 0 0 0 0 0 0 0 0 0 0 0 0 0 0 0 0 0 0 0 0 0 0 0 0 0 0 0 0 0 0 0 0 0 0 0 0 0 0 0 0 0 0 0 0 0 0 0 0 0 0 0 0 0 0 0 0 0 0 0 0 0 0 0 0 0 0 0 0 0 0 1]
]
