[[-2307 -850 -978 -3014 787 -468 -681 2583 573 118 -1251 -2082 -356 -2466 2759 23 107 576 -2092 1568 46 -158 -1693 -3227 1223 -1388 -1360 -634 -797 3716 -782 379 -347 2 190 393 -1254 -1045 -630 -993 316 -940 2665 240 1186 395 -501 -58 958 121 -80 152 -86 5 100 -10 -32 -16 -3 0 ]
[-2459 -2247 -2712 -3263 1995 1059 35 3963 -1780 -880 -297 -2696 1490 -1333 -2275 -28 1244 310 2242 -996 1209 -2278 -1466 80 1414 1445 1961 728 -1338 3165 -4122 -1120 -3817 -3863 -1456 -1077 1658 -954 2413 887 1449 -1438 1140 -684 298 -152 -1245 843 764 242 -429 -109 -435 24 200 -20 -64 -32 -6 0 ]
[3867 -1394 2625 2527 -890 -428 -88 880 768 1723 -1615 332 1456 -319 3375 1136 -43 1948 -2066 1455 1346 2794 -1100 -809 972 -2039 -674 2541 2777 1020 2897 364 416 775 -1057 1299 -282 -42 -2672 -205 1150 -493 -325 -305 111 -1365 1143 -1446 1260 -372 1300 562 -240 -296 187 -187 150 4 -111 -12 ]
[2060 -1320 1673 577 -2352 141 -385 399 -834 2079 -262 1498 391 368 -1579 -1975 710 1670 825 360 -375 -164 -3279 2071 90 -520 1192 2537 909 -85 -1575 -191 -3412 -1931 -1802 -1570 1317 -1299 -1300 -663 224 -1117 -811 1426 1472 -1917 148 419 -341 -817 -1079 -301 -435 -223 486 52 -78 -11 30 3 ]
[301 1073 715 -1378 1169 620 -1621 -744 -2002 -157 -1443 -2946 -2605 3511 797 1597 1308 -146 -773 381 365 -186 -2735 -3475 -543 -1905 785 -1928 -397 2225 -366 -1613 -3804 271 -2382 -1439 -1204 624 70 -2463 -808 339 873 723 1419 -772 -437 601 106 -630 -731 531 -152 48 441 127 -84 -11 30 3 ]
[6 1324 -1589 438 -294 351 1748 -2766 2115 328 3920 1139 -1374 -2554 -1617 352 -2444 -1737 -231 1179 83 -2433 121 1011 989 2954 1284 -344 654 -1402 -1951 84 1506 -473 2810 -1551 -40 -512 3206 2034 414 734 -776 -523 -2411 977 -290 -1356 -1108 758 -414 -1495 614 -20 -583 -15 -60 7 81 9 ]
[5522 -3262 2383 2894 704 74 894 -404 2375 -691 1248 2139 1189 1386 1061 3879 464 -351 -330 2099 -379 628 -1082 -165 1580 1136 -1693 -2559 1167 -2029 -31 -1521 2114 -2276 -106 806 -1579 2242 84 -326 1224 2050 -1258 -705 -3191 -52 494 -854 -334 1557 933 491 -225 -344 -296 -212 58 -5 -33 -3 ]
[3950 -603 3699 960 -767 -1448 -343 -1640 4572 1941 -997 -32 164 171 4462 3238 662 -1475 -3631 723 -592 -329 -3872 -1928 2389 -1176 -2418 -130 -706 1480 203 1335 -1958 894 -550 -180 -1029 -725 -2604 -1779 -1345 49 157 194 -45 -845 1082 -1223 -689 -518 157 -619 -878 -176 -69 -199 100 10 -54 -6 ]
[-825 -254 -338 1779 -3221 1223 -343 -674 -1392 -470 -1056 -931 1798 147 679 -1781 -788 -928 -1470 -232 3853 -1194 -492 -201 -1345 -1711 -1909 1052 -1211 344 3633 -402 -1842 2145 545 -1139 3248 -2144 -1126 -257 442 -1027 -1574 -390 1821 -626 -36 375 -476 -442 608 598 -975 371 -159 -49 88 10 -54 -6 ]
[3170 2337 -617 215 2570 1231 -1110 -1165 59 2679 -2071 268 -568 1311 1466 1577 242 -838 -109 1380 1380 177 -1022 -2188 1402 123 1167 -411 2343 2266 -1071 -806 -1248 -195 -1427 -1051 -1968 2853 -1098 1802 -1468 -1484 731 480 -1208 -1479 -358 -999 1062 -550 835 1151 -823 123 566 -132 122 -13 -138 -15 ]
[409 -2687 -525 -2562 -89 953 1802 21 2129 714 791 -731 3765 -2913 -726 57 -995 -157 -435 3058 3280 -1253 -695 -824 942 -647 423 2735 1171 1218 439 759 -1259 605 2033 -872 2946 -3363 1288 2603 2034 -679 -386 -704 1122 366 355 -1709 1168 279 872 -316 -670 -131 -879 -241 168 22 -60 -6 ]
[1592 -1392 -1020 945 2503 1247 -280 1076 800 -885 800 733 2557 -2005 2544 -1089 833 -4706 -489 209 -424 -634 19 -2302 -925 707 -292 -2163 263 -1462 1764 1420 337 -1023 1808 3466 -352 605 479 83 1102 1086 50 774 -104 -381 -1466 1031 691 733 1481 1790 -1127 386 -37 -110 144 4 -111 -12 ]
[-1185 -1723 1193 -1749 1586 1331 351 179 -2963 1582 1249 -4304 1218 706 -1189 3230 1608 -3071 -1427 617 1180 -2015 -1681 -1189 1282 1458 2321 -2305 -1240 3169 -553 -369 -2476 812 1107 353 -13 -1636 2513 1044 401 2614 847 -2314 -558 613 -351 -545 385 391 1708 -205 10 28 -316 -175 140 5 -87 -9 ]
[165 -2016 1048 2367 -3052 -525 -228 -1078 2002 -2237 -864 1852 -19 -1646 1088 -3238 37 2014 -715 -3112 1146 -1567 154 3521 -923 1484 -2224 2173 -23 -797 938 656 -340 -29 -316 411 3102 -828 -353 778 2002 -1772 -1218 -1579 2222 -819 276 86 116 -1052 -153 -642 1483 -27 414 165 -172 -21 84 9 ]
[-3151 -1149 -397 -1672 691 -1480 2401 957 -1083 -34 1696 -1036 1653 414 -3608 219 -1500 -1398 -479 -1402 1152 -1149 2508 1346 280 65 3198 1009 -3070 303 2334 16 -1942 1259 2228 -2260 1726 -2494 2235 1348 -110 246 885 211 -44 1342 562 523 -1147 279 108 -1350 14 -260 -374 -42 28 17 27 3 ]
[-2376 1518 -1041 54 -1466 54 -1425 -1764 3503 -1051 -490 1589 -128 -2977 4541 -2340 313 -2393 -895 331 -2193 -1873 -246 -458 829 250 -3255 111 59 952 590 2902 1176 976 3032 649 308 -1737 -859 -1250 -199 -1451 -552 995 1893 -208 -692 75 103 -938 863 798 -104 -29 420 -20 -22 -17 -27 -3 ]
[3273 463 2695 2555 119 -89 -365 -1598 -100 1052 -20 1207 33 2520 -832 1575 213 -1654 -292 -1173 127 29 -541 -375 1308 708 777 -945 -1387 -1716 -1252 -198 -971 476 -615 41 -1214 867 -941 821 -1923 1168 606 -375 -2158 -216 -64 -233 -443 687 -21 -933 -715 128 -149 -129 104 9 -78 -9 ]
[-648 -23 -344 48 1829 -713 164 823 -1855 -2035 2234 -1306 -1565 1269 -924 -1375 2093 -1202 2677 -4084 -2666 -1813 954 1164 -637 3208 2934 -1376 -818 -1757 -1932 -505 -1230 -2191 -1426 1951 45 -366 2937 -866 1692 918 -338 -1033 73 206 -1497 2032 266 -329 -251 -224 1721 -112 936 226 -190 -39 33 3 ]
[792 -1510 -1269 -1457 249 -88 599 -679 926 833 -1216 -1218 -70 1041 87 1138 -1651 1989 -1501 2633 3456 856 -899 -367 2358 -141 1216 213 2728 2738 2360 -2403 569 -892 1421 -2252 -274 131 122 3369 1541 -2511 -67 -1572 -309 121 1298 -936 1301 -523 2164 672 138 -395 403 -258 174 -18 -171 -18 ]
[-1169 103 638 -674 769 -441 1063 -2699 2847 -1117 529 919 -822 -1809 -464 1482 -376 1812 2096 1069 -461 -740 3660 2284 -105 1032 907 2249 1993 -432 -1016 550 1563 1010 655 -1378 840 103 1836 2494 1232 -245 704 -458 504 1659 428 -2682 751 -249 -308 -1784 1456 -542 -265 56 -66 7 81 9 ]
[788 -1254 -991 -3634 1601 715 -511 1096 532 -884 -741 1713 485 1526 -662 -1895 2445 1767 3897 492 -3471 -911 -135 1440 -862 1338 264 375 1215 297 -3278 599 -935 -1683 -2112 476 291 928 1207 55 442 -609 -1039 1138 2339 -654 -1495 836 618 -814 -566 1411 941 -144 659 181 -68 6 57 6 ]
[-2813 -1771 -437 -1339 -2135 -459 -1050 -95 1402 250 -718 -248 1327 -1258 1309 -1103 200 -1951 -733 799 881 -267 109 -981 1753 -1188 -884 -3 -462 1189 1256 950 71 702 2486 -776 -409 -2554 -605 517 -34 -415 1171 -52 1602 726 22 466 1 217 1226 -41 -930 167 -308 -183 150 4 -111 -12 ]
[1867 1461 1350 5154 -996 1054 -301 -125 -2803 1757 -442 -860 2166 29 612 2217 481 -2062 27 -1879 2231 -219 620 941 -410 450 -1194 638 -501 -1297 3028 -518 485 1892 -1207 2423 1630 48 -2350 425 -1112 779 -2151 -1945 -2247 -609 1075 -659 69 154 1590 95 -939 -7 -275 -318 236 35 -268 -32 ]
[-2226 242 -877 -351 252 -209 -603 1064 -781 -3467 -763 -1281 -2444 2199 604 842 -391 2381 842 -468 -323 -140 1864 -923 -210 -1196 -2543 -3074 -1740 -751 -123 -3428 1885 -781 -1880 -1404 -768 2022 -398 -2571 314 -796 272 106 -108 748 -335 766 -273 489 -1235 490 1071 -19 446 225 -246 7 62 4 ]
[-1563 473 -3602 -1416 -820 1668 -1367 294 -440 -2962 -122 976 1896 73 -1844 -2469 240 -1493 3300 118 -582 -411 882 80 -1612 714 -961 -983 -1611 -1904 -1854 465 360 -1739 709 449 1260 -220 731 441 -239 -564 -1309 655 863 713 -1647 2014 38 601 -360 1317 -1921 601 -113 63 10 -1 -163 -20 ]
[-1169 1969 919 -935 178 -2177 1286 -1279 2457 2341 -282 1718 -1580 -631 -640 365 -707 518 -1830 -1409 -1602 -486 618 2819 633 2111 -1512 -1274 -2082 888 -1880 1634 1872 1368 650 -27 -1306 1640 -883 1648 -2712 -889 910 -609 -1313 1386 578 -471 -1620 -550 -697 -1231 188 491 91 258 -158 -9 48 6 ]
[149 -1828 333 -1800 293 907 -1532 426 967 1479 -515 1640 -555 -1329 562 -1191 274 -68 -1511 2396 -246 -809 -2643 -1842 2412 383 -234 -1964 1524 2527 -1100 -174 109 -807 1145 -117 -2055 -150 -82 1618 517 -628 1226 26 1149 -786 -460 -579 1735 89 1056 623 557 -161 439 -64 -39 30 -139 -17 ]
[-3934 2254 -1129 -1900 -1676 -1312 -254 1484 -3785 1990 751 -1668 -3043 -112 -2412 -1879 -381 1813 1456 -760 -1638 139 250 1700 -6 94 2939 1476 -901 1861 -2372 -514 -569 521 -926 -2019 -1161 -1134 378 -203 -1263 -397 1334 204 -213 764 -676 1221 -1180 -876 -1156 -1166 411 281 525 203 -163 -14 93 9 ]
[1592 -2560 45 -3006 -280 941 900 -761 1610 1431 369 343 539 -797 -1106 -1495 8 -479 -779 1427 558 -3163 -3203 631 785 1655 -664 -941 -459 910 -3349 -446 -1956 -1166 100 -1272 1194 -394 409 2429 441 -1066 506 -253 1343 -50 -738 -514 -515 -60 -457 -247 -417 495 -47 288 -39 81 -88 -11 ]
[-86 2 1596 -8 1155 1103 -1000 2481 -2366 -926 -1288 -2809 -215 1145 2323 2455 1470 1392 -640 933 -1152 2089 -1078 -2846 -396 -2148 -523 -43 -122 1578 265 657 -455 850 -1698 2447 -758 268 -218 -2233 432 1945 237 -219 56 -133 -563 -404 1010 472 107 750 333 -11 -129 -133 22 43 -13 -5 ]
[2605 399 -639 412 3585 -795 2530 1248 1157 914 2037 -409 1944 -756 -851 1315 -386 -1087 1190 -1994 136 -19 861 502 1323 1800 5440 4010 1906 540 404 1125 -3013 -1554 -277 -35 1300 -831 2844 1496 1354 -647 -1219 -296 -1852 -1127 362 -880 789 -727 738 -831 872 -908 129 -187 79 -59 10 5 ]
[1716 2367 288 1567 631 1187 -959 -12 163 -481 -3108 -1354 1859 2076 1542 1645 1294 -263 836 -1375 1046 2195 489 -1207 -765 -2088 -672 1114 -457 -560 358 991 -976 930 -2412 1013 1169 1342 -2159 -588 -1343 -53 -736 227 142 -895 -73 -323 440 -293 -147 643 -1512 423 -165 -367 404 35 80 5 ]
[-63 618 -1831 -818 2661 -1415 1427 3243 1560 838 -212 -977 1729 -2717 1574 -234 -988 349 289 -1783 72 44 872 1025 2234 1495 3238 4726 844 3320 391 1823 -1568 -857 38 872 1059 -1598 998 2357 1524 -3026 578 -865 -808 -60 -270 -695 1427 -1292 1505 -259 -30 -326 733 -98 130 55 -100 -4 ]
[917 331 138 -907 1553 -1304 659 -1733 3092 -723 -1520 2285 1559 2940 -648 1270 -310 -2022 -1009 -843 575 342 2559 -996 -244 -856 -3038 -3577 -3194 -1966 1760 55 1707 2135 1060 -398 -946 1707 -1793 607 -3096 682 688 -113 -836 895 1241 995 -753 784 238 549 -702 80 -774 -193 162 49 277 34 ]
[1350 -1951 2889 2831 -1982 -1203 94 -302 277 547 -304 1513 360 174 -757 696 692 1279 -1716 -1337 515 213 -1786 3385 52 570 -689 1044 312 472 2425 -187 -854 -419 -225 25 1290 -701 -623 -639 908 136 -1553 -462 254 -1282 1782 -234 -363 -624 566 -542 785 -689 274 -23 -78 -56 2 -3 ]
[-1099 -2182 3224 721 -1023 -1953 1072 -1763 -1 37 -606 1826 454 1401 -1871 339 300 1681 -326 437 -289 2274 3285 2273 -444 -597 -325 -27 529 -1300 3284 834 3532 2804 2393 757 -633 -280 -1042 1958 -165 1592 1191 -1332 349 1627 2175 -762 694 152 1460 -1130 1605 -755 -449 -218 223 -29 60 -2 ]
[1212 -2267 1393 3 208 580 156 -258 419 -1289 -739 -1748 1212 924 -1605 3912 475 2048 1126 -849 2054 -496 3 1583 1164 1038 1403 2352 -60 1730 -1156 -471 -1855 -30 -1649 -1098 2106 -174 1850 2435 925 769 -434 -2854 -683 383 798 -1599 401 -149 499 -1584 263 -145 -612 -202 188 199 136 13 ]
[-2142 983 -1387 396 437 -82 82 830 -3084 -515 -728 -1822 710 2690 -1442 1428 1405 -1651 1754 -2513 2331 -2201 1314 53 645 616 -61 -1445 -3313 1821 -950 -1719 -2277 176 -1253 -2372 632 213 575 -588 -1303 -363 -98 -976 -1939 89 -1127 1622 -1119 50 390 399 -633 278 322 -174 -54 -134 22 -1 ]
[-14 -866 2845 662 -2320 914 504 -3344 -604 538 -65 -688 -1313 951 -513 439 474 1782 -1835 2676 2092 -522 -2145 252 -2094 -1973 -505 373 1519 874 2143 -315 -1808 2311 26 -1847 1860 -1544 399 -561 1360 1095 -484 -225 2816 154 571 -1814 -8 -642 -441 -675 364 -67 -195 -27 -47 -23 210 26 ]
[-260 -1153 69 -141 226 1319 16 840 -1953 -73 -1058 -2256 1229 1766 238 156 548 233 -581 -1611 3403 -1259 -87 -525 945 53 1765 2307 423 3613 1221 -107 -4165 1218 -1119 -1238 2107 -1543 2147 888 1906 -921 -697 -1437 1272 -1360 -526 -731 819 -755 1221 387 981 -28 178 46 67 70 -76 -15 ]
[3225 1174 2196 1736 800 513 198 -3013 2774 -1799 1440 -321 -1259 498 1524 1043 -163 -1506 -303 -187 -590 -38 -187 -1067 -2320 -693 -95 -103 524 -4022 429 1122 -221 1414 -359 1436 389 492 900 -678 612 2230 -1190 -93 92 247 -856 -1156 -244 -15 -776 -574 290 411 -655 132 -63 -94 113 26 ]
[2516 1646 3267 1703 1267 -1691 -537 -71 485 2347 -399 -1329 -2586 -414 3709 904 926 -57 -2483 -2031 -2342 593 -2012 -874 -1540 -1450 1226 961 301 -475 1570 933 -2637 875 -3128 1701 -1239 797 -2205 -2995 -831 341 1295 1538 1161 -1698 904 -253 -110 -1500 -1477 -682 885 -166 770 -97 42 146 68 -10 ]
[-3357 1856 -48 -1428 -907 -821 1305 -2131 875 -421 1495 -409 -1800 -3060 -296 -260 -1581 2297 -472 1198 27 718 2899 320 -418 72 165 1677 1375 632 -723 2046 3797 3383 2399 351 -379 -1410 1839 629 658 1037 1163 -1495 -199 1856 359 -1576 512 32 -185 -1380 1331 165 -701 79 -49 72 356 40 ]
[1994 2121 738 1585 -1094 1946 354 -2638 -2289 1456 1717 -762 -364 1375 -1377 106 475 -2560 290 301 1351 -2078 -881 -360 -2777 243 796 -1802 -301 -1354 -558 -967 -2377 1179 -1047 -1781 1320 127 393 -430 -395 1599 -1912 257 -260 -540 -874 93 -1324 -230 -663 173 -616 405 142 121 -185 -35 -63 1 ]
[-837 2775 -2763 -2765 1557 462 -620 -323 74 952 467 1021 -1849 -1663 -64 -3153 -837 -200 980 1159 -1517 -1212 305 -1192 -527 498 2461 228 1625 674 -2106 26 -727 -75 -270 -1450 -979 176 1022 481 -516 -1610 1232 1897 1567 -819 -1236 266 782 -835 -1133 415 509 108 775 169 -151 173 210 15 ]
[-16 770 1029 10 1637 167 -272 -503 -1372 1181 200 -1990 500 1110 -1106 -731 1820 -2476 1180 -3179 -1062 196 477 1538 -1102 1796 2998 -910 75 -1679 525 1309 -477 -6 -282 3379 146 -123 40 1313 -41 727 -190 -1381 586 467 -107 777 857 -1065 1079 122 223 281 480 -165 267 -63 -364 -21 ]
[-206 -839 -1617 -2143 1297 -314 1983 -941 1910 -1329 1917 1359 97 -367 332 -91 -1346 -239 -71 2528 -226 -2512 1332 -1330 516 477 -500 -1378 -418 63 18 -563 831 98 1528 -1812 263 -547 2270 -299 1145 -499 113 1709 661 981 -946 -358 -502 735 -489 444 408 -205 32 256 -135 73 125 23 ]
[-774 603 -736 814 -2357 1597 -588 364 -2993 2261 -1181 -1619 -383 625 667 -369 -2083 1206 -1288 2960 3784 475 -453 -1350 1714 -2062 669 1183 1153 3201 1288 -1668 20 2404 140 -2960 -630 -860 -917 1337 -277 -902 910 -872 -552 -368 -530 -1200 247 -257 1143 251 -211 215 -34 -222 302 55 18 31 ]
[210 -1289 1078 -652 650 1827 765 35 -3699 132 181 46 1609 2299 -4367 1077 1886 1934 2176 1352 1641 -776 626 1309 -759 1207 -1140 -1998 177 321 -2023 -2315 1327 52 -840 273 1378 643 1047 1340 1021 1405 -997 -1857 -801 496 36 -458 1042 796 614 671 193 -10 -214 152 -109 57 -89 -17 ]
[-305 2560 416 -668 1266 733 522 -2311 -2318 1254 1284 166 -2104 1309 -1822 -1924 -400 -1416 -469 -465 -61 -1339 1205 -455 -2033 1328 2922 -1119 -241 -40 -45 383 -1006 3036 813 -253 -263 200 2078 1999 -275 1131 685 -274 708 613 -1280 -28 -35 -666 105 60 781 604 285 374 -160 106 -13 42 ]
[-232 -1990 2468 1660 -2208 408 -1821 1188 -1984 91 -2523 -2372 120 2229 3058 1362 2083 -192 -2245 786 -311 2288 -2308 -927 432 -2138 -2733 -2822 -466 1678 2441 -753 645 30 -638 1352 -1573 683 -3133 -2733 21 901 181 -711 246 -562 109 942 -271 41 1619 1350 -535 153 277 -128 207 -65 -58 -29 ]
[3165 -887 1435 568 2052 144 -179 980 -837 2380 1400 1114 -395 -295 1248 253 1455 -1201 782 884 -2283 -1013 -1331 -19 1200 1531 2862 -380 2136 515 -2098 -528 -1687 -2151 -1258 -17 -1793 717 332 -855 944 657 893 1675 -567 -1729 -1358 -220 305 -220 196 531 644 -381 1031 180 -260 7 1 16 ]
[1699 1504 617 947 -554 875 -1405 -2182 -831 1021 27 729 -2966 2110 1260 -408 198 -1254 -46 1949 -1408 -688 -1498 -1317 -610 263 -1014 -3661 408 -1266 -899 -1334 654 273 -680 209 -2571 1789 -1103 -165 -965 316 103 687 -381 453 -1421 256 -405 226 -120 794 40 376 562 98 -3 165 -140 -1 ]
[-1604 -133 -777 -527 1335 98 883 1146 -1302 1073 2089 -1662 -522 -679 -1821 975 -233 -2643 -96 -618 200 -2238 99 350 1448 2356 2574 -2615 -2229 1210 -2739 -967 -925 -1020 170 -1388 -1369 374 2357 1162 -353 981 1993 -826 -2534 836 -1771 133 -1110 718 -410 -1355 322 355 -81 104 33 -97 114 9 ]
[2323 557 1981 3338 -250 141 771 -2117 -268 -71 214 -112 -1292 1818 288 3064 -1377 268 -1729 413 2257 472 1037 -943 971 17 -299 -1367 -24 -653 1084 -1774 1781 1644 236 -1386 -1065 2148 -372 1190 -174 1142 52 -1672 -3245 218 482 -1831 -328 749 693 -657 870 30 -258 -99 15 -30 -175 -25 ]
[285 -1916 2244 433 -2125 591 -1068 -482 -418 479 275 -1353 -734 -850 635 447 -11 318 -1767 1149 -559 1801 -1835 241 -672 -262 -505 -784 741 -1555 796 705 1788 1006 418 3321 -980 -568 -351 815 473 2416 174 -1391 729 820 389 -812 299 757 281 -627 544 305 -667 -273 283 78 -226 -50 ]
[-3442 1244 845 -811 -2076 621 -380 -361 -1870 1115 2012 -286 -2124 -2918 1459 -3946 -744 683 -3003 1883 -2234 -503 -1050 -441 -740 123 189 3 767 1718 569 2255 1516 3008 2818 1581 -558 -3091 1223 -1495 1337 1402 809 185 2755 109 -1183 -734 806 -632 -67 156 1967 57 377 288 -173 -75 208 10 ]
[-2273 -1061 -1353 -322 -73 391 -1119 1098 -1864 -1040 -1503 -1552 -942 892 2048 -181 522 484 -2174 16 1197 -121 616 -1425 -792 108 -2806 -4655 -1281 1472 1592 -1774 2353 724 3 1092 -1637 2046 -489 -149 -9 608 1170 -1543 205 557 -643 1167 160 587 678 1305 1074 418 95 11 -32 -11 228 40 ]
[115 713 1929 1278 -2329 -1321 -904 -2069 692 2516 -1285 1100 -2667 38 1938 -1406 -666 2413 -1901 89 635 831 -527 1188 945 -234 82 939 2216 689 201 56 521 864 -94 -1136 -1684 87 -2172 596 -569 -1657 1323 -283 762 -562 650 -779 33 -1093 -69 -860 1279 -165 579 177 -180 -92 126 87 ]
[-3542 520 -1370 -2013 -1735 1518 -1038 566 -1344 1564 -834 -1034 1490 -3131 -1224 -505 -1489 827 54 4331 1806 1388 923 -1256 741 -1445 -1005 138 467 1212 188 -186 3837 2018 2714 134 -293 -1560 -1859 2982 -945 -291 1067 -1375 -283 1841 301 -1479 1829 639 1236 -191 -932 3 -916 -279 178 -175 -178 -39 ]
]
