[[3897501570238085211412288085376719765986099089049373304635569237680368643621127004991394992586655541019255797642814535018884647556823998209791622774507793649966027043718535547001913381981244582222327571 0 0 0 0 0 0 0 0 0 0 0 0 0 0 0 0 0 0 0 0 0 0 0 0 0 0 0 0 0 0 0 0 0 0 0 0 0 0 0 0 0 0 0 0 0 0 0 0 0 0 0 0 0 0 0 0 0 0 0 0 0 0 0 0 0 0]
[1695860657633174532181859254862025300492453958187286691638471449485952809288876095678835603704463846078794731846419765036423624312787574525776537835375896173720150816068639775387334421087484395841796792 1 0 0 0 0 0 0 0 0 0 0 0 0 0 0 0 0 0 0 0 0 0 0 0 0 0 0 0 0 0 0 0 0 0 0 0 0 0 0 0 0 0 0 0 0 0 0 0 0 0 0 0 0 0 0 0 0 0 0 0 0 0 0 0 0 0]
[2606514396225155947046416566180169996392447538231325275361505372261363615547027791199103610077086386554424245254302884280417816779975155269014334610883736857820596459481392709637975661673640697703539921 0 1 0 0 0 0 0 0 0 0 0 0 0 0 0 0 0 0 0 0 0 0 0 0 0 0 0 0 0 0 0 0 0 0 0 0 0 0 0 0 0 0 0 0 0 0 0 0 0 0 0 0 0 0 0 0 0 0 0 0 0 0 0 0 0 0]
[757146194004102594208485353691858497472175509168932855614338905378243549897740200132866444422513649443060865905682296224196822286254034053429890156953784943640496958232116365359631367941676328508126330 0 0 1 0 0 0 0 0 0 0 0 0 0 0 0 0 0 0 0 0 0 0 0 0 0 0 0 0 0 0 0 0 0 0 0 0 0 0 0 0 0 0 0 0 0 0 0 0 0 0 0 0 0 0 0 0 0 0 0 0 0 0 0 0 0 0]
[512614849195495597866292204338112372072566351902382948683722789558700771078518662758845857091491816419866900535659103791302780977296619710784731109359361572820467393271561553396701265366788348937604969 0 0 0 1 0 0 0 0 0 0 0 0 0 0 0 0 0 0 0 0 0 0 0 0 0 0 0 0 0 0 0 0 0 0 0 0 0 0 0 0 0 0 0 0 0 0 0 0 0 0 0 0 0 0 0 0 0 0 0 0 0 0 0 0 0 0]
[3638099715977209777705356081649171399920145750940758954281852041831360192501541923819381821759030397738653688695530856808825175824515282393077299308188736443514580584252948529104744217989059514628707060 0 0 0 0 1 0 0 0 0 0 0 0 0 0 0 0 0 0 0 0 0 0 0 0 0 0 0 0 0 0 0 0 0 0 0 0 0 0 0 0 0 0 0 0 0 0 0 0 0 0 0 0 0 0 0 0 0 0 0 0 0 0 0 0 0 0]
[233701649988224012805567744346511217136844051503890561242758033923985320074824168147261935099959403795575953545730528223096493877618419727602698431646860676080696957518209618301555578713530522655340889 0 0 0 0 0 1 0 0 0 0 0 0 0 0 0 0 0 0 0 0 0 0 0 0 0 0 0 0 0 0 0 0 0 0 0 0 0 0 0 0 0 0 0 0 0 0 0 0 0 0 0 0 0 0 0 0 0 0 0 0 0 0 0 0 0 0]
[2800850623161716207864478254124879685761207656690760963763656504509918664753826007761644880797232809858482848842983419883637132379571886005523996078305301384611871376242272635108143648862317462909702263 0 0 0 0 0 0 1 0 0 0 0 0 0 0 0 0 0 0 0 0 0 0 0 0 0 0 0 0 0 0 0 0 0 0 0 0 0 0 0 0 0 0 0 0 0 0 0 0 0 0 0 0 0 0 0 0 0 0 0 0 0 0 0 0 0 0]
[47311687889694313053704040030478038730721106351315695398001538955209439705772387211410185884995684159330063976697027740917842867644916929177771350186778848690256840963146796844684013135520591456840796 0 0 0 0 0 0 0 1 0 0 0 0 0 0 0 0 0 0 0 0 0 0 0 0 0 0 0 0 0 0 0 0 0 0 0 0 0 0 0 0 0 0 0 0 0 0 0 0 0 0 0 0 0 0 0 0 0 0 0 0 0 0 0 0 0 0]
[2617007975647011350008290344193269173206643274226196228535828384975677991273720775537451584686207720196321769359947805122176498094381406260441006935181641274055897220199089528108568945922023564090876579 0 0 0 0 0 0 0 0 1 0 0 0 0 0 0 0 0 0 0 0 0 0 0 0 0 0 0 0 0 0 0 0 0 0 0 0 0 0 0 0 0 0 0 0 0 0 0 0 0 0 0 0 0 0 0 0 0 0 0 0 0 0 0 0 0 0]
[1012878306191342783883492981171445572719285660619319000038592747851447337153113835244565522758146850567888231777615177035864437696233079732353462373243827463939465963446350291475187235647113836877535380 0 0 0 0 0 0 0 0 0 1 0 0 0 0 0 0 0 0 0 0 0 0 0 0 0 0 0 0 0 0 0 0 0 0 0 0 0 0 0 0 0 0 0 0 0 0 0 0 0 0 0 0 0 0 0 0 0 0 0 0 0 0 0 0 0 0]
[3663707623299403510926805375387291683334977992830440462886078099814173052475302872311351200718069265537696045778191585277050979689028414630093615829640097620525951219098652304199327276748964903593346589 0 0 0 0 0 0 0 0 0 0 1 0 0 0 0 0 0 0 0 0 0 0 0 0 0 0 0 0 0 0 0 0 0 0 0 0 0 0 0 0 0 0 0 0 0 0 0 0 0 0 0 0 0 0 0 0 0 0 0 0 0 0 0 0 0 0]
[409878373695920217942568003265788161745568508883828685423312541837650135547885575901607778949494282248507491994250457691334829080760594394626507584604178278220530546557164276454365637370274201533828725 0 0 0 0 0 0 0 0 0 0 0 1 0 0 0 0 0 0 0 0 0 0 0 0 0 0 0 0 0 0 0 0 0 0 0 0 0 0 0 0 0 0 0 0 0 0 0 0 0 0 0 0 0 0 0 0 0 0 0 0 0 0 0 0 0 0]
[3002196253037803373908842216015317622489632332056670967770235846784862031062258867064324448163439118754662201649651425753173086572678659067446045062540339130755777510601384844530250403660567502374158966 0 0 0 0 0 0 0 0 0 0 0 0 1 0 0 0 0 0 0 0 0 0 0 0 0 0 0 0 0 0 0 0 0 0 0 0 0 0 0 0 0 0 0 0 0 0 0 0 0 0 0 0 0 0 0 0 0 0 0 0 0 0 0 0 0 0]
[3293855376008565984057101509975347131592635360654571742532838659448430924111060316449201458010073916274114887231508291245293277984477765748154257437517070569491519658169634163240054395618735746671002048 0 0 0 0 0 0 0 0 0 0 0 0 0 1 0 0 0 0 0 0 0 0 0 0 0 0 0 0 0 0 0 0 0 0 0 0 0 0 0 0 0 0 0 0 0 0 0 0 0 0 0 0 0 0 0 0 0 0 0 0 0 0 0 0 0 0]
[1374284646644615603584195028458829019413457086260571247220972034102408662073853522256112114810791418337542298430440462460108743145935714748614417573325953095557118290915336578784701273104311207324084411 0 0 0 0 0 0 0 0 0 0 0 0 0 0 1 0 0 0 0 0 0 0 0 0 0 0 0 0 0 0 0 0 0 0 0 0 0 0 0 0 0 0 0 0 0 0 0 0 0 0 0 0 0 0 0 0 0 0 0 0 0 0 0 0 0 0]
[2157399508751353427536021500995617247211080277961303829093975183930620542695937689236323101996526735329747969275569542055766892943789408183035792597742631203434924188955279667854013090396050701918041059 0 0 0 0 0 0 0 0 0 0 0 0 0 0 0 1 0 0 0 0 0 0 0 0 0 0 0 0 0 0 0 0 0 0 0 0 0 0 0 0 0 0 0 0 0 0 0 0 0 0 0 0 0 0 0 0 0 0 0 0 0 0 0 0 0 0]
[2878841427222703306378598641265977808443911368615523987147901921005164228206964179152042377972353339845789644363981314064868833138633028478839211487782056301122807611599059150943518378662069200622603193 0 0 0 0 0 0 0 0 0 0 0 0 0 0 0 0 1 0 0 0 0 0 0 0 0 0 0 0 0 0 0 0 0 0 0 0 0 0 0 0 0 0 0 0 0 0 0 0 0 0 0 0 0 0 0 0 0 0 0 0 0 0 0 0 0 0]
[2216285555735955886514194551057163259326779176296238352162756922002468157659662457450157549797362797231354394001316179463822779895544561156857800650310080009677266413209084759875798221393076910190739125 0 0 0 0 0 0 0 0 0 0 0 0 0 0 0 0 0 1 0 0 0 0 0 0 0 0 0 0 0 0 0 0 0 0 0 0 0 0 0 0 0 0 0 0 0 0 0 0 0 0 0 0 0 0 0 0 0 0 0 0 0 0 0 0 0 0]
[634491146658351964394688938050272060393318013278739188309596835930760850505634094416447804447939599423127227653409124227321906551438260144916179037803821414854779054515005099448206653625342489832651534 0 0 0 0 0 0 0 0 0 0 0 0 0 0 0 0 0 0 1 0 0 0 0 0 0 0 0 0 0 0 0 0 0 0 0 0 0 0 0 0 0 0 0 0 0 0 0 0 0 0 0 0 0 0 0 0 0 0 0 0 0 0 0 0 0 0]
[1752202326739849717968404073151887059924022454394097881123531600127697718899384968418743402383179350996905833160859086962870436365702934441265901657612689666709450865821409742945069726358485620666876074 0 0 0 0 0 0 0 0 0 0 0 0 0 0 0 0 0 0 0 1 0 0 0 0 0 0 0 0 0 0 0 0 0 0 0 0 0 0 0 0 0 0 0 0 0 0 0 0 0 0 0 0 0 0 0 0 0 0 0 0 0 0 0 0 0 0]
[2695623275699350058171335039779818069902419562495558380231679145319139273010537084809363601611158505387532537310043627939597137212919849122465444044867229134093108416974960028399478333276535512951252194 0 0 0 0 0 0 0 0 0 0 0 0 0 0 0 0 0 0 0 0 1 0 0 0 0 0 0 0 0 0 0 0 0 0 0 0 0 0 0 0 0 0 0 0 0 0 0 0 0 0 0 0 0 0 0 0 0 0 0 0 0 0 0 0 0 0]
[767443763500192950322910992739828162007677405594799112498527644393375240226796999714055629943889873681267303325117394285272274872713076394358001460780236787055748823251967629850379604423387713969488383 0 0 0 0 0 0 0 0 0 0 0 0 0 0 0 0 0 0 0 0 0 1 0 0 0 0 0 0 0 0 0 0 0 0 0 0 0 0 0 0 0 0 0 0 0 0 0 0 0 0 0 0 0 0 0 0 0 0 0 0 0 0 0 0 0 0]
[686447444012192044304786709797897794654206540394050067725420751916226764024959775018664071620632633736435326809050692380070464853218786508382364588094511021400850626956065902577963392298728566553752289 0 0 0 0 0 0 0 0 0 0 0 0 0 0 0 0 0 0 0 0 0 0 1 0 0 0 0 0 0 0 0 0 0 0 0 0 0 0 0 0 0 0 0 0 0 0 0 0 0 0 0 0 0 0 0 0 0 0 0 0 0 0 0 0 0 0]
[2217961025544346009380517691457940683605829648160718485626517789415321131912854597317960161742602537741020021241119974074578206363616840154051929864773724139516713384185217515777768908581344118493444702 0 0 0 0 0 0 0 0 0 0 0 0 0 0 0 0 0 0 0 0 0 0 0 1 0 0 0 0 0 0 0 0 0 0 0 0 0 0 0 0 0 0 0 0 0 0 0 0 0 0 0 0 0 0 0 0 0 0 0 0 0 0 0 0 0 0]
[3371262273820398593707720633397815400001804140376807334366271231631575053931342323379505252871873043532041863550514180202742285815931971336767328596045241157443825033538913939349534350170676137764257365 0 0 0 0 0 0 0 0 0 0 0 0 0 0 0 0 0 0 0 0 0 0 0 0 1 0 0 0 0 0 0 0 0 0 0 0 0 0 0 0 0 0 0 0 0 0 0 0 0 0 0 0 0 0 0 0 0 0 0 0 0 0 0 0 0 0]
[335326049411347177069236716565686285598048929228646264467537054254274487344107145321213025712695885997694540299199691287608513595276634398302853130676185365532990945170894372034005193118770957982865644 0 0 0 0 0 0 0 0 0 0 0 0 0 0 0 0 0 0 0 0 0 0 0 0 0 1 0 0 0 0 0 0 0 0 0 0 0 0 0 0 0 0 0 0 0 0 0 0 0 0 0 0 0 0 0 0 0 0 0 0 0 0 0 0 0 0]
[2636991913432056380842315737833806203675033921006648186574874333122219955623260872544059078863975556272038855091532753872623496923159484317718962315841530565746222961715229362400896536893775108362243769 0 0 0 0 0 0 0 0 0 0 0 0 0 0 0 0 0 0 0 0 0 0 0 0 0 0 1 0 0 0 0 0 0 0 0 0 0 0 0 0 0 0 0 0 0 0 0 0 0 0 0 0 0 0 0 0 0 0 0 0 0 0 0 0 0 0]
[958016348959128337826897159294073967295724299501517725147252201696144283221937887578678795881252185739947182461834719203395045719324990083345100935430241206026513038735217556823006222435380846542158711 0 0 0 0 0 0 0 0 0 0 0 0 0 0 0 0 0 0 0 0 0 0 0 0 0 0 0 1 0 0 0 0 0 0 0 0 0 0 0 0 0 0 0 0 0 0 0 0 0 0 0 0 0 0 0 0 0 0 0 0 0 0 0 0 0 0]
[1547753883447343833460484279366607105295373513959164226594754284682279482154302909976698065417493000041546527518950433311831571909900267425603989463493702606327497578064218102970609412490732842053548809 0 0 0 0 0 0 0 0 0 0 0 0 0 0 0 0 0 0 0 0 0 0 0 0 0 0 0 0 1 0 0 0 0 0 0 0 0 0 0 0 0 0 0 0 0 0 0 0 0 0 0 0 0 0 0 0 0 0 0 0 0 0 0 0 0 0]
[3289728776248374393153417476171196159446761322199471390689284490699875134050402129064312633342764600169540277044512011288963862226656870315887105357924947100343590856718991543450271396657517600381059696 0 0 0 0 0 0 0 0 0 0 0 0 0 0 0 0 0 0 0 0 0 0 0 0 0 0 0 0 0 1 0 0 0 0 0 0 0 0 0 0 0 0 0 0 0 0 0 0 0 0 0 0 0 0 0 0 0 0 0 0 0 0 0 0 0 0]
[1884673107987621238379113181638675698237030816156828890215436793374005865511827176243435267111314600710739948085030620741269415605759345528180067855105247371316489807637615512293109172912036470583302649 0 0 0 0 0 0 0 0 0 0 0 0 0 0 0 0 0 0 0 0 0 0 0 0 0 0 0 0 0 0 1 0 0 0 0 0 0 0 0 0 0 0 0 0 0 0 0 0 0 0 0 0 0 0 0 0 0 0 0 0 0 0 0 0 0 0]
[1808727109085745481250391154563482519116272012283753909993120034885882645584869943058037046796699753108247338078837956364411594913876450600533923573326775906164387741136614495813560608834449628941101820 0 0 0 0 0 0 0 0 0 0 0 0 0 0 0 0 0 0 0 0 0 0 0 0 0 0 0 0 0 0 0 1 0 0 0 0 0 0 0 0 0 0 0 0 0 0 0 0 0 0 0 0 0 0 0 0 0 0 0 0 0 0 0 0 0 0]
[93413213336215093943910843969273915420956604148927352597477700384770598651177051858485793321365324527099408512333374691471333766810268652669831582227211436098659194153967900509296215456441225522636513 0 0 0 0 0 0 0 0 0 0 0 0 0 0 0 0 0 0 0 0 0 0 0 0 0 0 0 0 0 0 0 0 1 0 0 0 0 0 0 0 0 0 0 0 0 0 0 0 0 0 0 0 0 0 0 0 0 0 0 0 0 0 0 0 0 0]
[2179497939963781274117615806008091198375819243672389987830602279512293618820144583711930730027659526110815789844798309532129526487307862647480674886523144426261046437330778695766144007991955024248249352 0 0 0 0 0 0 0 0 0 0 0 0 0 0 0 0 0 0 0 0 0 0 0 0 0 0 0 0 0 0 0 0 0 1 0 0 0 0 0 0 0 0 0 0 0 0 0 0 0 0 0 0 0 0 0 0 0 0 0 0 0 0 0 0 0 0]
[3484465351862676057302680267010056421208427351164694456453483740905200978260961909155192324854900472720444939865036262293371532152993074355626369860404513784612466183889518705576958162943930664622684933 0 0 0 0 0 0 0 0 0 0 0 0 0 0 0 0 0 0 0 0 0 0 0 0 0 0 0 0 0 0 0 0 0 0 1 0 0 0 0 0 0 0 0 0 0 0 0 0 0 0 0 0 0 0 0 0 0 0 0 0 0 0 0 0 0 0]
[3241997172912954766592285516078436244816679802975072202903870187039850039677079960437123976569713771499799092842944260308267358740134239087909403997369652618932847490624548885182648930512335446032702409 0 0 0 0 0 0 0 0 0 0 0 0 0 0 0 0 0 0 0 0 0 0 0 0 0 0 0 0 0 0 0 0 0 0 0 1 0 0 0 0 0 0 0 0 0 0 0 0 0 0 0 0 0 0 0 0 0 0 0 0 0 0 0 0 0 0]
[3150664015447049510816282848084876174283073330406582645044715928302481630584893383586973184152001029396698040853577113180354348563499087565963605981906198076100450356338282150235604376837778536188943935 0 0 0 0 0 0 0 0 0 0 0 0 0 0 0 0 0 0 0 0 0 0 0 0 0 0 0 0 0 0 0 0 0 0 0 0 1 0 0 0 0 0 0 0 0 0 0 0 0 0 0 0 0 0 0 0 0 0 0 0 0 0 0 0 0 0]
[3387061560823607748477281352122465671025574619690380573584603846713589006661695640546207536532063178336338453256471648611181406190076609089880460650038144793170580965155483585703963992713041002334216843 0 0 0 0 0 0 0 0 0 0 0 0 0 0 0 0 0 0 0 0 0 0 0 0 0 0 0 0 0 0 0 0 0 0 0 0 0 1 0 0 0 0 0 0 0 0 0 0 0 0 0 0 0 0 0 0 0 0 0 0 0 0 0 0 0 0]
[3871375709754278271779529950872204631986370237246077481617302343435572600218531342303705578566260164629584056472096269466399234331272993589691955888848376946806311542721231281637452263251500380149557750 0 0 0 0 0 0 0 0 0 0 0 0 0 0 0 0 0 0 0 0 0 0 0 0 0 0 0 0 0 0 0 0 0 0 0 0 0 0 1 0 0 0 0 0 0 0 0 0 0 0 0 0 0 0 0 0 0 0 0 0 0 0 0 0 0 0]
[3727467376518377967180159119980556424398460138726489638682450772286218049738127752422207700712010124535391587738186377151111292689345591584584465618240008444204937824731889661995177566279050743381690630 0 0 0 0 0 0 0 0 0 0 0 0 0 0 0 0 0 0 0 0 0 0 0 0 0 0 0 0 0 0 0 0 0 0 0 0 0 0 0 1 0 0 0 0 0 0 0 0 0 0 0 0 0 0 0 0 0 0 0 0 0 0 0 0 0 0]
[1854731564348971324563179347871669900946206645269696550639814216716297872689334498314056526278836551869435642890377572557074751013138447868693506567186064993479338245551711096219369064621751650321352295 0 0 0 0 0 0 0 0 0 0 0 0 0 0 0 0 0 0 0 0 0 0 0 0 0 0 0 0 0 0 0 0 0 0 0 0 0 0 0 0 1 0 0 0 0 0 0 0 0 0 0 0 0 0 0 0 0 0 0 0 0 0 0 0 0 0]
[1006263169753288138857942160343777532423803731359907314698393636227902985213137300666646207081423835888052115816085364132846946769483578576278389397788843467380543031138278197493776140422991742151169267 0 0 0 0 0 0 0 0 0 0 0 0 0 0 0 0 0 0 0 0 0 0 0 0 0 0 0 0 0 0 0 0 0 0 0 0 0 0 0 0 0 1 0 0 0 0 0 0 0 0 0 0 0 0 0 0 0 0 0 0 0 0 0 0 0 0]
[3133503072522845831211458842012732177633713588617539984595070811950602713575773580203753182432978243496355599718330616832919952899205884092911475029773591681422506997577146251520467346715929397408650133 0 0 0 0 0 0 0 0 0 0 0 0 0 0 0 0 0 0 0 0 0 0 0 0 0 0 0 0 0 0 0 0 0 0 0 0 0 0 0 0 0 0 1 0 0 0 0 0 0 0 0 0 0 0 0 0 0 0 0 0 0 0 0 0 0 0]
[2651193789910938846208577698161186571453192153771459472206065794428332958893076589693665526349220571629816643522435075242884991342201198912079198653056780729131623848154466939551021648740297556619374114 0 0 0 0 0 0 0 0 0 0 0 0 0 0 0 0 0 0 0 0 0 0 0 0 0 0 0 0 0 0 0 0 0 0 0 0 0 0 0 0 0 0 0 1 0 0 0 0 0 0 0 0 0 0 0 0 0 0 0 0 0 0 0 0 0 0]
[2597679623191294196377427984647443015589391287689203445643991400187887696575368156224058531917660304887075660078756874000134158397234674155718143708582362240469050540602773005156121541282511928200575454 0 0 0 0 0 0 0 0 0 0 0 0 0 0 0 0 0 0 0 0 0 0 0 0 0 0 0 0 0 0 0 0 0 0 0 0 0 0 0 0 0 0 0 0 1 0 0 0 0 0 0 0 0 0 0 0 0 0 0 0 0 0 0 0 0 0]
[3369869950074011635785843382621183378899234347372150539380392211172625937704901531841152317457797453818644594813637722828053107536756726326808065739958912659950340246451378621944884321431576844609084273 0 0 0 0 0 0 0 0 0 0 0 0 0 0 0 0 0 0 0 0 0 0 0 0 0 0 0 0 0 0 0 0 0 0 0 0 0 0 0 0 0 0 0 0 0 1 0 0 0 0 0 0 0 0 0 0 0 0 0 0 0 0 0 0 0 0]
[2359568148736012378678681265190034548035603703978572722584599108951410713257226017338272541024382414309949493196136531292572000987731789710968882830333132301594469519021769379582171927880608491057154409 0 0 0 0 0 0 0 0 0 0 0 0 0 0 0 0 0 0 0 0 0 0 0 0 0 0 0 0 0 0 0 0 0 0 0 0 0 0 0 0 0 0 0 0 0 0 1 0 0 0 0 0 0 0 0 0 0 0 0 0 0 0 0 0 0 0]
[370711965646147196269172472436278943882076442276834350695745671522476203477708541087097472264992990020483599680273025733655451737510284280737990100431151289785604131225454823181653577105892255599646806 0 0 0 0 0 0 0 0 0 0 0 0 0 0 0 0 0 0 0 0 0 0 0 0 0 0 0 0 0 0 0 0 0 0 0 0 0 0 0 0 0 0 0 0 0 0 0 1 0 0 0 0 0 0 0 0 0 0 0 0 0 0 0 0 0 0]
[1274120570757922636525101524838402843918092107031578757296813039538194587766732213222089002268076398174284264066883984470869744560946759108430264374441647774848945656710509554623992568745818611506993091 0 0 0 0 0 0 0 0 0 0 0 0 0 0 0 0 0 0 0 0 0 0 0 0 0 0 0 0 0 0 0 0 0 0 0 0 0 0 0 0 0 0 0 0 0 0 0 0 1 0 0 0 0 0 0 0 0 0 0 0 0 0 0 0 0 0]
[1481010963258123239195040163800059340164230187692980042629112176336928355909564430060206946752874420147334640235760629477213101344045987726050446584592689280165020438995923506346124927497501406124316936 0 0 0 0 0 0 0 0 0 0 0 0 0 0 0 0 0 0 0 0 0 0 0 0 0 0 0 0 0 0 0 0 0 0 0 0 0 0 0 0 0 0 0 0 0 0 0 0 0 1 0 0 0 0 0 0 0 0 0 0 0 0 0 0 0 0]
[2057960130276148447506434878756191362130917806118332417592543475716149892065155509327816384461792472762441358254026798546312661603139431106480529088956399506355534302853498303095503969310497125651348789 0 0 0 0 0 0 0 0 0 0 0 0 0 0 0 0 0 0 0 0 0 0 0 0 0 0 0 0 0 0 0 0 0 0 0 0 0 0 0 0 0 0 0 0 0 0 0 0 0 0 1 0 0 0 0 0 0 0 0 0 0 0 0 0 0 0]
[3874090015341682302097188228633964916794009634914951228659107917227584859094961326802301909847240637135015206900649101344654060922722659099431137488080169504758360118723428372534273369054536643180376900 0 0 0 0 0 0 0 0 0 0 0 0 0 0 0 0 0 0 0 0 0 0 0 0 0 0 0 0 0 0 0 0 0 0 0 0 0 0 0 0 0 0 0 0 0 0 0 0 0 0 0 1 0 0 0 0 0 0 0 0 0 0 0 0 0 0]
[1963991430639173973459048932098317581998122223973701539650343489829486935918324819469023292288515670156111155913752232733810404299111809866131779344299050077658289141161439455497494362825090776176886594 0 0 0 0 0 0 0 0 0 0 0 0 0 0 0 0 0 0 0 0 0 0 0 0 0 0 0 0 0 0 0 0 0 0 0 0 0 0 0 0 0 0 0 0 0 0 0 0 0 0 0 0 1 0 0 0 0 0 0 0 0 0 0 0 0 0]
[2994962451452436793979929109667415018271115755591636538232987098035442649820063872665574700991802534702720358970928193870401951499542804074597155642850419500853681555636177752348081511879044618493654820 0 0 0 0 0 0 0 0 0 0 0 0 0 0 0 0 0 0 0 0 0 0 0 0 0 0 0 0 0 0 0 0 0 0 0 0 0 0 0 0 0 0 0 0 0 0 0 0 0 0 0 0 0 1 0 0 0 0 0 0 0 0 0 0 0 0]
[169130905357426977630587178382231499215323167752573519207897916814298794068507268388778203186364510383205745718505800560639426837544829511135412227781073695244332030087279246435952986403794371579003376 0 0 0 0 0 0 0 0 0 0 0 0 0 0 0 0 0 0 0 0 0 0 0 0 0 0 0 0 0 0 0 0 0 0 0 0 0 0 0 0 0 0 0 0 0 0 0 0 0 0 0 0 0 0 1 0 0 0 0 0 0 0 0 0 0 0]
[1474270809117614256988596510328531295273053706599019320349874561013087307948380667682271111517080505284539968804716789159642019994783364774992149334605493869606351214083177371662707955766435120468337829 0 0 0 0 0 0 0 0 0 0 0 0 0 0 0 0 0 0 0 0 0 0 0 0 0 0 0 0 0 0 0 0 0 0 0 0 0 0 0 0 0 0 0 0 0 0 0 0 0 0 0 0 0 0 0 1 0 0 0 0 0 0 0 0 0 0]
[3282872345048652178558738721282718650111002856634297521171864445111550503131152545213594930349507722014057745919200590248328246534976314319043934802788649613059620643389057456944821546998655683376897190 0 0 0 0 0 0 0 0 0 0 0 0 0 0 0 0 0 0 0 0 0 0 0 0 0 0 0 0 0 0 0 0 0 0 0 0 0 0 0 0 0 0 0 0 0 0 0 0 0 0 0 0 0 0 0 0 1 0 0 0 0 0 0 0 0 0]
[966127488950087575988750630068813385576750601475652811878752727072844942580122893534907279198926594252598934429706437175513882679982801518164688382853701097217393517418333255081860225496017967799187723 0 0 0 0 0 0 0 0 0 0 0 0 0 0 0 0 0 0 0 0 0 0 0 0 0 0 0 0 0 0 0 0 0 0 0 0 0 0 0 0 0 0 0 0 0 0 0 0 0 0 0 0 0 0 0 0 0 1 0 0 0 0 0 0 0 0]
[451303005453589905287985096238438408954194660256326214588907145912185136817136828934407906548677112425555722918729654180405498491040847863252528773747298026553980982460584651521876596322208091302352183 0 0 0 0 0 0 0 0 0 0 0 0 0 0 0 0 0 0 0 0 0 0 0 0 0 0 0 0 0 0 0 0 0 0 0 0 0 0 0 0 0 0 0 0 0 0 0 0 0 0 0 0 0 0 0 0 0 0 1 0 0 0 0 0 0 0]
[2027129003524093188006704299024443312264378210928624509422242826681261156100825453295839484681037366610872782187061645123184812976253745406698796336749562685665866095946073536859408640318652863626126359 0 0 0 0 0 0 0 0 0 0 0 0 0 0 0 0 0 0 0 0 0 0 0 0 0 0 0 0 0 0 0 0 0 0 0 0 0 0 0 0 0 0 0 0 0 0 0 0 0 0 0 0 0 0 0 0 0 0 0 1 0 0 0 0 0 0]
[1881793929844260814963742964654155280006260728366298265447928860124565868884588535266139754565845314648419105896041686867122175697473217000310881643645917733650490930382317935496365467519083073582715932 0 0 0 0 0 0 0 0 0 0 0 0 0 0 0 0 0 0 0 0 0 0 0 0 0 0 0 0 0 0 0 0 0 0 0 0 0 0 0 0 0 0 0 0 0 0 0 0 0 0 0 0 0 0 0 0 0 0 0 0 1 0 0 0 0 0]
[1902787086314797468926011538691988800076315718606411094915329190764840308025333033736514384225711450558508745825447192051880295993712625427194183802504853247878021577302453743403139793562729817343413849 0 0 0 0 0 0 0 0 0 0 0 0 0 0 0 0 0 0 0 0 0 0 0 0 0 0 0 0 0 0 0 0 0 0 0 0 0 0 0 0 0 0 0 0 0 0 0 0 0 0 0 0 0 0 0 0 0 0 0 0 0 1 0 0 0 0]
[3095465776657472010647356725579318935310627829287367810854228785236615165176546847293969640355561760933589478856885498443126377677117490222473162835670783653242987122795355164555332941804082093643056968 0 0 0 0 0 0 0 0 0 0 0 0 0 0 0 0 0 0 0 0 0 0 0 0 0 0 0 0 0 0 0 0 0 0 0 0 0 0 0 0 0 0 0 0 0 0 0 0 0 0 0 0 0 0 0 0 0 0 0 0 0 0 1 0 0 0]
[2048134389081149493311939911693632127866965780269353468958084002442345269072992391809209301661559836617902308001053041174562372401604992758389677002276194218427782619678623046751055778210607115170292339 0 0 0 0 0 0 0 0 0 0 0 0 0 0 0 0 0 0 0 0 0 0 0 0 0 0 0 0 0 0 0 0 0 0 0 0 0 0 0 0 0 0 0 0 0 0 0 0 0 0 0 0 0 0 0 0 0 0 0 0 0 0 0 1 0 0]
[428290961931128169075913144757685863872868079427571528059597767168809286687804643887213362833813852897640941113759023336054132282761805447290026463312354199285640613598354906517470181284936299731741633 0 0 0 0 0 0 0 0 0 0 0 0 0 0 0 0 0 0 0 0 0 0 0 0 0 0 0 0 0 0 0 0 0 0 0 0 0 0 0 0 0 0 0 0 0 0 0 0 0 0 0 0 0 0 0 0 0 0 0 0 0 0 0 0 1 0]
[948782081151735771540156474917640261388500625188681665256968950417920469545869796073942776499263855727631320276648593527857689823335918016818384409385683892528272957543286559382322778803851819653657556 0 0 0 0 0 0 0 0 0 0 0 0 0 0 0 0 0 0 0 0 0 0 0 0 0 0 0 0 0 0 0 0 0 0 0 0 0 0 0 0 0 0 0 0 0 0 0 0 0 0 0 0 0 0 0 0 0 0 0 0 0 0 0 0 0 1]
]
