[[910939514354770592377422618240439339476169166810213771229091 0 0 0 0 0 0 0 0 0 0 0 0 0 0 0 0 0 0 0]
[349628052982790111998602588635745618645386339558573980189951 1 0 0 0 0 0 0 0 0 0 0 0 0 0 0 0 0 0 0]
[477545849378761223097685401411657926964683409715491887628481 0 1 0 0 0 0 0 0 0 0 0 0 0 0 0 0 0 0 0]
[277656011448141074426494850675005858411261651156796063495201 0 0 1 0 0 0 0 0 0 0 0 0 0 0 0 0 0 0 0]
[683015875766505923726173310813797859221135906039094653563501 0 0 0 1 0 0 0 0 0 0 0 0 0 0 0 0 0 0 0]
[473348454021962097813006270360081628584970742617708110150023 0 0 0 0 1 0 0 0 0 0 0 0 0 0 0 0 0 0 0]
[726564001883649560339681467649831951313035407651036605010797 0 0 0 0 0 1 0 0 0 0 0 0 0 0 0 0 0 0 0]
[519919975500366179901314535322677495794408358882545112754132 0 0 0 0 0 0 1 0 0 0 0 0 0 0 0 0 0 0 0]
[672066696914175888962301954733790290314307851598519944363736 0 0 0 0 0 0 0 1 0 0 0 0 0 0 0 0 0 0 0]
[637659140997041500839725912532426956108358137925065842717674 0 0 0 0 0 0 0 0 1 0 0 0 0 0 0 0 0 0 0]
[619379653340184429039499073238354153166339439107882764055033 0 0 0 0 0 0 0 0 0 1 0 0 0 0 0 0 0 0 0]
[445190104669349189286520795518970152274144609792827972724360 0 0 0 0 0 0 0 0 0 0 1 0 0 0 0 0 0 0 0]
[860110221664697871042773276667493278098597229803674549865661 0 0 0 0 0 0 0 0 0 0 0 1 0 0 0 0 0 0 0]
[636675685401242215185641016165776573798825219841339039016925 0 0 0 0 0 0 0 0 0 0 0 0 1 0 0 0 0 0 0]
[680616919086937176463707268817485195812676979181666044260757 0 0 0 0 0 0 0 0 0 0 0 0 0 1 0 0 0 0 0]
[136805034149962116316334803945427797810327232747759731503735 0 0 0 0 0 0 0 0 0 0 0 0 0 0 1 0 0 0 0]
[297204173124679860540641180508924053664918196465773277149666 0 0 0 0 0 0 0 0 0 0 0 0 0 0 0 1 0 0 0]
[667129632856072185860806240693526175554610513756965866290606 0 0 0 0 0 0 0 0 0 0 0 0 0 0 0 0 1 0 0]
[620124454366622231498460499944937987657629341877377683648923 0 0 0 0 0 0 0 0 0 0 0 0 0 0 0 0 0 1 0]
[129496726457917726679893326359349807905566147615321190546405 0 0 0 0 0 0 0 0 0 0 0 0 0 0 0 0 0 0 1]
]
