[[4753545361481534779938904919343719338838124223534636441590532402888492248458409624087415219689596048935700305237973957836498316990890784512800271789114443272705484146553036416806301114498303894229942521764915843750929774039554211650558089438825626665718499 0 0 0 0 0 0 0 0 0 0 0 0 0 0 0 0 0 0 0 0 0 0 0 0 0 0 0 0 0 0 0 0 0 0 0 0 0 0 0 0 0 0 0 0 0 0 0 0 0 0 0 0 0 0 0 0 0 0 0 0 0 0 0 0 0 0 0 0 0 0 0 0 0 0 0 0 0 0 0 0 0 0 0 0]
[3914924482235793378975123184487565825227712373277385886341523668969081940192460260387703628468631498237382142886969700411096139164079853360583546634014283160798984742489041397635684422211100139875945825098885714356026709417966970757262830255397599922107499 1 0 0 0 0 0 0 0 0 0 0 0 0 0 0 0 0 0 0 0 0 0 0 0 0 0 0 0 0 0 0 0 0 0 0 0 0 0 0 0 0 0 0 0 0 0 0 0 0 0 0 0 0 0 0 0 0 0 0 0 0 0 0 0 0 0 0 0 0 0 0 0 0 0 0 0 0 0 0 0 0 0 0 0]
[765275506759029350797335676393703941956809161274608477477510433368625325908283060830394302350845033248695233070360280340669872910070746176467570413554658427454101133836929055834634977221013684115463733520622387549843426946158373027270586100536468993016306 0 1 0 0 0 0 0 0 0 0 0 0 0 0 0 0 0 0 0 0 0 0 0 0 0 0 0 0 0 0 0 0 0 0 0 0 0 0 0 0 0 0 0 0 0 0 0 0 0 0 0 0 0 0 0 0 0 0 0 0 0 0 0 0 0 0 0 0 0 0 0 0 0 0 0 0 0 0 0 0 0 0 0 0]
[3145056081146377178082276363311319647487009443362067775402095805503784977275439709187577809891434126525947484690170037152056171530939263412778879569230804179037565212643384261251296242802730026034438925797256176488897738658716336715316627495705834616946403 0 0 1 0 0 0 0 0 0 0 0 0 0 0 0 0 0 0 0 0 0 0 0 0 0 0 0 0 0 0 0 0 0 0 0 0 0 0 0 0 0 0 0 0 0 0 0 0 0 0 0 0 0 0 0 0 0 0 0 0 0 0 0 0 0 0 0 0 0 0 0 0 0 0 0 0 0 0 0 0 0 0 0 0]
[3088670722178004474122275537941996634874280286780757572227868805751135674291263167642666469580588737040167296823869102705773159854574499873305089717416339877366963847362367485655391155692678357336914603342301426451662133546794764056077628066926129875939766 0 0 0 1 0 0 0 0 0 0 0 0 0 0 0 0 0 0 0 0 0 0 0 0 0 0 0 0 0 0 0 0 0 0 0 0 0 0 0 0 0 0 0 0 0 0 0 0 0 0 0 0 0 0 0 0 0 0 0 0 0 0 0 0 0 0 0 0 0 0 0 0 0 0 0 0 0 0 0 0 0 0 0 0]
[4501931482014989464408551321014564046808213132538924022563251118649084463433220364772289820623121677393101347136146417994902111793062330624517032558502181884688505860859183495144353023443667051591232693317262385886261123445135760156299173031376641062251930 0 0 0 0 1 0 0 0 0 0 0 0 0 0 0 0 0 0 0 0 0 0 0 0 0 0 0 0 0 0 0 0 0 0 0 0 0 0 0 0 0 0 0 0 0 0 0 0 0 0 0 0 0 0 0 0 0 0 0 0 0 0 0 0 0 0 0 0 0 0 0 0 0 0 0 0 0 0 0 0 0 0 0 0]
[4250858252086348008410719330635090479369465106880046287472630274218182305010409860508460862575389152336052007476506210140022414267478120612118038372334132697265085906712524169990002847004062690183095601301591542908909905902354052719773409208238786655442602 0 0 0 0 0 1 0 0 0 0 0 0 0 0 0 0 0 0 0 0 0 0 0 0 0 0 0 0 0 0 0 0 0 0 0 0 0 0 0 0 0 0 0 0 0 0 0 0 0 0 0 0 0 0 0 0 0 0 0 0 0 0 0 0 0 0 0 0 0 0 0 0 0 0 0 0 0 0 0 0 0 0 0 0]
[4720707564701516475661790857994569536053347819877155373537854666005213142560594352860553537081743993276871359376032901246313541896097299903762698759499347018054394100624208829786542951541433199902870684038212151400204541428029436791342472493456975006951589 0 0 0 0 0 0 1 0 0 0 0 0 0 0 0 0 0 0 0 0 0 0 0 0 0 0 0 0 0 0 0 0 0 0 0 0 0 0 0 0 0 0 0 0 0 0 0 0 0 0 0 0 0 0 0 0 0 0 0 0 0 0 0 0 0 0 0 0 0 0 0 0 0 0 0 0 0 0 0 0 0 0 0 0]
[2060441824058001566083595251775198741706731541504059722082140539403454602627202075372613414468753014908721850195506685154865649400732015160402825020062497584379778569670649692843395540079074851819522585649287962387718091448237057121812215911638870066563658 0 0 0 0 0 0 0 1 0 0 0 0 0 0 0 0 0 0 0 0 0 0 0 0 0 0 0 0 0 0 0 0 0 0 0 0 0 0 0 0 0 0 0 0 0 0 0 0 0 0 0 0 0 0 0 0 0 0 0 0 0 0 0 0 0 0 0 0 0 0 0 0 0 0 0 0 0 0 0 0 0 0 0 0]
[4051432527540423895460809579186778241041627089527609494672861613811863565388552794372870265453610968526377388425728105959898302108259148430945790078247440556625050558216158660400881101464601148496261739611870891282555756769502836273327744924020627993666981 0 0 0 0 0 0 0 0 1 0 0 0 0 0 0 0 0 0 0 0 0 0 0 0 0 0 0 0 0 0 0 0 0 0 0 0 0 0 0 0 0 0 0 0 0 0 0 0 0 0 0 0 0 0 0 0 0 0 0 0 0 0 0 0 0 0 0 0 0 0 0 0 0 0 0 0 0 0 0 0 0 0 0 0]
[1139481936533098951400545378422265021792117745594749618048265899357366133810730481377360958557072648408105943084542018291336040964072273708616615199401524845602162509178834603155943281943702944585599298330286951902694701728493953156364477406143217030698372 0 0 0 0 0 0 0 0 0 1 0 0 0 0 0 0 0 0 0 0 0 0 0 0 0 0 0 0 0 0 0 0 0 0 0 0 0 0 0 0 0 0 0 0 0 0 0 0 0 0 0 0 0 0 0 0 0 0 0 0 0 0 0 0 0 0 0 0 0 0 0 0 0 0 0 0 0 0 0 0 0 0 0 0]
[183672566630526208134905630355840751940796679551970747362441253939500599572498177225349494358785700992519699305809931868825630580161060155538248762399426560418457922531219090955161426494999930305176822789723509473860786683724218389913005267579026142120671 0 0 0 0 0 0 0 0 0 0 1 0 0 0 0 0 0 0 0 0 0 0 0 0 0 0 0 0 0 0 0 0 0 0 0 0 0 0 0 0 0 0 0 0 0 0 0 0 0 0 0 0 0 0 0 0 0 0 0 0 0 0 0 0 0 0 0 0 0 0 0 0 0 0 0 0 0 0 0 0 0 0 0 0]
[3428665901657780269874521889436077023011813112861727584121570461531376631999986601076399320983378166302392536057111170879101264408570325807847314313334965757021707958998919495627775702895883651129032140040888363088532804983764137129103486925192191106678736 0 0 0 0 0 0 0 0 0 0 0 1 0 0 0 0 0 0 0 0 0 0 0 0 0 0 0 0 0 0 0 0 0 0 0 0 0 0 0 0 0 0 0 0 0 0 0 0 0 0 0 0 0 0 0 0 0 0 0 0 0 0 0 0 0 0 0 0 0 0 0 0 0 0 0 0 0 0 0 0 0 0 0 0]
[633939708812308708910360187810498065209622657477536828498183822985008874966755566608022450431450986708894299952914029988347247632157670743429342712459269030588395383291850253027955598438915025920716127379459630458880457310557612293220795609741908611665921 0 0 0 0 0 0 0 0 0 0 0 0 1 0 0 0 0 0 0 0 0 0 0 0 0 0 0 0 0 0 0 0 0 0 0 0 0 0 0 0 0 0 0 0 0 0 0 0 0 0 0 0 0 0 0 0 0 0 0 0 0 0 0 0 0 0 0 0 0 0 0 0 0 0 0 0 0 0 0 0 0 0 0 0]
[4513279304357559460718742256941266748327811931728528190548881449544924905517433432950349926439113201358649292263796341922419804456442875795902524252765487912903136656829169287261711019009265732623812540109040151208263190505453932650460141991094098186361994 0 0 0 0 0 0 0 0 0 0 0 0 0 1 0 0 0 0 0 0 0 0 0 0 0 0 0 0 0 0 0 0 0 0 0 0 0 0 0 0 0 0 0 0 0 0 0 0 0 0 0 0 0 0 0 0 0 0 0 0 0 0 0 0 0 0 0 0 0 0 0 0 0 0 0 0 0 0 0 0 0 0 0 0]
[2719665654090092467458595689824675863599999569288661181352256382253283032971105759296266516915138417974205049972609572068614378978350863102506221757777840062378943517074522798619540130721699110824125415499010646897237448153159373845044100487078524915546824 0 0 0 0 0 0 0 0 0 0 0 0 0 0 1 0 0 0 0 0 0 0 0 0 0 0 0 0 0 0 0 0 0 0 0 0 0 0 0 0 0 0 0 0 0 0 0 0 0 0 0 0 0 0 0 0 0 0 0 0 0 0 0 0 0 0 0 0 0 0 0 0 0 0 0 0 0 0 0 0 0 0 0 0]
[551537608509381176750670101299027408173998963878352074192591135492582647549421378440177554115061733152109560831341993072063919709668132955571435771033166890652565687991739489418226155477471124378596542155518541586463633649375456245855615145234284282063310 0 0 0 0 0 0 0 0 0 0 0 0 0 0 0 1 0 0 0 0 0 0 0 0 0 0 0 0 0 0 0 0 0 0 0 0 0 0 0 0 0 0 0 0 0 0 0 0 0 0 0 0 0 0 0 0 0 0 0 0 0 0 0 0 0 0 0 0 0 0 0 0 0 0 0 0 0 0 0 0 0 0 0 0]
[3037696320423799206885552442505544793302020467175492751283213941774506151660666370189543445358875040296582673415069447847554145664272999286045421522398294005027869173999185866534681537891578352238935646682057484687367238674489706709313900401701802472790994 0 0 0 0 0 0 0 0 0 0 0 0 0 0 0 0 1 0 0 0 0 0 0 0 0 0 0 0 0 0 0 0 0 0 0 0 0 0 0 0 0 0 0 0 0 0 0 0 0 0 0 0 0 0 0 0 0 0 0 0 0 0 0 0 0 0 0 0 0 0 0 0 0 0 0 0 0 0 0 0 0 0 0 0]
[1397028773791571165190686216791747685619272405363254698580947570028560846984478810002391369461326417027343711921996511960687041208037359816224547776822252896224513598423220742020054662580620031951409700421173995185364248482208818348508485890174979805853020 0 0 0 0 0 0 0 0 0 0 0 0 0 0 0 0 0 1 0 0 0 0 0 0 0 0 0 0 0 0 0 0 0 0 0 0 0 0 0 0 0 0 0 0 0 0 0 0 0 0 0 0 0 0 0 0 0 0 0 0 0 0 0 0 0 0 0 0 0 0 0 0 0 0 0 0 0 0 0 0 0 0 0 0]
[465234549725318289523114946371077451394621643573902949439390361708329981207490938085557380879558036103525713818111917755522537661372181260570832001299916534196673477288264173870653088905277831767982658652521713947308840555065223541821053229703370871313933 0 0 0 0 0 0 0 0 0 0 0 0 0 0 0 0 0 0 1 0 0 0 0 0 0 0 0 0 0 0 0 0 0 0 0 0 0 0 0 0 0 0 0 0 0 0 0 0 0 0 0 0 0 0 0 0 0 0 0 0 0 0 0 0 0 0 0 0 0 0 0 0 0 0 0 0 0 0 0 0 0 0 0 0]
[1518492312593328499185443480122114711769113478453291094542224748755309038814344950902951810644713450171766021432913360668816777446817679208909448438832868788451027243029887636595324070784405748202618558763821175813906104656901947117531530231926726721704426 0 0 0 0 0 0 0 0 0 0 0 0 0 0 0 0 0 0 0 1 0 0 0 0 0 0 0 0 0 0 0 0 0 0 0 0 0 0 0 0 0 0 0 0 0 0 0 0 0 0 0 0 0 0 0 0 0 0 0 0 0 0 0 0 0 0 0 0 0 0 0 0 0 0 0 0 0 0 0 0 0 0 0 0]
[3209155461825760854756482350369337028728789001094514589362286498034804274421332842633812649612025748918029539504828148547230300660969527773693099541233333880916470222266704392267069750834558810723235671781884678045834130904537853672375199569733048388438415 0 0 0 0 0 0 0 0 0 0 0 0 0 0 0 0 0 0 0 0 1 0 0 0 0 0 0 0 0 0 0 0 0 0 0 0 0 0 0 0 0 0 0 0 0 0 0 0 0 0 0 0 0 0 0 0 0 0 0 0 0 0 0 0 0 0 0 0 0 0 0 0 0 0 0 0 0 0 0 0 0 0 0 0]
[377320153038545211424599719294556081352341769838494905161800252992504443550894727946736529805853471167320845883454469205191109567123971448143115111839896993656454803030795962092390046187965031741194538820114566177265486862160191197601611433317698347070404 0 0 0 0 0 0 0 0 0 0 0 0 0 0 0 0 0 0 0 0 0 1 0 0 0 0 0 0 0 0 0 0 0 0 0 0 0 0 0 0 0 0 0 0 0 0 0 0 0 0 0 0 0 0 0 0 0 0 0 0 0 0 0 0 0 0 0 0 0 0 0 0 0 0 0 0 0 0 0 0 0 0 0 0]
[1692063909385274723228385209763252761014072289139120617759767081347679827488434849490745719477540395734052041421136858534210023568820672421134931753419038701023704338376638737811341369114618678845485956028471943351818947573873689032158124636196057030584653 0 0 0 0 0 0 0 0 0 0 0 0 0 0 0 0 0 0 0 0 0 0 1 0 0 0 0 0 0 0 0 0 0 0 0 0 0 0 0 0 0 0 0 0 0 0 0 0 0 0 0 0 0 0 0 0 0 0 0 0 0 0 0 0 0 0 0 0 0 0 0 0 0 0 0 0 0 0 0 0 0 0 0 0]
[409063767756531692854402838905117557220664810314072657668321290354525941029926175359231688338456273485241898605319133103292432558780677598837150832302897131397872013349904008855130148444625944230552843508540365310592235589820376782698999168842449822657745 0 0 0 0 0 0 0 0 0 0 0 0 0 0 0 0 0 0 0 0 0 0 0 1 0 0 0 0 0 0 0 0 0 0 0 0 0 0 0 0 0 0 0 0 0 0 0 0 0 0 0 0 0 0 0 0 0 0 0 0 0 0 0 0 0 0 0 0 0 0 0 0 0 0 0 0 0 0 0 0 0 0 0 0]
[3840168286026239103746314831810364181664399382398962226260752907867048810373490064173454411197630780836808542054604465251135811233473409708692985644028900890728650791760942709241522340542106016358007852233652294163086143246992390995408441470387777754359062 0 0 0 0 0 0 0 0 0 0 0 0 0 0 0 0 0 0 0 0 0 0 0 0 1 0 0 0 0 0 0 0 0 0 0 0 0 0 0 0 0 0 0 0 0 0 0 0 0 0 0 0 0 0 0 0 0 0 0 0 0 0 0 0 0 0 0 0 0 0 0 0 0 0 0 0 0 0 0 0 0 0 0 0]
[1089683302958164185998358184662078607002355670928291937242657674143838371976731591242600413959537938813120006957081698207950876622126144881874722208745983892153713777260664402569790670768587981281753886348616687219675182272447154356696230654325648541477978 0 0 0 0 0 0 0 0 0 0 0 0 0 0 0 0 0 0 0 0 0 0 0 0 0 1 0 0 0 0 0 0 0 0 0 0 0 0 0 0 0 0 0 0 0 0 0 0 0 0 0 0 0 0 0 0 0 0 0 0 0 0 0 0 0 0 0 0 0 0 0 0 0 0 0 0 0 0 0 0 0 0 0 0]
[2687151085464219824431154374999324623040174642543536486556784158759426998593043702098140568769587745649156396696748022362632988457792295969893770987529227831109169186878232611267992367444327712673202122408104401940409076010140318753279252564747249465242068 0 0 0 0 0 0 0 0 0 0 0 0 0 0 0 0 0 0 0 0 0 0 0 0 0 0 1 0 0 0 0 0 0 0 0 0 0 0 0 0 0 0 0 0 0 0 0 0 0 0 0 0 0 0 0 0 0 0 0 0 0 0 0 0 0 0 0 0 0 0 0 0 0 0 0 0 0 0 0 0 0 0 0 0]
[1890671451307473204450167306550924049320623689045931066782169364691837595933933433993165114990652453193298894065529169630962003954409455004528884240377459357633037303099170209374827229719571074827893805046337175826506993250351859919363920028834455603825814 0 0 0 0 0 0 0 0 0 0 0 0 0 0 0 0 0 0 0 0 0 0 0 0 0 0 0 1 0 0 0 0 0 0 0 0 0 0 0 0 0 0 0 0 0 0 0 0 0 0 0 0 0 0 0 0 0 0 0 0 0 0 0 0 0 0 0 0 0 0 0 0 0 0 0 0 0 0 0 0 0 0 0 0]
[1159963870951733929296913428846565875515405737616664526038721844152814438984792784952296954781525521821815038384335141671471474263849374856171109874467630793300657389374234626925471224462247365408089938715933042211339509980773016562464078217587284837073229 0 0 0 0 0 0 0 0 0 0 0 0 0 0 0 0 0 0 0 0 0 0 0 0 0 0 0 0 1 0 0 0 0 0 0 0 0 0 0 0 0 0 0 0 0 0 0 0 0 0 0 0 0 0 0 0 0 0 0 0 0 0 0 0 0 0 0 0 0 0 0 0 0 0 0 0 0 0 0 0 0 0 0 0]
[4087772680961325187965766232086095532543336271978531765119569219787909715888468595652774080902765394432394630462216720364957161968736856678632565415013202576101731936023716880742615274342533274026837401973255965365639248152885603235939595248450456200191306 0 0 0 0 0 0 0 0 0 0 0 0 0 0 0 0 0 0 0 0 0 0 0 0 0 0 0 0 0 1 0 0 0 0 0 0 0 0 0 0 0 0 0 0 0 0 0 0 0 0 0 0 0 0 0 0 0 0 0 0 0 0 0 0 0 0 0 0 0 0 0 0 0 0 0 0 0 0 0 0 0 0 0 0]
[2336489533319818255110833475920895131998048230900785581918503612840594060684313004839389870322597797765909660593011668411880950518620658490556240469365480300647700871855570247444976170502670897943625384231892306758304594840279645718971828603780444642601586 0 0 0 0 0 0 0 0 0 0 0 0 0 0 0 0 0 0 0 0 0 0 0 0 0 0 0 0 0 0 1 0 0 0 0 0 0 0 0 0 0 0 0 0 0 0 0 0 0 0 0 0 0 0 0 0 0 0 0 0 0 0 0 0 0 0 0 0 0 0 0 0 0 0 0 0 0 0 0 0 0 0 0 0]
[4558315808748446598301532129520684273146997741996652983871905928899441498000757866437748611960964526020858449594926886779352549236309049157399552033687559718947795591854755236505535784845701449965379568410963664001664221428547633715213378095587577854920223 0 0 0 0 0 0 0 0 0 0 0 0 0 0 0 0 0 0 0 0 0 0 0 0 0 0 0 0 0 0 0 1 0 0 0 0 0 0 0 0 0 0 0 0 0 0 0 0 0 0 0 0 0 0 0 0 0 0 0 0 0 0 0 0 0 0 0 0 0 0 0 0 0 0 0 0 0 0 0 0 0 0 0 0]
[251914898035534422639255235022916102140417170984380869224678262383789476483410995594524290785269827779801643912557675784083202347164103853477099794615585619966598582865621140029244956536711150100061539828306123436212891355256362045683832436405618057082372 0 0 0 0 0 0 0 0 0 0 0 0 0 0 0 0 0 0 0 0 0 0 0 0 0 0 0 0 0 0 0 0 1 0 0 0 0 0 0 0 0 0 0 0 0 0 0 0 0 0 0 0 0 0 0 0 0 0 0 0 0 0 0 0 0 0 0 0 0 0 0 0 0 0 0 0 0 0 0 0 0 0 0 0]
[1357148697207402985639776502489119911160282066261964972779041571414128672561456604879658027190677573853915461010089865098663320158002279329405030005676485920862079803859390318564981193442412582350518598824534068456512227153073721787992123889854761323688819 0 0 0 0 0 0 0 0 0 0 0 0 0 0 0 0 0 0 0 0 0 0 0 0 0 0 0 0 0 0 0 0 0 1 0 0 0 0 0 0 0 0 0 0 0 0 0 0 0 0 0 0 0 0 0 0 0 0 0 0 0 0 0 0 0 0 0 0 0 0 0 0 0 0 0 0 0 0 0 0 0 0 0 0]
[2460238498641647935435007735877911813064979115075076800666813589291468510735827970694218684153256781479266326629733534043319419900239076777167609001072481283283502242480698095823769915044979024105307772626707248983586805318149485421539693870799788164027203 0 0 0 0 0 0 0 0 0 0 0 0 0 0 0 0 0 0 0 0 0 0 0 0 0 0 0 0 0 0 0 0 0 0 1 0 0 0 0 0 0 0 0 0 0 0 0 0 0 0 0 0 0 0 0 0 0 0 0 0 0 0 0 0 0 0 0 0 0 0 0 0 0 0 0 0 0 0 0 0 0 0 0 0]
[1518634204681059763454331729025397581652756963964703448788691337833770269798849658412610333366294693604386058129199702772844335178232056462781433461283958670946341621718529214711917109729349449764647168089684188640049722784322654726059028151825448163591260 0 0 0 0 0 0 0 0 0 0 0 0 0 0 0 0 0 0 0 0 0 0 0 0 0 0 0 0 0 0 0 0 0 0 0 1 0 0 0 0 0 0 0 0 0 0 0 0 0 0 0 0 0 0 0 0 0 0 0 0 0 0 0 0 0 0 0 0 0 0 0 0 0 0 0 0 0 0 0 0 0 0 0 0]
[2127757018404997804133630111907356473287117767868696203810022250857099382239596749794018037058165148221862373587639056346611659554417076711512621787028011647838003211031506538464201946022728952240873303153447120970947641325362840623522690756254237940266411 0 0 0 0 0 0 0 0 0 0 0 0 0 0 0 0 0 0 0 0 0 0 0 0 0 0 0 0 0 0 0 0 0 0 0 0 1 0 0 0 0 0 0 0 0 0 0 0 0 0 0 0 0 0 0 0 0 0 0 0 0 0 0 0 0 0 0 0 0 0 0 0 0 0 0 0 0 0 0 0 0 0 0 0]
[1698836380095103780831760942873710563830521924661688132702714746691529358971063642611885963674808822227355634614549688001915875686227244022610434008503105965215133400188947035027212589132037578858018101097711933083386844887705981703995535033835514078357162 0 0 0 0 0 0 0 0 0 0 0 0 0 0 0 0 0 0 0 0 0 0 0 0 0 0 0 0 0 0 0 0 0 0 0 0 0 1 0 0 0 0 0 0 0 0 0 0 0 0 0 0 0 0 0 0 0 0 0 0 0 0 0 0 0 0 0 0 0 0 0 0 0 0 0 0 0 0 0 0 0 0 0 0]
[3456234137452341710683919346228256994714853382900700854030815171584456737847979062601089753250557916078332563504463910077314403762278463809331094881854754286938814886299997386309706123683379639070461315273725778904349300668896146731190991722477271388477114 0 0 0 0 0 0 0 0 0 0 0 0 0 0 0 0 0 0 0 0 0 0 0 0 0 0 0 0 0 0 0 0 0 0 0 0 0 0 1 0 0 0 0 0 0 0 0 0 0 0 0 0 0 0 0 0 0 0 0 0 0 0 0 0 0 0 0 0 0 0 0 0 0 0 0 0 0 0 0 0 0 0 0 0]
[1892295431443316437887169428424505692612393792940230510638851017371514076625656422045659437708666422673325235595987901511658048910833320426087112065881755275397606550454483556168565316259759564913156585154824498102044382036617745577752563952722342041582076 0 0 0 0 0 0 0 0 0 0 0 0 0 0 0 0 0 0 0 0 0 0 0 0 0 0 0 0 0 0 0 0 0 0 0 0 0 0 0 1 0 0 0 0 0 0 0 0 0 0 0 0 0 0 0 0 0 0 0 0 0 0 0 0 0 0 0 0 0 0 0 0 0 0 0 0 0 0 0 0 0 0 0 0]
[413179513303231448222479950994989195813301999508329728532341846212275439313199435374287162315443878748352917920343691214126095631252525618898994043135244373316518967694586281214126789057745223991270631572139387884341196479516607569237102366230730902259698 0 0 0 0 0 0 0 0 0 0 0 0 0 0 0 0 0 0 0 0 0 0 0 0 0 0 0 0 0 0 0 0 0 0 0 0 0 0 0 0 1 0 0 0 0 0 0 0 0 0 0 0 0 0 0 0 0 0 0 0 0 0 0 0 0 0 0 0 0 0 0 0 0 0 0 0 0 0 0 0 0 0 0 0]
[1089770479748110030480058588683423311566531927221868899222712611680075369193772970311694597998337750951634037626914617023262728054642354844850296623297290017347118789629565458729856483479975368374473606279419530691540377691469025174236874501948190210294069 0 0 0 0 0 0 0 0 0 0 0 0 0 0 0 0 0 0 0 0 0 0 0 0 0 0 0 0 0 0 0 0 0 0 0 0 0 0 0 0 0 1 0 0 0 0 0 0 0 0 0 0 0 0 0 0 0 0 0 0 0 0 0 0 0 0 0 0 0 0 0 0 0 0 0 0 0 0 0 0 0 0 0 0]
[1410985652627108223607396423387146446117314364106600888398641613895031452415311268685626887888020030995870375589475183492923464670788773574484791517174937814979309858180817882435960900932877780781133034790210075590004947267439508612557556751946899762701652 0 0 0 0 0 0 0 0 0 0 0 0 0 0 0 0 0 0 0 0 0 0 0 0 0 0 0 0 0 0 0 0 0 0 0 0 0 0 0 0 0 0 1 0 0 0 0 0 0 0 0 0 0 0 0 0 0 0 0 0 0 0 0 0 0 0 0 0 0 0 0 0 0 0 0 0 0 0 0 0 0 0 0 0]
[1185742256689918442823679669613579536892830279354959004367853000528866041331899341896620476270918166109858318657491036631717299003473725800895066274467873640130876060740098693307873825168314523676479018924098897522197268280196756918822267463821059356079760 0 0 0 0 0 0 0 0 0 0 0 0 0 0 0 0 0 0 0 0 0 0 0 0 0 0 0 0 0 0 0 0 0 0 0 0 0 0 0 0 0 0 0 1 0 0 0 0 0 0 0 0 0 0 0 0 0 0 0 0 0 0 0 0 0 0 0 0 0 0 0 0 0 0 0 0 0 0 0 0 0 0 0 0]
[690613969995147540773790272179927681999516926974536708208688803511420535725916172647130292633597037669548382935240433930869134927553084267684216287350436665959180252396338895165062384882180142014669679764370608736851863400414187026007014746554918519651239 0 0 0 0 0 0 0 0 0 0 0 0 0 0 0 0 0 0 0 0 0 0 0 0 0 0 0 0 0 0 0 0 0 0 0 0 0 0 0 0 0 0 0 0 1 0 0 0 0 0 0 0 0 0 0 0 0 0 0 0 0 0 0 0 0 0 0 0 0 0 0 0 0 0 0 0 0 0 0 0 0 0 0 0]
[4566541476042756394937132083596714461530146715044460813060197628483416857495180696010217606652765773908286567563180652814446623466314027619606933216679112619830947218556263015484208317289129151741678187628262317124002082023874318872358182995455878080802164 0 0 0 0 0 0 0 0 0 0 0 0 0 0 0 0 0 0 0 0 0 0 0 0 0 0 0 0 0 0 0 0 0 0 0 0 0 0 0 0 0 0 0 0 0 1 0 0 0 0 0 0 0 0 0 0 0 0 0 0 0 0 0 0 0 0 0 0 0 0 0 0 0 0 0 0 0 0 0 0 0 0 0 0]
[734373728090293406896388992828116925693793474325093081105106852101487251146109053521443760707056556110148458472946504922055520442900359284304944472457379308303906377261039253725319641910353018724208361045016864277927723662928498828456811300480218258036986 0 0 0 0 0 0 0 0 0 0 0 0 0 0 0 0 0 0 0 0 0 0 0 0 0 0 0 0 0 0 0 0 0 0 0 0 0 0 0 0 0 0 0 0 0 0 1 0 0 0 0 0 0 0 0 0 0 0 0 0 0 0 0 0 0 0 0 0 0 0 0 0 0 0 0 0 0 0 0 0 0 0 0 0]
[2186060283569120570306902410722881366819953612928798263633475116129305155251868124984809651675478009314327698075565516918028126501923818199994829385712402603089280256898620125160068032318448249883995085904257253488738025134936939084725043524083251396308807 0 0 0 0 0 0 0 0 0 0 0 0 0 0 0 0 0 0 0 0 0 0 0 0 0 0 0 0 0 0 0 0 0 0 0 0 0 0 0 0 0 0 0 0 0 0 0 1 0 0 0 0 0 0 0 0 0 0 0 0 0 0 0 0 0 0 0 0 0 0 0 0 0 0 0 0 0 0 0 0 0 0 0 0]
[3729320707939810310547778492618304180004322522000543428231701638241809974492629808264087482311044962578467356098034396598788641474756150451813284434249714635244955606607189360470125392551598949404555069877634268106722380586989699117043490564052615078850273 0 0 0 0 0 0 0 0 0 0 0 0 0 0 0 0 0 0 0 0 0 0 0 0 0 0 0 0 0 0 0 0 0 0 0 0 0 0 0 0 0 0 0 0 0 0 0 0 1 0 0 0 0 0 0 0 0 0 0 0 0 0 0 0 0 0 0 0 0 0 0 0 0 0 0 0 0 0 0 0 0 0 0 0]
[3893540295992191184297890003657420501660198319176282740272160058452854867658885081563111542960913504448576746465704614476101261649109721619988049231043920666730926198760056899472287177935924766036774519041262219440589112097360020375749305090627798018763073 0 0 0 0 0 0 0 0 0 0 0 0 0 0 0 0 0 0 0 0 0 0 0 0 0 0 0 0 0 0 0 0 0 0 0 0 0 0 0 0 0 0 0 0 0 0 0 0 0 1 0 0 0 0 0 0 0 0 0 0 0 0 0 0 0 0 0 0 0 0 0 0 0 0 0 0 0 0 0 0 0 0 0 0]
[2767428820044374015602147722526785726907242463481748443323125962995518615241938825671596034991245414004487321541012844677318076047982762514364751595775581632170524672537861927421299833817854894334363309178470946843431289415458198857896808381322180142998877 0 0 0 0 0 0 0 0 0 0 0 0 0 0 0 0 0 0 0 0 0 0 0 0 0 0 0 0 0 0 0 0 0 0 0 0 0 0 0 0 0 0 0 0 0 0 0 0 0 0 1 0 0 0 0 0 0 0 0 0 0 0 0 0 0 0 0 0 0 0 0 0 0 0 0 0 0 0 0 0 0 0 0 0]
[3743012170639543182141122931143272805799641667341839302811739492618676969590034550675437316762058996296949476566629146471147964998642656052907145589334600704662783606223708005700250933455575151533141263595497273735632408449527373060460296822927947628272005 0 0 0 0 0 0 0 0 0 0 0 0 0 0 0 0 0 0 0 0 0 0 0 0 0 0 0 0 0 0 0 0 0 0 0 0 0 0 0 0 0 0 0 0 0 0 0 0 0 0 0 1 0 0 0 0 0 0 0 0 0 0 0 0 0 0 0 0 0 0 0 0 0 0 0 0 0 0 0 0 0 0 0 0]
[4218225755064577819318654374833284544096795267841458253699414750624488157787267279465861404527617277937774515154273176415279136527906406553150470540655537654377555591358279268513352855133819544058745131615338708105892855619872781827191050957147987590218869 0 0 0 0 0 0 0 0 0 0 0 0 0 0 0 0 0 0 0 0 0 0 0 0 0 0 0 0 0 0 0 0 0 0 0 0 0 0 0 0 0 0 0 0 0 0 0 0 0 0 0 0 1 0 0 0 0 0 0 0 0 0 0 0 0 0 0 0 0 0 0 0 0 0 0 0 0 0 0 0 0 0 0 0]
[3842779697435775014585360854504587065159015620264635353131410097208939819573828654692239853036411690609523347540469338846998262396751590499711950547560972385223824769854749365863941282661495574753367779775757811956487504870465634250643860326031733824259222 0 0 0 0 0 0 0 0 0 0 0 0 0 0 0 0 0 0 0 0 0 0 0 0 0 0 0 0 0 0 0 0 0 0 0 0 0 0 0 0 0 0 0 0 0 0 0 0 0 0 0 0 0 1 0 0 0 0 0 0 0 0 0 0 0 0 0 0 0 0 0 0 0 0 0 0 0 0 0 0 0 0 0 0]
[3169412499359059606663347083293345574634720584385948150212425226331027484391075926504672626412733378961657237672466723351744560164322274212677363329719569229681940930896576748555113027210165603551676249147655832317397702109715029649300305730933163871978326 0 0 0 0 0 0 0 0 0 0 0 0 0 0 0 0 0 0 0 0 0 0 0 0 0 0 0 0 0 0 0 0 0 0 0 0 0 0 0 0 0 0 0 0 0 0 0 0 0 0 0 0 0 0 1 0 0 0 0 0 0 0 0 0 0 0 0 0 0 0 0 0 0 0 0 0 0 0 0 0 0 0 0 0]
[100894122143785815051950043460541031709242316969838668833052581492922440165777573747373575729707954157037710917517062578449952917546196128089555634663356137719595076140975194703912927344224065652379955646742538697000904948133268633386596901633091900242753 0 0 0 0 0 0 0 0 0 0 0 0 0 0 0 0 0 0 0 0 0 0 0 0 0 0 0 0 0 0 0 0 0 0 0 0 0 0 0 0 0 0 0 0 0 0 0 0 0 0 0 0 0 0 0 1 0 0 0 0 0 0 0 0 0 0 0 0 0 0 0 0 0 0 0 0 0 0 0 0 0 0 0 0]
[2872299984247482898240681008679423866324670561368997526367235550500681635094882336454345861681984209901936008651215090527273639064496610001960570877910965181786964979064446217093133327543960622027439980900107471198700862633765515663074920961833513303792179 0 0 0 0 0 0 0 0 0 0 0 0 0 0 0 0 0 0 0 0 0 0 0 0 0 0 0 0 0 0 0 0 0 0 0 0 0 0 0 0 0 0 0 0 0 0 0 0 0 0 0 0 0 0 0 0 1 0 0 0 0 0 0 0 0 0 0 0 0 0 0 0 0 0 0 0 0 0 0 0 0 0 0 0]
[2780305763796274971811410106365884848340636235973383819350462271362050862667288392648540789972830356001045022873963936565639570710524259319949154638849576359332395169816626767093248248633244280970045273074138762021721582631307508214041502027001756709453543 0 0 0 0 0 0 0 0 0 0 0 0 0 0 0 0 0 0 0 0 0 0 0 0 0 0 0 0 0 0 0 0 0 0 0 0 0 0 0 0 0 0 0 0 0 0 0 0 0 0 0 0 0 0 0 0 0 1 0 0 0 0 0 0 0 0 0 0 0 0 0 0 0 0 0 0 0 0 0 0 0 0 0 0]
[1940647410979482568993620312066787405155067634063738174135080137303776778294123422268630131515873093199006474855219423805888881047332563384672355384228482253622485118540481158076935730499722718479160714931573446299897975386375411922230414713780714612888819 0 0 0 0 0 0 0 0 0 0 0 0 0 0 0 0 0 0 0 0 0 0 0 0 0 0 0 0 0 0 0 0 0 0 0 0 0 0 0 0 0 0 0 0 0 0 0 0 0 0 0 0 0 0 0 0 0 0 1 0 0 0 0 0 0 0 0 0 0 0 0 0 0 0 0 0 0 0 0 0 0 0 0 0]
[3010073098599082688704712426013630394352633586293813514947812306231507636051236835269744183016583494690142380706557763331494271654925303857436051053903566507977037689542429646670776579081529296028921338728520915911004554251820445263123581964424526473932714 0 0 0 0 0 0 0 0 0 0 0 0 0 0 0 0 0 0 0 0 0 0 0 0 0 0 0 0 0 0 0 0 0 0 0 0 0 0 0 0 0 0 0 0 0 0 0 0 0 0 0 0 0 0 0 0 0 0 0 1 0 0 0 0 0 0 0 0 0 0 0 0 0 0 0 0 0 0 0 0 0 0 0 0]
[85924370104576429820659385713024951200283400056915510634515700584010523541633526877717877032894383793913312037088987000736558705695992772064012113165443845889671046006749334443481363082385579083606609994093840961932641958518744707906617631479395905072406 0 0 0 0 0 0 0 0 0 0 0 0 0 0 0 0 0 0 0 0 0 0 0 0 0 0 0 0 0 0 0 0 0 0 0 0 0 0 0 0 0 0 0 0 0 0 0 0 0 0 0 0 0 0 0 0 0 0 0 0 1 0 0 0 0 0 0 0 0 0 0 0 0 0 0 0 0 0 0 0 0 0 0 0]
[1816770014908679652696958622332606115191508486108182509701032012352803636504240962333798994089619145656758574071437848233905442955652279876977358818765025172260398404354908906583506618543205412110755558737716525676705134912223668182817749737239666194231841 0 0 0 0 0 0 0 0 0 0 0 0 0 0 0 0 0 0 0 0 0 0 0 0 0 0 0 0 0 0 0 0 0 0 0 0 0 0 0 0 0 0 0 0 0 0 0 0 0 0 0 0 0 0 0 0 0 0 0 0 0 1 0 0 0 0 0 0 0 0 0 0 0 0 0 0 0 0 0 0 0 0 0 0]
[3926408837227728635046547394700542538561731661114173986452557565621832216410950342459110325769152976871656293760113112779067853859615835875115149278560030691567286785504746865086926170115235962080240917636403360682025403107872099267494225954940424837352668 0 0 0 0 0 0 0 0 0 0 0 0 0 0 0 0 0 0 0 0 0 0 0 0 0 0 0 0 0 0 0 0 0 0 0 0 0 0 0 0 0 0 0 0 0 0 0 0 0 0 0 0 0 0 0 0 0 0 0 0 0 0 1 0 0 0 0 0 0 0 0 0 0 0 0 0 0 0 0 0 0 0 0 0]
[2847011672483666992104004501587660971020585090515938673664706703802257784730542019822429281290609777855965196723268936205749343385141934737948919435295748492467730748970367116598467157246198656189356300938041482847815625325962680351697394454453947653361926 0 0 0 0 0 0 0 0 0 0 0 0 0 0 0 0 0 0 0 0 0 0 0 0 0 0 0 0 0 0 0 0 0 0 0 0 0 0 0 0 0 0 0 0 0 0 0 0 0 0 0 0 0 0 0 0 0 0 0 0 0 0 0 1 0 0 0 0 0 0 0 0 0 0 0 0 0 0 0 0 0 0 0 0]
[3886563587240648306580499538217837535140496666146725589352022974617214591103297475688470586580976322831286733043466514061947168509922992868349714528879241258138195514877125505326641437699082584713114446494837016005156855190464725764347794982823872439362181 0 0 0 0 0 0 0 0 0 0 0 0 0 0 0 0 0 0 0 0 0 0 0 0 0 0 0 0 0 0 0 0 0 0 0 0 0 0 0 0 0 0 0 0 0 0 0 0 0 0 0 0 0 0 0 0 0 0 0 0 0 0 0 0 1 0 0 0 0 0 0 0 0 0 0 0 0 0 0 0 0 0 0 0]
[2401115359993211455590232762728284424652414445807433886950405311600798060872918176860575167402086768517423109130176763390969726635767821357082101828755282046572721558184892572213979187749483258788019195436396839530397756736139809343065115801165414904609813 0 0 0 0 0 0 0 0 0 0 0 0 0 0 0 0 0 0 0 0 0 0 0 0 0 0 0 0 0 0 0 0 0 0 0 0 0 0 0 0 0 0 0 0 0 0 0 0 0 0 0 0 0 0 0 0 0 0 0 0 0 0 0 0 0 1 0 0 0 0 0 0 0 0 0 0 0 0 0 0 0 0 0 0]
[3472201834022330304758785500101782238240028517403723418727579841129125848244459069249672445424170817791877274402651194643527817115191924978966108687170064443647897493434824955016861811746499354929588057506442865342313163093359502296884026926703100154316745 0 0 0 0 0 0 0 0 0 0 0 0 0 0 0 0 0 0 0 0 0 0 0 0 0 0 0 0 0 0 0 0 0 0 0 0 0 0 0 0 0 0 0 0 0 0 0 0 0 0 0 0 0 0 0 0 0 0 0 0 0 0 0 0 0 0 1 0 0 0 0 0 0 0 0 0 0 0 0 0 0 0 0 0]
[3495292843374231970502246455698309008380264385431708873721171613942614809544992061437225173839515617744642898655165739509502202729533971382471032163172876164430352569235217713588527388754524163394565076552595305905492175999953989154125289196201019771755270 0 0 0 0 0 0 0 0 0 0 0 0 0 0 0 0 0 0 0 0 0 0 0 0 0 0 0 0 0 0 0 0 0 0 0 0 0 0 0 0 0 0 0 0 0 0 0 0 0 0 0 0 0 0 0 0 0 0 0 0 0 0 0 0 0 0 0 1 0 0 0 0 0 0 0 0 0 0 0 0 0 0 0 0]
[533900729844651631452046591423379014441948770307194881979082298677663808836099576090270254636272568621165649250331496541659965676874275961480078817644153465201433409416126514323222395282836913658558448753186137139720169943743750722537652957760774366952014 0 0 0 0 0 0 0 0 0 0 0 0 0 0 0 0 0 0 0 0 0 0 0 0 0 0 0 0 0 0 0 0 0 0 0 0 0 0 0 0 0 0 0 0 0 0 0 0 0 0 0 0 0 0 0 0 0 0 0 0 0 0 0 0 0 0 0 0 1 0 0 0 0 0 0 0 0 0 0 0 0 0 0 0]
[1413794613006231868563641633183425577166058612929512554501736971201263108312262651528833443853513335659810170158758979550181425036504957336194108610597228343466936441357381856143262393543697849729303426944700209902145895218309639682182361530122147497007385 0 0 0 0 0 0 0 0 0 0 0 0 0 0 0 0 0 0 0 0 0 0 0 0 0 0 0 0 0 0 0 0 0 0 0 0 0 0 0 0 0 0 0 0 0 0 0 0 0 0 0 0 0 0 0 0 0 0 0 0 0 0 0 0 0 0 0 0 0 1 0 0 0 0 0 0 0 0 0 0 0 0 0 0]
[3545229389976285934823008797879015697505945229190425794544617229765075101347420051039375826996665931795999943852986142960758713832791180857826569634830813249279223971349785005318288613086657709457134756052097807891519978949969580078554504228847395896466170 0 0 0 0 0 0 0 0 0 0 0 0 0 0 0 0 0 0 0 0 0 0 0 0 0 0 0 0 0 0 0 0 0 0 0 0 0 0 0 0 0 0 0 0 0 0 0 0 0 0 0 0 0 0 0 0 0 0 0 0 0 0 0 0 0 0 0 0 0 0 1 0 0 0 0 0 0 0 0 0 0 0 0 0]
[4627252717485805237036330696778457206617162760460022178484248219643965575873083118217557118222599302480464310200437076486510708387268423396559968174220553438819623870309211978040801117942008922185530411880389313873179436798996466369788829140662991941468549 0 0 0 0 0 0 0 0 0 0 0 0 0 0 0 0 0 0 0 0 0 0 0 0 0 0 0 0 0 0 0 0 0 0 0 0 0 0 0 0 0 0 0 0 0 0 0 0 0 0 0 0 0 0 0 0 0 0 0 0 0 0 0 0 0 0 0 0 0 0 0 1 0 0 0 0 0 0 0 0 0 0 0 0]
[2078692325489438305806942134919306845638505871225373568189297271501318925201914627230593750958110415378889648844084582186396088942461769163238085009255138301650898271333304900683650618875250545686760357787148536093628830449513841958714746826650765409755254 0 0 0 0 0 0 0 0 0 0 0 0 0 0 0 0 0 0 0 0 0 0 0 0 0 0 0 0 0 0 0 0 0 0 0 0 0 0 0 0 0 0 0 0 0 0 0 0 0 0 0 0 0 0 0 0 0 0 0 0 0 0 0 0 0 0 0 0 0 0 0 0 1 0 0 0 0 0 0 0 0 0 0 0]
[1526774403243509407216667547707986231190502904587849548395455357455875284325510093277143398951339526238547532545235956049136386486833032549026713858598277260186735357458267971439706346757441642402610106801450922608150000138612117271269731579938902454697630 0 0 0 0 0 0 0 0 0 0 0 0 0 0 0 0 0 0 0 0 0 0 0 0 0 0 0 0 0 0 0 0 0 0 0 0 0 0 0 0 0 0 0 0 0 0 0 0 0 0 0 0 0 0 0 0 0 0 0 0 0 0 0 0 0 0 0 0 0 0 0 0 0 1 0 0 0 0 0 0 0 0 0 0]
[2693979776227042759341055621875831772728271367521223522677051115560603101858829828884709727393018590699443632995350178802131686716865261791228053767142297836734638281020919360151757242505963553624794487666278059582768506747785537448038788828182776347683244 0 0 0 0 0 0 0 0 0 0 0 0 0 0 0 0 0 0 0 0 0 0 0 0 0 0 0 0 0 0 0 0 0 0 0 0 0 0 0 0 0 0 0 0 0 0 0 0 0 0 0 0 0 0 0 0 0 0 0 0 0 0 0 0 0 0 0 0 0 0 0 0 0 0 1 0 0 0 0 0 0 0 0 0]
[3590466075981449589717014900722174131520412375127281308563790129336518061550958708367571964974098450044566343542431412978069179756830941991891139815252419487090515910914953922960495664489258353417575833956284786372911815961767743424972394156904789623536170 0 0 0 0 0 0 0 0 0 0 0 0 0 0 0 0 0 0 0 0 0 0 0 0 0 0 0 0 0 0 0 0 0 0 0 0 0 0 0 0 0 0 0 0 0 0 0 0 0 0 0 0 0 0 0 0 0 0 0 0 0 0 0 0 0 0 0 0 0 0 0 0 0 0 0 1 0 0 0 0 0 0 0 0]
[3226651697991028042868082439449710059950211478665883768222828134720617562955557672306826447196368215990346730782550889419549120044134403008856793323022311778568222356236644681724790405390102007262898646376068622399451927742154703965117053920281365994148047 0 0 0 0 0 0 0 0 0 0 0 0 0 0 0 0 0 0 0 0 0 0 0 0 0 0 0 0 0 0 0 0 0 0 0 0 0 0 0 0 0 0 0 0 0 0 0 0 0 0 0 0 0 0 0 0 0 0 0 0 0 0 0 0 0 0 0 0 0 0 0 0 0 0 0 0 1 0 0 0 0 0 0 0]
[4200520543196384242793409738942425440154316342694249809898194691997555644764393186557980510723712347054537512534765297973351830983335518038663743971113861242439491475802754210832924954549083576141757067804239358781002904592530545007625556307479060819184434 0 0 0 0 0 0 0 0 0 0 0 0 0 0 0 0 0 0 0 0 0 0 0 0 0 0 0 0 0 0 0 0 0 0 0 0 0 0 0 0 0 0 0 0 0 0 0 0 0 0 0 0 0 0 0 0 0 0 0 0 0 0 0 0 0 0 0 0 0 0 0 0 0 0 0 0 0 1 0 0 0 0 0 0]
[3866334143594550064925067317537476576622015213367120235615544007538397564973087584616625238573545153939790766563367345895095442380476708569592230526282965155327695856197768244872639711616389789289586729720431623056846235613683101244177699196195746910610304 0 0 0 0 0 0 0 0 0 0 0 0 0 0 0 0 0 0 0 0 0 0 0 0 0 0 0 0 0 0 0 0 0 0 0 0 0 0 0 0 0 0 0 0 0 0 0 0 0 0 0 0 0 0 0 0 0 0 0 0 0 0 0 0 0 0 0 0 0 0 0 0 0 0 0 0 0 0 1 0 0 0 0 0]
[859768976670466833618503726316393242378364207157617517915016436607870419830469694455651961858387290045007831823658548770679921547578440039054030246715447723916211747989518234126055561668172609221524820288295523635498672380919831462348048145399549836025872 0 0 0 0 0 0 0 0 0 0 0 0 0 0 0 0 0 0 0 0 0 0 0 0 0 0 0 0 0 0 0 0 0 0 0 0 0 0 0 0 0 0 0 0 0 0 0 0 0 0 0 0 0 0 0 0 0 0 0 0 0 0 0 0 0 0 0 0 0 0 0 0 0 0 0 0 0 0 0 1 0 0 0 0]
[3336490040138114507841791377913339547141293145665858541955989977160253893602166381269369481110027735409883884513659904470990239291814178163140058729358155391144007034889669278257236553293337331961175244198551814928375889439856798844657982344815992210195216 0 0 0 0 0 0 0 0 0 0 0 0 0 0 0 0 0 0 0 0 0 0 0 0 0 0 0 0 0 0 0 0 0 0 0 0 0 0 0 0 0 0 0 0 0 0 0 0 0 0 0 0 0 0 0 0 0 0 0 0 0 0 0 0 0 0 0 0 0 0 0 0 0 0 0 0 0 0 0 0 1 0 0 0]
[556496306014890843873364286817116811163789006684165979913834614325450150566140463931970178895866694318722726443418853293938212944396676134409557500095453336367290965108819865701615018103645512539404350762745555966286642705755212990346942086960295973079628 0 0 0 0 0 0 0 0 0 0 0 0 0 0 0 0 0 0 0 0 0 0 0 0 0 0 0 0 0 0 0 0 0 0 0 0 0 0 0 0 0 0 0 0 0 0 0 0 0 0 0 0 0 0 0 0 0 0 0 0 0 0 0 0 0 0 0 0 0 0 0 0 0 0 0 0 0 0 0 0 0 1 0 0]
[3982230069920534247203217072775705835349614251103665521342240390436785612335825655327380175395928539223608968962880099705315907551656249751890907269834598329885067110850467735240616304798199660135597192889696438933128106750422222137210258143782707349609636 0 0 0 0 0 0 0 0 0 0 0 0 0 0 0 0 0 0 0 0 0 0 0 0 0 0 0 0 0 0 0 0 0 0 0 0 0 0 0 0 0 0 0 0 0 0 0 0 0 0 0 0 0 0 0 0 0 0 0 0 0 0 0 0 0 0 0 0 0 0 0 0 0 0 0 0 0 0 0 0 0 0 1 0]
[1046061274069687557009312342515119339458641311822176978657176635182095312344711225756014479960564130259583680061771656413841338608923858956599164260507675353754296999505845454771473327254315154170047235398253493989904980403365133776941983182861480499119870 0 0 0 0 0 0 0 0 0 0 0 0 0 0 0 0 0 0 0 0 0 0 0 0 0 0 0 0 0 0 0 0 0 0 0 0 0 0 0 0 0 0 0 0 0 0 0 0 0 0 0 0 0 0 0 0 0 0 0 0 0 0 0 0 0 0 0 0 0 0 0 0 0 0 0 0 0 0 0 0 0 0 0 1]
]
