[[6267602192559278050657783472211116813401702944084741831068489392652570596430417576711285524696821816013079417085555372116113417349570114236666897373191359459786327764402759900210881735814979749943373233911683509867476214354203376129616251366990818025083597612377490003282180405251 0 0 0 0 0 0 0 0 0 0 0 0 0 0 0 0 0 0 0 0 0 0 0 0 0 0 0 0 0 0 0 0 0 0 0 0 0 0 0 0 0 0 0 0 0 0 0 0 0 0 0 0 0 0 0 0 0 0 0 0 0 0 0 0 0 0 0 0 0 0 0 0 0 0 0 0 0 0 0 0 0 0 0 0 0 0 0 0 0 0 0 0]
[1184429089916153027434800350933058628466554671956285210240977645262632991257478188667860958922963986877894340967700381848562019458135826077946019831514534481151318050561982583207801346848245398836060785457211044125033498172659243149886048536934683429188916292705986087504238662387 1 0 0 0 0 0 0 0 0 0 0 0 0 0 0 0 0 0 0 0 0 0 0 0 0 0 0 0 0 0 0 0 0 0 0 0 0 0 0 0 0 0 0 0 0 0 0 0 0 0 0 0 0 0 0 0 0 0 0 0 0 0 0 0 0 0 0 0 0 0 0 0 0 0 0 0 0 0 0 0 0 0 0 0 0 0 0 0 0 0 0 0]
[1172022549810754771701517334325010648252266423202232141286420899061424761396615481497410636917164635102143116639881829305958053722649979806769648354118967264016736795242290391288975435204347881899646529507323626721406724156732123475394262264050817121640884044234512742649725772600 0 1 0 0 0 0 0 0 0 0 0 0 0 0 0 0 0 0 0 0 0 0 0 0 0 0 0 0 0 0 0 0 0 0 0 0 0 0 0 0 0 0 0 0 0 0 0 0 0 0 0 0 0 0 0 0 0 0 0 0 0 0 0 0 0 0 0 0 0 0 0 0 0 0 0 0 0 0 0 0 0 0 0 0 0 0 0 0 0 0 0 0]
[5301508399924084913091855059173893741756107834033166904963185260636654736757744867565284933736097601721422453987845242394098215544706360333006142783715911857167960097580356585184976682732094060657382748803405542853963970406391411521172530038343849213067353168589227197445299590081 0 0 1 0 0 0 0 0 0 0 0 0 0 0 0 0 0 0 0 0 0 0 0 0 0 0 0 0 0 0 0 0 0 0 0 0 0 0 0 0 0 0 0 0 0 0 0 0 0 0 0 0 0 0 0 0 0 0 0 0 0 0 0 0 0 0 0 0 0 0 0 0 0 0 0 0 0 0 0 0 0 0 0 0 0 0 0 0 0 0 0 0]
[2050475769450794870932772839404761108371562298461299167909840295534136774705757245458062620466249127191423387116775711685924965435504564856602496649955571529445788934993929885551722456693460898657336823440575235319778646558255038055072984295324574426554560680199246330635271781605 0 0 0 1 0 0 0 0 0 0 0 0 0 0 0 0 0 0 0 0 0 0 0 0 0 0 0 0 0 0 0 0 0 0 0 0 0 0 0 0 0 0 0 0 0 0 0 0 0 0 0 0 0 0 0 0 0 0 0 0 0 0 0 0 0 0 0 0 0 0 0 0 0 0 0 0 0 0 0 0 0 0 0 0 0 0 0 0 0 0 0 0]
[3936465290693489460016613842405885410024769798399506358099468727410784725607064405961995837554955570444528653692687538457563218942457228352632228468034688352508433084727692900548406254812859677098882472961434601259158463859035722338806007353397328662742269144058233196829616709213 0 0 0 0 1 0 0 0 0 0 0 0 0 0 0 0 0 0 0 0 0 0 0 0 0 0 0 0 0 0 0 0 0 0 0 0 0 0 0 0 0 0 0 0 0 0 0 0 0 0 0 0 0 0 0 0 0 0 0 0 0 0 0 0 0 0 0 0 0 0 0 0 0 0 0 0 0 0 0 0 0 0 0 0 0 0 0 0 0 0 0 0]
[2531952975054443188426245312337422470143525097629188702193362043385121738075634915493640444390495989435491172276241956633020143978396475717004977476886807467717292299786308742000824056092308376737231999459565617962910446596895269354829165507260628390016632061450306222655098546338 0 0 0 0 0 1 0 0 0 0 0 0 0 0 0 0 0 0 0 0 0 0 0 0 0 0 0 0 0 0 0 0 0 0 0 0 0 0 0 0 0 0 0 0 0 0 0 0 0 0 0 0 0 0 0 0 0 0 0 0 0 0 0 0 0 0 0 0 0 0 0 0 0 0 0 0 0 0 0 0 0 0 0 0 0 0 0 0 0 0 0 0]
[1116002024185626363577053432832858077209887036869317025708391462017434413122880456181363118173111093027197111292761207081269592553697787446446468676412324278643349130264949542200489510345981401883143784975347935023346067959399136703249226726817834745531648511309159335205579850170 0 0 0 0 0 0 1 0 0 0 0 0 0 0 0 0 0 0 0 0 0 0 0 0 0 0 0 0 0 0 0 0 0 0 0 0 0 0 0 0 0 0 0 0 0 0 0 0 0 0 0 0 0 0 0 0 0 0 0 0 0 0 0 0 0 0 0 0 0 0 0 0 0 0 0 0 0 0 0 0 0 0 0 0 0 0 0 0 0 0 0 0]
[3221755154828742004413557738534351883663761711725284972980087203910015850778171104804714754238924121809128578638677871696081767701907498838318049870508916258096146506772858996680303830992209785137613470110104736953764514319655019776698925461758175880413751888245191077147578190753 0 0 0 0 0 0 0 1 0 0 0 0 0 0 0 0 0 0 0 0 0 0 0 0 0 0 0 0 0 0 0 0 0 0 0 0 0 0 0 0 0 0 0 0 0 0 0 0 0 0 0 0 0 0 0 0 0 0 0 0 0 0 0 0 0 0 0 0 0 0 0 0 0 0 0 0 0 0 0 0 0 0 0 0 0 0 0 0 0 0 0 0]
[4825740889903827074977001090836451377804355224523744230516939099623279196335371259276239435192152925171727065158616770646146797322994084358617074856582572341511633656791956881579032660837988790639241192108202589073343223258271433925450447435000634223177256312144822389008878928829 0 0 0 0 0 0 0 0 1 0 0 0 0 0 0 0 0 0 0 0 0 0 0 0 0 0 0 0 0 0 0 0 0 0 0 0 0 0 0 0 0 0 0 0 0 0 0 0 0 0 0 0 0 0 0 0 0 0 0 0 0 0 0 0 0 0 0 0 0 0 0 0 0 0 0 0 0 0 0 0 0 0 0 0 0 0 0 0 0 0 0 0]
[339927922930587898454962569646209032147921325069650229858689296356233932956041579319319232567577621014386596856590320061266607769342663623987094424834680386297395926878594997990319395761582804855674500124186062330644752400042988476001957655281349782196720009499660940419736119756 0 0 0 0 0 0 0 0 0 1 0 0 0 0 0 0 0 0 0 0 0 0 0 0 0 0 0 0 0 0 0 0 0 0 0 0 0 0 0 0 0 0 0 0 0 0 0 0 0 0 0 0 0 0 0 0 0 0 0 0 0 0 0 0 0 0 0 0 0 0 0 0 0 0 0 0 0 0 0 0 0 0 0 0 0 0 0 0 0 0 0 0]
[5294418363947380935608519146114778349210857183682710307135499597906809927240676307734086529113665276169729981702628975151491149722153198350762707374588109666096935769485880141275717013006289101692656936830922894570013960250488839981643820323738402631325426571582656563768431751980 0 0 0 0 0 0 0 0 0 0 1 0 0 0 0 0 0 0 0 0 0 0 0 0 0 0 0 0 0 0 0 0 0 0 0 0 0 0 0 0 0 0 0 0 0 0 0 0 0 0 0 0 0 0 0 0 0 0 0 0 0 0 0 0 0 0 0 0 0 0 0 0 0 0 0 0 0 0 0 0 0 0 0 0 0 0 0 0 0 0 0 0]
[2076725074144172530453934338657985860121084913273696289355655513674578493889561593829484014420213338195855951878589788692276061305471733600473420742917371314324710382987274397203190828502739355221042113692308230861949802010704938127165893474477783529766216938347664148079724974201 0 0 0 0 0 0 0 0 0 0 0 1 0 0 0 0 0 0 0 0 0 0 0 0 0 0 0 0 0 0 0 0 0 0 0 0 0 0 0 0 0 0 0 0 0 0 0 0 0 0 0 0 0 0 0 0 0 0 0 0 0 0 0 0 0 0 0 0 0 0 0 0 0 0 0 0 0 0 0 0 0 0 0 0 0 0 0 0 0 0 0 0]
[5003425517402748075562495680184995392101653799131107342413638897937056145887226337313121665669086107193733973790789653701168314308949166007965139443503463811486436704425790014808233059400004642119193106614363084166214115401787748182392368113511207940432921323743935492880807195656 0 0 0 0 0 0 0 0 0 0 0 0 1 0 0 0 0 0 0 0 0 0 0 0 0 0 0 0 0 0 0 0 0 0 0 0 0 0 0 0 0 0 0 0 0 0 0 0 0 0 0 0 0 0 0 0 0 0 0 0 0 0 0 0 0 0 0 0 0 0 0 0 0 0 0 0 0 0 0 0 0 0 0 0 0 0 0 0 0 0 0 0]
[6138154740761141776128760185121659286929880992888862441589453834606332977800133567832686518207329199518998316811971692767736303834854596420911346959828661093250831097514451747372885184403499764981043887506672032733856058870847239521062205978098918326300564929223169243803516210533 0 0 0 0 0 0 0 0 0 0 0 0 0 1 0 0 0 0 0 0 0 0 0 0 0 0 0 0 0 0 0 0 0 0 0 0 0 0 0 0 0 0 0 0 0 0 0 0 0 0 0 0 0 0 0 0 0 0 0 0 0 0 0 0 0 0 0 0 0 0 0 0 0 0 0 0 0 0 0 0 0 0 0 0 0 0 0 0 0 0 0 0]
[4225540921687607628462267949796233317899098901344453809842461814510078926475426574507006814456151746731371674214496037480986736687315159887062419604133033972566639101605638581293270284880595762691034635611766984821557067851680071256249825898460304966814866369959452126821392745666 0 0 0 0 0 0 0 0 0 0 0 0 0 0 1 0 0 0 0 0 0 0 0 0 0 0 0 0 0 0 0 0 0 0 0 0 0 0 0 0 0 0 0 0 0 0 0 0 0 0 0 0 0 0 0 0 0 0 0 0 0 0 0 0 0 0 0 0 0 0 0 0 0 0 0 0 0 0 0 0 0 0 0 0 0 0 0 0 0 0 0 0]
[463297657730355171933325863280294933628597261934330262074616554013918705174446549424570476861797630578493427937204825596704805693593660033301583434065085158021835313975163241860224837828543883965627965195901316523676238546042631476467129893625607867085282907455747847072897194217 0 0 0 0 0 0 0 0 0 0 0 0 0 0 0 1 0 0 0 0 0 0 0 0 0 0 0 0 0 0 0 0 0 0 0 0 0 0 0 0 0 0 0 0 0 0 0 0 0 0 0 0 0 0 0 0 0 0 0 0 0 0 0 0 0 0 0 0 0 0 0 0 0 0 0 0 0 0 0 0 0 0 0 0 0 0 0 0 0 0 0 0]
[4379883864550475648526593360880856428375234758705087803061285546081401121459422318426232730956695410321493336234274491520328271037083672615162941121590119173499598931807674498361815075589257807601625018112465819204244297468963857653760026024785839595894027152035165655277716452764 0 0 0 0 0 0 0 0 0 0 0 0 0 0 0 0 1 0 0 0 0 0 0 0 0 0 0 0 0 0 0 0 0 0 0 0 0 0 0 0 0 0 0 0 0 0 0 0 0 0 0 0 0 0 0 0 0 0 0 0 0 0 0 0 0 0 0 0 0 0 0 0 0 0 0 0 0 0 0 0 0 0 0 0 0 0 0 0 0 0 0 0]
[4727990851213635314226458553918823540907357457461243948031983651154531288433445235613789852120601070542463386889354226248647438011662872713043428151701039179120301167892815940010847558038236441462534216893150080201343852461632371404895815814062180774726076199972143431768918577950 0 0 0 0 0 0 0 0 0 0 0 0 0 0 0 0 0 1 0 0 0 0 0 0 0 0 0 0 0 0 0 0 0 0 0 0 0 0 0 0 0 0 0 0 0 0 0 0 0 0 0 0 0 0 0 0 0 0 0 0 0 0 0 0 0 0 0 0 0 0 0 0 0 0 0 0 0 0 0 0 0 0 0 0 0 0 0 0 0 0 0 0]
[2615065608931193809275954702773680948281589766679617946343719687248111002341033678732974222526958651874070129444865010424459036587789545590145704157168207728094922476444698529557691043000194627043234040182301510091522705045919978077301259410031102952438299031034690273629642780232 0 0 0 0 0 0 0 0 0 0 0 0 0 0 0 0 0 0 1 0 0 0 0 0 0 0 0 0 0 0 0 0 0 0 0 0 0 0 0 0 0 0 0 0 0 0 0 0 0 0 0 0 0 0 0 0 0 0 0 0 0 0 0 0 0 0 0 0 0 0 0 0 0 0 0 0 0 0 0 0 0 0 0 0 0 0 0 0 0 0 0 0]
[2850634570843090767532030534168129971953744703585909094723795279697519584083628403431144319999521902019071518263886318537770203715939798276508107327708369795324935906924906498435857207237166753854151481094626142458407126902668716629759390862094777091687613923945092102931626037 0 0 0 0 0 0 0 0 0 0 0 0 0 0 0 0 0 0 0 1 0 0 0 0 0 0 0 0 0 0 0 0 0 0 0 0 0 0 0 0 0 0 0 0 0 0 0 0 0 0 0 0 0 0 0 0 0 0 0 0 0 0 0 0 0 0 0 0 0 0 0 0 0 0 0 0 0 0 0 0 0 0 0 0 0 0 0 0 0 0 0 0]
[2642660580199181207332984430805569840541788492266989432337834921887605003917361988025750524120925337849926571905961604612037956554919921192041980679254264279891224982950865537359684746493289064405360596388453034726990220224846325921425361057709731463048200990993631021200287951576 0 0 0 0 0 0 0 0 0 0 0 0 0 0 0 0 0 0 0 0 1 0 0 0 0 0 0 0 0 0 0 0 0 0 0 0 0 0 0 0 0 0 0 0 0 0 0 0 0 0 0 0 0 0 0 0 0 0 0 0 0 0 0 0 0 0 0 0 0 0 0 0 0 0 0 0 0 0 0 0 0 0 0 0 0 0 0 0 0 0 0 0]
[1385249048195149468090884016036800443731388101102565046752828250243095928323006871622180823370531635332535018214296944545869504424995913839682737060169800978488302040966302275412170206185832018066288480130263793077821603844901249018876847509673009048559377536670139494163158119708 0 0 0 0 0 0 0 0 0 0 0 0 0 0 0 0 0 0 0 0 0 1 0 0 0 0 0 0 0 0 0 0 0 0 0 0 0 0 0 0 0 0 0 0 0 0 0 0 0 0 0 0 0 0 0 0 0 0 0 0 0 0 0 0 0 0 0 0 0 0 0 0 0 0 0 0 0 0 0 0 0 0 0 0 0 0 0 0 0 0 0 0]
[3612966681587367577280957293015373397130940384013098621195075735518825060173540204943879145490744619531778709091626302503125979393539285318713062771224514152778123462314438767651792981693313765344813839691877666400848946149280613116539020405495044362058524882762411552784355643191 0 0 0 0 0 0 0 0 0 0 0 0 0 0 0 0 0 0 0 0 0 0 1 0 0 0 0 0 0 0 0 0 0 0 0 0 0 0 0 0 0 0 0 0 0 0 0 0 0 0 0 0 0 0 0 0 0 0 0 0 0 0 0 0 0 0 0 0 0 0 0 0 0 0 0 0 0 0 0 0 0 0 0 0 0 0 0 0 0 0 0 0]
[4831883080367414372912521052603607840071992333992768850286760027513385502176284574869018060291762762149983995890442418243852206342557672248231537913360862006860550695784317490516191846298444046760326024425377903025115045857636629213829175033617837629597038232090972873158415802540 0 0 0 0 0 0 0 0 0 0 0 0 0 0 0 0 0 0 0 0 0 0 0 1 0 0 0 0 0 0 0 0 0 0 0 0 0 0 0 0 0 0 0 0 0 0 0 0 0 0 0 0 0 0 0 0 0 0 0 0 0 0 0 0 0 0 0 0 0 0 0 0 0 0 0 0 0 0 0 0 0 0 0 0 0 0 0 0 0 0 0 0]
[2200381430639290266782531064260630427416899189406790626667780822717502848830362552432303606360369595790003339405396089814548123488123097008729161464917716927366297272582298583330223958869770957629709160758686217441555677347708221044824931943673300090526568422385910822011649267347 0 0 0 0 0 0 0 0 0 0 0 0 0 0 0 0 0 0 0 0 0 0 0 0 1 0 0 0 0 0 0 0 0 0 0 0 0 0 0 0 0 0 0 0 0 0 0 0 0 0 0 0 0 0 0 0 0 0 0 0 0 0 0 0 0 0 0 0 0 0 0 0 0 0 0 0 0 0 0 0 0 0 0 0 0 0 0 0 0 0 0 0]
[4896811367342315719760339100096960572748342841844235644194842417994801989780965826498949129277097841571389358096226302341518534027694647597164931123954657280203439294510459209082869562039961852316609622731467509933575511652066963612538743089945499491875521712231155657535045039524 0 0 0 0 0 0 0 0 0 0 0 0 0 0 0 0 0 0 0 0 0 0 0 0 0 1 0 0 0 0 0 0 0 0 0 0 0 0 0 0 0 0 0 0 0 0 0 0 0 0 0 0 0 0 0 0 0 0 0 0 0 0 0 0 0 0 0 0 0 0 0 0 0 0 0 0 0 0 0 0 0 0 0 0 0 0 0 0 0 0 0 0]
[2828041435396336670814265839408699584401382182801061883272132903809458005983906648513842932235619854751724791296378898360766266028529291798051403194079677426273175606105649690565940031354206516418956771721977191050356375035198711468945158055793988011007918499448131554350641137341 0 0 0 0 0 0 0 0 0 0 0 0 0 0 0 0 0 0 0 0 0 0 0 0 0 0 1 0 0 0 0 0 0 0 0 0 0 0 0 0 0 0 0 0 0 0 0 0 0 0 0 0 0 0 0 0 0 0 0 0 0 0 0 0 0 0 0 0 0 0 0 0 0 0 0 0 0 0 0 0 0 0 0 0 0 0 0 0 0 0 0 0]
[5553112770295308484067914821965389370657079879402730690825682768246189993325979274275370038602625128632467075482160257793612787014260913795909150668124525050059253266073554059687193612586513102822159087101136969681306699068950205954996157136060847547061339526430555114282413681238 0 0 0 0 0 0 0 0 0 0 0 0 0 0 0 0 0 0 0 0 0 0 0 0 0 0 0 1 0 0 0 0 0 0 0 0 0 0 0 0 0 0 0 0 0 0 0 0 0 0 0 0 0 0 0 0 0 0 0 0 0 0 0 0 0 0 0 0 0 0 0 0 0 0 0 0 0 0 0 0 0 0 0 0 0 0 0 0 0 0 0 0]
[2031865224731858137637747091892679942917841323637096544155618084384756491645760185642516874881505283489319093363087005468534716277428347321014425030191025464646989731563083530659721591129033271369013454725144301154044083594735394606577440028287364438760291160819188586571068624640 0 0 0 0 0 0 0 0 0 0 0 0 0 0 0 0 0 0 0 0 0 0 0 0 0 0 0 0 1 0 0 0 0 0 0 0 0 0 0 0 0 0 0 0 0 0 0 0 0 0 0 0 0 0 0 0 0 0 0 0 0 0 0 0 0 0 0 0 0 0 0 0 0 0 0 0 0 0 0 0 0 0 0 0 0 0 0 0 0 0 0 0]
[3936213237607942716794743403202762647589072666671572669056135227912049086105423723354426416619073207645323177029850571152178329149634195223304439716190198350780952968163650979015974001303894250651020060597610108886936798629405115254340710163923157202757834632043878546217838999140 0 0 0 0 0 0 0 0 0 0 0 0 0 0 0 0 0 0 0 0 0 0 0 0 0 0 0 0 0 1 0 0 0 0 0 0 0 0 0 0 0 0 0 0 0 0 0 0 0 0 0 0 0 0 0 0 0 0 0 0 0 0 0 0 0 0 0 0 0 0 0 0 0 0 0 0 0 0 0 0 0 0 0 0 0 0 0 0 0 0 0 0]
[1390701867650255264589965325605842634381321600476315797501757517540094134588838225396689034906370497149967009398914095966636688054701395866123086964201653264419482251343010151527754637474745402260651687100864446349935464163762453956637050079845720305195744043435179211134838798519 0 0 0 0 0 0 0 0 0 0 0 0 0 0 0 0 0 0 0 0 0 0 0 0 0 0 0 0 0 0 1 0 0 0 0 0 0 0 0 0 0 0 0 0 0 0 0 0 0 0 0 0 0 0 0 0 0 0 0 0 0 0 0 0 0 0 0 0 0 0 0 0 0 0 0 0 0 0 0 0 0 0 0 0 0 0 0 0 0 0 0 0]
[41870385178913401781766059228916559082773931033983650880435337872792906927348696269801330502445178868125300674275129651945061345846392680571089051252426152713147548062916852123751791706742485819093861902983890498900972473905840075938390661162689451021123312693503099302336986856 0 0 0 0 0 0 0 0 0 0 0 0 0 0 0 0 0 0 0 0 0 0 0 0 0 0 0 0 0 0 0 1 0 0 0 0 0 0 0 0 0 0 0 0 0 0 0 0 0 0 0 0 0 0 0 0 0 0 0 0 0 0 0 0 0 0 0 0 0 0 0 0 0 0 0 0 0 0 0 0 0 0 0 0 0 0 0 0 0 0 0 0]
[1078265990151418947465941558586814337861039239194240154878955141492641596584205664148259106028958118842112667625956453867062031429046223150381909293568757699564558960330668657264132237534744863294223529494462858247149847881078103419517161061126731110046636277847533268961784262880 0 0 0 0 0 0 0 0 0 0 0 0 0 0 0 0 0 0 0 0 0 0 0 0 0 0 0 0 0 0 0 0 1 0 0 0 0 0 0 0 0 0 0 0 0 0 0 0 0 0 0 0 0 0 0 0 0 0 0 0 0 0 0 0 0 0 0 0 0 0 0 0 0 0 0 0 0 0 0 0 0 0 0 0 0 0 0 0 0 0 0 0]
[660167292532282936025922254634039270799513516503701091272573603404883146864905269851570320865297450048509439939276837337365635075279100670486418198709704572651971062151386719468288396265633204536777394719307546775946671291227551761762904325406357357477651266776232159229501026091 0 0 0 0 0 0 0 0 0 0 0 0 0 0 0 0 0 0 0 0 0 0 0 0 0 0 0 0 0 0 0 0 0 1 0 0 0 0 0 0 0 0 0 0 0 0 0 0 0 0 0 0 0 0 0 0 0 0 0 0 0 0 0 0 0 0 0 0 0 0 0 0 0 0 0 0 0 0 0 0 0 0 0 0 0 0 0 0 0 0 0 0]
[6158254047397190140545160346873099634128009911005006711088939724682597084563904748051183736206636054054997888985645960099782936986633704330457281745286309008602191662916379244467434036789527750325313540728192475421013512129609551905132545065471351547035318118947192233929788612224 0 0 0 0 0 0 0 0 0 0 0 0 0 0 0 0 0 0 0 0 0 0 0 0 0 0 0 0 0 0 0 0 0 0 1 0 0 0 0 0 0 0 0 0 0 0 0 0 0 0 0 0 0 0 0 0 0 0 0 0 0 0 0 0 0 0 0 0 0 0 0 0 0 0 0 0 0 0 0 0 0 0 0 0 0 0 0 0 0 0 0 0]
[4070666225636319127368397920377962683079592885200984769701650944600330506172928485161461299011080981151317081588205772514669153525814327619241403906161712300791707991687333080469615345929087359360328903957360561796453868659163024923156756132657834895782202768226915160070377487562 0 0 0 0 0 0 0 0 0 0 0 0 0 0 0 0 0 0 0 0 0 0 0 0 0 0 0 0 0 0 0 0 0 0 0 1 0 0 0 0 0 0 0 0 0 0 0 0 0 0 0 0 0 0 0 0 0 0 0 0 0 0 0 0 0 0 0 0 0 0 0 0 0 0 0 0 0 0 0 0 0 0 0 0 0 0 0 0 0 0 0 0]
[2250333051295580656077398323045898897819337646388704614464084153513967669738481478042783020090575048413980363672403656714159888520087093247923017575242796451606327503098856353329257688264016779432343302767211513804299121976488364645395705638601290218534457337723705378605278402760 0 0 0 0 0 0 0 0 0 0 0 0 0 0 0 0 0 0 0 0 0 0 0 0 0 0 0 0 0 0 0 0 0 0 0 0 1 0 0 0 0 0 0 0 0 0 0 0 0 0 0 0 0 0 0 0 0 0 0 0 0 0 0 0 0 0 0 0 0 0 0 0 0 0 0 0 0 0 0 0 0 0 0 0 0 0 0 0 0 0 0 0]
[127017198984625102405795609443338792106200829160984818955032527830047202156444240833476503624204904455192340208638611715418622211960222646571746186870311455882568395165106396345956518237385333681654606019571312588614483104530665197465487426039663486588228835588791778186781113897 0 0 0 0 0 0 0 0 0 0 0 0 0 0 0 0 0 0 0 0 0 0 0 0 0 0 0 0 0 0 0 0 0 0 0 0 0 1 0 0 0 0 0 0 0 0 0 0 0 0 0 0 0 0 0 0 0 0 0 0 0 0 0 0 0 0 0 0 0 0 0 0 0 0 0 0 0 0 0 0 0 0 0 0 0 0 0 0 0 0 0 0]
[2116603977401279997236289220624492382513863443595615115326508719803496278513491547480899668462535305436356561295471597793445995559454625825830789488201791966365971722470357129512530673411193306828801624850447389132603249779873601538972917699370021570090869191141287437717197524229 0 0 0 0 0 0 0 0 0 0 0 0 0 0 0 0 0 0 0 0 0 0 0 0 0 0 0 0 0 0 0 0 0 0 0 0 0 0 1 0 0 0 0 0 0 0 0 0 0 0 0 0 0 0 0 0 0 0 0 0 0 0 0 0 0 0 0 0 0 0 0 0 0 0 0 0 0 0 0 0 0 0 0 0 0 0 0 0 0 0 0 0]
[1218838131575081893810076133693026819856270114394561279829445786322861248911808711002096370587172722648896686900106675102475537835250699228134570946841453461874938915484437331263780222607237811582051006637552816824534607574967239068432268572393135309644797900854855782400153295490 0 0 0 0 0 0 0 0 0 0 0 0 0 0 0 0 0 0 0 0 0 0 0 0 0 0 0 0 0 0 0 0 0 0 0 0 0 0 0 1 0 0 0 0 0 0 0 0 0 0 0 0 0 0 0 0 0 0 0 0 0 0 0 0 0 0 0 0 0 0 0 0 0 0 0 0 0 0 0 0 0 0 0 0 0 0 0 0 0 0 0 0]
[625105123022501794816924265735469337702523634281828389091647734960025901465844429795238981568421174968042464378712790627356107249534313118868842555093833290829787176784466957543314905394996756219708662162928451991193308281532192756224323137027509906021963446159991167880563020341 0 0 0 0 0 0 0 0 0 0 0 0 0 0 0 0 0 0 0 0 0 0 0 0 0 0 0 0 0 0 0 0 0 0 0 0 0 0 0 0 1 0 0 0 0 0 0 0 0 0 0 0 0 0 0 0 0 0 0 0 0 0 0 0 0 0 0 0 0 0 0 0 0 0 0 0 0 0 0 0 0 0 0 0 0 0 0 0 0 0 0 0]
[4420339717056794892654144179047060452760681440191795249836046910795638753488039673974098625212014436609102538013365412994771920866931533071275119145419814005413807028426015308476646644419889223312100323338017281253899567962630255231651568463069957082310966152588610067607936322051 0 0 0 0 0 0 0 0 0 0 0 0 0 0 0 0 0 0 0 0 0 0 0 0 0 0 0 0 0 0 0 0 0 0 0 0 0 0 0 0 0 1 0 0 0 0 0 0 0 0 0 0 0 0 0 0 0 0 0 0 0 0 0 0 0 0 0 0 0 0 0 0 0 0 0 0 0 0 0 0 0 0 0 0 0 0 0 0 0 0 0 0]
[3606478496268931517677457554549507370240620242877957607937031562203691267321677476258453244875128264988522556891820548320869034744864385789842800275990261786276540506987251065088406898181833601027491300153682325400177352446336984313338696972492509364078358851072830176115723411469 0 0 0 0 0 0 0 0 0 0 0 0 0 0 0 0 0 0 0 0 0 0 0 0 0 0 0 0 0 0 0 0 0 0 0 0 0 0 0 0 0 0 1 0 0 0 0 0 0 0 0 0 0 0 0 0 0 0 0 0 0 0 0 0 0 0 0 0 0 0 0 0 0 0 0 0 0 0 0 0 0 0 0 0 0 0 0 0 0 0 0 0]
[1276540898129329483967994183904815085904921102345726183544054846197973676721768779568448445557211046454393729944140584916251384082972590496537494043729007415719460407398715298441298913563569259236368366289883008633867635655169270811633722960310061515544636185959069831499488276815 0 0 0 0 0 0 0 0 0 0 0 0 0 0 0 0 0 0 0 0 0 0 0 0 0 0 0 0 0 0 0 0 0 0 0 0 0 0 0 0 0 0 0 1 0 0 0 0 0 0 0 0 0 0 0 0 0 0 0 0 0 0 0 0 0 0 0 0 0 0 0 0 0 0 0 0 0 0 0 0 0 0 0 0 0 0 0 0 0 0 0 0]
[404913188812486492407623921731496007909503735583545278380534047006591213753285878052888969236180726077708782591727175252076800250356581020767986774216810429244720143885878532756409757391350064451374904671932455689554541863491614518236350555669345828729496319686512125829610704787 0 0 0 0 0 0 0 0 0 0 0 0 0 0 0 0 0 0 0 0 0 0 0 0 0 0 0 0 0 0 0 0 0 0 0 0 0 0 0 0 0 0 0 0 1 0 0 0 0 0 0 0 0 0 0 0 0 0 0 0 0 0 0 0 0 0 0 0 0 0 0 0 0 0 0 0 0 0 0 0 0 0 0 0 0 0 0 0 0 0 0 0]
[3611289062301101594356128149143899273536698937284856131487585770521305586276638682488399282421241017044440898888950708273539464577588664756743650068574763334384886336272578632345131897184537555987520289386917722898802608411892929512854835801915379907034015546161570223439071881763 0 0 0 0 0 0 0 0 0 0 0 0 0 0 0 0 0 0 0 0 0 0 0 0 0 0 0 0 0 0 0 0 0 0 0 0 0 0 0 0 0 0 0 0 0 1 0 0 0 0 0 0 0 0 0 0 0 0 0 0 0 0 0 0 0 0 0 0 0 0 0 0 0 0 0 0 0 0 0 0 0 0 0 0 0 0 0 0 0 0 0 0]
[3644097389516428410178639696441792131108104880009468448361190470797966444953639203504036935149141997830430981174345305583680113341523909404644700363486234237454607425697848708307815987245127328403664313362897279845371007480558006005476417803490369545405307208762448373327103056706 0 0 0 0 0 0 0 0 0 0 0 0 0 0 0 0 0 0 0 0 0 0 0 0 0 0 0 0 0 0 0 0 0 0 0 0 0 0 0 0 0 0 0 0 0 0 1 0 0 0 0 0 0 0 0 0 0 0 0 0 0 0 0 0 0 0 0 0 0 0 0 0 0 0 0 0 0 0 0 0 0 0 0 0 0 0 0 0 0 0 0 0]
[2407160681287642134070761063711491181227423371286188237762955558987670901399366489301231076995910915641785361279618491594991635521256882003804745151138075273022237406361738269780122719617081600033579886474439931838024925110865542226200815875262756874412661055138442342008786794682 0 0 0 0 0 0 0 0 0 0 0 0 0 0 0 0 0 0 0 0 0 0 0 0 0 0 0 0 0 0 0 0 0 0 0 0 0 0 0 0 0 0 0 0 0 0 0 1 0 0 0 0 0 0 0 0 0 0 0 0 0 0 0 0 0 0 0 0 0 0 0 0 0 0 0 0 0 0 0 0 0 0 0 0 0 0 0 0 0 0 0 0]
[2641395758593451403486922517572085204147311155035205962810134859691303048798040958139908061024085497313660290213883376801406654831878776444245922218908787253607072943475703215201192397676631016602684456321052421456388454861283443640107668512491782683350385395956465834281124881870 0 0 0 0 0 0 0 0 0 0 0 0 0 0 0 0 0 0 0 0 0 0 0 0 0 0 0 0 0 0 0 0 0 0 0 0 0 0 0 0 0 0 0 0 0 0 0 0 1 0 0 0 0 0 0 0 0 0 0 0 0 0 0 0 0 0 0 0 0 0 0 0 0 0 0 0 0 0 0 0 0 0 0 0 0 0 0 0 0 0 0 0]
[796917858222650820982739868055364931209449877111345100702638347032745325789933966155417308172308814900524277589635746327278336796123051802612298064373823367276105896489179898952402213277630691413908619308030644720161633739316544112016513600258888625140042817539844136364685091012 0 0 0 0 0 0 0 0 0 0 0 0 0 0 0 0 0 0 0 0 0 0 0 0 0 0 0 0 0 0 0 0 0 0 0 0 0 0 0 0 0 0 0 0 0 0 0 0 0 1 0 0 0 0 0 0 0 0 0 0 0 0 0 0 0 0 0 0 0 0 0 0 0 0 0 0 0 0 0 0 0 0 0 0 0 0 0 0 0 0 0 0]
[1669183481623919177778910492699930975062075467046340056160647078817678930594953925145872064307711511262972208231669822285924582272117680486300369874396402353342600862378440245903671758149680993906872864939997917272114149653386575843073141320104400106859948633455170580113896163625 0 0 0 0 0 0 0 0 0 0 0 0 0 0 0 0 0 0 0 0 0 0 0 0 0 0 0 0 0 0 0 0 0 0 0 0 0 0 0 0 0 0 0 0 0 0 0 0 0 0 1 0 0 0 0 0 0 0 0 0 0 0 0 0 0 0 0 0 0 0 0 0 0 0 0 0 0 0 0 0 0 0 0 0 0 0 0 0 0 0 0 0]
[4081167147233057964340651635211438744282589668535629880088433241797902922669415330571364381446584025294526405865328819741683866851290483153342672384910479269364578126143528292134784682847712756604187121717709434680013704046432394875577198993340527178431265268225892284860109114408 0 0 0 0 0 0 0 0 0 0 0 0 0 0 0 0 0 0 0 0 0 0 0 0 0 0 0 0 0 0 0 0 0 0 0 0 0 0 0 0 0 0 0 0 0 0 0 0 0 0 0 1 0 0 0 0 0 0 0 0 0 0 0 0 0 0 0 0 0 0 0 0 0 0 0 0 0 0 0 0 0 0 0 0 0 0 0 0 0 0 0 0]
[595387908411397021314549791203607929212882071175641699798366517511333671771618733794573169539398965102216789230208365233596717910042679378744607592943527431199409243510531676508443677285095606334484568270773048935607175148677372959425702311813932416521938788494748367084448087004 0 0 0 0 0 0 0 0 0 0 0 0 0 0 0 0 0 0 0 0 0 0 0 0 0 0 0 0 0 0 0 0 0 0 0 0 0 0 0 0 0 0 0 0 0 0 0 0 0 0 0 0 1 0 0 0 0 0 0 0 0 0 0 0 0 0 0 0 0 0 0 0 0 0 0 0 0 0 0 0 0 0 0 0 0 0 0 0 0 0 0 0]
[1391719555173602280644042627249215553743562211912286271139685296356442291765001253105212164986221086163873465303357199656752848987081584201191263810477706770995144237029904124094395833680354612533814103583028343127145646015925119178740816298394957838278143975133713751817930559675 0 0 0 0 0 0 0 0 0 0 0 0 0 0 0 0 0 0 0 0 0 0 0 0 0 0 0 0 0 0 0 0 0 0 0 0 0 0 0 0 0 0 0 0 0 0 0 0 0 0 0 0 0 1 0 0 0 0 0 0 0 0 0 0 0 0 0 0 0 0 0 0 0 0 0 0 0 0 0 0 0 0 0 0 0 0 0 0 0 0 0 0]
[6010212641432150812429911610591984608247014951663602595089955418344130390590583994806311141291219853338179477683563122720836368110210509756222696825781341715341048701507408006098856410723539279334640678757857334883731460787573299378852121933293995967563561727675372728370587627494 0 0 0 0 0 0 0 0 0 0 0 0 0 0 0 0 0 0 0 0 0 0 0 0 0 0 0 0 0 0 0 0 0 0 0 0 0 0 0 0 0 0 0 0 0 0 0 0 0 0 0 0 0 0 1 0 0 0 0 0 0 0 0 0 0 0 0 0 0 0 0 0 0 0 0 0 0 0 0 0 0 0 0 0 0 0 0 0 0 0 0 0]
[2340766082589879835994066495252426296799637424411511271070284922249098209010168045250142360109448064718386653265561451717780769072838168022320393692660423605576753939375254576070756143000902783670436483407078687125235312443098814238387431912034147912941752962091663356297468849505 0 0 0 0 0 0 0 0 0 0 0 0 0 0 0 0 0 0 0 0 0 0 0 0 0 0 0 0 0 0 0 0 0 0 0 0 0 0 0 0 0 0 0 0 0 0 0 0 0 0 0 0 0 0 0 1 0 0 0 0 0 0 0 0 0 0 0 0 0 0 0 0 0 0 0 0 0 0 0 0 0 0 0 0 0 0 0 0 0 0 0 0]
[3227008880250397368135674629781261642349726762778637339175995468022898331419259303141930330688173798581772684250902407044399037585790926549950885610917901639746191267868795874164322235557545488543113387082450744617091492410826028595367680201427180354955144106657393860204338669536 0 0 0 0 0 0 0 0 0 0 0 0 0 0 0 0 0 0 0 0 0 0 0 0 0 0 0 0 0 0 0 0 0 0 0 0 0 0 0 0 0 0 0 0 0 0 0 0 0 0 0 0 0 0 0 0 1 0 0 0 0 0 0 0 0 0 0 0 0 0 0 0 0 0 0 0 0 0 0 0 0 0 0 0 0 0 0 0 0 0 0 0]
[3561521762066855064176718093091625293405148345297649658033916945045035611934477826722511054933702975248666866282260011126286372209456758327043813678306690955521898302982062022987194517781786482075190150925883832338459039107994114307139901364382306023245605520731867957988533178282 0 0 0 0 0 0 0 0 0 0 0 0 0 0 0 0 0 0 0 0 0 0 0 0 0 0 0 0 0 0 0 0 0 0 0 0 0 0 0 0 0 0 0 0 0 0 0 0 0 0 0 0 0 0 0 0 0 1 0 0 0 0 0 0 0 0 0 0 0 0 0 0 0 0 0 0 0 0 0 0 0 0 0 0 0 0 0 0 0 0 0 0]
[2262643342634739722726408285827858632351718042393275680760571479054242980518249697640680391265084458938422528496316722280904591370255001989045568361448485950057235130476321684718758578056191535070622197273096424710028568573405234335004861269540287673071006478014004160592213244945 0 0 0 0 0 0 0 0 0 0 0 0 0 0 0 0 0 0 0 0 0 0 0 0 0 0 0 0 0 0 0 0 0 0 0 0 0 0 0 0 0 0 0 0 0 0 0 0 0 0 0 0 0 0 0 0 0 0 1 0 0 0 0 0 0 0 0 0 0 0 0 0 0 0 0 0 0 0 0 0 0 0 0 0 0 0 0 0 0 0 0 0]
[3785629142159352818243152928110851413705082724502512473780245017545947690178677715396750236099553782133701909809609582088007972655731184945420709521845372781827564537433318054562845706745465952627467047105258125032352341220719673865065936214185027045936639233222588421621063120745 0 0 0 0 0 0 0 0 0 0 0 0 0 0 0 0 0 0 0 0 0 0 0 0 0 0 0 0 0 0 0 0 0 0 0 0 0 0 0 0 0 0 0 0 0 0 0 0 0 0 0 0 0 0 0 0 0 0 0 1 0 0 0 0 0 0 0 0 0 0 0 0 0 0 0 0 0 0 0 0 0 0 0 0 0 0 0 0 0 0 0 0]
[607850231699081900597672783052243569760671301786145433137550481034265683202346869176818056798728181780185013757631644260770278415960455839285472180078347605398881953613575202997533589590156599468637906207171187158730901005000769765547302497380109524992701452592885990116335081745 0 0 0 0 0 0 0 0 0 0 0 0 0 0 0 0 0 0 0 0 0 0 0 0 0 0 0 0 0 0 0 0 0 0 0 0 0 0 0 0 0 0 0 0 0 0 0 0 0 0 0 0 0 0 0 0 0 0 0 0 1 0 0 0 0 0 0 0 0 0 0 0 0 0 0 0 0 0 0 0 0 0 0 0 0 0 0 0 0 0 0 0]
[3411265000489540960769986380384035601665614868504649083381652674308542941270137715176015623490904621243817963080855166749557594765830588765765886782601533201990493190206676278799675017117799785591137161525637196560873874140412044358849221731965048330047656099382671511065659308103 0 0 0 0 0 0 0 0 0 0 0 0 0 0 0 0 0 0 0 0 0 0 0 0 0 0 0 0 0 0 0 0 0 0 0 0 0 0 0 0 0 0 0 0 0 0 0 0 0 0 0 0 0 0 0 0 0 0 0 0 0 1 0 0 0 0 0 0 0 0 0 0 0 0 0 0 0 0 0 0 0 0 0 0 0 0 0 0 0 0 0 0]
[960648266419124696421170203379614001578339486826459384588407037769678044167652179903523815895193731332426750135768338227601237352015760035288349176754989603922661899535629926530103009219565562295991712044859187259630089212821834609159103475506604017592392167035839767702766215141 0 0 0 0 0 0 0 0 0 0 0 0 0 0 0 0 0 0 0 0 0 0 0 0 0 0 0 0 0 0 0 0 0 0 0 0 0 0 0 0 0 0 0 0 0 0 0 0 0 0 0 0 0 0 0 0 0 0 0 0 0 0 1 0 0 0 0 0 0 0 0 0 0 0 0 0 0 0 0 0 0 0 0 0 0 0 0 0 0 0 0 0]
[1329539055885871848555699882257032772465225404408058644340384555343285164371321215703188582194206922931526118864237064120269425583369719112845678032047760529754033730506113472397564768317147164867227753892952169813511193252498911700006603221752787478933695720587181420596786159761 0 0 0 0 0 0 0 0 0 0 0 0 0 0 0 0 0 0 0 0 0 0 0 0 0 0 0 0 0 0 0 0 0 0 0 0 0 0 0 0 0 0 0 0 0 0 0 0 0 0 0 0 0 0 0 0 0 0 0 0 0 0 0 1 0 0 0 0 0 0 0 0 0 0 0 0 0 0 0 0 0 0 0 0 0 0 0 0 0 0 0 0]
[3692309761586387513294972970356651989431119880490658934381411469151622080790753402360176435862983073987799650926162169763410058915022639249698136820117601234559643319382221917144854882873520805989701809710436860639906665339871232581813463357538521896658850379004066312333485776860 0 0 0 0 0 0 0 0 0 0 0 0 0 0 0 0 0 0 0 0 0 0 0 0 0 0 0 0 0 0 0 0 0 0 0 0 0 0 0 0 0 0 0 0 0 0 0 0 0 0 0 0 0 0 0 0 0 0 0 0 0 0 0 0 1 0 0 0 0 0 0 0 0 0 0 0 0 0 0 0 0 0 0 0 0 0 0 0 0 0 0 0]
[4204083593941127847457093993566409180682009760099907850285651691922977219586598979626992570934335077353323851202627153724033374112631430131893202161768229901961547867751452001094717838450242482200279901766790077488883739990326205032809678558673743524186143142481006406465192942067 0 0 0 0 0 0 0 0 0 0 0 0 0 0 0 0 0 0 0 0 0 0 0 0 0 0 0 0 0 0 0 0 0 0 0 0 0 0 0 0 0 0 0 0 0 0 0 0 0 0 0 0 0 0 0 0 0 0 0 0 0 0 0 0 0 1 0 0 0 0 0 0 0 0 0 0 0 0 0 0 0 0 0 0 0 0 0 0 0 0 0 0]
[4999184434762187276002972002509627135079655265952316774556732248934287629159126383309966823825607293565409088889487851928327833689500852871814593287127324621731464449109517930413321177769303854771483914720019888131781622522034945123420994633215390131892401147421891774501943556812 0 0 0 0 0 0 0 0 0 0 0 0 0 0 0 0 0 0 0 0 0 0 0 0 0 0 0 0 0 0 0 0 0 0 0 0 0 0 0 0 0 0 0 0 0 0 0 0 0 0 0 0 0 0 0 0 0 0 0 0 0 0 0 0 0 0 1 0 0 0 0 0 0 0 0 0 0 0 0 0 0 0 0 0 0 0 0 0 0 0 0 0]
[188243905919832714843355459149981914430852775079358652920458547812464823548786114262726261378727344283527844047572355214338290364862814198967905424567936399404765117618113724247107885021918038130454587974296797668000042117436834448400484674299955511300552126015581808308374228774 0 0 0 0 0 0 0 0 0 0 0 0 0 0 0 0 0 0 0 0 0 0 0 0 0 0 0 0 0 0 0 0 0 0 0 0 0 0 0 0 0 0 0 0 0 0 0 0 0 0 0 0 0 0 0 0 0 0 0 0 0 0 0 0 0 0 0 1 0 0 0 0 0 0 0 0 0 0 0 0 0 0 0 0 0 0 0 0 0 0 0 0]
[1032187168701563708342887850435181384261640720939694023041720231434901800104320750700716509861914705422883083975211853200093439236958220801511114683303270265516439285828357734679775879348129808301669510149311489292894703943667323111710485089524687061365814223969750071980284968152 0 0 0 0 0 0 0 0 0 0 0 0 0 0 0 0 0 0 0 0 0 0 0 0 0 0 0 0 0 0 0 0 0 0 0 0 0 0 0 0 0 0 0 0 0 0 0 0 0 0 0 0 0 0 0 0 0 0 0 0 0 0 0 0 0 0 0 0 1 0 0 0 0 0 0 0 0 0 0 0 0 0 0 0 0 0 0 0 0 0 0 0]
[3335734882763241157298499740879134166699593231211013424867182099521166638563217522698017591900227754099850664643413525825929328011793964636175674781020191804174846951341791742557269748986001238897494019631755662074849912791888541220511730335523933879940550652195890941061909493149 0 0 0 0 0 0 0 0 0 0 0 0 0 0 0 0 0 0 0 0 0 0 0 0 0 0 0 0 0 0 0 0 0 0 0 0 0 0 0 0 0 0 0 0 0 0 0 0 0 0 0 0 0 0 0 0 0 0 0 0 0 0 0 0 0 0 0 0 0 1 0 0 0 0 0 0 0 0 0 0 0 0 0 0 0 0 0 0 0 0 0 0]
[5700084667227902485105095718748110453287463640264464233117431843003693207369493772361580798559874113245034909624249621807421800855679138814128142639385490887440508584647623698534458859737993395121493443562950294393725557621011614543762266778346028177759877622724192467127133541012 0 0 0 0 0 0 0 0 0 0 0 0 0 0 0 0 0 0 0 0 0 0 0 0 0 0 0 0 0 0 0 0 0 0 0 0 0 0 0 0 0 0 0 0 0 0 0 0 0 0 0 0 0 0 0 0 0 0 0 0 0 0 0 0 0 0 0 0 0 0 1 0 0 0 0 0 0 0 0 0 0 0 0 0 0 0 0 0 0 0 0 0]
[2428897965651789625028447940342094186017633062976854673434864252361579979080960697530513895911760902054183809719421740272400581909926225707483473085235026716459473973793046214369380049723141750307670796018302021276451868946477945446065913592419978970953024949727991668693687099862 0 0 0 0 0 0 0 0 0 0 0 0 0 0 0 0 0 0 0 0 0 0 0 0 0 0 0 0 0 0 0 0 0 0 0 0 0 0 0 0 0 0 0 0 0 0 0 0 0 0 0 0 0 0 0 0 0 0 0 0 0 0 0 0 0 0 0 0 0 0 0 1 0 0 0 0 0 0 0 0 0 0 0 0 0 0 0 0 0 0 0 0]
[5110970646135356504294173448190844959546618477541298841881374712199741260093103511999460573061846861165699368206825496623839002686273500549272402048006834233593663509655786746530433345339917771270914699339277408058584610583402270810734501262969570319528159622641201284178913261623 0 0 0 0 0 0 0 0 0 0 0 0 0 0 0 0 0 0 0 0 0 0 0 0 0 0 0 0 0 0 0 0 0 0 0 0 0 0 0 0 0 0 0 0 0 0 0 0 0 0 0 0 0 0 0 0 0 0 0 0 0 0 0 0 0 0 0 0 0 0 0 0 1 0 0 0 0 0 0 0 0 0 0 0 0 0 0 0 0 0 0 0]
[5249181050165283711876823265558456003178715218645963407270468341924597196697481747682675661278171473306062645602366547343886307765046736153298677606193969812540214055864313772193269881245400962500593051731702723117151246514356455176774034262496287161511849401155929300082507021113 0 0 0 0 0 0 0 0 0 0 0 0 0 0 0 0 0 0 0 0 0 0 0 0 0 0 0 0 0 0 0 0 0 0 0 0 0 0 0 0 0 0 0 0 0 0 0 0 0 0 0 0 0 0 0 0 0 0 0 0 0 0 0 0 0 0 0 0 0 0 0 0 0 1 0 0 0 0 0 0 0 0 0 0 0 0 0 0 0 0 0 0]
[286323558444654589467301383426572112375169514892090779335096342919285907828422162260572003571755521112198975128496180201115957602132997745822521426415068618546613097526066997477708569009284712235243941236683564377076535641720882361153597755317081372487223469790341929262949978482 0 0 0 0 0 0 0 0 0 0 0 0 0 0 0 0 0 0 0 0 0 0 0 0 0 0 0 0 0 0 0 0 0 0 0 0 0 0 0 0 0 0 0 0 0 0 0 0 0 0 0 0 0 0 0 0 0 0 0 0 0 0 0 0 0 0 0 0 0 0 0 0 0 0 1 0 0 0 0 0 0 0 0 0 0 0 0 0 0 0 0 0]
[2311746424264245271217086435257587553686272214482148471357223619891641186451544019157747628683435140181284911245068324055045368320740691803277016822903215222216279521613090902364176409338114426792509500217587891875538601186869921339816245607106390711046051114405904640503410591928 0 0 0 0 0 0 0 0 0 0 0 0 0 0 0 0 0 0 0 0 0 0 0 0 0 0 0 0 0 0 0 0 0 0 0 0 0 0 0 0 0 0 0 0 0 0 0 0 0 0 0 0 0 0 0 0 0 0 0 0 0 0 0 0 0 0 0 0 0 0 0 0 0 0 0 1 0 0 0 0 0 0 0 0 0 0 0 0 0 0 0 0]
[1929113586730970997564100792166656446430497837259375994546242309208774279518817379429932835386093923266204643826235726809920976576434320781737065415653677744833407824741003065295729739544179278938318888907897382521761251839090488145970348276337121260414395483576809605577110525983 0 0 0 0 0 0 0 0 0 0 0 0 0 0 0 0 0 0 0 0 0 0 0 0 0 0 0 0 0 0 0 0 0 0 0 0 0 0 0 0 0 0 0 0 0 0 0 0 0 0 0 0 0 0 0 0 0 0 0 0 0 0 0 0 0 0 0 0 0 0 0 0 0 0 0 0 1 0 0 0 0 0 0 0 0 0 0 0 0 0 0 0]
[5285499458618545858808320473947474987672855098537732207117940432666643279290877578621985118671873556253322273010172562586780794441063696333958962836018056221332825670054891899944560214556829741754535271845563613878199861658064095105047205328861199090343012995426843994166779568562 0 0 0 0 0 0 0 0 0 0 0 0 0 0 0 0 0 0 0 0 0 0 0 0 0 0 0 0 0 0 0 0 0 0 0 0 0 0 0 0 0 0 0 0 0 0 0 0 0 0 0 0 0 0 0 0 0 0 0 0 0 0 0 0 0 0 0 0 0 0 0 0 0 0 0 0 0 1 0 0 0 0 0 0 0 0 0 0 0 0 0 0]
[3215285871182543404621022073626755715743512880679434597188404383997562702310226551576275936047494780941309182117432909328649668705800139356471672134849241419572572220894634748988693048965845404290173375610541396345655363198186714479232506260776342075015931144505372533009635899395 0 0 0 0 0 0 0 0 0 0 0 0 0 0 0 0 0 0 0 0 0 0 0 0 0 0 0 0 0 0 0 0 0 0 0 0 0 0 0 0 0 0 0 0 0 0 0 0 0 0 0 0 0 0 0 0 0 0 0 0 0 0 0 0 0 0 0 0 0 0 0 0 0 0 0 0 0 0 1 0 0 0 0 0 0 0 0 0 0 0 0 0]
[5374201269889605966636245945562371518191375418023302489629840260132460181592562892720600514567027066193137756417707221168439501725551306769741865068499857816866264639655028555357247945235403440104147973064889801142418913848850651416728414404194522054379982343377805104628299635958 0 0 0 0 0 0 0 0 0 0 0 0 0 0 0 0 0 0 0 0 0 0 0 0 0 0 0 0 0 0 0 0 0 0 0 0 0 0 0 0 0 0 0 0 0 0 0 0 0 0 0 0 0 0 0 0 0 0 0 0 0 0 0 0 0 0 0 0 0 0 0 0 0 0 0 0 0 0 0 1 0 0 0 0 0 0 0 0 0 0 0 0]
[5709885648125107547981691438488593952725123810942242962052809966411520802018850207313887069192818001764504934189933088026727444860956123147553434572454749616327491959870951358028581387721287848422703847012817087004769030737475185367301855090067287708588353703535815339566188353500 0 0 0 0 0 0 0 0 0 0 0 0 0 0 0 0 0 0 0 0 0 0 0 0 0 0 0 0 0 0 0 0 0 0 0 0 0 0 0 0 0 0 0 0 0 0 0 0 0 0 0 0 0 0 0 0 0 0 0 0 0 0 0 0 0 0 0 0 0 0 0 0 0 0 0 0 0 0 0 0 1 0 0 0 0 0 0 0 0 0 0 0]
[2470711839964660686584462618904123549065009381863956488927083473283401243723157793006791489835972621856627001549446156140969031069938626015914128342384455628503444665290924095414199207365357422019948244275923100049480220163331927030861236729786597958825997545731164206079845687039 0 0 0 0 0 0 0 0 0 0 0 0 0 0 0 0 0 0 0 0 0 0 0 0 0 0 0 0 0 0 0 0 0 0 0 0 0 0 0 0 0 0 0 0 0 0 0 0 0 0 0 0 0 0 0 0 0 0 0 0 0 0 0 0 0 0 0 0 0 0 0 0 0 0 0 0 0 0 0 0 0 1 0 0 0 0 0 0 0 0 0 0]
[3091746033468998660855905415780954524728567836421370927330802056963144403665747701961419431711563240829734737946760811592276095011654815177928823895688042399944025200769148842905640867043612105034773501342739263383875358291489055854268072680612617856113134144955305378225848007023 0 0 0 0 0 0 0 0 0 0 0 0 0 0 0 0 0 0 0 0 0 0 0 0 0 0 0 0 0 0 0 0 0 0 0 0 0 0 0 0 0 0 0 0 0 0 0 0 0 0 0 0 0 0 0 0 0 0 0 0 0 0 0 0 0 0 0 0 0 0 0 0 0 0 0 0 0 0 0 0 0 0 1 0 0 0 0 0 0 0 0 0]
[4933461682068593833511190242340500219458442236380687919891151272220693254066277548242378021859759942283106572090930825870715504901467811377193531406830957119660496855370007300144586239421624599180379251858581048562473504516367127875749000637983105730015526053061521453323439944274 0 0 0 0 0 0 0 0 0 0 0 0 0 0 0 0 0 0 0 0 0 0 0 0 0 0 0 0 0 0 0 0 0 0 0 0 0 0 0 0 0 0 0 0 0 0 0 0 0 0 0 0 0 0 0 0 0 0 0 0 0 0 0 0 0 0 0 0 0 0 0 0 0 0 0 0 0 0 0 0 0 0 0 1 0 0 0 0 0 0 0 0]
[1392876350714746972396483284896827608050306526414067062725896273431409007332641084417154454502029884000412355140916641025787869688111579430849043489188330647733745396615227202888473880993019487558960522896819412034340651005006675764412104324653904446307777343077437849836647047673 0 0 0 0 0 0 0 0 0 0 0 0 0 0 0 0 0 0 0 0 0 0 0 0 0 0 0 0 0 0 0 0 0 0 0 0 0 0 0 0 0 0 0 0 0 0 0 0 0 0 0 0 0 0 0 0 0 0 0 0 0 0 0 0 0 0 0 0 0 0 0 0 0 0 0 0 0 0 0 0 0 0 0 0 1 0 0 0 0 0 0 0]
[1262035503041112682262924255587990172550199231390642473892758747771306267108447908541897790947715286393071010967209870021986612361936571462152153621312204469252533800551103095490481824463025704450775162474862092281517118371033670899025197288659255837202668901403315388113452853523 0 0 0 0 0 0 0 0 0 0 0 0 0 0 0 0 0 0 0 0 0 0 0 0 0 0 0 0 0 0 0 0 0 0 0 0 0 0 0 0 0 0 0 0 0 0 0 0 0 0 0 0 0 0 0 0 0 0 0 0 0 0 0 0 0 0 0 0 0 0 0 0 0 0 0 0 0 0 0 0 0 0 0 0 0 1 0 0 0 0 0 0]
[3116696040038151775831279097067127106321560535608710801706307851327721499151785488857757016619679173791588469449073223337450803908658807931819058730067159327548968268479825259766717658071378571461982589182454121269260409601653881519589437925380864363993679889393800387281482239975 0 0 0 0 0 0 0 0 0 0 0 0 0 0 0 0 0 0 0 0 0 0 0 0 0 0 0 0 0 0 0 0 0 0 0 0 0 0 0 0 0 0 0 0 0 0 0 0 0 0 0 0 0 0 0 0 0 0 0 0 0 0 0 0 0 0 0 0 0 0 0 0 0 0 0 0 0 0 0 0 0 0 0 0 0 0 1 0 0 0 0 0]
[2323063094332940998713389483724534905715110200741429533629003134065400351888895102385667133358190761688720928818759155294660737457736714887560240774473282081641991840343330305447630760575245308347975499032040273880369074386403269262549112587246708604414112259016202128410574438997 0 0 0 0 0 0 0 0 0 0 0 0 0 0 0 0 0 0 0 0 0 0 0 0 0 0 0 0 0 0 0 0 0 0 0 0 0 0 0 0 0 0 0 0 0 0 0 0 0 0 0 0 0 0 0 0 0 0 0 0 0 0 0 0 0 0 0 0 0 0 0 0 0 0 0 0 0 0 0 0 0 0 0 0 0 0 0 1 0 0 0 0]
[1157679207724647557726226120820217080611827154391495298241143204286489310101520707748246744858464182006991239354944818781911572332729680919397769853959553849078979255404564455704040926895869748210762926180335095172619282603633902081403625653088441310504965567619251916517975233706 0 0 0 0 0 0 0 0 0 0 0 0 0 0 0 0 0 0 0 0 0 0 0 0 0 0 0 0 0 0 0 0 0 0 0 0 0 0 0 0 0 0 0 0 0 0 0 0 0 0 0 0 0 0 0 0 0 0 0 0 0 0 0 0 0 0 0 0 0 0 0 0 0 0 0 0 0 0 0 0 0 0 0 0 0 0 0 0 1 0 0 0]
[4357586522011073697349026485738774654711879772006259611922082196285809204790134215481095166443847211514680013937170415945201706127374137167419488499531203384595234723621557899476513183178637798422637391035338608968837397523744566385985349408406151116275934842389297592754966705399 0 0 0 0 0 0 0 0 0 0 0 0 0 0 0 0 0 0 0 0 0 0 0 0 0 0 0 0 0 0 0 0 0 0 0 0 0 0 0 0 0 0 0 0 0 0 0 0 0 0 0 0 0 0 0 0 0 0 0 0 0 0 0 0 0 0 0 0 0 0 0 0 0 0 0 0 0 0 0 0 0 0 0 0 0 0 0 0 0 1 0 0]
[540517853018330662120325876994157901357820924047940630677645121579684839767172788664759165758936366264350361865809035182649512526814640104967617244284906878433295070999089814239131695654826105186382968284001618408990351135760273085410130117626431507012838672427724459050445124795 0 0 0 0 0 0 0 0 0 0 0 0 0 0 0 0 0 0 0 0 0 0 0 0 0 0 0 0 0 0 0 0 0 0 0 0 0 0 0 0 0 0 0 0 0 0 0 0 0 0 0 0 0 0 0 0 0 0 0 0 0 0 0 0 0 0 0 0 0 0 0 0 0 0 0 0 0 0 0 0 0 0 0 0 0 0 0 0 0 0 1 0]
[4072856528572356236321496666457540870221908665887934231829925682465568267743740117375587042908808971848397754946851944746002058594741498076301366102761703769550154571564714818630535698477219146766436575428805320302135926782126125059499276943413027993123754183295120549122258117189 0 0 0 0 0 0 0 0 0 0 0 0 0 0 0 0 0 0 0 0 0 0 0 0 0 0 0 0 0 0 0 0 0 0 0 0 0 0 0 0 0 0 0 0 0 0 0 0 0 0 0 0 0 0 0 0 0 0 0 0 0 0 0 0 0 0 0 0 0 0 0 0 0 0 0 0 0 0 0 0 0 0 0 0 0 0 0 0 0 0 0 1]
]
