[[3234841384851934730395570590076528301833228300227246943797807325767938357200633917585059514330742247229279264648945020495969395418921551531531725794000698160299559594628226453413669594336053946666798129881356281191388286707873081761 0 0 0 0 0 0 0 0 0 0 0 0 0 0 0 0 0 0 0 0 0 0 0 0 0 0 0 0 0 0 0 0 0 0 0 0 0 0 0 0 0 0 0 0 0 0 0 0 0 0 0 0 0 0 0 0 0 0 0 0 0 0 0 0 0 0 0 0 0 0 0 0 0 0 0 0]
[2988471357439907801787652167192516108648226687749530146831887661377886310571936394698043649298819062356112714110149580437970128070996082536906891914750356519771809082063961530015218670177005854564480868180497118264960165936949206678 1 0 0 0 0 0 0 0 0 0 0 0 0 0 0 0 0 0 0 0 0 0 0 0 0 0 0 0 0 0 0 0 0 0 0 0 0 0 0 0 0 0 0 0 0 0 0 0 0 0 0 0 0 0 0 0 0 0 0 0 0 0 0 0 0 0 0 0 0 0 0 0 0 0 0 0]
[241089606882641698081639763350679361776851105509240813922199652583409081102532880968731191435265011885544399031692071645446017433564955233750209911599501941024026966941689565755883628080219950571418336146603881315032006084250315727 0 1 0 0 0 0 0 0 0 0 0 0 0 0 0 0 0 0 0 0 0 0 0 0 0 0 0 0 0 0 0 0 0 0 0 0 0 0 0 0 0 0 0 0 0 0 0 0 0 0 0 0 0 0 0 0 0 0 0 0 0 0 0 0 0 0 0 0 0 0 0 0 0 0 0 0]
[1386521625954768338535795114049456212642997455745511639144463631385848595103662616826225755353236372390573293566878955956446886128980081004580574651137376923787043374791855088107599090637694387873591713640482613217442437974048406165 0 0 1 0 0 0 0 0 0 0 0 0 0 0 0 0 0 0 0 0 0 0 0 0 0 0 0 0 0 0 0 0 0 0 0 0 0 0 0 0 0 0 0 0 0 0 0 0 0 0 0 0 0 0 0 0 0 0 0 0 0 0 0 0 0 0 0 0 0 0 0 0 0 0 0 0]
[502781314459306765905688619269444846084065852701549812810817505702286390700618391827139442771900284579515123042123227007616168276456276772180988635476151414009227732202790461319352556468107371624533519147085670301710093840475148199 0 0 0 1 0 0 0 0 0 0 0 0 0 0 0 0 0 0 0 0 0 0 0 0 0 0 0 0 0 0 0 0 0 0 0 0 0 0 0 0 0 0 0 0 0 0 0 0 0 0 0 0 0 0 0 0 0 0 0 0 0 0 0 0 0 0 0 0 0 0 0 0 0 0 0 0]
[2155621399155603638183520347856180220477079050197333000516897031557750522971801545198104363642857660023152725955711923459115880867599840509120839527129207310048554472493097728914860923423985755780185417733413781352704806449071214306 0 0 0 0 1 0 0 0 0 0 0 0 0 0 0 0 0 0 0 0 0 0 0 0 0 0 0 0 0 0 0 0 0 0 0 0 0 0 0 0 0 0 0 0 0 0 0 0 0 0 0 0 0 0 0 0 0 0 0 0 0 0 0 0 0 0 0 0 0 0 0 0 0 0 0 0]
[2163926660398656750429921945039306681204450670873265811038754816769404814873491453711081527668715667717367630367235730463666785196416817246993722619867403470595068003662437262587319897493780107147820127236446868631318897692861327271 0 0 0 0 0 1 0 0 0 0 0 0 0 0 0 0 0 0 0 0 0 0 0 0 0 0 0 0 0 0 0 0 0 0 0 0 0 0 0 0 0 0 0 0 0 0 0 0 0 0 0 0 0 0 0 0 0 0 0 0 0 0 0 0 0 0 0 0 0 0 0 0 0 0 0 0]
[3218233520795592728050708883859403687065464647009832829299984244421900512016545517381960748132161434798179892975867589588389932864717486652426566818924357212882511572435031329830687314896432746361608171842941598211854190635470869998 0 0 0 0 0 0 1 0 0 0 0 0 0 0 0 0 0 0 0 0 0 0 0 0 0 0 0 0 0 0 0 0 0 0 0 0 0 0 0 0 0 0 0 0 0 0 0 0 0 0 0 0 0 0 0 0 0 0 0 0 0 0 0 0 0 0 0 0 0 0 0 0 0 0 0 0]
[666772374784580599482401240248232223821715428712803869624820781801052355250428831834306797981432246260427593796652947035219024257512922821159227128352904616364927674844426994255613568029518627244721655001315418479331022629872258540 0 0 0 0 0 0 0 1 0 0 0 0 0 0 0 0 0 0 0 0 0 0 0 0 0 0 0 0 0 0 0 0 0 0 0 0 0 0 0 0 0 0 0 0 0 0 0 0 0 0 0 0 0 0 0 0 0 0 0 0 0 0 0 0 0 0 0 0 0 0 0 0 0 0 0 0]
[256476969038738231911501806023622193469197218069174067579447887477710316999443537169106400074452155871568054595135231730530345310757580821058129993883337672118763829456253724893863290455763280373245267363628687627715469959929427078 0 0 0 0 0 0 0 0 1 0 0 0 0 0 0 0 0 0 0 0 0 0 0 0 0 0 0 0 0 0 0 0 0 0 0 0 0 0 0 0 0 0 0 0 0 0 0 0 0 0 0 0 0 0 0 0 0 0 0 0 0 0 0 0 0 0 0 0 0 0 0 0 0 0 0 0]
[533381492371158907222563463702750006080163501011804494156795136573539759760860505337145332435335580433593591880162739101610408627813433276414299045397944178878939009409503258753369285023303774871067651660542223616098848310030512273 0 0 0 0 0 0 0 0 0 1 0 0 0 0 0 0 0 0 0 0 0 0 0 0 0 0 0 0 0 0 0 0 0 0 0 0 0 0 0 0 0 0 0 0 0 0 0 0 0 0 0 0 0 0 0 0 0 0 0 0 0 0 0 0 0 0 0 0 0 0 0 0 0 0 0 0]
[2732775402735050031787697168008577752027558455160842835709636154781410228467374900844552148472696374496832745707819736436231676247261236187736021125102039158338507459450421065638302134737111890537099925728660509193917148057556018241 0 0 0 0 0 0 0 0 0 0 1 0 0 0 0 0 0 0 0 0 0 0 0 0 0 0 0 0 0 0 0 0 0 0 0 0 0 0 0 0 0 0 0 0 0 0 0 0 0 0 0 0 0 0 0 0 0 0 0 0 0 0 0 0 0 0 0 0 0 0 0 0 0 0 0 0]
[26419929243430696972094058668774631020713610272940410013583704452319253612529975142741107065998775273081343328530461374985570824787321279477824559921436662155726201050156808699926353711522224447136288182783509254060158366221026085 0 0 0 0 0 0 0 0 0 0 0 1 0 0 0 0 0 0 0 0 0 0 0 0 0 0 0 0 0 0 0 0 0 0 0 0 0 0 0 0 0 0 0 0 0 0 0 0 0 0 0 0 0 0 0 0 0 0 0 0 0 0 0 0 0 0 0 0 0 0 0 0 0 0 0 0]
[265009045044699294635561905670325541297768498216101107045853779374549754681510827614214446751076832748436575821260565419434989066332370987220756089718808185781870671607837850416440289289686763794360777320154788282062765745204763775 0 0 0 0 0 0 0 0 0 0 0 0 1 0 0 0 0 0 0 0 0 0 0 0 0 0 0 0 0 0 0 0 0 0 0 0 0 0 0 0 0 0 0 0 0 0 0 0 0 0 0 0 0 0 0 0 0 0 0 0 0 0 0 0 0 0 0 0 0 0 0 0 0 0 0 0]
[1941603446429153536282173928153118547119716375257560893507591114623982539438621384329697031954192857353915999721908256707191101286975883728911443685927825214581525407335350860034607618970289494373881237071077196655841570066339542981 0 0 0 0 0 0 0 0 0 0 0 0 0 1 0 0 0 0 0 0 0 0 0 0 0 0 0 0 0 0 0 0 0 0 0 0 0 0 0 0 0 0 0 0 0 0 0 0 0 0 0 0 0 0 0 0 0 0 0 0 0 0 0 0 0 0 0 0 0 0 0 0 0 0 0 0]
[2241695176259332372751478352451055072839162995932593002641343335686671787628744464343370414958717869684385369026379337286157356949988682049313441816589343376080699171616072832989779650331741304692995607492337632059890561375886247946 0 0 0 0 0 0 0 0 0 0 0 0 0 0 1 0 0 0 0 0 0 0 0 0 0 0 0 0 0 0 0 0 0 0 0 0 0 0 0 0 0 0 0 0 0 0 0 0 0 0 0 0 0 0 0 0 0 0 0 0 0 0 0 0 0 0 0 0 0 0 0 0 0 0 0 0]
[387596649140828385481274545956467951815423211325865965069367676076137879943653174408462523055231877123540036131920992454345677594581053600773297460107191168938132053037863780032732621660813439875031656808106698810519188652009816593 0 0 0 0 0 0 0 0 0 0 0 0 0 0 0 1 0 0 0 0 0 0 0 0 0 0 0 0 0 0 0 0 0 0 0 0 0 0 0 0 0 0 0 0 0 0 0 0 0 0 0 0 0 0 0 0 0 0 0 0 0 0 0 0 0 0 0 0 0 0 0 0 0 0 0 0]
[877239013227750285138819721012871482468186608490033596766844183306099845604189195955662783657852901927980549232463802658324805031802776988557652300786784406486527825862603674917310841785951296381684040707436085003720877170992133549 0 0 0 0 0 0 0 0 0 0 0 0 0 0 0 0 1 0 0 0 0 0 0 0 0 0 0 0 0 0 0 0 0 0 0 0 0 0 0 0 0 0 0 0 0 0 0 0 0 0 0 0 0 0 0 0 0 0 0 0 0 0 0 0 0 0 0 0 0 0 0 0 0 0 0 0]
[2955398673925901240330404168094664240889120271008688369822207333727139374638543784315216396340201059837112093551908389929643287161275482345910832646736144310523806409096006454164283250379017196397665051163180463335887009165469893634 0 0 0 0 0 0 0 0 0 0 0 0 0 0 0 0 0 1 0 0 0 0 0 0 0 0 0 0 0 0 0 0 0 0 0 0 0 0 0 0 0 0 0 0 0 0 0 0 0 0 0 0 0 0 0 0 0 0 0 0 0 0 0 0 0 0 0 0 0 0 0 0 0 0 0 0]
[946459186028883567263423745640914754532016189884285719072849023694529235718912795292789330412003001120042825330819452801968182903128798014658697208110391090042330825260979811368668274683386119032566002837827941431380150872435926366 0 0 0 0 0 0 0 0 0 0 0 0 0 0 0 0 0 0 1 0 0 0 0 0 0 0 0 0 0 0 0 0 0 0 0 0 0 0 0 0 0 0 0 0 0 0 0 0 0 0 0 0 0 0 0 0 0 0 0 0 0 0 0 0 0 0 0 0 0 0 0 0 0 0 0 0]
[2861226157956007241390508542888525809672754958604756495240207817868366221381358976915648725509646017954517054179612987801919805723464549951668806076784765437159533091687577834545010724366599954418181042411468704768527392494506949418 0 0 0 0 0 0 0 0 0 0 0 0 0 0 0 0 0 0 0 1 0 0 0 0 0 0 0 0 0 0 0 0 0 0 0 0 0 0 0 0 0 0 0 0 0 0 0 0 0 0 0 0 0 0 0 0 0 0 0 0 0 0 0 0 0 0 0 0 0 0 0 0 0 0 0 0]
[2771146992009186825479750378381261902778975396051915641869573525177419863451240339238915087668868514007106128540811422815258537600154724237290606055033182291260887608698001608960913912162271913891081052977983806308624652727232653981 0 0 0 0 0 0 0 0 0 0 0 0 0 0 0 0 0 0 0 0 1 0 0 0 0 0 0 0 0 0 0 0 0 0 0 0 0 0 0 0 0 0 0 0 0 0 0 0 0 0 0 0 0 0 0 0 0 0 0 0 0 0 0 0 0 0 0 0 0 0 0 0 0 0 0 0]
[489088246792120422042502070317489427850682768802164618837177201960873802116999080675131152389478815745762662036424938776873947818722862181077160489107507732940633826720300725040859611875669311490007792981291190592488235195725940232 0 0 0 0 0 0 0 0 0 0 0 0 0 0 0 0 0 0 0 0 0 1 0 0 0 0 0 0 0 0 0 0 0 0 0 0 0 0 0 0 0 0 0 0 0 0 0 0 0 0 0 0 0 0 0 0 0 0 0 0 0 0 0 0 0 0 0 0 0 0 0 0 0 0 0 0]
[2621663352315384714663133399081525233746065053656681013743723131744513766669001400328563222896012953414649394599982011290341161332860156132783242418673511734612641213900599112409333933867909016560778679369984615197283768326269986551 0 0 0 0 0 0 0 0 0 0 0 0 0 0 0 0 0 0 0 0 0 0 1 0 0 0 0 0 0 0 0 0 0 0 0 0 0 0 0 0 0 0 0 0 0 0 0 0 0 0 0 0 0 0 0 0 0 0 0 0 0 0 0 0 0 0 0 0 0 0 0 0 0 0 0 0]
[1385894429912659068662478591612016514973023917252255946798705957919064491853519201544321969677407497104504737371437917724091440432097959235303065011243720242589718635089323614813940319996881051539135759419974149312428085455234025391 0 0 0 0 0 0 0 0 0 0 0 0 0 0 0 0 0 0 0 0 0 0 0 1 0 0 0 0 0 0 0 0 0 0 0 0 0 0 0 0 0 0 0 0 0 0 0 0 0 0 0 0 0 0 0 0 0 0 0 0 0 0 0 0 0 0 0 0 0 0 0 0 0 0 0 0]
[1821637625562718565988996920066598583795037633577237223884649294727195076752675057498902530999465566404725061131281914731026813478767428554917392833114080495455183864463016042140682200187470502722552771713304911325556411337702111041 0 0 0 0 0 0 0 0 0 0 0 0 0 0 0 0 0 0 0 0 0 0 0 0 1 0 0 0 0 0 0 0 0 0 0 0 0 0 0 0 0 0 0 0 0 0 0 0 0 0 0 0 0 0 0 0 0 0 0 0 0 0 0 0 0 0 0 0 0 0 0 0 0 0 0 0]
[2812331083172059003534846091519693845551520145335198856377338300669806946502904975427747957920350766311709985188507458813660414237435833156843257007357578607453518309501474313385176012827748883749791589380313962494823999110432232465 0 0 0 0 0 0 0 0 0 0 0 0 0 0 0 0 0 0 0 0 0 0 0 0 0 1 0 0 0 0 0 0 0 0 0 0 0 0 0 0 0 0 0 0 0 0 0 0 0 0 0 0 0 0 0 0 0 0 0 0 0 0 0 0 0 0 0 0 0 0 0 0 0 0 0 0]
[566071741600335836170888300413492288575914094040424455235882368697747608204060043707404897004127098541730249868121864154216016210833674952814855905913259893118599483889129941843115625250335838986016941240156962575781983784499575534 0 0 0 0 0 0 0 0 0 0 0 0 0 0 0 0 0 0 0 0 0 0 0 0 0 0 1 0 0 0 0 0 0 0 0 0 0 0 0 0 0 0 0 0 0 0 0 0 0 0 0 0 0 0 0 0 0 0 0 0 0 0 0 0 0 0 0 0 0 0 0 0 0 0 0 0]
[1773062570734691365653847367613587090008548031948137488829532661517705479542775733800428063106494040825923023843674100626317435998473800875558433640475674920556164715278171175408139176369808516055087784633024412761808450688674575915 0 0 0 0 0 0 0 0 0 0 0 0 0 0 0 0 0 0 0 0 0 0 0 0 0 0 0 1 0 0 0 0 0 0 0 0 0 0 0 0 0 0 0 0 0 0 0 0 0 0 0 0 0 0 0 0 0 0 0 0 0 0 0 0 0 0 0 0 0 0 0 0 0 0 0 0]
[140578995650474163008660964969647167617167123001376175499747527993927421609739427693692363771877038497983198751027501955532391486574000880038933431233763841362531735219039182913960667160301055265757097663889909007053282529802818004 0 0 0 0 0 0 0 0 0 0 0 0 0 0 0 0 0 0 0 0 0 0 0 0 0 0 0 0 1 0 0 0 0 0 0 0 0 0 0 0 0 0 0 0 0 0 0 0 0 0 0 0 0 0 0 0 0 0 0 0 0 0 0 0 0 0 0 0 0 0 0 0 0 0 0 0]
[2485985540598408203304333641693610100018369148152659798550236701851640293826127625333853252398737050450318846627288661923295951842083628586831825053808253973317089100452034365774872382056633698267454626178537064656121643797355711773 0 0 0 0 0 0 0 0 0 0 0 0 0 0 0 0 0 0 0 0 0 0 0 0 0 0 0 0 0 1 0 0 0 0 0 0 0 0 0 0 0 0 0 0 0 0 0 0 0 0 0 0 0 0 0 0 0 0 0 0 0 0 0 0 0 0 0 0 0 0 0 0 0 0 0 0]
[2947849034714828047531564138246933010475843753765954510356894572137597981275139293389513842292311372774416651523896243696939703142053339264013070572986862828600345653980584930614570762614806966318473924515822107051858484673033468124 0 0 0 0 0 0 0 0 0 0 0 0 0 0 0 0 0 0 0 0 0 0 0 0 0 0 0 0 0 0 1 0 0 0 0 0 0 0 0 0 0 0 0 0 0 0 0 0 0 0 0 0 0 0 0 0 0 0 0 0 0 0 0 0 0 0 0 0 0 0 0 0 0 0 0 0]
[2008675834507899200205683478886428512112693326031312401685760468143915176956947963812219275509328728233254956375783544758370001317217915012214239571521848729389421640264584882990461473508301341163662304941277070807182936816874387371 0 0 0 0 0 0 0 0 0 0 0 0 0 0 0 0 0 0 0 0 0 0 0 0 0 0 0 0 0 0 0 1 0 0 0 0 0 0 0 0 0 0 0 0 0 0 0 0 0 0 0 0 0 0 0 0 0 0 0 0 0 0 0 0 0 0 0 0 0 0 0 0 0 0 0 0]
[1532212884152458915177663574761622843528194561490749183081945497348690695344912835271883549305051957978613390120688929076678410554844854508761853018699358402358724329948884679333553035280493921639801997676747205077160919813293455727 0 0 0 0 0 0 0 0 0 0 0 0 0 0 0 0 0 0 0 0 0 0 0 0 0 0 0 0 0 0 0 0 1 0 0 0 0 0 0 0 0 0 0 0 0 0 0 0 0 0 0 0 0 0 0 0 0 0 0 0 0 0 0 0 0 0 0 0 0 0 0 0 0 0 0 0]
[584269984843696940186448459485737309032435500790613572619435013657952234840209522414314358147018305571738080341874427611609861330506331543169362619049661354916980875261091543874732918543123481352545571250799485390644872215758552551 0 0 0 0 0 0 0 0 0 0 0 0 0 0 0 0 0 0 0 0 0 0 0 0 0 0 0 0 0 0 0 0 0 1 0 0 0 0 0 0 0 0 0 0 0 0 0 0 0 0 0 0 0 0 0 0 0 0 0 0 0 0 0 0 0 0 0 0 0 0 0 0 0 0 0 0]
[2120999192185104627951974808893398561678393985346090809949461942051694553623293533004346997421448602429841593243500907225060757949937816643955704215160292297703076942442247034999516222029195248926215851195517712371757349890855341794 0 0 0 0 0 0 0 0 0 0 0 0 0 0 0 0 0 0 0 0 0 0 0 0 0 0 0 0 0 0 0 0 0 0 1 0 0 0 0 0 0 0 0 0 0 0 0 0 0 0 0 0 0 0 0 0 0 0 0 0 0 0 0 0 0 0 0 0 0 0 0 0 0 0 0 0]
[948162783805634265653971740093308693821794398465232711622483500786159541437049183343873838503279636791061719226509945997628543281479592956512437719530146107832523401582076031673689607847943351242829076345756250755633513691137030938 0 0 0 0 0 0 0 0 0 0 0 0 0 0 0 0 0 0 0 0 0 0 0 0 0 0 0 0 0 0 0 0 0 0 0 1 0 0 0 0 0 0 0 0 0 0 0 0 0 0 0 0 0 0 0 0 0 0 0 0 0 0 0 0 0 0 0 0 0 0 0 0 0 0 0 0]
[1124571402309736891549863445073966142105816491692933425887100663716005627917558163418242774494961354230486590649330130561840770107057704869478184445430479525847928263521015779442742139733969477881334970311743076289137457432487041329 0 0 0 0 0 0 0 0 0 0 0 0 0 0 0 0 0 0 0 0 0 0 0 0 0 0 0 0 0 0 0 0 0 0 0 0 1 0 0 0 0 0 0 0 0 0 0 0 0 0 0 0 0 0 0 0 0 0 0 0 0 0 0 0 0 0 0 0 0 0 0 0 0 0 0 0]
[2917576231895744040135149128738552296468001002388512312214855052622550743092807489432147372600413417139385371209860664479428469234791370690574129198405974740669330998408803429650158443737369591853138132314743605192827648891862164209 0 0 0 0 0 0 0 0 0 0 0 0 0 0 0 0 0 0 0 0 0 0 0 0 0 0 0 0 0 0 0 0 0 0 0 0 0 1 0 0 0 0 0 0 0 0 0 0 0 0 0 0 0 0 0 0 0 0 0 0 0 0 0 0 0 0 0 0 0 0 0 0 0 0 0 0]
[1705502927178505896646188267737188769154026964210316288517612166263468449467672648101649355458399818598696209238628388766442148106176893526119342855556763677331727201331384905468820207343451419331801903494375941075428676842857513866 0 0 0 0 0 0 0 0 0 0 0 0 0 0 0 0 0 0 0 0 0 0 0 0 0 0 0 0 0 0 0 0 0 0 0 0 0 0 1 0 0 0 0 0 0 0 0 0 0 0 0 0 0 0 0 0 0 0 0 0 0 0 0 0 0 0 0 0 0 0 0 0 0 0 0 0]
[3138872628540386611947549455004358139970285706561990320118189450984285731820137102204836603345035293381566871453356690903538959077755913623603077311036972305273899139849347475064786915987590393310853002777923965992128272265468470156 0 0 0 0 0 0 0 0 0 0 0 0 0 0 0 0 0 0 0 0 0 0 0 0 0 0 0 0 0 0 0 0 0 0 0 0 0 0 0 1 0 0 0 0 0 0 0 0 0 0 0 0 0 0 0 0 0 0 0 0 0 0 0 0 0 0 0 0 0 0 0 0 0 0 0 0]
[2113869815452883430087653847646448676629151891337077927693596175735285400613606545930946352896187662668622171310275292858814747807405853614238784582436068488120576421250664672337800930805031158182084429521133770633934325914100918305 0 0 0 0 0 0 0 0 0 0 0 0 0 0 0 0 0 0 0 0 0 0 0 0 0 0 0 0 0 0 0 0 0 0 0 0 0 0 0 0 1 0 0 0 0 0 0 0 0 0 0 0 0 0 0 0 0 0 0 0 0 0 0 0 0 0 0 0 0 0 0 0 0 0 0 0]
[543497117295970600833576253486256199777036613691179059582112864460310459993438595058605288267630376357670967061339581840938882685275890896746482621868702628298472520836017379106632666377654200299435447086612239882649432750831048608 0 0 0 0 0 0 0 0 0 0 0 0 0 0 0 0 0 0 0 0 0 0 0 0 0 0 0 0 0 0 0 0 0 0 0 0 0 0 0 0 0 1 0 0 0 0 0 0 0 0 0 0 0 0 0 0 0 0 0 0 0 0 0 0 0 0 0 0 0 0 0 0 0 0 0 0]
[102425225164201124110143300255470097155875144134208877454786576211665754008547297017572067307808285918943545030603859900075562796551743269838952735759754456982582335380492453968060208354852641188922359861949093270004535143583873552 0 0 0 0 0 0 0 0 0 0 0 0 0 0 0 0 0 0 0 0 0 0 0 0 0 0 0 0 0 0 0 0 0 0 0 0 0 0 0 0 0 0 1 0 0 0 0 0 0 0 0 0 0 0 0 0 0 0 0 0 0 0 0 0 0 0 0 0 0 0 0 0 0 0 0 0]
[921976937018152154708934373716280917954197946252608454169953973288519653539720034729564554097349505427286582144232079824774273635617641193584656796951239249068846545787167226099561172660114190079720677000528579091548768641229280099 0 0 0 0 0 0 0 0 0 0 0 0 0 0 0 0 0 0 0 0 0 0 0 0 0 0 0 0 0 0 0 0 0 0 0 0 0 0 0 0 0 0 0 1 0 0 0 0 0 0 0 0 0 0 0 0 0 0 0 0 0 0 0 0 0 0 0 0 0 0 0 0 0 0 0 0]
[2349170460708582486403475352961576364146837477233062153373003146393487009128027237039518633463112794064499612847674471999799021153105711954278202926795397360012693049520400371766367056867201591703562922415523930718986530505142339981 0 0 0 0 0 0 0 0 0 0 0 0 0 0 0 0 0 0 0 0 0 0 0 0 0 0 0 0 0 0 0 0 0 0 0 0 0 0 0 0 0 0 0 0 1 0 0 0 0 0 0 0 0 0 0 0 0 0 0 0 0 0 0 0 0 0 0 0 0 0 0 0 0 0 0 0]
[3020208415730151015452972578429531025989006158094762846031651684003757317793833645881638484688094831102909823080469557173482253803997057595874536831400084842322930600180062816551612659309100947632217888326087646659390454351920025267 0 0 0 0 0 0 0 0 0 0 0 0 0 0 0 0 0 0 0 0 0 0 0 0 0 0 0 0 0 0 0 0 0 0 0 0 0 0 0 0 0 0 0 0 0 1 0 0 0 0 0 0 0 0 0 0 0 0 0 0 0 0 0 0 0 0 0 0 0 0 0 0 0 0 0 0]
[2506862022369547935037657323340757794722932457688282834055278390745230075319940924186813393891180427789470046529510868245716088589245827470940000376258918264900656655349363419695817741000879859583983967969605215772847744876986518487 0 0 0 0 0 0 0 0 0 0 0 0 0 0 0 0 0 0 0 0 0 0 0 0 0 0 0 0 0 0 0 0 0 0 0 0 0 0 0 0 0 0 0 0 0 0 1 0 0 0 0 0 0 0 0 0 0 0 0 0 0 0 0 0 0 0 0 0 0 0 0 0 0 0 0 0]
[2665662644427823075399131884540853484440380821466337394834436978822951699824311200305269383933242632871028639706064520062325493701712000408021083733483508825683599327950241615653290547968324361202933017887351799881585759772248406224 0 0 0 0 0 0 0 0 0 0 0 0 0 0 0 0 0 0 0 0 0 0 0 0 0 0 0 0 0 0 0 0 0 0 0 0 0 0 0 0 0 0 0 0 0 0 0 1 0 0 0 0 0 0 0 0 0 0 0 0 0 0 0 0 0 0 0 0 0 0 0 0 0 0 0 0]
[1950527635054454760325312987485143195423876730693933093314080456469548988381611987674325625274470917240209429237671641338729555834075717152331486712993450651980914540549015588455496430379618063529595966581621179484568379003595336895 0 0 0 0 0 0 0 0 0 0 0 0 0 0 0 0 0 0 0 0 0 0 0 0 0 0 0 0 0 0 0 0 0 0 0 0 0 0 0 0 0 0 0 0 0 0 0 0 1 0 0 0 0 0 0 0 0 0 0 0 0 0 0 0 0 0 0 0 0 0 0 0 0 0 0 0]
[2597264266728276709580186419987580907593581536964141544825410206950130393903350881641519861652481086940999584019048715884651694838347161192151016839225399795213236025391581135524661916196101444440311240471105906970969124664532971971 0 0 0 0 0 0 0 0 0 0 0 0 0 0 0 0 0 0 0 0 0 0 0 0 0 0 0 0 0 0 0 0 0 0 0 0 0 0 0 0 0 0 0 0 0 0 0 0 0 1 0 0 0 0 0 0 0 0 0 0 0 0 0 0 0 0 0 0 0 0 0 0 0 0 0 0]
[1570376625768025277381156757991518931256113323373084165150423235642440129312360501607045483405787224409327771234167988414003774158477046906356267403938134721304008329181294485982395241549208880741744461738617821799302352472485473207 0 0 0 0 0 0 0 0 0 0 0 0 0 0 0 0 0 0 0 0 0 0 0 0 0 0 0 0 0 0 0 0 0 0 0 0 0 0 0 0 0 0 0 0 0 0 0 0 0 0 1 0 0 0 0 0 0 0 0 0 0 0 0 0 0 0 0 0 0 0 0 0 0 0 0 0]
[3036569885578393720547589885110186768121137215999515989023765880003414632297424177201832683870820819151685085892593952995849903102663311843407374000237064879508706709052333365313261980961307470890414381111640158802237968256102336193 0 0 0 0 0 0 0 0 0 0 0 0 0 0 0 0 0 0 0 0 0 0 0 0 0 0 0 0 0 0 0 0 0 0 0 0 0 0 0 0 0 0 0 0 0 0 0 0 0 0 0 1 0 0 0 0 0 0 0 0 0 0 0 0 0 0 0 0 0 0 0 0 0 0 0 0]
[1509355796961030714436866085291138385824858319193963064586987509540761906340562013080187575575194236031229134425394558126936872191739384467903852451959243465381303416961749589846370554547922387819183310158269183523532496839998308858 0 0 0 0 0 0 0 0 0 0 0 0 0 0 0 0 0 0 0 0 0 0 0 0 0 0 0 0 0 0 0 0 0 0 0 0 0 0 0 0 0 0 0 0 0 0 0 0 0 0 0 0 1 0 0 0 0 0 0 0 0 0 0 0 0 0 0 0 0 0 0 0 0 0 0 0]
[3031184217428532876752841119094331755060307159608689885528171888509746253400029533794158859174430649482556769999526611895560865788176167376365607201249332652642819670037017087887275984112635012879287669792221231309971745987368143014 0 0 0 0 0 0 0 0 0 0 0 0 0 0 0 0 0 0 0 0 0 0 0 0 0 0 0 0 0 0 0 0 0 0 0 0 0 0 0 0 0 0 0 0 0 0 0 0 0 0 0 0 0 1 0 0 0 0 0 0 0 0 0 0 0 0 0 0 0 0 0 0 0 0 0 0]
[1925081295268093842551226699806639107884491731686378445573372391066042320876231892192492602708698203328811026648696489282441216402104921929861188879426601101572007395244931905008922177815119401701221986312105795263453757151497744292 0 0 0 0 0 0 0 0 0 0 0 0 0 0 0 0 0 0 0 0 0 0 0 0 0 0 0 0 0 0 0 0 0 0 0 0 0 0 0 0 0 0 0 0 0 0 0 0 0 0 0 0 0 0 1 0 0 0 0 0 0 0 0 0 0 0 0 0 0 0 0 0 0 0 0 0]
[1718329908836754617041270132015998486580385579174776285527596441051417894525051458628473682966190629557106763602718564421706032146609869002849689264335331215648252839237695302273917769628686292185368961144109733406615722597230411160 0 0 0 0 0 0 0 0 0 0 0 0 0 0 0 0 0 0 0 0 0 0 0 0 0 0 0 0 0 0 0 0 0 0 0 0 0 0 0 0 0 0 0 0 0 0 0 0 0 0 0 0 0 0 0 1 0 0 0 0 0 0 0 0 0 0 0 0 0 0 0 0 0 0 0 0]
[2734891508722858484531493293587721000097849953272106335295727748494858417533536645114665052890169292852502765573961723287188519138001919070158371819583671552697905537000244924684986473518443833170716307957346862459062533690002879930 0 0 0 0 0 0 0 0 0 0 0 0 0 0 0 0 0 0 0 0 0 0 0 0 0 0 0 0 0 0 0 0 0 0 0 0 0 0 0 0 0 0 0 0 0 0 0 0 0 0 0 0 0 0 0 0 1 0 0 0 0 0 0 0 0 0 0 0 0 0 0 0 0 0 0 0]
[1791485117516214850446646935818937116991555937967027400544423633649082553120957216872550893745590408765096824593397153532284848847564059910120951682002558715813625994807150871836187241546708188435512647029989862792349998427091645815 0 0 0 0 0 0 0 0 0 0 0 0 0 0 0 0 0 0 0 0 0 0 0 0 0 0 0 0 0 0 0 0 0 0 0 0 0 0 0 0 0 0 0 0 0 0 0 0 0 0 0 0 0 0 0 0 0 1 0 0 0 0 0 0 0 0 0 0 0 0 0 0 0 0 0 0]
[2075349699321473277166336178073353301776630719171373682376021881141938817487345654503550166268483044718530496768564216190314723524820633968566791614061052726571319909989382162569262139703705297434726755207862926763849394800973916444 0 0 0 0 0 0 0 0 0 0 0 0 0 0 0 0 0 0 0 0 0 0 0 0 0 0 0 0 0 0 0 0 0 0 0 0 0 0 0 0 0 0 0 0 0 0 0 0 0 0 0 0 0 0 0 0 0 0 1 0 0 0 0 0 0 0 0 0 0 0 0 0 0 0 0 0]
[1105348324688931176799418886759054462178508866984480173925881632136206959234520711629396844996555057530466579415845652484805658962747582598436874111402651016645962217026277945230462724571391832827575294614476356970339093702713160280 0 0 0 0 0 0 0 0 0 0 0 0 0 0 0 0 0 0 0 0 0 0 0 0 0 0 0 0 0 0 0 0 0 0 0 0 0 0 0 0 0 0 0 0 0 0 0 0 0 0 0 0 0 0 0 0 0 0 0 1 0 0 0 0 0 0 0 0 0 0 0 0 0 0 0 0]
[1937750714695201200416990543236965640739004632949953715312296136952290356435217386474337516234382258851164696835980480980369295495952426139910196572433795670758905006551806354784974760583180704871704578442751290133611691724811064919 0 0 0 0 0 0 0 0 0 0 0 0 0 0 0 0 0 0 0 0 0 0 0 0 0 0 0 0 0 0 0 0 0 0 0 0 0 0 0 0 0 0 0 0 0 0 0 0 0 0 0 0 0 0 0 0 0 0 0 0 1 0 0 0 0 0 0 0 0 0 0 0 0 0 0 0]
[1462143559190987196663887832994297322893110377279058957366173843031923676610284299823856941344725499589000394944098117405121656425167522444561744397377482024643800324529274155972713213262991819085626458110814063817999902666942229403 0 0 0 0 0 0 0 0 0 0 0 0 0 0 0 0 0 0 0 0 0 0 0 0 0 0 0 0 0 0 0 0 0 0 0 0 0 0 0 0 0 0 0 0 0 0 0 0 0 0 0 0 0 0 0 0 0 0 0 0 0 1 0 0 0 0 0 0 0 0 0 0 0 0 0 0]
[1099649599179839620436676711713494729130486543348141903722213775475095582795093550779361220399425250034920756394383540312779095536185362701765558292250343193732187034211494396197356757429989210970610014254759087825765764706306660567 0 0 0 0 0 0 0 0 0 0 0 0 0 0 0 0 0 0 0 0 0 0 0 0 0 0 0 0 0 0 0 0 0 0 0 0 0 0 0 0 0 0 0 0 0 0 0 0 0 0 0 0 0 0 0 0 0 0 0 0 0 0 1 0 0 0 0 0 0 0 0 0 0 0 0 0]
[459327259471093100510164169186506265600140505309460404358692232499507212310512524795793813866656240963882041440312374740856983154609466839948222387011437122540614717481879880049874813159066078882521529608424923631635006543430684305 0 0 0 0 0 0 0 0 0 0 0 0 0 0 0 0 0 0 0 0 0 0 0 0 0 0 0 0 0 0 0 0 0 0 0 0 0 0 0 0 0 0 0 0 0 0 0 0 0 0 0 0 0 0 0 0 0 0 0 0 0 0 0 1 0 0 0 0 0 0 0 0 0 0 0 0]
[537491859294684921133667786964075977697668919072446571825210078476736868669888683921103662541636393542447198473767161516641476573691227303919487550148438260333992298222356147195440265053837541354174404493123930937902912335775295692 0 0 0 0 0 0 0 0 0 0 0 0 0 0 0 0 0 0 0 0 0 0 0 0 0 0 0 0 0 0 0 0 0 0 0 0 0 0 0 0 0 0 0 0 0 0 0 0 0 0 0 0 0 0 0 0 0 0 0 0 0 0 0 0 1 0 0 0 0 0 0 0 0 0 0 0]
[2642867849097836778632668992990037047402336400480028538541926293226671311685918430419814597841189260987806592097267476021631396881698279924010801103270659946161372040399966421265871395930325161295129883731346471829992998790017732487 0 0 0 0 0 0 0 0 0 0 0 0 0 0 0 0 0 0 0 0 0 0 0 0 0 0 0 0 0 0 0 0 0 0 0 0 0 0 0 0 0 0 0 0 0 0 0 0 0 0 0 0 0 0 0 0 0 0 0 0 0 0 0 0 0 1 0 0 0 0 0 0 0 0 0 0]
[886773277792218903115982842256083653538405091767344668335669768414364357694688029007175130741895585926766066029290869321157334849165457119507906454529666616067838634534132419216642330036062242993667416155739136374899141412119373658 0 0 0 0 0 0 0 0 0 0 0 0 0 0 0 0 0 0 0 0 0 0 0 0 0 0 0 0 0 0 0 0 0 0 0 0 0 0 0 0 0 0 0 0 0 0 0 0 0 0 0 0 0 0 0 0 0 0 0 0 0 0 0 0 0 0 1 0 0 0 0 0 0 0 0 0]
[1237117845936198800865315512156660348464409766017832925509256766583087854916488474717585386823518264798228128889493476333175671572440365278003816900269617940053670896050525184109352550310554765801854974030741358201968826533738935264 0 0 0 0 0 0 0 0 0 0 0 0 0 0 0 0 0 0 0 0 0 0 0 0 0 0 0 0 0 0 0 0 0 0 0 0 0 0 0 0 0 0 0 0 0 0 0 0 0 0 0 0 0 0 0 0 0 0 0 0 0 0 0 0 0 0 0 1 0 0 0 0 0 0 0 0]
[814792437168359676333297894362878805173403384066848125348454436326446730635097134287827946814991711691793111417664165630547120221888650802511843185101179565312288831384794444435060840058517178042857918277306237940912004737505039932 0 0 0 0 0 0 0 0 0 0 0 0 0 0 0 0 0 0 0 0 0 0 0 0 0 0 0 0 0 0 0 0 0 0 0 0 0 0 0 0 0 0 0 0 0 0 0 0 0 0 0 0 0 0 0 0 0 0 0 0 0 0 0 0 0 0 0 0 1 0 0 0 0 0 0 0]
[1073469347196437267852876539923985568388027865267851916120305198764487737556684013454242003913913760184184597808672493512988369270778413395836323360524417643840791978094491756227301588503238388509094236794978860701548309248695616510 0 0 0 0 0 0 0 0 0 0 0 0 0 0 0 0 0 0 0 0 0 0 0 0 0 0 0 0 0 0 0 0 0 0 0 0 0 0 0 0 0 0 0 0 0 0 0 0 0 0 0 0 0 0 0 0 0 0 0 0 0 0 0 0 0 0 0 0 0 1 0 0 0 0 0 0]
[2153694933583222279990924123206183533630839859653135278674701907975182790931029732402665936473485278481779048766197626591223987253567865220007518871346386927267051549244576034946721163306908675116734416812858550796512021228430380661 0 0 0 0 0 0 0 0 0 0 0 0 0 0 0 0 0 0 0 0 0 0 0 0 0 0 0 0 0 0 0 0 0 0 0 0 0 0 0 0 0 0 0 0 0 0 0 0 0 0 0 0 0 0 0 0 0 0 0 0 0 0 0 0 0 0 0 0 0 0 1 0 0 0 0 0]
[1478246531015734455345274580975928410028932394731973926294140234933332339084060032000516363389365047587659975831550925427610865978812009982531965607195519975534406017919154320234754181729485061430834145181939003973872655410469445122 0 0 0 0 0 0 0 0 0 0 0 0 0 0 0 0 0 0 0 0 0 0 0 0 0 0 0 0 0 0 0 0 0 0 0 0 0 0 0 0 0 0 0 0 0 0 0 0 0 0 0 0 0 0 0 0 0 0 0 0 0 0 0 0 0 0 0 0 0 0 0 1 0 0 0 0]
[3218932799769434493092249721285988923704528996689555775126397529116507538034345445281807009816375421343966288907721759208508752113382199096991197388902437164052891705476304516652871238079722291741510573016046298366738752326149740514 0 0 0 0 0 0 0 0 0 0 0 0 0 0 0 0 0 0 0 0 0 0 0 0 0 0 0 0 0 0 0 0 0 0 0 0 0 0 0 0 0 0 0 0 0 0 0 0 0 0 0 0 0 0 0 0 0 0 0 0 0 0 0 0 0 0 0 0 0 0 0 0 1 0 0 0]
[1336519460111311058999538078293804171262417321121443965842445833474400161071431825018344194184164227946968653827327219378242686966607332789743547897142190345028737358779473460885758167980148255694539843076909571647595811222348049963 0 0 0 0 0 0 0 0 0 0 0 0 0 0 0 0 0 0 0 0 0 0 0 0 0 0 0 0 0 0 0 0 0 0 0 0 0 0 0 0 0 0 0 0 0 0 0 0 0 0 0 0 0 0 0 0 0 0 0 0 0 0 0 0 0 0 0 0 0 0 0 0 0 1 0 0]
[2592644518657370679579507424720599649270355780973553366589873461530016898918148097513691704616104155684920164422585950965432598091242543441206248255644339254385214492231004375578881097711387782846495957907747102186579430073285351113 0 0 0 0 0 0 0 0 0 0 0 0 0 0 0 0 0 0 0 0 0 0 0 0 0 0 0 0 0 0 0 0 0 0 0 0 0 0 0 0 0 0 0 0 0 0 0 0 0 0 0 0 0 0 0 0 0 0 0 0 0 0 0 0 0 0 0 0 0 0 0 0 0 0 1 0]
[996615492938963032902452146487354736458167961917541916445646198328248749451281631916850817165124337143543442042620339416072623548451357158235467430174029909662982115343970042075699999378932916663764625740502544505707431782105117489 0 0 0 0 0 0 0 0 0 0 0 0 0 0 0 0 0 0 0 0 0 0 0 0 0 0 0 0 0 0 0 0 0 0 0 0 0 0 0 0 0 0 0 0 0 0 0 0 0 0 0 0 0 0 0 0 0 0 0 0 0 0 0 0 0 0 0 0 0 0 0 0 0 0 0 1]
]
