[[2854874107465353763372471967212094114714831174245226383670967455078901540074877219621636243098296117857660613641505636194715274450356127329397387911 0 0 0 0 0 0 0 0 0 0 0 0 0 0 0 0 0 0 0 0 0 0 0 0 0 0 0 0 0 0 0 0 0 0 0 0 0 0 0 0 0 0 0 0 0 0 0 0]
[676667620077154869053811877098944924648295385175449864470924052704607127046848551556907694996873218924434218163588013025558935725231017768206327066 1 0 0 0 0 0 0 0 0 0 0 0 0 0 0 0 0 0 0 0 0 0 0 0 0 0 0 0 0 0 0 0 0 0 0 0 0 0 0 0 0 0 0 0 0 0 0 0]
[922272050827979549432101001426633931426439045895647804643020668897245136989970379293462328297222336290155010071192219835029297376250861574724286869 0 1 0 0 0 0 0 0 0 0 0 0 0 0 0 0 0 0 0 0 0 0 0 0 0 0 0 0 0 0 0 0 0 0 0 0 0 0 0 0 0 0 0 0 0 0 0 0]
[141630870193054423879142236200132183232220744683965861699952568449814992582806403219363260581041555841149248539623888742924269540158991776174891264 0 0 1 0 0 0 0 0 0 0 0 0 0 0 0 0 0 0 0 0 0 0 0 0 0 0 0 0 0 0 0 0 0 0 0 0 0 0 0 0 0 0 0 0 0 0 0 0]
[629680353207029704698115178850999019411437172152124914717776076479368872623198215475294438592213345816622143523897692860432191193064342524689159875 0 0 0 1 0 0 0 0 0 0 0 0 0 0 0 0 0 0 0 0 0 0 0 0 0 0 0 0 0 0 0 0 0 0 0 0 0 0 0 0 0 0 0 0 0 0 0 0]
[776801131069433349997580403917966699714663222551313498451317502019560312269903094700872396144802316070156655280922927630004048598631594544120245609 0 0 0 0 1 0 0 0 0 0 0 0 0 0 0 0 0 0 0 0 0 0 0 0 0 0 0 0 0 0 0 0 0 0 0 0 0 0 0 0 0 0 0 0 0 0 0 0]
[1885675861080598211855214147974562982068389369870268657202256994220754823433881888320367769952807647707882825058807651279344795577584672196399719479 0 0 0 0 0 1 0 0 0 0 0 0 0 0 0 0 0 0 0 0 0 0 0 0 0 0 0 0 0 0 0 0 0 0 0 0 0 0 0 0 0 0 0 0 0 0 0 0]
[619255280143586541530637651630551260815017322347692730772656213385469767453139555492548957239488878006574526069689613048114010857539148007039052698 0 0 0 0 0 0 1 0 0 0 0 0 0 0 0 0 0 0 0 0 0 0 0 0 0 0 0 0 0 0 0 0 0 0 0 0 0 0 0 0 0 0 0 0 0 0 0 0]
[88550654859622826581438737017101478157183909828330841452438947435886842318095669945717112906954388555096461822156423775407558589375694108125634927 0 0 0 0 0 0 0 1 0 0 0 0 0 0 0 0 0 0 0 0 0 0 0 0 0 0 0 0 0 0 0 0 0 0 0 0 0 0 0 0 0 0 0 0 0 0 0 0]
[2490785238735904068265972246904872441675347775573106158188175832836352628073355828213208427910455396385003443691238106966411465820999070459269092370 0 0 0 0 0 0 0 0 1 0 0 0 0 0 0 0 0 0 0 0 0 0 0 0 0 0 0 0 0 0 0 0 0 0 0 0 0 0 0 0 0 0 0 0 0 0 0 0]
[1575194357498376559258914109153830494992997863283932791632071069972622459404468923928098703442073060430957574695582094661874999605390429631768587359 0 0 0 0 0 0 0 0 0 1 0 0 0 0 0 0 0 0 0 0 0 0 0 0 0 0 0 0 0 0 0 0 0 0 0 0 0 0 0 0 0 0 0 0 0 0 0 0]
[450447168304842951754376372170252204167511783185890524714241835225969901157189499726668809670250633376429242170786426583921206823085634768021978586 0 0 0 0 0 0 0 0 0 0 1 0 0 0 0 0 0 0 0 0 0 0 0 0 0 0 0 0 0 0 0 0 0 0 0 0 0 0 0 0 0 0 0 0 0 0 0 0]
[50545910562091954090591028704954200445492351341616001843376678084836723233328127712760369807833943525712415559718896351033201593459837600864026239 0 0 0 0 0 0 0 0 0 0 0 1 0 0 0 0 0 0 0 0 0 0 0 0 0 0 0 0 0 0 0 0 0 0 0 0 0 0 0 0 0 0 0 0 0 0 0 0]
[1361686865232479211549864012464150250763368880278133463548113290837806847508698720058643219181387729459616747000447775658972759167016870925939425887 0 0 0 0 0 0 0 0 0 0 0 0 1 0 0 0 0 0 0 0 0 0 0 0 0 0 0 0 0 0 0 0 0 0 0 0 0 0 0 0 0 0 0 0 0 0 0 0]
[960597707645727456143201197663829136505491755952936072660254415418153201876797531562587027555699633556993818351095459482480111714330398712862650736 0 0 0 0 0 0 0 0 0 0 0 0 0 1 0 0 0 0 0 0 0 0 0 0 0 0 0 0 0 0 0 0 0 0 0 0 0 0 0 0 0 0 0 0 0 0 0 0]
[532064249527836059100171376641663223122510157184909115816786331395326290718514670046475700284005335660473165301643109846214243376485238750126570159 0 0 0 0 0 0 0 0 0 0 0 0 0 0 1 0 0 0 0 0 0 0 0 0 0 0 0 0 0 0 0 0 0 0 0 0 0 0 0 0 0 0 0 0 0 0 0 0]
[1481275109409074405723901417779774002504159940551406486748925563978109122556829426856303558466687302218853644860119737177394094626302949933425345452 0 0 0 0 0 0 0 0 0 0 0 0 0 0 0 1 0 0 0 0 0 0 0 0 0 0 0 0 0 0 0 0 0 0 0 0 0 0 0 0 0 0 0 0 0 0 0 0]
[1438223839394340785755135860738749289534396455407638834065541705831930677672768731708611653026301274008073485277065864229353645710133099886712560074 0 0 0 0 0 0 0 0 0 0 0 0 0 0 0 0 1 0 0 0 0 0 0 0 0 0 0 0 0 0 0 0 0 0 0 0 0 0 0 0 0 0 0 0 0 0 0 0]
[2507661100561184191959651617765459828774624688415079498342617512021278432117597807297651688632554074949918654504482007872498996909482693540942775903 0 0 0 0 0 0 0 0 0 0 0 0 0 0 0 0 0 1 0 0 0 0 0 0 0 0 0 0 0 0 0 0 0 0 0 0 0 0 0 0 0 0 0 0 0 0 0 0]
[2672695469041512565294478125134109331670032931257255475083265579876696224031159892813364840909367255746583693704982434465963475548209968980452952217 0 0 0 0 0 0 0 0 0 0 0 0 0 0 0 0 0 0 1 0 0 0 0 0 0 0 0 0 0 0 0 0 0 0 0 0 0 0 0 0 0 0 0 0 0 0 0 0]
[1163742106946004259082949219053445477654094606926950046506419974354174173263019087443072469418637560624886737721633409803384341795068943632536497117 0 0 0 0 0 0 0 0 0 0 0 0 0 0 0 0 0 0 0 1 0 0 0 0 0 0 0 0 0 0 0 0 0 0 0 0 0 0 0 0 0 0 0 0 0 0 0 0]
[724674480956927480930042219414600360743996506955181697244838640251935646092252687988435140632270922400183208956970366933204305443517788088264923808 0 0 0 0 0 0 0 0 0 0 0 0 0 0 0 0 0 0 0 0 1 0 0 0 0 0 0 0 0 0 0 0 0 0 0 0 0 0 0 0 0 0 0 0 0 0 0 0]
[1469997373129384620032502069185945573694162004171313556074295429672616492831852426635889304366246503040493639939947486636732315962875221753702732777 0 0 0 0 0 0 0 0 0 0 0 0 0 0 0 0 0 0 0 0 0 1 0 0 0 0 0 0 0 0 0 0 0 0 0 0 0 0 0 0 0 0 0 0 0 0 0 0]
[250960013809803697199201839580088454723377052208871041101389821846716132857838211334317736309836179920523536316275513538082184397391038746989902245 0 0 0 0 0 0 0 0 0 0 0 0 0 0 0 0 0 0 0 0 0 0 1 0 0 0 0 0 0 0 0 0 0 0 0 0 0 0 0 0 0 0 0 0 0 0 0 0]
[1693751334066077052905699546287932540110387189362925411183230339130114582748533571468439894939029793268654287765329089161441879615481913265675744940 0 0 0 0 0 0 0 0 0 0 0 0 0 0 0 0 0 0 0 0 0 0 0 1 0 0 0 0 0 0 0 0 0 0 0 0 0 0 0 0 0 0 0 0 0 0 0 0]
[1979379324546714180850251771160079481686577190805285726561079060898048818074955937032335182801279664852345821440310400982537863728946972086854678632 0 0 0 0 0 0 0 0 0 0 0 0 0 0 0 0 0 0 0 0 0 0 0 0 1 0 0 0 0 0 0 0 0 0 0 0 0 0 0 0 0 0 0 0 0 0 0 0]
[974420798416996967665330441208580522160462832687597229928516909004874980087322771971867963558979033351778325906316544818657711934564349745138143584 0 0 0 0 0 0 0 0 0 0 0 0 0 0 0 0 0 0 0 0 0 0 0 0 0 1 0 0 0 0 0 0 0 0 0 0 0 0 0 0 0 0 0 0 0 0 0 0]
[760140827466597705049173981759210675673743300461416643802168355218243855952761300614855584133510735366429261265956643492546044937917109197036960375 0 0 0 0 0 0 0 0 0 0 0 0 0 0 0 0 0 0 0 0 0 0 0 0 0 0 1 0 0 0 0 0 0 0 0 0 0 0 0 0 0 0 0 0 0 0 0 0]
[714171268832106074314488079503846939036684981777053278016208474103013539777093467540179680090628255076976026634224217358343682322727068258912846481 0 0 0 0 0 0 0 0 0 0 0 0 0 0 0 0 0 0 0 0 0 0 0 0 0 0 0 1 0 0 0 0 0 0 0 0 0 0 0 0 0 0 0 0 0 0 0 0]
[494962756352693683794159061933890436364672030643700481270957344759697536337305449447634845188036845552488169968046209833191420137437598658651032776 0 0 0 0 0 0 0 0 0 0 0 0 0 0 0 0 0 0 0 0 0 0 0 0 0 0 0 0 1 0 0 0 0 0 0 0 0 0 0 0 0 0 0 0 0 0 0 0]
[2732937744882757480961415471895492444220640704351433200228127469547159786660862288170873045524511773098710649094829622989649284711844398571413896511 0 0 0 0 0 0 0 0 0 0 0 0 0 0 0 0 0 0 0 0 0 0 0 0 0 0 0 0 0 1 0 0 0 0 0 0 0 0 0 0 0 0 0 0 0 0 0 0]
[1959213532311826314108029126156554159392007519987941862175826933125976495207425445860133772516829799482882174586859444105696624574563803888601109730 0 0 0 0 0 0 0 0 0 0 0 0 0 0 0 0 0 0 0 0 0 0 0 0 0 0 0 0 0 0 1 0 0 0 0 0 0 0 0 0 0 0 0 0 0 0 0 0]
[1341549507152696706574143360455499781190118200637216034298653308194962068338042824187230123995498044765688552692839506068561472149106970447655763281 0 0 0 0 0 0 0 0 0 0 0 0 0 0 0 0 0 0 0 0 0 0 0 0 0 0 0 0 0 0 0 1 0 0 0 0 0 0 0 0 0 0 0 0 0 0 0 0]
[834195829160943363618162009477356800243427483983815953436517268690786462182191305371054912181016326307304039199666678561350511905362075207410444221 0 0 0 0 0 0 0 0 0 0 0 0 0 0 0 0 0 0 0 0 0 0 0 0 0 0 0 0 0 0 0 0 1 0 0 0 0 0 0 0 0 0 0 0 0 0 0 0]
[261872523879020831253149929463575493292382776539834930975350938919240690021712267935601865192043432267636868825726527085234996813314266013188105373 0 0 0 0 0 0 0 0 0 0 0 0 0 0 0 0 0 0 0 0 0 0 0 0 0 0 0 0 0 0 0 0 0 1 0 0 0 0 0 0 0 0 0 0 0 0 0 0]
[1145362651444081338363886101935987733870328385237837153176394993803350870889178133165577787476929389077276219935728077456078393575035975914290474482 0 0 0 0 0 0 0 0 0 0 0 0 0 0 0 0 0 0 0 0 0 0 0 0 0 0 0 0 0 0 0 0 0 0 1 0 0 0 0 0 0 0 0 0 0 0 0 0]
[914383599203371047870286470892588360456468915376247676560442437675145128197634189813392611309052716092364996923985682810100037208917241926078961069 0 0 0 0 0 0 0 0 0 0 0 0 0 0 0 0 0 0 0 0 0 0 0 0 0 0 0 0 0 0 0 0 0 0 0 1 0 0 0 0 0 0 0 0 0 0 0 0]
[2693661184085360181625902204745733974761149092725424055808987728323356738593152142177332487922225221044709505165327241636864517151956601464399061102 0 0 0 0 0 0 0 0 0 0 0 0 0 0 0 0 0 0 0 0 0 0 0 0 0 0 0 0 0 0 0 0 0 0 0 0 1 0 0 0 0 0 0 0 0 0 0 0]
[2121963597686289634760055987221572321033612597023574500356178047593152850649724250982470089659004946508358461290543386652781604176185103490648537793 0 0 0 0 0 0 0 0 0 0 0 0 0 0 0 0 0 0 0 0 0 0 0 0 0 0 0 0 0 0 0 0 0 0 0 0 0 1 0 0 0 0 0 0 0 0 0 0]
[2846277468053766195920763307354274214326309687744606714475602052865645009458436007468627642655244442908806479083993344420256392546205854859412195011 0 0 0 0 0 0 0 0 0 0 0 0 0 0 0 0 0 0 0 0 0 0 0 0 0 0 0 0 0 0 0 0 0 0 0 0 0 0 1 0 0 0 0 0 0 0 0 0]
[574279521948106912635285090671176382655224770062131566763418239465698878707425342492504931739646597588671406819215657801892393575688678948381357744 0 0 0 0 0 0 0 0 0 0 0 0 0 0 0 0 0 0 0 0 0 0 0 0 0 0 0 0 0 0 0 0 0 0 0 0 0 0 0 1 0 0 0 0 0 0 0 0]
[2483695471977859712705181586081538158157111502862919845376454538329574809506478721179008341145948623896454007881450038050371098293310612341013930043 0 0 0 0 0 0 0 0 0 0 0 0 0 0 0 0 0 0 0 0 0 0 0 0 0 0 0 0 0 0 0 0 0 0 0 0 0 0 0 0 1 0 0 0 0 0 0 0]
[566330153187736043117972065438278035770727098750960112950872335119448402154322708993868115039325205609136754721650798537708284782816821092611740063 0 0 0 0 0 0 0 0 0 0 0 0 0 0 0 0 0 0 0 0 0 0 0 0 0 0 0 0 0 0 0 0 0 0 0 0 0 0 0 0 0 1 0 0 0 0 0 0]
[2200085245749752551784187691882193268148509691096259447113242267067341246345732384527125142103584056764234149474021761417967860817147929895538660995 0 0 0 0 0 0 0 0 0 0 0 0 0 0 0 0 0 0 0 0 0 0 0 0 0 0 0 0 0 0 0 0 0 0 0 0 0 0 0 0 0 0 1 0 0 0 0 0]
[2808323647203438753715970574955377165239145631961361606085495056031508585587724269480995231177147907330565050290665999811821735095616273694163534103 0 0 0 0 0 0 0 0 0 0 0 0 0 0 0 0 0 0 0 0 0 0 0 0 0 0 0 0 0 0 0 0 0 0 0 0 0 0 0 0 0 0 0 1 0 0 0 0]
[2733030695260663875852752516755165731739743975738077898840707554309392746884088206769664227895997693705568781483442600697898398032676931814552726268 0 0 0 0 0 0 0 0 0 0 0 0 0 0 0 0 0 0 0 0 0 0 0 0 0 0 0 0 0 0 0 0 0 0 0 0 0 0 0 0 0 0 0 0 1 0 0 0]
[1800423965802478609412401066871252945374808468799771783543925670526571939222225963672965969741446170440528977828818470266201673307269795435475237532 0 0 0 0 0 0 0 0 0 0 0 0 0 0 0 0 0 0 0 0 0 0 0 0 0 0 0 0 0 0 0 0 0 0 0 0 0 0 0 0 0 0 0 0 0 1 0 0]
[63214234292608373127235836125042353365173999482657004336637305420662645367196812523498344120045555853249741319993720301398228465014073744745969439 0 0 0 0 0 0 0 0 0 0 0 0 0 0 0 0 0 0 0 0 0 0 0 0 0 0 0 0 0 0 0 0 0 0 0 0 0 0 0 0 0 0 0 0 0 0 1 0]
[873990554619538193316267828391540196613383003156002538946922978111588049311829859551163219915771847973949524694071615835164716786958195458990259878 0 0 0 0 0 0 0 0 0 0 0 0 0 0 0 0 0 0 0 0 0 0 0 0 0 0 0 0 0 0 0 0 0 0 0 0 0 0 0 0 0 0 0 0 0 0 0 1]
]
