[[4761018912183520616665101694679621601708804100947172259399391039537432849427297732327412309044296783013183807927049953766743485428031503521712152410898359226413765479002182598616818161784838103133608356212635983849153963378589914995493004057195713691579309867506089639424378546530979087 0 0 0 0 0 0 0 0 0 0 0 0 0 0 0 0 0 0 0 0 0 0 0 0 0 0 0 0 0 0 0 0 0 0 0 0 0 0 0 0 0 0 0 0 0 0 0 0 0 0 0 0 0 0 0 0 0 0 0 0 0 0 0 0 0 0 0 0 0 0 0 0 0 0 0 0 0 0 0 0 0 0 0 0 0 0 0 0 0 0 0 0 0 0]
[965389464926468111130165384911516437850740037340996203296397652612370616342182450644472332350117099478824820306364253072625834740843706051508319657728543966680159803325072425174136814003130942123599524472641979936465371839068036112428841892051171086234272066739791919956510365573898046 1 0 0 0 0 0 0 0 0 0 0 0 0 0 0 0 0 0 0 0 0 0 0 0 0 0 0 0 0 0 0 0 0 0 0 0 0 0 0 0 0 0 0 0 0 0 0 0 0 0 0 0 0 0 0 0 0 0 0 0 0 0 0 0 0 0 0 0 0 0 0 0 0 0 0 0 0 0 0 0 0 0 0 0 0 0 0 0 0 0 0 0 0 0]
[3595256800711147000048525372715317376937024694457410517266433261042490471204725768087906658213395985355684216983934184350672659722201285451257411236152055535588100704624864797781926370964682127502156353437753023371723190776341176276643096774906391535837051261562786355714938591164453859 0 1 0 0 0 0 0 0 0 0 0 0 0 0 0 0 0 0 0 0 0 0 0 0 0 0 0 0 0 0 0 0 0 0 0 0 0 0 0 0 0 0 0 0 0 0 0 0 0 0 0 0 0 0 0 0 0 0 0 0 0 0 0 0 0 0 0 0 0 0 0 0 0 0 0 0 0 0 0 0 0 0 0 0 0 0 0 0 0 0 0 0 0 0]
[4235987988826586595971709921112638853238955797831786489273568407771910511840759232774664220236035291457628560881907981011508606838911510186917436536363227714065104397506909886054191959863673139514040995422908942838896552078339162780789765577767549249117243982252838289880682461861617378 0 0 1 0 0 0 0 0 0 0 0 0 0 0 0 0 0 0 0 0 0 0 0 0 0 0 0 0 0 0 0 0 0 0 0 0 0 0 0 0 0 0 0 0 0 0 0 0 0 0 0 0 0 0 0 0 0 0 0 0 0 0 0 0 0 0 0 0 0 0 0 0 0 0 0 0 0 0 0 0 0 0 0 0 0 0 0 0 0 0 0 0 0 0]
[35562192566102319463592130937105981508221759312590561875091066722872126481591813227925273398244082295915807232143877579851022935428930908131985650306040752989518368414252836989241032319235398429944042616176001961437068197904713114103717208866261947523571488887666502871255017171314576 0 0 0 1 0 0 0 0 0 0 0 0 0 0 0 0 0 0 0 0 0 0 0 0 0 0 0 0 0 0 0 0 0 0 0 0 0 0 0 0 0 0 0 0 0 0 0 0 0 0 0 0 0 0 0 0 0 0 0 0 0 0 0 0 0 0 0 0 0 0 0 0 0 0 0 0 0 0 0 0 0 0 0 0 0 0 0 0 0 0 0 0 0 0]
[1596109768165261941005742954749047095245771115278464408517465600369056437118342295093622980804200741406395368298521829826532325952321193689891430691439875925807489543925297826674683582490415462901884629927341062035406352352749714782025233302919918284542107485086319584977451999713625638 0 0 0 0 1 0 0 0 0 0 0 0 0 0 0 0 0 0 0 0 0 0 0 0 0 0 0 0 0 0 0 0 0 0 0 0 0 0 0 0 0 0 0 0 0 0 0 0 0 0 0 0 0 0 0 0 0 0 0 0 0 0 0 0 0 0 0 0 0 0 0 0 0 0 0 0 0 0 0 0 0 0 0 0 0 0 0 0 0 0 0 0 0 0]
[4648995296289660819844263572691189304838781799576956844078917103034170061853118226774821697013376171821053916308540157658081462998396701250465669047587874164757415453278800553550155653059122223482836317237087549170743505410661504912110579835938138971125469181667723835914615635211981200 0 0 0 0 0 1 0 0 0 0 0 0 0 0 0 0 0 0 0 0 0 0 0 0 0 0 0 0 0 0 0 0 0 0 0 0 0 0 0 0 0 0 0 0 0 0 0 0 0 0 0 0 0 0 0 0 0 0 0 0 0 0 0 0 0 0 0 0 0 0 0 0 0 0 0 0 0 0 0 0 0 0 0 0 0 0 0 0 0 0 0 0 0 0]
[2057902067694121683726115825949960421634535009795620452230967136062365359818009426050149572270329346863138621736972943929162837882075888764714292379893369215116265982635722836152488903662626495015439029104604283092334391115094552132791295040005927052055350178210602866826889727168530069 0 0 0 0 0 0 1 0 0 0 0 0 0 0 0 0 0 0 0 0 0 0 0 0 0 0 0 0 0 0 0 0 0 0 0 0 0 0 0 0 0 0 0 0 0 0 0 0 0 0 0 0 0 0 0 0 0 0 0 0 0 0 0 0 0 0 0 0 0 0 0 0 0 0 0 0 0 0 0 0 0 0 0 0 0 0 0 0 0 0 0 0 0 0]
[2366865119132757877595276017955022780359386437206461679288627897123233210070549681430672761153927295273784185005731160522477312739271183636504489881106026878366992156537079462113986621834942138431260712658438910358265962528376729617090366875131028360192003329230787050779811953343906549 0 0 0 0 0 0 0 1 0 0 0 0 0 0 0 0 0 0 0 0 0 0 0 0 0 0 0 0 0 0 0 0 0 0 0 0 0 0 0 0 0 0 0 0 0 0 0 0 0 0 0 0 0 0 0 0 0 0 0 0 0 0 0 0 0 0 0 0 0 0 0 0 0 0 0 0 0 0 0 0 0 0 0 0 0 0 0 0 0 0 0 0 0 0]
[2728708197050846019592464894284758703610925707534027194853064100980039582243736232778736325648359497498528987111268171558475663261316503945599726793802952523219153120685344673792954096720305445424874094753241455315123193275162733903332644042863287708836018945514038594264138516236289965 0 0 0 0 0 0 0 0 1 0 0 0 0 0 0 0 0 0 0 0 0 0 0 0 0 0 0 0 0 0 0 0 0 0 0 0 0 0 0 0 0 0 0 0 0 0 0 0 0 0 0 0 0 0 0 0 0 0 0 0 0 0 0 0 0 0 0 0 0 0 0 0 0 0 0 0 0 0 0 0 0 0 0 0 0 0 0 0 0 0 0 0 0 0]
[909884942984577587632484718397004664336211268766065470439556553905488130100414665356683211655176072123817469445305112958430102063730337054614953169459970024431311573556866650947152515553568891161552466674988395482946354059254803752170332555853823163089916273955300123533423200919252210 0 0 0 0 0 0 0 0 0 1 0 0 0 0 0 0 0 0 0 0 0 0 0 0 0 0 0 0 0 0 0 0 0 0 0 0 0 0 0 0 0 0 0 0 0 0 0 0 0 0 0 0 0 0 0 0 0 0 0 0 0 0 0 0 0 0 0 0 0 0 0 0 0 0 0 0 0 0 0 0 0 0 0 0 0 0 0 0 0 0 0 0 0 0]
[2533371988742893308209013528344292157635167998352864540343156294319224607271487773485926076001227539507207386836255748273759535493616821415195738214196198056451393310332536714747532725581325764307352183801184769126995709955930813718700818042059980466970601581710606260487030422026452245 0 0 0 0 0 0 0 0 0 0 1 0 0 0 0 0 0 0 0 0 0 0 0 0 0 0 0 0 0 0 0 0 0 0 0 0 0 0 0 0 0 0 0 0 0 0 0 0 0 0 0 0 0 0 0 0 0 0 0 0 0 0 0 0 0 0 0 0 0 0 0 0 0 0 0 0 0 0 0 0 0 0 0 0 0 0 0 0 0 0 0 0 0 0]
[4484634744812136822283335688008342261162142916157308054357081780194979149588025023187940226159764566411207744417545535788014183935168518486831641432925233452082013843017517794194263037556544288201827809371822545966202544501614042875215880097901107031995035148805411810573268297525811231 0 0 0 0 0 0 0 0 0 0 0 1 0 0 0 0 0 0 0 0 0 0 0 0 0 0 0 0 0 0 0 0 0 0 0 0 0 0 0 0 0 0 0 0 0 0 0 0 0 0 0 0 0 0 0 0 0 0 0 0 0 0 0 0 0 0 0 0 0 0 0 0 0 0 0 0 0 0 0 0 0 0 0 0 0 0 0 0 0 0 0 0 0 0]
[4197102266386269527343279495607995101058387070214450028823491203439520855525581645266277759392987650426646457076446872021369671914864466992020772695972416016990168152894879568366434014639700123495866177790806526531865169134207800991805962773799528203506245310949569663677102092223860996 0 0 0 0 0 0 0 0 0 0 0 0 1 0 0 0 0 0 0 0 0 0 0 0 0 0 0 0 0 0 0 0 0 0 0 0 0 0 0 0 0 0 0 0 0 0 0 0 0 0 0 0 0 0 0 0 0 0 0 0 0 0 0 0 0 0 0 0 0 0 0 0 0 0 0 0 0 0 0 0 0 0 0 0 0 0 0 0 0 0 0 0 0 0]
[2088075123973098343092047311016740091786325442317350177391638703353335191486272938601874252618272493750723174096038701569487861670007681901797975180098431082924463618702030598540391465151442472040958447916691800874829527788869340625293863178288287743028356105292726832430656529979139140 0 0 0 0 0 0 0 0 0 0 0 0 0 1 0 0 0 0 0 0 0 0 0 0 0 0 0 0 0 0 0 0 0 0 0 0 0 0 0 0 0 0 0 0 0 0 0 0 0 0 0 0 0 0 0 0 0 0 0 0 0 0 0 0 0 0 0 0 0 0 0 0 0 0 0 0 0 0 0 0 0 0 0 0 0 0 0 0 0 0 0 0 0 0]
[1357968780222513107692860735174204526342437574885838902431309533732954384248576528086180028648223665653347674180569524456285647252725030748532194028020971987111140775179880464458113586905441109761780859659774012640031512439643869999777331559080424409517949550907071609581170857901222861 0 0 0 0 0 0 0 0 0 0 0 0 0 0 1 0 0 0 0 0 0 0 0 0 0 0 0 0 0 0 0 0 0 0 0 0 0 0 0 0 0 0 0 0 0 0 0 0 0 0 0 0 0 0 0 0 0 0 0 0 0 0 0 0 0 0 0 0 0 0 0 0 0 0 0 0 0 0 0 0 0 0 0 0 0 0 0 0 0 0 0 0 0 0]
[2882868175592707446266221122544138846676800236401984191352066715404913428388096351244550131700063572851335055481457986052458140476845833205356265101183332899537367566887528637453333878370212128171998888005557477969831137669624953582193422972757108585362981839501451483056792125884340965 0 0 0 0 0 0 0 0 0 0 0 0 0 0 0 1 0 0 0 0 0 0 0 0 0 0 0 0 0 0 0 0 0 0 0 0 0 0 0 0 0 0 0 0 0 0 0 0 0 0 0 0 0 0 0 0 0 0 0 0 0 0 0 0 0 0 0 0 0 0 0 0 0 0 0 0 0 0 0 0 0 0 0 0 0 0 0 0 0 0 0 0 0 0]
[305242674275041912270361019860205822958026288552919841568220210154823707009629523889316779606212814804156000795732760176853801911726834950929386990065340486772115898269575578085437754818147914154869183195418989115583896214197752068226122818056487252227124142369691322897513166809243813 0 0 0 0 0 0 0 0 0 0 0 0 0 0 0 0 1 0 0 0 0 0 0 0 0 0 0 0 0 0 0 0 0 0 0 0 0 0 0 0 0 0 0 0 0 0 0 0 0 0 0 0 0 0 0 0 0 0 0 0 0 0 0 0 0 0 0 0 0 0 0 0 0 0 0 0 0 0 0 0 0 0 0 0 0 0 0 0 0 0 0 0 0 0]
[4693399908904533499730515401579815916969219619009157748810785673332477041325850256801172028982366868224582944141372284569504097163000113748654841376114312651853007238560285274856375878121263566055354605885916538212728531873131712292673568174788047283297846336451734060987431600523302904 0 0 0 0 0 0 0 0 0 0 0 0 0 0 0 0 0 1 0 0 0 0 0 0 0 0 0 0 0 0 0 0 0 0 0 0 0 0 0 0 0 0 0 0 0 0 0 0 0 0 0 0 0 0 0 0 0 0 0 0 0 0 0 0 0 0 0 0 0 0 0 0 0 0 0 0 0 0 0 0 0 0 0 0 0 0 0 0 0 0 0 0 0 0]
[1458005567701861186310535156711907831171244021462135546999638841782175269662107944298271029067278771480307691153822494817565882115035024366614837802081830345812694692169554837902614492204454619901352077557969360094276561794818950867555609911371219312063022919606453773032921616055029800 0 0 0 0 0 0 0 0 0 0 0 0 0 0 0 0 0 0 1 0 0 0 0 0 0 0 0 0 0 0 0 0 0 0 0 0 0 0 0 0 0 0 0 0 0 0 0 0 0 0 0 0 0 0 0 0 0 0 0 0 0 0 0 0 0 0 0 0 0 0 0 0 0 0 0 0 0 0 0 0 0 0 0 0 0 0 0 0 0 0 0 0 0 0]
[1994283666428105834852074759089225435202769531576146899451731386316045449209120291787084001047796025736754602531192534865528235351037029375314259282239720910382760177721421435194307284757485358981016337688849395427069410451182281724315862258503745283693980780058174355963982301528961368 0 0 0 0 0 0 0 0 0 0 0 0 0 0 0 0 0 0 0 1 0 0 0 0 0 0 0 0 0 0 0 0 0 0 0 0 0 0 0 0 0 0 0 0 0 0 0 0 0 0 0 0 0 0 0 0 0 0 0 0 0 0 0 0 0 0 0 0 0 0 0 0 0 0 0 0 0 0 0 0 0 0 0 0 0 0 0 0 0 0 0 0 0 0]
[1166070320271434572958390755904167875885694620252330840750858681606934280212712891735199067153216274095998153410424275414750818286756497847365929162698070378642317373481083251012928528411597635360638071308665782402728950428203753993076051719701231334960150790302808691013146337628361993 0 0 0 0 0 0 0 0 0 0 0 0 0 0 0 0 0 0 0 0 1 0 0 0 0 0 0 0 0 0 0 0 0 0 0 0 0 0 0 0 0 0 0 0 0 0 0 0 0 0 0 0 0 0 0 0 0 0 0 0 0 0 0 0 0 0 0 0 0 0 0 0 0 0 0 0 0 0 0 0 0 0 0 0 0 0 0 0 0 0 0 0 0 0]
[4249110510596515829444595421726273485755925671821843825248870143631239129254775144123192387400341774275163758165698279036351321227662099869749438634547316207243585136142403793405697767101386628620574924437081069956998062631121755175998536733399411159994425138566689624956787487292237553 0 0 0 0 0 0 0 0 0 0 0 0 0 0 0 0 0 0 0 0 0 1 0 0 0 0 0 0 0 0 0 0 0 0 0 0 0 0 0 0 0 0 0 0 0 0 0 0 0 0 0 0 0 0 0 0 0 0 0 0 0 0 0 0 0 0 0 0 0 0 0 0 0 0 0 0 0 0 0 0 0 0 0 0 0 0 0 0 0 0 0 0 0 0]
[150009446736324572395171680090837022150004718628749491598593646732936267344761142593841891227208194597920704220648538557711941550758500579152528415839617820403546405325206026878940995740961018311236715565407265420133986697235070946505612676753191699911444300855529400181219216487109327 0 0 0 0 0 0 0 0 0 0 0 0 0 0 0 0 0 0 0 0 0 0 1 0 0 0 0 0 0 0 0 0 0 0 0 0 0 0 0 0 0 0 0 0 0 0 0 0 0 0 0 0 0 0 0 0 0 0 0 0 0 0 0 0 0 0 0 0 0 0 0 0 0 0 0 0 0 0 0 0 0 0 0 0 0 0 0 0 0 0 0 0 0 0]
[1417019672438216429372653309023009369691598596471495579192732743826296930180891382625154064886671379449839333410421780800685889332887880348958292624432891730364182577080365160420325714055194773799148710055382245380279425579631371453347397182947886735674995324127192314981976649611594686 0 0 0 0 0 0 0 0 0 0 0 0 0 0 0 0 0 0 0 0 0 0 0 1 0 0 0 0 0 0 0 0 0 0 0 0 0 0 0 0 0 0 0 0 0 0 0 0 0 0 0 0 0 0 0 0 0 0 0 0 0 0 0 0 0 0 0 0 0 0 0 0 0 0 0 0 0 0 0 0 0 0 0 0 0 0 0 0 0 0 0 0 0 0]
[3081652140784666332459720506308226435324119750193021875584831813549317799882744249661425505486418815265829262460022069213445485369462518702862963115129391137543474196336721797376286123835477628700250602300909184010756316943425174577029834514291616270137420700423474581445285209697339807 0 0 0 0 0 0 0 0 0 0 0 0 0 0 0 0 0 0 0 0 0 0 0 0 1 0 0 0 0 0 0 0 0 0 0 0 0 0 0 0 0 0 0 0 0 0 0 0 0 0 0 0 0 0 0 0 0 0 0 0 0 0 0 0 0 0 0 0 0 0 0 0 0 0 0 0 0 0 0 0 0 0 0 0 0 0 0 0 0 0 0 0 0 0]
[2819914800785450255794246751307358405308955280701312794537225645649405600121849864598818780141789299274196793657894299703286450587143028426251383127247717219682461344732624023286241338069151391374735058602178654560036126679591300206826259329206406980974710016843368159806233347245402934 0 0 0 0 0 0 0 0 0 0 0 0 0 0 0 0 0 0 0 0 0 0 0 0 0 1 0 0 0 0 0 0 0 0 0 0 0 0 0 0 0 0 0 0 0 0 0 0 0 0 0 0 0 0 0 0 0 0 0 0 0 0 0 0 0 0 0 0 0 0 0 0 0 0 0 0 0 0 0 0 0 0 0 0 0 0 0 0 0 0 0 0 0 0]
[108007810319286195814405271530453132513655309600970244539252505269366882095895215533914387472360660352190417852437462529675414918758891274887303318251823316742646501107946785096348880127548462283007800893471101645180911035388788839979256234963449006638068786958515192782322131795843533 0 0 0 0 0 0 0 0 0 0 0 0 0 0 0 0 0 0 0 0 0 0 0 0 0 0 1 0 0 0 0 0 0 0 0 0 0 0 0 0 0 0 0 0 0 0 0 0 0 0 0 0 0 0 0 0 0 0 0 0 0 0 0 0 0 0 0 0 0 0 0 0 0 0 0 0 0 0 0 0 0 0 0 0 0 0 0 0 0 0 0 0 0 0]
[3395223684663094613825553729011174858756419126834886474243643961260398321011171662029834501056273647280274356766532788434295954202648136304987187126622707695321781345478546647497693957188385432080976864072047662984239621511655394832437096204567642389775482414525593296602690795203313840 0 0 0 0 0 0 0 0 0 0 0 0 0 0 0 0 0 0 0 0 0 0 0 0 0 0 0 1 0 0 0 0 0 0 0 0 0 0 0 0 0 0 0 0 0 0 0 0 0 0 0 0 0 0 0 0 0 0 0 0 0 0 0 0 0 0 0 0 0 0 0 0 0 0 0 0 0 0 0 0 0 0 0 0 0 0 0 0 0 0 0 0 0 0]
[2644655226365311824702368021950809960475558073424223095334451365675071629103101576351624554505216326385862241427541691472544139011446931135048031897439424821027273516085506810468796344365944606496815899010787161428327486984235766992743731005032769257683873213725212226741039141786000593 0 0 0 0 0 0 0 0 0 0 0 0 0 0 0 0 0 0 0 0 0 0 0 0 0 0 0 0 1 0 0 0 0 0 0 0 0 0 0 0 0 0 0 0 0 0 0 0 0 0 0 0 0 0 0 0 0 0 0 0 0 0 0 0 0 0 0 0 0 0 0 0 0 0 0 0 0 0 0 0 0 0 0 0 0 0 0 0 0 0 0 0 0 0]
[2163368285152588404057921211870407809064451585231017963523711517221910812402704022535452924350251309610572328872976375163858365829407909900846708434406503996865765926158627768588596546350719329268023867210729088505570515686545550355987833645602916291720530554360391652748966347332088052 0 0 0 0 0 0 0 0 0 0 0 0 0 0 0 0 0 0 0 0 0 0 0 0 0 0 0 0 0 1 0 0 0 0 0 0 0 0 0 0 0 0 0 0 0 0 0 0 0 0 0 0 0 0 0 0 0 0 0 0 0 0 0 0 0 0 0 0 0 0 0 0 0 0 0 0 0 0 0 0 0 0 0 0 0 0 0 0 0 0 0 0 0 0]
[1454873622329750433645349873302354920662448898365354967975295579256912251460391240144046697731724699232002780402690373876201700023248007750609029673450823309101911894935486734167480400830009455051439800361759883033663940994499482358644152521534351508058596404675317794367058748998461032 0 0 0 0 0 0 0 0 0 0 0 0 0 0 0 0 0 0 0 0 0 0 0 0 0 0 0 0 0 0 1 0 0 0 0 0 0 0 0 0 0 0 0 0 0 0 0 0 0 0 0 0 0 0 0 0 0 0 0 0 0 0 0 0 0 0 0 0 0 0 0 0 0 0 0 0 0 0 0 0 0 0 0 0 0 0 0 0 0 0 0 0 0 0]
[3012181996617863704893044439453570579721813978567573380585002614769674765501583317487890661835496796260330554812778637635129656503099533506375540043675908809663921983057658406671803521671529682639786598021986118194953098066293730573322367797961329568611506868930389227233073719124153543 0 0 0 0 0 0 0 0 0 0 0 0 0 0 0 0 0 0 0 0 0 0 0 0 0 0 0 0 0 0 0 1 0 0 0 0 0 0 0 0 0 0 0 0 0 0 0 0 0 0 0 0 0 0 0 0 0 0 0 0 0 0 0 0 0 0 0 0 0 0 0 0 0 0 0 0 0 0 0 0 0 0 0 0 0 0 0 0 0 0 0 0 0 0]
[2164071937671863338447002314845594855772200999962635713213396618515574642450785852668514587811402336627371822768612630030392971810013736281511329607903293942052241162377462765921185837853914601851880003242970684776708685614684537124409689295400908252829391138611756744513830085705548012 0 0 0 0 0 0 0 0 0 0 0 0 0 0 0 0 0 0 0 0 0 0 0 0 0 0 0 0 0 0 0 0 1 0 0 0 0 0 0 0 0 0 0 0 0 0 0 0 0 0 0 0 0 0 0 0 0 0 0 0 0 0 0 0 0 0 0 0 0 0 0 0 0 0 0 0 0 0 0 0 0 0 0 0 0 0 0 0 0 0 0 0 0 0]
[2536012841210612350321172882424107476300621629000755842318124815104862080340527849905572232967853062324578955635820288699945999534999720815653473645185741198402425796894567740867310364663905543918161364208607724477222241355881084361299765888765273864308206827679900887230073110730620671 0 0 0 0 0 0 0 0 0 0 0 0 0 0 0 0 0 0 0 0 0 0 0 0 0 0 0 0 0 0 0 0 0 1 0 0 0 0 0 0 0 0 0 0 0 0 0 0 0 0 0 0 0 0 0 0 0 0 0 0 0 0 0 0 0 0 0 0 0 0 0 0 0 0 0 0 0 0 0 0 0 0 0 0 0 0 0 0 0 0 0 0 0 0]
[3387322116624424522734417068377453413780886036658530448812447198147627895928698799789151386090690970297283796264451156337395355811170627479544412120364164567011619775556746643004837342158687667694799890126212596636718276635894534742125134300113561816145852161299128385814121859675858583 0 0 0 0 0 0 0 0 0 0 0 0 0 0 0 0 0 0 0 0 0 0 0 0 0 0 0 0 0 0 0 0 0 0 1 0 0 0 0 0 0 0 0 0 0 0 0 0 0 0 0 0 0 0 0 0 0 0 0 0 0 0 0 0 0 0 0 0 0 0 0 0 0 0 0 0 0 0 0 0 0 0 0 0 0 0 0 0 0 0 0 0 0 0]
[2829344725917158118944176663105056740879872932358923385562528325319541042129678906280104349446788289926921416385911973875428388321654908699363626825115296749884624044459873297386600906816396477629653045274002422447179375920219397623797044163215558059978857728295531553457522879401999136 0 0 0 0 0 0 0 0 0 0 0 0 0 0 0 0 0 0 0 0 0 0 0 0 0 0 0 0 0 0 0 0 0 0 0 1 0 0 0 0 0 0 0 0 0 0 0 0 0 0 0 0 0 0 0 0 0 0 0 0 0 0 0 0 0 0 0 0 0 0 0 0 0 0 0 0 0 0 0 0 0 0 0 0 0 0 0 0 0 0 0 0 0 0]
[1814189648255680458730443616222105833848824721774098330588740905847443023782021332742716459447146508215185168627088608455535985576044284799629984479060075299468099216239411725997273153306377148336551612922621672190457717156102735684328064617059327270829988079661204059739896183458205102 0 0 0 0 0 0 0 0 0 0 0 0 0 0 0 0 0 0 0 0 0 0 0 0 0 0 0 0 0 0 0 0 0 0 0 0 1 0 0 0 0 0 0 0 0 0 0 0 0 0 0 0 0 0 0 0 0 0 0 0 0 0 0 0 0 0 0 0 0 0 0 0 0 0 0 0 0 0 0 0 0 0 0 0 0 0 0 0 0 0 0 0 0 0]
[716201790585631252158449706885270868036650062173567181300298401315162338195253305369391577610871142975201376949242406302109530786073908126522715672449756039341470785566757936961661886818691567459962107542399506070737433027633102858200341944817267317019194742419689564399221502813123784 0 0 0 0 0 0 0 0 0 0 0 0 0 0 0 0 0 0 0 0 0 0 0 0 0 0 0 0 0 0 0 0 0 0 0 0 0 1 0 0 0 0 0 0 0 0 0 0 0 0 0 0 0 0 0 0 0 0 0 0 0 0 0 0 0 0 0 0 0 0 0 0 0 0 0 0 0 0 0 0 0 0 0 0 0 0 0 0 0 0 0 0 0 0]
[3339468426089024827795610567071312337392899908491970573398094218521842273271984437692240277695486861859416162559534472141154410820147317580892769434921047385811607593687569713942417372227615323703938874272027145167180601250961873134074127601269792928509387514412606505430359908966709822 0 0 0 0 0 0 0 0 0 0 0 0 0 0 0 0 0 0 0 0 0 0 0 0 0 0 0 0 0 0 0 0 0 0 0 0 0 0 1 0 0 0 0 0 0 0 0 0 0 0 0 0 0 0 0 0 0 0 0 0 0 0 0 0 0 0 0 0 0 0 0 0 0 0 0 0 0 0 0 0 0 0 0 0 0 0 0 0 0 0 0 0 0 0]
[1288024683856452164453470749587543245924542282371097314381739056410952062558244285225916533548187959974815330440319502669725771815488114043925348399120214898113451713390908842525320163823746276130849305594416111433236214757447199269278365732808463582564615119343867681639805003452473518 0 0 0 0 0 0 0 0 0 0 0 0 0 0 0 0 0 0 0 0 0 0 0 0 0 0 0 0 0 0 0 0 0 0 0 0 0 0 0 1 0 0 0 0 0 0 0 0 0 0 0 0 0 0 0 0 0 0 0 0 0 0 0 0 0 0 0 0 0 0 0 0 0 0 0 0 0 0 0 0 0 0 0 0 0 0 0 0 0 0 0 0 0 0]
[2012180716951064421754439815895980070982309137049317263685869206275059442496594345194809447470331618746646953703685709010277092401098413945721489754233267640434855461320957011323303658789053020440591539120353507361209773940803783920444796416844111197971571340682859673977973343726267149 0 0 0 0 0 0 0 0 0 0 0 0 0 0 0 0 0 0 0 0 0 0 0 0 0 0 0 0 0 0 0 0 0 0 0 0 0 0 0 0 1 0 0 0 0 0 0 0 0 0 0 0 0 0 0 0 0 0 0 0 0 0 0 0 0 0 0 0 0 0 0 0 0 0 0 0 0 0 0 0 0 0 0 0 0 0 0 0 0 0 0 0 0 0]
[1011026645000608318343609362275935568981887509099044241538488453479639563904948928927167195304696911928410895547348961172426480912468783347409401927059089605205899636855621770595291930833484154477687049070862933863646266704444032332154858651492144924968764108830777576650498630751174663 0 0 0 0 0 0 0 0 0 0 0 0 0 0 0 0 0 0 0 0 0 0 0 0 0 0 0 0 0 0 0 0 0 0 0 0 0 0 0 0 0 1 0 0 0 0 0 0 0 0 0 0 0 0 0 0 0 0 0 0 0 0 0 0 0 0 0 0 0 0 0 0 0 0 0 0 0 0 0 0 0 0 0 0 0 0 0 0 0 0 0 0 0 0]
[1369351243892903392301860809343699175983539779393788975708817935457080985224057272060622967775584498291273963616821906466323078822913653354095889454683152730341848725066817656333024646758951209807622072635013006808645710824160745789758988342781407017085066408240247089767395601479606944 0 0 0 0 0 0 0 0 0 0 0 0 0 0 0 0 0 0 0 0 0 0 0 0 0 0 0 0 0 0 0 0 0 0 0 0 0 0 0 0 0 0 1 0 0 0 0 0 0 0 0 0 0 0 0 0 0 0 0 0 0 0 0 0 0 0 0 0 0 0 0 0 0 0 0 0 0 0 0 0 0 0 0 0 0 0 0 0 0 0 0 0 0 0]
[3125941965412564348037810803227069131287975367518479283523170663339853479027758377334285839756388529065873119036425499486091680600617793560583217330907509251835281978572930216664774734769784417613251607925810335810065050857565060711686743613137864901104362377901046358917872104465712903 0 0 0 0 0 0 0 0 0 0 0 0 0 0 0 0 0 0 0 0 0 0 0 0 0 0 0 0 0 0 0 0 0 0 0 0 0 0 0 0 0 0 0 1 0 0 0 0 0 0 0 0 0 0 0 0 0 0 0 0 0 0 0 0 0 0 0 0 0 0 0 0 0 0 0 0 0 0 0 0 0 0 0 0 0 0 0 0 0 0 0 0 0 0]
[924070876280099633429488734275966378193985697576372107091847413549225912481644045043682161039727307860726323987871940834676279470554641814901428039592851119614309400455601996706738918193015940163024144394935931874141577730694477875230641984242551864849906760764649224946737110641811635 0 0 0 0 0 0 0 0 0 0 0 0 0 0 0 0 0 0 0 0 0 0 0 0 0 0 0 0 0 0 0 0 0 0 0 0 0 0 0 0 0 0 0 0 1 0 0 0 0 0 0 0 0 0 0 0 0 0 0 0 0 0 0 0 0 0 0 0 0 0 0 0 0 0 0 0 0 0 0 0 0 0 0 0 0 0 0 0 0 0 0 0 0 0]
[4134143494169176416857988724852582445699581402608364715171617201513849461444481567464127807888127717223805043939092492185715180232874900924163307149923221775764028241556949397028692305054541672564325561696545474346140549271428250137873603214428419165223280164937600943085609624999271331 0 0 0 0 0 0 0 0 0 0 0 0 0 0 0 0 0 0 0 0 0 0 0 0 0 0 0 0 0 0 0 0 0 0 0 0 0 0 0 0 0 0 0 0 0 1 0 0 0 0 0 0 0 0 0 0 0 0 0 0 0 0 0 0 0 0 0 0 0 0 0 0 0 0 0 0 0 0 0 0 0 0 0 0 0 0 0 0 0 0 0 0 0 0]
[3885871067420194939924144673821253325173513113204711836154050584636318488108748978274797255751911189660978569975549734369860325245091149196736485513966077429560988279870532940450835357182890440670859166921564988060439472122933476579516826891815650808716435958675218300315578202515711560 0 0 0 0 0 0 0 0 0 0 0 0 0 0 0 0 0 0 0 0 0 0 0 0 0 0 0 0 0 0 0 0 0 0 0 0 0 0 0 0 0 0 0 0 0 0 1 0 0 0 0 0 0 0 0 0 0 0 0 0 0 0 0 0 0 0 0 0 0 0 0 0 0 0 0 0 0 0 0 0 0 0 0 0 0 0 0 0 0 0 0 0 0 0]
[3018719160892877938152851916704745913840027641101733781572448887689743677048361274412084827960097874674799481386915268832712383699677551360581542258588393155124089500728046716818269802946546752882782370695769402519091923797999212943918079016200362802101676968686550000440982795152949497 0 0 0 0 0 0 0 0 0 0 0 0 0 0 0 0 0 0 0 0 0 0 0 0 0 0 0 0 0 0 0 0 0 0 0 0 0 0 0 0 0 0 0 0 0 0 0 1 0 0 0 0 0 0 0 0 0 0 0 0 0 0 0 0 0 0 0 0 0 0 0 0 0 0 0 0 0 0 0 0 0 0 0 0 0 0 0 0 0 0 0 0 0 0]
[3137163971958107381337291402930537341814185290241295518028583206174846214050606205928965669153885806262956405168258662230368022442542398287839990572344862612025424329387591875574684140571300453620252814882831390420156976960022475816390116414979334203555608898262633930629847558038796802 0 0 0 0 0 0 0 0 0 0 0 0 0 0 0 0 0 0 0 0 0 0 0 0 0 0 0 0 0 0 0 0 0 0 0 0 0 0 0 0 0 0 0 0 0 0 0 0 1 0 0 0 0 0 0 0 0 0 0 0 0 0 0 0 0 0 0 0 0 0 0 0 0 0 0 0 0 0 0 0 0 0 0 0 0 0 0 0 0 0 0 0 0 0]
[3018106922162668826845278674516185693008929430603588182934924984386580875220160010468218258519315201426587123406360726156402851593545177711611355829013994784519816567004440524174708548249913565405855497890885394733081381460852251209971284000671340041951494105886114682041296884755258485 0 0 0 0 0 0 0 0 0 0 0 0 0 0 0 0 0 0 0 0 0 0 0 0 0 0 0 0 0 0 0 0 0 0 0 0 0 0 0 0 0 0 0 0 0 0 0 0 0 1 0 0 0 0 0 0 0 0 0 0 0 0 0 0 0 0 0 0 0 0 0 0 0 0 0 0 0 0 0 0 0 0 0 0 0 0 0 0 0 0 0 0 0 0]
[4703452752998162290382456242310832104743494079960362920975028916684690547728412494388844847730281838002216280444995853560023316995144564819572461777488379970635373244685038280612428809270502935079824124004304410786642355137727288956706456614588151940615499676198407231273046723221969271 0 0 0 0 0 0 0 0 0 0 0 0 0 0 0 0 0 0 0 0 0 0 0 0 0 0 0 0 0 0 0 0 0 0 0 0 0 0 0 0 0 0 0 0 0 0 0 0 0 0 1 0 0 0 0 0 0 0 0 0 0 0 0 0 0 0 0 0 0 0 0 0 0 0 0 0 0 0 0 0 0 0 0 0 0 0 0 0 0 0 0 0 0 0]
[441127923115315081009681765797415135632036436160366758780596804415407710012945194958578654922001081930700420646269019483172228502085009695348617956112001903527329933376273061778045474084024479963233428962126258071400439893477315553052219252525454531279719715825167857803892097561064696 0 0 0 0 0 0 0 0 0 0 0 0 0 0 0 0 0 0 0 0 0 0 0 0 0 0 0 0 0 0 0 0 0 0 0 0 0 0 0 0 0 0 0 0 0 0 0 0 0 0 0 1 0 0 0 0 0 0 0 0 0 0 0 0 0 0 0 0 0 0 0 0 0 0 0 0 0 0 0 0 0 0 0 0 0 0 0 0 0 0 0 0 0 0]
[2439560198905352779207775460971497014908236093057376270620886003951104193793488896038686739307321920251981503579594523212823464972909204742927443851716887016847953513998354357810131122617002475462018775446825706226688128339667799323064954852101183489781011806706926677467571437037085447 0 0 0 0 0 0 0 0 0 0 0 0 0 0 0 0 0 0 0 0 0 0 0 0 0 0 0 0 0 0 0 0 0 0 0 0 0 0 0 0 0 0 0 0 0 0 0 0 0 0 0 0 1 0 0 0 0 0 0 0 0 0 0 0 0 0 0 0 0 0 0 0 0 0 0 0 0 0 0 0 0 0 0 0 0 0 0 0 0 0 0 0 0 0]
[930616609035274382254350613000387649980695818429988735520051074570049931590340595134217709380477106861485040637369789910113055258364652508284935051932430207816219520390461423715122184999504478000702510314807211908539461534474921761667981586680846281877872016877541563509112328028505030 0 0 0 0 0 0 0 0 0 0 0 0 0 0 0 0 0 0 0 0 0 0 0 0 0 0 0 0 0 0 0 0 0 0 0 0 0 0 0 0 0 0 0 0 0 0 0 0 0 0 0 0 0 1 0 0 0 0 0 0 0 0 0 0 0 0 0 0 0 0 0 0 0 0 0 0 0 0 0 0 0 0 0 0 0 0 0 0 0 0 0 0 0 0]
[3265445658394594524836711186288633750303227275539294237241633820494788655875717503156883900680421978437044476701738058492269452507105633729727208444131638738785049419825595817809806407257711695187881554093708005792249194708960302923867446690779369576589959051298930319304761808899634140 0 0 0 0 0 0 0 0 0 0 0 0 0 0 0 0 0 0 0 0 0 0 0 0 0 0 0 0 0 0 0 0 0 0 0 0 0 0 0 0 0 0 0 0 0 0 0 0 0 0 0 0 0 0 1 0 0 0 0 0 0 0 0 0 0 0 0 0 0 0 0 0 0 0 0 0 0 0 0 0 0 0 0 0 0 0 0 0 0 0 0 0 0 0]
[3269361586233507273727463373058802427718557709158326193435688459204850527854260949859099573902274872845448676721507327113527710928171896842960519200907081417092537128020175912932704312114269467792985926370837365834432145011640939463002760245220903649953363011537213152416453919689173495 0 0 0 0 0 0 0 0 0 0 0 0 0 0 0 0 0 0 0 0 0 0 0 0 0 0 0 0 0 0 0 0 0 0 0 0 0 0 0 0 0 0 0 0 0 0 0 0 0 0 0 0 0 0 0 1 0 0 0 0 0 0 0 0 0 0 0 0 0 0 0 0 0 0 0 0 0 0 0 0 0 0 0 0 0 0 0 0 0 0 0 0 0 0]
[4297195634514941276178696753145956763614461491418974394983342949323168929291454670173397079367422616373840459154516947779949952760187345880511363639666297001729305787395556808810574647215962968822649178706373006874660882675780402832728012369093757336912469171428123215276139989581841031 0 0 0 0 0 0 0 0 0 0 0 0 0 0 0 0 0 0 0 0 0 0 0 0 0 0 0 0 0 0 0 0 0 0 0 0 0 0 0 0 0 0 0 0 0 0 0 0 0 0 0 0 0 0 0 0 1 0 0 0 0 0 0 0 0 0 0 0 0 0 0 0 0 0 0 0 0 0 0 0 0 0 0 0 0 0 0 0 0 0 0 0 0 0]
[2283018824527236701128034748892025875931619753816443008750823724083292720427763577726712585632877984571886590455301103070854893901248655479039225651152280875717539188520962949977584346322925520164485292853832548940740138608620672244781669337953364324803857933640960714047001194632743659 0 0 0 0 0 0 0 0 0 0 0 0 0 0 0 0 0 0 0 0 0 0 0 0 0 0 0 0 0 0 0 0 0 0 0 0 0 0 0 0 0 0 0 0 0 0 0 0 0 0 0 0 0 0 0 0 0 1 0 0 0 0 0 0 0 0 0 0 0 0 0 0 0 0 0 0 0 0 0 0 0 0 0 0 0 0 0 0 0 0 0 0 0 0]
[807472708339810025730912890136521770067993835393724010324242223175494457565216377884493436417863747134471493212895272309140459535962148314339052647655204428368757549809154746845770874728962660774067222144948162982958786391641505273614496287399419528865437987699034707427645507704648223 0 0 0 0 0 0 0 0 0 0 0 0 0 0 0 0 0 0 0 0 0 0 0 0 0 0 0 0 0 0 0 0 0 0 0 0 0 0 0 0 0 0 0 0 0 0 0 0 0 0 0 0 0 0 0 0 0 0 1 0 0 0 0 0 0 0 0 0 0 0 0 0 0 0 0 0 0 0 0 0 0 0 0 0 0 0 0 0 0 0 0 0 0 0]
[3886612510588584052608584849476153271089579044625825255236018820934506500864054745072787185990701095416754006752489873479746682171861938648415250348744828747986763585054290574311132113982013578593111947695668868229791307357732232164529337341799149777328480077508847994054554663559563211 0 0 0 0 0 0 0 0 0 0 0 0 0 0 0 0 0 0 0 0 0 0 0 0 0 0 0 0 0 0 0 0 0 0 0 0 0 0 0 0 0 0 0 0 0 0 0 0 0 0 0 0 0 0 0 0 0 0 0 1 0 0 0 0 0 0 0 0 0 0 0 0 0 0 0 0 0 0 0 0 0 0 0 0 0 0 0 0 0 0 0 0 0 0]
[4373914885821069391062730528269855222151335259460699590881817169988474409059548513035690105089255136048266103358807895857353905428252468108314222560316228650937782113343274914163784413312460690188009987071884498561028185879824935646108401179696052230384244003982294143364425192544722278 0 0 0 0 0 0 0 0 0 0 0 0 0 0 0 0 0 0 0 0 0 0 0 0 0 0 0 0 0 0 0 0 0 0 0 0 0 0 0 0 0 0 0 0 0 0 0 0 0 0 0 0 0 0 0 0 0 0 0 0 1 0 0 0 0 0 0 0 0 0 0 0 0 0 0 0 0 0 0 0 0 0 0 0 0 0 0 0 0 0 0 0 0 0]
[60572551699457628995982615198831305958656499628125248733853735198008678560004927941416786417215589099794326779658613023604472981821525468602448041832092889594213731181626967310181831752710067718704627171463937392146759485661036412472847169692357425560828271276827095275111385006825573 0 0 0 0 0 0 0 0 0 0 0 0 0 0 0 0 0 0 0 0 0 0 0 0 0 0 0 0 0 0 0 0 0 0 0 0 0 0 0 0 0 0 0 0 0 0 0 0 0 0 0 0 0 0 0 0 0 0 0 0 0 1 0 0 0 0 0 0 0 0 0 0 0 0 0 0 0 0 0 0 0 0 0 0 0 0 0 0 0 0 0 0 0 0]
[2635414377479650900965788413506292433711143730521949084636107748010617550885108115539344321302627126564733489442817428141456156083860270902070379184704139892927865526952687946936427468235279264144819802605885387572444688685876329934926855684227516828807426339289016228615334857700802412 0 0 0 0 0 0 0 0 0 0 0 0 0 0 0 0 0 0 0 0 0 0 0 0 0 0 0 0 0 0 0 0 0 0 0 0 0 0 0 0 0 0 0 0 0 0 0 0 0 0 0 0 0 0 0 0 0 0 0 0 0 0 1 0 0 0 0 0 0 0 0 0 0 0 0 0 0 0 0 0 0 0 0 0 0 0 0 0 0 0 0 0 0 0]
[1461588771509397793082226692287045529727329002418368784535029246889117546742219532888630836149747839348422079878952567825635617607666292369483505188335994151137005084221573456578495536593284032967418910136858933966962693863936353227175457135099292620585754449731788836177265546573985885 0 0 0 0 0 0 0 0 0 0 0 0 0 0 0 0 0 0 0 0 0 0 0 0 0 0 0 0 0 0 0 0 0 0 0 0 0 0 0 0 0 0 0 0 0 0 0 0 0 0 0 0 0 0 0 0 0 0 0 0 0 0 0 1 0 0 0 0 0 0 0 0 0 0 0 0 0 0 0 0 0 0 0 0 0 0 0 0 0 0 0 0 0 0]
[947592560178125503483709568297667050393501223390240206475883888772674222121695999609214880761924619757841790099432193990233072404432605988424284569156312872499188548362210888486182669367839941988588649560542061098156318195271762911048182660757972727826007153948035091171900976805308019 0 0 0 0 0 0 0 0 0 0 0 0 0 0 0 0 0 0 0 0 0 0 0 0 0 0 0 0 0 0 0 0 0 0 0 0 0 0 0 0 0 0 0 0 0 0 0 0 0 0 0 0 0 0 0 0 0 0 0 0 0 0 0 0 1 0 0 0 0 0 0 0 0 0 0 0 0 0 0 0 0 0 0 0 0 0 0 0 0 0 0 0 0 0]
[1606557613691541270920855048484956777296681246917552101136156453534444214829745970332477537668925881274029349144509630677049926088534403968853154206362104930961040134732448256251811646334671213851796227760477634008595021951036880531228984737731983253435768252536059130192518457328819560 0 0 0 0 0 0 0 0 0 0 0 0 0 0 0 0 0 0 0 0 0 0 0 0 0 0 0 0 0 0 0 0 0 0 0 0 0 0 0 0 0 0 0 0 0 0 0 0 0 0 0 0 0 0 0 0 0 0 0 0 0 0 0 0 0 1 0 0 0 0 0 0 0 0 0 0 0 0 0 0 0 0 0 0 0 0 0 0 0 0 0 0 0 0]
[1226942295173499697332924863582027805036135861200631501137440663867111758237839811324979138799821625119042769290005409903422327878376990847972961338636826889876578725684774766781547714092152923141894191958161803768230071989587505401302947162926409862897162398400248942695984029209770035 0 0 0 0 0 0 0 0 0 0 0 0 0 0 0 0 0 0 0 0 0 0 0 0 0 0 0 0 0 0 0 0 0 0 0 0 0 0 0 0 0 0 0 0 0 0 0 0 0 0 0 0 0 0 0 0 0 0 0 0 0 0 0 0 0 0 1 0 0 0 0 0 0 0 0 0 0 0 0 0 0 0 0 0 0 0 0 0 0 0 0 0 0 0]
[2486947549165314454583420231131121669564690693574887351167036808845292769018647001402408247402862634397479513463556330959583579715587540866236187818438509989615205978719069330239030992932286797619809806845498275938870058078803839076388444753042385635625479962832629592806989390444053115 0 0 0 0 0 0 0 0 0 0 0 0 0 0 0 0 0 0 0 0 0 0 0 0 0 0 0 0 0 0 0 0 0 0 0 0 0 0 0 0 0 0 0 0 0 0 0 0 0 0 0 0 0 0 0 0 0 0 0 0 0 0 0 0 0 0 0 1 0 0 0 0 0 0 0 0 0 0 0 0 0 0 0 0 0 0 0 0 0 0 0 0 0 0]
[4047654810406013530531550461590436467812937719802261323212381025218666721533589218466863925252222362757111645576569966948470842157313527435337941196594786939540679646032709133101221992984776981438435325682934311129428248461971245823992309458540020320767825407090219152107879344624628562 0 0 0 0 0 0 0 0 0 0 0 0 0 0 0 0 0 0 0 0 0 0 0 0 0 0 0 0 0 0 0 0 0 0 0 0 0 0 0 0 0 0 0 0 0 0 0 0 0 0 0 0 0 0 0 0 0 0 0 0 0 0 0 0 0 0 0 0 1 0 0 0 0 0 0 0 0 0 0 0 0 0 0 0 0 0 0 0 0 0 0 0 0 0]
[436316962204891640144928482071910269638900746156694657998349036350263841916170898788981240963542833420834877115544026600806871198665813495291404009805715793477319818161726920220440427453021014596661690775324323246436597861472002907800626426610360232302675101414120625575073517880946811 0 0 0 0 0 0 0 0 0 0 0 0 0 0 0 0 0 0 0 0 0 0 0 0 0 0 0 0 0 0 0 0 0 0 0 0 0 0 0 0 0 0 0 0 0 0 0 0 0 0 0 0 0 0 0 0 0 0 0 0 0 0 0 0 0 0 0 0 0 1 0 0 0 0 0 0 0 0 0 0 0 0 0 0 0 0 0 0 0 0 0 0 0 0]
[1660578583503568089313815025921614581538692425293393477228855161511340315302764703500499305919080766230290155448736198366916168189422205390224999485057657442556833565346066879652648637558135366873906287845302830886798556016688566084645617062295406085747188750388838324101349493487178115 0 0 0 0 0 0 0 0 0 0 0 0 0 0 0 0 0 0 0 0 0 0 0 0 0 0 0 0 0 0 0 0 0 0 0 0 0 0 0 0 0 0 0 0 0 0 0 0 0 0 0 0 0 0 0 0 0 0 0 0 0 0 0 0 0 0 0 0 0 0 1 0 0 0 0 0 0 0 0 0 0 0 0 0 0 0 0 0 0 0 0 0 0 0]
[1757231713999829599545957462504466651796578880735225610492708473522963908810807799387529048067066551988120773323892963875815707353373848917390176030847887773039819969333555713322708151538701452982366720948984282821709425222679807471577843301176416525204824049958582534171488381322857544 0 0 0 0 0 0 0 0 0 0 0 0 0 0 0 0 0 0 0 0 0 0 0 0 0 0 0 0 0 0 0 0 0 0 0 0 0 0 0 0 0 0 0 0 0 0 0 0 0 0 0 0 0 0 0 0 0 0 0 0 0 0 0 0 0 0 0 0 0 0 0 1 0 0 0 0 0 0 0 0 0 0 0 0 0 0 0 0 0 0 0 0 0 0]
[343543392759054038710857595151326730374894260365738951074329647323052608322855688191528559851975534111515234553082074431202287984380859747384071814829679059013772200378599638764885592097727453558530792814304638188274795357652007288605425353598683295496262589712888217319723252053155878 0 0 0 0 0 0 0 0 0 0 0 0 0 0 0 0 0 0 0 0 0 0 0 0 0 0 0 0 0 0 0 0 0 0 0 0 0 0 0 0 0 0 0 0 0 0 0 0 0 0 0 0 0 0 0 0 0 0 0 0 0 0 0 0 0 0 0 0 0 0 0 0 1 0 0 0 0 0 0 0 0 0 0 0 0 0 0 0 0 0 0 0 0 0]
[2908762690641843342216046284329678371806607483496037979374264069413823526276862858139856824208016848119528300443853878362736057434076728670241219995294372923530848314992701113198459948717850806537268288800998632937236267272246374526947172764769435878141251531421436929108066133008610241 0 0 0 0 0 0 0 0 0 0 0 0 0 0 0 0 0 0 0 0 0 0 0 0 0 0 0 0 0 0 0 0 0 0 0 0 0 0 0 0 0 0 0 0 0 0 0 0 0 0 0 0 0 0 0 0 0 0 0 0 0 0 0 0 0 0 0 0 0 0 0 0 0 1 0 0 0 0 0 0 0 0 0 0 0 0 0 0 0 0 0 0 0 0]
[2636215568713844732909855409713613893188116483733717966290243213555442369747716474309373712427949113821100598191758059899242538214782166708143705030648586816607900448157676412742064917059449452926658076626583523462884757663483135221913958274913393456330726624597382311686784653540897981 0 0 0 0 0 0 0 0 0 0 0 0 0 0 0 0 0 0 0 0 0 0 0 0 0 0 0 0 0 0 0 0 0 0 0 0 0 0 0 0 0 0 0 0 0 0 0 0 0 0 0 0 0 0 0 0 0 0 0 0 0 0 0 0 0 0 0 0 0 0 0 0 0 0 1 0 0 0 0 0 0 0 0 0 0 0 0 0 0 0 0 0 0 0]
[3418278108335991952404134741742823891350319016466338089404563664741217066569864874324847767530123841404102793064313604330526181025188050432158485634888039932782352249624993427957588804459730714915077211230942340588197425760179388287161225790507926429020041729209182871220980419970550425 0 0 0 0 0 0 0 0 0 0 0 0 0 0 0 0 0 0 0 0 0 0 0 0 0 0 0 0 0 0 0 0 0 0 0 0 0 0 0 0 0 0 0 0 0 0 0 0 0 0 0 0 0 0 0 0 0 0 0 0 0 0 0 0 0 0 0 0 0 0 0 0 0 0 0 1 0 0 0 0 0 0 0 0 0 0 0 0 0 0 0 0 0 0]
[3961400561560117752490130112248838004700751375065754269655212801315643522996350531717092126803845433375168766539334560798005431763544441408224800398576742338992408601989178789250801384612040092143660802402331671111316001689593662613965387280864614238520833557755717362611420639645860242 0 0 0 0 0 0 0 0 0 0 0 0 0 0 0 0 0 0 0 0 0 0 0 0 0 0 0 0 0 0 0 0 0 0 0 0 0 0 0 0 0 0 0 0 0 0 0 0 0 0 0 0 0 0 0 0 0 0 0 0 0 0 0 0 0 0 0 0 0 0 0 0 0 0 0 0 1 0 0 0 0 0 0 0 0 0 0 0 0 0 0 0 0 0]
[1778373060248548283179177416800332363586911487273036888292909268100340796212875724135062400426497028701823991229603946855629686991010622149619107933892389473912779923088952785108301534901405611909011722729388789535594925242415395656711905171230526960970277359158455264330409310311833772 0 0 0 0 0 0 0 0 0 0 0 0 0 0 0 0 0 0 0 0 0 0 0 0 0 0 0 0 0 0 0 0 0 0 0 0 0 0 0 0 0 0 0 0 0 0 0 0 0 0 0 0 0 0 0 0 0 0 0 0 0 0 0 0 0 0 0 0 0 0 0 0 0 0 0 0 0 1 0 0 0 0 0 0 0 0 0 0 0 0 0 0 0 0]
[1480801146100230019575320315277280360175919667103601004529673083790271041931637533371980944457795105398112317897463313818167872043909203647659986198463183944880554199301964858868228984009832166550363971380322547567040679036283336826495807288926561812459737561245550900141944741025774937 0 0 0 0 0 0 0 0 0 0 0 0 0 0 0 0 0 0 0 0 0 0 0 0 0 0 0 0 0 0 0 0 0 0 0 0 0 0 0 0 0 0 0 0 0 0 0 0 0 0 0 0 0 0 0 0 0 0 0 0 0 0 0 0 0 0 0 0 0 0 0 0 0 0 0 0 0 0 1 0 0 0 0 0 0 0 0 0 0 0 0 0 0 0]
[148845778353404284261724753839689911048460242534889545071780490268881943696844636784834414385782625086249989703100376798770861543816084969794654322081786887346958269822779731011421056887837903187044421988039629910635087676477471879679072938275705931466341334294906162248236928324417495 0 0 0 0 0 0 0 0 0 0 0 0 0 0 0 0 0 0 0 0 0 0 0 0 0 0 0 0 0 0 0 0 0 0 0 0 0 0 0 0 0 0 0 0 0 0 0 0 0 0 0 0 0 0 0 0 0 0 0 0 0 0 0 0 0 0 0 0 0 0 0 0 0 0 0 0 0 0 0 1 0 0 0 0 0 0 0 0 0 0 0 0 0 0]
[459807176615751939391850274113423205876030386493064028878124809772731857426935763746025415235405127147533299907286440030366656085622808072458105454513453243456045169961205311700912155601038451260636673726825063783416648797895488056673552565531448168349119193951324155551550514408161533 0 0 0 0 0 0 0 0 0 0 0 0 0 0 0 0 0 0 0 0 0 0 0 0 0 0 0 0 0 0 0 0 0 0 0 0 0 0 0 0 0 0 0 0 0 0 0 0 0 0 0 0 0 0 0 0 0 0 0 0 0 0 0 0 0 0 0 0 0 0 0 0 0 0 0 0 0 0 0 0 1 0 0 0 0 0 0 0 0 0 0 0 0 0]
[2400064097675697031800708059897907710827241699835810404655153443633334536564140341359564026457254429280689916681491702834876579397910226172802885817817524018337107786252671026087830909155545453917815409011285927943165580405923884436282561421714138014487126923712709476768142081508726040 0 0 0 0 0 0 0 0 0 0 0 0 0 0 0 0 0 0 0 0 0 0 0 0 0 0 0 0 0 0 0 0 0 0 0 0 0 0 0 0 0 0 0 0 0 0 0 0 0 0 0 0 0 0 0 0 0 0 0 0 0 0 0 0 0 0 0 0 0 0 0 0 0 0 0 0 0 0 0 0 0 1 0 0 0 0 0 0 0 0 0 0 0 0]
[3560467313295321118773613553142049423967385076263535702178599380465941065312617574729961436798141797955920132909743604269412421556760580003412677174291910395440061953495798560621863852298507879766001750843159591693246608591391329034676401600224075551024157523255895238235136221941104528 0 0 0 0 0 0 0 0 0 0 0 0 0 0 0 0 0 0 0 0 0 0 0 0 0 0 0 0 0 0 0 0 0 0 0 0 0 0 0 0 0 0 0 0 0 0 0 0 0 0 0 0 0 0 0 0 0 0 0 0 0 0 0 0 0 0 0 0 0 0 0 0 0 0 0 0 0 0 0 0 0 0 1 0 0 0 0 0 0 0 0 0 0 0]
[3865440749104164379368873351842602204720216305658572875662069451100976502446546537500741170118368535838670334905293334627139455585925763162898830588574414410496472847661581416894788133981404729598872125056671615244702216669907124388213833790546417515518787996677767074888163807771390163 0 0 0 0 0 0 0 0 0 0 0 0 0 0 0 0 0 0 0 0 0 0 0 0 0 0 0 0 0 0 0 0 0 0 0 0 0 0 0 0 0 0 0 0 0 0 0 0 0 0 0 0 0 0 0 0 0 0 0 0 0 0 0 0 0 0 0 0 0 0 0 0 0 0 0 0 0 0 0 0 0 0 0 1 0 0 0 0 0 0 0 0 0 0]
[1312081268179277529940510865438661837064794743682230746796373185835603017386529585725431202344232887512623114411987978974762739625191654546768223310512914908939186220666568831556648820848214174822807901096048994501271084025864025753787928466331797096673696481720930098319822542273443857 0 0 0 0 0 0 0 0 0 0 0 0 0 0 0 0 0 0 0 0 0 0 0 0 0 0 0 0 0 0 0 0 0 0 0 0 0 0 0 0 0 0 0 0 0 0 0 0 0 0 0 0 0 0 0 0 0 0 0 0 0 0 0 0 0 0 0 0 0 0 0 0 0 0 0 0 0 0 0 0 0 0 0 0 1 0 0 0 0 0 0 0 0 0]
[4198438892126198125548053534241179205581898442061272185308206902527286379767857407750782986510893476585939418263065919275266679142108761339149248792705314974619143064943218335180668833464783157580297585082705850103418169797050711016331343687916788754606532938324142216655988620083439204 0 0 0 0 0 0 0 0 0 0 0 0 0 0 0 0 0 0 0 0 0 0 0 0 0 0 0 0 0 0 0 0 0 0 0 0 0 0 0 0 0 0 0 0 0 0 0 0 0 0 0 0 0 0 0 0 0 0 0 0 0 0 0 0 0 0 0 0 0 0 0 0 0 0 0 0 0 0 0 0 0 0 0 0 0 1 0 0 0 0 0 0 0 0]
[4086192659151498887353480104386041093393404877856158437361622292793308049938633011024769815485565783697004578568137371057071712966105021836774514721139946115482668293875501032301258475375828214907511739947901285382703608601026222958847132788920773225307365462488341171776489967875601433 0 0 0 0 0 0 0 0 0 0 0 0 0 0 0 0 0 0 0 0 0 0 0 0 0 0 0 0 0 0 0 0 0 0 0 0 0 0 0 0 0 0 0 0 0 0 0 0 0 0 0 0 0 0 0 0 0 0 0 0 0 0 0 0 0 0 0 0 0 0 0 0 0 0 0 0 0 0 0 0 0 0 0 0 0 0 1 0 0 0 0 0 0 0]
[3289922333159810454427859982922619044051435790702710726112128451680820396252231373499642686128203229343199315656644666105423148407748192666220831772253564459966108025807781343843135679741981628818678524476468547903047138883586742946435761401068971838970749546250746346914178390565095653 0 0 0 0 0 0 0 0 0 0 0 0 0 0 0 0 0 0 0 0 0 0 0 0 0 0 0 0 0 0 0 0 0 0 0 0 0 0 0 0 0 0 0 0 0 0 0 0 0 0 0 0 0 0 0 0 0 0 0 0 0 0 0 0 0 0 0 0 0 0 0 0 0 0 0 0 0 0 0 0 0 0 0 0 0 0 0 1 0 0 0 0 0 0]
[3296985926772098961599134454007963934521037039470853016061517108915704810948757804669953746938329247002489482604428496080681192008561147942642196094882235200820912933257069530744251568850966099642959536795968236535541669048915823693724698525420548169914482272197567571457876487286681157 0 0 0 0 0 0 0 0 0 0 0 0 0 0 0 0 0 0 0 0 0 0 0 0 0 0 0 0 0 0 0 0 0 0 0 0 0 0 0 0 0 0 0 0 0 0 0 0 0 0 0 0 0 0 0 0 0 0 0 0 0 0 0 0 0 0 0 0 0 0 0 0 0 0 0 0 0 0 0 0 0 0 0 0 0 0 0 0 1 0 0 0 0 0]
[1076797227514972899077892684173295969541233466453158010716776139432381614663439441480596509465659541512492118455605046823928042988652880295692705152272861267751438810981452400883114400818347043672169533268322715588318089400372358225797911969660312781744546399601390879743591967335062233 0 0 0 0 0 0 0 0 0 0 0 0 0 0 0 0 0 0 0 0 0 0 0 0 0 0 0 0 0 0 0 0 0 0 0 0 0 0 0 0 0 0 0 0 0 0 0 0 0 0 0 0 0 0 0 0 0 0 0 0 0 0 0 0 0 0 0 0 0 0 0 0 0 0 0 0 0 0 0 0 0 0 0 0 0 0 0 0 0 1 0 0 0 0]
[138036281123297488121235675899087193043404158200995935726932810993751750185490095315107301452500534830611635632361487955078418768423759185846062615961211538905560908076510213271365055855306830096736715178164407223957957165413042906101030467412361575902361003537137264573837175491160831 0 0 0 0 0 0 0 0 0 0 0 0 0 0 0 0 0 0 0 0 0 0 0 0 0 0 0 0 0 0 0 0 0 0 0 0 0 0 0 0 0 0 0 0 0 0 0 0 0 0 0 0 0 0 0 0 0 0 0 0 0 0 0 0 0 0 0 0 0 0 0 0 0 0 0 0 0 0 0 0 0 0 0 0 0 0 0 0 0 0 1 0 0 0]
[412360568142997617764936548711729278206022478349723596995679250818520589613855799660893628207831715966302618906960881955273485145244490756631394011981862037390695377168351368171964193445358960203428968023315047837914276465167897547117363369745866733765180978520300844173909882867929335 0 0 0 0 0 0 0 0 0 0 0 0 0 0 0 0 0 0 0 0 0 0 0 0 0 0 0 0 0 0 0 0 0 0 0 0 0 0 0 0 0 0 0 0 0 0 0 0 0 0 0 0 0 0 0 0 0 0 0 0 0 0 0 0 0 0 0 0 0 0 0 0 0 0 0 0 0 0 0 0 0 0 0 0 0 0 0 0 0 0 0 1 0 0]
[291593789297247033392386893261707164672843382033124926997023713765018380701706824433106409329966974838922813015065420598476896638275077920338353724565488284462676238335104396842600634142869276101849593382399041115217507845606594732866648425696759014847033448790175795859193580775885251 0 0 0 0 0 0 0 0 0 0 0 0 0 0 0 0 0 0 0 0 0 0 0 0 0 0 0 0 0 0 0 0 0 0 0 0 0 0 0 0 0 0 0 0 0 0 0 0 0 0 0 0 0 0 0 0 0 0 0 0 0 0 0 0 0 0 0 0 0 0 0 0 0 0 0 0 0 0 0 0 0 0 0 0 0 0 0 0 0 0 0 0 1 0]
[3531003649821478832524214203360025943668694682098978428507104965155538815660679603384825966693019010401293878514055138010160802237337966156678184038734817725879420977929741798641484760897187050938586389568945867444101770717857667992558829420098172972767688280498831744085160847682571412 0 0 0 0 0 0 0 0 0 0 0 0 0 0 0 0 0 0 0 0 0 0 0 0 0 0 0 0 0 0 0 0 0 0 0 0 0 0 0 0 0 0 0 0 0 0 0 0 0 0 0 0 0 0 0 0 0 0 0 0 0 0 0 0 0 0 0 0 0 0 0 0 0 0 0 0 0 0 0 0 0 0 0 0 0 0 0 0 0 0 0 0 0 1]
]
