[[4670316825322373417783196863908977001345612971654774627011258338458562117535534624111913528442260862033781454994778017259365983687423477203686147365045544666995611526505264611656064857996055894027714042573678755848135934699378885429685626422417960220371013475760851255318559 0 0 0 0 0 0 0 0 0 0 0 0 0 0 0 0 0 0 0 0 0 0 0 0 0 0 0 0 0 0 0 0 0 0 0 0 0 0 0 0 0 0 0 0 0 0 0 0 0 0 0 0 0 0 0 0 0 0 0 0 0 0 0 0 0 0 0 0 0 0 0 0 0 0 0 0 0 0 0 0 0 0 0 0 0 0 0 0 0 0]
[3733618845263996470797504984329624672935768734384919445624406493050850395640915197336280106084367459414186011879866916769278677777769095379035048857304999252899302969709080913347388621852061457719997594756241633619416728058320524454499546796022879054698200532004427287138933 1 0 0 0 0 0 0 0 0 0 0 0 0 0 0 0 0 0 0 0 0 0 0 0 0 0 0 0 0 0 0 0 0 0 0 0 0 0 0 0 0 0 0 0 0 0 0 0 0 0 0 0 0 0 0 0 0 0 0 0 0 0 0 0 0 0 0 0 0 0 0 0 0 0 0 0 0 0 0 0 0 0 0 0 0 0 0 0 0 0]
[3354090759887427823016809131313196443283832494094317152235170139986802043905158744477740102905616087077878428141342160649925139447174411468267569302612884261463996015536782033542409121376862376811832137052795534147534758802625952947612210659468351225016658803507060560688201 0 1 0 0 0 0 0 0 0 0 0 0 0 0 0 0 0 0 0 0 0 0 0 0 0 0 0 0 0 0 0 0 0 0 0 0 0 0 0 0 0 0 0 0 0 0 0 0 0 0 0 0 0 0 0 0 0 0 0 0 0 0 0 0 0 0 0 0 0 0 0 0 0 0 0 0 0 0 0 0 0 0 0 0 0 0 0 0 0 0]
[1714462993587021450273272693710109103187122845833509470314243889089334035840926609907010461603189864506838185066890770201351036558393677881850778893715317873894511279012831852911613755172603986933933717198114776961309136982066976504027388326783757848624729035858748140553215 0 0 1 0 0 0 0 0 0 0 0 0 0 0 0 0 0 0 0 0 0 0 0 0 0 0 0 0 0 0 0 0 0 0 0 0 0 0 0 0 0 0 0 0 0 0 0 0 0 0 0 0 0 0 0 0 0 0 0 0 0 0 0 0 0 0 0 0 0 0 0 0 0 0 0 0 0 0 0 0 0 0 0 0 0 0 0 0 0 0]
[4005477799634582594260042986672406604169521150520542077905341085977096748502421437035032695828643748333239580867175089674524043939601103261042144948554769984398608762518091313586082741715987516292208471789607883250800936640903611291328248517050311422339850295777028679515844 0 0 0 1 0 0 0 0 0 0 0 0 0 0 0 0 0 0 0 0 0 0 0 0 0 0 0 0 0 0 0 0 0 0 0 0 0 0 0 0 0 0 0 0 0 0 0 0 0 0 0 0 0 0 0 0 0 0 0 0 0 0 0 0 0 0 0 0 0 0 0 0 0 0 0 0 0 0 0 0 0 0 0 0 0 0 0 0 0 0]
[673413370293671081633734580709421848169433075350272090215968845762396734437243461138562866586871048789061388008584092607661996096217203156820266537206406642986005299365950524513308084046954025204454278710459900641801849267125862168399599434774843468208411922128757751371113 0 0 0 0 1 0 0 0 0 0 0 0 0 0 0 0 0 0 0 0 0 0 0 0 0 0 0 0 0 0 0 0 0 0 0 0 0 0 0 0 0 0 0 0 0 0 0 0 0 0 0 0 0 0 0 0 0 0 0 0 0 0 0 0 0 0 0 0 0 0 0 0 0 0 0 0 0 0 0 0 0 0 0 0 0 0 0 0 0 0]
[4405174747706224231794380848448125295666185651530876877635569539180225183442709037072863098525707291144517194160818831079116689352947425069331813086970768622006583054795964291527320078075191640489368803989831631688863469042519047655977485498586986045893049185863923181404389 0 0 0 0 0 1 0 0 0 0 0 0 0 0 0 0 0 0 0 0 0 0 0 0 0 0 0 0 0 0 0 0 0 0 0 0 0 0 0 0 0 0 0 0 0 0 0 0 0 0 0 0 0 0 0 0 0 0 0 0 0 0 0 0 0 0 0 0 0 0 0 0 0 0 0 0 0 0 0 0 0 0 0 0 0 0 0 0 0 0]
[3820172933959698052819656478899347377451310642478212514516626974925755916463807530282958101527054286991045904643714320605946704069652110789551916981041317930221490978162452518468325830436909593631889280779351035122937845196090159975769394211678839469816093837281745989787609 0 0 0 0 0 0 1 0 0 0 0 0 0 0 0 0 0 0 0 0 0 0 0 0 0 0 0 0 0 0 0 0 0 0 0 0 0 0 0 0 0 0 0 0 0 0 0 0 0 0 0 0 0 0 0 0 0 0 0 0 0 0 0 0 0 0 0 0 0 0 0 0 0 0 0 0 0 0 0 0 0 0 0 0 0 0 0 0 0 0]
[2622096791773594401643243090050461295660928901711724879724943420222480654219404209907781508288008302654502073214885258526156655228065322207585463838290810190811459006342799075730066732186684399595801273226214818354019630009714052193038254648468281039207238415498566063286737 0 0 0 0 0 0 0 1 0 0 0 0 0 0 0 0 0 0 0 0 0 0 0 0 0 0 0 0 0 0 0 0 0 0 0 0 0 0 0 0 0 0 0 0 0 0 0 0 0 0 0 0 0 0 0 0 0 0 0 0 0 0 0 0 0 0 0 0 0 0 0 0 0 0 0 0 0 0 0 0 0 0 0 0 0 0 0 0 0 0]
[326129233504357284787844965103017641963031382802369692478680049372579452868500062553110004784955566917923299653109694136423613010867017677964639404348656838273003526542283261902590017360427632767656413279728129186228810056765784621927312524163844937208378340623440039785572 0 0 0 0 0 0 0 0 1 0 0 0 0 0 0 0 0 0 0 0 0 0 0 0 0 0 0 0 0 0 0 0 0 0 0 0 0 0 0 0 0 0 0 0 0 0 0 0 0 0 0 0 0 0 0 0 0 0 0 0 0 0 0 0 0 0 0 0 0 0 0 0 0 0 0 0 0 0 0 0 0 0 0 0 0 0 0 0 0 0]
[3083422375545484424347310765544064571930137039840523386666793774987996150229284976541895206132955213246928389622013510511748462431117042916979211736961491923896306734193192687336634541599050166955119168450416490983853523970872468112161657248635827231813511737365018977526819 0 0 0 0 0 0 0 0 0 1 0 0 0 0 0 0 0 0 0 0 0 0 0 0 0 0 0 0 0 0 0 0 0 0 0 0 0 0 0 0 0 0 0 0 0 0 0 0 0 0 0 0 0 0 0 0 0 0 0 0 0 0 0 0 0 0 0 0 0 0 0 0 0 0 0 0 0 0 0 0 0 0 0 0 0 0 0 0 0 0]
[1173183357460175547561320382166694478779239562285547588246674367509238905182990231170820081341826545621013170460505542398649851630050895832517570555350923429027982420206568262890581258968568652333521783030646418389904355965030915295283936876302858525299556295080808413009697 0 0 0 0 0 0 0 0 0 0 1 0 0 0 0 0 0 0 0 0 0 0 0 0 0 0 0 0 0 0 0 0 0 0 0 0 0 0 0 0 0 0 0 0 0 0 0 0 0 0 0 0 0 0 0 0 0 0 0 0 0 0 0 0 0 0 0 0 0 0 0 0 0 0 0 0 0 0 0 0 0 0 0 0 0 0 0 0 0 0]
[4135896726589166429492278216297833967749688243626035393215485267696285366498647250940992340056618574669450470857232153280905301071366143794249386860579837620143924883634909019137640857827351382987566050870213109336654091280010757882408612941153110547925273059396808589019614 0 0 0 0 0 0 0 0 0 0 0 1 0 0 0 0 0 0 0 0 0 0 0 0 0 0 0 0 0 0 0 0 0 0 0 0 0 0 0 0 0 0 0 0 0 0 0 0 0 0 0 0 0 0 0 0 0 0 0 0 0 0 0 0 0 0 0 0 0 0 0 0 0 0 0 0 0 0 0 0 0 0 0 0 0 0 0 0 0 0]
[336903723292931047416328084384473562948580622072893715809395852889330953956737610350340379044010944228674786669005665240932107151858471733410381462614954824020006046517265870079153265394432717971677279342217542764616351071313460923721627889476554307815246567925891607233065 0 0 0 0 0 0 0 0 0 0 0 0 1 0 0 0 0 0 0 0 0 0 0 0 0 0 0 0 0 0 0 0 0 0 0 0 0 0 0 0 0 0 0 0 0 0 0 0 0 0 0 0 0 0 0 0 0 0 0 0 0 0 0 0 0 0 0 0 0 0 0 0 0 0 0 0 0 0 0 0 0 0 0 0 0 0 0 0 0 0]
[1141665979919451662472384773669875142046488619914884346226810368783060348018204047562925172304989121615761719443914864722870771522652247824784278184685570725773011657746501720678161032404535029210057220653151492300528637920845632965774515220369508966082536646012098815372578 0 0 0 0 0 0 0 0 0 0 0 0 0 1 0 0 0 0 0 0 0 0 0 0 0 0 0 0 0 0 0 0 0 0 0 0 0 0 0 0 0 0 0 0 0 0 0 0 0 0 0 0 0 0 0 0 0 0 0 0 0 0 0 0 0 0 0 0 0 0 0 0 0 0 0 0 0 0 0 0 0 0 0 0 0 0 0 0 0 0]
[3710757297777475780544693932169990186032160729812417649450143360890700101197983901041336643920840610700414873206575636982046856879369188193391402355332074085345963616375364551070632410752904586382043135462411006769752092183865004252260974855349068999336153729321907290279950 0 0 0 0 0 0 0 0 0 0 0 0 0 0 1 0 0 0 0 0 0 0 0 0 0 0 0 0 0 0 0 0 0 0 0 0 0 0 0 0 0 0 0 0 0 0 0 0 0 0 0 0 0 0 0 0 0 0 0 0 0 0 0 0 0 0 0 0 0 0 0 0 0 0 0 0 0 0 0 0 0 0 0 0 0 0 0 0 0 0]
[2567187609381013190327264090929808443439294705501564949413527094781444042416088493281108471582755444406088908730777329239162638625656459178964687195291418774602243522102530286129921943289512624456050901037438644803401312563546619982189999221522051909633743414655488568870067 0 0 0 0 0 0 0 0 0 0 0 0 0 0 0 1 0 0 0 0 0 0 0 0 0 0 0 0 0 0 0 0 0 0 0 0 0 0 0 0 0 0 0 0 0 0 0 0 0 0 0 0 0 0 0 0 0 0 0 0 0 0 0 0 0 0 0 0 0 0 0 0 0 0 0 0 0 0 0 0 0 0 0 0 0 0 0 0 0 0]
[4547702403859023505112067097090119420014702964977943205449416069461099803747041647992609327491490353622798506214219075054795452026592453444484219721397526987443396837069073936913922870632755148139471409705735222036672833102448962923567444353029800376711846611792214676676982 0 0 0 0 0 0 0 0 0 0 0 0 0 0 0 0 1 0 0 0 0 0 0 0 0 0 0 0 0 0 0 0 0 0 0 0 0 0 0 0 0 0 0 0 0 0 0 0 0 0 0 0 0 0 0 0 0 0 0 0 0 0 0 0 0 0 0 0 0 0 0 0 0 0 0 0 0 0 0 0 0 0 0 0 0 0 0 0 0 0]
[2006149781051688134891337957800516528801235199686188861162577440284820403618736144294545815824123992754984064957746724674061091416729505183898308141706961409447036884725670192860317611649486224411840417469668237701202013056919021058538601013857953734033273650251014139642709 0 0 0 0 0 0 0 0 0 0 0 0 0 0 0 0 0 1 0 0 0 0 0 0 0 0 0 0 0 0 0 0 0 0 0 0 0 0 0 0 0 0 0 0 0 0 0 0 0 0 0 0 0 0 0 0 0 0 0 0 0 0 0 0 0 0 0 0 0 0 0 0 0 0 0 0 0 0 0 0 0 0 0 0 0 0 0 0 0 0]
[2843403786795887328692272175570444799958592150109415117890479580965256079987764103631992365125085641034609566921606968194997794117719597386331641542077383491391614910742754589494515805686799562695985908875706485116228642084432007946684127198492010616578716299001761087350843 0 0 0 0 0 0 0 0 0 0 0 0 0 0 0 0 0 0 1 0 0 0 0 0 0 0 0 0 0 0 0 0 0 0 0 0 0 0 0 0 0 0 0 0 0 0 0 0 0 0 0 0 0 0 0 0 0 0 0 0 0 0 0 0 0 0 0 0 0 0 0 0 0 0 0 0 0 0 0 0 0 0 0 0 0 0 0 0 0 0]
[3721490716521415613125063142248571027684300849155483218595244476257524134677909407831231571566305792797233416484280551567094945446399819310807678905454682152487095329364883041992022089460349142646990059111238432322354700130945177492908291678830972431183759413336358701475842 0 0 0 0 0 0 0 0 0 0 0 0 0 0 0 0 0 0 0 1 0 0 0 0 0 0 0 0 0 0 0 0 0 0 0 0 0 0 0 0 0 0 0 0 0 0 0 0 0 0 0 0 0 0 0 0 0 0 0 0 0 0 0 0 0 0 0 0 0 0 0 0 0 0 0 0 0 0 0 0 0 0 0 0 0 0 0 0 0 0]
[2793149750384284454377443565838607355084001674893587933486138034127422516875128975648126740441192927233870102549819238454279489348925490450941923922277715529329460073086950586061378553138461751770002797466420881806669525395180373854690388866201526370981305007311454624003865 0 0 0 0 0 0 0 0 0 0 0 0 0 0 0 0 0 0 0 0 1 0 0 0 0 0 0 0 0 0 0 0 0 0 0 0 0 0 0 0 0 0 0 0 0 0 0 0 0 0 0 0 0 0 0 0 0 0 0 0 0 0 0 0 0 0 0 0 0 0 0 0 0 0 0 0 0 0 0 0 0 0 0 0 0 0 0 0 0 0]
[3702839750170696979345967682889236767421999453132121522373997421612262746920902294148334440783743373967433451444742597355820525662823409574369420545331366847256957920693391246740053031612569531966933677479760458858756247861936984086524269107782277210207280946025233488710926 0 0 0 0 0 0 0 0 0 0 0 0 0 0 0 0 0 0 0 0 0 1 0 0 0 0 0 0 0 0 0 0 0 0 0 0 0 0 0 0 0 0 0 0 0 0 0 0 0 0 0 0 0 0 0 0 0 0 0 0 0 0 0 0 0 0 0 0 0 0 0 0 0 0 0 0 0 0 0 0 0 0 0 0 0 0 0 0 0 0]
[277195636336569500110707798782712147706929127974734028886603826274443252568668296009059774366867992904406141903903713660929162298309970922055863286117961952407947168401027594776112043490773265075726037663157464551307249675953609187279957158505122977874563382206884651630341 0 0 0 0 0 0 0 0 0 0 0 0 0 0 0 0 0 0 0 0 0 0 1 0 0 0 0 0 0 0 0 0 0 0 0 0 0 0 0 0 0 0 0 0 0 0 0 0 0 0 0 0 0 0 0 0 0 0 0 0 0 0 0 0 0 0 0 0 0 0 0 0 0 0 0 0 0 0 0 0 0 0 0 0 0 0 0 0 0 0]
[1962775689810209122970232997518678680692069256669598285937331376081089955863755536666358325272462762332128716721627038072457307690288417565845235851760299116359940133325481604161327804771642700727899472219615462344614043518401405358419478424877280831163533775040590724958407 0 0 0 0 0 0 0 0 0 0 0 0 0 0 0 0 0 0 0 0 0 0 0 1 0 0 0 0 0 0 0 0 0 0 0 0 0 0 0 0 0 0 0 0 0 0 0 0 0 0 0 0 0 0 0 0 0 0 0 0 0 0 0 0 0 0 0 0 0 0 0 0 0 0 0 0 0 0 0 0 0 0 0 0 0 0 0 0 0 0]
[3010527505210778908302744352845882643525745006098902537134910163128306937530865230351342334309465410758035256664544169225223578430039959975368654427702044230145633841997273334864101380283741597058507755603831921288062614717300681090438553711961607411713381372896862439210962 0 0 0 0 0 0 0 0 0 0 0 0 0 0 0 0 0 0 0 0 0 0 0 0 1 0 0 0 0 0 0 0 0 0 0 0 0 0 0 0 0 0 0 0 0 0 0 0 0 0 0 0 0 0 0 0 0 0 0 0 0 0 0 0 0 0 0 0 0 0 0 0 0 0 0 0 0 0 0 0 0 0 0 0 0 0 0 0 0 0]
[4029055964293934334676920080731519386758454664793886394386573769387291420989486324669249634284562543491379648288513851009125698672220710038506595840592340787316070162380267681967994388883230676546561539345218102620956002778292445471403620371545315662212872829653662996108620 0 0 0 0 0 0 0 0 0 0 0 0 0 0 0 0 0 0 0 0 0 0 0 0 0 1 0 0 0 0 0 0 0 0 0 0 0 0 0 0 0 0 0 0 0 0 0 0 0 0 0 0 0 0 0 0 0 0 0 0 0 0 0 0 0 0 0 0 0 0 0 0 0 0 0 0 0 0 0 0 0 0 0 0 0 0 0 0 0 0]
[2266405438287250102759912902515002332539502593175890555988782741244145542276529451701202574154918604499717542638048573632553224481288439952721038315929300224539781988939318554166369456477675335905147428732375082484270224538177918622141922377593404473897554483543073322571195 0 0 0 0 0 0 0 0 0 0 0 0 0 0 0 0 0 0 0 0 0 0 0 0 0 0 1 0 0 0 0 0 0 0 0 0 0 0 0 0 0 0 0 0 0 0 0 0 0 0 0 0 0 0 0 0 0 0 0 0 0 0 0 0 0 0 0 0 0 0 0 0 0 0 0 0 0 0 0 0 0 0 0 0 0 0 0 0 0 0]
[3737306893074372343111285015779932319526408027536363007416393711856042457265833610430710106318875857676940329749933885957633494267724590220336729104761529889525122627972748665938261933921918855890002161804697740178292095285983041107619874228314678156992709735417853145988901 0 0 0 0 0 0 0 0 0 0 0 0 0 0 0 0 0 0 0 0 0 0 0 0 0 0 0 1 0 0 0 0 0 0 0 0 0 0 0 0 0 0 0 0 0 0 0 0 0 0 0 0 0 0 0 0 0 0 0 0 0 0 0 0 0 0 0 0 0 0 0 0 0 0 0 0 0 0 0 0 0 0 0 0 0 0 0 0 0 0]
[1131664390441368361122784759103015455721509003207116153827113517020720487707255252127483801084498885819145277898605317814785742331388876152121089930115154756046278122825865256214768658519506467161258917150053696419065492477669295051528182549463673629147521764154530643148027 0 0 0 0 0 0 0 0 0 0 0 0 0 0 0 0 0 0 0 0 0 0 0 0 0 0 0 0 1 0 0 0 0 0 0 0 0 0 0 0 0 0 0 0 0 0 0 0 0 0 0 0 0 0 0 0 0 0 0 0 0 0 0 0 0 0 0 0 0 0 0 0 0 0 0 0 0 0 0 0 0 0 0 0 0 0 0 0 0 0]
[238183909784612869127543416868762442474415211239861287116720902985703500222189036850127687733972758265493715164047377159392788599941030375831762670435115312797896194739092366687955693109029639463110142992026329553804097042873895903621748677702800230164951250756673211551793 0 0 0 0 0 0 0 0 0 0 0 0 0 0 0 0 0 0 0 0 0 0 0 0 0 0 0 0 0 1 0 0 0 0 0 0 0 0 0 0 0 0 0 0 0 0 0 0 0 0 0 0 0 0 0 0 0 0 0 0 0 0 0 0 0 0 0 0 0 0 0 0 0 0 0 0 0 0 0 0 0 0 0 0 0 0 0 0 0 0]
[404932474466083914013319754062838523498973950324374232212767398061563631767626906460656866165923082774020206191294473303012434628514070500704244788724116680677331579016980583965154501915067061513589004756037319807072218286837007710424282661433782280174869580698105379011396 0 0 0 0 0 0 0 0 0 0 0 0 0 0 0 0 0 0 0 0 0 0 0 0 0 0 0 0 0 0 1 0 0 0 0 0 0 0 0 0 0 0 0 0 0 0 0 0 0 0 0 0 0 0 0 0 0 0 0 0 0 0 0 0 0 0 0 0 0 0 0 0 0 0 0 0 0 0 0 0 0 0 0 0 0 0 0 0 0 0]
[2409542557729164570663181089563931445720530459774786802337565613543480706604627332843624731195915138507405384115608510926874789405740803207396276294293931153252138823517840265975257133811557933470357747494226367897243271450516935378513697798622318469216025413315601317124933 0 0 0 0 0 0 0 0 0 0 0 0 0 0 0 0 0 0 0 0 0 0 0 0 0 0 0 0 0 0 0 1 0 0 0 0 0 0 0 0 0 0 0 0 0 0 0 0 0 0 0 0 0 0 0 0 0 0 0 0 0 0 0 0 0 0 0 0 0 0 0 0 0 0 0 0 0 0 0 0 0 0 0 0 0 0 0 0 0 0]
[2236443453001077106337292709144199397746729345258593171655884124232602569808577658178691546911820996137599433789229790188219525823012626954250110033070080290848922535008018268846724883954996631192256426336122972118217813794221816441944617949199022537537194404955123904836550 0 0 0 0 0 0 0 0 0 0 0 0 0 0 0 0 0 0 0 0 0 0 0 0 0 0 0 0 0 0 0 0 1 0 0 0 0 0 0 0 0 0 0 0 0 0 0 0 0 0 0 0 0 0 0 0 0 0 0 0 0 0 0 0 0 0 0 0 0 0 0 0 0 0 0 0 0 0 0 0 0 0 0 0 0 0 0 0 0 0]
[4281116634685785215107838871845643781331669346493601928304139422969142486455226872116865986213287030971992092034200126201302344455259865430206446563528909670045733472670054987879808745377992092262814704776099702327127037367632727982638329585149811225095379876034799117607087 0 0 0 0 0 0 0 0 0 0 0 0 0 0 0 0 0 0 0 0 0 0 0 0 0 0 0 0 0 0 0 0 0 1 0 0 0 0 0 0 0 0 0 0 0 0 0 0 0 0 0 0 0 0 0 0 0 0 0 0 0 0 0 0 0 0 0 0 0 0 0 0 0 0 0 0 0 0 0 0 0 0 0 0 0 0 0 0 0 0]
[175388971045099346473312545728344606893560760530920972833063321925657808468245966522758475866234603002569288475282639316890689885636482988793379048877106515342258513144934459631780807630745269843567149658302670780125288111324978942061062951767808726963441387339211845285101 0 0 0 0 0 0 0 0 0 0 0 0 0 0 0 0 0 0 0 0 0 0 0 0 0 0 0 0 0 0 0 0 0 0 1 0 0 0 0 0 0 0 0 0 0 0 0 0 0 0 0 0 0 0 0 0 0 0 0 0 0 0 0 0 0 0 0 0 0 0 0 0 0 0 0 0 0 0 0 0 0 0 0 0 0 0 0 0 0 0]
[386884014408314625425143053032342990309722927797047166182885353718026149513294303333600316625449311404772840040560915224835190030178584961113169471920399376807368631769823362177256886147765487167390976160826257580627369772588614352977075663862045374746605558956206929579358 0 0 0 0 0 0 0 0 0 0 0 0 0 0 0 0 0 0 0 0 0 0 0 0 0 0 0 0 0 0 0 0 0 0 0 1 0 0 0 0 0 0 0 0 0 0 0 0 0 0 0 0 0 0 0 0 0 0 0 0 0 0 0 0 0 0 0 0 0 0 0 0 0 0 0 0 0 0 0 0 0 0 0 0 0 0 0 0 0 0]
[594767416833312105065425412356009309822626369970700458805417048143154842016973236507657083775677757852409433645795484196110142261933846787939578106505199242175329158869455753479053411944219860153235723743460155571722133479336329191493398852262814010272753108694234990274982 0 0 0 0 0 0 0 0 0 0 0 0 0 0 0 0 0 0 0 0 0 0 0 0 0 0 0 0 0 0 0 0 0 0 0 0 1 0 0 0 0 0 0 0 0 0 0 0 0 0 0 0 0 0 0 0 0 0 0 0 0 0 0 0 0 0 0 0 0 0 0 0 0 0 0 0 0 0 0 0 0 0 0 0 0 0 0 0 0 0]
[3134793537778345962519621701248124592574145757277679616641940286158998963736235980572347241157822104002875342624732972829304250014486471598404981003571706189436934313609564296121233139599841732026942118878361864114099157416650951269887355653545669299778320605514372741795019 0 0 0 0 0 0 0 0 0 0 0 0 0 0 0 0 0 0 0 0 0 0 0 0 0 0 0 0 0 0 0 0 0 0 0 0 0 1 0 0 0 0 0 0 0 0 0 0 0 0 0 0 0 0 0 0 0 0 0 0 0 0 0 0 0 0 0 0 0 0 0 0 0 0 0 0 0 0 0 0 0 0 0 0 0 0 0 0 0 0]
[2726265318838158936600181412429841948914384902753341562407424633071007884128458745841100742360404168252007082753392050233563999626348427955207767456183055737380090742446991288479056317472691913573560412876322025247272808933875735736431588725987763130108904172191919985894106 0 0 0 0 0 0 0 0 0 0 0 0 0 0 0 0 0 0 0 0 0 0 0 0 0 0 0 0 0 0 0 0 0 0 0 0 0 0 1 0 0 0 0 0 0 0 0 0 0 0 0 0 0 0 0 0 0 0 0 0 0 0 0 0 0 0 0 0 0 0 0 0 0 0 0 0 0 0 0 0 0 0 0 0 0 0 0 0 0 0]
[4432008752236750404232493321400097271757331765449611935245619518326698934448782628810682208511252716899830041614005006806765065431585204616557688021748976744251216919644906793581195572969058333969052271739584724335093934558422697891078221584506224672489970715191334801700711 0 0 0 0 0 0 0 0 0 0 0 0 0 0 0 0 0 0 0 0 0 0 0 0 0 0 0 0 0 0 0 0 0 0 0 0 0 0 0 1 0 0 0 0 0 0 0 0 0 0 0 0 0 0 0 0 0 0 0 0 0 0 0 0 0 0 0 0 0 0 0 0 0 0 0 0 0 0 0 0 0 0 0 0 0 0 0 0 0 0]
[3722385444023524207380122993862771572232597419245730609357848368303723995369965107920200251407605922489530837319153272104348197989135046104744143159661257587962986845337104577423778093114363862282941795134476047533473230515903584686538969933733104265975695764679413598192861 0 0 0 0 0 0 0 0 0 0 0 0 0 0 0 0 0 0 0 0 0 0 0 0 0 0 0 0 0 0 0 0 0 0 0 0 0 0 0 0 1 0 0 0 0 0 0 0 0 0 0 0 0 0 0 0 0 0 0 0 0 0 0 0 0 0 0 0 0 0 0 0 0 0 0 0 0 0 0 0 0 0 0 0 0 0 0 0 0 0]
[2711377842821601573273823702179570923160525870497492108134369629991048340174199069631682351133022626386656081484307753622595329994562791087757318614326346716766656437605410207706582323485306252715283272323281212787273084302585726083764525903421677019790060981284739809772456 0 0 0 0 0 0 0 0 0 0 0 0 0 0 0 0 0 0 0 0 0 0 0 0 0 0 0 0 0 0 0 0 0 0 0 0 0 0 0 0 0 1 0 0 0 0 0 0 0 0 0 0 0 0 0 0 0 0 0 0 0 0 0 0 0 0 0 0 0 0 0 0 0 0 0 0 0 0 0 0 0 0 0 0 0 0 0 0 0 0]
[297707031503259331881648345217729299190529814985278966842074665856728604284143294357329212794984639256440340596816247987201879066220566549469940813431052525143097805783689397186800665876815952383074556469503015016361446317851027167368273125000937222932909670476435193063260 0 0 0 0 0 0 0 0 0 0 0 0 0 0 0 0 0 0 0 0 0 0 0 0 0 0 0 0 0 0 0 0 0 0 0 0 0 0 0 0 0 0 1 0 0 0 0 0 0 0 0 0 0 0 0 0 0 0 0 0 0 0 0 0 0 0 0 0 0 0 0 0 0 0 0 0 0 0 0 0 0 0 0 0 0 0 0 0 0 0]
[1848387563832605012705960700716033636884456730124741622812454325822846071097173371655962412505394409804761537143440618952483728033385294739574027017680493798088999089623982216455938723030592275211630053697626658380921187212213628202056982178019211520428324518082436124746176 0 0 0 0 0 0 0 0 0 0 0 0 0 0 0 0 0 0 0 0 0 0 0 0 0 0 0 0 0 0 0 0 0 0 0 0 0 0 0 0 0 0 0 1 0 0 0 0 0 0 0 0 0 0 0 0 0 0 0 0 0 0 0 0 0 0 0 0 0 0 0 0 0 0 0 0 0 0 0 0 0 0 0 0 0 0 0 0 0 0]
[3240978235615228222361178949981496435866788038005733400760775570206180555671499235200465197447640174899584922948191391698595620492832635663779779041466902423331049696526706385043730350551158483449356370325846820303995814224685516759241769212726584041161320427308782443630993 0 0 0 0 0 0 0 0 0 0 0 0 0 0 0 0 0 0 0 0 0 0 0 0 0 0 0 0 0 0 0 0 0 0 0 0 0 0 0 0 0 0 0 0 1 0 0 0 0 0 0 0 0 0 0 0 0 0 0 0 0 0 0 0 0 0 0 0 0 0 0 0 0 0 0 0 0 0 0 0 0 0 0 0 0 0 0 0 0 0]
[3462678147561817691080487311063297267306066066773202336394085127389619241629362315818141870175316534209020016343773906005907164599608420885785233747680140702975828693007184282023145152896282507924332817512565975004008424520410094491810380490211410180721735998683767674005279 0 0 0 0 0 0 0 0 0 0 0 0 0 0 0 0 0 0 0 0 0 0 0 0 0 0 0 0 0 0 0 0 0 0 0 0 0 0 0 0 0 0 0 0 0 1 0 0 0 0 0 0 0 0 0 0 0 0 0 0 0 0 0 0 0 0 0 0 0 0 0 0 0 0 0 0 0 0 0 0 0 0 0 0 0 0 0 0 0 0]
[2978696581757540531394314746146287392179660645704634212305263877599945219559038951599071645099776515245973607092357864202968358035031355260676698763933547863038162630875204520954412646903723801187673339705078940647732023042302293941915564466507056321604873964985732833896745 0 0 0 0 0 0 0 0 0 0 0 0 0 0 0 0 0 0 0 0 0 0 0 0 0 0 0 0 0 0 0 0 0 0 0 0 0 0 0 0 0 0 0 0 0 0 1 0 0 0 0 0 0 0 0 0 0 0 0 0 0 0 0 0 0 0 0 0 0 0 0 0 0 0 0 0 0 0 0 0 0 0 0 0 0 0 0 0 0 0]
[663550242026617898106309681939232059929902238412655114450997221907169213358812700769301920357105850368236407171350836440714559847357981011674897096092493425606223329997184593231845482315502881736647119796413793405397821654310147018618404569215058323969235931718968394468384 0 0 0 0 0 0 0 0 0 0 0 0 0 0 0 0 0 0 0 0 0 0 0 0 0 0 0 0 0 0 0 0 0 0 0 0 0 0 0 0 0 0 0 0 0 0 0 1 0 0 0 0 0 0 0 0 0 0 0 0 0 0 0 0 0 0 0 0 0 0 0 0 0 0 0 0 0 0 0 0 0 0 0 0 0 0 0 0 0 0]
[4285031304510180096751712624944537132036205487885542961413275354610796295619283326007533879680424045689448612896685243998439437564036925434429000963808999735442687277373198862427399186311777759578057003049917455758370298153492168626512750460123094107127648211493827879211730 0 0 0 0 0 0 0 0 0 0 0 0 0 0 0 0 0 0 0 0 0 0 0 0 0 0 0 0 0 0 0 0 0 0 0 0 0 0 0 0 0 0 0 0 0 0 0 0 1 0 0 0 0 0 0 0 0 0 0 0 0 0 0 0 0 0 0 0 0 0 0 0 0 0 0 0 0 0 0 0 0 0 0 0 0 0 0 0 0 0]
[1666558015507002038492216683914634550020640965285302786861838505410051804585171616089778035767996583654028547133893168150512318047304303605609230494313151359278364058075324307519084158602841487488866744525447474987988716967998550529059971903412235691756109343848927934204544 0 0 0 0 0 0 0 0 0 0 0 0 0 0 0 0 0 0 0 0 0 0 0 0 0 0 0 0 0 0 0 0 0 0 0 0 0 0 0 0 0 0 0 0 0 0 0 0 0 1 0 0 0 0 0 0 0 0 0 0 0 0 0 0 0 0 0 0 0 0 0 0 0 0 0 0 0 0 0 0 0 0 0 0 0 0 0 0 0 0]
[59694111380855832058205693660929223319535925515217715715087874669792543924201638450497396013160181656820813026182235232920538225373385476145163677985350754349803858293029582603337010136707190129512491485719563757549901427426436599788901458825380777207970637575477991964777 0 0 0 0 0 0 0 0 0 0 0 0 0 0 0 0 0 0 0 0 0 0 0 0 0 0 0 0 0 0 0 0 0 0 0 0 0 0 0 0 0 0 0 0 0 0 0 0 0 0 1 0 0 0 0 0 0 0 0 0 0 0 0 0 0 0 0 0 0 0 0 0 0 0 0 0 0 0 0 0 0 0 0 0 0 0 0 0 0 0]
[1371413849007005590671997024634429745703053560260148201868842504647551497798476345841570865601212853893611370993625302184538697723529007478149157427954375062983162076008233593225488822342852472328640673725043098306683607484929793058868777973436969839512305353571293706192911 0 0 0 0 0 0 0 0 0 0 0 0 0 0 0 0 0 0 0 0 0 0 0 0 0 0 0 0 0 0 0 0 0 0 0 0 0 0 0 0 0 0 0 0 0 0 0 0 0 0 0 1 0 0 0 0 0 0 0 0 0 0 0 0 0 0 0 0 0 0 0 0 0 0 0 0 0 0 0 0 0 0 0 0 0 0 0 0 0 0]
[2054753558794249078792117171313664088938276321002110381188305685721510563257132515531843907882045510569948686534981028529083016902861070499519792816667168598464923504194539397092312062508689918211019503871223337457195603326813857053777128625057197841328101029161339990309866 0 0 0 0 0 0 0 0 0 0 0 0 0 0 0 0 0 0 0 0 0 0 0 0 0 0 0 0 0 0 0 0 0 0 0 0 0 0 0 0 0 0 0 0 0 0 0 0 0 0 0 0 1 0 0 0 0 0 0 0 0 0 0 0 0 0 0 0 0 0 0 0 0 0 0 0 0 0 0 0 0 0 0 0 0 0 0 0 0 0]
[910145959004900489393723882582460550355345797312899877692541927435565684348136313288376594372060210595895708463642723362650308003619113364357411141623147129302302411103746859700343862915545197063159014163724946819785913913448652837618182546777127831802523268896584963971897 0 0 0 0 0 0 0 0 0 0 0 0 0 0 0 0 0 0 0 0 0 0 0 0 0 0 0 0 0 0 0 0 0 0 0 0 0 0 0 0 0 0 0 0 0 0 0 0 0 0 0 0 0 1 0 0 0 0 0 0 0 0 0 0 0 0 0 0 0 0 0 0 0 0 0 0 0 0 0 0 0 0 0 0 0 0 0 0 0 0]
[209914374536313906412687426797084392333232855318052065556828204004990194543807644827450952729257526241967193292029401932354577680408631154872700982601525102719116075691570031943040936224482913152997281470389987283890197496982019037552124215208944695777756931545583253264365 0 0 0 0 0 0 0 0 0 0 0 0 0 0 0 0 0 0 0 0 0 0 0 0 0 0 0 0 0 0 0 0 0 0 0 0 0 0 0 0 0 0 0 0 0 0 0 0 0 0 0 0 0 0 1 0 0 0 0 0 0 0 0 0 0 0 0 0 0 0 0 0 0 0 0 0 0 0 0 0 0 0 0 0 0 0 0 0 0 0]
[2937912022914134944667984876992170330381699499149317481873108964750381417172018989175908135971607334997002791776393266280370346821600213531318677222556148561355514448253730363047738142952448148753412143896669720869500201237729244234986436832793006519490319417010573454336774 0 0 0 0 0 0 0 0 0 0 0 0 0 0 0 0 0 0 0 0 0 0 0 0 0 0 0 0 0 0 0 0 0 0 0 0 0 0 0 0 0 0 0 0 0 0 0 0 0 0 0 0 0 0 0 1 0 0 0 0 0 0 0 0 0 0 0 0 0 0 0 0 0 0 0 0 0 0 0 0 0 0 0 0 0 0 0 0 0 0]
[150665426898879984632702048499231646732248485687795601670354924582143864216616728809942982239332092482675799617224184131031071273388712105227753234587599118806150516563208282542077247613792233110242454376789468792601331969745812020025079377543322253786761918642386041899583 0 0 0 0 0 0 0 0 0 0 0 0 0 0 0 0 0 0 0 0 0 0 0 0 0 0 0 0 0 0 0 0 0 0 0 0 0 0 0 0 0 0 0 0 0 0 0 0 0 0 0 0 0 0 0 0 1 0 0 0 0 0 0 0 0 0 0 0 0 0 0 0 0 0 0 0 0 0 0 0 0 0 0 0 0 0 0 0 0 0]
[1062563781761752916981097337755568573290464871333307472968460912191277393645825041829429408215053295148960014879264019857723789370258068729293088737447783108476127117361954219634416895537690243707901948368833988895990318315697917580630801298703059160952019053717106059195061 0 0 0 0 0 0 0 0 0 0 0 0 0 0 0 0 0 0 0 0 0 0 0 0 0 0 0 0 0 0 0 0 0 0 0 0 0 0 0 0 0 0 0 0 0 0 0 0 0 0 0 0 0 0 0 0 0 1 0 0 0 0 0 0 0 0 0 0 0 0 0 0 0 0 0 0 0 0 0 0 0 0 0 0 0 0 0 0 0 0]
[1061575862614376427781174262504235469532923345730922394324888002083696492660026633416667042424755416608715804603691686901921818673733010740194650304743838925565055089895471697930982836582120019239051093537907295576384471468250606876132220644025854237673548341743113035363622 0 0 0 0 0 0 0 0 0 0 0 0 0 0 0 0 0 0 0 0 0 0 0 0 0 0 0 0 0 0 0 0 0 0 0 0 0 0 0 0 0 0 0 0 0 0 0 0 0 0 0 0 0 0 0 0 0 0 1 0 0 0 0 0 0 0 0 0 0 0 0 0 0 0 0 0 0 0 0 0 0 0 0 0 0 0 0 0 0 0]
[46886841396670844297888076092519223750437286838970384760878341612521266594523337889870935506783560145022341926005624973472022186940584600949796062841414927079476760608690020641051550462823300185141735508674163060771173661701407257573266150866916867710017752993633970100515 0 0 0 0 0 0 0 0 0 0 0 0 0 0 0 0 0 0 0 0 0 0 0 0 0 0 0 0 0 0 0 0 0 0 0 0 0 0 0 0 0 0 0 0 0 0 0 0 0 0 0 0 0 0 0 0 0 0 0 1 0 0 0 0 0 0 0 0 0 0 0 0 0 0 0 0 0 0 0 0 0 0 0 0 0 0 0 0 0 0]
[4166551880102554115201478361575756310897300024095277340184669112392373267715085790746198083163695843143970067464135608408372555707499352151559156067766539486068318019653339429532910208485654556252269184497049337495460448039421744262986580760130543525314040086536997395837371 0 0 0 0 0 0 0 0 0 0 0 0 0 0 0 0 0 0 0 0 0 0 0 0 0 0 0 0 0 0 0 0 0 0 0 0 0 0 0 0 0 0 0 0 0 0 0 0 0 0 0 0 0 0 0 0 0 0 0 0 1 0 0 0 0 0 0 0 0 0 0 0 0 0 0 0 0 0 0 0 0 0 0 0 0 0 0 0 0 0]
[3124693275995941229779467017291243430112954684648973677027026547718570739696364481429227267715406145637891571503033338672732864102911526009751294452630564509538428941603650806850719191754260738054569745760491642956752815430924963722247460897035311795031844169621404177420827 0 0 0 0 0 0 0 0 0 0 0 0 0 0 0 0 0 0 0 0 0 0 0 0 0 0 0 0 0 0 0 0 0 0 0 0 0 0 0 0 0 0 0 0 0 0 0 0 0 0 0 0 0 0 0 0 0 0 0 0 0 1 0 0 0 0 0 0 0 0 0 0 0 0 0 0 0 0 0 0 0 0 0 0 0 0 0 0 0 0]
[343673695738975677237859154567998234210416808804874609761292591769219338747110188225025615563566283521578195071264327856845893323338005238734300414600842965261864472133844129365674494970441460447665032325147986347322506745470527083620188367202872204387523907436041347078187 0 0 0 0 0 0 0 0 0 0 0 0 0 0 0 0 0 0 0 0 0 0 0 0 0 0 0 0 0 0 0 0 0 0 0 0 0 0 0 0 0 0 0 0 0 0 0 0 0 0 0 0 0 0 0 0 0 0 0 0 0 0 1 0 0 0 0 0 0 0 0 0 0 0 0 0 0 0 0 0 0 0 0 0 0 0 0 0 0 0]
[4300264722181659927378499834486849559078081002933395267495674941392013709138651275216549068383419732650742337943039705640755519010208199453329564849911051576470499018155591716142137086681097992941280079080841131245549317567902834656403150892433166810265786780529580512920004 0 0 0 0 0 0 0 0 0 0 0 0 0 0 0 0 0 0 0 0 0 0 0 0 0 0 0 0 0 0 0 0 0 0 0 0 0 0 0 0 0 0 0 0 0 0 0 0 0 0 0 0 0 0 0 0 0 0 0 0 0 0 0 1 0 0 0 0 0 0 0 0 0 0 0 0 0 0 0 0 0 0 0 0 0 0 0 0 0 0]
[2978077201356436226535266971863794133139822788871958734844432970278946713049360648130630347178251384959062762684685262343883498915685511716178684068572855235806291349352629624775836575495684152252947089403840148697930744775170082937024587787465301838900255805137251279837101 0 0 0 0 0 0 0 0 0 0 0 0 0 0 0 0 0 0 0 0 0 0 0 0 0 0 0 0 0 0 0 0 0 0 0 0 0 0 0 0 0 0 0 0 0 0 0 0 0 0 0 0 0 0 0 0 0 0 0 0 0 0 0 0 1 0 0 0 0 0 0 0 0 0 0 0 0 0 0 0 0 0 0 0 0 0 0 0 0 0]
[2240020198860226709470763664935827554744324412229450242222057010632712838388261742964147423239269603660377364150286268777545699805885269785415130920132445654009779994752401085620973814448584246130001337082339143425731006597973701602791940841338017634167039840658746885860366 0 0 0 0 0 0 0 0 0 0 0 0 0 0 0 0 0 0 0 0 0 0 0 0 0 0 0 0 0 0 0 0 0 0 0 0 0 0 0 0 0 0 0 0 0 0 0 0 0 0 0 0 0 0 0 0 0 0 0 0 0 0 0 0 0 1 0 0 0 0 0 0 0 0 0 0 0 0 0 0 0 0 0 0 0 0 0 0 0 0]
[3019244318557594631965242889221844491721883297801825887317028972982823257688025304556397982962952828435107012896163896519709195426689516572590268919368864738712463147306054322038773865729488237025044939831062312569098703731963923266904766210522452668279561492243568378172126 0 0 0 0 0 0 0 0 0 0 0 0 0 0 0 0 0 0 0 0 0 0 0 0 0 0 0 0 0 0 0 0 0 0 0 0 0 0 0 0 0 0 0 0 0 0 0 0 0 0 0 0 0 0 0 0 0 0 0 0 0 0 0 0 0 0 1 0 0 0 0 0 0 0 0 0 0 0 0 0 0 0 0 0 0 0 0 0 0 0]
[1723280403876194698520677303971424485115910110364117321701642927021847861501764918452090517223383050101390851059641978796825233098020164573691901356278225384050197149628176392659092005120028602437207395403154075303408302898331888911524438462148853039404681023225336871620278 0 0 0 0 0 0 0 0 0 0 0 0 0 0 0 0 0 0 0 0 0 0 0 0 0 0 0 0 0 0 0 0 0 0 0 0 0 0 0 0 0 0 0 0 0 0 0 0 0 0 0 0 0 0 0 0 0 0 0 0 0 0 0 0 0 0 0 1 0 0 0 0 0 0 0 0 0 0 0 0 0 0 0 0 0 0 0 0 0 0]
[3354482389603866323177353363525032956261532356969363741977548709196240797126198933664407429434275851960256394739998616207088117561522789860509950536338423505735073580896390942750274819485986114881146132327981923453207181748372766801832908641870623857735805892370633563152383 0 0 0 0 0 0 0 0 0 0 0 0 0 0 0 0 0 0 0 0 0 0 0 0 0 0 0 0 0 0 0 0 0 0 0 0 0 0 0 0 0 0 0 0 0 0 0 0 0 0 0 0 0 0 0 0 0 0 0 0 0 0 0 0 0 0 0 0 1 0 0 0 0 0 0 0 0 0 0 0 0 0 0 0 0 0 0 0 0 0]
[3255559111828849054300173260709685903635343651148302808171201647275560488530977182493750929189866943333719991652803287178690477873893220360656893598473343428324328755685500459058943828456640329161728183101405337529613189182278796303485802201922184335217183687654181681543383 0 0 0 0 0 0 0 0 0 0 0 0 0 0 0 0 0 0 0 0 0 0 0 0 0 0 0 0 0 0 0 0 0 0 0 0 0 0 0 0 0 0 0 0 0 0 0 0 0 0 0 0 0 0 0 0 0 0 0 0 0 0 0 0 0 0 0 0 0 1 0 0 0 0 0 0 0 0 0 0 0 0 0 0 0 0 0 0 0 0]
[923397586667388480148874554967135449287140924929702902784418017597985209454448975072846892445846515200538083814435152934391531193043738402959211618052754238511880727635136816138687443326685739786283784549978577053174299604891556870099017990593811883303605075927810411998327 0 0 0 0 0 0 0 0 0 0 0 0 0 0 0 0 0 0 0 0 0 0 0 0 0 0 0 0 0 0 0 0 0 0 0 0 0 0 0 0 0 0 0 0 0 0 0 0 0 0 0 0 0 0 0 0 0 0 0 0 0 0 0 0 0 0 0 0 0 0 1 0 0 0 0 0 0 0 0 0 0 0 0 0 0 0 0 0 0 0]
[4028399912371057108003319373838962647729390553893255939917257699361248220472851053836997149742647913501628307525818883498014499601832635290416409641556084861152465511588975849871068384429430421691331445959402265215859949320871270187798423335329670412037635243428628311716123 0 0 0 0 0 0 0 0 0 0 0 0 0 0 0 0 0 0 0 0 0 0 0 0 0 0 0 0 0 0 0 0 0 0 0 0 0 0 0 0 0 0 0 0 0 0 0 0 0 0 0 0 0 0 0 0 0 0 0 0 0 0 0 0 0 0 0 0 0 0 0 1 0 0 0 0 0 0 0 0 0 0 0 0 0 0 0 0 0 0]
[3736764274009533808013383448933078219021318977630601254863154972659683559635241483150857603308942360568967921705219740481680244349440718555076391260331952344622991338026247285599734425618075523080358347452270331898631638093637787157967814205266951286844323002261038152870279 0 0 0 0 0 0 0 0 0 0 0 0 0 0 0 0 0 0 0 0 0 0 0 0 0 0 0 0 0 0 0 0 0 0 0 0 0 0 0 0 0 0 0 0 0 0 0 0 0 0 0 0 0 0 0 0 0 0 0 0 0 0 0 0 0 0 0 0 0 0 0 0 1 0 0 0 0 0 0 0 0 0 0 0 0 0 0 0 0 0]
[19198853881453560899736143061807561023035149905956933975951196463824745178515751063321420126760064153404397013793500624626322673716000090274805347733317712589171882609320591000063997576592658324396027331641083166631473459264780379273557142293349082361262072865938182548884 0 0 0 0 0 0 0 0 0 0 0 0 0 0 0 0 0 0 0 0 0 0 0 0 0 0 0 0 0 0 0 0 0 0 0 0 0 0 0 0 0 0 0 0 0 0 0 0 0 0 0 0 0 0 0 0 0 0 0 0 0 0 0 0 0 0 0 0 0 0 0 0 0 1 0 0 0 0 0 0 0 0 0 0 0 0 0 0 0 0]
[1852016970596241088919486478147027890422469678619173896475520484717442698543932774678064184418426223849889334345543070533096363682946870286509765757401993603618874779272049799494989545483254276306393497925245040282292342101923210518108496985874996127420930526985951136246564 0 0 0 0 0 0 0 0 0 0 0 0 0 0 0 0 0 0 0 0 0 0 0 0 0 0 0 0 0 0 0 0 0 0 0 0 0 0 0 0 0 0 0 0 0 0 0 0 0 0 0 0 0 0 0 0 0 0 0 0 0 0 0 0 0 0 0 0 0 0 0 0 0 0 1 0 0 0 0 0 0 0 0 0 0 0 0 0 0 0]
[3026011875268558079239107269176753620094328092116568001673344800139355974277099373215928247576673041068993755669097691741621476011092905042575915122447288035404968873856941631656794605571463554049397899932514711073662306232542839666113875607527130217715907846654829558792142 0 0 0 0 0 0 0 0 0 0 0 0 0 0 0 0 0 0 0 0 0 0 0 0 0 0 0 0 0 0 0 0 0 0 0 0 0 0 0 0 0 0 0 0 0 0 0 0 0 0 0 0 0 0 0 0 0 0 0 0 0 0 0 0 0 0 0 0 0 0 0 0 0 0 0 1 0 0 0 0 0 0 0 0 0 0 0 0 0 0]
[3490629530632205875759661542860585209081384337294165819221948317780107185997166359848944652486405525281022015081715335690727798783447882051558475234569888491179083428878838266398598314827987592760907504559898396275107029664248168573411245076904893586405949534909294724893842 0 0 0 0 0 0 0 0 0 0 0 0 0 0 0 0 0 0 0 0 0 0 0 0 0 0 0 0 0 0 0 0 0 0 0 0 0 0 0 0 0 0 0 0 0 0 0 0 0 0 0 0 0 0 0 0 0 0 0 0 0 0 0 0 0 0 0 0 0 0 0 0 0 0 0 0 1 0 0 0 0 0 0 0 0 0 0 0 0 0]
[2238698648980368662912088854819173715249245451354665363326367230036272266237591772686920157794901432081436669445634216959535448553675136671099650417915367253683197155260560686004059806408502243179562130873527833475939292805364704278638443222386959151131686401129693788455846 0 0 0 0 0 0 0 0 0 0 0 0 0 0 0 0 0 0 0 0 0 0 0 0 0 0 0 0 0 0 0 0 0 0 0 0 0 0 0 0 0 0 0 0 0 0 0 0 0 0 0 0 0 0 0 0 0 0 0 0 0 0 0 0 0 0 0 0 0 0 0 0 0 0 0 0 0 1 0 0 0 0 0 0 0 0 0 0 0 0]
[3253480877682378970970524380732117379329630969445647851710740844421698350437246639418835750543473044726341022997881770251813344199796224742910533730130418837631499302636601767248727150708072757864444610457086148130579774709916950635730921950159727345732563453154547784085208 0 0 0 0 0 0 0 0 0 0 0 0 0 0 0 0 0 0 0 0 0 0 0 0 0 0 0 0 0 0 0 0 0 0 0 0 0 0 0 0 0 0 0 0 0 0 0 0 0 0 0 0 0 0 0 0 0 0 0 0 0 0 0 0 0 0 0 0 0 0 0 0 0 0 0 0 0 0 1 0 0 0 0 0 0 0 0 0 0 0]
[845396050773586778418373755140478582584622865041606307401181512376547587569873121484508837717923984459365081261829108619695472284095522618851471834130950409742535844952139637298344608585608003491732777382150375205900272337940472446253061509725925583326808175692976905483807 0 0 0 0 0 0 0 0 0 0 0 0 0 0 0 0 0 0 0 0 0 0 0 0 0 0 0 0 0 0 0 0 0 0 0 0 0 0 0 0 0 0 0 0 0 0 0 0 0 0 0 0 0 0 0 0 0 0 0 0 0 0 0 0 0 0 0 0 0 0 0 0 0 0 0 0 0 0 0 1 0 0 0 0 0 0 0 0 0 0]
[3970319519994980417311628702133143958095741519830180397229336222680052826813575482847988793208634142512566389639380833056570882649033371409433264890417660363742993323729187067379254488037400815179343412492736189406458537359181443265293926419737620976536652222046646479423859 0 0 0 0 0 0 0 0 0 0 0 0 0 0 0 0 0 0 0 0 0 0 0 0 0 0 0 0 0 0 0 0 0 0 0 0 0 0 0 0 0 0 0 0 0 0 0 0 0 0 0 0 0 0 0 0 0 0 0 0 0 0 0 0 0 0 0 0 0 0 0 0 0 0 0 0 0 0 0 0 1 0 0 0 0 0 0 0 0 0]
[1062294112096859686727618232705423719885351018811444949630144051906327241438456835490828656971683334134046518670747279585321679801446477032109906932914829949060155058219312281239236232670990191383927288094274981533487170942897698714749783104392763940222519766820869910671247 0 0 0 0 0 0 0 0 0 0 0 0 0 0 0 0 0 0 0 0 0 0 0 0 0 0 0 0 0 0 0 0 0 0 0 0 0 0 0 0 0 0 0 0 0 0 0 0 0 0 0 0 0 0 0 0 0 0 0 0 0 0 0 0 0 0 0 0 0 0 0 0 0 0 0 0 0 0 0 0 0 1 0 0 0 0 0 0 0 0]
[627890376163137374663844173407742825970356147920283403689205913476933904664834787986025787791738315314940757679846352605389235309633147357354964658996206009413768444697704421917987145678166331139873397275027118619098219086089520827383778452845792303288579625134700522941182 0 0 0 0 0 0 0 0 0 0 0 0 0 0 0 0 0 0 0 0 0 0 0 0 0 0 0 0 0 0 0 0 0 0 0 0 0 0 0 0 0 0 0 0 0 0 0 0 0 0 0 0 0 0 0 0 0 0 0 0 0 0 0 0 0 0 0 0 0 0 0 0 0 0 0 0 0 0 0 0 0 0 1 0 0 0 0 0 0 0]
[2883554298732668559039147412669740533845009227097332766350911673205251862811929314734626698133439136429457993901845930536450825677619610318827605730458620193389513678477398724641017795719473339107247978856465644645506930730074931648994981570740796277925191971457458266832272 0 0 0 0 0 0 0 0 0 0 0 0 0 0 0 0 0 0 0 0 0 0 0 0 0 0 0 0 0 0 0 0 0 0 0 0 0 0 0 0 0 0 0 0 0 0 0 0 0 0 0 0 0 0 0 0 0 0 0 0 0 0 0 0 0 0 0 0 0 0 0 0 0 0 0 0 0 0 0 0 0 0 0 1 0 0 0 0 0 0]
[1196917241075925650372004865926997727295891635659191945405878325513168547809209366547395118820637228589519053728536490551164139744570948207249782960055656734983759873903602031710020895518299805864275322570301577878294261178711947838298148605050758109244115134918992569111170 0 0 0 0 0 0 0 0 0 0 0 0 0 0 0 0 0 0 0 0 0 0 0 0 0 0 0 0 0 0 0 0 0 0 0 0 0 0 0 0 0 0 0 0 0 0 0 0 0 0 0 0 0 0 0 0 0 0 0 0 0 0 0 0 0 0 0 0 0 0 0 0 0 0 0 0 0 0 0 0 0 0 0 0 1 0 0 0 0 0]
[205112134706605511594791159000661194472499719653590596928747202892364139261433516626062302031451751773441097417026205975384674711696048269777311700202789910709301532907819046373412537287377989831574838669760882397312637018413014820677072825501408271938152225726997369572761 0 0 0 0 0 0 0 0 0 0 0 0 0 0 0 0 0 0 0 0 0 0 0 0 0 0 0 0 0 0 0 0 0 0 0 0 0 0 0 0 0 0 0 0 0 0 0 0 0 0 0 0 0 0 0 0 0 0 0 0 0 0 0 0 0 0 0 0 0 0 0 0 0 0 0 0 0 0 0 0 0 0 0 0 0 1 0 0 0 0]
[3567983679996192419996044949402617079148163550021031211788102364363123320471179292455576321365178709274446122308377373569783514379446579372302444518206878245734156425347209022858037620514156089384534397781936161597904717719056028565720184523631279102821508535572587728973088 0 0 0 0 0 0 0 0 0 0 0 0 0 0 0 0 0 0 0 0 0 0 0 0 0 0 0 0 0 0 0 0 0 0 0 0 0 0 0 0 0 0 0 0 0 0 0 0 0 0 0 0 0 0 0 0 0 0 0 0 0 0 0 0 0 0 0 0 0 0 0 0 0 0 0 0 0 0 0 0 0 0 0 0 0 0 1 0 0 0]
[1119128198518564616881635259644268832635947850741042549639808306354692568457474500867707048033860604430425057976595018238703263571415682294966548198629438273140476452412769029574045652608272843649169814157917337932775073353287979136800835789564560732249557150176339774917873 0 0 0 0 0 0 0 0 0 0 0 0 0 0 0 0 0 0 0 0 0 0 0 0 0 0 0 0 0 0 0 0 0 0 0 0 0 0 0 0 0 0 0 0 0 0 0 0 0 0 0 0 0 0 0 0 0 0 0 0 0 0 0 0 0 0 0 0 0 0 0 0 0 0 0 0 0 0 0 0 0 0 0 0 0 0 0 1 0 0]
[3274739315669260041412407241380195654498472581387423334927872811447715533300697115270959881509046811167416504765119558050825656112583408199047394726071712227307376727749650480453907350337592094241345278298539615502226022506872159777597198098346164308414286717832924923082338 0 0 0 0 0 0 0 0 0 0 0 0 0 0 0 0 0 0 0 0 0 0 0 0 0 0 0 0 0 0 0 0 0 0 0 0 0 0 0 0 0 0 0 0 0 0 0 0 0 0 0 0 0 0 0 0 0 0 0 0 0 0 0 0 0 0 0 0 0 0 0 0 0 0 0 0 0 0 0 0 0 0 0 0 0 0 0 0 1 0]
[797970285470607560511487362102547758152761763453208907243952270169785671384630030619704018511707754972420743612776541545780309845677959457303075625511393991192789563513112481444790878911043280742062528714093159440558595255064040886155650939937964787724557118320407999654721 0 0 0 0 0 0 0 0 0 0 0 0 0 0 0 0 0 0 0 0 0 0 0 0 0 0 0 0 0 0 0 0 0 0 0 0 0 0 0 0 0 0 0 0 0 0 0 0 0 0 0 0 0 0 0 0 0 0 0 0 0 0 0 0 0 0 0 0 0 0 0 0 0 0 0 0 0 0 0 0 0 0 0 0 0 0 0 0 0 1]
]
