[[7478833192483494389443311060974744394491035998662277773533789063445520372504285617199921585791237895087644383245821881798099411770797741809111034049923506170854451699110154231090732388458781120564626671566293617539349302060374078175985359086230977404720788540557 0 0 0 0 0 0 0 0 0 0 0 0 0 0 0 0 0 0 0 0 0 0 0 0 0 0 0 0 0 0 0 0 0 0 0 0 0 0 0 0 0 0 0 0 0 0 0 0 0 0 0 0 0 0 0 0 0 0 0 0 0 0 0 0 0 0 0 0 0 0 0 0 0 0 0 0 0 0 0 0 0 0 0 0 0 0]
[1941747747308090810642925271055397182264763065587491640092576218435652939036202814078874840941009983424943950879764099401828295920467822560360829102146940709824946445085710874542292795491834083329407472963805875843137644702210009781072648411437704575495844707933 1 0 0 0 0 0 0 0 0 0 0 0 0 0 0 0 0 0 0 0 0 0 0 0 0 0 0 0 0 0 0 0 0 0 0 0 0 0 0 0 0 0 0 0 0 0 0 0 0 0 0 0 0 0 0 0 0 0 0 0 0 0 0 0 0 0 0 0 0 0 0 0 0 0 0 0 0 0 0 0 0 0 0 0 0 0]
[197586770321916706096030296711117173770969689779010608982072638840457514801219193237309975480635200391178054680273644864102492666207595793480436015221534391397236949702109331608244960012619862467583747499757937535577028057641828459595687802534618651525028282769 0 1 0 0 0 0 0 0 0 0 0 0 0 0 0 0 0 0 0 0 0 0 0 0 0 0 0 0 0 0 0 0 0 0 0 0 0 0 0 0 0 0 0 0 0 0 0 0 0 0 0 0 0 0 0 0 0 0 0 0 0 0 0 0 0 0 0 0 0 0 0 0 0 0 0 0 0 0 0 0 0 0 0 0 0 0]
[2469689398877019715052708892854547108938584236618813635894557881437099447885594611222569855313725514747837283581194610654245277360395374818112084147490830582877334224865652326524359704965312561463636145360725815663931622555580213652791506140284669800814190795601 0 0 1 0 0 0 0 0 0 0 0 0 0 0 0 0 0 0 0 0 0 0 0 0 0 0 0 0 0 0 0 0 0 0 0 0 0 0 0 0 0 0 0 0 0 0 0 0 0 0 0 0 0 0 0 0 0 0 0 0 0 0 0 0 0 0 0 0 0 0 0 0 0 0 0 0 0 0 0 0 0 0 0 0 0 0]
[2703315771920317624908311239976748554964808313427045720398613089042730739148607023986389648392287062400597290536965877607519786003438121988433594618223711715656093528685687804541754588372770029076253402904641880151295757485346409768213934116773890698165625439133 0 0 0 1 0 0 0 0 0 0 0 0 0 0 0 0 0 0 0 0 0 0 0 0 0 0 0 0 0 0 0 0 0 0 0 0 0 0 0 0 0 0 0 0 0 0 0 0 0 0 0 0 0 0 0 0 0 0 0 0 0 0 0 0 0 0 0 0 0 0 0 0 0 0 0 0 0 0 0 0 0 0 0 0 0 0]
[7222195782242492499909356830792374074908422917228485593648868870596690253921055050372801386591043877754068449386043945567115271487314104012669168666054214810889766384139373269060211841197502342970545183654589550345609496049563869813333296246961914354948324787389 0 0 0 0 1 0 0 0 0 0 0 0 0 0 0 0 0 0 0 0 0 0 0 0 0 0 0 0 0 0 0 0 0 0 0 0 0 0 0 0 0 0 0 0 0 0 0 0 0 0 0 0 0 0 0 0 0 0 0 0 0 0 0 0 0 0 0 0 0 0 0 0 0 0 0 0 0 0 0 0 0 0 0 0 0 0]
[1248399047036874035385768516278533284723282856023286618105263069831509843403823135765557394914797237159238768987075234849344314287024335057360549168197888795086579142986924129454375010862259610612382159080180276015278007473857749127793980698117162213966643611074 0 0 0 0 0 1 0 0 0 0 0 0 0 0 0 0 0 0 0 0 0 0 0 0 0 0 0 0 0 0 0 0 0 0 0 0 0 0 0 0 0 0 0 0 0 0 0 0 0 0 0 0 0 0 0 0 0 0 0 0 0 0 0 0 0 0 0 0 0 0 0 0 0 0 0 0 0 0 0 0 0 0 0 0 0 0]
[170917435570196913261956189275130651987184224788194771225174597668222174047816254851144635382512588510209640408833000901013402160009266520665186913078045611280634734974375788266978324568715712134005095021074435534035823042640798706467978316788093141335681974740 0 0 0 0 0 0 1 0 0 0 0 0 0 0 0 0 0 0 0 0 0 0 0 0 0 0 0 0 0 0 0 0 0 0 0 0 0 0 0 0 0 0 0 0 0 0 0 0 0 0 0 0 0 0 0 0 0 0 0 0 0 0 0 0 0 0 0 0 0 0 0 0 0 0 0 0 0 0 0 0 0 0 0 0 0 0]
[5362583809847673079142435901831539014494829169670247545925480964590550616781711136471580231387103373459411788670998167882183063533754306087184573479287619130670896914773371642069917182328822495781475891605439671769150737796042470945173878330449744414627690226564 0 0 0 0 0 0 0 1 0 0 0 0 0 0 0 0 0 0 0 0 0 0 0 0 0 0 0 0 0 0 0 0 0 0 0 0 0 0 0 0 0 0 0 0 0 0 0 0 0 0 0 0 0 0 0 0 0 0 0 0 0 0 0 0 0 0 0 0 0 0 0 0 0 0 0 0 0 0 0 0 0 0 0 0 0 0]
[2055508914797292434475586946465060036417399965069904080193369052280444347819591085866303565235234485275067780132577873525331593929833123354771045931176313490212529178496725967438483169851631824593941800002961232121205413438627324873565672041859048939050959619749 0 0 0 0 0 0 0 0 1 0 0 0 0 0 0 0 0 0 0 0 0 0 0 0 0 0 0 0 0 0 0 0 0 0 0 0 0 0 0 0 0 0 0 0 0 0 0 0 0 0 0 0 0 0 0 0 0 0 0 0 0 0 0 0 0 0 0 0 0 0 0 0 0 0 0 0 0 0 0 0 0 0 0 0 0 0]
[7439579858684860546335145709177193629193191541059389346711834995140115041579289596309717659574242283294084690134773166779797168267925268830215298014823599526794682487380232749615607321285783484218603997694533078685117302452463284769259504401591697937017736266135 0 0 0 0 0 0 0 0 0 1 0 0 0 0 0 0 0 0 0 0 0 0 0 0 0 0 0 0 0 0 0 0 0 0 0 0 0 0 0 0 0 0 0 0 0 0 0 0 0 0 0 0 0 0 0 0 0 0 0 0 0 0 0 0 0 0 0 0 0 0 0 0 0 0 0 0 0 0 0 0 0 0 0 0 0 0]
[2689313575118729572472100625625328892121548374813232127625725926816340403476514977303273786477964068853247020420528170023471370431004948225198014858245105459301177444843267727576417044895499485429729192128185185783331096633572946416876211699364451427356218642151 0 0 0 0 0 0 0 0 0 0 1 0 0 0 0 0 0 0 0 0 0 0 0 0 0 0 0 0 0 0 0 0 0 0 0 0 0 0 0 0 0 0 0 0 0 0 0 0 0 0 0 0 0 0 0 0 0 0 0 0 0 0 0 0 0 0 0 0 0 0 0 0 0 0 0 0 0 0 0 0 0 0 0 0 0 0]
[1314387347461583236590055807453823696664823418791314076023585217187475049129265262261207935935846970412564388378127598585104448811326550215238989163785481501981558619951394647503128598621846841920105454144536154920345431130069964604146891270509793598214557266876 0 0 0 0 0 0 0 0 0 0 0 1 0 0 0 0 0 0 0 0 0 0 0 0 0 0 0 0 0 0 0 0 0 0 0 0 0 0 0 0 0 0 0 0 0 0 0 0 0 0 0 0 0 0 0 0 0 0 0 0 0 0 0 0 0 0 0 0 0 0 0 0 0 0 0 0 0 0 0 0 0 0 0 0 0 0]
[3216880165505504149821299534352663539902369694119142510644466764025737936592625580474148087992823607233464264934475547166402950546637965133852528627929424035154209244490903233403622532291690733224539131882406844451149531328171306887339603427655892885046499153116 0 0 0 0 0 0 0 0 0 0 0 0 1 0 0 0 0 0 0 0 0 0 0 0 0 0 0 0 0 0 0 0 0 0 0 0 0 0 0 0 0 0 0 0 0 0 0 0 0 0 0 0 0 0 0 0 0 0 0 0 0 0 0 0 0 0 0 0 0 0 0 0 0 0 0 0 0 0 0 0 0 0 0 0 0 0]
[3415177795678615561645609199298588662603173751673589023660832374493877190284934175561896226579861484167354214055941045415901065996941684902993243809525961528869924908900804483673012343282450582527883263419229844293383885110992749270223381026166345606974620293396 0 0 0 0 0 0 0 0 0 0 0 0 0 1 0 0 0 0 0 0 0 0 0 0 0 0 0 0 0 0 0 0 0 0 0 0 0 0 0 0 0 0 0 0 0 0 0 0 0 0 0 0 0 0 0 0 0 0 0 0 0 0 0 0 0 0 0 0 0 0 0 0 0 0 0 0 0 0 0 0 0 0 0 0 0 0]
[3677652257351082988542728679497888245623437475989676273096595321501085151609494348324969118404848387260294486429767992863374123065616371139691753095532382213868579191820562602706026871715077334916022795744670164781934009245373906031944601491303117831150577510999 0 0 0 0 0 0 0 0 0 0 0 0 0 0 1 0 0 0 0 0 0 0 0 0 0 0 0 0 0 0 0 0 0 0 0 0 0 0 0 0 0 0 0 0 0 0 0 0 0 0 0 0 0 0 0 0 0 0 0 0 0 0 0 0 0 0 0 0 0 0 0 0 0 0 0 0 0 0 0 0 0 0 0 0 0 0]
[5048744951724740420939009940028634484271486323428245777749627242308848844190152789600643213485993270021424363220162001424754306841659602269505634361582322897952613535417583299628434314820092865329579965767439852757515561878279955726969591486954244135431769638350 0 0 0 0 0 0 0 0 0 0 0 0 0 0 0 1 0 0 0 0 0 0 0 0 0 0 0 0 0 0 0 0 0 0 0 0 0 0 0 0 0 0 0 0 0 0 0 0 0 0 0 0 0 0 0 0 0 0 0 0 0 0 0 0 0 0 0 0 0 0 0 0 0 0 0 0 0 0 0 0 0 0 0 0 0 0]
[1005637778713014976260375306968927376384442215171822084382509638205008346156952406021032126256932521581747038285669178076048864616413471797203073250252861880491773910539919079354106323207955289357548844126642038074220118214986366737964537863194573638088363357477 0 0 0 0 0 0 0 0 0 0 0 0 0 0 0 0 1 0 0 0 0 0 0 0 0 0 0 0 0 0 0 0 0 0 0 0 0 0 0 0 0 0 0 0 0 0 0 0 0 0 0 0 0 0 0 0 0 0 0 0 0 0 0 0 0 0 0 0 0 0 0 0 0 0 0 0 0 0 0 0 0 0 0 0 0 0]
[1764462587195594345764830046247692180604329102481309134348003171145724374970593930823974022907900225525586269760282254822461119599234933864106811374142494206224882441444012861871188096451906886145551638300041717266864291757366880820193282129842618224626247937068 0 0 0 0 0 0 0 0 0 0 0 0 0 0 0 0 0 1 0 0 0 0 0 0 0 0 0 0 0 0 0 0 0 0 0 0 0 0 0 0 0 0 0 0 0 0 0 0 0 0 0 0 0 0 0 0 0 0 0 0 0 0 0 0 0 0 0 0 0 0 0 0 0 0 0 0 0 0 0 0 0 0 0 0 0 0]
[4544830053793274053842894195166175925909300657071517762001895549974801843648750264213354480470535833867216666435971173020809364448043095974097361618537559980248212449073346221696079672443898586554823339316413911135754605731154756947441196217848862601507503499257 0 0 0 0 0 0 0 0 0 0 0 0 0 0 0 0 0 0 1 0 0 0 0 0 0 0 0 0 0 0 0 0 0 0 0 0 0 0 0 0 0 0 0 0 0 0 0 0 0 0 0 0 0 0 0 0 0 0 0 0 0 0 0 0 0 0 0 0 0 0 0 0 0 0 0 0 0 0 0 0 0 0 0 0 0 0]
[6133644242583765996569353219603260747566705788814937115004475363922621404772570097892329400465403606789100454326515877987808457199111961793175070474318282860585484557780766626297313678267042508176520358502446455864874024224625555669995312215466547742230825572298 0 0 0 0 0 0 0 0 0 0 0 0 0 0 0 0 0 0 0 1 0 0 0 0 0 0 0 0 0 0 0 0 0 0 0 0 0 0 0 0 0 0 0 0 0 0 0 0 0 0 0 0 0 0 0 0 0 0 0 0 0 0 0 0 0 0 0 0 0 0 0 0 0 0 0 0 0 0 0 0 0 0 0 0 0 0]
[6833634305291687144033191394641284138792812066085495539724485478740401050272825720363319559363967614254665808958767371824506997675005889895545192672876991938846326700614431986692795748318314613517280673315462338262750748005564080812779629731475188325086055349922 0 0 0 0 0 0 0 0 0 0 0 0 0 0 0 0 0 0 0 0 1 0 0 0 0 0 0 0 0 0 0 0 0 0 0 0 0 0 0 0 0 0 0 0 0 0 0 0 0 0 0 0 0 0 0 0 0 0 0 0 0 0 0 0 0 0 0 0 0 0 0 0 0 0 0 0 0 0 0 0 0 0 0 0 0 0]
[5096160489531932832310319539856090334296277033570310673000147539785125564358189206090745464926376823815521293243169831080858690310824378637252479067313681793984554808702709405409293394465410529466293887692761245876207710278315222699432438322351536571113130181069 0 0 0 0 0 0 0 0 0 0 0 0 0 0 0 0 0 0 0 0 0 1 0 0 0 0 0 0 0 0 0 0 0 0 0 0 0 0 0 0 0 0 0 0 0 0 0 0 0 0 0 0 0 0 0 0 0 0 0 0 0 0 0 0 0 0 0 0 0 0 0 0 0 0 0 0 0 0 0 0 0 0 0 0 0 0]
[5486024200926102311535585144646145989646962467709114936814585919199275589861832625909637920639648996518657618236608225752059403836551212297428283033993316999045752662045806778927077811726098682920142638350858878097931173491049600538987751357292506251896043000584 0 0 0 0 0 0 0 0 0 0 0 0 0 0 0 0 0 0 0 0 0 0 1 0 0 0 0 0 0 0 0 0 0 0 0 0 0 0 0 0 0 0 0 0 0 0 0 0 0 0 0 0 0 0 0 0 0 0 0 0 0 0 0 0 0 0 0 0 0 0 0 0 0 0 0 0 0 0 0 0 0 0 0 0 0 0]
[616662432856228314554797813271491027196728163751007806407503599446169323268233833025687354475274030319472211538357454047850732270937103115676005460598136481852870486857491912057751764865659423537947043119313794359092833227657921651726790890747463490627217285448 0 0 0 0 0 0 0 0 0 0 0 0 0 0 0 0 0 0 0 0 0 0 0 1 0 0 0 0 0 0 0 0 0 0 0 0 0 0 0 0 0 0 0 0 0 0 0 0 0 0 0 0 0 0 0 0 0 0 0 0 0 0 0 0 0 0 0 0 0 0 0 0 0 0 0 0 0 0 0 0 0 0 0 0 0 0]
[6912669403849202760625150903143963800854365126085151746369709295192664422519532680795692724501461023930631017140101732000579595497622442627947074889919320794366012912737977774631681014729497976940747073403317521897247617362090859212952829968648253160012241817757 0 0 0 0 0 0 0 0 0 0 0 0 0 0 0 0 0 0 0 0 0 0 0 0 1 0 0 0 0 0 0 0 0 0 0 0 0 0 0 0 0 0 0 0 0 0 0 0 0 0 0 0 0 0 0 0 0 0 0 0 0 0 0 0 0 0 0 0 0 0 0 0 0 0 0 0 0 0 0 0 0 0 0 0 0 0]
[5733321650398836698143983101632605744684271967769631664151229472158272923788418502817569644891848364787746486864530396332565480674843052702198445938644428769585315682799987444858265240900485254705745137076611502131298705198094774923739748964737125071125952595793 0 0 0 0 0 0 0 0 0 0 0 0 0 0 0 0 0 0 0 0 0 0 0 0 0 1 0 0 0 0 0 0 0 0 0 0 0 0 0 0 0 0 0 0 0 0 0 0 0 0 0 0 0 0 0 0 0 0 0 0 0 0 0 0 0 0 0 0 0 0 0 0 0 0 0 0 0 0 0 0 0 0 0 0 0 0]
[5819362267180354490289738306196740416951269770110114858760197176337308898034734822779109831790764035238992544201569922702108632984219139643341761540825637396135304856670797353713627726841393407219653024784867341739784262768087933932708612295516404375750287678717 0 0 0 0 0 0 0 0 0 0 0 0 0 0 0 0 0 0 0 0 0 0 0 0 0 0 1 0 0 0 0 0 0 0 0 0 0 0 0 0 0 0 0 0 0 0 0 0 0 0 0 0 0 0 0 0 0 0 0 0 0 0 0 0 0 0 0 0 0 0 0 0 0 0 0 0 0 0 0 0 0 0 0 0 0 0]
[1533229806055801731786581475217100420611456849982241802301117952008895363560081770784661290775194627140206045094691680375241543326905855321887090848727285887428056364046773870157167584506775837129853522850378953472673328039077199429574695935616501616283415121572 0 0 0 0 0 0 0 0 0 0 0 0 0 0 0 0 0 0 0 0 0 0 0 0 0 0 0 1 0 0 0 0 0 0 0 0 0 0 0 0 0 0 0 0 0 0 0 0 0 0 0 0 0 0 0 0 0 0 0 0 0 0 0 0 0 0 0 0 0 0 0 0 0 0 0 0 0 0 0 0 0 0 0 0 0 0]
[5945581021660299907905559881574428832218114672921134218322938611291600414026107901285968929217207440408623322266882150157388809693134044025953511112273747470169797723548348417227786170762163957025827912674342019403005060581180199968183767161767355637446756635548 0 0 0 0 0 0 0 0 0 0 0 0 0 0 0 0 0 0 0 0 0 0 0 0 0 0 0 0 1 0 0 0 0 0 0 0 0 0 0 0 0 0 0 0 0 0 0 0 0 0 0 0 0 0 0 0 0 0 0 0 0 0 0 0 0 0 0 0 0 0 0 0 0 0 0 0 0 0 0 0 0 0 0 0 0 0]
[2290844227319734573238595333556330225679709495486472169642301950160791052040801726953950617753840464594001066743472055045316988290823001074256095838336816060205420660612245882647523828490141756775110294355574360644978366645450781835995572509971806042954912264167 0 0 0 0 0 0 0 0 0 0 0 0 0 0 0 0 0 0 0 0 0 0 0 0 0 0 0 0 0 1 0 0 0 0 0 0 0 0 0 0 0 0 0 0 0 0 0 0 0 0 0 0 0 0 0 0 0 0 0 0 0 0 0 0 0 0 0 0 0 0 0 0 0 0 0 0 0 0 0 0 0 0 0 0 0 0]
[4949775697309207332007656090477928307204896155712297350123026547792505090482015474079387032269021847386415395927843916799300386541651002251007569606215195320183576553476113645431226622330375028672051711587719391878177783758526890878761485596574221697234108406926 0 0 0 0 0 0 0 0 0 0 0 0 0 0 0 0 0 0 0 0 0 0 0 0 0 0 0 0 0 0 1 0 0 0 0 0 0 0 0 0 0 0 0 0 0 0 0 0 0 0 0 0 0 0 0 0 0 0 0 0 0 0 0 0 0 0 0 0 0 0 0 0 0 0 0 0 0 0 0 0 0 0 0 0 0 0]
[175232943412906557032364636920930829816317656707828198550991550137494199367408837592518829020151330159647234516011534694042054342919091243467110763912218136179244026939005742237589128809876157586035739514111984207868871138606489758424547945834201746320195426280 0 0 0 0 0 0 0 0 0 0 0 0 0 0 0 0 0 0 0 0 0 0 0 0 0 0 0 0 0 0 0 1 0 0 0 0 0 0 0 0 0 0 0 0 0 0 0 0 0 0 0 0 0 0 0 0 0 0 0 0 0 0 0 0 0 0 0 0 0 0 0 0 0 0 0 0 0 0 0 0 0 0 0 0 0 0]
[2504434864135756743865311425930510786816354206647380796770338385175349553821986559477351244738570227045645164928694388134398367246756977651558437754209051775397530765426088479599803894632451043678481849894564120718260257547107874137679749517792421689623683364089 0 0 0 0 0 0 0 0 0 0 0 0 0 0 0 0 0 0 0 0 0 0 0 0 0 0 0 0 0 0 0 0 1 0 0 0 0 0 0 0 0 0 0 0 0 0 0 0 0 0 0 0 0 0 0 0 0 0 0 0 0 0 0 0 0 0 0 0 0 0 0 0 0 0 0 0 0 0 0 0 0 0 0 0 0 0]
[3253549660611385246491443766112177880497656774167393794746361617208281205394061049333062972917318990854267179989482331910990876345698477802028606875085602200734614276078714095545480035520411677609835634728684932515222214609455079133786093011147024996481571613745 0 0 0 0 0 0 0 0 0 0 0 0 0 0 0 0 0 0 0 0 0 0 0 0 0 0 0 0 0 0 0 0 0 1 0 0 0 0 0 0 0 0 0 0 0 0 0 0 0 0 0 0 0 0 0 0 0 0 0 0 0 0 0 0 0 0 0 0 0 0 0 0 0 0 0 0 0 0 0 0 0 0 0 0 0 0]
[2762361464184917909070314371777636778129571994431072498342260829345683268327876969754540263145915986064846229884069282226367858969219057615431641130544893474335656447896948996598906562559385619042077980354809197024423001550590245200588330225237108963145652288383 0 0 0 0 0 0 0 0 0 0 0 0 0 0 0 0 0 0 0 0 0 0 0 0 0 0 0 0 0 0 0 0 0 0 1 0 0 0 0 0 0 0 0 0 0 0 0 0 0 0 0 0 0 0 0 0 0 0 0 0 0 0 0 0 0 0 0 0 0 0 0 0 0 0 0 0 0 0 0 0 0 0 0 0 0 0]
[1221788624297158000100413392319238089668618753220022847279718722698722783893073033315011726231810846950117446686042398118652900126367029029948756220424460623615746573544900960427659309289713456342769959743239350118320230147442396586776794210009859103352273407018 0 0 0 0 0 0 0 0 0 0 0 0 0 0 0 0 0 0 0 0 0 0 0 0 0 0 0 0 0 0 0 0 0 0 0 1 0 0 0 0 0 0 0 0 0 0 0 0 0 0 0 0 0 0 0 0 0 0 0 0 0 0 0 0 0 0 0 0 0 0 0 0 0 0 0 0 0 0 0 0 0 0 0 0 0 0]
[575378203477105467565128687087521192893589031530818996868434529205154468414899099262246805789866380958435521639714202760314273692043694659801488498599946210365829790969524567602322477306619089406700902068779645328769305072463553057783770584313180054410997771631 0 0 0 0 0 0 0 0 0 0 0 0 0 0 0 0 0 0 0 0 0 0 0 0 0 0 0 0 0 0 0 0 0 0 0 0 1 0 0 0 0 0 0 0 0 0 0 0 0 0 0 0 0 0 0 0 0 0 0 0 0 0 0 0 0 0 0 0 0 0 0 0 0 0 0 0 0 0 0 0 0 0 0 0 0 0]
[1715700620059717552844544355675839165691722546289898612339402884788736555333454461953214112471155019959143889400441991283938391592278262396546958372540139435110846470586590751476496242658148638125561076534293314796725071708210239804158145777551339178256934720640 0 0 0 0 0 0 0 0 0 0 0 0 0 0 0 0 0 0 0 0 0 0 0 0 0 0 0 0 0 0 0 0 0 0 0 0 0 1 0 0 0 0 0 0 0 0 0 0 0 0 0 0 0 0 0 0 0 0 0 0 0 0 0 0 0 0 0 0 0 0 0 0 0 0 0 0 0 0 0 0 0 0 0 0 0 0]
[5108752290222027908481169464996238902762269418366798401449736064221931926152218912667596398923198207926028872916607804552632660904459571448166334793202780419959695084603319755872989210423546962724767004290003386628314066469061493821604595779310040007097453195406 0 0 0 0 0 0 0 0 0 0 0 0 0 0 0 0 0 0 0 0 0 0 0 0 0 0 0 0 0 0 0 0 0 0 0 0 0 0 1 0 0 0 0 0 0 0 0 0 0 0 0 0 0 0 0 0 0 0 0 0 0 0 0 0 0 0 0 0 0 0 0 0 0 0 0 0 0 0 0 0 0 0 0 0 0 0]
[3488106099768361271549325028180992766680023514824483516350560049658044458665926688893048501243737471199465739122226548009494390909524504634064528372079459866736166891330024954764384821574426300657563837029321880261771631760897709658329979506122057888607582131514 0 0 0 0 0 0 0 0 0 0 0 0 0 0 0 0 0 0 0 0 0 0 0 0 0 0 0 0 0 0 0 0 0 0 0 0 0 0 0 1 0 0 0 0 0 0 0 0 0 0 0 0 0 0 0 0 0 0 0 0 0 0 0 0 0 0 0 0 0 0 0 0 0 0 0 0 0 0 0 0 0 0 0 0 0 0]
[5732890120629553564407753306768566861463039272138095350546341811911536254639031244256667980827189795145461536172887618807399907547402392026394644720201950785508122803849949457124471849790360355106599909610066058191303679050481749106066623646768483096037287531153 0 0 0 0 0 0 0 0 0 0 0 0 0 0 0 0 0 0 0 0 0 0 0 0 0 0 0 0 0 0 0 0 0 0 0 0 0 0 0 0 1 0 0 0 0 0 0 0 0 0 0 0 0 0 0 0 0 0 0 0 0 0 0 0 0 0 0 0 0 0 0 0 0 0 0 0 0 0 0 0 0 0 0 0 0 0]
[1548352135076222887500860447109625039380330428642923383916955388243416901084486036781706975952514782940602741669913197709991565469211778368058327801272778450993739137903083995267234129845534485763820093205264655584235571558421647975991124583229794605654056102830 0 0 0 0 0 0 0 0 0 0 0 0 0 0 0 0 0 0 0 0 0 0 0 0 0 0 0 0 0 0 0 0 0 0 0 0 0 0 0 0 0 1 0 0 0 0 0 0 0 0 0 0 0 0 0 0 0 0 0 0 0 0 0 0 0 0 0 0 0 0 0 0 0 0 0 0 0 0 0 0 0 0 0 0 0 0]
[619804496025735676919285667146753695855765193090261357396073614244974073362397784345660882126767399410597783659391133137547145941534967426691534990990638650420321699426459620702304356900797253053874426751162882382281369204186886362185906553633822653752447565825 0 0 0 0 0 0 0 0 0 0 0 0 0 0 0 0 0 0 0 0 0 0 0 0 0 0 0 0 0 0 0 0 0 0 0 0 0 0 0 0 0 0 1 0 0 0 0 0 0 0 0 0 0 0 0 0 0 0 0 0 0 0 0 0 0 0 0 0 0 0 0 0 0 0 0 0 0 0 0 0 0 0 0 0 0 0]
[6964068747587915180987496938249362887050982504658028028871005043209346095559251300142259543580307428882733765993026706408649677972799286269720104784833352788131488216428205130216658456180951613492572544562505343245350611100460069614220582830688470135713452747013 0 0 0 0 0 0 0 0 0 0 0 0 0 0 0 0 0 0 0 0 0 0 0 0 0 0 0 0 0 0 0 0 0 0 0 0 0 0 0 0 0 0 0 1 0 0 0 0 0 0 0 0 0 0 0 0 0 0 0 0 0 0 0 0 0 0 0 0 0 0 0 0 0 0 0 0 0 0 0 0 0 0 0 0 0 0]
[2998358781962093040365071170102337311360216878870471894178884066321202401832837202816471700546380053379544884095152591977693193731327440236259775927997748555237571531911137836870660823371047530254098412005239105587147440265543416148466108362322592248726697939074 0 0 0 0 0 0 0 0 0 0 0 0 0 0 0 0 0 0 0 0 0 0 0 0 0 0 0 0 0 0 0 0 0 0 0 0 0 0 0 0 0 0 0 0 1 0 0 0 0 0 0 0 0 0 0 0 0 0 0 0 0 0 0 0 0 0 0 0 0 0 0 0 0 0 0 0 0 0 0 0 0 0 0 0 0 0]
[3306633696674302316363793198775978907382036313622764448872291665721271276590626098205920785105502643545251664654261345755960010722484263969707120118365238786508469419042168875743986158006894329480741747230536138667333253515774865238040128723946263009616042619436 0 0 0 0 0 0 0 0 0 0 0 0 0 0 0 0 0 0 0 0 0 0 0 0 0 0 0 0 0 0 0 0 0 0 0 0 0 0 0 0 0 0 0 0 0 1 0 0 0 0 0 0 0 0 0 0 0 0 0 0 0 0 0 0 0 0 0 0 0 0 0 0 0 0 0 0 0 0 0 0 0 0 0 0 0 0]
[4594543897636262701597946202155467594800037384886799953539442694364305784103099328852402825642784987904699309554107241913512078826347759072106928677928560626986059172726707091111813007274523346899080208760557376840410978287296625206771573994989751167470307235182 0 0 0 0 0 0 0 0 0 0 0 0 0 0 0 0 0 0 0 0 0 0 0 0 0 0 0 0 0 0 0 0 0 0 0 0 0 0 0 0 0 0 0 0 0 0 1 0 0 0 0 0 0 0 0 0 0 0 0 0 0 0 0 0 0 0 0 0 0 0 0 0 0 0 0 0 0 0 0 0 0 0 0 0 0 0]
[6462635147087206192294775922720309224703984692726333115493095976123402150572867899656132079246159041589650498027162202105500587438784683898443630578554515131146919263081622560003470028332268037607216880041971130647724441210294130911199108992310324046723974030905 0 0 0 0 0 0 0 0 0 0 0 0 0 0 0 0 0 0 0 0 0 0 0 0 0 0 0 0 0 0 0 0 0 0 0 0 0 0 0 0 0 0 0 0 0 0 0 1 0 0 0 0 0 0 0 0 0 0 0 0 0 0 0 0 0 0 0 0 0 0 0 0 0 0 0 0 0 0 0 0 0 0 0 0 0 0]
[6389479510010182100963911272934805117588674005695776766605318214146259162284848954122634386429164237590143238464513925952726625347211174109386168295105418493081735275677163714177558166743591371166380199382777668633489616916779101411868508052950615992183177345841 0 0 0 0 0 0 0 0 0 0 0 0 0 0 0 0 0 0 0 0 0 0 0 0 0 0 0 0 0 0 0 0 0 0 0 0 0 0 0 0 0 0 0 0 0 0 0 0 1 0 0 0 0 0 0 0 0 0 0 0 0 0 0 0 0 0 0 0 0 0 0 0 0 0 0 0 0 0 0 0 0 0 0 0 0 0]
[3679325550035244747164967660663265873700428078666056779426673186137785354035660754953547085741541949851086046134482249756631146091371018165702855903725054995750433513256087564906302481946629879170759095466440213528663683174724613563657624803561415462208217352126 0 0 0 0 0 0 0 0 0 0 0 0 0 0 0 0 0 0 0 0 0 0 0 0 0 0 0 0 0 0 0 0 0 0 0 0 0 0 0 0 0 0 0 0 0 0 0 0 0 1 0 0 0 0 0 0 0 0 0 0 0 0 0 0 0 0 0 0 0 0 0 0 0 0 0 0 0 0 0 0 0 0 0 0 0 0]
[4770607744417612466113207056111654764793328072559983677374460443605799655296434713368997958266339418119802649258528043506254721879328068915618000707849972072124057598876268358466656427537336960941910413652633003232818281161658913738923631950524544185070326379126 0 0 0 0 0 0 0 0 0 0 0 0 0 0 0 0 0 0 0 0 0 0 0 0 0 0 0 0 0 0 0 0 0 0 0 0 0 0 0 0 0 0 0 0 0 0 0 0 0 0 1 0 0 0 0 0 0 0 0 0 0 0 0 0 0 0 0 0 0 0 0 0 0 0 0 0 0 0 0 0 0 0 0 0 0 0]
[4477743972238920012278637923728396058714891451314594330849580824292847177744538492629477465676397287755838954854064689294584001758019862550778227827843906641105715176059223876504226048098492382485711418495290096852172789860739827249832617974239517822624468839539 0 0 0 0 0 0 0 0 0 0 0 0 0 0 0 0 0 0 0 0 0 0 0 0 0 0 0 0 0 0 0 0 0 0 0 0 0 0 0 0 0 0 0 0 0 0 0 0 0 0 0 1 0 0 0 0 0 0 0 0 0 0 0 0 0 0 0 0 0 0 0 0 0 0 0 0 0 0 0 0 0 0 0 0 0 0]
[4167373019941752555359460142989617299618195707641088541016714889150222565533596521425435069462581383344933149363196672881478178003229611041203036071715901918959528359843051562325367465195160233571622631653426705495790192607996827904972520513079360674797845948760 0 0 0 0 0 0 0 0 0 0 0 0 0 0 0 0 0 0 0 0 0 0 0 0 0 0 0 0 0 0 0 0 0 0 0 0 0 0 0 0 0 0 0 0 0 0 0 0 0 0 0 0 1 0 0 0 0 0 0 0 0 0 0 0 0 0 0 0 0 0 0 0 0 0 0 0 0 0 0 0 0 0 0 0 0 0]
[4393343894348853782194888312852423062882439958356504154113243414487184984772460327452100672191301172973446523498604996864795306233141524411226373342026806830324636423485495605871639367010591965352448618359069956438662935791320435743325698466289659231682671299322 0 0 0 0 0 0 0 0 0 0 0 0 0 0 0 0 0 0 0 0 0 0 0 0 0 0 0 0 0 0 0 0 0 0 0 0 0 0 0 0 0 0 0 0 0 0 0 0 0 0 0 0 0 1 0 0 0 0 0 0 0 0 0 0 0 0 0 0 0 0 0 0 0 0 0 0 0 0 0 0 0 0 0 0 0 0]
[2263816628681099069050515083612803697029945315142219385188614415935445852280927758000061634498930308081980116415108626967150530116595068065513222543915382027432385135015170570537329804616934615622132909498909683883407385146488793628681646604021547329629344277774 0 0 0 0 0 0 0 0 0 0 0 0 0 0 0 0 0 0 0 0 0 0 0 0 0 0 0 0 0 0 0 0 0 0 0 0 0 0 0 0 0 0 0 0 0 0 0 0 0 0 0 0 0 0 1 0 0 0 0 0 0 0 0 0 0 0 0 0 0 0 0 0 0 0 0 0 0 0 0 0 0 0 0 0 0 0]
[5795127043789069976470733112999194449823808174542634581821487019689437443540591367798446519838932537065103674128437235421425928340561557161046278513813058657323008050450969690897548001852511138874693688498703918568128939608888026004317482999202393596488400190842 0 0 0 0 0 0 0 0 0 0 0 0 0 0 0 0 0 0 0 0 0 0 0 0 0 0 0 0 0 0 0 0 0 0 0 0 0 0 0 0 0 0 0 0 0 0 0 0 0 0 0 0 0 0 0 1 0 0 0 0 0 0 0 0 0 0 0 0 0 0 0 0 0 0 0 0 0 0 0 0 0 0 0 0 0 0]
[1858530738728438804907544513191633701615131522430206619373500606201527348047518489091490270815195725412001485904218086812573286760475011481052485334845261499300572581879359527851149865785406440527197860649769267676021918101439137967998844874163439680547504248379 0 0 0 0 0 0 0 0 0 0 0 0 0 0 0 0 0 0 0 0 0 0 0 0 0 0 0 0 0 0 0 0 0 0 0 0 0 0 0 0 0 0 0 0 0 0 0 0 0 0 0 0 0 0 0 0 1 0 0 0 0 0 0 0 0 0 0 0 0 0 0 0 0 0 0 0 0 0 0 0 0 0 0 0 0 0]
[4968191805704898420211678333214851888029553912878988457014510922957136694592113514755670605572940634581154714250647121302914527718434009775822379609307757854134084106411482942078673923929654427842339921825700530868180792684355077425691946994733703809811861742329 0 0 0 0 0 0 0 0 0 0 0 0 0 0 0 0 0 0 0 0 0 0 0 0 0 0 0 0 0 0 0 0 0 0 0 0 0 0 0 0 0 0 0 0 0 0 0 0 0 0 0 0 0 0 0 0 0 1 0 0 0 0 0 0 0 0 0 0 0 0 0 0 0 0 0 0 0 0 0 0 0 0 0 0 0 0]
[2215970737264869990609752946652934328975469088022728380996295477919365423479707520104726200152087770497687542076075086179510263228627508338895979353957572497329122195507572935867205988469665388679969837754675968395944322524151978613074804988196491478974045829369 0 0 0 0 0 0 0 0 0 0 0 0 0 0 0 0 0 0 0 0 0 0 0 0 0 0 0 0 0 0 0 0 0 0 0 0 0 0 0 0 0 0 0 0 0 0 0 0 0 0 0 0 0 0 0 0 0 0 1 0 0 0 0 0 0 0 0 0 0 0 0 0 0 0 0 0 0 0 0 0 0 0 0 0 0 0]
[1285765457943742668904860139472291315548065190923018395250815162982308127970979119261445649499792966338205597839848925718320825326142580605006849495977775922112163378627601073441460100101064898851653132632837223328234955926312330185006996505574304680099298467179 0 0 0 0 0 0 0 0 0 0 0 0 0 0 0 0 0 0 0 0 0 0 0 0 0 0 0 0 0 0 0 0 0 0 0 0 0 0 0 0 0 0 0 0 0 0 0 0 0 0 0 0 0 0 0 0 0 0 0 1 0 0 0 0 0 0 0 0 0 0 0 0 0 0 0 0 0 0 0 0 0 0 0 0 0 0]
[93838298005337973311407040965409905949887151107851085812798402827022886748081533992328799213410824183896432939287308066859889728624964504643737837943723473088894237338931372387083553390940157769265470099118655015774190452589000417069780973967049465923089313795 0 0 0 0 0 0 0 0 0 0 0 0 0 0 0 0 0 0 0 0 0 0 0 0 0 0 0 0 0 0 0 0 0 0 0 0 0 0 0 0 0 0 0 0 0 0 0 0 0 0 0 0 0 0 0 0 0 0 0 0 1 0 0 0 0 0 0 0 0 0 0 0 0 0 0 0 0 0 0 0 0 0 0 0 0 0]
[3334026299587927852960917589728243516455605958663014429041927880602460098178960844399760568032309435518868951499080732199853760385756305478872921832953178119733240169857385020690266817381971949888654979495391266386285413656600620859822144614037379453019063786537 0 0 0 0 0 0 0 0 0 0 0 0 0 0 0 0 0 0 0 0 0 0 0 0 0 0 0 0 0 0 0 0 0 0 0 0 0 0 0 0 0 0 0 0 0 0 0 0 0 0 0 0 0 0 0 0 0 0 0 0 0 1 0 0 0 0 0 0 0 0 0 0 0 0 0 0 0 0 0 0 0 0 0 0 0 0]
[3153401087924042168687604842302662947075973687802614217109792592475620218240223952435160618987400825349315906903324449963357075833985465255248225941575184543782560755646465206699285026964030343992570982830981722233174293998935760806615274352334327477815423671867 0 0 0 0 0 0 0 0 0 0 0 0 0 0 0 0 0 0 0 0 0 0 0 0 0 0 0 0 0 0 0 0 0 0 0 0 0 0 0 0 0 0 0 0 0 0 0 0 0 0 0 0 0 0 0 0 0 0 0 0 0 0 1 0 0 0 0 0 0 0 0 0 0 0 0 0 0 0 0 0 0 0 0 0 0 0]
[7322789394229484965750490335742720314053159135516711642889922513470863618043533783267082839206818962276442744209280837323135427842784842986265543440063337125947264059069359644868614465580853922361414160114183526002841338763101183171590391915283809204466647522730 0 0 0 0 0 0 0 0 0 0 0 0 0 0 0 0 0 0 0 0 0 0 0 0 0 0 0 0 0 0 0 0 0 0 0 0 0 0 0 0 0 0 0 0 0 0 0 0 0 0 0 0 0 0 0 0 0 0 0 0 0 0 0 1 0 0 0 0 0 0 0 0 0 0 0 0 0 0 0 0 0 0 0 0 0 0]
[3655935282226601992010907317931378750422961122061006129988999547677507682828935791122394465783691170127416940959002564961171325179744194133870443101919879332522733023993100856226605925045631064839902337985809959813853760835231329871859484248292562095219970104755 0 0 0 0 0 0 0 0 0 0 0 0 0 0 0 0 0 0 0 0 0 0 0 0 0 0 0 0 0 0 0 0 0 0 0 0 0 0 0 0 0 0 0 0 0 0 0 0 0 0 0 0 0 0 0 0 0 0 0 0 0 0 0 0 1 0 0 0 0 0 0 0 0 0 0 0 0 0 0 0 0 0 0 0 0 0]
[2870438099527623737299458113193285086569517741478137250523959553103007054636491256400659757716018761154352757605541365248915448828228169209754928717857677507339461347929630042724083921264728639224312037445532434906193745033372346575272515178708977842685000161149 0 0 0 0 0 0 0 0 0 0 0 0 0 0 0 0 0 0 0 0 0 0 0 0 0 0 0 0 0 0 0 0 0 0 0 0 0 0 0 0 0 0 0 0 0 0 0 0 0 0 0 0 0 0 0 0 0 0 0 0 0 0 0 0 0 1 0 0 0 0 0 0 0 0 0 0 0 0 0 0 0 0 0 0 0 0]
[1742463731903470780591458601322184785721848271944576014840634341299672954302362913757484654090045457344872005288285721983064919746319329039130852935397490967323264469187574702159030904381656336819558840046893145343554392544326668928104907507018638776487017152773 0 0 0 0 0 0 0 0 0 0 0 0 0 0 0 0 0 0 0 0 0 0 0 0 0 0 0 0 0 0 0 0 0 0 0 0 0 0 0 0 0 0 0 0 0 0 0 0 0 0 0 0 0 0 0 0 0 0 0 0 0 0 0 0 0 0 1 0 0 0 0 0 0 0 0 0 0 0 0 0 0 0 0 0 0 0]
[4956638100124806011833206323845182621247252903792307899526751786738382485775401480184410776478663300849093074287036165798423177747167325221753341979894623809268922060765992499972542751848147027436367181812248349120669014930417105037858588806351768900600069204562 0 0 0 0 0 0 0 0 0 0 0 0 0 0 0 0 0 0 0 0 0 0 0 0 0 0 0 0 0 0 0 0 0 0 0 0 0 0 0 0 0 0 0 0 0 0 0 0 0 0 0 0 0 0 0 0 0 0 0 0 0 0 0 0 0 0 0 1 0 0 0 0 0 0 0 0 0 0 0 0 0 0 0 0 0 0]
[6421936903901845377660020255870362623498962010386642995598970300698503562606958895853223816516654893137353235038945727080773415489278399851304515264499715967975583107008499729395615907038822327459157937294020236870695950044900855470615510472968174075022221974175 0 0 0 0 0 0 0 0 0 0 0 0 0 0 0 0 0 0 0 0 0 0 0 0 0 0 0 0 0 0 0 0 0 0 0 0 0 0 0 0 0 0 0 0 0 0 0 0 0 0 0 0 0 0 0 0 0 0 0 0 0 0 0 0 0 0 0 0 1 0 0 0 0 0 0 0 0 0 0 0 0 0 0 0 0 0]
[124552280522287772832239370931876459345162694295333750436540630398125987841218986507672967542057691853560496574150370352758648581421921748858815626501921089075280685561382124182321942738741767362498560662413409175111480343515734114304055660299048023281428195575 0 0 0 0 0 0 0 0 0 0 0 0 0 0 0 0 0 0 0 0 0 0 0 0 0 0 0 0 0 0 0 0 0 0 0 0 0 0 0 0 0 0 0 0 0 0 0 0 0 0 0 0 0 0 0 0 0 0 0 0 0 0 0 0 0 0 0 0 0 1 0 0 0 0 0 0 0 0 0 0 0 0 0 0 0 0]
[7040335297272043577031764532089706638313838979925522288533183143508336968755856026267077510398967167353246564677080306908866446983377666211683795505350990033277375150355596344557858838890377007019348252886966682799999127468434352053339809663031524677558876439298 0 0 0 0 0 0 0 0 0 0 0 0 0 0 0 0 0 0 0 0 0 0 0 0 0 0 0 0 0 0 0 0 0 0 0 0 0 0 0 0 0 0 0 0 0 0 0 0 0 0 0 0 0 0 0 0 0 0 0 0 0 0 0 0 0 0 0 0 0 0 1 0 0 0 0 0 0 0 0 0 0 0 0 0 0 0]
[4579536862682729777043701311941999523987841408544684516325581567456183592654962614927930414822691717141624944273568249237403755180251209762839862154421538547556278346195405179971103980791906430433720948329399797347387882810087360422346619532201848941434342009478 0 0 0 0 0 0 0 0 0 0 0 0 0 0 0 0 0 0 0 0 0 0 0 0 0 0 0 0 0 0 0 0 0 0 0 0 0 0 0 0 0 0 0 0 0 0 0 0 0 0 0 0 0 0 0 0 0 0 0 0 0 0 0 0 0 0 0 0 0 0 0 1 0 0 0 0 0 0 0 0 0 0 0 0 0 0]
[6240908063427888789230222377157948004801488786645738574109809799845920117993362211515416535659461495281181267407524537955303493304214765725260554813940118303144566920083600922611553921075021820419870805033578520437005552428839152225721534714688827262332883526787 0 0 0 0 0 0 0 0 0 0 0 0 0 0 0 0 0 0 0 0 0 0 0 0 0 0 0 0 0 0 0 0 0 0 0 0 0 0 0 0 0 0 0 0 0 0 0 0 0 0 0 0 0 0 0 0 0 0 0 0 0 0 0 0 0 0 0 0 0 0 0 0 1 0 0 0 0 0 0 0 0 0 0 0 0 0]
[3528913696504316314155101111945919716217934478781944539289459356974623016190270994669988787852249720209886466896820165320885167026481856872654564427586344251585412588374381430189416394403040792612557450042109771566276821016687018529692561591507200213321593284384 0 0 0 0 0 0 0 0 0 0 0 0 0 0 0 0 0 0 0 0 0 0 0 0 0 0 0 0 0 0 0 0 0 0 0 0 0 0 0 0 0 0 0 0 0 0 0 0 0 0 0 0 0 0 0 0 0 0 0 0 0 0 0 0 0 0 0 0 0 0 0 0 0 1 0 0 0 0 0 0 0 0 0 0 0 0]
[6870568428804798650068098878180359472559890147526454892663707256088756834424504978890492228531946598354749934748218100628319223240217408655380178287641963307434092160574573385797182123074444528072109161514145225050126826817795283106771587991402474580580735574628 0 0 0 0 0 0 0 0 0 0 0 0 0 0 0 0 0 0 0 0 0 0 0 0 0 0 0 0 0 0 0 0 0 0 0 0 0 0 0 0 0 0 0 0 0 0 0 0 0 0 0 0 0 0 0 0 0 0 0 0 0 0 0 0 0 0 0 0 0 0 0 0 0 0 1 0 0 0 0 0 0 0 0 0 0 0]
[1539353887340769189065158218779871780013697831579137459555931061640259515654902539196642425704564838893113382051828882173438645508193015487158800356564548543432955326329545195170643642088112240893039413884295565367271832578515339688664500518162809628046827443070 0 0 0 0 0 0 0 0 0 0 0 0 0 0 0 0 0 0 0 0 0 0 0 0 0 0 0 0 0 0 0 0 0 0 0 0 0 0 0 0 0 0 0 0 0 0 0 0 0 0 0 0 0 0 0 0 0 0 0 0 0 0 0 0 0 0 0 0 0 0 0 0 0 0 0 1 0 0 0 0 0 0 0 0 0 0]
[4229172806058589866603232284588525285402479140098486103811428411154937368984645311481920223443622043657486702224663600685278635701902231372666568066699058898833351754848700988572257780150509373967300128155947475726670162739623624790299872430325879556886305461505 0 0 0 0 0 0 0 0 0 0 0 0 0 0 0 0 0 0 0 0 0 0 0 0 0 0 0 0 0 0 0 0 0 0 0 0 0 0 0 0 0 0 0 0 0 0 0 0 0 0 0 0 0 0 0 0 0 0 0 0 0 0 0 0 0 0 0 0 0 0 0 0 0 0 0 0 1 0 0 0 0 0 0 0 0 0]
[1541079415650979797139252613593489852544862399355436302856983713958885543190463959945684706798048393407371227256591182743235035878355358307777978843332313706035221638000977164294769593573465740927511680892267845567616914113795075853577861780185406296046440643398 0 0 0 0 0 0 0 0 0 0 0 0 0 0 0 0 0 0 0 0 0 0 0 0 0 0 0 0 0 0 0 0 0 0 0 0 0 0 0 0 0 0 0 0 0 0 0 0 0 0 0 0 0 0 0 0 0 0 0 0 0 0 0 0 0 0 0 0 0 0 0 0 0 0 0 0 0 1 0 0 0 0 0 0 0 0]
[6820574848821139264624676776846799336051216063711239465600815764214619506154842091798124650222753202686924263772011780523556325608869763441015934920761736973910981553644915964401734173129481631687638491524906505662167109967448356433214465274707375034308192832540 0 0 0 0 0 0 0 0 0 0 0 0 0 0 0 0 0 0 0 0 0 0 0 0 0 0 0 0 0 0 0 0 0 0 0 0 0 0 0 0 0 0 0 0 0 0 0 0 0 0 0 0 0 0 0 0 0 0 0 0 0 0 0 0 0 0 0 0 0 0 0 0 0 0 0 0 0 0 1 0 0 0 0 0 0 0]
[4428295361311983379896224622595029247668280749272851997229639517070220787536619625018960545540567732000355145514365329696977277536873718832693984731823674658056645397173309693093902539089059597072584235797482873472886384721173372075916354673799073279655983112149 0 0 0 0 0 0 0 0 0 0 0 0 0 0 0 0 0 0 0 0 0 0 0 0 0 0 0 0 0 0 0 0 0 0 0 0 0 0 0 0 0 0 0 0 0 0 0 0 0 0 0 0 0 0 0 0 0 0 0 0 0 0 0 0 0 0 0 0 0 0 0 0 0 0 0 0 0 0 0 1 0 0 0 0 0 0]
[2484638807706026195316638984435190320285136773631061565035228171683708496378634073176098515288020996484741026045494698316022276176455839908468688244721278958311022853733415803911996152858611015409176697293227827549711295249094707713089507860861925253163367951584 0 0 0 0 0 0 0 0 0 0 0 0 0 0 0 0 0 0 0 0 0 0 0 0 0 0 0 0 0 0 0 0 0 0 0 0 0 0 0 0 0 0 0 0 0 0 0 0 0 0 0 0 0 0 0 0 0 0 0 0 0 0 0 0 0 0 0 0 0 0 0 0 0 0 0 0 0 0 0 0 1 0 0 0 0 0]
[4913715774915438548222029848585593488966852448516976183374786269460916762477304257174104134696727088778273540801183327042274928030127991670084069742249509393733476886708725405629028567249321915389138831038970204532465708996313246503743672676337759138072322791828 0 0 0 0 0 0 0 0 0 0 0 0 0 0 0 0 0 0 0 0 0 0 0 0 0 0 0 0 0 0 0 0 0 0 0 0 0 0 0 0 0 0 0 0 0 0 0 0 0 0 0 0 0 0 0 0 0 0 0 0 0 0 0 0 0 0 0 0 0 0 0 0 0 0 0 0 0 0 0 0 0 1 0 0 0 0]
[1234316770851443226929892745573096258557705417515635829767673931535593375944244330415958830774528536150848168406778637055457544429657497875032910816631828491536361631692405318006064095782453724973727377238510183300909722549262864099429809261889160831519232645964 0 0 0 0 0 0 0 0 0 0 0 0 0 0 0 0 0 0 0 0 0 0 0 0 0 0 0 0 0 0 0 0 0 0 0 0 0 0 0 0 0 0 0 0 0 0 0 0 0 0 0 0 0 0 0 0 0 0 0 0 0 0 0 0 0 0 0 0 0 0 0 0 0 0 0 0 0 0 0 0 0 0 1 0 0 0]
[6413708365990900342829915868504048086754479840054104019556312246505712421653652369185559277940159349171912182703634316198146141033717130621694300081934561175657989252783164312555479639488882587890389265365063806502032358789568587634481977024639623027703840441685 0 0 0 0 0 0 0 0 0 0 0 0 0 0 0 0 0 0 0 0 0 0 0 0 0 0 0 0 0 0 0 0 0 0 0 0 0 0 0 0 0 0 0 0 0 0 0 0 0 0 0 0 0 0 0 0 0 0 0 0 0 0 0 0 0 0 0 0 0 0 0 0 0 0 0 0 0 0 0 0 0 0 0 1 0 0]
[1648032729602856147642648477788234329464557995221399546101674430614463482551826199330594273693697889145987373878757951736903045256491211828659632636327839344420961376574120796307164622712918937824154681068751155242149321799522032824730809807396686965510723668651 0 0 0 0 0 0 0 0 0 0 0 0 0 0 0 0 0 0 0 0 0 0 0 0 0 0 0 0 0 0 0 0 0 0 0 0 0 0 0 0 0 0 0 0 0 0 0 0 0 0 0 0 0 0 0 0 0 0 0 0 0 0 0 0 0 0 0 0 0 0 0 0 0 0 0 0 0 0 0 0 0 0 0 0 1 0]
[4406021228401253278699787732207620041724411257420292110827949462079712289121912125021685473446234716149108941555070625412859671064234046830715606377255750201672482208541383905329247253124582034627585235732764334385738666325294643860857543468616836183613431487993 0 0 0 0 0 0 0 0 0 0 0 0 0 0 0 0 0 0 0 0 0 0 0 0 0 0 0 0 0 0 0 0 0 0 0 0 0 0 0 0 0 0 0 0 0 0 0 0 0 0 0 0 0 0 0 0 0 0 0 0 0 0 0 0 0 0 0 0 0 0 0 0 0 0 0 0 0 0 0 0 0 0 0 0 0 1]
]
