[[3795803915402471788902259714890472199820775361323277211016806733301532601698241076019546249629629183581403404701753349682087841476353186286628701682511168111278977785588963671616821667903415211278954479565222774720927102224260262113329499385572386231 0 0 0 0 0 0 0 0 0 0 0 0 0 0 0 0 0 0 0 0 0 0 0 0 0 0 0 0 0 0 0 0 0 0 0 0 0 0 0 0 0 0 0 0 0 0 0 0 0 0 0 0 0 0 0 0 0 0 0 0 0 0 0 0 0 0 0 0 0 0 0 0 0 0 0 0 0 0 0 0 0 0]
[3499202814768990521429175428900629269574726730174266731568892873964688770399784446819291116762016204050263318986361163995176023010538189254732482585350346035635892335021082070842968946005650609262854840542244959581633187945863800800986523048190176502 1 0 0 0 0 0 0 0 0 0 0 0 0 0 0 0 0 0 0 0 0 0 0 0 0 0 0 0 0 0 0 0 0 0 0 0 0 0 0 0 0 0 0 0 0 0 0 0 0 0 0 0 0 0 0 0 0 0 0 0 0 0 0 0 0 0 0 0 0 0 0 0 0 0 0 0 0 0 0 0 0 0]
[2786606653671658617397889629134126577096803318675098712150013187277535246035008357346168621387705399545225724190487580171156412853463016079161050921073676848935452755035454328750814572425691118293246207433626547001594485951627841965297622017771941647 0 1 0 0 0 0 0 0 0 0 0 0 0 0 0 0 0 0 0 0 0 0 0 0 0 0 0 0 0 0 0 0 0 0 0 0 0 0 0 0 0 0 0 0 0 0 0 0 0 0 0 0 0 0 0 0 0 0 0 0 0 0 0 0 0 0 0 0 0 0 0 0 0 0 0 0 0 0 0 0 0 0]
[1332547297151650219962901356934389172316035976138319356510869624208450635238757089130560477560372442052444802389502664946932118229840819820299063878428998759966404013910956730848790687117376736873235294946890321599739672904249709535196933971885333737 0 0 1 0 0 0 0 0 0 0 0 0 0 0 0 0 0 0 0 0 0 0 0 0 0 0 0 0 0 0 0 0 0 0 0 0 0 0 0 0 0 0 0 0 0 0 0 0 0 0 0 0 0 0 0 0 0 0 0 0 0 0 0 0 0 0 0 0 0 0 0 0 0 0 0 0 0 0 0 0 0 0]
[1555873988370445622864666987583094645713247562113104723777315969673094973275248566790765823715218833668484893606500338947069682494931801454137962373171437816183506431751692520758916184753974349624873609842894017194867743315322968318398223570581503218 0 0 0 1 0 0 0 0 0 0 0 0 0 0 0 0 0 0 0 0 0 0 0 0 0 0 0 0 0 0 0 0 0 0 0 0 0 0 0 0 0 0 0 0 0 0 0 0 0 0 0 0 0 0 0 0 0 0 0 0 0 0 0 0 0 0 0 0 0 0 0 0 0 0 0 0 0 0 0 0 0 0]
[2763771112798478403789009890158063759613469226305777658409504906544629684386045598971749514133837005687502543077066061834443800024426279049312133348519672838421979985167469774332737585519606250750138638484390205477830635795683615627749959533087742241 0 0 0 0 1 0 0 0 0 0 0 0 0 0 0 0 0 0 0 0 0 0 0 0 0 0 0 0 0 0 0 0 0 0 0 0 0 0 0 0 0 0 0 0 0 0 0 0 0 0 0 0 0 0 0 0 0 0 0 0 0 0 0 0 0 0 0 0 0 0 0 0 0 0 0 0 0 0 0 0 0 0]
[2895931112380494699852709542600841717299406650392343342646121071134975777561697433682274107336082666735632199043247247406024921653322163216923279750944123964820182636737479689808004677907592062670916269247440810854218106615462107384369524753811845488 0 0 0 0 0 1 0 0 0 0 0 0 0 0 0 0 0 0 0 0 0 0 0 0 0 0 0 0 0 0 0 0 0 0 0 0 0 0 0 0 0 0 0 0 0 0 0 0 0 0 0 0 0 0 0 0 0 0 0 0 0 0 0 0 0 0 0 0 0 0 0 0 0 0 0 0 0 0 0 0 0 0]
[3553439053439813385274023275062414282122638405943324902295613598855561216466411997147959856790662652009427293054037996988451703655343910475067393609870161586275959577060910726716135472322349991357468866557961134664703134027152345773047799518394625416 0 0 0 0 0 0 1 0 0 0 0 0 0 0 0 0 0 0 0 0 0 0 0 0 0 0 0 0 0 0 0 0 0 0 0 0 0 0 0 0 0 0 0 0 0 0 0 0 0 0 0 0 0 0 0 0 0 0 0 0 0 0 0 0 0 0 0 0 0 0 0 0 0 0 0 0 0 0 0 0 0 0]
[1680298973273231070546635334402359490457070502928479868954967755518361013537578448463103144557714892090566442655961045860557098336011956332173544584269756826783188650757673441494916267442997889823658083912635614831641298533652128180995078984992255377 0 0 0 0 0 0 0 1 0 0 0 0 0 0 0 0 0 0 0 0 0 0 0 0 0 0 0 0 0 0 0 0 0 0 0 0 0 0 0 0 0 0 0 0 0 0 0 0 0 0 0 0 0 0 0 0 0 0 0 0 0 0 0 0 0 0 0 0 0 0 0 0 0 0 0 0 0 0 0 0 0 0]
[579843777429808421534005161768531074095895989295484730105779707556869738490860705547783516982624721507481780671377382809511983343162913194303555938806251099231500800971517554549403517915788246326810952360287444242891158644463034621713198905472239202 0 0 0 0 0 0 0 0 1 0 0 0 0 0 0 0 0 0 0 0 0 0 0 0 0 0 0 0 0 0 0 0 0 0 0 0 0 0 0 0 0 0 0 0 0 0 0 0 0 0 0 0 0 0 0 0 0 0 0 0 0 0 0 0 0 0 0 0 0 0 0 0 0 0 0 0 0 0 0 0 0 0]
[3287835932294874576888037207989428695520812061381082254741575664065541978497579102493103541550879438378845992123657402961496773112954191971728734869226529536820562415973330995998246219438252977425255527837442411755591671621747547412930498854041200840 0 0 0 0 0 0 0 0 0 1 0 0 0 0 0 0 0 0 0 0 0 0 0 0 0 0 0 0 0 0 0 0 0 0 0 0 0 0 0 0 0 0 0 0 0 0 0 0 0 0 0 0 0 0 0 0 0 0 0 0 0 0 0 0 0 0 0 0 0 0 0 0 0 0 0 0 0 0 0 0 0 0]
[2110610154689383826510486926979437016970990281233091359494180784118109621991926509436460501882060204168083740303676769059869087971918944426330911865491986959605502088781459629530055247955132499837857214814910164464098884714176083885834668543750237826 0 0 0 0 0 0 0 0 0 0 1 0 0 0 0 0 0 0 0 0 0 0 0 0 0 0 0 0 0 0 0 0 0 0 0 0 0 0 0 0 0 0 0 0 0 0 0 0 0 0 0 0 0 0 0 0 0 0 0 0 0 0 0 0 0 0 0 0 0 0 0 0 0 0 0 0 0 0 0 0 0 0]
[150598830607113468499499812985731577032435131740526314509527536864438591924830937461329969442653042143535653230577902881606957684122888994123303870550271183023902989062327257147752635183595345372498784070255592214307238283204437274764156004613687576 0 0 0 0 0 0 0 0 0 0 0 1 0 0 0 0 0 0 0 0 0 0 0 0 0 0 0 0 0 0 0 0 0 0 0 0 0 0 0 0 0 0 0 0 0 0 0 0 0 0 0 0 0 0 0 0 0 0 0 0 0 0 0 0 0 0 0 0 0 0 0 0 0 0 0 0 0 0 0 0 0 0]
[3332711115099108354218758231329632239833886359284171298115552921044297639383828373789666381523604893854965266301054072485549100815176022521341314822486048034334108692394319721667105989547971603739062592986480941274010336216739524292863649256282638627 0 0 0 0 0 0 0 0 0 0 0 0 1 0 0 0 0 0 0 0 0 0 0 0 0 0 0 0 0 0 0 0 0 0 0 0 0 0 0 0 0 0 0 0 0 0 0 0 0 0 0 0 0 0 0 0 0 0 0 0 0 0 0 0 0 0 0 0 0 0 0 0 0 0 0 0 0 0 0 0 0 0]
[1884870322309410326290865246144644596565020614558690482999724986755998024364689992221382597763803865051712380490210433340606072636287138453611441992896896664520209396434450539008377705073480034606978801678988289098709486973913359351450803030734729970 0 0 0 0 0 0 0 0 0 0 0 0 0 1 0 0 0 0 0 0 0 0 0 0 0 0 0 0 0 0 0 0 0 0 0 0 0 0 0 0 0 0 0 0 0 0 0 0 0 0 0 0 0 0 0 0 0 0 0 0 0 0 0 0 0 0 0 0 0 0 0 0 0 0 0 0 0 0 0 0 0 0]
[2941068622869780822137945221537045998636612352483636245505315018019315345057144364296510404711981704748484605495369526706739864403005871887278812297595006138283962375477314764382671032258864263448226815083414698724888432529727878112235584551785577130 0 0 0 0 0 0 0 0 0 0 0 0 0 0 1 0 0 0 0 0 0 0 0 0 0 0 0 0 0 0 0 0 0 0 0 0 0 0 0 0 0 0 0 0 0 0 0 0 0 0 0 0 0 0 0 0 0 0 0 0 0 0 0 0 0 0 0 0 0 0 0 0 0 0 0 0 0 0 0 0 0 0]
[3588691308736959779273935111409212367539141181883722662562287899275746535878532033986784717786157463565015750643778167261711984579450465049696222326560453300559869302589774222446343668048896032825187225761181050514033204537461285750068469860995998435 0 0 0 0 0 0 0 0 0 0 0 0 0 0 0 1 0 0 0 0 0 0 0 0 0 0 0 0 0 0 0 0 0 0 0 0 0 0 0 0 0 0 0 0 0 0 0 0 0 0 0 0 0 0 0 0 0 0 0 0 0 0 0 0 0 0 0 0 0 0 0 0 0 0 0 0 0 0 0 0 0 0]
[1116421358684550556430749859145191695807110300496211404818606969259084190752459921039968391514383006622871076718386265279700487332933846731744085943390322913620788089294812477509735166576634338020661177849718680206191442490226601720456853309968594275 0 0 0 0 0 0 0 0 0 0 0 0 0 0 0 0 1 0 0 0 0 0 0 0 0 0 0 0 0 0 0 0 0 0 0 0 0 0 0 0 0 0 0 0 0 0 0 0 0 0 0 0 0 0 0 0 0 0 0 0 0 0 0 0 0 0 0 0 0 0 0 0 0 0 0 0 0 0 0 0 0 0]
[1674926689132197627848408336064791104430720693463348817872845202524468843602835270604817392482085946637252468530883268781563279297500682383258416526611762010046866927774840930399732902303225145538048058313012843382037460511439997422998556467711264186 0 0 0 0 0 0 0 0 0 0 0 0 0 0 0 0 0 1 0 0 0 0 0 0 0 0 0 0 0 0 0 0 0 0 0 0 0 0 0 0 0 0 0 0 0 0 0 0 0 0 0 0 0 0 0 0 0 0 0 0 0 0 0 0 0 0 0 0 0 0 0 0 0 0 0 0 0 0 0 0 0 0]
[2730897575010625053155851231648992867722193171485612194265721490550427476470933451627119405552477894068427377079271708707014091476746870769665646142200248580273440695917460831245590713230113121184700317797739450179295695506694384555845611019796137360 0 0 0 0 0 0 0 0 0 0 0 0 0 0 0 0 0 0 1 0 0 0 0 0 0 0 0 0 0 0 0 0 0 0 0 0 0 0 0 0 0 0 0 0 0 0 0 0 0 0 0 0 0 0 0 0 0 0 0 0 0 0 0 0 0 0 0 0 0 0 0 0 0 0 0 0 0 0 0 0 0 0]
[1375071645574176720398119795792601189500287583597274333092501879855515449361614354397256426174979126078148509700860556345199110823842047260863411462019951976497881431132543880803521903108636396039580262138168311846064402026403307643184164959237032282 0 0 0 0 0 0 0 0 0 0 0 0 0 0 0 0 0 0 0 1 0 0 0 0 0 0 0 0 0 0 0 0 0 0 0 0 0 0 0 0 0 0 0 0 0 0 0 0 0 0 0 0 0 0 0 0 0 0 0 0 0 0 0 0 0 0 0 0 0 0 0 0 0 0 0 0 0 0 0 0 0 0]
[2273816622156688994698411718449722386563502638235094627132292979179488272404143167628243658379103196993187724147581307585502601829963844233815174758565938993695655243224012417506611743070633050965856651164329678130398279152752592850162625733285972626 0 0 0 0 0 0 0 0 0 0 0 0 0 0 0 0 0 0 0 0 1 0 0 0 0 0 0 0 0 0 0 0 0 0 0 0 0 0 0 0 0 0 0 0 0 0 0 0 0 0 0 0 0 0 0 0 0 0 0 0 0 0 0 0 0 0 0 0 0 0 0 0 0 0 0 0 0 0 0 0 0 0]
[3132793096174768340741000277806958653894173944553819324821436012403671887348275287810949091749483555999607827131293112150750577791455596930655905818373910888571283941755552820044950096216018973450810455706757558114565395815371763723275425851015866569 0 0 0 0 0 0 0 0 0 0 0 0 0 0 0 0 0 0 0 0 0 1 0 0 0 0 0 0 0 0 0 0 0 0 0 0 0 0 0 0 0 0 0 0 0 0 0 0 0 0 0 0 0 0 0 0 0 0 0 0 0 0 0 0 0 0 0 0 0 0 0 0 0 0 0 0 0 0 0 0 0 0]
[209488136027675602152109235838927440019636902960220373047812449179810352256610376163456638811027865470004305124404976522957190802019063244935199060511168364611510185735192891120893469267139327304176270417180325387105892663357189875638335361523423911 0 0 0 0 0 0 0 0 0 0 0 0 0 0 0 0 0 0 0 0 0 0 1 0 0 0 0 0 0 0 0 0 0 0 0 0 0 0 0 0 0 0 0 0 0 0 0 0 0 0 0 0 0 0 0 0 0 0 0 0 0 0 0 0 0 0 0 0 0 0 0 0 0 0 0 0 0 0 0 0 0 0]
[3446656531159831006755319946453673621183758495829018102068581892557145835538025844135555380760068912803647033357436002630074811346716798430353757550430114237726898741657315488181493366186648301812825593252387892232420029255727607875320420481177328590 0 0 0 0 0 0 0 0 0 0 0 0 0 0 0 0 0 0 0 0 0 0 0 1 0 0 0 0 0 0 0 0 0 0 0 0 0 0 0 0 0 0 0 0 0 0 0 0 0 0 0 0 0 0 0 0 0 0 0 0 0 0 0 0 0 0 0 0 0 0 0 0 0 0 0 0 0 0 0 0 0 0]
[2923466046590829711218725121558189975293506851386599740296490216205616346534282757400087138838625659911294613731586549351895407206985788359864925306584554358982614573097878694258346651437921578710367963287521203205000648254299173147199262089835462141 0 0 0 0 0 0 0 0 0 0 0 0 0 0 0 0 0 0 0 0 0 0 0 0 1 0 0 0 0 0 0 0 0 0 0 0 0 0 0 0 0 0 0 0 0 0 0 0 0 0 0 0 0 0 0 0 0 0 0 0 0 0 0 0 0 0 0 0 0 0 0 0 0 0 0 0 0 0 0 0 0 0]
[3137568759478911735850523021106004238743315646454501392983952687304535181003124063972230691672898617955418274722569670509374966505097231143952331812132881011244329499234272722842187760113931773969796540746019545363324453402524654769236906613450430539 0 0 0 0 0 0 0 0 0 0 0 0 0 0 0 0 0 0 0 0 0 0 0 0 0 1 0 0 0 0 0 0 0 0 0 0 0 0 0 0 0 0 0 0 0 0 0 0 0 0 0 0 0 0 0 0 0 0 0 0 0 0 0 0 0 0 0 0 0 0 0 0 0 0 0 0 0 0 0 0 0 0]
[678270242475869252984150995947597787702095050089181444231041051179233813743183054369504771032716900776073640605700413544110508744702387173250105905629154440723969941413574421359904860275964673645980965800366040828149275992171563202041630577696059339 0 0 0 0 0 0 0 0 0 0 0 0 0 0 0 0 0 0 0 0 0 0 0 0 0 0 1 0 0 0 0 0 0 0 0 0 0 0 0 0 0 0 0 0 0 0 0 0 0 0 0 0 0 0 0 0 0 0 0 0 0 0 0 0 0 0 0 0 0 0 0 0 0 0 0 0 0 0 0 0 0 0]
[2685587647163602230774461579849137390683284995387809234558336490962266216252311361641247197644641345385668271281987593668210904509566328663493356501455758211249760692272365196085992491738784520641876326012883520608892130357347257103739585868601663034 0 0 0 0 0 0 0 0 0 0 0 0 0 0 0 0 0 0 0 0 0 0 0 0 0 0 0 1 0 0 0 0 0 0 0 0 0 0 0 0 0 0 0 0 0 0 0 0 0 0 0 0 0 0 0 0 0 0 0 0 0 0 0 0 0 0 0 0 0 0 0 0 0 0 0 0 0 0 0 0 0 0]
[2456431259934599327697416654461805737637658633574090547515441869936064856453232313754526100035267489261192249072825681264772908240029774649737599761747521221000121957196150284399480538013365506209126104827941057600277199582553531102273961458622036459 0 0 0 0 0 0 0 0 0 0 0 0 0 0 0 0 0 0 0 0 0 0 0 0 0 0 0 0 1 0 0 0 0 0 0 0 0 0 0 0 0 0 0 0 0 0 0 0 0 0 0 0 0 0 0 0 0 0 0 0 0 0 0 0 0 0 0 0 0 0 0 0 0 0 0 0 0 0 0 0 0 0]
[1309584651410779550298571977826327369459168245861258840378379291984057944757980382741919131820743527064960572894660769303237621122231868958687917134993711805215572611833276223480891900564466254977563310391587151752034017856367936036338399322627359295 0 0 0 0 0 0 0 0 0 0 0 0 0 0 0 0 0 0 0 0 0 0 0 0 0 0 0 0 0 1 0 0 0 0 0 0 0 0 0 0 0 0 0 0 0 0 0 0 0 0 0 0 0 0 0 0 0 0 0 0 0 0 0 0 0 0 0 0 0 0 0 0 0 0 0 0 0 0 0 0 0 0]
[1488108508722309738553080092057928643589363189064113105610809369595094695553428174708937618149938527811605628336501154825241270941620702682374764646227437600108640394089508495437892171864483288709736462803851819161949990597097305955092114510256901819 0 0 0 0 0 0 0 0 0 0 0 0 0 0 0 0 0 0 0 0 0 0 0 0 0 0 0 0 0 0 1 0 0 0 0 0 0 0 0 0 0 0 0 0 0 0 0 0 0 0 0 0 0 0 0 0 0 0 0 0 0 0 0 0 0 0 0 0 0 0 0 0 0 0 0 0 0 0 0 0 0 0]
[287951366265544923577553411602696856061690426118118276175073285827262493703541544004427925015220528835864716006780073462318650415226395051693098244860187202060299775284145529881941430241524214429590090240357685859736159668256151438994204778067233615 0 0 0 0 0 0 0 0 0 0 0 0 0 0 0 0 0 0 0 0 0 0 0 0 0 0 0 0 0 0 0 1 0 0 0 0 0 0 0 0 0 0 0 0 0 0 0 0 0 0 0 0 0 0 0 0 0 0 0 0 0 0 0 0 0 0 0 0 0 0 0 0 0 0 0 0 0 0 0 0 0 0]
[1566505158900741038054402339884866760262987144434879321768277499598583668800916613995298551930695798100465657047055730816910013347046153710390541700200921932063225272501429074300215417868859614600960176980475844314211552163889219342106087940387371187 0 0 0 0 0 0 0 0 0 0 0 0 0 0 0 0 0 0 0 0 0 0 0 0 0 0 0 0 0 0 0 0 1 0 0 0 0 0 0 0 0 0 0 0 0 0 0 0 0 0 0 0 0 0 0 0 0 0 0 0 0 0 0 0 0 0 0 0 0 0 0 0 0 0 0 0 0 0 0 0 0 0]
[1053712280937088279994039137335486622268218432496519744737928715002574113079566504117924907882575842356957867988961415268147267170334437709818771852732269209939231820197262952015527443101541722589547817934036334044157108880047188380898953207625569842 0 0 0 0 0 0 0 0 0 0 0 0 0 0 0 0 0 0 0 0 0 0 0 0 0 0 0 0 0 0 0 0 0 1 0 0 0 0 0 0 0 0 0 0 0 0 0 0 0 0 0 0 0 0 0 0 0 0 0 0 0 0 0 0 0 0 0 0 0 0 0 0 0 0 0 0 0 0 0 0 0 0]
[841299993589813236277454722307839932120013419810048640654611119855330758628086973567743174810395373166128124524756155539996844629302354042962702909138072221670491020940984717858119848639579518353479016750440239218594790129820360023845620569570736912 0 0 0 0 0 0 0 0 0 0 0 0 0 0 0 0 0 0 0 0 0 0 0 0 0 0 0 0 0 0 0 0 0 0 1 0 0 0 0 0 0 0 0 0 0 0 0 0 0 0 0 0 0 0 0 0 0 0 0 0 0 0 0 0 0 0 0 0 0 0 0 0 0 0 0 0 0 0 0 0 0 0]
[139565323089494773763201555918062410800246373152021844394681511730071004822702292351667175038925764135497451988005476788999119073217531655442258745641850280593362232008383480368294061244588896842938295655847976734005011677432352923810317323498306318 0 0 0 0 0 0 0 0 0 0 0 0 0 0 0 0 0 0 0 0 0 0 0 0 0 0 0 0 0 0 0 0 0 0 0 1 0 0 0 0 0 0 0 0 0 0 0 0 0 0 0 0 0 0 0 0 0 0 0 0 0 0 0 0 0 0 0 0 0 0 0 0 0 0 0 0 0 0 0 0 0 0]
[641796650129970830653730611216359634555104813583821815977478229593559546969050125557324492699515176993508265905502087375312856107324350609911003407448129078764990555531751077610154474807833291818900724837842889064356226097179937106921860176764022666 0 0 0 0 0 0 0 0 0 0 0 0 0 0 0 0 0 0 0 0 0 0 0 0 0 0 0 0 0 0 0 0 0 0 0 0 1 0 0 0 0 0 0 0 0 0 0 0 0 0 0 0 0 0 0 0 0 0 0 0 0 0 0 0 0 0 0 0 0 0 0 0 0 0 0 0 0 0 0 0 0 0]
[1586525112701364008290447963889978754645855842000620282626441357794622856797384487048806213037070260633969421172231790601187214229104294126111119539650600780430758554028705507028610184339463039809335046759731476561393184327515299547627473164983795721 0 0 0 0 0 0 0 0 0 0 0 0 0 0 0 0 0 0 0 0 0 0 0 0 0 0 0 0 0 0 0 0 0 0 0 0 0 1 0 0 0 0 0 0 0 0 0 0 0 0 0 0 0 0 0 0 0 0 0 0 0 0 0 0 0 0 0 0 0 0 0 0 0 0 0 0 0 0 0 0 0 0]
[2989981170455433477282437095724801010556012682357057252436861984877403635397859630298576778117658132138310794411672106796126632419645068077819063079645470630122487684004522993085588303624166429006851318834608388740939355015111355691358434846723129312 0 0 0 0 0 0 0 0 0 0 0 0 0 0 0 0 0 0 0 0 0 0 0 0 0 0 0 0 0 0 0 0 0 0 0 0 0 0 1 0 0 0 0 0 0 0 0 0 0 0 0 0 0 0 0 0 0 0 0 0 0 0 0 0 0 0 0 0 0 0 0 0 0 0 0 0 0 0 0 0 0 0]
[2980991318942484064013125952035913420329121921035553959843337198027647807303440827223362808153994265502485138950287674692087457432326147657081095435155596439900031240686810900565205158777198221797400070165561302360688807785170849451420271216946282678 0 0 0 0 0 0 0 0 0 0 0 0 0 0 0 0 0 0 0 0 0 0 0 0 0 0 0 0 0 0 0 0 0 0 0 0 0 0 0 1 0 0 0 0 0 0 0 0 0 0 0 0 0 0 0 0 0 0 0 0 0 0 0 0 0 0 0 0 0 0 0 0 0 0 0 0 0 0 0 0 0 0]
[1374806745746973027886414496310911105518230049397145705560505593453128324175641124162558600690479155023807602823982860299134423058780981774377112466677997737065815287015743773389451070385050911274307476714757981147579289100708035143735770967308381157 0 0 0 0 0 0 0 0 0 0 0 0 0 0 0 0 0 0 0 0 0 0 0 0 0 0 0 0 0 0 0 0 0 0 0 0 0 0 0 0 1 0 0 0 0 0 0 0 0 0 0 0 0 0 0 0 0 0 0 0 0 0 0 0 0 0 0 0 0 0 0 0 0 0 0 0 0 0 0 0 0 0]
[3231546965649158442170352750644353147965474243758649181017510844358200532577205397151986013342891643952818895969588669712735850501911340710617618945860403082456280017483364294436699328255490257088345295441608500933739163689459408014945630356809390899 0 0 0 0 0 0 0 0 0 0 0 0 0 0 0 0 0 0 0 0 0 0 0 0 0 0 0 0 0 0 0 0 0 0 0 0 0 0 0 0 0 1 0 0 0 0 0 0 0 0 0 0 0 0 0 0 0 0 0 0 0 0 0 0 0 0 0 0 0 0 0 0 0 0 0 0 0 0 0 0 0 0]
[274440533090056036689908459661533289233215703334322935854649785738470569859455677821247254616041007240563340483718492489884548527863066687964777995987665842246045380124941680162887573074562529490133891602048576552831328357656091746991460009746131731 0 0 0 0 0 0 0 0 0 0 0 0 0 0 0 0 0 0 0 0 0 0 0 0 0 0 0 0 0 0 0 0 0 0 0 0 0 0 0 0 0 0 1 0 0 0 0 0 0 0 0 0 0 0 0 0 0 0 0 0 0 0 0 0 0 0 0 0 0 0 0 0 0 0 0 0 0 0 0 0 0 0]
[189047437670482902156249222964067258343017745667866618348064013268744200587048018768805341133292024543798525197655964081252704915930778585587472188814997252414863114096421671416836476013573250785433439499798286924557415602169924969598146334149370751 0 0 0 0 0 0 0 0 0 0 0 0 0 0 0 0 0 0 0 0 0 0 0 0 0 0 0 0 0 0 0 0 0 0 0 0 0 0 0 0 0 0 0 1 0 0 0 0 0 0 0 0 0 0 0 0 0 0 0 0 0 0 0 0 0 0 0 0 0 0 0 0 0 0 0 0 0 0 0 0 0 0]
[3682024074628207509226559368714712092210285031831638187912089093471285967686822155082990597229098631231191646734055319117596521860482895076378277552274730773877098845664618667953180917121562931742730216670545176017710159086626376727785624293984873461 0 0 0 0 0 0 0 0 0 0 0 0 0 0 0 0 0 0 0 0 0 0 0 0 0 0 0 0 0 0 0 0 0 0 0 0 0 0 0 0 0 0 0 0 1 0 0 0 0 0 0 0 0 0 0 0 0 0 0 0 0 0 0 0 0 0 0 0 0 0 0 0 0 0 0 0 0 0 0 0 0 0]
[2055455971831053205870813165873619776468184971284567375632019181371577451558901510691789033210679240676518877841941294319288256100864503800867091078714491610240733968430048464663156901996346829406753670606438716392444770183047000007139462793381479032 0 0 0 0 0 0 0 0 0 0 0 0 0 0 0 0 0 0 0 0 0 0 0 0 0 0 0 0 0 0 0 0 0 0 0 0 0 0 0 0 0 0 0 0 0 1 0 0 0 0 0 0 0 0 0 0 0 0 0 0 0 0 0 0 0 0 0 0 0 0 0 0 0 0 0 0 0 0 0 0 0 0]
[3686225220735234788479143763011095761874122176387278507069399497256967692342928797227849977636399212411861304012099829130566524151398826069898181459496658937552878087905083449464862234345987096423641787680729177114871157588494124377800043585061996263 0 0 0 0 0 0 0 0 0 0 0 0 0 0 0 0 0 0 0 0 0 0 0 0 0 0 0 0 0 0 0 0 0 0 0 0 0 0 0 0 0 0 0 0 0 0 1 0 0 0 0 0 0 0 0 0 0 0 0 0 0 0 0 0 0 0 0 0 0 0 0 0 0 0 0 0 0 0 0 0 0 0]
[3082839744540429306352547550977640407927212165945256313945046403688922452949050551567763498487184989328129992513247901913525823603157806542298704183650199194870975394506356875663118720591861706730374668635469524246599241513730242098178532873815880794 0 0 0 0 0 0 0 0 0 0 0 0 0 0 0 0 0 0 0 0 0 0 0 0 0 0 0 0 0 0 0 0 0 0 0 0 0 0 0 0 0 0 0 0 0 0 0 1 0 0 0 0 0 0 0 0 0 0 0 0 0 0 0 0 0 0 0 0 0 0 0 0 0 0 0 0 0 0 0 0 0 0]
[2042429663626406971370453919297406697151926269928296417432550237618357669634457422269964253721807280064297718239428392839185913347981966041677942102266116987209321821480154097092385719968870767786211900451356518436315727103073083198724973916681809672 0 0 0 0 0 0 0 0 0 0 0 0 0 0 0 0 0 0 0 0 0 0 0 0 0 0 0 0 0 0 0 0 0 0 0 0 0 0 0 0 0 0 0 0 0 0 0 0 1 0 0 0 0 0 0 0 0 0 0 0 0 0 0 0 0 0 0 0 0 0 0 0 0 0 0 0 0 0 0 0 0 0]
[408973573764415559312761230772550727693072413851900555055465946820667929210925765473344130913356150502618166268315556786350612875576271781506105719534823854695668779844434279627348182973470775706080199153325731399782307420397696145911493331604601558 0 0 0 0 0 0 0 0 0 0 0 0 0 0 0 0 0 0 0 0 0 0 0 0 0 0 0 0 0 0 0 0 0 0 0 0 0 0 0 0 0 0 0 0 0 0 0 0 0 1 0 0 0 0 0 0 0 0 0 0 0 0 0 0 0 0 0 0 0 0 0 0 0 0 0 0 0 0 0 0 0 0]
[1600732697553360913734857183034247093456877650680057352567724453168907797133792321667877658224743040376631527907760075866999347137629753592670796691368121462205457679285902274721651757385343051645070838893813339377171389967563624806979919927375560042 0 0 0 0 0 0 0 0 0 0 0 0 0 0 0 0 0 0 0 0 0 0 0 0 0 0 0 0 0 0 0 0 0 0 0 0 0 0 0 0 0 0 0 0 0 0 0 0 0 0 1 0 0 0 0 0 0 0 0 0 0 0 0 0 0 0 0 0 0 0 0 0 0 0 0 0 0 0 0 0 0 0]
[3285719503248512696240089597697407250556669237816035988528501362650265188386957597021625600780944616731238534215757712256281283652184318866109469619626002575745218620615504596928607294366811936118460477248528916299906751094905978192278022765070155067 0 0 0 0 0 0 0 0 0 0 0 0 0 0 0 0 0 0 0 0 0 0 0 0 0 0 0 0 0 0 0 0 0 0 0 0 0 0 0 0 0 0 0 0 0 0 0 0 0 0 0 1 0 0 0 0 0 0 0 0 0 0 0 0 0 0 0 0 0 0 0 0 0 0 0 0 0 0 0 0 0 0]
[261089999867547113823247414908169052029691779188311706083681593480029316019783839370003272484306288595245244927690890037286516781650429118166031707656460766057238721154079980846394701850272955590741983111573080553320592377700448259200131589856344718 0 0 0 0 0 0 0 0 0 0 0 0 0 0 0 0 0 0 0 0 0 0 0 0 0 0 0 0 0 0 0 0 0 0 0 0 0 0 0 0 0 0 0 0 0 0 0 0 0 0 0 0 1 0 0 0 0 0 0 0 0 0 0 0 0 0 0 0 0 0 0 0 0 0 0 0 0 0 0 0 0 0]
[3475968368596439473605795084516743193227444582510506659139432364323845808620405422849566722759795561255472027188608901766681766012596741034482853903449726219780401963996555117978996868652699607370150771040719610077461116817940698059693298283527923423 0 0 0 0 0 0 0 0 0 0 0 0 0 0 0 0 0 0 0 0 0 0 0 0 0 0 0 0 0 0 0 0 0 0 0 0 0 0 0 0 0 0 0 0 0 0 0 0 0 0 0 0 0 1 0 0 0 0 0 0 0 0 0 0 0 0 0 0 0 0 0 0 0 0 0 0 0 0 0 0 0 0]
[1725733145734289363687012600868696520165613541301809386377082666049925053559367357969482316367457716980077460226912124776014686482991467438633299407641944103314776162157286018492755326544422511988131926862050099980602305864815894460447516390102322129 0 0 0 0 0 0 0 0 0 0 0 0 0 0 0 0 0 0 0 0 0 0 0 0 0 0 0 0 0 0 0 0 0 0 0 0 0 0 0 0 0 0 0 0 0 0 0 0 0 0 0 0 0 0 1 0 0 0 0 0 0 0 0 0 0 0 0 0 0 0 0 0 0 0 0 0 0 0 0 0 0 0]
[112111511482228460578340259805175977365893483822562085506684777630130382404909117645076656671259246576663748092684283208706832527495982737156984101007520157480576694806361439384995931614799456455017024033546296851490160895402497280737189745549170192 0 0 0 0 0 0 0 0 0 0 0 0 0 0 0 0 0 0 0 0 0 0 0 0 0 0 0 0 0 0 0 0 0 0 0 0 0 0 0 0 0 0 0 0 0 0 0 0 0 0 0 0 0 0 0 1 0 0 0 0 0 0 0 0 0 0 0 0 0 0 0 0 0 0 0 0 0 0 0 0 0 0]
[3011286787383221522661474619313219394675019976948825440911668653438993409185961150948218199117147768297981922555365201020697614797470223940499648762002394469419402381367168993663407887966437252648918957312578146359173867792533567486076171329878244006 0 0 0 0 0 0 0 0 0 0 0 0 0 0 0 0 0 0 0 0 0 0 0 0 0 0 0 0 0 0 0 0 0 0 0 0 0 0 0 0 0 0 0 0 0 0 0 0 0 0 0 0 0 0 0 0 1 0 0 0 0 0 0 0 0 0 0 0 0 0 0 0 0 0 0 0 0 0 0 0 0 0]
[98855546760613429650557390554261409870187436771358297261820985221884830229486408878618118229003189960809200916546185286376890262325290963708706446369048925155615847454216610169088508602751964688503560222949796015232834960891809575382364868535633545 0 0 0 0 0 0 0 0 0 0 0 0 0 0 0 0 0 0 0 0 0 0 0 0 0 0 0 0 0 0 0 0 0 0 0 0 0 0 0 0 0 0 0 0 0 0 0 0 0 0 0 0 0 0 0 0 0 1 0 0 0 0 0 0 0 0 0 0 0 0 0 0 0 0 0 0 0 0 0 0 0 0]
[3535887053295104699081458778373530744984107454239569827638797377883024448388871767441085179016216010446473217670163647090327453168577434367364434337603653995293933250979543578828082288383609955889872120646930856742022692120717589477901719574865303149 0 0 0 0 0 0 0 0 0 0 0 0 0 0 0 0 0 0 0 0 0 0 0 0 0 0 0 0 0 0 0 0 0 0 0 0 0 0 0 0 0 0 0 0 0 0 0 0 0 0 0 0 0 0 0 0 0 0 1 0 0 0 0 0 0 0 0 0 0 0 0 0 0 0 0 0 0 0 0 0 0 0]
[2090583431598934210862598316809637080626748476270437156876446618134935622710975370357593201831161123273029835176752548328820676920558472721700898200791272311460079050978582235685054058494023733351603790744669727971167526261695524054084687548811965352 0 0 0 0 0 0 0 0 0 0 0 0 0 0 0 0 0 0 0 0 0 0 0 0 0 0 0 0 0 0 0 0 0 0 0 0 0 0 0 0 0 0 0 0 0 0 0 0 0 0 0 0 0 0 0 0 0 0 0 1 0 0 0 0 0 0 0 0 0 0 0 0 0 0 0 0 0 0 0 0 0 0]
[2941205479429579797347657553851217954521073728072087003517207950417868008119030769421069952821652561139710743542042625536798821881133289940104197265218088011980552431454823469496403607086313934489596789652112293124454005066924365128958281766107893330 0 0 0 0 0 0 0 0 0 0 0 0 0 0 0 0 0 0 0 0 0 0 0 0 0 0 0 0 0 0 0 0 0 0 0 0 0 0 0 0 0 0 0 0 0 0 0 0 0 0 0 0 0 0 0 0 0 0 0 0 1 0 0 0 0 0 0 0 0 0 0 0 0 0 0 0 0 0 0 0 0 0]
[1316325245129538667238212113896506250752889930234599410250197613855242957887357326564351032434403967344566214049670851587644156777688387625558538210236609474732331522667547132770265187821886142263295974677047298329390202610439667155161175329776069951 0 0 0 0 0 0 0 0 0 0 0 0 0 0 0 0 0 0 0 0 0 0 0 0 0 0 0 0 0 0 0 0 0 0 0 0 0 0 0 0 0 0 0 0 0 0 0 0 0 0 0 0 0 0 0 0 0 0 0 0 0 1 0 0 0 0 0 0 0 0 0 0 0 0 0 0 0 0 0 0 0 0]
[2873458698627746057679163176497706742565067493740504584688049716458621696343561246622206167545513091239055079072195424228071634407077388385954068388415313020274189754438634997119495533927158742911726351698646972273699868545271690273759225998726941870 0 0 0 0 0 0 0 0 0 0 0 0 0 0 0 0 0 0 0 0 0 0 0 0 0 0 0 0 0 0 0 0 0 0 0 0 0 0 0 0 0 0 0 0 0 0 0 0 0 0 0 0 0 0 0 0 0 0 0 0 0 0 1 0 0 0 0 0 0 0 0 0 0 0 0 0 0 0 0 0 0 0]
[2654174371244934539959699309032571368186447028467931005524024405153982131333823406385394303099390972804966743939465767169693518501193258822373695765239605874890513405819302141965212429086834029742994450800637456033940305177295268824336491194453371458 0 0 0 0 0 0 0 0 0 0 0 0 0 0 0 0 0 0 0 0 0 0 0 0 0 0 0 0 0 0 0 0 0 0 0 0 0 0 0 0 0 0 0 0 0 0 0 0 0 0 0 0 0 0 0 0 0 0 0 0 0 0 0 1 0 0 0 0 0 0 0 0 0 0 0 0 0 0 0 0 0 0]
[2247077206104642538914025875776525701394983840173000354463972885056153356031591739910745341021626263145829104104370885008236248669333118434023424879573591455641150996194083114098642947661461226350707881132524431270042622630820419869054396418355704454 0 0 0 0 0 0 0 0 0 0 0 0 0 0 0 0 0 0 0 0 0 0 0 0 0 0 0 0 0 0 0 0 0 0 0 0 0 0 0 0 0 0 0 0 0 0 0 0 0 0 0 0 0 0 0 0 0 0 0 0 0 0 0 0 1 0 0 0 0 0 0 0 0 0 0 0 0 0 0 0 0 0]
[3457798926783324986567592108033304701146590240292920489934916634830454155313432009521763376245348894081762834323269247202880481624299577716090578242088415190704740309574320786759230814031381337024754955696048914202496866852531515864227524461021204857 0 0 0 0 0 0 0 0 0 0 0 0 0 0 0 0 0 0 0 0 0 0 0 0 0 0 0 0 0 0 0 0 0 0 0 0 0 0 0 0 0 0 0 0 0 0 0 0 0 0 0 0 0 0 0 0 0 0 0 0 0 0 0 0 0 1 0 0 0 0 0 0 0 0 0 0 0 0 0 0 0 0]
[2910385651928336126990289425660818065480247405416264238031450886664291706927985595450201131971994894363389986500038593035726344707110338409346845441552427235196167029851387817664351325518447830673086078642537622814547470897629945556042829441542668139 0 0 0 0 0 0 0 0 0 0 0 0 0 0 0 0 0 0 0 0 0 0 0 0 0 0 0 0 0 0 0 0 0 0 0 0 0 0 0 0 0 0 0 0 0 0 0 0 0 0 0 0 0 0 0 0 0 0 0 0 0 0 0 0 0 0 1 0 0 0 0 0 0 0 0 0 0 0 0 0 0 0]
[1936103154545009446338856019615153599693573251654255681759601230491988031180336492792445847413404787022973552093357323161191374505110998241325531331003580617286083961443301663704865929479598151357166071964936499225089278749730871100950657979929468091 0 0 0 0 0 0 0 0 0 0 0 0 0 0 0 0 0 0 0 0 0 0 0 0 0 0 0 0 0 0 0 0 0 0 0 0 0 0 0 0 0 0 0 0 0 0 0 0 0 0 0 0 0 0 0 0 0 0 0 0 0 0 0 0 0 0 0 1 0 0 0 0 0 0 0 0 0 0 0 0 0 0]
[3346359090287979791440012914414667827356408642201342526391905707638602579710739255436452041864832796995020635881457773227089329423077068096295817557785502986825913770468042213720888993825519040206440749206567129062090996132877981405997711790851550980 0 0 0 0 0 0 0 0 0 0 0 0 0 0 0 0 0 0 0 0 0 0 0 0 0 0 0 0 0 0 0 0 0 0 0 0 0 0 0 0 0 0 0 0 0 0 0 0 0 0 0 0 0 0 0 0 0 0 0 0 0 0 0 0 0 0 0 0 1 0 0 0 0 0 0 0 0 0 0 0 0 0]
[1730711673338491904533955462722968008010527015510293762520585052084330607859607444401148695426295723843149125574538735746086609510904662155391173909604053512247709202804674665197519308579107362735975986630294486258554788031620317214361136647701188682 0 0 0 0 0 0 0 0 0 0 0 0 0 0 0 0 0 0 0 0 0 0 0 0 0 0 0 0 0 0 0 0 0 0 0 0 0 0 0 0 0 0 0 0 0 0 0 0 0 0 0 0 0 0 0 0 0 0 0 0 0 0 0 0 0 0 0 0 0 1 0 0 0 0 0 0 0 0 0 0 0 0]
[3354702686953646734770366770160595818557748674247517024738079913627951997288206725252312647008901523664464524328560649725810569349350386874011927864441989619249085290055382482200825971320124703640891977660788917927899043495046244101427802637034860672 0 0 0 0 0 0 0 0 0 0 0 0 0 0 0 0 0 0 0 0 0 0 0 0 0 0 0 0 0 0 0 0 0 0 0 0 0 0 0 0 0 0 0 0 0 0 0 0 0 0 0 0 0 0 0 0 0 0 0 0 0 0 0 0 0 0 0 0 0 0 1 0 0 0 0 0 0 0 0 0 0 0]
[1534764269838046431841599708030701037160363878177912090328773721668587373757454180612479317807968672936063812664484268833321873817626474063506951387133548506668120565610646475348618841391500343994069185253688058116911197300682288136295879385472398539 0 0 0 0 0 0 0 0 0 0 0 0 0 0 0 0 0 0 0 0 0 0 0 0 0 0 0 0 0 0 0 0 0 0 0 0 0 0 0 0 0 0 0 0 0 0 0 0 0 0 0 0 0 0 0 0 0 0 0 0 0 0 0 0 0 0 0 0 0 0 0 1 0 0 0 0 0 0 0 0 0 0]
[1394710726047369669324138795332129115887927783704704759884383295062865713248197262725457897245192708334231334057580195294011052020454674934938563130772823469236862821846201434470031316667330790865037324496725958157995472575047469793149275197028904973 0 0 0 0 0 0 0 0 0 0 0 0 0 0 0 0 0 0 0 0 0 0 0 0 0 0 0 0 0 0 0 0 0 0 0 0 0 0 0 0 0 0 0 0 0 0 0 0 0 0 0 0 0 0 0 0 0 0 0 0 0 0 0 0 0 0 0 0 0 0 0 0 1 0 0 0 0 0 0 0 0 0]
[993076721343906379233078675146859405453160036397871579369980120680055061216227987857838667601959286017962708280148914374616524808016319052673857205298176385186177862576637345517112120962141597885879796067132913459604916887885389670328649158257463145 0 0 0 0 0 0 0 0 0 0 0 0 0 0 0 0 0 0 0 0 0 0 0 0 0 0 0 0 0 0 0 0 0 0 0 0 0 0 0 0 0 0 0 0 0 0 0 0 0 0 0 0 0 0 0 0 0 0 0 0 0 0 0 0 0 0 0 0 0 0 0 0 0 1 0 0 0 0 0 0 0 0]
[1801864997174352201909797527048682804492910977951193754657289947317849686111974445921177132164564664690027315500116891723858578855826316092088408007439199079206788562534689650900586765081677996775786189500906234982399075142469772976376629819311513417 0 0 0 0 0 0 0 0 0 0 0 0 0 0 0 0 0 0 0 0 0 0 0 0 0 0 0 0 0 0 0 0 0 0 0 0 0 0 0 0 0 0 0 0 0 0 0 0 0 0 0 0 0 0 0 0 0 0 0 0 0 0 0 0 0 0 0 0 0 0 0 0 0 0 1 0 0 0 0 0 0 0]
[2919334184953457350405501719269186538504399749518833906139607805819027818023782048270858415532435397326305386696566132521352320909815575639920861665296792859927471361401740588531298506261453866884134816196122177953617545969270671665751643971325777070 0 0 0 0 0 0 0 0 0 0 0 0 0 0 0 0 0 0 0 0 0 0 0 0 0 0 0 0 0 0 0 0 0 0 0 0 0 0 0 0 0 0 0 0 0 0 0 0 0 0 0 0 0 0 0 0 0 0 0 0 0 0 0 0 0 0 0 0 0 0 0 0 0 0 0 1 0 0 0 0 0 0]
[3533836772848709150167691918815630218974399976209903111429530056888483337727364891478992081074721325190478604184208645700347172992346215130233686669917804141119594941004421737721685632410968071552984598128822257893887071256970782496695348467067095696 0 0 0 0 0 0 0 0 0 0 0 0 0 0 0 0 0 0 0 0 0 0 0 0 0 0 0 0 0 0 0 0 0 0 0 0 0 0 0 0 0 0 0 0 0 0 0 0 0 0 0 0 0 0 0 0 0 0 0 0 0 0 0 0 0 0 0 0 0 0 0 0 0 0 0 0 1 0 0 0 0 0]
[2747534153765253662049026075584755412066944031528260875689835464337550443321467043523190385598765245181752455760532151888663201484168113971726278371347786254485743685897870909970979480706494027121176395725567759584531486914623256214889205916867357541 0 0 0 0 0 0 0 0 0 0 0 0 0 0 0 0 0 0 0 0 0 0 0 0 0 0 0 0 0 0 0 0 0 0 0 0 0 0 0 0 0 0 0 0 0 0 0 0 0 0 0 0 0 0 0 0 0 0 0 0 0 0 0 0 0 0 0 0 0 0 0 0 0 0 0 0 0 1 0 0 0 0]
[2594743293800661363492064821491164615832803820343262774538679411166704898417381270601504316560940373285867503555548591134626915135642502070972154612970275488980106528596178820876053974899971690295868333252126124202216191392633255111258452887897804146 0 0 0 0 0 0 0 0 0 0 0 0 0 0 0 0 0 0 0 0 0 0 0 0 0 0 0 0 0 0 0 0 0 0 0 0 0 0 0 0 0 0 0 0 0 0 0 0 0 0 0 0 0 0 0 0 0 0 0 0 0 0 0 0 0 0 0 0 0 0 0 0 0 0 0 0 0 0 1 0 0 0]
[2637827446309885875000217621914774541272439098408417039243794991835526751270253366811080756738956975828289339250974171629955191501680525775355936249516892285638241670232571184110095090595590913181581956644972709950485564304429655785020650872543730801 0 0 0 0 0 0 0 0 0 0 0 0 0 0 0 0 0 0 0 0 0 0 0 0 0 0 0 0 0 0 0 0 0 0 0 0 0 0 0 0 0 0 0 0 0 0 0 0 0 0 0 0 0 0 0 0 0 0 0 0 0 0 0 0 0 0 0 0 0 0 0 0 0 0 0 0 0 0 0 1 0 0]
[1913605682090919335737063988902362089009172867593907654674185084611693242991687117566255492103127977427217556171003543755043628723804248373215389758958589356677001336756296312620083674884389228267767769634032985982719392733514489546480060183420913874 0 0 0 0 0 0 0 0 0 0 0 0 0 0 0 0 0 0 0 0 0 0 0 0 0 0 0 0 0 0 0 0 0 0 0 0 0 0 0 0 0 0 0 0 0 0 0 0 0 0 0 0 0 0 0 0 0 0 0 0 0 0 0 0 0 0 0 0 0 0 0 0 0 0 0 0 0 0 0 0 1 0]
[1998271593692921779059528541908599844078644236480724604172407669944372379048390332168738062899443864726968396850884333145062179598413292024209074350250259711448672706786491573599428114534303345141907038992212362583150607260823029255086093043353612183 0 0 0 0 0 0 0 0 0 0 0 0 0 0 0 0 0 0 0 0 0 0 0 0 0 0 0 0 0 0 0 0 0 0 0 0 0 0 0 0 0 0 0 0 0 0 0 0 0 0 0 0 0 0 0 0 0 0 0 0 0 0 0 0 0 0 0 0 0 0 0 0 0 0 0 0 0 0 0 0 0 1]
]
