[[3649849285702302855996201034506051492253899202508867639306252065745963534848605657115402152266001093630123355314603546160782882242173099858786787230884646893653621603053912199827 0 0 0 0 0 0 0 0 0 0 0 0 0 0 0 0 0 0 0 0 0 0 0 0 0 0 0 0 0 0 0 0 0 0 0 0 0 0 0 0 0 0 0 0 0 0 0 0 0 0 0 0 0 0 0 0 0 0]
[2537864283247582823993737445086460096180931349112030818236547488138686977400141917090316908644134459274780827577625924172557412167371294702038706128741382133053024913385119111877 1 0 0 0 0 0 0 0 0 0 0 0 0 0 0 0 0 0 0 0 0 0 0 0 0 0 0 0 0 0 0 0 0 0 0 0 0 0 0 0 0 0 0 0 0 0 0 0 0 0 0 0 0 0 0 0 0 0]
[1522784766098771024089816916559412956720991235513895197790459588167036402597634783039030015417681899323780967318913245448204447697284948843394595883099156669403662112300528836968 0 1 0 0 0 0 0 0 0 0 0 0 0 0 0 0 0 0 0 0 0 0 0 0 0 0 0 0 0 0 0 0 0 0 0 0 0 0 0 0 0 0 0 0 0 0 0 0 0 0 0 0 0 0 0 0 0 0]
[1910173341351824857259040035968357468610459848475953829633208179100272594262571511566260365603234107915492710228827133434638906473724090539618580463880617939375853761325740849564 0 0 1 0 0 0 0 0 0 0 0 0 0 0 0 0 0 0 0 0 0 0 0 0 0 0 0 0 0 0 0 0 0 0 0 0 0 0 0 0 0 0 0 0 0 0 0 0 0 0 0 0 0 0 0 0 0 0]
[2712506640754973827528695639572282540933918405472932948461893345494484277809943838230605109021201949729647461876883562501559618544623018366039170695509694839725545320663329319283 0 0 0 1 0 0 0 0 0 0 0 0 0 0 0 0 0 0 0 0 0 0 0 0 0 0 0 0 0 0 0 0 0 0 0 0 0 0 0 0 0 0 0 0 0 0 0 0 0 0 0 0 0 0 0 0 0 0]
[867285942646892556226710289801164382044030718866437845207435914922090484013133326564209593014386709810404721805612988462454808457037870459627483954596407571939909420849658369314 0 0 0 0 1 0 0 0 0 0 0 0 0 0 0 0 0 0 0 0 0 0 0 0 0 0 0 0 0 0 0 0 0 0 0 0 0 0 0 0 0 0 0 0 0 0 0 0 0 0 0 0 0 0 0 0 0 0]
[81077628883356864480647479366789342643033084547902197295152907192314445758653647646837171911908482119290615220888033859891498579600192809764943517687933636822866007350414907182 0 0 0 0 0 1 0 0 0 0 0 0 0 0 0 0 0 0 0 0 0 0 0 0 0 0 0 0 0 0 0 0 0 0 0 0 0 0 0 0 0 0 0 0 0 0 0 0 0 0 0 0 0 0 0 0 0 0]
[3418175221543569160482789170806929303434010674892481785354269596934114144439767799048304444795581268668876401399614170791242459528516158404917618856809623089639621516353997539887 0 0 0 0 0 0 1 0 0 0 0 0 0 0 0 0 0 0 0 0 0 0 0 0 0 0 0 0 0 0 0 0 0 0 0 0 0 0 0 0 0 0 0 0 0 0 0 0 0 0 0 0 0 0 0 0 0 0]
[632272239456111527181330550210796263702361219436938219725377031227045555050837063418729962306730585948471234510412102699054497411848384682354655404001400935280993256442792489459 0 0 0 0 0 0 0 1 0 0 0 0 0 0 0 0 0 0 0 0 0 0 0 0 0 0 0 0 0 0 0 0 0 0 0 0 0 0 0 0 0 0 0 0 0 0 0 0 0 0 0 0 0 0 0 0 0 0]
[2450750317862404211777624370409616295531322005512494108142627214125722053488983741093239060044112522343094946635558134980579552994670890148497164471779553496424698959333509931462 0 0 0 0 0 0 0 0 1 0 0 0 0 0 0 0 0 0 0 0 0 0 0 0 0 0 0 0 0 0 0 0 0 0 0 0 0 0 0 0 0 0 0 0 0 0 0 0 0 0 0 0 0 0 0 0 0 0]
[296615775013070171182244340708697546348964571621139396339858167722918009155626507993695304071760901974328092710203090147830741884868088729150558276462631319597582738556506755881 0 0 0 0 0 0 0 0 0 1 0 0 0 0 0 0 0 0 0 0 0 0 0 0 0 0 0 0 0 0 0 0 0 0 0 0 0 0 0 0 0 0 0 0 0 0 0 0 0 0 0 0 0 0 0 0 0 0]
[1602143123875622905884648631908610535872919036681662626142792402037667722141687129878634625400365017984169712517468433149142585297081419541980058284594615996047563348493650395322 0 0 0 0 0 0 0 0 0 0 1 0 0 0 0 0 0 0 0 0 0 0 0 0 0 0 0 0 0 0 0 0 0 0 0 0 0 0 0 0 0 0 0 0 0 0 0 0 0 0 0 0 0 0 0 0 0 0]
[2788475798635768188855442973482338678400255179117316134791178231606584888063463185932828338992792081354859765760107623685996782752625800335746453812399417930382056811918554356370 0 0 0 0 0 0 0 0 0 0 0 1 0 0 0 0 0 0 0 0 0 0 0 0 0 0 0 0 0 0 0 0 0 0 0 0 0 0 0 0 0 0 0 0 0 0 0 0 0 0 0 0 0 0 0 0 0 0]
[1580369732255489968328960798582353445764034222401958042900657565547468793910142084984914465504994168217674873767656667887081416983273358016289409152941443395749517119877855163808 0 0 0 0 0 0 0 0 0 0 0 0 1 0 0 0 0 0 0 0 0 0 0 0 0 0 0 0 0 0 0 0 0 0 0 0 0 0 0 0 0 0 0 0 0 0 0 0 0 0 0 0 0 0 0 0 0 0]
[3133304351486542645911945678037426870766862219448026261160190401308553171402256849392437756172604445870438709269559368806072184523160531345009963950342113572899001263763505954781 0 0 0 0 0 0 0 0 0 0 0 0 0 1 0 0 0 0 0 0 0 0 0 0 0 0 0 0 0 0 0 0 0 0 0 0 0 0 0 0 0 0 0 0 0 0 0 0 0 0 0 0 0 0 0 0 0 0]
[3262817993045952330094498866526021385311017240712107203292810020778803255673839296267799223002049753235490563365405679489152622401892102998350833553771644249710441307752769724615 0 0 0 0 0 0 0 0 0 0 0 0 0 0 1 0 0 0 0 0 0 0 0 0 0 0 0 0 0 0 0 0 0 0 0 0 0 0 0 0 0 0 0 0 0 0 0 0 0 0 0 0 0 0 0 0 0 0]
[2773069174227699116152015221739357868938701679296036413273483216773997254268572264578655250246062499788026102038425813192450332530013448285979333794668062797815934116591634772662 0 0 0 0 0 0 0 0 0 0 0 0 0 0 0 1 0 0 0 0 0 0 0 0 0 0 0 0 0 0 0 0 0 0 0 0 0 0 0 0 0 0 0 0 0 0 0 0 0 0 0 0 0 0 0 0 0 0]
[333334588466700585439028157604443199038999901304419883195585222184327809601710480758743330787329088358804117526945995712960297437400807299604075662882450580651036337017031804548 0 0 0 0 0 0 0 0 0 0 0 0 0 0 0 0 1 0 0 0 0 0 0 0 0 0 0 0 0 0 0 0 0 0 0 0 0 0 0 0 0 0 0 0 0 0 0 0 0 0 0 0 0 0 0 0 0 0]
[467603913294678203743767429481356846996282931810600303873915214303615416607371560475680330671774226815683388202464885667624668066902696235864667205643272583822079632624790772554 0 0 0 0 0 0 0 0 0 0 0 0 0 0 0 0 0 1 0 0 0 0 0 0 0 0 0 0 0 0 0 0 0 0 0 0 0 0 0 0 0 0 0 0 0 0 0 0 0 0 0 0 0 0 0 0 0 0]
[2778447818261438656197616331061893166370231562801490656194808505443529336929901552066508660874117021866122575169267567811578366918821431545078000281805176684955229568614735182779 0 0 0 0 0 0 0 0 0 0 0 0 0 0 0 0 0 0 1 0 0 0 0 0 0 0 0 0 0 0 0 0 0 0 0 0 0 0 0 0 0 0 0 0 0 0 0 0 0 0 0 0 0 0 0 0 0 0]
[2409835964059894609177235036813347710627465911351672872125860082000211169750361136553412424420839093758710399751044844238223388612266065143481323910993275868310724815209701524816 0 0 0 0 0 0 0 0 0 0 0 0 0 0 0 0 0 0 0 1 0 0 0 0 0 0 0 0 0 0 0 0 0 0 0 0 0 0 0 0 0 0 0 0 0 0 0 0 0 0 0 0 0 0 0 0 0 0]
[446794673285986966680307694109795426748781610791610549658484640003701874832179396120183892719506500901859545542085807528289877580625916545782030729739465537628692381590957558025 0 0 0 0 0 0 0 0 0 0 0 0 0 0 0 0 0 0 0 0 1 0 0 0 0 0 0 0 0 0 0 0 0 0 0 0 0 0 0 0 0 0 0 0 0 0 0 0 0 0 0 0 0 0 0 0 0 0]
[844760746112455121871776806427317451689147927027386275635221767911932365536933427468128341661917788342291467845531606308825885553528479887009436607055211118138022566918129433981 0 0 0 0 0 0 0 0 0 0 0 0 0 0 0 0 0 0 0 0 0 1 0 0 0 0 0 0 0 0 0 0 0 0 0 0 0 0 0 0 0 0 0 0 0 0 0 0 0 0 0 0 0 0 0 0 0 0]
[2443587737346163126251955237000933887809985597462479183798363971995063168183600235941207776351986791134923171822291165997379258113004969308186892497031344357069612575290274851023 0 0 0 0 0 0 0 0 0 0 0 0 0 0 0 0 0 0 0 0 0 0 1 0 0 0 0 0 0 0 0 0 0 0 0 0 0 0 0 0 0 0 0 0 0 0 0 0 0 0 0 0 0 0 0 0 0 0]
[46053264693338739230784953351126471488238733923974572488047626388877753537918710570498013238400163697384433815447386125813802874746886710052748670975452797910365230211919763056 0 0 0 0 0 0 0 0 0 0 0 0 0 0 0 0 0 0 0 0 0 0 0 1 0 0 0 0 0 0 0 0 0 0 0 0 0 0 0 0 0 0 0 0 0 0 0 0 0 0 0 0 0 0 0 0 0 0]
[1873373767182193847775638784311148312062322229926777278637017399761359163730164722955128454897154327878625661509930124780378887032394539273489180515941267377706252443666672947683 0 0 0 0 0 0 0 0 0 0 0 0 0 0 0 0 0 0 0 0 0 0 0 0 1 0 0 0 0 0 0 0 0 0 0 0 0 0 0 0 0 0 0 0 0 0 0 0 0 0 0 0 0 0 0 0 0 0]
[852815539067751707759303282871969194607431892494845641125816298592140183937756906702482418038598428568366642348765583728823278865101629639312380232439694772050696523311482777 0 0 0 0 0 0 0 0 0 0 0 0 0 0 0 0 0 0 0 0 0 0 0 0 0 1 0 0 0 0 0 0 0 0 0 0 0 0 0 0 0 0 0 0 0 0 0 0 0 0 0 0 0 0 0 0 0 0]
[1355599005312976252139666107077951153561466311798604874031299251336362592980083436489348234881777263687190135046309020692321894711410827180462410036294948791856719203496999312205 0 0 0 0 0 0 0 0 0 0 0 0 0 0 0 0 0 0 0 0 0 0 0 0 0 0 1 0 0 0 0 0 0 0 0 0 0 0 0 0 0 0 0 0 0 0 0 0 0 0 0 0 0 0 0 0 0 0]
[1947645254600390561823074155039878417619809553899538823102407450283620079323641530569028150711432121591625626045945586548547137534114064893932820823519968752985600654756247407952 0 0 0 0 0 0 0 0 0 0 0 0 0 0 0 0 0 0 0 0 0 0 0 0 0 0 0 1 0 0 0 0 0 0 0 0 0 0 0 0 0 0 0 0 0 0 0 0 0 0 0 0 0 0 0 0 0 0]
[2171263704643602343776625514865928041919889915666204233835724512261594790762127229508011321895365370435943753825885170817835032287715129402029530681795396153253114819548266534275 0 0 0 0 0 0 0 0 0 0 0 0 0 0 0 0 0 0 0 0 0 0 0 0 0 0 0 0 1 0 0 0 0 0 0 0 0 0 0 0 0 0 0 0 0 0 0 0 0 0 0 0 0 0 0 0 0 0]
[2316203540085398278108816286936055641952336283535141684258840377410217414772560392479276077778576054663851336342300527240563058040058231390061253469175064164839687700055033373971 0 0 0 0 0 0 0 0 0 0 0 0 0 0 0 0 0 0 0 0 0 0 0 0 0 0 0 0 0 1 0 0 0 0 0 0 0 0 0 0 0 0 0 0 0 0 0 0 0 0 0 0 0 0 0 0 0 0]
[1783836346557188831838680603704650900002614797881869306184002290019934609299645965028063134214148250209933715848933792950968174088482109428619958280534641215084803462790612669691 0 0 0 0 0 0 0 0 0 0 0 0 0 0 0 0 0 0 0 0 0 0 0 0 0 0 0 0 0 0 1 0 0 0 0 0 0 0 0 0 0 0 0 0 0 0 0 0 0 0 0 0 0 0 0 0 0 0]
[1793668969698138499864357510241520250921229377395854243793287776011735662244580459080657066652397791072864280452606984561386035880984514437191254814098743662364205116660712969868 0 0 0 0 0 0 0 0 0 0 0 0 0 0 0 0 0 0 0 0 0 0 0 0 0 0 0 0 0 0 0 1 0 0 0 0 0 0 0 0 0 0 0 0 0 0 0 0 0 0 0 0 0 0 0 0 0 0]
[2164305229271901599349016265607848327979560411095571319303653179241282427786190256075602451713961962810606710139388324664388171164462009161487677450026055482125415635138706012923 0 0 0 0 0 0 0 0 0 0 0 0 0 0 0 0 0 0 0 0 0 0 0 0 0 0 0 0 0 0 0 0 1 0 0 0 0 0 0 0 0 0 0 0 0 0 0 0 0 0 0 0 0 0 0 0 0 0]
[1923122194593247530703986839619409884070869520565296375414257551921064736319699645285467715254371860155685761566862284641914462703874990999969502166260524021954464449542177568256 0 0 0 0 0 0 0 0 0 0 0 0 0 0 0 0 0 0 0 0 0 0 0 0 0 0 0 0 0 0 0 0 0 1 0 0 0 0 0 0 0 0 0 0 0 0 0 0 0 0 0 0 0 0 0 0 0 0]
[707262956617785954874966541979973874288907868660624656314165818289964333325053321062561830346834184111076784225769336869257257625190797536805784311895553035489972846862028785882 0 0 0 0 0 0 0 0 0 0 0 0 0 0 0 0 0 0 0 0 0 0 0 0 0 0 0 0 0 0 0 0 0 0 1 0 0 0 0 0 0 0 0 0 0 0 0 0 0 0 0 0 0 0 0 0 0 0]
[445872199851875700747246720774216428887774860503736926031971828513070216967260225608381627297203524567304014915486584810711968345555775449056612353614361586665084766313707738069 0 0 0 0 0 0 0 0 0 0 0 0 0 0 0 0 0 0 0 0 0 0 0 0 0 0 0 0 0 0 0 0 0 0 0 1 0 0 0 0 0 0 0 0 0 0 0 0 0 0 0 0 0 0 0 0 0 0]
[1703918434423548560319047111033139452879213855955795028940355872827251444236695664651353765542223389817043717117291205217521064729574235074846483381524571318613623050203011974731 0 0 0 0 0 0 0 0 0 0 0 0 0 0 0 0 0 0 0 0 0 0 0 0 0 0 0 0 0 0 0 0 0 0 0 0 1 0 0 0 0 0 0 0 0 0 0 0 0 0 0 0 0 0 0 0 0 0]
[2199183234901758819605962177328654781145873881461204157426712397122286498125454975086961565359856419697042784623397418134243049256294711438214317273070743347795896349475660264436 0 0 0 0 0 0 0 0 0 0 0 0 0 0 0 0 0 0 0 0 0 0 0 0 0 0 0 0 0 0 0 0 0 0 0 0 0 1 0 0 0 0 0 0 0 0 0 0 0 0 0 0 0 0 0 0 0 0]
[3167323501325206213716927411039536719124448900328412136633175211813067802999388430683164152076209720468690897758831191896349076861788034022469710274747225720737853436145117460369 0 0 0 0 0 0 0 0 0 0 0 0 0 0 0 0 0 0 0 0 0 0 0 0 0 0 0 0 0 0 0 0 0 0 0 0 0 0 1 0 0 0 0 0 0 0 0 0 0 0 0 0 0 0 0 0 0 0]
[267881561702503768106791650639467386843804082704246700928762093594367256613712730459577391416203072759729533396380042728967875686308677476811816464548623926606542942942056987450 0 0 0 0 0 0 0 0 0 0 0 0 0 0 0 0 0 0 0 0 0 0 0 0 0 0 0 0 0 0 0 0 0 0 0 0 0 0 0 1 0 0 0 0 0 0 0 0 0 0 0 0 0 0 0 0 0 0]
[1245238636167427076041376927208151207069909725389590935657608494801559472757794990348065409882473405325009799931266377620749852898927822434917832403170202712191512217503290029981 0 0 0 0 0 0 0 0 0 0 0 0 0 0 0 0 0 0 0 0 0 0 0 0 0 0 0 0 0 0 0 0 0 0 0 0 0 0 0 0 1 0 0 0 0 0 0 0 0 0 0 0 0 0 0 0 0 0]
[3078293942160645758083885799807947109188607041626331133626103716239336072461867131136461121784206250951971908052744969374005679547867563919131630637639801615332331623847641652999 0 0 0 0 0 0 0 0 0 0 0 0 0 0 0 0 0 0 0 0 0 0 0 0 0 0 0 0 0 0 0 0 0 0 0 0 0 0 0 0 0 1 0 0 0 0 0 0 0 0 0 0 0 0 0 0 0 0]
[863561474588868654081779105648316602697355896271249438218957293985657456676462134899173676233138280077293995569836382981604375415736996846108489285736285476775861873698690137314 0 0 0 0 0 0 0 0 0 0 0 0 0 0 0 0 0 0 0 0 0 0 0 0 0 0 0 0 0 0 0 0 0 0 0 0 0 0 0 0 0 0 1 0 0 0 0 0 0 0 0 0 0 0 0 0 0 0]
[3417389969970938415834799410104717046404409393221566125048860551324493693572828638031379978196410851777335085431748740620657560314053773933426526855668474592780452653589303840957 0 0 0 0 0 0 0 0 0 0 0 0 0 0 0 0 0 0 0 0 0 0 0 0 0 0 0 0 0 0 0 0 0 0 0 0 0 0 0 0 0 0 0 1 0 0 0 0 0 0 0 0 0 0 0 0 0 0]
[2579971600769716060889714470375226063958222553609036876585862035720250858604903481471987276964714967296582007087947617659888147225412748972710476083456496460035579758621804108644 0 0 0 0 0 0 0 0 0 0 0 0 0 0 0 0 0 0 0 0 0 0 0 0 0 0 0 0 0 0 0 0 0 0 0 0 0 0 0 0 0 0 0 0 1 0 0 0 0 0 0 0 0 0 0 0 0 0]
[276724828309387811271730749015686482340381171932736713566460547954217165945822323680680298926084754985438477459585700480652815778642712960375167031492431102103203431723565182510 0 0 0 0 0 0 0 0 0 0 0 0 0 0 0 0 0 0 0 0 0 0 0 0 0 0 0 0 0 0 0 0 0 0 0 0 0 0 0 0 0 0 0 0 0 1 0 0 0 0 0 0 0 0 0 0 0 0]
[2637103140247933575751260567457420141734453799509072778337317465110698240350557055097718752838320435752191885593821612257872061873322669509478764792304152917410952687369061480537 0 0 0 0 0 0 0 0 0 0 0 0 0 0 0 0 0 0 0 0 0 0 0 0 0 0 0 0 0 0 0 0 0 0 0 0 0 0 0 0 0 0 0 0 0 0 1 0 0 0 0 0 0 0 0 0 0 0]
[2587934760505018638521257499023568614474480118409549165491189616983828220701737211484802027384956205161941516288359025293256830662377224383578613077998564393729427003406446884280 0 0 0 0 0 0 0 0 0 0 0 0 0 0 0 0 0 0 0 0 0 0 0 0 0 0 0 0 0 0 0 0 0 0 0 0 0 0 0 0 0 0 0 0 0 0 0 1 0 0 0 0 0 0 0 0 0 0]
[1222866239857118578608161923979692141324738199438235383566167297730838275190096494308636388589046293084073516520511083122776299424202910157489719779975195889050754043487362228561 0 0 0 0 0 0 0 0 0 0 0 0 0 0 0 0 0 0 0 0 0 0 0 0 0 0 0 0 0 0 0 0 0 0 0 0 0 0 0 0 0 0 0 0 0 0 0 0 1 0 0 0 0 0 0 0 0 0]
[3246598825376222049080648625870803446830469494427419344286578736724237131949940165981285659960528119189596808226590797416208602875097858502214904392586962022636799934954500336140 0 0 0 0 0 0 0 0 0 0 0 0 0 0 0 0 0 0 0 0 0 0 0 0 0 0 0 0 0 0 0 0 0 0 0 0 0 0 0 0 0 0 0 0 0 0 0 0 0 1 0 0 0 0 0 0 0 0]
[480060248300061630993446501185713604474211542054212491932261377298509773019388982904467736505188953056597520219584055455312417454158334039248318496733942594847558946946122667423 0 0 0 0 0 0 0 0 0 0 0 0 0 0 0 0 0 0 0 0 0 0 0 0 0 0 0 0 0 0 0 0 0 0 0 0 0 0 0 0 0 0 0 0 0 0 0 0 0 0 1 0 0 0 0 0 0 0]
[1476895211201748228621291047849086430212999435832903307789551862950022989848473101944187083352988714767966286098547586011389096722950650974231371442565176174765600462218981518052 0 0 0 0 0 0 0 0 0 0 0 0 0 0 0 0 0 0 0 0 0 0 0 0 0 0 0 0 0 0 0 0 0 0 0 0 0 0 0 0 0 0 0 0 0 0 0 0 0 0 0 1 0 0 0 0 0 0]
[2310179020059892391619817073232393944517845729938146308386332845172050868730617009084718167462372623675577798822152850868469668929568686290534808287550272921724738884434565106018 0 0 0 0 0 0 0 0 0 0 0 0 0 0 0 0 0 0 0 0 0 0 0 0 0 0 0 0 0 0 0 0 0 0 0 0 0 0 0 0 0 0 0 0 0 0 0 0 0 0 0 0 1 0 0 0 0 0]
[3003721827509298535120994344079300759541324805424179196320974576820971715120010367661352350268871401868161045669041451227154808075010499117401355702859218242523390173705459121591 0 0 0 0 0 0 0 0 0 0 0 0 0 0 0 0 0 0 0 0 0 0 0 0 0 0 0 0 0 0 0 0 0 0 0 0 0 0 0 0 0 0 0 0 0 0 0 0 0 0 0 0 0 1 0 0 0 0]
[3544685050332097446886760697296289451693442388966645984573351118101799368561858938763869985705494893959056888956860104233733299203824105439083844604651307322823052733814969922060 0 0 0 0 0 0 0 0 0 0 0 0 0 0 0 0 0 0 0 0 0 0 0 0 0 0 0 0 0 0 0 0 0 0 0 0 0 0 0 0 0 0 0 0 0 0 0 0 0 0 0 0 0 0 1 0 0 0]
[419191289892975991826189051608212501408444278755926590136354738406690319093815836533851028515903318417493512498212317392017282979498716900381795314505018039870667124687212679176 0 0 0 0 0 0 0 0 0 0 0 0 0 0 0 0 0 0 0 0 0 0 0 0 0 0 0 0 0 0 0 0 0 0 0 0 0 0 0 0 0 0 0 0 0 0 0 0 0 0 0 0 0 0 0 1 0 0]
[125264870824825848932975351966236955494707527336551441351724344306153921813888656091179421855666503277284642476031437789209768645730251018865133267397527168709802588080744160307 0 0 0 0 0 0 0 0 0 0 0 0 0 0 0 0 0 0 0 0 0 0 0 0 0 0 0 0 0 0 0 0 0 0 0 0 0 0 0 0 0 0 0 0 0 0 0 0 0 0 0 0 0 0 0 0 1 0]
[1603345222566533586835350450793992143842748401013807410190497493912398615145298228679149018951418531847596877528121705824631553693027304083596834814936516558932899305443609691142 0 0 0 0 0 0 0 0 0 0 0 0 0 0 0 0 0 0 0 0 0 0 0 0 0 0 0 0 0 0 0 0 0 0 0 0 0 0 0 0 0 0 0 0 0 0 0 0 0 0 0 0 0 0 0 0 0 1]
]
