[[51 -408 -349 10 -127 -597 -146 -72 679 88 -153 -345 292 172 -4 840 28 230 71 355 -134 -10 -342 -262 -160 97 166 -464 -54 149 -430 8 206 52 -14 27 -424 57 -84 317 -166 -186 56 -384 -91 295 -297 177 53 73]
[143 183 275 278 67 39 26 -164 -114 -8 306 554 -460 -621 -117 -63 31 -123 -308 -54 -68 549 -8 173 -101 5 -5 25 -346 -109 118 526 -36 84 -306 -475 511 -193 -31 -346 533 -89 186 -141 -632 117 -144 123 479 -237]
[-47 304 19 -4 204 167 35 -518 337 -264 30 357 -374 -136 355 -97 115 -445 -114 -465 128 172 369 469 -224 697 9 -72 -765 -1 217 -9 370 -317 150 -208 340 184 -163 -92 22 479 16 -90 -43 42 194 446 349 -290]
[248 127 -101 329 -171 80 -85 -234 461 35 -135 568 276 79 -182 6 234 158 -175 371 654 362 259 211 -34 960 284 -374 -134 69 -372 -157 398 -60 268 -563 100 326 -213 -245 433 54 195 -34 12 272 -57 27 192 318]
[351 -191 -265 366 -164 -380 49 -55 -37 96 -168 -305 502 89 -528 288 56 201 357 36 347 -33 299 -129 321 61 388 1 100 -153 -586 -85 -14 -16 -336 -311 -338 640 -715 -186 -372 -492 404 63 427 121 -83 -434 312 295]
[-117 -201 30 -272 -308 822 -440 17 41 -172 -75 332 58 460 -60 -126 75 262 19 -108 -55 444 -156 -305 -294 -62 -103 145 443 -156 42 -238 421 227 559 -634 158 201 237 32 441 -273 -349 133 -317 -38 -264 -431 -342 232]
[614 -53 -285 243 -397 -598 386 304 116 -359 -217 344 319 354 -1 234 -178 203 -89 335 45 151 268 112 559 305 631 -144 -31 285 -104 160 -391 -297 352 554 -342 219 190 -24 -253 -217 36 -251 110 406 213 -256 -284 -162]
[-188 -92 -220 -316 228 299 -276 -655 589 -41 557 -92 -109 -472 191 462 450 152 4 264 283 76 -15 -77 -192 -201 165 -561 52 -52 -375 -88 638 180 199 -340 -189 448 -91 -117 405 -457 -194 -86 -480 117 -556 764 310 195]
[447 95 346 144 -160 55 258 456 -645 -478 -46 124 -23 -61 32 524 -288 -226 45 -741 -88 -307 732 23 246 -821 116 8 634 -359 109 375 -343 126 50 302 244 24 291 -226 -552 -79 258 63 4 -87 127 -25 -337 -214]
[901 -17 207 187 102 -660 151 386 -89 -349 -93 416 -480 -118 -271 87 -347 90 -101 -104 -327 -378 -335 -125 154 -341 361 -279 -103 -81 -96 904 -297 548 -747 -164 419 -394 23 -21 -306 163 396 -435 195 -85 -19 -248 -1 -429]
[-284 374 112 137 32 353 47 -19 82 -110 -107 582 247 -72 526 535 118 -195 -230 -604 -248 166 175 -13 -514 -41 32 -111 35 -29 180 -79 471 -327 418 294 -186 -159 -103 220 37 -3 -515 -348 413 519 184 364 -409 415]
[-189 367 381 39 295 -232 -715 -428 -23 627 -173 -426 -46 -275 -212 565 168 -349 -281 -629 -443 319 -400 -489 -576 -232 -445 87 -129 -69 60 395 -7 135 -132 -471 85 -413 -648 158 61 -480 -605 -399 -282 -153 -690 -111 0 -300]
[-482 -444 -216 139 -243 -514 70 681 353 302 -124 -136 20 -337 144 -204 -661 125 -124 307 -515 346 -486 -177 -567 -7 -551 -517 -16 -348 -428 191 416 366 -393 -446 122 -177 600 -19 -230 90 309 -103 -461 88 70 45 -38 35]
[25 376 179 -330 298 495 -549 -42 97 -79 339 -521 -271 548 -23 -486 781 45 137 195 770 -463 149 47 117 623 264 645 -8 20 -78 -151 -92 228 72 -194 111 -132 -739 16 -21 -177 -491 275 55 -224 331 -313 -137 32]
[261 -158 298 -650 199 -304 214 287 217 142 -138 -58 -65 658 208 -6 348 12 505 30 289 -704 231 405 -153 826 -77 8 154 -194 261 -341 -268 524 -1 288 280 -483 320 155 -196 459 551 205 309 77 254 307 -396 -348]
[-33 -660 136 -95 -323 16 257 917 -571 -283 249 458 11 -21 465 -97 -302 -200 -468 -701 -385 -166 369 -180 -74 -305 -121 288 -179 -701 149 337 -179 252 -241 334 -181 -387 109 -445 -421 -548 -261 -389 21 292 411 107 -120 90]
[-426 -532 -174 200 91 -197 595 449 92 -224 371 -64 109 -188 290 597 95 -219 -659 126 541 37 397 138 -185 173 177 -302 346 -233 -219 -108 568 254 639 294 -464 184 147 -56 -220 -84 422 -289 -144 391 4 530 335 336]
[215 316 380 75 -292 185 -467 51 55 -676 27 -237 69 30 220 -390 -282 -104 328 256 124 -553 606 -56 813 -114 466 -340 928 306 -287 406 132 -288 320 283 185 285 -139 180 -290 -274 -285 140 -92 -196 63 -190 -723 -372]
[99 110 -125 0 -203 125 -355 132 -277 575 -187 117 -366 -497 -373 -65 -351 -131 133 -121 -580 107 -283 -204 201 -563 -427 1 -82 100 -164 494 -135 -198 -454 -609 403 323 -591 -167 599 -665 -317 80 500 -250 -92 -570 -108 -19]
[440 -345 566 -60 -153 -69 78 -570 -335 464 25 683 267 -37 -766 -503 33 241 430 389 -193 -479 -508 -556 89 327 65 92 24 59 283 -214 -457 -230 -511 422 -495 -716 -86 31 201 -35 -320 116 463 -23 -41 -295 69 194]
[-9 126 354 -14 200 -427 114 532 -123 -167 -494 359 193 491 515 -148 158 -243 28 -114 -283 -415 332 194 170 362 300 301 432 -79 366 293 -86 354 -513 729 -308 -466 167 696 -451 128 220 -220 -80 91 239 459 -29 -218]
[-130 409 158 -168 239 -450 394 -435 547 350 107 -143 -154 -710 -79 21 437 -86 -213 366 344 240 -490 17 -800 498 -416 -227 -159 431 -475 -456 -197 -324 548 237 36 -88 139 78 393 304 125 18 -166 -124 140 351 104 -306]
[251 -13 476 -2 229 147 -600 -168 -129 44 233 216 779 -465 -21 -117 410 -134 519 -45 55 -31 -266 -155 -223 -240 348 -163 626 -206 -245 -85 -615 124 -63 4 -99 -353 -602 -156 -9 -609 -40 -270 -19 -212 -364 -3 -34 -2]
[194 64 -220 -18 31 370 -96 -169 100 -567 314 326 -255 -32 564 -687 46 -2 332 -552 -374 243 -278 456 641 -223 571 621 -823 -7 364 638 23 -466 -511 -421 563 -502 -660 -196 -451 419 -471 -413 -65 279 -23 -220 386 -155]
[-456 -15 265 -2 -19 124 -396 -147 524 59 -178 419 197 165 359 678 642 -102 748 346 236 -314 423 274 -201 689 655 -345 188 -114 -93 -260 66 -297 594 432 -135 -151 -166 13 814 -107 -316 87 -95 163 361 665 -613 -59]
[-808 -643 -213 -3 265 316 -52 -357 -57 100 300 -402 266 116 612 -281 -91 -68 3 150 69 -66 18 883 59 -367 -231 115 -581 21 564 -351 -461 -320 -335 327 -313 -442 714 -475 448 625 -250 290 -159 -477 60 293 230 -65]
[853 511 282 246 -234 95 -301 206 183 34 -176 512 469 612 304 193 570 200 3 225 256 29 -46 580 739 14 671 -176 604 164 112 194 -134 38 -38 290 177 -345 482 -231 180 -74 -1 336 -268 -136 -71 -23 -357 -193]
[-74 -339 79 83 -27 60 282 -164 197 -494 24 -191 214 246 438 -264 179 -128 -218 181 618 -395 332 508 255 -188 281 -249 60 -154 -8 -924 -38 -626 243 733 -317 -184 69 -372 -35 754 -26 -120 472 -23 -30 320 242 -263]
[-219 294 330 239 234 -248 -855 -610 641 -82 98 423 -173 -283 18 -378 -57 -154 -323 333 703 -3 -39 93 -370 490 71 -549 115 -333 -241 157 116 -99 189 -365 28 -33 -484 284 -76 714 -372 -37 -261 -362 -266 131 426 -294]
[-163 -233 -386 258 -322 -86 133 633 -71 -59 -422 -1108 598 -432 295 573 -300 -130 193 -55 -330 -8 -243 -53 273 -621 181 196 -380 149 -256 72 -94 -160 -201 768 -231 59 -519 60 -59 -421 102 -101 455 50 605 -186 -553 651]
[-24 33 107 -681 744 -228 -168 268 -382 62 -245 -464 102 269 -208 2 240 -64 605 341 215 -598 68 -176 731 -456 60 -50 480 200 -379 -85 -150 269 -43 559 -253 -236 -160 272 164 57 157 -193 130 -321 -589 689 165 -239]
[37 -128 -506 -201 132 303 -276 280 178 145 -227 552 341 881 205 -272 -21 442 -118 120 -383 -447 -659 -431 -334 -77 -192 -291 43 -141 433 -552 -45 543 93 -57 -326 -63 -62 492 -348 183 -303 -529 54 233 -829 -331 -271 593]
[-447 -149 -48 487 513 332 -220 -379 102 150 403 -693 -125 507 161 -22 144 19 254 -525 40 226 -294 376 -348 -271 -495 621 -934 192 -75 -88 253 -239 279 -122 -429 220 -468 -23 85 583 -310 241 16 -326 280 -230 79 172]
[-290 -499 -142 -30 350 -293 -242 -147 -556 747 -244 -670 308 212 -194 -463 35 -353 -4 -122 -205 -229 109 37 108 -286 -274 331 -285 -574 121 -755 -271 659 -138 420 -381 399 -602 -93 -92 217 276 533 388 -234 -522 -238 -105 -129]
[73 -518 -158 392 -35 181 370 327 -259 143 -2 -393 -160 -152 -447 1339 -203 8 306 -116 -178 703 -326 438 -136 -594 -200 327 504 175 -131 156 318 55 -343 -451 3 -72 -470 454 367 334 86 288 -157 598 -358 -378 190 629]
[-313 -434 774 -100 -115 503 209 -141 326 -402 383 397 -17 218 127 353 -6 4 -84 -593 124 -52 736 -27 -671 -110 -195 431 -180 -464 -228 -200 -259 70 487 27 30 -34 37 -24 260 126 344 465 -620 291 88 108 -108 -164]
[397 296 -179 -388 765 -9 -71 7 -430 -97 364 -468 -676 -101 353 -133 371 -561 224 -119 130 -260 -2 92 -37 -187 176 -141 282 59 -425 -45 -34 -33 -394 218 241 443 -30 303 -794 260 133 8 -157 -298 -285 205 601 -431]
[-92 357 -133 -637 -99 286 -212 -458 -177 569 236 -304 -143 -199 -317 -279 230 -147 21 -269 -111 463 374 -401 -590 65 -621 -79 -551 41 -649 261 -129 -97 -141 -270 -364 396 171 -303 -122 -573 -437 -98 -710 10 -105 -96 67 7]
[-68 327 61 558 -73 269 -21 -465 -335 -195 -44 175 616 -374 -127 -1110 -46 -271 -719 -409 -347 500 322 289 -164 -80 41 181 -748 590 -258 342 -510 0 -392 -69 130 159 -339 -405 -82 -146 -144 -60 19 -382 31 47 595 -70]
[-151 70 103 386 -261 -478 -77 32 322 365 -93 -141 -370 -646 295 -167 233 132 -272 11 334 -126 -625 -32 -571 508 -41 353 -241 212 -201 445 427 -135 -41 -225 13 -355 -454 -93 459 -532 -535 254 170 -43 285 -343 58 30]
[-229 -239 -50 -136 -92 -504 -237 -258 -6 -181 265 -484 451 -520 -124 -458 -114 -19 612 9 -89 286 -219 -321 883 -336 332 128 122 -247 -556 -354 -334 -677 137 363 -327 343 119 -270 -575 -484 -106 342 -214 -180 330 -300 -22 196]
[-31 570 -303 -420 45 676 -305 343 -338 -13 414 -361 -436 -264 141 -502 810 -57 301 -192 -87 -436 -73 28 -441 -560 -605 234 0 -91 178 -106 -116 195 -608 26 283 2 505 159 244 -283 78 275 -733 -515 45 320 226 -417]
[-119 15 -400 305 -160 -374 374 685 212 -243 -36 789 39 -419 196 134 -61 218 -360 775 266 49 -193 161 -24 -773 688 39 165 -134 -616 107 -203 140 179 -618 -208 259 33 -358 5 -497 -132 72 -107 -115 481 -581 172 398]
[572 -179 -176 -48 -76 -444 206 102 140 567 -106 -226 176 -563 -395 196 130 45 410 -485 408 510 618 19 -114 507 -12 -254 50 -8 -819 187 -3 26 461 -96 -194 275 -68 -431 -112 -512 -414 -413 630 -404 -151 -55 -127 177]
[539 -220 -35 453 -59 -493 -402 -78 -17 -497 -271 -30 -812 82 79 378 178 -452 -289 67 -694 -183 126 -317 -166 657 399 61 -921 337 -361 431 -27 -105 -307 -110 -34 317 -1025 369 -556 -302 -64 -899 -498 -190 -65 13 -157 -511]
[-448 -44 -254 603 -106 346 -190 576 16 620 -112 -136 68 -313 44 -50 94 360 136 479 -355 -186 -48 78 -281 -147 -471 -491 -193 254 -128 -820 -279 -526 -85 553 37 -112 -37 48 154 792 341 525 75 -81 52 335 99 256]
[-186 -957 -953 -221 -361 -500 486 917 -163 511 7 -498 77 265 568 556 -114 381 -140 -133 126 118 262 418 125 47 324 -189 196 -426 -82 -158 -187 199 -99 -206 -365 -201 359 -561 -326 -376 562 -47 -484 231 -69 -153 120 15]
[-37 -183 18 -126 -200 -340 809 85 -881 65 349 174 -427 -86 -34 -32 18 521 105 136 -330 -671 443 81 414 -572 -102 347 172 -369 986 -253 -401 -543 689 951 -428 -85 131 206 346 -33 -68 6 101 206 -290 227 -163 133]
[-109 519 544 317 -384 55 -88 -394 -37 158 -340 -391 467 535 -137 224 497 65 178 -200 531 -21 678 17 255 326 -307 150 379 -232 -162 -110 -416 190 -845 -957 582 -522 -18 -131 271 167 773 313 -274 131 -20 -226 25 -309]
[-343 473 64 -263 242 244 -37 -489 180 372 491 297 106 -383 -66 335 98 -158 -178 -257 277 -271 804 99 13 397 -23 106 104 -578 236 -475 -201 -270 661 178 171 294 -78 -27 -144 -219 -541 -246 539 521 -25 7 -121 -183]
]