[[9307968512441580643215749636136067240426538932478845478063793173255343796958477393020730715204835656908722851052755911691987452848248185581262508786405210278759070857363306532615340253758159468106857357658985363418428447963294574784261483631813861867751538181648034800730544139547110945234261929467 0 0 0 0 0 0 0 0 0 0 0 0 0 0 0 0 0 0 0 0 0 0 0 0 0 0 0 0 0 0 0 0 0 0 0 0 0 0 0 0 0 0 0 0 0 0 0 0 0 0 0 0 0 0 0 0 0 0 0 0 0 0 0 0 0 0 0 0 0 0 0 0 0 0 0 0 0 0 0 0 0 0 0 0 0 0 0 0 0 0 0 0 0 0 0 0 0 0]
[3715551380525702157029442304164414505987909631687475184384153847276772934191040833017972491347004610287476267667195401996921544774664686376859374522644370365079633040735400093520826412600642166325782610285516866845595810456709560490413028513571615609844348856096280946219391076897764903285210354790 1 0 0 0 0 0 0 0 0 0 0 0 0 0 0 0 0 0 0 0 0 0 0 0 0 0 0 0 0 0 0 0 0 0 0 0 0 0 0 0 0 0 0 0 0 0 0 0 0 0 0 0 0 0 0 0 0 0 0 0 0 0 0 0 0 0 0 0 0 0 0 0 0 0 0 0 0 0 0 0 0 0 0 0 0 0 0 0 0 0 0 0 0 0 0 0 0 0]
[733542082814411692188676654264937993556339220595196394828524954977169177455898591357879526731694653741063070050551687832156648199426912130025956410052713696428866373124540102277555611038197210042110144544552060503948923532576156367086500104920007339810410986971002402647691247343701984010242698227 0 1 0 0 0 0 0 0 0 0 0 0 0 0 0 0 0 0 0 0 0 0 0 0 0 0 0 0 0 0 0 0 0 0 0 0 0 0 0 0 0 0 0 0 0 0 0 0 0 0 0 0 0 0 0 0 0 0 0 0 0 0 0 0 0 0 0 0 0 0 0 0 0 0 0 0 0 0 0 0 0 0 0 0 0 0 0 0 0 0 0 0 0 0 0 0 0 0]
[9031443116742055344035485760645275652594426909831003820392216894539449198058714351523115204834669740368905402511324019628119903044730988422969231749378336951140550717396159763857251991180020066089675761159706882960638993468160978735417364500590548841224856601040806083586842592748160966256573958044 0 0 1 0 0 0 0 0 0 0 0 0 0 0 0 0 0 0 0 0 0 0 0 0 0 0 0 0 0 0 0 0 0 0 0 0 0 0 0 0 0 0 0 0 0 0 0 0 0 0 0 0 0 0 0 0 0 0 0 0 0 0 0 0 0 0 0 0 0 0 0 0 0 0 0 0 0 0 0 0 0 0 0 0 0 0 0 0 0 0 0 0 0 0 0 0 0 0]
[4547835611118369241559922470161879113295819560724656629778298418628381334190554350553420684113217735261363909711002069653187849492483152157618924015872977609158924151184634004850568739034208897738582839264432010556183156766785259608854087940713888411564259997189325809626768019976320622470009275706 0 0 0 1 0 0 0 0 0 0 0 0 0 0 0 0 0 0 0 0 0 0 0 0 0 0 0 0 0 0 0 0 0 0 0 0 0 0 0 0 0 0 0 0 0 0 0 0 0 0 0 0 0 0 0 0 0 0 0 0 0 0 0 0 0 0 0 0 0 0 0 0 0 0 0 0 0 0 0 0 0 0 0 0 0 0 0 0 0 0 0 0 0 0 0 0 0 0]
[3174411626226878166272585364512732816207955666696649915426060245117761065208510798365325430386829755601977899161053129510471810303413078909855724996473472145296984425826092314061935536443452364214948452717304751366736343129900331957405926879615476763062674195466345384299015685485233280230696619586 0 0 0 0 1 0 0 0 0 0 0 0 0 0 0 0 0 0 0 0 0 0 0 0 0 0 0 0 0 0 0 0 0 0 0 0 0 0 0 0 0 0 0 0 0 0 0 0 0 0 0 0 0 0 0 0 0 0 0 0 0 0 0 0 0 0 0 0 0 0 0 0 0 0 0 0 0 0 0 0 0 0 0 0 0 0 0 0 0 0 0 0 0 0 0 0 0 0]
[394995864802944825905929954528651757601907753952629262517927842061791273822809706651054440489629303190151082120431495641199241795094396563975548353586276733507233460045873527375033652780159507600350331221850407359821147020916132917398985723093386629781998775238696108844113968644416005325819541693 0 0 0 0 0 1 0 0 0 0 0 0 0 0 0 0 0 0 0 0 0 0 0 0 0 0 0 0 0 0 0 0 0 0 0 0 0 0 0 0 0 0 0 0 0 0 0 0 0 0 0 0 0 0 0 0 0 0 0 0 0 0 0 0 0 0 0 0 0 0 0 0 0 0 0 0 0 0 0 0 0 0 0 0 0 0 0 0 0 0 0 0 0 0 0 0 0 0]
[4456660327300891524099213118304429647064056753843892839041959328605525941933070729282246431867908614129074875877561037126441013481982370740626180146097988810496644684267601590053032071771297773965959949382568193961252072741147384247865458291547542518434269756854970617311615456398385489575309108267 0 0 0 0 0 0 1 0 0 0 0 0 0 0 0 0 0 0 0 0 0 0 0 0 0 0 0 0 0 0 0 0 0 0 0 0 0 0 0 0 0 0 0 0 0 0 0 0 0 0 0 0 0 0 0 0 0 0 0 0 0 0 0 0 0 0 0 0 0 0 0 0 0 0 0 0 0 0 0 0 0 0 0 0 0 0 0 0 0 0 0 0 0 0 0 0 0 0]
[492143450644867879708547993191013554786422966960269417986171654208809498555517773811742454411506475646192750514757328060081777781475408107443700009281866528209839845730487631107409546679193055311020223193282841036425750028107081983861909990356908366806876965070811269595539535423955355755425995575 0 0 0 0 0 0 0 1 0 0 0 0 0 0 0 0 0 0 0 0 0 0 0 0 0 0 0 0 0 0 0 0 0 0 0 0 0 0 0 0 0 0 0 0 0 0 0 0 0 0 0 0 0 0 0 0 0 0 0 0 0 0 0 0 0 0 0 0 0 0 0 0 0 0 0 0 0 0 0 0 0 0 0 0 0 0 0 0 0 0 0 0 0 0 0 0 0 0]
[5169594397617927235005511853110475897649767556779931457267410595590749016717072615152022431539024612213295253515338492936832153205671784124685428862080497146054061051165541353857497523290316903643433136373176211522860486507311331570493115003942811877518038079284786542371014105421630086261220595354 0 0 0 0 0 0 0 0 1 0 0 0 0 0 0 0 0 0 0 0 0 0 0 0 0 0 0 0 0 0 0 0 0 0 0 0 0 0 0 0 0 0 0 0 0 0 0 0 0 0 0 0 0 0 0 0 0 0 0 0 0 0 0 0 0 0 0 0 0 0 0 0 0 0 0 0 0 0 0 0 0 0 0 0 0 0 0 0 0 0 0 0 0 0 0 0 0 0]
[8247356538525040360431353886591000324016093364641649579120146468773560196981553928835569839594623425252171880346610793569826603731498037405251295825118827903996485678352648126285296501544358081793546407011956021905976171698291730862098644327205618553863885213463044307207598709373486789358345173993 0 0 0 0 0 0 0 0 0 1 0 0 0 0 0 0 0 0 0 0 0 0 0 0 0 0 0 0 0 0 0 0 0 0 0 0 0 0 0 0 0 0 0 0 0 0 0 0 0 0 0 0 0 0 0 0 0 0 0 0 0 0 0 0 0 0 0 0 0 0 0 0 0 0 0 0 0 0 0 0 0 0 0 0 0 0 0 0 0 0 0 0 0 0 0 0 0 0]
[6939413119042533261261618039073970455855695339668762886240945831990715313903505201740424351933966013308966567576555650047853330887392108168799771669305680925227961127614568102909283204302651676636117352092179032436964933596269484657617399134308111553671295345970039753301758937234400000792608402924 0 0 0 0 0 0 0 0 0 0 1 0 0 0 0 0 0 0 0 0 0 0 0 0 0 0 0 0 0 0 0 0 0 0 0 0 0 0 0 0 0 0 0 0 0 0 0 0 0 0 0 0 0 0 0 0 0 0 0 0 0 0 0 0 0 0 0 0 0 0 0 0 0 0 0 0 0 0 0 0 0 0 0 0 0 0 0 0 0 0 0 0 0 0 0 0 0 0]
[2573633154924453954731930249781116290954265079814019766183601080279239352954496822161368912276043364359980993622484973261727502805052593189078374650701060428440400323286039496866511337938584002472643740913097047482277706595113590494571871877668222523720684449868033472996090018473272358913027387739 0 0 0 0 0 0 0 0 0 0 0 1 0 0 0 0 0 0 0 0 0 0 0 0 0 0 0 0 0 0 0 0 0 0 0 0 0 0 0 0 0 0 0 0 0 0 0 0 0 0 0 0 0 0 0 0 0 0 0 0 0 0 0 0 0 0 0 0 0 0 0 0 0 0 0 0 0 0 0 0 0 0 0 0 0 0 0 0 0 0 0 0 0 0 0 0 0 0]
[6192751160637046295852485766294874819088352001945077869493253482208765826234993131713659711196713255099492419875235725633661122839086044912097962584037054271883496495250103608453027906166444712694407196226865474663543830923838964823454477581628497761537601538442307564838801301491388786689224423695 0 0 0 0 0 0 0 0 0 0 0 0 1 0 0 0 0 0 0 0 0 0 0 0 0 0 0 0 0 0 0 0 0 0 0 0 0 0 0 0 0 0 0 0 0 0 0 0 0 0 0 0 0 0 0 0 0 0 0 0 0 0 0 0 0 0 0 0 0 0 0 0 0 0 0 0 0 0 0 0 0 0 0 0 0 0 0 0 0 0 0 0 0 0 0 0 0 0]
[8561222891427575129018864075781867498036010640923584105927469057129142303536488504331412193053587470781390755156402228792035953001370273117890974904792848898930296195436108354859031115814352777250900680090343209032119139896139127675984142272419555018086269893532015185484792370943202801224831961465 0 0 0 0 0 0 0 0 0 0 0 0 0 1 0 0 0 0 0 0 0 0 0 0 0 0 0 0 0 0 0 0 0 0 0 0 0 0 0 0 0 0 0 0 0 0 0 0 0 0 0 0 0 0 0 0 0 0 0 0 0 0 0 0 0 0 0 0 0 0 0 0 0 0 0 0 0 0 0 0 0 0 0 0 0 0 0 0 0 0 0 0 0 0 0 0 0 0]
[5192072858198416256227067129016065325466623395927245711390571232946526003059742975295766166713387189010783401445052774516025196254631048424114065792072679965783527413217141727142791000139781199750593757635232852744705922032845184059664137098512450305786629691246880036823383889437772429787773333449 0 0 0 0 0 0 0 0 0 0 0 0 0 0 1 0 0 0 0 0 0 0 0 0 0 0 0 0 0 0 0 0 0 0 0 0 0 0 0 0 0 0 0 0 0 0 0 0 0 0 0 0 0 0 0 0 0 0 0 0 0 0 0 0 0 0 0 0 0 0 0 0 0 0 0 0 0 0 0 0 0 0 0 0 0 0 0 0 0 0 0 0 0 0 0 0 0 0]
[2414360734617201761343737872857160538245722872529413219070148446220929704658774220338170806973350533461713656086664878166185694303544116608287867096855254313910599897032830175885705654098891090378180008940140056072807134522024358438482181256964372512127298272463244649239262392162165013712304778635 0 0 0 0 0 0 0 0 0 0 0 0 0 0 0 1 0 0 0 0 0 0 0 0 0 0 0 0 0 0 0 0 0 0 0 0 0 0 0 0 0 0 0 0 0 0 0 0 0 0 0 0 0 0 0 0 0 0 0 0 0 0 0 0 0 0 0 0 0 0 0 0 0 0 0 0 0 0 0 0 0 0 0 0 0 0 0 0 0 0 0 0 0 0 0 0 0 0]
[4200459937128366844820993466832675958803203921540971351365814972031264861093147462229111051113257895296757416046355917810716264098991536204960416005540713590360979036544577390472176617365480580884537725703404045422579705994656834057590152744416859111492610675535580166785456063758509930015019625931 0 0 0 0 0 0 0 0 0 0 0 0 0 0 0 0 1 0 0 0 0 0 0 0 0 0 0 0 0 0 0 0 0 0 0 0 0 0 0 0 0 0 0 0 0 0 0 0 0 0 0 0 0 0 0 0 0 0 0 0 0 0 0 0 0 0 0 0 0 0 0 0 0 0 0 0 0 0 0 0 0 0 0 0 0 0 0 0 0 0 0 0 0 0 0 0 0 0]
[4804406134400321155230658739825923687051579052852952223673603652723873912433162015484032872844935316300269937271311830967508878089884549220914183173333832759873486984870404506406200035264643611330736135396657475831152970874552871832482519226163457267388244148046982308813435754684543550165438937934 0 0 0 0 0 0 0 0 0 0 0 0 0 0 0 0 0 1 0 0 0 0 0 0 0 0 0 0 0 0 0 0 0 0 0 0 0 0 0 0 0 0 0 0 0 0 0 0 0 0 0 0 0 0 0 0 0 0 0 0 0 0 0 0 0 0 0 0 0 0 0 0 0 0 0 0 0 0 0 0 0 0 0 0 0 0 0 0 0 0 0 0 0 0 0 0 0 0]
[6040438675899370132425561276010818977238766907779863239702957270779142224724667770367044029161756128195938287790198619314519962088797092262497756704213997291917751333208874573561798708463958926293048135883801293548725065515164061683012535217483494173822886012668564677825277990761399612152518718076 0 0 0 0 0 0 0 0 0 0 0 0 0 0 0 0 0 0 1 0 0 0 0 0 0 0 0 0 0 0 0 0 0 0 0 0 0 0 0 0 0 0 0 0 0 0 0 0 0 0 0 0 0 0 0 0 0 0 0 0 0 0 0 0 0 0 0 0 0 0 0 0 0 0 0 0 0 0 0 0 0 0 0 0 0 0 0 0 0 0 0 0 0 0 0 0 0 0]
[2099413251958874135974305585942728171368648785185523941814132020676990393449272927775000656731942085192209555592972499532236712879068423900357447989790364831154866610653254542159767509422947514714171702016588415484452770895960131439123485704423691291274678478287657890252282770571840706413282046624 0 0 0 0 0 0 0 0 0 0 0 0 0 0 0 0 0 0 0 1 0 0 0 0 0 0 0 0 0 0 0 0 0 0 0 0 0 0 0 0 0 0 0 0 0 0 0 0 0 0 0 0 0 0 0 0 0 0 0 0 0 0 0 0 0 0 0 0 0 0 0 0 0 0 0 0 0 0 0 0 0 0 0 0 0 0 0 0 0 0 0 0 0 0 0 0 0 0]
[1265091023656219142561238453765504380976741068336635104894931508125274204555402912400938192273908545034662031412158071288486466824379272325463999037248896741921862565546988016108183851306254985108804411041694073941438745592208194975743181907983676544588452192497519691027400238498089370990563335081 0 0 0 0 0 0 0 0 0 0 0 0 0 0 0 0 0 0 0 0 1 0 0 0 0 0 0 0 0 0 0 0 0 0 0 0 0 0 0 0 0 0 0 0 0 0 0 0 0 0 0 0 0 0 0 0 0 0 0 0 0 0 0 0 0 0 0 0 0 0 0 0 0 0 0 0 0 0 0 0 0 0 0 0 0 0 0 0 0 0 0 0 0 0 0 0 0 0]
[266046190369242062388677244081323618336620925540618818444264327049123279299595325071145017432686858750748199821561278451210828942088347571045545112318340924443824406018670267597490998302319865251878982059181656414539246270429789564841468211865897846722693588407814752546401629489069442146512628170 0 0 0 0 0 0 0 0 0 0 0 0 0 0 0 0 0 0 0 0 0 1 0 0 0 0 0 0 0 0 0 0 0 0 0 0 0 0 0 0 0 0 0 0 0 0 0 0 0 0 0 0 0 0 0 0 0 0 0 0 0 0 0 0 0 0 0 0 0 0 0 0 0 0 0 0 0 0 0 0 0 0 0 0 0 0 0 0 0 0 0 0 0 0 0 0 0 0]
[8907865790460347127252090623143874715187524371806761971208263557466403648931088814920280374609025685726915024133532012153541403549144099023065592184692937669310056403581595112145138385593419352575735514566700684720214173561949941018726127750692864822106103830616828983886637670418847931190515659308 0 0 0 0 0 0 0 0 0 0 0 0 0 0 0 0 0 0 0 0 0 0 1 0 0 0 0 0 0 0 0 0 0 0 0 0 0 0 0 0 0 0 0 0 0 0 0 0 0 0 0 0 0 0 0 0 0 0 0 0 0 0 0 0 0 0 0 0 0 0 0 0 0 0 0 0 0 0 0 0 0 0 0 0 0 0 0 0 0 0 0 0 0 0 0 0 0 0]
[4554294418555173678040938491159764561598751964271768417201693192720691020061251076787216307873168302414483931953646010016899467189597254384197560462932648033662589948661096494904570699564016917858376083751227117932360397329088430231947233488316075915290353494303630106342586823993116256520676228293 0 0 0 0 0 0 0 0 0 0 0 0 0 0 0 0 0 0 0 0 0 0 0 1 0 0 0 0 0 0 0 0 0 0 0 0 0 0 0 0 0 0 0 0 0 0 0 0 0 0 0 0 0 0 0 0 0 0 0 0 0 0 0 0 0 0 0 0 0 0 0 0 0 0 0 0 0 0 0 0 0 0 0 0 0 0 0 0 0 0 0 0 0 0 0 0 0 0]
[4771672000856294347041723270184592110381316774618083158972699490076380828732649053292323369425583475774281209064015103095550438737467112209258459548472259802071994009256411402543333582887808416680874622670405951675654349118019428839571615463423020960781999407999309677408890257585401814029045543540 0 0 0 0 0 0 0 0 0 0 0 0 0 0 0 0 0 0 0 0 0 0 0 0 1 0 0 0 0 0 0 0 0 0 0 0 0 0 0 0 0 0 0 0 0 0 0 0 0 0 0 0 0 0 0 0 0 0 0 0 0 0 0 0 0 0 0 0 0 0 0 0 0 0 0 0 0 0 0 0 0 0 0 0 0 0 0 0 0 0 0 0 0 0 0 0 0 0]
[855996927288919289060865617831264857015576900935263280677892182379800197263668538850600904757945562420379635778873250793468420702899617957769455521231863942880904404831149551348232708890163443991620848030819817141430064424334327750614430413922252191947194829561816202498223367885030728898190208976 0 0 0 0 0 0 0 0 0 0 0 0 0 0 0 0 0 0 0 0 0 0 0 0 0 1 0 0 0 0 0 0 0 0 0 0 0 0 0 0 0 0 0 0 0 0 0 0 0 0 0 0 0 0 0 0 0 0 0 0 0 0 0 0 0 0 0 0 0 0 0 0 0 0 0 0 0 0 0 0 0 0 0 0 0 0 0 0 0 0 0 0 0 0 0 0 0 0]
[6608354355419292083261402964338453880947638998945536344689451405217458473750901335060767863982205134479344703247709455637341775005092539155936022588238281958053863906571256523581046781557738631240700130041376282960099787570641729724923453160003181436836805696713342840393432205015517733968920417091 0 0 0 0 0 0 0 0 0 0 0 0 0 0 0 0 0 0 0 0 0 0 0 0 0 0 1 0 0 0 0 0 0 0 0 0 0 0 0 0 0 0 0 0 0 0 0 0 0 0 0 0 0 0 0 0 0 0 0 0 0 0 0 0 0 0 0 0 0 0 0 0 0 0 0 0 0 0 0 0 0 0 0 0 0 0 0 0 0 0 0 0 0 0 0 0 0 0]
[4146750572076595915928756803008132743165973582544290078309534230285120384559355565085581931854248342417520020466733419907488674897043580736385961194992341783739778760403078238167748956267514648226899043270852190084794151134862346537765909083435401351539058982384479399148060312752667571268148985893 0 0 0 0 0 0 0 0 0 0 0 0 0 0 0 0 0 0 0 0 0 0 0 0 0 0 0 1 0 0 0 0 0 0 0 0 0 0 0 0 0 0 0 0 0 0 0 0 0 0 0 0 0 0 0 0 0 0 0 0 0 0 0 0 0 0 0 0 0 0 0 0 0 0 0 0 0 0 0 0 0 0 0 0 0 0 0 0 0 0 0 0 0 0 0 0 0 0]
[1148182638343900744930313790266614201627000491826585031767500375140972429257788068518958905914958964271430480752300795108319083475251507801124080077538237517438050572666130890927150198495605168417455052883274237220855270301096631585236373840553405232767124357332530487656560953178662411569957144266 0 0 0 0 0 0 0 0 0 0 0 0 0 0 0 0 0 0 0 0 0 0 0 0 0 0 0 0 1 0 0 0 0 0 0 0 0 0 0 0 0 0 0 0 0 0 0 0 0 0 0 0 0 0 0 0 0 0 0 0 0 0 0 0 0 0 0 0 0 0 0 0 0 0 0 0 0 0 0 0 0 0 0 0 0 0 0 0 0 0 0 0 0 0 0 0 0 0]
[1821852610721597461118713115570019536367589422653174439214449613647589927010255417442555519376050059072212099950475229045620674669566444229772432437457819112731684796116983704245717156401309450278283525864425061379119971736278458970156237442869321080316159897233953801813008100877599689836703153817 0 0 0 0 0 0 0 0 0 0 0 0 0 0 0 0 0 0 0 0 0 0 0 0 0 0 0 0 0 1 0 0 0 0 0 0 0 0 0 0 0 0 0 0 0 0 0 0 0 0 0 0 0 0 0 0 0 0 0 0 0 0 0 0 0 0 0 0 0 0 0 0 0 0 0 0 0 0 0 0 0 0 0 0 0 0 0 0 0 0 0 0 0 0 0 0 0 0]
[6538674999348418916833150010378794705776670207456262067432678182252947468787638468428164451654982226264632779320781688366738540652788559921974898276454020945873625304959980276075145577208660419075400806064574460666398155750603710949747958308379070008851801395192509152787608193107699616990251765527 0 0 0 0 0 0 0 0 0 0 0 0 0 0 0 0 0 0 0 0 0 0 0 0 0 0 0 0 0 0 1 0 0 0 0 0 0 0 0 0 0 0 0 0 0 0 0 0 0 0 0 0 0 0 0 0 0 0 0 0 0 0 0 0 0 0 0 0 0 0 0 0 0 0 0 0 0 0 0 0 0 0 0 0 0 0 0 0 0 0 0 0 0 0 0 0 0 0]
[3990255105816213919510965467771491792779446538652314371305923566794506515699275587721425821812726413140819102420234903188986328439656896341327269404046320898467402473059496136224546386088222242531192234160275405999394183873255765726759907011014831305061866368229036233960698192477459108734735071377 0 0 0 0 0 0 0 0 0 0 0 0 0 0 0 0 0 0 0 0 0 0 0 0 0 0 0 0 0 0 0 1 0 0 0 0 0 0 0 0 0 0 0 0 0 0 0 0 0 0 0 0 0 0 0 0 0 0 0 0 0 0 0 0 0 0 0 0 0 0 0 0 0 0 0 0 0 0 0 0 0 0 0 0 0 0 0 0 0 0 0 0 0 0 0 0 0 0]
[3938858082036999399697176247305118068459191980807997940171028246536608432245139179126048891952163885250280249762642429505094878960538360887507531216450564676772676225880537205113339956085647892267988045647508238278083787230858079495736643676015305213098246093156403648301929793238270511400593895833 0 0 0 0 0 0 0 0 0 0 0 0 0 0 0 0 0 0 0 0 0 0 0 0 0 0 0 0 0 0 0 0 1 0 0 0 0 0 0 0 0 0 0 0 0 0 0 0 0 0 0 0 0 0 0 0 0 0 0 0 0 0 0 0 0 0 0 0 0 0 0 0 0 0 0 0 0 0 0 0 0 0 0 0 0 0 0 0 0 0 0 0 0 0 0 0 0 0]
[2032031232680443341692323423753843159023211880222077544034040085872513152657600465986711388907588587864565140264365458074642538583320370291894265176127622806006539729578857927623884021153130671700852346737773030302693885821015076464944707725605075824215669951406216063469695813005542877568434698163 0 0 0 0 0 0 0 0 0 0 0 0 0 0 0 0 0 0 0 0 0 0 0 0 0 0 0 0 0 0 0 0 0 1 0 0 0 0 0 0 0 0 0 0 0 0 0 0 0 0 0 0 0 0 0 0 0 0 0 0 0 0 0 0 0 0 0 0 0 0 0 0 0 0 0 0 0 0 0 0 0 0 0 0 0 0 0 0 0 0 0 0 0 0 0 0 0 0]
[3437931068517162329772408282592941557444389091154476586310794264246576115189867172730884356260175527670684892310820634297221199644149232034017855165070529408275282609064387151638861545085923249668194799442000447885783285518169465431944373135154261390444391511123585100478356419772101341725605638419 0 0 0 0 0 0 0 0 0 0 0 0 0 0 0 0 0 0 0 0 0 0 0 0 0 0 0 0 0 0 0 0 0 0 1 0 0 0 0 0 0 0 0 0 0 0 0 0 0 0 0 0 0 0 0 0 0 0 0 0 0 0 0 0 0 0 0 0 0 0 0 0 0 0 0 0 0 0 0 0 0 0 0 0 0 0 0 0 0 0 0 0 0 0 0 0 0 0]
[1575853934865287956788178497673289099336456827736878995000031363097711625670197036375601286129049933719914918229224934881533128980856631288820582027325981293493448102280543460270682960033286631786697586495661596729610450120706691222976980043149310777951676711254192849383647129183193205382888064951 0 0 0 0 0 0 0 0 0 0 0 0 0 0 0 0 0 0 0 0 0 0 0 0 0 0 0 0 0 0 0 0 0 0 0 1 0 0 0 0 0 0 0 0 0 0 0 0 0 0 0 0 0 0 0 0 0 0 0 0 0 0 0 0 0 0 0 0 0 0 0 0 0 0 0 0 0 0 0 0 0 0 0 0 0 0 0 0 0 0 0 0 0 0 0 0 0 0]
[6556678504556195349423550418500936528913903083224356057259442508623946984625689715154040840495586308198142521903580070175054252913285854459631973584911189318494734092967274285689509303112908540003801357633769778348366458133013896790779814517511199144810500926384913866398109798535119586812997731075 0 0 0 0 0 0 0 0 0 0 0 0 0 0 0 0 0 0 0 0 0 0 0 0 0 0 0 0 0 0 0 0 0 0 0 0 1 0 0 0 0 0 0 0 0 0 0 0 0 0 0 0 0 0 0 0 0 0 0 0 0 0 0 0 0 0 0 0 0 0 0 0 0 0 0 0 0 0 0 0 0 0 0 0 0 0 0 0 0 0 0 0 0 0 0 0 0 0]
[2401599654910258388138507026799490665983168411414283046040381735934055175939145786387926725678983642375201480225654546195284417199330150336754689248986425120544035348486155730912937246790292026474800336398412836865902735680358532443773516522132456572810937684824748166943658551317277546288786485684 0 0 0 0 0 0 0 0 0 0 0 0 0 0 0 0 0 0 0 0 0 0 0 0 0 0 0 0 0 0 0 0 0 0 0 0 0 1 0 0 0 0 0 0 0 0 0 0 0 0 0 0 0 0 0 0 0 0 0 0 0 0 0 0 0 0 0 0 0 0 0 0 0 0 0 0 0 0 0 0 0 0 0 0 0 0 0 0 0 0 0 0 0 0 0 0 0 0]
[2442564356954868343212434113168031351006869957475593631868000714104033973486444497771192826445155808972538663410728432988892118083402184309996232251593856346769464656029196090670455323903675051583069577684211198951333897679594057450473028467017708581396267722484523307151457689335578441722253873912 0 0 0 0 0 0 0 0 0 0 0 0 0 0 0 0 0 0 0 0 0 0 0 0 0 0 0 0 0 0 0 0 0 0 0 0 0 0 1 0 0 0 0 0 0 0 0 0 0 0 0 0 0 0 0 0 0 0 0 0 0 0 0 0 0 0 0 0 0 0 0 0 0 0 0 0 0 0 0 0 0 0 0 0 0 0 0 0 0 0 0 0 0 0 0 0 0 0]
[1297848771009097780164194757165642069022573288230564655370774649396181761764830207466094730440334474722500970858069475571977385631141354141456281591835957967744501714482010116869683170085826775516009720131245320179427565239091848844437005958820911122709421192587541017724445192186319867534706865104 0 0 0 0 0 0 0 0 0 0 0 0 0 0 0 0 0 0 0 0 0 0 0 0 0 0 0 0 0 0 0 0 0 0 0 0 0 0 0 1 0 0 0 0 0 0 0 0 0 0 0 0 0 0 0 0 0 0 0 0 0 0 0 0 0 0 0 0 0 0 0 0 0 0 0 0 0 0 0 0 0 0 0 0 0 0 0 0 0 0 0 0 0 0 0 0 0 0]
[3286423451954560140187713295360063627698300230424554478056777524156244194012377172943433984357601552674609633846078057696347302120918236399956307758825679224800577011179177570485385606350196404804327630361644826474852134325136758908756893141648727172280750457097476424235381031365308935181057621398 0 0 0 0 0 0 0 0 0 0 0 0 0 0 0 0 0 0 0 0 0 0 0 0 0 0 0 0 0 0 0 0 0 0 0 0 0 0 0 0 1 0 0 0 0 0 0 0 0 0 0 0 0 0 0 0 0 0 0 0 0 0 0 0 0 0 0 0 0 0 0 0 0 0 0 0 0 0 0 0 0 0 0 0 0 0 0 0 0 0 0 0 0 0 0 0 0 0]
[2491693095623909421881743352267997150047764289841459152913787383634379958016935786345394892975412480758803038408305093306024220397366257095823423304608059785537905085793086544871113098693612849897307736648178012057289411474950086642132572871469785022519546534170166851182267994991736782299015240098 0 0 0 0 0 0 0 0 0 0 0 0 0 0 0 0 0 0 0 0 0 0 0 0 0 0 0 0 0 0 0 0 0 0 0 0 0 0 0 0 0 1 0 0 0 0 0 0 0 0 0 0 0 0 0 0 0 0 0 0 0 0 0 0 0 0 0 0 0 0 0 0 0 0 0 0 0 0 0 0 0 0 0 0 0 0 0 0 0 0 0 0 0 0 0 0 0 0]
[1103190704513969293710877651924193618138871668010418843515421611720317916614049729276578062248304331232456605208610190488934340149129070752633595774498727377612662425163948101556236269029418750537477041353817588931203570628135420255009379143826931172360380469030880218552701771362394904106103029161 0 0 0 0 0 0 0 0 0 0 0 0 0 0 0 0 0 0 0 0 0 0 0 0 0 0 0 0 0 0 0 0 0 0 0 0 0 0 0 0 0 0 1 0 0 0 0 0 0 0 0 0 0 0 0 0 0 0 0 0 0 0 0 0 0 0 0 0 0 0 0 0 0 0 0 0 0 0 0 0 0 0 0 0 0 0 0 0 0 0 0 0 0 0 0 0 0 0]
[5907405348684597547429331661277654880527282330927887676146816014181301977390221482156060231588073409482677849799533645866078696960070953690734959695001528883149697505879553144855215324662109612804976351684802060513721057247266118733237916884075108999321036337922636318744426173637607060345893379842 0 0 0 0 0 0 0 0 0 0 0 0 0 0 0 0 0 0 0 0 0 0 0 0 0 0 0 0 0 0 0 0 0 0 0 0 0 0 0 0 0 0 0 1 0 0 0 0 0 0 0 0 0 0 0 0 0 0 0 0 0 0 0 0 0 0 0 0 0 0 0 0 0 0 0 0 0 0 0 0 0 0 0 0 0 0 0 0 0 0 0 0 0 0 0 0 0 0]
[5181235189087310985406329145550655664438718457842318810046899264110983264833521968280923607977929529490966244341844218814111521140219889474916334981440831946525798570513228555611397234677560254794473080233399411864053048623757441025142819872280425748110595490508471002170181201283853186296407692466 0 0 0 0 0 0 0 0 0 0 0 0 0 0 0 0 0 0 0 0 0 0 0 0 0 0 0 0 0 0 0 0 0 0 0 0 0 0 0 0 0 0 0 0 1 0 0 0 0 0 0 0 0 0 0 0 0 0 0 0 0 0 0 0 0 0 0 0 0 0 0 0 0 0 0 0 0 0 0 0 0 0 0 0 0 0 0 0 0 0 0 0 0 0 0 0 0 0]
[2893828293579617230578865779968313237433633144622840621744888507565672163752197440832225611427828064978829973339669259849900548126978136858216498584514230229395891900571787426999071354202791070556821719517165930853551830532774706838877308938054676200356996599154247689311090866137807580611277071231 0 0 0 0 0 0 0 0 0 0 0 0 0 0 0 0 0 0 0 0 0 0 0 0 0 0 0 0 0 0 0 0 0 0 0 0 0 0 0 0 0 0 0 0 0 1 0 0 0 0 0 0 0 0 0 0 0 0 0 0 0 0 0 0 0 0 0 0 0 0 0 0 0 0 0 0 0 0 0 0 0 0 0 0 0 0 0 0 0 0 0 0 0 0 0 0 0 0]
[163967212235394022926371708132712040731964552799166747972273460921469440145506361200171126038121404511653570017499508503664545823228394112379239095023661442955083007970505686865639150310062888118120543699093583896367885114513970703335890497407961321518418176948589489637902144266013450811193023266 0 0 0 0 0 0 0 0 0 0 0 0 0 0 0 0 0 0 0 0 0 0 0 0 0 0 0 0 0 0 0 0 0 0 0 0 0 0 0 0 0 0 0 0 0 0 1 0 0 0 0 0 0 0 0 0 0 0 0 0 0 0 0 0 0 0 0 0 0 0 0 0 0 0 0 0 0 0 0 0 0 0 0 0 0 0 0 0 0 0 0 0 0 0 0 0 0 0]
[6738087133067308789342381461209911463316442425709136533598475070646384085692758155603443757218028972155118856343588184458098415574376915759199709653914065007349372832745664736965696855500328871157985501837443752978532966909530121335096122159923033465004554034495804620419058699159430732785132236863 0 0 0 0 0 0 0 0 0 0 0 0 0 0 0 0 0 0 0 0 0 0 0 0 0 0 0 0 0 0 0 0 0 0 0 0 0 0 0 0 0 0 0 0 0 0 0 1 0 0 0 0 0 0 0 0 0 0 0 0 0 0 0 0 0 0 0 0 0 0 0 0 0 0 0 0 0 0 0 0 0 0 0 0 0 0 0 0 0 0 0 0 0 0 0 0 0 0]
[4969398829659624145284447331785308653165069178183950075160280673840797867686580753849229521821957329727077340225923452574392697058890904170840899097216047608588236313242253385029865589012671668656415574032958210161930190469490941374002846650576401924651592062966439030564487866082345177064833401475 0 0 0 0 0 0 0 0 0 0 0 0 0 0 0 0 0 0 0 0 0 0 0 0 0 0 0 0 0 0 0 0 0 0 0 0 0 0 0 0 0 0 0 0 0 0 0 0 1 0 0 0 0 0 0 0 0 0 0 0 0 0 0 0 0 0 0 0 0 0 0 0 0 0 0 0 0 0 0 0 0 0 0 0 0 0 0 0 0 0 0 0 0 0 0 0 0 0]
[8776975181730148794982609830965509508776925222007515470749172663200993534984495732087356801767987303171473988441332965440485427603538230019544149073822812341339728029743161375809065894424822893327045524099781642722224947015608243220248591808728835884898493762103659034262135150638935608948540956126 0 0 0 0 0 0 0 0 0 0 0 0 0 0 0 0 0 0 0 0 0 0 0 0 0 0 0 0 0 0 0 0 0 0 0 0 0 0 0 0 0 0 0 0 0 0 0 0 0 1 0 0 0 0 0 0 0 0 0 0 0 0 0 0 0 0 0 0 0 0 0 0 0 0 0 0 0 0 0 0 0 0 0 0 0 0 0 0 0 0 0 0 0 0 0 0 0 0]
[7274001460656089250599908623871273076736127676091183871928105392626557276274981621695669414885035035532961651886467903048805353060207627755769942666414652572767949778126161316688009779653560469606876425001017433927643652697454420162167515737028106361418207145574717767310635127379719378318570648083 0 0 0 0 0 0 0 0 0 0 0 0 0 0 0 0 0 0 0 0 0 0 0 0 0 0 0 0 0 0 0 0 0 0 0 0 0 0 0 0 0 0 0 0 0 0 0 0 0 0 1 0 0 0 0 0 0 0 0 0 0 0 0 0 0 0 0 0 0 0 0 0 0 0 0 0 0 0 0 0 0 0 0 0 0 0 0 0 0 0 0 0 0 0 0 0 0 0]
[4199666760578387824062803652066152335759256257841658430512823441933263320902238282394852206572609839087999531524645234587749520803805930725607518159426771506426843000238761490705421141045280846360361418864452107310001573843214990656020243176105556913773493336474875219716559065205818286917316794822 0 0 0 0 0 0 0 0 0 0 0 0 0 0 0 0 0 0 0 0 0 0 0 0 0 0 0 0 0 0 0 0 0 0 0 0 0 0 0 0 0 0 0 0 0 0 0 0 0 0 0 1 0 0 0 0 0 0 0 0 0 0 0 0 0 0 0 0 0 0 0 0 0 0 0 0 0 0 0 0 0 0 0 0 0 0 0 0 0 0 0 0 0 0 0 0 0 0]
[4662220660553071222828823136983613620079353727296052058915459581027101672473952998515513643099643887739799526341544491146711866009227914863608743208899396475028417837047152368565851425676478351314455172493107288074758278866178306722927115868262689593510200690432910181069515782744559590518111139353 0 0 0 0 0 0 0 0 0 0 0 0 0 0 0 0 0 0 0 0 0 0 0 0 0 0 0 0 0 0 0 0 0 0 0 0 0 0 0 0 0 0 0 0 0 0 0 0 0 0 0 0 1 0 0 0 0 0 0 0 0 0 0 0 0 0 0 0 0 0 0 0 0 0 0 0 0 0 0 0 0 0 0 0 0 0 0 0 0 0 0 0 0 0 0 0 0 0]
[2790039398149588291810640354193284038002744201061733922119287723460525338562503019554298934381419281561124595916016358321075131477138056696723322562146581084854337411412574907971984776166804280692117854884289962628389764720489080258980569354067027418228762516903403925696381855986842276600969992674 0 0 0 0 0 0 0 0 0 0 0 0 0 0 0 0 0 0 0 0 0 0 0 0 0 0 0 0 0 0 0 0 0 0 0 0 0 0 0 0 0 0 0 0 0 0 0 0 0 0 0 0 0 1 0 0 0 0 0 0 0 0 0 0 0 0 0 0 0 0 0 0 0 0 0 0 0 0 0 0 0 0 0 0 0 0 0 0 0 0 0 0 0 0 0 0 0 0]
[7387386829597221109875247967098407184219975771073486360078641352050439484318116022383740249470220839811653979517835930449723315271779065675762883146946508564770916112866864675594728905022344305709175564897289250757461259131050622547594405409671756555228517303963488047454344639779524586022530541045 0 0 0 0 0 0 0 0 0 0 0 0 0 0 0 0 0 0 0 0 0 0 0 0 0 0 0 0 0 0 0 0 0 0 0 0 0 0 0 0 0 0 0 0 0 0 0 0 0 0 0 0 0 0 1 0 0 0 0 0 0 0 0 0 0 0 0 0 0 0 0 0 0 0 0 0 0 0 0 0 0 0 0 0 0 0 0 0 0 0 0 0 0 0 0 0 0 0]
[550494869073191090028727158806039734111458065648499986879558073250751640602458479410372254313437766723767705702876270186348740651641856632828632517759529213384283729655775437382277972630469365070629890759701313381783752359790291535553641204896710167485108629667291130347816604504732927959655443415 0 0 0 0 0 0 0 0 0 0 0 0 0 0 0 0 0 0 0 0 0 0 0 0 0 0 0 0 0 0 0 0 0 0 0 0 0 0 0 0 0 0 0 0 0 0 0 0 0 0 0 0 0 0 0 1 0 0 0 0 0 0 0 0 0 0 0 0 0 0 0 0 0 0 0 0 0 0 0 0 0 0 0 0 0 0 0 0 0 0 0 0 0 0 0 0 0 0]
[3409019588924985087131398354040806211608619070378689341558430850910378118824236308754633592206186892275062419350455282185765327649213504552008321092245356691044442871878563392728921307860042914898788398100881656245297331081522013262978074861934546065818591644996496847815932574983397656417708078930 0 0 0 0 0 0 0 0 0 0 0 0 0 0 0 0 0 0 0 0 0 0 0 0 0 0 0 0 0 0 0 0 0 0 0 0 0 0 0 0 0 0 0 0 0 0 0 0 0 0 0 0 0 0 0 0 1 0 0 0 0 0 0 0 0 0 0 0 0 0 0 0 0 0 0 0 0 0 0 0 0 0 0 0 0 0 0 0 0 0 0 0 0 0 0 0 0 0]
[9086569312932729288821941255529016924789776635271179240648121519714281446950563636920779173513147668988572294436492175420300630277010535319376416037233882161865639163155775764330411824263831273870263498407231915400779121832759664993381802216385285511878507306798825981690191486063638098929628632795 0 0 0 0 0 0 0 0 0 0 0 0 0 0 0 0 0 0 0 0 0 0 0 0 0 0 0 0 0 0 0 0 0 0 0 0 0 0 0 0 0 0 0 0 0 0 0 0 0 0 0 0 0 0 0 0 0 1 0 0 0 0 0 0 0 0 0 0 0 0 0 0 0 0 0 0 0 0 0 0 0 0 0 0 0 0 0 0 0 0 0 0 0 0 0 0 0 0]
[964978337113671187211908929492783367224526048399420577199147069679117093209273445755702366777861255459881520788042614465706714724897085433727358792501293086032954142421363600360755324843143841100892283477987353433418974836331414170784880642582466658558437145722892565027517363383018716998014510355 0 0 0 0 0 0 0 0 0 0 0 0 0 0 0 0 0 0 0 0 0 0 0 0 0 0 0 0 0 0 0 0 0 0 0 0 0 0 0 0 0 0 0 0 0 0 0 0 0 0 0 0 0 0 0 0 0 0 1 0 0 0 0 0 0 0 0 0 0 0 0 0 0 0 0 0 0 0 0 0 0 0 0 0 0 0 0 0 0 0 0 0 0 0 0 0 0 0]
[3606573692357508562910061985598922412945950790503000144278559701598144538174231916670413198232495187327793346284284025742000495165025274605358393957922993220009017956334135011912255995487293771426198131179490742795818622754739145282813814840646499552931019446613738923489484388399749390744927895943 0 0 0 0 0 0 0 0 0 0 0 0 0 0 0 0 0 0 0 0 0 0 0 0 0 0 0 0 0 0 0 0 0 0 0 0 0 0 0 0 0 0 0 0 0 0 0 0 0 0 0 0 0 0 0 0 0 0 0 1 0 0 0 0 0 0 0 0 0 0 0 0 0 0 0 0 0 0 0 0 0 0 0 0 0 0 0 0 0 0 0 0 0 0 0 0 0 0]
[7181069821053480697864298025011857290301909581109086258143029831657238631876842733426136588273421811678748589070766923506496332743580291884238460607250060633553855829090679236238659758726107242080778474788082385534633893692934033135722214560979945623442061961268586572737333245027631759231132776122 0 0 0 0 0 0 0 0 0 0 0 0 0 0 0 0 0 0 0 0 0 0 0 0 0 0 0 0 0 0 0 0 0 0 0 0 0 0 0 0 0 0 0 0 0 0 0 0 0 0 0 0 0 0 0 0 0 0 0 0 1 0 0 0 0 0 0 0 0 0 0 0 0 0 0 0 0 0 0 0 0 0 0 0 0 0 0 0 0 0 0 0 0 0 0 0 0 0]
[1614768477222817562757592326358063238838876153120432287275629849766602765860244301037048547700756399599305706672845591715692783104923928379744531008315044366408238658759173845893444283724074863932110152859799252481687496279004977660971919015397267318903908832048676319258839989388588443178171111278 0 0 0 0 0 0 0 0 0 0 0 0 0 0 0 0 0 0 0 0 0 0 0 0 0 0 0 0 0 0 0 0 0 0 0 0 0 0 0 0 0 0 0 0 0 0 0 0 0 0 0 0 0 0 0 0 0 0 0 0 0 1 0 0 0 0 0 0 0 0 0 0 0 0 0 0 0 0 0 0 0 0 0 0 0 0 0 0 0 0 0 0 0 0 0 0 0 0]
[6271820011271423154663218937258740144367340352803516500439282826893400022259219333131368369655105738980253133286535865748311112896825120091069208984890656726277112926228944514961337626398680235896560683500856409627551467582586112574753321698220270005690606349104922745594039064537145840806812004536 0 0 0 0 0 0 0 0 0 0 0 0 0 0 0 0 0 0 0 0 0 0 0 0 0 0 0 0 0 0 0 0 0 0 0 0 0 0 0 0 0 0 0 0 0 0 0 0 0 0 0 0 0 0 0 0 0 0 0 0 0 0 1 0 0 0 0 0 0 0 0 0 0 0 0 0 0 0 0 0 0 0 0 0 0 0 0 0 0 0 0 0 0 0 0 0 0 0]
[1678209142962482986860733966216710776201103483481289632079694929989896755756165036309357564924538653423457288281200674581415234241374975634847823744574504597265726647926025212378134240565956213979512071987925842633525216203652750975670424606666233911780777185664530282032008988801170823867290685274 0 0 0 0 0 0 0 0 0 0 0 0 0 0 0 0 0 0 0 0 0 0 0 0 0 0 0 0 0 0 0 0 0 0 0 0 0 0 0 0 0 0 0 0 0 0 0 0 0 0 0 0 0 0 0 0 0 0 0 0 0 0 0 1 0 0 0 0 0 0 0 0 0 0 0 0 0 0 0 0 0 0 0 0 0 0 0 0 0 0 0 0 0 0 0 0 0 0]
[2619950096531050179392836952764980196096867739576655720682309646512081694457631129727948116280800857586369104800694722314072377819797795269096768291987384983957528257307543536354560067043412809361443237632226715861161175392051008432230507439787445235029887710123174784491723128596272410713217298394 0 0 0 0 0 0 0 0 0 0 0 0 0 0 0 0 0 0 0 0 0 0 0 0 0 0 0 0 0 0 0 0 0 0 0 0 0 0 0 0 0 0 0 0 0 0 0 0 0 0 0 0 0 0 0 0 0 0 0 0 0 0 0 0 1 0 0 0 0 0 0 0 0 0 0 0 0 0 0 0 0 0 0 0 0 0 0 0 0 0 0 0 0 0 0 0 0 0]
[5011737766248072390741416931786146399778313529624143241882122587596762245115323787522554338012556359150369699985767595403258356930566255750513071582403122328643525756445608694251405949405839058694417625013486140684780550230909104689202240869770406481724838546325513253421011801658882152983298260122 0 0 0 0 0 0 0 0 0 0 0 0 0 0 0 0 0 0 0 0 0 0 0 0 0 0 0 0 0 0 0 0 0 0 0 0 0 0 0 0 0 0 0 0 0 0 0 0 0 0 0 0 0 0 0 0 0 0 0 0 0 0 0 0 0 1 0 0 0 0 0 0 0 0 0 0 0 0 0 0 0 0 0 0 0 0 0 0 0 0 0 0 0 0 0 0 0 0]
[8938781555407906347383329741001352800179284107368196677896872974810885292611597306284734773786335709555943623419248682022740400978278922479265092668970421023521873002338174214739309211172996377248051075662010196855017498500024573216057812602427570505142704854134624115685603590303426195925146537246 0 0 0 0 0 0 0 0 0 0 0 0 0 0 0 0 0 0 0 0 0 0 0 0 0 0 0 0 0 0 0 0 0 0 0 0 0 0 0 0 0 0 0 0 0 0 0 0 0 0 0 0 0 0 0 0 0 0 0 0 0 0 0 0 0 0 1 0 0 0 0 0 0 0 0 0 0 0 0 0 0 0 0 0 0 0 0 0 0 0 0 0 0 0 0 0 0 0]
[4856278287871592781644869932298894445813299233682930917122120861952596711799567307752896208922555330417024880806650217818905740003730022255955046288217114986408979117921544869267889982710046395793500380464558478853283880534979062437825146799464507161161479480807221424809747175061612016116060757305 0 0 0 0 0 0 0 0 0 0 0 0 0 0 0 0 0 0 0 0 0 0 0 0 0 0 0 0 0 0 0 0 0 0 0 0 0 0 0 0 0 0 0 0 0 0 0 0 0 0 0 0 0 0 0 0 0 0 0 0 0 0 0 0 0 0 0 1 0 0 0 0 0 0 0 0 0 0 0 0 0 0 0 0 0 0 0 0 0 0 0 0 0 0 0 0 0 0]
[8585646192580136400489380438873490874497915766864573425598843593679716542764767624632941897515582744696867726815198972239774896908852890546701597663529446410989446698899063001291907431054517452174414983985980834555821627953819311417694332758669233473248207858698100795100730506062325604393701611524 0 0 0 0 0 0 0 0 0 0 0 0 0 0 0 0 0 0 0 0 0 0 0 0 0 0 0 0 0 0 0 0 0 0 0 0 0 0 0 0 0 0 0 0 0 0 0 0 0 0 0 0 0 0 0 0 0 0 0 0 0 0 0 0 0 0 0 0 1 0 0 0 0 0 0 0 0 0 0 0 0 0 0 0 0 0 0 0 0 0 0 0 0 0 0 0 0 0]
[8389785896485282616509052446383857489705044924165593132161359884652685188833696401151832497545885498252981458290447767365460587805627432520993463673647984882383537456004838242467140687907848652332416813849082672256182765603063960899629089480562508663335779965172095971385921656833254447823858386647 0 0 0 0 0 0 0 0 0 0 0 0 0 0 0 0 0 0 0 0 0 0 0 0 0 0 0 0 0 0 0 0 0 0 0 0 0 0 0 0 0 0 0 0 0 0 0 0 0 0 0 0 0 0 0 0 0 0 0 0 0 0 0 0 0 0 0 0 0 1 0 0 0 0 0 0 0 0 0 0 0 0 0 0 0 0 0 0 0 0 0 0 0 0 0 0 0 0]
[6996889216414127075711579504225895871609108698940932836395947288480119445585484088164341918862955234408489697180203333363212509472765968072421257669081684665880356823875781975947187467487852373339495182943777351572904049317711759741295962667623110362407315545246945916127307464773534816492156563642 0 0 0 0 0 0 0 0 0 0 0 0 0 0 0 0 0 0 0 0 0 0 0 0 0 0 0 0 0 0 0 0 0 0 0 0 0 0 0 0 0 0 0 0 0 0 0 0 0 0 0 0 0 0 0 0 0 0 0 0 0 0 0 0 0 0 0 0 0 0 1 0 0 0 0 0 0 0 0 0 0 0 0 0 0 0 0 0 0 0 0 0 0 0 0 0 0 0]
[1287302567165493849486599375141334146484032148926398619217869313344402556788945266922257882220105281234905628399213988797155700458786206627356563416236700147199081560715338667625255710086470011307593610778511985919998916887592838170635809911694049513546170815190452072255947535212623573357164160857 0 0 0 0 0 0 0 0 0 0 0 0 0 0 0 0 0 0 0 0 0 0 0 0 0 0 0 0 0 0 0 0 0 0 0 0 0 0 0 0 0 0 0 0 0 0 0 0 0 0 0 0 0 0 0 0 0 0 0 0 0 0 0 0 0 0 0 0 0 0 0 1 0 0 0 0 0 0 0 0 0 0 0 0 0 0 0 0 0 0 0 0 0 0 0 0 0 0]
[8678181347351467087552398310114014047053856766049143420125959252008796757312854947714563560609048367165527171358479994851369090833813851801860760422728277664169992128806691961870359106654264852572916439715605755395738076666743418477112562395614228475125084531908456424215637926805487828686113101727 0 0 0 0 0 0 0 0 0 0 0 0 0 0 0 0 0 0 0 0 0 0 0 0 0 0 0 0 0 0 0 0 0 0 0 0 0 0 0 0 0 0 0 0 0 0 0 0 0 0 0 0 0 0 0 0 0 0 0 0 0 0 0 0 0 0 0 0 0 0 0 0 1 0 0 0 0 0 0 0 0 0 0 0 0 0 0 0 0 0 0 0 0 0 0 0 0 0]
[1985251952963824300012466405430312212248964826547330614872024839607170804530248163473174285706979445277302929772503403333281911231633084820782245540805028968342383222714301867961164378157245979752809042885372556001522015902136061149905286744392771915461541677390636409742610596967343386648381056355 0 0 0 0 0 0 0 0 0 0 0 0 0 0 0 0 0 0 0 0 0 0 0 0 0 0 0 0 0 0 0 0 0 0 0 0 0 0 0 0 0 0 0 0 0 0 0 0 0 0 0 0 0 0 0 0 0 0 0 0 0 0 0 0 0 0 0 0 0 0 0 0 0 1 0 0 0 0 0 0 0 0 0 0 0 0 0 0 0 0 0 0 0 0 0 0 0 0]
[2915913506574217748121577096528583054829139374162120650549791690605869191784911772357395001665873161775995078089373131824561139487198667637193808104129706887038151710945989053367863341316134335899152923945107564610940017613425866477043104566299624720806063243676148567817504102979622142810496905099 0 0 0 0 0 0 0 0 0 0 0 0 0 0 0 0 0 0 0 0 0 0 0 0 0 0 0 0 0 0 0 0 0 0 0 0 0 0 0 0 0 0 0 0 0 0 0 0 0 0 0 0 0 0 0 0 0 0 0 0 0 0 0 0 0 0 0 0 0 0 0 0 0 0 1 0 0 0 0 0 0 0 0 0 0 0 0 0 0 0 0 0 0 0 0 0 0 0]
[6349949543661707591287733466283031780015056530228067652139996173649700200579375047854447039086195236807009909450586645736199584190848027727110211931328751208417477703579118758021322040533634161576143404971209000552138448282259015424156958609980024793947985821810096521889839807356902476218755004504 0 0 0 0 0 0 0 0 0 0 0 0 0 0 0 0 0 0 0 0 0 0 0 0 0 0 0 0 0 0 0 0 0 0 0 0 0 0 0 0 0 0 0 0 0 0 0 0 0 0 0 0 0 0 0 0 0 0 0 0 0 0 0 0 0 0 0 0 0 0 0 0 0 0 0 1 0 0 0 0 0 0 0 0 0 0 0 0 0 0 0 0 0 0 0 0 0 0]
[7181707715016579407620607976616481473680182629264421969843113544365456147830628107386376395066980086078274720241267227659862235702044540256341386695345811159667077638112936961381246370591491543529380159425286179903577244096243262929762149121580618356046563635919773462806919799343580926471539384734 0 0 0 0 0 0 0 0 0 0 0 0 0 0 0 0 0 0 0 0 0 0 0 0 0 0 0 0 0 0 0 0 0 0 0 0 0 0 0 0 0 0 0 0 0 0 0 0 0 0 0 0 0 0 0 0 0 0 0 0 0 0 0 0 0 0 0 0 0 0 0 0 0 0 0 0 1 0 0 0 0 0 0 0 0 0 0 0 0 0 0 0 0 0 0 0 0 0]
[5236759060291671074323842038022464755761603805917139606367475018234776438161837143504523682029086189787151329782691363758643947251081597750395202920876425463373561662593866137370813377215498438946729462608249163399870424226918423385927063421725053610577342273385121187338879678515070417032891880854 0 0 0 0 0 0 0 0 0 0 0 0 0 0 0 0 0 0 0 0 0 0 0 0 0 0 0 0 0 0 0 0 0 0 0 0 0 0 0 0 0 0 0 0 0 0 0 0 0 0 0 0 0 0 0 0 0 0 0 0 0 0 0 0 0 0 0 0 0 0 0 0 0 0 0 0 0 1 0 0 0 0 0 0 0 0 0 0 0 0 0 0 0 0 0 0 0 0]
[4109972995298271663357600949614273810255908034197809603350159931267196139425297590559098986848556833603710946215715993302642887677293381878961004914791759400886522953350922437730321296937173375629289917000180849550301190012634859514255139170381320064403112898762356003328278559553872642638362885965 0 0 0 0 0 0 0 0 0 0 0 0 0 0 0 0 0 0 0 0 0 0 0 0 0 0 0 0 0 0 0 0 0 0 0 0 0 0 0 0 0 0 0 0 0 0 0 0 0 0 0 0 0 0 0 0 0 0 0 0 0 0 0 0 0 0 0 0 0 0 0 0 0 0 0 0 0 0 1 0 0 0 0 0 0 0 0 0 0 0 0 0 0 0 0 0 0 0]
[6019209792121947740725716054540058892361883606232249933403826763558836522762073815074065120605637960851225576565047294057660841538909196018010284906087717076447315550645437443630888103085076016233183046122167159986291430200224636574504481103310105658842575188624321890090876736603070808058146460861 0 0 0 0 0 0 0 0 0 0 0 0 0 0 0 0 0 0 0 0 0 0 0 0 0 0 0 0 0 0 0 0 0 0 0 0 0 0 0 0 0 0 0 0 0 0 0 0 0 0 0 0 0 0 0 0 0 0 0 0 0 0 0 0 0 0 0 0 0 0 0 0 0 0 0 0 0 0 0 1 0 0 0 0 0 0 0 0 0 0 0 0 0 0 0 0 0 0]
[1309653713717647279456878703707822439830239863177317708067668763549544635274430411501595132208076868845119635326691784464527317161253032388313959703731067602980493699314023920477913504693753943363266445734736855760553090994336434394536780137452094618046539421098769259293043074546986185931383395516 0 0 0 0 0 0 0 0 0 0 0 0 0 0 0 0 0 0 0 0 0 0 0 0 0 0 0 0 0 0 0 0 0 0 0 0 0 0 0 0 0 0 0 0 0 0 0 0 0 0 0 0 0 0 0 0 0 0 0 0 0 0 0 0 0 0 0 0 0 0 0 0 0 0 0 0 0 0 0 0 1 0 0 0 0 0 0 0 0 0 0 0 0 0 0 0 0 0]
[6255646350525262928448736314035924377307312737495154779703783873456715579062317930661336108314935945741854943764595089763766323763799903636165654875951904214166418012970507813460713681545687520521582656257217058997266382035320052925153435215985218258274774656870624992765828037734007916870392254819 0 0 0 0 0 0 0 0 0 0 0 0 0 0 0 0 0 0 0 0 0 0 0 0 0 0 0 0 0 0 0 0 0 0 0 0 0 0 0 0 0 0 0 0 0 0 0 0 0 0 0 0 0 0 0 0 0 0 0 0 0 0 0 0 0 0 0 0 0 0 0 0 0 0 0 0 0 0 0 0 0 1 0 0 0 0 0 0 0 0 0 0 0 0 0 0 0 0]
[5491007689149930045312558844462826964713250034323146936616697104202327511183011963660829087066642610993531429343227616394086314255001131819637839410154664461854415754601872402070723347848708381841228563981308479494906781871660938484992613571120455330257712626042544791513775203798217522965065082168 0 0 0 0 0 0 0 0 0 0 0 0 0 0 0 0 0 0 0 0 0 0 0 0 0 0 0 0 0 0 0 0 0 0 0 0 0 0 0 0 0 0 0 0 0 0 0 0 0 0 0 0 0 0 0 0 0 0 0 0 0 0 0 0 0 0 0 0 0 0 0 0 0 0 0 0 0 0 0 0 0 0 1 0 0 0 0 0 0 0 0 0 0 0 0 0 0 0]
[2412132153116936730553080298409668477878835820914941525687032924433746499110770762602620814271399073481825565807066728947776814814437742625945778322441676257198951283846213202859310290054633226098209993470347647077382259449431266142171340553166910952856982519235466488320249032413614303147739145802 0 0 0 0 0 0 0 0 0 0 0 0 0 0 0 0 0 0 0 0 0 0 0 0 0 0 0 0 0 0 0 0 0 0 0 0 0 0 0 0 0 0 0 0 0 0 0 0 0 0 0 0 0 0 0 0 0 0 0 0 0 0 0 0 0 0 0 0 0 0 0 0 0 0 0 0 0 0 0 0 0 0 0 1 0 0 0 0 0 0 0 0 0 0 0 0 0 0]
[5768018731371386487730506574326096975766956179971753933871815829930784511448250311650143171766912123163428747168861703481963022851778198924080485798990127890293996603263014936882018641241761742775857419682194997983151757780571010181837778721711900027437163906233017681869756606727165417016571642595 0 0 0 0 0 0 0 0 0 0 0 0 0 0 0 0 0 0 0 0 0 0 0 0 0 0 0 0 0 0 0 0 0 0 0 0 0 0 0 0 0 0 0 0 0 0 0 0 0 0 0 0 0 0 0 0 0 0 0 0 0 0 0 0 0 0 0 0 0 0 0 0 0 0 0 0 0 0 0 0 0 0 0 0 1 0 0 0 0 0 0 0 0 0 0 0 0 0]
[1145980349556987491513104956111722406663024057819095318382137472010076223569882122308252685169516889508362281047170535906263958548450460492045008544255412475798046210753117022765826983439134136874632172224711767228257531367828918570829729500418309374434265056759247101031970456125085641382431263790 0 0 0 0 0 0 0 0 0 0 0 0 0 0 0 0 0 0 0 0 0 0 0 0 0 0 0 0 0 0 0 0 0 0 0 0 0 0 0 0 0 0 0 0 0 0 0 0 0 0 0 0 0 0 0 0 0 0 0 0 0 0 0 0 0 0 0 0 0 0 0 0 0 0 0 0 0 0 0 0 0 0 0 0 0 1 0 0 0 0 0 0 0 0 0 0 0 0]
[8653519621666159555445086168436870366318152641882067154498489622200617184961765651869535807103681017420474850067311925864004583781773795137276837503947622009886178495959080925866865326676827767702791693329653590133010473654482957697883204271572441343634930577078305243562027757782334649990346223025 0 0 0 0 0 0 0 0 0 0 0 0 0 0 0 0 0 0 0 0 0 0 0 0 0 0 0 0 0 0 0 0 0 0 0 0 0 0 0 0 0 0 0 0 0 0 0 0 0 0 0 0 0 0 0 0 0 0 0 0 0 0 0 0 0 0 0 0 0 0 0 0 0 0 0 0 0 0 0 0 0 0 0 0 0 0 1 0 0 0 0 0 0 0 0 0 0 0]
[752050552890820215146525413178527410200501979547396538494687786724612202288609875236203182731982415867533846074447326873651912209845450245972186730298337565022409277199560347528094022434010978580931302862219075556741232555693440991056717381679908218110738145192253425235668567924125583350034687096 0 0 0 0 0 0 0 0 0 0 0 0 0 0 0 0 0 0 0 0 0 0 0 0 0 0 0 0 0 0 0 0 0 0 0 0 0 0 0 0 0 0 0 0 0 0 0 0 0 0 0 0 0 0 0 0 0 0 0 0 0 0 0 0 0 0 0 0 0 0 0 0 0 0 0 0 0 0 0 0 0 0 0 0 0 0 0 1 0 0 0 0 0 0 0 0 0 0]
[7361583039023765421806146443147437370903103106758542428921878272621384495095121044546741688970364606926064879444245673110141289959010404132676682919433334179499007522807606726963327017065499667398399021898621014000330775319258709166072224793844384601112538849885786883034091159040018497851254767767 0 0 0 0 0 0 0 0 0 0 0 0 0 0 0 0 0 0 0 0 0 0 0 0 0 0 0 0 0 0 0 0 0 0 0 0 0 0 0 0 0 0 0 0 0 0 0 0 0 0 0 0 0 0 0 0 0 0 0 0 0 0 0 0 0 0 0 0 0 0 0 0 0 0 0 0 0 0 0 0 0 0 0 0 0 0 0 0 1 0 0 0 0 0 0 0 0 0]
[4957176644702856084604518206020540651896735302015672559011080742187974072205949998860718491907593480673784720629501814170724029932564327629699082195518499510936446985836742356054475761568233511264978089103459241347717161215050690958244407688523655375333348205008930808897680073770100368306675249796 0 0 0 0 0 0 0 0 0 0 0 0 0 0 0 0 0 0 0 0 0 0 0 0 0 0 0 0 0 0 0 0 0 0 0 0 0 0 0 0 0 0 0 0 0 0 0 0 0 0 0 0 0 0 0 0 0 0 0 0 0 0 0 0 0 0 0 0 0 0 0 0 0 0 0 0 0 0 0 0 0 0 0 0 0 0 0 0 0 1 0 0 0 0 0 0 0 0]
[3939408633464226644646155700860714573136138904786939148552683916517013589712194082976521627868535758862814594416623532603497580305580841347712297429255772201799180752178098631920103837415126788851329555087362560530793156225741453593807411998071720965968546126240311592648273956008189745683156440594 0 0 0 0 0 0 0 0 0 0 0 0 0 0 0 0 0 0 0 0 0 0 0 0 0 0 0 0 0 0 0 0 0 0 0 0 0 0 0 0 0 0 0 0 0 0 0 0 0 0 0 0 0 0 0 0 0 0 0 0 0 0 0 0 0 0 0 0 0 0 0 0 0 0 0 0 0 0 0 0 0 0 0 0 0 0 0 0 0 0 1 0 0 0 0 0 0 0]
[1262219637080647197647589744883807115465357774154827309667789870175615985910497250674195904149059556136871451965153053371555793788339323858674083891438139264984553098339384595917400089898911725245928868338018256029799994334546318427151759988742626711863957702053129250626858229957150013586875890923 0 0 0 0 0 0 0 0 0 0 0 0 0 0 0 0 0 0 0 0 0 0 0 0 0 0 0 0 0 0 0 0 0 0 0 0 0 0 0 0 0 0 0 0 0 0 0 0 0 0 0 0 0 0 0 0 0 0 0 0 0 0 0 0 0 0 0 0 0 0 0 0 0 0 0 0 0 0 0 0 0 0 0 0 0 0 0 0 0 0 0 1 0 0 0 0 0 0]
[7232228803403102768923314305511712829407835957974874487258494816527156704496627306567236855040032095899316222863587843152214102321463350641312012218634200964903546480390315520878303916165747678765401958866013078021031084810338886685845349623355713374674886321177642215863723281736934164203690804287 0 0 0 0 0 0 0 0 0 0 0 0 0 0 0 0 0 0 0 0 0 0 0 0 0 0 0 0 0 0 0 0 0 0 0 0 0 0 0 0 0 0 0 0 0 0 0 0 0 0 0 0 0 0 0 0 0 0 0 0 0 0 0 0 0 0 0 0 0 0 0 0 0 0 0 0 0 0 0 0 0 0 0 0 0 0 0 0 0 0 0 0 1 0 0 0 0 0]
[4640099416242022822015822304254295860142957885433290201065997027184489957000166779232895750309436931622801630786302824932410351788480168922441967605999102942726714990125354158770812695886231209930300382439097203580855108110675839722537629459760959108776887942358215733029531460306418460056759372340 0 0 0 0 0 0 0 0 0 0 0 0 0 0 0 0 0 0 0 0 0 0 0 0 0 0 0 0 0 0 0 0 0 0 0 0 0 0 0 0 0 0 0 0 0 0 0 0 0 0 0 0 0 0 0 0 0 0 0 0 0 0 0 0 0 0 0 0 0 0 0 0 0 0 0 0 0 0 0 0 0 0 0 0 0 0 0 0 0 0 0 0 0 1 0 0 0 0]
[2418169966721163147494927343579819177638174272440873746489121293175057534892229141993237486951830960793245483566145380539934414171719732167734222805179140183498497901647864316028495503679688126881717251528141660039985258495964329687786461024654276945962622474136560721418089137083251191213929079527 0 0 0 0 0 0 0 0 0 0 0 0 0 0 0 0 0 0 0 0 0 0 0 0 0 0 0 0 0 0 0 0 0 0 0 0 0 0 0 0 0 0 0 0 0 0 0 0 0 0 0 0 0 0 0 0 0 0 0 0 0 0 0 0 0 0 0 0 0 0 0 0 0 0 0 0 0 0 0 0 0 0 0 0 0 0 0 0 0 0 0 0 0 0 1 0 0 0]
[5539970797911053492512387605975263885961567988567977227975979899341685688700057133382983270594553707891282033161055577763723792580302100416067183902540935267623960082820606520821736427325895265986122182588772774756267097603479916596542588072722400415148990095120110108841753701447692947425852695521 0 0 0 0 0 0 0 0 0 0 0 0 0 0 0 0 0 0 0 0 0 0 0 0 0 0 0 0 0 0 0 0 0 0 0 0 0 0 0 0 0 0 0 0 0 0 0 0 0 0 0 0 0 0 0 0 0 0 0 0 0 0 0 0 0 0 0 0 0 0 0 0 0 0 0 0 0 0 0 0 0 0 0 0 0 0 0 0 0 0 0 0 0 0 0 1 0 0]
[591427058751941268194415093173181132788868226275291873863259982951878529254374740264890077449889752982171669316855203076566537293203111009096632537746411015033758261545597332979819287060008245424720825280741109759670029015537808961380134686423010446987779351322263561088591521482290672120404077664 0 0 0 0 0 0 0 0 0 0 0 0 0 0 0 0 0 0 0 0 0 0 0 0 0 0 0 0 0 0 0 0 0 0 0 0 0 0 0 0 0 0 0 0 0 0 0 0 0 0 0 0 0 0 0 0 0 0 0 0 0 0 0 0 0 0 0 0 0 0 0 0 0 0 0 0 0 0 0 0 0 0 0 0 0 0 0 0 0 0 0 0 0 0 0 0 1 0]
[8403709321092337812350553884882100255170682720618049704815999054776378947605205998251434122201588970965524118512938580172302484879787242824385381290063848599358380661876668959429106667509525534761626594518378514676799825606899400784193104253255981022571832287862311633760487808017643158506229269602 0 0 0 0 0 0 0 0 0 0 0 0 0 0 0 0 0 0 0 0 0 0 0 0 0 0 0 0 0 0 0 0 0 0 0 0 0 0 0 0 0 0 0 0 0 0 0 0 0 0 0 0 0 0 0 0 0 0 0 0 0 0 0 0 0 0 0 0 0 0 0 0 0 0 0 0 0 0 0 0 0 0 0 0 0 0 0 0 0 0 0 0 0 0 0 0 0 1]
]
