[[229 0 0 0 0 0 0 0 0 0 0 0 0 0 0 0]
[173 1 0 0 0 0 0 0 0 0 0 0 0 0 0 0]
[181 0 1 0 0 0 0 0 0 0 0 0 0 0 0 0]
[59 0 0 1 0 0 0 0 0 0 0 0 0 0 0 0]
[87 0 0 0 1 0 0 0 0 0 0 0 0 0 0 0]
[35 0 0 0 0 1 0 0 0 0 0 0 0 0 0 0]
[13 0 0 0 0 0 1 0 0 0 0 0 0 0 0 0]
[103 0 0 0 0 0 0 1 0 0 0 0 0 0 0 0]
[107 0 0 0 0 0 0 0 1 0 0 0 0 0 0 0]
[143 0 0 0 0 0 0 0 0 1 0 0 0 0 0 0]
[89 0 0 0 0 0 0 0 0 0 1 0 0 0 0 0]
[152 0 0 0 0 0 0 0 0 0 0 1 0 0 0 0]
[83 0 0 0 0 0 0 0 0 0 0 0 1 0 0 0]
[58 0 0 0 0 0 0 0 0 0 0 0 0 1 0 0]
[45 0 0 0 0 0 0 0 0 0 0 0 0 0 1 0]
[45 0 0 0 0 0 0 0 0 0 0 0 0 0 0 1]
]
