[[-336 486 -701 -201 384 -1004 -210 355 90 -569 940 -5 -17 -304 -654 -368 362 -105 613 -76 205 174 -359 122 -163 197 -1055 -607 -161 -1 55 -548 69 17 -534 -209 -387 365 -325 703 785 -1021 85 -546 -422 13 -478 -23 159 58 ]
[-173 495 432 248 283 901 -1095 72 -505 86 472 -158 363 484 419 -291 -144 -314 356 -63 246 409 522 84 -388 595 180 -90 -71 467 -330 80 -1056 -676 196 -487 -523 84 -389 -1179 -1030 210 -104 -316 175 96 230 24 -159 -58 ]
[51 370 15 -165 409 434 -787 -519 -192 334 -282 247 456 136 478 -40 -186 237 552 19 -260 -214 -663 -525 -128 979 490 564 55 164 249 18 -134 311 860 230 66 199 -437 -1028 -1314 -300 -332 321 501 740 -208 109 -88 -58 ]
[38 184 -622 -167 -542 -624 -735 314 328 -339 532 366 171 209 -268 -518 663 323 603 -262 -204 159 -366 57 -507 51 -910 -567 8 -117 244 447 606 -230 218 -78 326 607 -933 -388 487 229 -721 -375 -542 -304 -264 -313 238 116 ]
[47 136 261 -249 -850 -396 248 326 449 -109 -371 -125 443 -2 -391 46 -779 -422 -539 289 -110 -460 482 976 420 75 753 580 -155 -35 537 -460 614 629 -162 277 -137 -369 1614 444 -340 266 6 590 -330 -206 337 206 158 58 ]
[31 -397 -466 -555 -1108 505 -840 -297 152 -512 -574 -65 -28 454 -396 -125 -593 180 250 262 230 479 33 315 -385 347 33 282 22 -330 807 -69 450 -298 747 378 -300 -283 69 -763 -627 456 -146 484 -514 935 148 -325 262 116 ]
[173 -308 -233 -215 -295 -520 -303 -467 -409 -141 151 -318 -249 -133 194 -785 137 -394 535 -205 353 147 -231 -1665 -468 397 -1310 181 81 -359 -168 -192 374 -157 496 -2 507 327 -1235 -629 342 -995 -464 63 -726 554 -347 -327 -23 111 ]
[-192 600 -171 566 540 -327 -798 522 838 408 827 -94 269 -85 568 50 978 574 287 -359 -14 -495 -787 1083 -101 0 -777 -52 133 1141 108 416 17 -513 183 314 31 548 -853 128 541 24 -431 -329 275 422 -421 14 -24 0 ]
[131 431 121 -62 -459 -748 140 -54 -559 -451 389 -441 -1312 318 -862 -716 -20 -97 -85 430 159 8 537 -787 658 204 148 -138 965 -266 -265 -162 -498 37 -161 -1170 10 349 112 218 453 -949 58 338 -305 -454 -146 -244 25 0 ]
[-531 92 -382 -187 428 -192 -276 -185 659 -350 -473 -170 -201 579 -314 298 -513 1020 -309 701 119 -682 -17 1072 457 97 -116 441 991 514 446 -1241 152 -231 -79 109 -989 84 176 95 49 -103 598 619 -425 313 -517 -72 359 5 ]
[191 -426 382 634 -609 636 809 296 -400 320 -510 -453 -399 -756 -248 -261 30 -1159 76 120 -190 29 -28 -516 -315 -301 144 252 -1044 -579 407 -826 406 94 -418 452 1148 -496 471 -8 24 94 43 -217 46 -762 230 -10 -201 53 ]
[-144 98 78 -7 661 1084 -477 -663 -338 236 441 -370 547 -58 926 63 -374 -81 7 116 1035 -167 -330 135 -654 182 980 697 39 328 200 132 -495 -818 331 1115 -353 -294 -722 101 -382 -2 -134 -587 519 569 25 253 -116 -58 ]
[-116 475 79 286 -113 -16 -169 237 -590 205 55 -333 -1013 -197 -811 -1096 -313 -495 424 359 134 775 460 -669 -201 187 556 -286 -107 11 -291 706 -713 -803 -287 -980 12 605 -1184 590 70 -790 38 -968 452 -790 -308 -65 -3 0 ]
[-1 -12 260 8 -922 -464 518 -83 217 -76 -208 -202 -198 326 99 -171 342 -133 564 -299 196 -207 -120 184 289 145 -910 467 -73 -110 379 -313 80 901 233 -223 502 -574 684 -751 -60 445 -546 171 -555 133 334 -400 203 116 ]
[-266 -13 -597 848 -444 351 -594 820 253 258 545 -278 -348 -161 -167 311 734 -40 166 632 96 -202 -100 805 489 -453 -93 -809 252 160 57 292 -73 -900 -193 -159 860 -204 17 367 1161 173 -496 -208 81 -8 16 -214 -175 53 ]
[213 795 -23 -349 -76 464 89 -293 -483 -26 910 -393 440 731 -147 319 -338 -10 -335 906 120 -31 397 478 323 156 1014 -692 362 -1 71 -739 -118 48 -617 -889 -497 -423 1179 1131 317 203 -164 -318 -92 -566 261 120 79 -111 ]
[202 165 198 39 412 172 410 -212 51 -558 124 -519 -267 -612 -555 -949 -155 -69 642 -621 641 -504 -521 -546 -196 439 283 964 44 -375 1177 -576 -415 108 -485 625 264 -231 410 -290 -160 -834 -237 104 -123 140 14 46 65 58 ]
[276 -32 20 77 -405 -583 846 -179 244 -1 -7 141 -541 70 370 584 702 233 -205 -150 -672 -188 -565 258 225 -421 393 -52 -204 114 -431 979 487 861 820 -328 -279 141 448 268 244 -577 221 758 652 1222 -111 -84 -131 -74 ]
[-215 343 -522 -3 431 -580 -129 7 -404 -650 708 740 551 -148 -299 -98 366 -349 219 -432 -474 585 -215 184 -555 415 -303 -371 -549 -822 361 -575 -160 1131 -425 116 -687 70 578 -372 -814 -1090 680 257 238 918 -340 176 -124 -74 ]
[474 839 -220 -217 142 34 66 -1003 81 -198 187 559 -156 748 -274 -607 654 869 193 -86 152 548 -328 -467 -123 -522 345 -409 468 -497 94 978 -123 387 -10 -523 -215 81 -888 132 301 700 -321 -379 674 -154 -49 -279 18 -111 ]
[444 -39 110 189 -674 568 -32 -574 -146 -574 -116 -137 394 653 -383 -419 51 311 -209 330 261 582 353 506 -803 171 345 -218 -173 -1052 212 -813 827 236 102 -291 -415 -199 387 -1038 -664 725 29 288 -580 -425 198 -631 322 47 ]
[-80 -589 -683 -141 556 20 -211 -167 -597 -316 494 339 450 -817 -37 579 84 -979 -12 20 -186 516 520 -536 -224 -473 -399 -628 -131 -962 10 -110 -642 166 -333 -42 -47 -655 -135 448 363 -783 517 -276 -106 -217 -258 183 -332 -21 ]
[71 -190 14 -556 -627 -418 321 -459 141 183 413 141 149 -121 -278 318 203 -81 413 0 -53 506 63 -187 -242 -20 -14 80 -228 -472 -773 224 330 339 408 -353 -62 -399 655 449 148 243 -73 -411 -79 -1217 201 -284 343 47 ]
[751 29 24 -620 -474 -181 34 -29 -207 96 -154 58 -114 -523 -571 177 363 226 -90 -415 -184 -97 -460 -675 100 -290 934 584 -88 -333 -106 79 420 301 728 656 860 118 584 -531 -764 -27 558 826 415 -369 526 -183 -283 -5 ]
[602 138 90 -377 77 394 241 -520 250 -240 -70 -967 -401 -601 93 536 -166 -96 -357 313 385 -150 -383 367 -100 136 -150 713 -265 81 362 -98 -57 165 356 640 -40 -89 -621 26 -416 -160 428 80 116 578 -23 -216 -152 53 ]
[-328 -638 -404 365 828 1066 -457 -629 -622 370 -630 678 -59 277 0 -361 -448 65 659 -110 198 167 258 -678 199 239 175 367 288 -235 317 -285 -918 -648 -68 -320 -202 -286 -965 -935 -282 310 -13 -462 646 -95 -218 252 173 -53 ]
[420 -373 20 119 -380 -351 -282 -62 854 -60 -938 -85 -1114 -3 -377 -117 293 150 335 -811 -203 48 -716 -1019 668 -155 -453 21 213 156 670 420 207 337 856 164 663 177 -856 -127 228 -152 -431 800 -86 721 33 -79 -273 -31 ]
[-133 26 -374 -851 163 572 -825 93 179 -75 298 1261 773 353 -63 -61 -748 145 721 -799 -387 403 40 -316 -687 643 750 14 -243 -37 101 998 98 -176 262 663 -305 938 -614 -932 -856 541 11 -424 737 -340 71 479 -156 -158 ]
[-209 36 84 -334 492 1543 -527 -1114 -1106 461 -79 191 79 476 387 798 41 339 756 528 30 19 -574 -120 -304 446 508 519 500 -6 208 -827 -779 -58 226 2 -29 -481 37 -492 -554 650 295 -1099 733 -607 -428 16 -53 -127 ]
[632 277 -365 168 -362 -96 -728 212 200 -356 -20 -438 -551 145 -936 -258 96 375 -407 190 -424 287 -67 439 -515 658 631 -247 539 -227 1283 54 372 -442 317 180 293 423 -618 176 -998 111 -48 151 -526 -639 -453 -127 162 133 ]
[76 64 20 147 -755 -545 149 -145 -214 -198 608 -73 -167 929 117 -341 377 -306 5 -139 575 380 661 -516 39 178 -218 -377 369 28 -408 135 -26 192 -205 -687 -581 323 -167 503 668 -401 -426 -567 -493 780 -108 172 198 -15 ]
[-80 -193 -308 687 136 511 -815 -575 -672 -252 208 128 -243 37 54 -170 620 -444 950 204 -363 -136 -53 -1414 -186 774 26 -187 739 -388 -407 -586 -387 -625 471 -766 425 373 -531 -1383 -19 -961 63 247 -246 -218 -748 6 158 -34 ]
[-554 -204 357 781 314 852 186 244 -146 86 476 688 -477 255 1035 28 788 -401 -232 -405 610 -147 22 4 63 -594 227 -195 36 149 -366 -285 -317 -839 -173 662 407 252 -618 -562 715 1077 -21 -374 456 -1002 453 80 -288 -179 ]
[1188 403 153 -349 423 -1249 465 -478 204 305 393 -137 -533 -69 -279 50 735 210 751 -1318 -374 -260 -940 -1284 870 -280 -1190 252 167 741 241 324 311 1021 495 -517 534 132 -181 917 946 -511 -375 47 145 175 -399 -177 -246 -16 ]
[393 214 -130 -642 305 -815 463 -304 952 151 760 -901 -251 -120 -319 -33 123 1149 -346 105 504 -171 -315 417 -373 15 -333 279 760 374 307 -592 361 -82 -377 114 -716 -286 306 1326 575 -971 122 375 -608 128 -188 -148 241 -133 ]
[-747 343 352 -98 262 -435 -960 54 -256 603 -408 699 181 569 674 -196 -283 617 352 81 -250 -118 -20 78 -36 609 449 237 380 578 -562 607 -924 138 293 -9 -103 347 -176 -498 -638 207 -281 -402 588 239 -158 311 83 -197 ]
[-708 -405 -373 -480 -285 -497 -205 130 171 -744 -303 -242 288 -185 -217 105 -728 -342 -602 353 640 -151 573 -254 207 -662 -692 -117 -9 -250 -458 -707 541 -626 -845 507 -537 -320 -238 848 776 -457 -8 -17 -1141 -210 78 77 -313 69 ]
[164 394 1061 269 -59 56 791 50 16 457 176 -649 -175 -126 -58 -126 -33 -29 -239 -206 148 97 96 154 124 60 213 52 106 809 -733 691 -726 179 -328 -957 -459 435 539 -51 -71 -319 777 -96 723 125 386 -80 -83 -50 ]
[790 -496 -207 -94 -575 61 -34 -559 -305 384 925 -157 -882 224 -282 101 53 500 -822 -193 572 1050 -234 110 -455 -344 16 -559 172 -106 -493 985 235 -940 83 99 -579 442 -434 1362 592 -115 472 -192 293 451 289 -193 218 123 ]
[748 -336 -71 224 -26 -98 608 239 -67 -245 -929 536 -329 247 -197 322 936 1221 -219 32 -1090 -77 -291 84 -148 -391 96 -780 579 -374 257 248 317 346 283 -799 -146 432 216 -120 -367 620 5 248 -244 -661 -543 -644 457 202 ]
[204 -249 306 580 -863 -154 5 931 495 -65 779 -699 -364 -360 -27 -224 341 -708 -46 -369 481 -322 60 275 204 331 -32 15 -10 -306 218 55 735 -395 -239 139 1019 -117 982 -153 553 328 -899 245 -375 -824 317 144 -430 135 ]
[-557 -131 -107 -367 -578 -11 -960 560 568 -16 118 87 -31 83 -133 -223 -128 -282 487 -630 -70 187 153 203 -767 550 -707 123 -232 478 569 -312 -97 -500 318 480 -594 501 -76 -1444 -988 -239 84 482 -694 777 444 -79 244 -111 ]
[-31 -479 -244 -77 509 876 -481 -404 -347 141 470 234 295 404 233 189 442 460 1050 -670 -41 1428 -379 -772 -450 410 -617 -950 -505 -721 -150 308 -274 -19 253 -479 -398 -363 -18 -647 111 339 -612 -331 -106 678 497 -557 -103 -127 ]
[91 68 356 426 -214 -152 -150 547 102 -236 580 -159 466 -124 507 -232 572 -591 550 -630 1362 445 283 1078 -637 -362 -77 13 -408 -4 325 413 56 -185 305 611 -368 -216 -616 -165 224 -302 -112 -826 -433 -116 138 -193 -140 266 ]
[384 -460 64 -385 -298 -552 106 -388 -170 -27 -252 531 -64 222 -102 -88 257 899 -328 -221 -288 -700 -847 -703 286 69 1089 588 835 -312 -65 444 1011 205 773 330 679 877 345 -13 -251 102 -368 739 16 -1232 111 -441 251 -20 ]
[128 438 -115 -203 -741 -120 -54 227 462 -296 179 -534 594 -107 -275 -582 -236 -835 303 497 -23 -569 -941 -8 -745 -82 -243 143 -802 129 666 -736 1391 -269 -229 1132 194 302 45 434 757 -135 -348 91 -526 516 -580 7 -166 270 ]
[-318 -230 181 -419 -129 462 310 -424 31 163 -477 -428 148 -14 50 389 -570 271 -122 182 -8 110 -682 207 -354 602 43 857 -565 23 604 -476 139 476 375 1062 105 -882 977 -151 -1278 161 205 258 125 728 -12 314 -122 -178 ]
[-183 5 -226 269 538 405 -156 261 -65 -59 799 -248 777 -120 -1 205 764 122 558 488 -72 -53 -700 -20 -586 160 -525 -760 -451 15 -340 -874 209 -543 -538 251 -86 141 -72 -522 -431 99 -38 -541 -188 -159 -311 -243 143 -182 ]
[-11 464 1044 -210 -114 614 1203 -17 -117 -90 432 -513 -605 441 367 -490 -358 -313 158 282 50 -193 315 -1038 96 -29 371 174 -55 -91 -472 366 -655 -88 -275 -665 -38 -318 617 498 403 -51 -324 3 93 7 186 -234 61 -29 ]
[-561 335 123 459 1117 -179 123 223 167 638 404 -67 -428 -608 37 -455 432 -650 619 -153 526 17 -580 34 567 208 -282 161 -1187 730 -937 -158 -657 8 25 -23 -60 -260 -406 -201 -210 -1022 113 -439 802 283 18 -252 -296 -78 ]
]
