[[2986418194688490800263618808481002997283378588461917136904128514889016726072585966898733702139799530910035462926615028921377294102989849066533749790603502331 0 0 0 0 0 0 0 0 0 0 0 0 0 0 0 0 0 0 0 0 0 0 0 0 0 0 0 0 0 0 0 0 0 0 0 0 0 0 0 0 0 0 0 0 0 0 0 0 0 0 0]
[1887755875529298793279255984287157632842744575959420463893440432888188385287041917339887221529594487257303494564580459131527319945235488869016274998816038985 1 0 0 0 0 0 0 0 0 0 0 0 0 0 0 0 0 0 0 0 0 0 0 0 0 0 0 0 0 0 0 0 0 0 0 0 0 0 0 0 0 0 0 0 0 0 0 0 0 0 0]
[700738057997483551480600892036734293584731366260771343628415754296588605129331808470986997343144970609866217196157493737870647701289324386845045700865135557 0 1 0 0 0 0 0 0 0 0 0 0 0 0 0 0 0 0 0 0 0 0 0 0 0 0 0 0 0 0 0 0 0 0 0 0 0 0 0 0 0 0 0 0 0 0 0 0 0 0 0]
[135136315321368878271984303039236564669337448773958789607037824357978942043457314040995567184368554932562641482775163923108118917572691435347946425056855144 0 0 1 0 0 0 0 0 0 0 0 0 0 0 0 0 0 0 0 0 0 0 0 0 0 0 0 0 0 0 0 0 0 0 0 0 0 0 0 0 0 0 0 0 0 0 0 0 0 0 0]
[2181393671406064128018134648924052598560594856443517915550401737992402580263277117695597450479189769801354652986621102814000158494627475984599664410410431067 0 0 0 1 0 0 0 0 0 0 0 0 0 0 0 0 0 0 0 0 0 0 0 0 0 0 0 0 0 0 0 0 0 0 0 0 0 0 0 0 0 0 0 0 0 0 0 0 0 0 0]
[2187649570335133341101616353086264342204861555427266047856039247831051839975454690078336561108347204146821582237663222445329635720114827544672187011818587 0 0 0 0 1 0 0 0 0 0 0 0 0 0 0 0 0 0 0 0 0 0 0 0 0 0 0 0 0 0 0 0 0 0 0 0 0 0 0 0 0 0 0 0 0 0 0 0 0 0 0]
[568312419858554851433746720036640532411825607395383903810051792023138449935559081000802437755928116498745513780049591447453752139964597504413448204413138374 0 0 0 0 0 1 0 0 0 0 0 0 0 0 0 0 0 0 0 0 0 0 0 0 0 0 0 0 0 0 0 0 0 0 0 0 0 0 0 0 0 0 0 0 0 0 0 0 0 0 0]
[1425729145514812264425131133482265277397511659720604580428374083570115328723433907506682187080295799643502150069075261021565125279661964921670512407440782908 0 0 0 0 0 0 1 0 0 0 0 0 0 0 0 0 0 0 0 0 0 0 0 0 0 0 0 0 0 0 0 0 0 0 0 0 0 0 0 0 0 0 0 0 0 0 0 0 0 0 0]
[1142973102545228870812994940384714636880056745057052045368121793220255416211814913510514543937521886516010433747348844120439242003730042881089013424053255241 0 0 0 0 0 0 0 1 0 0 0 0 0 0 0 0 0 0 0 0 0 0 0 0 0 0 0 0 0 0 0 0 0 0 0 0 0 0 0 0 0 0 0 0 0 0 0 0 0 0 0]
[287273262528752969148215274228437379871361266214375581306958145476689553392007458136634297392113187265477153091982452495233439398424941124677527315492694116 0 0 0 0 0 0 0 0 1 0 0 0 0 0 0 0 0 0 0 0 0 0 0 0 0 0 0 0 0 0 0 0 0 0 0 0 0 0 0 0 0 0 0 0 0 0 0 0 0 0 0]
[1362748043434243389718257064343272110346419541392633152636487582389659068263935149674177978022377281022366561952745333834552200561920550433194669547660933857 0 0 0 0 0 0 0 0 0 1 0 0 0 0 0 0 0 0 0 0 0 0 0 0 0 0 0 0 0 0 0 0 0 0 0 0 0 0 0 0 0 0 0 0 0 0 0 0 0 0 0]
[2297087466410545035144461753956561291311294703111071284127109402687889830791683735461684784253370649122399774688585093816464532876679335920188072561989067054 0 0 0 0 0 0 0 0 0 0 1 0 0 0 0 0 0 0 0 0 0 0 0 0 0 0 0 0 0 0 0 0 0 0 0 0 0 0 0 0 0 0 0 0 0 0 0 0 0 0 0]
[371991240745926557089548261531278193408488591208280448369469376491609278017449668370577510817863139268660732160516918655850477602838354695046474869758100256 0 0 0 0 0 0 0 0 0 0 0 1 0 0 0 0 0 0 0 0 0 0 0 0 0 0 0 0 0 0 0 0 0 0 0 0 0 0 0 0 0 0 0 0 0 0 0 0 0 0 0]
[1024880927319960098774737331688149457136720217844612216522692692522760432125017082385870730102252816640747286105650598620801130426444692169808104500805680842 0 0 0 0 0 0 0 0 0 0 0 0 1 0 0 0 0 0 0 0 0 0 0 0 0 0 0 0 0 0 0 0 0 0 0 0 0 0 0 0 0 0 0 0 0 0 0 0 0 0 0]
[486897039645719993941846551256645192752996395931998910214641885250830077921359706196045001935667297624856316371143930809263726836171136285896354501783748571 0 0 0 0 0 0 0 0 0 0 0 0 0 1 0 0 0 0 0 0 0 0 0 0 0 0 0 0 0 0 0 0 0 0 0 0 0 0 0 0 0 0 0 0 0 0 0 0 0 0 0]
[1381685667209447740525568954155193767803014505415758479568041514194467722865429373555721694871005898159749987462553785510982811506498772815175948561934716753 0 0 0 0 0 0 0 0 0 0 0 0 0 0 1 0 0 0 0 0 0 0 0 0 0 0 0 0 0 0 0 0 0 0 0 0 0 0 0 0 0 0 0 0 0 0 0 0 0 0 0]
[702079326264876929560075261425324897190473990621728735704900375867567531987473607139445013449453186012153259607481824791743529783994717369804711537836339304 0 0 0 0 0 0 0 0 0 0 0 0 0 0 0 1 0 0 0 0 0 0 0 0 0 0 0 0 0 0 0 0 0 0 0 0 0 0 0 0 0 0 0 0 0 0 0 0 0 0 0]
[1040161288458291542939624057053262284939410660436466270169266640752895491373717436498788683036894562572630865741307193202301221864892817712636256896578202942 0 0 0 0 0 0 0 0 0 0 0 0 0 0 0 0 1 0 0 0 0 0 0 0 0 0 0 0 0 0 0 0 0 0 0 0 0 0 0 0 0 0 0 0 0 0 0 0 0 0 0]
[2608477008470401444637625288842256979881591019819891669542935088854697374770592378474262017757145641314395132835191158447932980591641064509786745298871696019 0 0 0 0 0 0 0 0 0 0 0 0 0 0 0 0 0 1 0 0 0 0 0 0 0 0 0 0 0 0 0 0 0 0 0 0 0 0 0 0 0 0 0 0 0 0 0 0 0 0 0]
[2506133925200382824282880913656461778475037471982541053910839905489733504785296780049972939501524053349338048867854112267898443280918175723954318297641988209 0 0 0 0 0 0 0 0 0 0 0 0 0 0 0 0 0 0 1 0 0 0 0 0 0 0 0 0 0 0 0 0 0 0 0 0 0 0 0 0 0 0 0 0 0 0 0 0 0 0 0]
[2620077855045698912670481477111431949093601224645025740752802132045517895078101774652928796003960788303507671132072919384010450019599330025474671176676657558 0 0 0 0 0 0 0 0 0 0 0 0 0 0 0 0 0 0 0 1 0 0 0 0 0 0 0 0 0 0 0 0 0 0 0 0 0 0 0 0 0 0 0 0 0 0 0 0 0 0 0]
[1966726479169395735684381794490168932248134340893711235795045247095012978244911529245209429825787881114497841677257139526528726642594724123077588310187105106 0 0 0 0 0 0 0 0 0 0 0 0 0 0 0 0 0 0 0 0 1 0 0 0 0 0 0 0 0 0 0 0 0 0 0 0 0 0 0 0 0 0 0 0 0 0 0 0 0 0 0]
[1900131765663759066223367754823262492901876381768210318961416904983502940176377022531647897781290497352552080651144433092179869518060711625829436613783143633 0 0 0 0 0 0 0 0 0 0 0 0 0 0 0 0 0 0 0 0 0 1 0 0 0 0 0 0 0 0 0 0 0 0 0 0 0 0 0 0 0 0 0 0 0 0 0 0 0 0 0]
[618275822113951056683539324491868984535605652318002565423918911857632298339384137170623536007160800720153935202205042763631534950598454974117031671169993396 0 0 0 0 0 0 0 0 0 0 0 0 0 0 0 0 0 0 0 0 0 0 1 0 0 0 0 0 0 0 0 0 0 0 0 0 0 0 0 0 0 0 0 0 0 0 0 0 0 0 0]
[2085370845076858245185040434190961495344790992898435059482354464249783284180315257632319092108572314379802561278827427569610463515382103660838873024575135270 0 0 0 0 0 0 0 0 0 0 0 0 0 0 0 0 0 0 0 0 0 0 0 1 0 0 0 0 0 0 0 0 0 0 0 0 0 0 0 0 0 0 0 0 0 0 0 0 0 0 0]
[1534789974672567937871359865334804311063710692697655442858326235366786128355983219052228476461038147022614125051554521898889396884472027291263919475700729832 0 0 0 0 0 0 0 0 0 0 0 0 0 0 0 0 0 0 0 0 0 0 0 0 1 0 0 0 0 0 0 0 0 0 0 0 0 0 0 0 0 0 0 0 0 0 0 0 0 0 0]
[466601929007886979882068156596047271191531663259968226726311394761209327513626599007941661654414719588718310584589846362644873807188161102157619969321438662 0 0 0 0 0 0 0 0 0 0 0 0 0 0 0 0 0 0 0 0 0 0 0 0 0 1 0 0 0 0 0 0 0 0 0 0 0 0 0 0 0 0 0 0 0 0 0 0 0 0 0]
[948444575388915608473625615512792658504924761398497492706454921115422115079727813491328073671321721162772372954243362163320128271197112024363319558909640506 0 0 0 0 0 0 0 0 0 0 0 0 0 0 0 0 0 0 0 0 0 0 0 0 0 0 1 0 0 0 0 0 0 0 0 0 0 0 0 0 0 0 0 0 0 0 0 0 0 0 0]
[1942628154524652805303965863617274292851891540581271528490486642050349080296426156941556102581705646795654647645461081778822196098875744225553078806874194681 0 0 0 0 0 0 0 0 0 0 0 0 0 0 0 0 0 0 0 0 0 0 0 0 0 0 0 1 0 0 0 0 0 0 0 0 0 0 0 0 0 0 0 0 0 0 0 0 0 0 0]
[292331139501747560727466721738117060267926324265774454906164557542333203023858430280784448842368445663396036330697125432529718844414216831175367677083290822 0 0 0 0 0 0 0 0 0 0 0 0 0 0 0 0 0 0 0 0 0 0 0 0 0 0 0 0 1 0 0 0 0 0 0 0 0 0 0 0 0 0 0 0 0 0 0 0 0 0 0]
[2761137250220666908610449378281376032193485632195463650615542793580253392204441100288115893954288089168606344730803592114662936612417333123816926576922377228 0 0 0 0 0 0 0 0 0 0 0 0 0 0 0 0 0 0 0 0 0 0 0 0 0 0 0 0 0 1 0 0 0 0 0 0 0 0 0 0 0 0 0 0 0 0 0 0 0 0 0]
[2894727024296694531444944328854926845214120780871676710830596226029723012273075956421734921441376417188387644384322685093131230285867149389281852182441480272 0 0 0 0 0 0 0 0 0 0 0 0 0 0 0 0 0 0 0 0 0 0 0 0 0 0 0 0 0 0 1 0 0 0 0 0 0 0 0 0 0 0 0 0 0 0 0 0 0 0 0]
[2520492255095936303412957840215860443298843255566037023687778755664147391969130824598034126755846945895705805648978642809834655428324593582701613739493189125 0 0 0 0 0 0 0 0 0 0 0 0 0 0 0 0 0 0 0 0 0 0 0 0 0 0 0 0 0 0 0 1 0 0 0 0 0 0 0 0 0 0 0 0 0 0 0 0 0 0 0]
[34236676374332759056751966363682354457971749346504605250213329356661469147231636440053661287637961674062469764941639237923025424062825831487617767864893919 0 0 0 0 0 0 0 0 0 0 0 0 0 0 0 0 0 0 0 0 0 0 0 0 0 0 0 0 0 0 0 0 1 0 0 0 0 0 0 0 0 0 0 0 0 0 0 0 0 0 0]
[1537238940746940208353432204964334542221183017489865606935551540188897305223915803185019240799968167825556051672111461419317684683603608128257997717401936822 0 0 0 0 0 0 0 0 0 0 0 0 0 0 0 0 0 0 0 0 0 0 0 0 0 0 0 0 0 0 0 0 0 1 0 0 0 0 0 0 0 0 0 0 0 0 0 0 0 0 0]
[2468896916037286250397511736198885176005908345342364428649110551456746534022978682010758268276989230197003479292870757874980151335432188299164507602011169783 0 0 0 0 0 0 0 0 0 0 0 0 0 0 0 0 0 0 0 0 0 0 0 0 0 0 0 0 0 0 0 0 0 0 1 0 0 0 0 0 0 0 0 0 0 0 0 0 0 0 0]
[2266199383265233018153031047943268179476677221821507322537911174467201737640671967128720521830347206413789339328333800659156164373472551662728855717056290197 0 0 0 0 0 0 0 0 0 0 0 0 0 0 0 0 0 0 0 0 0 0 0 0 0 0 0 0 0 0 0 0 0 0 0 1 0 0 0 0 0 0 0 0 0 0 0 0 0 0 0]
[2287618833581615129920384375285850046896621157042775407822883353370575645235688994480625795552490906787988462551355694142955455602415945468575403458746279986 0 0 0 0 0 0 0 0 0 0 0 0 0 0 0 0 0 0 0 0 0 0 0 0 0 0 0 0 0 0 0 0 0 0 0 0 1 0 0 0 0 0 0 0 0 0 0 0 0 0 0]
[1976526736821170845902760636125059030216746504065415658063438416257757079377914810189707362290469900072760513250427957772863734938354253482377138176510082972 0 0 0 0 0 0 0 0 0 0 0 0 0 0 0 0 0 0 0 0 0 0 0 0 0 0 0 0 0 0 0 0 0 0 0 0 0 1 0 0 0 0 0 0 0 0 0 0 0 0 0]
[766825173588006053775892037954870963457359721510994852708487018590070211436011793252160722477479493951742718979235538330705398336377353309247596739772093038 0 0 0 0 0 0 0 0 0 0 0 0 0 0 0 0 0 0 0 0 0 0 0 0 0 0 0 0 0 0 0 0 0 0 0 0 0 0 1 0 0 0 0 0 0 0 0 0 0 0 0]
[2651212007171507434552321625964177658236046151465580822938180453438721166641342384229131854218675842582827567303568924814261173169730295497277380965668545661 0 0 0 0 0 0 0 0 0 0 0 0 0 0 0 0 0 0 0 0 0 0 0 0 0 0 0 0 0 0 0 0 0 0 0 0 0 0 0 1 0 0 0 0 0 0 0 0 0 0 0]
[1524461119492637959118006796116272458001507358431128081623345520994264651062023203526947545205742576038113603881874888472276589548620341693664790405318223721 0 0 0 0 0 0 0 0 0 0 0 0 0 0 0 0 0 0 0 0 0 0 0 0 0 0 0 0 0 0 0 0 0 0 0 0 0 0 0 0 1 0 0 0 0 0 0 0 0 0 0]
[2584798129736141440424419383021229483416089353417405537582952308449252041766176642581325649691905112218840405362404678723149407730792476428683750483567342430 0 0 0 0 0 0 0 0 0 0 0 0 0 0 0 0 0 0 0 0 0 0 0 0 0 0 0 0 0 0 0 0 0 0 0 0 0 0 0 0 0 1 0 0 0 0 0 0 0 0 0]
[2407709943632058010841516660221348201100729758336379622806144623339056009960753223984525581910120402644651566302832366203541329382027072759045864093839910243 0 0 0 0 0 0 0 0 0 0 0 0 0 0 0 0 0 0 0 0 0 0 0 0 0 0 0 0 0 0 0 0 0 0 0 0 0 0 0 0 0 0 1 0 0 0 0 0 0 0 0]
[1739484453208298903268738045885201491209365078362102562644023264506031410972475647290949169001322688502593246907003977511056786262176450946355007940675296118 0 0 0 0 0 0 0 0 0 0 0 0 0 0 0 0 0 0 0 0 0 0 0 0 0 0 0 0 0 0 0 0 0 0 0 0 0 0 0 0 0 0 0 1 0 0 0 0 0 0 0]
[620202774998325520364470251425363477922072186528224819592856540155225817796812783486633826901489186777486283932796304213139926926206521361070008104838186154 0 0 0 0 0 0 0 0 0 0 0 0 0 0 0 0 0 0 0 0 0 0 0 0 0 0 0 0 0 0 0 0 0 0 0 0 0 0 0 0 0 0 0 0 1 0 0 0 0 0 0]
[1590481463353708453498346441835601865880058702602520331003788101854251757121444636760478208292164373451434832934200399650637320545323548125952844703771798190 0 0 0 0 0 0 0 0 0 0 0 0 0 0 0 0 0 0 0 0 0 0 0 0 0 0 0 0 0 0 0 0 0 0 0 0 0 0 0 0 0 0 0 0 0 1 0 0 0 0 0]
[32886727181266759341560593698530909182696344798630592511086565887441590552463165814543976049396549872268961251925651220914809038156642455499232770157013635 0 0 0 0 0 0 0 0 0 0 0 0 0 0 0 0 0 0 0 0 0 0 0 0 0 0 0 0 0 0 0 0 0 0 0 0 0 0 0 0 0 0 0 0 0 0 1 0 0 0 0]
[1958742559253361117268852466499415709771879394207715569561741639909524794899393848003996114992326657355391105642056047260901403844548120881102032395412544347 0 0 0 0 0 0 0 0 0 0 0 0 0 0 0 0 0 0 0 0 0 0 0 0 0 0 0 0 0 0 0 0 0 0 0 0 0 0 0 0 0 0 0 0 0 0 0 1 0 0 0]
[781158119713098614475044416658399125874731824521098757107709812630894281909554169527696619936558658096636861468247490833526280860306424817920191571747712187 0 0 0 0 0 0 0 0 0 0 0 0 0 0 0 0 0 0 0 0 0 0 0 0 0 0 0 0 0 0 0 0 0 0 0 0 0 0 0 0 0 0 0 0 0 0 0 0 1 0 0]
[2269410432928404363902157726905478945749305063211008619281115469921773802403048282633617193569759694139314824386256010300390195985434900268142302020436762657 0 0 0 0 0 0 0 0 0 0 0 0 0 0 0 0 0 0 0 0 0 0 0 0 0 0 0 0 0 0 0 0 0 0 0 0 0 0 0 0 0 0 0 0 0 0 0 0 0 1 0]
[2842818142515433260305623597858320501601051131109701068203541888150315187216012991022930515590377426796030847887657194331601774015354661166118002604997964857 0 0 0 0 0 0 0 0 0 0 0 0 0 0 0 0 0 0 0 0 0 0 0 0 0 0 0 0 0 0 0 0 0 0 0 0 0 0 0 0 0 0 0 0 0 0 0 0 0 0 1]
]
