[[4241305764439204930869942139862730277101307949000572534974753710666717716082644381363023632111401327777515361069244529902829607025030721742301407615945678275529405768209612156190837523188176065437 0 0 0 0 0 0 0 0 0 0 0 0 0 0 0 0 0 0 0 0 0 0 0 0 0 0 0 0 0 0 0 0 0 0 0 0 0 0 0 0 0 0 0 0 0 0 0 0 0 0 0 0 0 0 0 0 0 0 0 0 0 0 0 0]
[3063624760039073668449848415115887932663464562695146182254731615895592380620494274211658225118838589130551476114980504537391791262701010570774535989765014337567207115981087696508605659800546226632 1 0 0 0 0 0 0 0 0 0 0 0 0 0 0 0 0 0 0 0 0 0 0 0 0 0 0 0 0 0 0 0 0 0 0 0 0 0 0 0 0 0 0 0 0 0 0 0 0 0 0 0 0 0 0 0 0 0 0 0 0 0 0 0]
[1295914278946381042228240430867836239253075649226344974785653669303679503605351809054595984917226092357552165013007688261163516840200523921185508116867534752809900346398352376116738679148395823756 0 1 0 0 0 0 0 0 0 0 0 0 0 0 0 0 0 0 0 0 0 0 0 0 0 0 0 0 0 0 0 0 0 0 0 0 0 0 0 0 0 0 0 0 0 0 0 0 0 0 0 0 0 0 0 0 0 0 0 0 0 0 0 0]
[3523860615132393596626960676974862607189107086182485612834084527081047488547168875067640877824012391130987056790431542917494341252675262561211273025613303127822868898744162630474203426138541599521 0 0 1 0 0 0 0 0 0 0 0 0 0 0 0 0 0 0 0 0 0 0 0 0 0 0 0 0 0 0 0 0 0 0 0 0 0 0 0 0 0 0 0 0 0 0 0 0 0 0 0 0 0 0 0 0 0 0 0 0 0 0 0 0]
[1334142524007179846860350086550017515791622379616447764930685371981517475067658507231849816500751381396553076132432316701706203923143385789595055030092855269253688994114003414999268666053894620872 0 0 0 1 0 0 0 0 0 0 0 0 0 0 0 0 0 0 0 0 0 0 0 0 0 0 0 0 0 0 0 0 0 0 0 0 0 0 0 0 0 0 0 0 0 0 0 0 0 0 0 0 0 0 0 0 0 0 0 0 0 0 0 0]
[3908498828592322717840922882547983740612312978981636603333198345712430526222590625432255350372142911595489264952331374691322458708704821961806785195785582217912554041131975325485389773189566926575 0 0 0 0 1 0 0 0 0 0 0 0 0 0 0 0 0 0 0 0 0 0 0 0 0 0 0 0 0 0 0 0 0 0 0 0 0 0 0 0 0 0 0 0 0 0 0 0 0 0 0 0 0 0 0 0 0 0 0 0 0 0 0 0]
[2277002862705886110856543265478874002748159887047393848698032901705482462865829277212629823035006380853658069823118098611677089682088525707576897842261183840315913386970655568838228063204150924410 0 0 0 0 0 1 0 0 0 0 0 0 0 0 0 0 0 0 0 0 0 0 0 0 0 0 0 0 0 0 0 0 0 0 0 0 0 0 0 0 0 0 0 0 0 0 0 0 0 0 0 0 0 0 0 0 0 0 0 0 0 0 0 0]
[1864740054819665189106028983044606216934354594203905838319744392154588777325918377378156705802803539350186779131779777851237900482941210960187720579680487650420354781875975405118067042878585529529 0 0 0 0 0 0 1 0 0 0 0 0 0 0 0 0 0 0 0 0 0 0 0 0 0 0 0 0 0 0 0 0 0 0 0 0 0 0 0 0 0 0 0 0 0 0 0 0 0 0 0 0 0 0 0 0 0 0 0 0 0 0 0 0]
[1387648705946734375694146256460174223770453099262212995510844371944717550691143515954507658914252203663652080939356199389904146035478670793130725568170845787680965305758944803648064329621325023607 0 0 0 0 0 0 0 1 0 0 0 0 0 0 0 0 0 0 0 0 0 0 0 0 0 0 0 0 0 0 0 0 0 0 0 0 0 0 0 0 0 0 0 0 0 0 0 0 0 0 0 0 0 0 0 0 0 0 0 0 0 0 0 0]
[2344021141743910412626663197942475997356993615860710827607590886882131590990562945722246868612214548136956359676522167247081683053078503737771195871826412508642393213732611285149072720805511497369 0 0 0 0 0 0 0 0 1 0 0 0 0 0 0 0 0 0 0 0 0 0 0 0 0 0 0 0 0 0 0 0 0 0 0 0 0 0 0 0 0 0 0 0 0 0 0 0 0 0 0 0 0 0 0 0 0 0 0 0 0 0 0 0]
[2249948409613940707377345956236559125701863671677387519705283278031844607265174702530068421066124009396728532288431707239423527089003009281546775506357039864932492872882279624364077623156005433087 0 0 0 0 0 0 0 0 0 1 0 0 0 0 0 0 0 0 0 0 0 0 0 0 0 0 0 0 0 0 0 0 0 0 0 0 0 0 0 0 0 0 0 0 0 0 0 0 0 0 0 0 0 0 0 0 0 0 0 0 0 0 0 0]
[2877094394158834852053138706790203329062686987786384670807081293383773065481671297189047252412945207431683884923697921130508945736399522013777103905249953689016663798062994477670208909704458030826 0 0 0 0 0 0 0 0 0 0 1 0 0 0 0 0 0 0 0 0 0 0 0 0 0 0 0 0 0 0 0 0 0 0 0 0 0 0 0 0 0 0 0 0 0 0 0 0 0 0 0 0 0 0 0 0 0 0 0 0 0 0 0 0]
[2990691159108617405398025559054380263420544613016798176345044200083225997144645082018709133299979083177972741617707771647537133620278175637620639420364468674676342624112882406615068895081511004223 0 0 0 0 0 0 0 0 0 0 0 1 0 0 0 0 0 0 0 0 0 0 0 0 0 0 0 0 0 0 0 0 0 0 0 0 0 0 0 0 0 0 0 0 0 0 0 0 0 0 0 0 0 0 0 0 0 0 0 0 0 0 0 0]
[226567784294638372966427976276492381109693910562763636953605868056104437827776535215778268868899324430871266396751898497916825521247292502744460194110138705367133567043635570797846411834224966499 0 0 0 0 0 0 0 0 0 0 0 0 1 0 0 0 0 0 0 0 0 0 0 0 0 0 0 0 0 0 0 0 0 0 0 0 0 0 0 0 0 0 0 0 0 0 0 0 0 0 0 0 0 0 0 0 0 0 0 0 0 0 0 0]
[3299117818088085372082631087794963490776592796161440653995319396312196858644034963577207497541969348406181091561756145655456240249896181180191351892031318956133530349064590936033837333081116424207 0 0 0 0 0 0 0 0 0 0 0 0 0 1 0 0 0 0 0 0 0 0 0 0 0 0 0 0 0 0 0 0 0 0 0 0 0 0 0 0 0 0 0 0 0 0 0 0 0 0 0 0 0 0 0 0 0 0 0 0 0 0 0 0]
[657047794547915459784311796668854557957345368940614053420986442207550502949441925271807813553958762132054553956070390053932045208470358844431134309559996454472766098548390251547782846685323713888 0 0 0 0 0 0 0 0 0 0 0 0 0 0 1 0 0 0 0 0 0 0 0 0 0 0 0 0 0 0 0 0 0 0 0 0 0 0 0 0 0 0 0 0 0 0 0 0 0 0 0 0 0 0 0 0 0 0 0 0 0 0 0 0]
[2539847605759127921200572972617817120858890908123141364975354325858325053898330691070082887479895915922863458757911029148638564946435971642761902100968431293105530453627072172564917815418303580070 0 0 0 0 0 0 0 0 0 0 0 0 0 0 0 1 0 0 0 0 0 0 0 0 0 0 0 0 0 0 0 0 0 0 0 0 0 0 0 0 0 0 0 0 0 0 0 0 0 0 0 0 0 0 0 0 0 0 0 0 0 0 0 0]
[1956548291637153084292761989097834085510053739742795846489908926520603013821193885707623704460037188956330403723565802802260311088624133764865685291215481483721418380183539958602834039564135811564 0 0 0 0 0 0 0 0 0 0 0 0 0 0 0 0 1 0 0 0 0 0 0 0 0 0 0 0 0 0 0 0 0 0 0 0 0 0 0 0 0 0 0 0 0 0 0 0 0 0 0 0 0 0 0 0 0 0 0 0 0 0 0 0]
[385168971531164903911252319217118080720680987602526920305083173197239415849075285557350728956178019544168618043199752549352255037038540904180449352841786730082421493014188042419166302536353966159 0 0 0 0 0 0 0 0 0 0 0 0 0 0 0 0 0 1 0 0 0 0 0 0 0 0 0 0 0 0 0 0 0 0 0 0 0 0 0 0 0 0 0 0 0 0 0 0 0 0 0 0 0 0 0 0 0 0 0 0 0 0 0 0]
[195687538436589918448802253626385321189880003430438070587013432677249630760666344263680632067618034777503167222010840862540847800519055275583196304698762016440681740698340308763762800721868889584 0 0 0 0 0 0 0 0 0 0 0 0 0 0 0 0 0 0 1 0 0 0 0 0 0 0 0 0 0 0 0 0 0 0 0 0 0 0 0 0 0 0 0 0 0 0 0 0 0 0 0 0 0 0 0 0 0 0 0 0 0 0 0 0]
[826729814122907010076159978397478603104529711344286042007835032917469738108624042822738819419429773323003891758062986400915415777381780743614362895636699949989596183810592517647360398420047550247 0 0 0 0 0 0 0 0 0 0 0 0 0 0 0 0 0 0 0 1 0 0 0 0 0 0 0 0 0 0 0 0 0 0 0 0 0 0 0 0 0 0 0 0 0 0 0 0 0 0 0 0 0 0 0 0 0 0 0 0 0 0 0 0]
[3862656955543275074472668202908138895325946331560098073255096614334962862541083909498164259103313603528764528905518511392156684904665673883948053815927117035985274595337736754692031021458463163925 0 0 0 0 0 0 0 0 0 0 0 0 0 0 0 0 0 0 0 0 1 0 0 0 0 0 0 0 0 0 0 0 0 0 0 0 0 0 0 0 0 0 0 0 0 0 0 0 0 0 0 0 0 0 0 0 0 0 0 0 0 0 0 0]
[645719015848056414610607667426875764479920268282992933259934414018643233969747877831181625683478335496441347454996309583030800090900408649753737565090854377924601573380600954020213399440007229780 0 0 0 0 0 0 0 0 0 0 0 0 0 0 0 0 0 0 0 0 0 1 0 0 0 0 0 0 0 0 0 0 0 0 0 0 0 0 0 0 0 0 0 0 0 0 0 0 0 0 0 0 0 0 0 0 0 0 0 0 0 0 0 0]
[2079892215054691766585518448586023592657454957693345682527979903712388486989572949611507041689790306783023011497781243620975360514978936923159476926233479470847687077132884540331533129027878260424 0 0 0 0 0 0 0 0 0 0 0 0 0 0 0 0 0 0 0 0 0 0 1 0 0 0 0 0 0 0 0 0 0 0 0 0 0 0 0 0 0 0 0 0 0 0 0 0 0 0 0 0 0 0 0 0 0 0 0 0 0 0 0 0]
[3279536345201655385072065306089557383517034932135264412496143565606021773796833598298198071757493481147093542628584529254103750638400918293360653580528756762098945755726799860046793994088191239067 0 0 0 0 0 0 0 0 0 0 0 0 0 0 0 0 0 0 0 0 0 0 0 1 0 0 0 0 0 0 0 0 0 0 0 0 0 0 0 0 0 0 0 0 0 0 0 0 0 0 0 0 0 0 0 0 0 0 0 0 0 0 0 0]
[979149644266098469680339265309202197407800844491292149657591552932458231636077064997024006906495494048980092484044620683870279212346858945348216912449644790967719092232083530459857761179427407148 0 0 0 0 0 0 0 0 0 0 0 0 0 0 0 0 0 0 0 0 0 0 0 0 1 0 0 0 0 0 0 0 0 0 0 0 0 0 0 0 0 0 0 0 0 0 0 0 0 0 0 0 0 0 0 0 0 0 0 0 0 0 0 0]
[1163795020306091982373488357299201684386011040284876269613226401006595014961658281435319689153189412862887650723030841032042540032518590963466521884689074916865806736563583880948887597932802504310 0 0 0 0 0 0 0 0 0 0 0 0 0 0 0 0 0 0 0 0 0 0 0 0 0 1 0 0 0 0 0 0 0 0 0 0 0 0 0 0 0 0 0 0 0 0 0 0 0 0 0 0 0 0 0 0 0 0 0 0 0 0 0 0]
[3017583080916182721426192371464883841590421979554928910670984024143098348878145078854700593499615296866585750031068326656714349383008823281233668957096044853869195185680879170059752632633540943274 0 0 0 0 0 0 0 0 0 0 0 0 0 0 0 0 0 0 0 0 0 0 0 0 0 0 1 0 0 0 0 0 0 0 0 0 0 0 0 0 0 0 0 0 0 0 0 0 0 0 0 0 0 0 0 0 0 0 0 0 0 0 0 0]
[440670467226937878601027814174252017358261186153896436485581230116034589699567412826536636038962656496811841718055452101434784758769885522792089310166135225701740382847984061490149097399320367959 0 0 0 0 0 0 0 0 0 0 0 0 0 0 0 0 0 0 0 0 0 0 0 0 0 0 0 1 0 0 0 0 0 0 0 0 0 0 0 0 0 0 0 0 0 0 0 0 0 0 0 0 0 0 0 0 0 0 0 0 0 0 0 0]
[2017655019958071961647259480005108331373191938222616628447488534587603719794560338366510789332733045036900517223542158703396018629850456149681468397931036622138533354388562864461786584418201221476 0 0 0 0 0 0 0 0 0 0 0 0 0 0 0 0 0 0 0 0 0 0 0 0 0 0 0 0 1 0 0 0 0 0 0 0 0 0 0 0 0 0 0 0 0 0 0 0 0 0 0 0 0 0 0 0 0 0 0 0 0 0 0 0]
[3058340483652048429038820598218789205289227601450633057937771443322968657816533231010538176711507625121833108165524679745878551443552251288338620693696086959755076192018037960903605446457784259073 0 0 0 0 0 0 0 0 0 0 0 0 0 0 0 0 0 0 0 0 0 0 0 0 0 0 0 0 0 1 0 0 0 0 0 0 0 0 0 0 0 0 0 0 0 0 0 0 0 0 0 0 0 0 0 0 0 0 0 0 0 0 0 0]
[1187525653976216932297517046014709039505617903692376197522767222403888798900335733466748459820383864449117719040916754674463447239243735487416519847318831850913674867494078740784371191543810041518 0 0 0 0 0 0 0 0 0 0 0 0 0 0 0 0 0 0 0 0 0 0 0 0 0 0 0 0 0 0 1 0 0 0 0 0 0 0 0 0 0 0 0 0 0 0 0 0 0 0 0 0 0 0 0 0 0 0 0 0 0 0 0 0]
[777101645008223658385623127361734420045951598676484091130449202036550774013239366069058856545535241945752521859412288240268998908239306355844999548046619257992931858077765450458897752806918630855 0 0 0 0 0 0 0 0 0 0 0 0 0 0 0 0 0 0 0 0 0 0 0 0 0 0 0 0 0 0 0 1 0 0 0 0 0 0 0 0 0 0 0 0 0 0 0 0 0 0 0 0 0 0 0 0 0 0 0 0 0 0 0 0]
[1766874803209099591664662514271261955878185318890740845193745862999179355367491266954468203003884378583736279215292383673993633191747715264968865800385497110783320673014589229894048524766251415202 0 0 0 0 0 0 0 0 0 0 0 0 0 0 0 0 0 0 0 0 0 0 0 0 0 0 0 0 0 0 0 0 1 0 0 0 0 0 0 0 0 0 0 0 0 0 0 0 0 0 0 0 0 0 0 0 0 0 0 0 0 0 0 0]
[1707778426279728709143691337409979032932896782715354194545952952306199080240152947744215408344764244476341964222334007240314823867525494439811682906431203094537195718973465154256528991929465000054 0 0 0 0 0 0 0 0 0 0 0 0 0 0 0 0 0 0 0 0 0 0 0 0 0 0 0 0 0 0 0 0 0 1 0 0 0 0 0 0 0 0 0 0 0 0 0 0 0 0 0 0 0 0 0 0 0 0 0 0 0 0 0 0]
[1640839391555185232182117253841434243852336554808665559647631444013406613598005403467526015664363770355572434371665410732781106995940757165477257590047505799233888613410406214434627591276040793424 0 0 0 0 0 0 0 0 0 0 0 0 0 0 0 0 0 0 0 0 0 0 0 0 0 0 0 0 0 0 0 0 0 0 1 0 0 0 0 0 0 0 0 0 0 0 0 0 0 0 0 0 0 0 0 0 0 0 0 0 0 0 0 0]
[2865547062603186538604973957666812623361843421200200489996454553100138514999270255137959764514557386722193298618032498784815382554184990886246663249351061274246342447417351146091481728046381384845 0 0 0 0 0 0 0 0 0 0 0 0 0 0 0 0 0 0 0 0 0 0 0 0 0 0 0 0 0 0 0 0 0 0 0 1 0 0 0 0 0 0 0 0 0 0 0 0 0 0 0 0 0 0 0 0 0 0 0 0 0 0 0 0]
[3483996026773711720289557080653939649394655462161179422982601059773245026414535893003768633951044857627210950888675066834290480407533070303620362257364418237659493964937965878957410861267811028525 0 0 0 0 0 0 0 0 0 0 0 0 0 0 0 0 0 0 0 0 0 0 0 0 0 0 0 0 0 0 0 0 0 0 0 0 1 0 0 0 0 0 0 0 0 0 0 0 0 0 0 0 0 0 0 0 0 0 0 0 0 0 0 0]
[2082315337101762193326825261742650954166072476233042890456255860495958898802822771122562225226604493029155494071420996831723548271909851984223557544498578447867746514371741177211047092759205687017 0 0 0 0 0 0 0 0 0 0 0 0 0 0 0 0 0 0 0 0 0 0 0 0 0 0 0 0 0 0 0 0 0 0 0 0 0 1 0 0 0 0 0 0 0 0 0 0 0 0 0 0 0 0 0 0 0 0 0 0 0 0 0 0]
[1650189114204741332818786323577699147127579002400351563248535482497234274391490350174104279074550853882776097206728713567651519348192777956597881728420715693501095695570409530842927789290362082194 0 0 0 0 0 0 0 0 0 0 0 0 0 0 0 0 0 0 0 0 0 0 0 0 0 0 0 0 0 0 0 0 0 0 0 0 0 0 1 0 0 0 0 0 0 0 0 0 0 0 0 0 0 0 0 0 0 0 0 0 0 0 0 0]
[309291102018952822776087940005602968897221353885826708781720240452397311299712017940721106712972715887625740137378186102096151772775748391126009680130651505539108869938083788957913297487705517480 0 0 0 0 0 0 0 0 0 0 0 0 0 0 0 0 0 0 0 0 0 0 0 0 0 0 0 0 0 0 0 0 0 0 0 0 0 0 0 1 0 0 0 0 0 0 0 0 0 0 0 0 0 0 0 0 0 0 0 0 0 0 0 0]
[784344325420967263464609631438340635923564062488009053246308282668086762902157267156775788828756266036131767739061295096417437713891320355298940786444076143101809573580956717050505050441598731364 0 0 0 0 0 0 0 0 0 0 0 0 0 0 0 0 0 0 0 0 0 0 0 0 0 0 0 0 0 0 0 0 0 0 0 0 0 0 0 0 1 0 0 0 0 0 0 0 0 0 0 0 0 0 0 0 0 0 0 0 0 0 0 0]
[2185386576979461360910973728263344666536768359612830417801671879438510745907885380320008034306522555536177434384860636085788362947743938008180106847401362501525790513918475162714308293161201005442 0 0 0 0 0 0 0 0 0 0 0 0 0 0 0 0 0 0 0 0 0 0 0 0 0 0 0 0 0 0 0 0 0 0 0 0 0 0 0 0 0 1 0 0 0 0 0 0 0 0 0 0 0 0 0 0 0 0 0 0 0 0 0 0]
[273139460139269231851535058923333123563423968163932338731614892940701307774018573014533462172569400541349571174418631713860057041910518825621931553535257044072069887364476199830674241430685501324 0 0 0 0 0 0 0 0 0 0 0 0 0 0 0 0 0 0 0 0 0 0 0 0 0 0 0 0 0 0 0 0 0 0 0 0 0 0 0 0 0 0 1 0 0 0 0 0 0 0 0 0 0 0 0 0 0 0 0 0 0 0 0 0]
[1974534304189579184988078873480835651026290125194170351315414868862486394303784168048251986894156243829277852067450946200269416950748656991825342333859315599534793327622506673443361685073754138957 0 0 0 0 0 0 0 0 0 0 0 0 0 0 0 0 0 0 0 0 0 0 0 0 0 0 0 0 0 0 0 0 0 0 0 0 0 0 0 0 0 0 0 1 0 0 0 0 0 0 0 0 0 0 0 0 0 0 0 0 0 0 0 0]
[4045895859023439995529385905173296055242599479618024964902325991875444278557039571791646690099263657921884913412147788794054285021401272042661352951611694814541692347777099668154826853141746073818 0 0 0 0 0 0 0 0 0 0 0 0 0 0 0 0 0 0 0 0 0 0 0 0 0 0 0 0 0 0 0 0 0 0 0 0 0 0 0 0 0 0 0 0 1 0 0 0 0 0 0 0 0 0 0 0 0 0 0 0 0 0 0 0]
[697739855746245224054232293748589151750672855059774103219378534505163149707524318180473088341927163455299939869734031820559465405704086114491554726728293882021273700858016350354308109851476456881 0 0 0 0 0 0 0 0 0 0 0 0 0 0 0 0 0 0 0 0 0 0 0 0 0 0 0 0 0 0 0 0 0 0 0 0 0 0 0 0 0 0 0 0 0 1 0 0 0 0 0 0 0 0 0 0 0 0 0 0 0 0 0 0]
[2554186901495980519949723815322711205306396120670563468545613857706037512391151036513434390558307074913702658300299040174642177449022217159875984055479227705858336811082434567431546169722677861153 0 0 0 0 0 0 0 0 0 0 0 0 0 0 0 0 0 0 0 0 0 0 0 0 0 0 0 0 0 0 0 0 0 0 0 0 0 0 0 0 0 0 0 0 0 0 1 0 0 0 0 0 0 0 0 0 0 0 0 0 0 0 0 0]
[3688159237205260875986503297805981128101906583734471017677574795873580129419721825785790492627021801734853841508680578895740452076555049287292861676538205852071614500208959303814200650027184343730 0 0 0 0 0 0 0 0 0 0 0 0 0 0 0 0 0 0 0 0 0 0 0 0 0 0 0 0 0 0 0 0 0 0 0 0 0 0 0 0 0 0 0 0 0 0 0 1 0 0 0 0 0 0 0 0 0 0 0 0 0 0 0 0]
[2673084433443981191256278111258788639574310234431975793061703964497820156469447757164168812958468730525663485763081845859538942093937610994607517213165661780600331156412109275764798675422291284142 0 0 0 0 0 0 0 0 0 0 0 0 0 0 0 0 0 0 0 0 0 0 0 0 0 0 0 0 0 0 0 0 0 0 0 0 0 0 0 0 0 0 0 0 0 0 0 0 1 0 0 0 0 0 0 0 0 0 0 0 0 0 0 0]
[2853666303910284843573980570508215077252314229295403115446822225133720818764992624448387172989142818360333752717226473246363478626797605527131209441635403679561925887813177808765481212055308806421 0 0 0 0 0 0 0 0 0 0 0 0 0 0 0 0 0 0 0 0 0 0 0 0 0 0 0 0 0 0 0 0 0 0 0 0 0 0 0 0 0 0 0 0 0 0 0 0 0 1 0 0 0 0 0 0 0 0 0 0 0 0 0 0]
[2452061912243129962361253147827743094829085847887724340684015995521582997084968840579482749684833186267499126698712304759502251155050965285547259558125150083234044027466918672593757397065775535329 0 0 0 0 0 0 0 0 0 0 0 0 0 0 0 0 0 0 0 0 0 0 0 0 0 0 0 0 0 0 0 0 0 0 0 0 0 0 0 0 0 0 0 0 0 0 0 0 0 0 1 0 0 0 0 0 0 0 0 0 0 0 0 0]
[1188252262634235750578967181822255436463415801644254405156853567361640297793414780717924293306934673950058374748928590484816098411115167574422443164162815138118979546883344042248363083501348212953 0 0 0 0 0 0 0 0 0 0 0 0 0 0 0 0 0 0 0 0 0 0 0 0 0 0 0 0 0 0 0 0 0 0 0 0 0 0 0 0 0 0 0 0 0 0 0 0 0 0 0 1 0 0 0 0 0 0 0 0 0 0 0 0]
[2750715090385484506481499002186279609988029529730349533754781353527464954482785562781125491370607594602417383865017540456175683499456093524210562772392806845200889428202287687915502222341462321444 0 0 0 0 0 0 0 0 0 0 0 0 0 0 0 0 0 0 0 0 0 0 0 0 0 0 0 0 0 0 0 0 0 0 0 0 0 0 0 0 0 0 0 0 0 0 0 0 0 0 0 0 1 0 0 0 0 0 0 0 0 0 0 0]
[205903393805077119584365698115975441314606142528603353625799972559595459832823308889261354347980219262869950825918308154293902100687572568780334718193306349541747522853669371311441302039858329018 0 0 0 0 0 0 0 0 0 0 0 0 0 0 0 0 0 0 0 0 0 0 0 0 0 0 0 0 0 0 0 0 0 0 0 0 0 0 0 0 0 0 0 0 0 0 0 0 0 0 0 0 0 1 0 0 0 0 0 0 0 0 0 0]
[4102583222259387554691844566424471404347475373161060138446828347447456039454378024874937434064210428262276972438376119041145923815981308968577269471512257082115599836290028697086689718665201363445 0 0 0 0 0 0 0 0 0 0 0 0 0 0 0 0 0 0 0 0 0 0 0 0 0 0 0 0 0 0 0 0 0 0 0 0 0 0 0 0 0 0 0 0 0 0 0 0 0 0 0 0 0 0 1 0 0 0 0 0 0 0 0 0]
[987250180201416131877910530224717598778764439971804717658591596339308703641969686363736832039087974931635402170095428704469780876937936557501814921076267949086083375421706047467981865631621528920 0 0 0 0 0 0 0 0 0 0 0 0 0 0 0 0 0 0 0 0 0 0 0 0 0 0 0 0 0 0 0 0 0 0 0 0 0 0 0 0 0 0 0 0 0 0 0 0 0 0 0 0 0 0 0 1 0 0 0 0 0 0 0 0]
[4065839539413672493820367086225302826097385190527813537101561326862708220962810599923446128861491214887168768124625386783604363609084372752338271087492973997171915580574188909305637871329297326985 0 0 0 0 0 0 0 0 0 0 0 0 0 0 0 0 0 0 0 0 0 0 0 0 0 0 0 0 0 0 0 0 0 0 0 0 0 0 0 0 0 0 0 0 0 0 0 0 0 0 0 0 0 0 0 0 1 0 0 0 0 0 0 0]
[843908860573211075692274753642945804877645051610686155325614982209041601889196211410207225760002440481144977881361496815001351354657286430179051609996061389579155326643364162748711107315502882845 0 0 0 0 0 0 0 0 0 0 0 0 0 0 0 0 0 0 0 0 0 0 0 0 0 0 0 0 0 0 0 0 0 0 0 0 0 0 0 0 0 0 0 0 0 0 0 0 0 0 0 0 0 0 0 0 0 1 0 0 0 0 0 0]
[3330729650243017815775258777225559323216562824215020232453377501734000885244000607404147276447681522529835132563224726527860387105421973044506997584190564405344357688034337998245682741187378764585 0 0 0 0 0 0 0 0 0 0 0 0 0 0 0 0 0 0 0 0 0 0 0 0 0 0 0 0 0 0 0 0 0 0 0 0 0 0 0 0 0 0 0 0 0 0 0 0 0 0 0 0 0 0 0 0 0 0 1 0 0 0 0 0]
[3537664657210537339819460787865469562830100565206139522304006521093694889563198239255465775125426613115693652262865030959009362149171918496263748204054722428388151596585601700686709929457366373305 0 0 0 0 0 0 0 0 0 0 0 0 0 0 0 0 0 0 0 0 0 0 0 0 0 0 0 0 0 0 0 0 0 0 0 0 0 0 0 0 0 0 0 0 0 0 0 0 0 0 0 0 0 0 0 0 0 0 0 1 0 0 0 0]
[1240568113398753969766224183476997610388219762438083207947411961433681291372420702048912938356978376519933062771741985101176386476887194429182369397772819542600832630803220509256436374375415324819 0 0 0 0 0 0 0 0 0 0 0 0 0 0 0 0 0 0 0 0 0 0 0 0 0 0 0 0 0 0 0 0 0 0 0 0 0 0 0 0 0 0 0 0 0 0 0 0 0 0 0 0 0 0 0 0 0 0 0 0 1 0 0 0]
[3552422766406171059120094862030458595582537006423864009137016835311597081750057010325802848243229343374004713226681317088375621390551415371576498866421224823714419967146704380827168442044381768392 0 0 0 0 0 0 0 0 0 0 0 0 0 0 0 0 0 0 0 0 0 0 0 0 0 0 0 0 0 0 0 0 0 0 0 0 0 0 0 0 0 0 0 0 0 0 0 0 0 0 0 0 0 0 0 0 0 0 0 0 0 1 0 0]
[3542138682892725628296747671487173340144799244712769851933950527548947924168010328926756757318796555421446500644826729737808954527737233092534988722472673654129607079134505906283449680869645613650 0 0 0 0 0 0 0 0 0 0 0 0 0 0 0 0 0 0 0 0 0 0 0 0 0 0 0 0 0 0 0 0 0 0 0 0 0 0 0 0 0 0 0 0 0 0 0 0 0 0 0 0 0 0 0 0 0 0 0 0 0 0 1 0]
[1797267228140582539574863355787463381500264330787705868630775443125917321164232519746890607596861427055924534909700046224578082459706639986927278525401411322550873555294158075943077234078125033242 0 0 0 0 0 0 0 0 0 0 0 0 0 0 0 0 0 0 0 0 0 0 0 0 0 0 0 0 0 0 0 0 0 0 0 0 0 0 0 0 0 0 0 0 0 0 0 0 0 0 0 0 0 0 0 0 0 0 0 0 0 0 0 1]
]
