[[2558038218838399952605026464395667786745843810418937663350906970819941614158532110684480533024453841986051126563758122061932639101734666535575663782232622805338143116136659464501018302073498287047 0 0 0 0 0 0 0 0 0 0 0 0 0 0 0 0 0 0 0 0 0 0 0 0 0 0 0 0 0 0 0 0 0 0 0 0 0 0 0 0 0 0 0 0 0 0 0 0 0 0 0 0 0 0 0 0 0 0 0 0 0 0 0 0]
[711539740232336197762332186811623772481870360760600940246938383564367596852542385153953017980968605222490326765642391729954388574623085783838178532893238793625040927061004872969880818571947132776 1 0 0 0 0 0 0 0 0 0 0 0 0 0 0 0 0 0 0 0 0 0 0 0 0 0 0 0 0 0 0 0 0 0 0 0 0 0 0 0 0 0 0 0 0 0 0 0 0 0 0 0 0 0 0 0 0 0 0 0 0 0 0 0]
[1005347416235631090457499430045779452216405115822729849001036408381296861877364059399156642722596468627126774342693495730668498152958347945821781140263740353810199727771385641172496858176926428167 0 1 0 0 0 0 0 0 0 0 0 0 0 0 0 0 0 0 0 0 0 0 0 0 0 0 0 0 0 0 0 0 0 0 0 0 0 0 0 0 0 0 0 0 0 0 0 0 0 0 0 0 0 0 0 0 0 0 0 0 0 0 0 0]
[348841919053857665416725807302712839289362721186041448593784987671602032702593312566861261142425116095842481421656415318312088561433383977162577272740565788160875759308417902868636291159673296182 0 0 1 0 0 0 0 0 0 0 0 0 0 0 0 0 0 0 0 0 0 0 0 0 0 0 0 0 0 0 0 0 0 0 0 0 0 0 0 0 0 0 0 0 0 0 0 0 0 0 0 0 0 0 0 0 0 0 0 0 0 0 0 0]
[1843119104007705861495691907868570207779684982502791758518589749252683684576123780783854942253392376288761690365997168576582336188151675657128614769914058459494466500312662153413447745940652174943 0 0 0 1 0 0 0 0 0 0 0 0 0 0 0 0 0 0 0 0 0 0 0 0 0 0 0 0 0 0 0 0 0 0 0 0 0 0 0 0 0 0 0 0 0 0 0 0 0 0 0 0 0 0 0 0 0 0 0 0 0 0 0 0]
[10284616145148516561219474783779251160900428872211285650360194464160385686567801411711400427907144163289964794389211551001841576236488186246627079329125068240229514241852818914629452017674947945 0 0 0 0 1 0 0 0 0 0 0 0 0 0 0 0 0 0 0 0 0 0 0 0 0 0 0 0 0 0 0 0 0 0 0 0 0 0 0 0 0 0 0 0 0 0 0 0 0 0 0 0 0 0 0 0 0 0 0 0 0 0 0 0]
[2475432313389023476730700436488323032999885753011365190139241588562541833288602599534043572961052754362675761758559357871263679085796651179212003848678484639444687720768292650271686762465821511109 0 0 0 0 0 1 0 0 0 0 0 0 0 0 0 0 0 0 0 0 0 0 0 0 0 0 0 0 0 0 0 0 0 0 0 0 0 0 0 0 0 0 0 0 0 0 0 0 0 0 0 0 0 0 0 0 0 0 0 0 0 0 0 0]
[1266623105559616293092383132826211477453168088463055072935951817110266289776446450112003149908146569433090549038072839149612686265051680261994346652547512630130390359168117173337660384718304135925 0 0 0 0 0 0 1 0 0 0 0 0 0 0 0 0 0 0 0 0 0 0 0 0 0 0 0 0 0 0 0 0 0 0 0 0 0 0 0 0 0 0 0 0 0 0 0 0 0 0 0 0 0 0 0 0 0 0 0 0 0 0 0 0]
[1987744159987352618627649075341156533135395478622260833661117969186701453131975587992007151775217157466479658383854475194037258693039320613579166366010236365914853642639899654293331758279424905656 0 0 0 0 0 0 0 1 0 0 0 0 0 0 0 0 0 0 0 0 0 0 0 0 0 0 0 0 0 0 0 0 0 0 0 0 0 0 0 0 0 0 0 0 0 0 0 0 0 0 0 0 0 0 0 0 0 0 0 0 0 0 0 0]
[1725620838843638152445350097557864107351947093622553671393688505287675436850523885954983823208506358220237196733768001107092026294458929198873312819429919586727042593274702149900603678795484133229 0 0 0 0 0 0 0 0 1 0 0 0 0 0 0 0 0 0 0 0 0 0 0 0 0 0 0 0 0 0 0 0 0 0 0 0 0 0 0 0 0 0 0 0 0 0 0 0 0 0 0 0 0 0 0 0 0 0 0 0 0 0 0 0]
[956437968512794543464788771461618850496650443229253001373185742598003397586056546957011794311674718139430275635651768503651423118256560429156780652543268947545341366551037896878841052042973906536 0 0 0 0 0 0 0 0 0 1 0 0 0 0 0 0 0 0 0 0 0 0 0 0 0 0 0 0 0 0 0 0 0 0 0 0 0 0 0 0 0 0 0 0 0 0 0 0 0 0 0 0 0 0 0 0 0 0 0 0 0 0 0 0]
[1099695449684327402653968217343005460761037782240909963057839961573788713343788106907807773286727005229444535980489126273070617855540637168718376367243699188189570845977160472195178823801806745904 0 0 0 0 0 0 0 0 0 0 1 0 0 0 0 0 0 0 0 0 0 0 0 0 0 0 0 0 0 0 0 0 0 0 0 0 0 0 0 0 0 0 0 0 0 0 0 0 0 0 0 0 0 0 0 0 0 0 0 0 0 0 0 0]
[916727639730725168502053815448284391430840306568387444180553175373194133078107824942149767869974186054329360559804074741569789361261305960415100892921483440427418124916298234402047545315858821409 0 0 0 0 0 0 0 0 0 0 0 1 0 0 0 0 0 0 0 0 0 0 0 0 0 0 0 0 0 0 0 0 0 0 0 0 0 0 0 0 0 0 0 0 0 0 0 0 0 0 0 0 0 0 0 0 0 0 0 0 0 0 0 0]
[2346954148605014984929313521517650061204640933113414690558208529010102791418789812867392646695107638661223679487647007105526140402554625417067964825861911000886979037896010184712553196936527235374 0 0 0 0 0 0 0 0 0 0 0 0 1 0 0 0 0 0 0 0 0 0 0 0 0 0 0 0 0 0 0 0 0 0 0 0 0 0 0 0 0 0 0 0 0 0 0 0 0 0 0 0 0 0 0 0 0 0 0 0 0 0 0 0]
[1501010767360415457083708576713230305041741884105564477990850954059624869011156772455887862018958161900301672251960207170833675821229419683883192147508925162504984675286836174854101796921271075465 0 0 0 0 0 0 0 0 0 0 0 0 0 1 0 0 0 0 0 0 0 0 0 0 0 0 0 0 0 0 0 0 0 0 0 0 0 0 0 0 0 0 0 0 0 0 0 0 0 0 0 0 0 0 0 0 0 0 0 0 0 0 0 0]
[601875467672635725909779519862262486987400494956217163844204725929800722864378654220358245647556283261351048411190865992617546272774192117687254564533358906826790523360925316058096023233425879258 0 0 0 0 0 0 0 0 0 0 0 0 0 0 1 0 0 0 0 0 0 0 0 0 0 0 0 0 0 0 0 0 0 0 0 0 0 0 0 0 0 0 0 0 0 0 0 0 0 0 0 0 0 0 0 0 0 0 0 0 0 0 0 0]
[1641932260448112299340934369129530705169870595945718851960558869662520850082518321700782312624079744296513279572565784867793204889921815651459359457631019107762320579789668643347080275486765119090 0 0 0 0 0 0 0 0 0 0 0 0 0 0 0 1 0 0 0 0 0 0 0 0 0 0 0 0 0 0 0 0 0 0 0 0 0 0 0 0 0 0 0 0 0 0 0 0 0 0 0 0 0 0 0 0 0 0 0 0 0 0 0 0]
[2215411016083521666199659655607375717153885724761021709192709781354161661089423175361419165979357868559176969133737406231004576606322755317704427225357644649919840311708232386986646352919097295164 0 0 0 0 0 0 0 0 0 0 0 0 0 0 0 0 1 0 0 0 0 0 0 0 0 0 0 0 0 0 0 0 0 0 0 0 0 0 0 0 0 0 0 0 0 0 0 0 0 0 0 0 0 0 0 0 0 0 0 0 0 0 0 0]
[2066060880156669473723045466124890865996882403605143971996315943545534734443044925925182671804504327315358073011072135674389709126222180691371889218784658057000293270030711367744099463689455800802 0 0 0 0 0 0 0 0 0 0 0 0 0 0 0 0 0 1 0 0 0 0 0 0 0 0 0 0 0 0 0 0 0 0 0 0 0 0 0 0 0 0 0 0 0 0 0 0 0 0 0 0 0 0 0 0 0 0 0 0 0 0 0 0]
[2382152089786886894343137654512534563302724638014223461727950278398937233238329568774917744662929208945788952682636610216522949133321894671896080290004117269929704754882629515118038079346449874989 0 0 0 0 0 0 0 0 0 0 0 0 0 0 0 0 0 0 1 0 0 0 0 0 0 0 0 0 0 0 0 0 0 0 0 0 0 0 0 0 0 0 0 0 0 0 0 0 0 0 0 0 0 0 0 0 0 0 0 0 0 0 0 0]
[1788546074387243698179843181257406203471859846657052281613202750125915404258872929246949921942739149132688103714657092720641317962095603764137894799901596599050404763276348566702940542348663809505 0 0 0 0 0 0 0 0 0 0 0 0 0 0 0 0 0 0 0 1 0 0 0 0 0 0 0 0 0 0 0 0 0 0 0 0 0 0 0 0 0 0 0 0 0 0 0 0 0 0 0 0 0 0 0 0 0 0 0 0 0 0 0 0]
[2277459665824615148972056049495659942093716438549892088960441727865641265821287289575184623169599358574495496458290639771912524722739577310881457517811144858786534103670268493003836667641954082241 0 0 0 0 0 0 0 0 0 0 0 0 0 0 0 0 0 0 0 0 1 0 0 0 0 0 0 0 0 0 0 0 0 0 0 0 0 0 0 0 0 0 0 0 0 0 0 0 0 0 0 0 0 0 0 0 0 0 0 0 0 0 0 0]
[1847207631452734268910903684540113490613796969032632777927549068400120772259368564960659401147567478375973470373317423818260516884114550845535197661222122095287482405990322362059942913548021884011 0 0 0 0 0 0 0 0 0 0 0 0 0 0 0 0 0 0 0 0 0 1 0 0 0 0 0 0 0 0 0 0 0 0 0 0 0 0 0 0 0 0 0 0 0 0 0 0 0 0 0 0 0 0 0 0 0 0 0 0 0 0 0 0]
[2159348593726040102587183486864962309652578193610560757047590341376687037167061752693998497119048952655291052312614213511812736798506734593266933572614146223285423030656774849992902387570567934669 0 0 0 0 0 0 0 0 0 0 0 0 0 0 0 0 0 0 0 0 0 0 1 0 0 0 0 0 0 0 0 0 0 0 0 0 0 0 0 0 0 0 0 0 0 0 0 0 0 0 0 0 0 0 0 0 0 0 0 0 0 0 0 0]
[321894618858367010960176155280090232647133081378006608698786516294031141099108579582236948991255991980452183854198125393212684902641982406154356900921763976728186351196629219746351080902003868541 0 0 0 0 0 0 0 0 0 0 0 0 0 0 0 0 0 0 0 0 0 0 0 1 0 0 0 0 0 0 0 0 0 0 0 0 0 0 0 0 0 0 0 0 0 0 0 0 0 0 0 0 0 0 0 0 0 0 0 0 0 0 0 0]
[1455718368988719066198671336850838685953861344330465777143687968537404689213119416304494725566409132542723879120027117510699132377307955907072190084805776830321295378371815291148343104720080412379 0 0 0 0 0 0 0 0 0 0 0 0 0 0 0 0 0 0 0 0 0 0 0 0 1 0 0 0 0 0 0 0 0 0 0 0 0 0 0 0 0 0 0 0 0 0 0 0 0 0 0 0 0 0 0 0 0 0 0 0 0 0 0 0]
[1353154525168789188963434855142929874433767340057858138505662358048387911132312388104174766007107074811081927457225743509101625816512385679091106426312232315911665100887270366673035925916697080936 0 0 0 0 0 0 0 0 0 0 0 0 0 0 0 0 0 0 0 0 0 0 0 0 0 1 0 0 0 0 0 0 0 0 0 0 0 0 0 0 0 0 0 0 0 0 0 0 0 0 0 0 0 0 0 0 0 0 0 0 0 0 0 0]
[228896478317434825470704301527912554952608204235063939003062084691963325921156280268147727290303367496135702724023262582531171469289732740002139785181292191829154155253669833017266482475988927619 0 0 0 0 0 0 0 0 0 0 0 0 0 0 0 0 0 0 0 0 0 0 0 0 0 0 1 0 0 0 0 0 0 0 0 0 0 0 0 0 0 0 0 0 0 0 0 0 0 0 0 0 0 0 0 0 0 0 0 0 0 0 0 0]
[1730901206242964012651796768093598290406653173657278445910256566647703662419036253331780969157428058909299267366807728840157278215177113751940017882941190449930488554805447552331633762670702268392 0 0 0 0 0 0 0 0 0 0 0 0 0 0 0 0 0 0 0 0 0 0 0 0 0 0 0 1 0 0 0 0 0 0 0 0 0 0 0 0 0 0 0 0 0 0 0 0 0 0 0 0 0 0 0 0 0 0 0 0 0 0 0 0]
[661116346986464789641122373152697073705396360422189498331719453838325899220480183002535574428053888389220457253268857335057983496944218931466930708867974507308614087131747090839558790523093711442 0 0 0 0 0 0 0 0 0 0 0 0 0 0 0 0 0 0 0 0 0 0 0 0 0 0 0 0 1 0 0 0 0 0 0 0 0 0 0 0 0 0 0 0 0 0 0 0 0 0 0 0 0 0 0 0 0 0 0 0 0 0 0 0]
[267222766079261200119069483229949935217136721908094939751923355008136313182581457954082070716567550169890923030190561281222933842487897769890539191835449449592272900133318835680253750521421899775 0 0 0 0 0 0 0 0 0 0 0 0 0 0 0 0 0 0 0 0 0 0 0 0 0 0 0 0 0 1 0 0 0 0 0 0 0 0 0 0 0 0 0 0 0 0 0 0 0 0 0 0 0 0 0 0 0 0 0 0 0 0 0 0]
[495746698953518968749634427869228003097820882127165416546314338620173814625156672768140873346006006187179753387737769069210165519765971873356040472530611039648750910974033788318268257139293643166 0 0 0 0 0 0 0 0 0 0 0 0 0 0 0 0 0 0 0 0 0 0 0 0 0 0 0 0 0 0 1 0 0 0 0 0 0 0 0 0 0 0 0 0 0 0 0 0 0 0 0 0 0 0 0 0 0 0 0 0 0 0 0 0]
[239597575366165388038661784140737343381710659809600968308815022118238563061319204882379475756508671447528881958828695244858429092166733205843151178680435822494228623933914415608055812506600204329 0 0 0 0 0 0 0 0 0 0 0 0 0 0 0 0 0 0 0 0 0 0 0 0 0 0 0 0 0 0 0 1 0 0 0 0 0 0 0 0 0 0 0 0 0 0 0 0 0 0 0 0 0 0 0 0 0 0 0 0 0 0 0 0]
[2501371218289295685122708813193876151979211188070663413664461170558946902886943615608425295032034796545863742018494919908896505340092383937913895144144483989446218532497563932610584645772617597628 0 0 0 0 0 0 0 0 0 0 0 0 0 0 0 0 0 0 0 0 0 0 0 0 0 0 0 0 0 0 0 0 1 0 0 0 0 0 0 0 0 0 0 0 0 0 0 0 0 0 0 0 0 0 0 0 0 0 0 0 0 0 0 0]
[2377058549654174319073447184685591768845201184318589382903637407742083377018703222656555698600946115497289880675895555702919738074837819388561904450004729624158063326690204520910292102785996434522 0 0 0 0 0 0 0 0 0 0 0 0 0 0 0 0 0 0 0 0 0 0 0 0 0 0 0 0 0 0 0 0 0 1 0 0 0 0 0 0 0 0 0 0 0 0 0 0 0 0 0 0 0 0 0 0 0 0 0 0 0 0 0 0]
[1221105892985201773016720574443209355317413093510687472350180906623984223748775282278788180995412686541405002710879077369925225422379652783229637270260167538661294180720735759313149138247306660297 0 0 0 0 0 0 0 0 0 0 0 0 0 0 0 0 0 0 0 0 0 0 0 0 0 0 0 0 0 0 0 0 0 0 1 0 0 0 0 0 0 0 0 0 0 0 0 0 0 0 0 0 0 0 0 0 0 0 0 0 0 0 0 0]
[2253462587440278969683822902254591014865675020447799379463350115641263258220137937791727885493666446046075442401017718391997272890756014189194043781948011026660864368917361496328921125397334975570 0 0 0 0 0 0 0 0 0 0 0 0 0 0 0 0 0 0 0 0 0 0 0 0 0 0 0 0 0 0 0 0 0 0 0 1 0 0 0 0 0 0 0 0 0 0 0 0 0 0 0 0 0 0 0 0 0 0 0 0 0 0 0 0]
[1760869778004682927931969961059351285158609606411970729862933988800425035836981695660335694792811354372433284762041944063295736672592489313843434289421153556506498455949553713739634257576482202897 0 0 0 0 0 0 0 0 0 0 0 0 0 0 0 0 0 0 0 0 0 0 0 0 0 0 0 0 0 0 0 0 0 0 0 0 1 0 0 0 0 0 0 0 0 0 0 0 0 0 0 0 0 0 0 0 0 0 0 0 0 0 0 0]
[820826052251228437150491590187037891793157723351364110451512745128221869447873171593881781012773526504202774758120963315964637832705740533909210081305587463656038261998883177920799079743187635769 0 0 0 0 0 0 0 0 0 0 0 0 0 0 0 0 0 0 0 0 0 0 0 0 0 0 0 0 0 0 0 0 0 0 0 0 0 1 0 0 0 0 0 0 0 0 0 0 0 0 0 0 0 0 0 0 0 0 0 0 0 0 0 0]
[2437662133641847671999110101749648226527835202910381699087974280453746786239680832348948604122589099039141645784995409845078017312772492865366412366358225926891200793359315257682137925144144541211 0 0 0 0 0 0 0 0 0 0 0 0 0 0 0 0 0 0 0 0 0 0 0 0 0 0 0 0 0 0 0 0 0 0 0 0 0 0 1 0 0 0 0 0 0 0 0 0 0 0 0 0 0 0 0 0 0 0 0 0 0 0 0 0]
[672983975733676363528016695299329718248714027131332251885412805175635863406309521008787962148145107170069920045533822034453334225157963063491820483508037710160002433335247339060396307439396151052 0 0 0 0 0 0 0 0 0 0 0 0 0 0 0 0 0 0 0 0 0 0 0 0 0 0 0 0 0 0 0 0 0 0 0 0 0 0 0 1 0 0 0 0 0 0 0 0 0 0 0 0 0 0 0 0 0 0 0 0 0 0 0 0]
[1910996379933151794353864230534646401568199327176354036090104023357917780014015910543208382478213146043463024716241328727319698841498228755626040785869218374395849501318171483336914301974730722975 0 0 0 0 0 0 0 0 0 0 0 0 0 0 0 0 0 0 0 0 0 0 0 0 0 0 0 0 0 0 0 0 0 0 0 0 0 0 0 0 1 0 0 0 0 0 0 0 0 0 0 0 0 0 0 0 0 0 0 0 0 0 0 0]
[2265754663080304632795327153543563781096000546377922631665374337726188104023993411396730155100402332740421121167616154175941872604393398459169761678553333142844420562693058525011060361031586456583 0 0 0 0 0 0 0 0 0 0 0 0 0 0 0 0 0 0 0 0 0 0 0 0 0 0 0 0 0 0 0 0 0 0 0 0 0 0 0 0 0 1 0 0 0 0 0 0 0 0 0 0 0 0 0 0 0 0 0 0 0 0 0 0]
[2219881389660218971507643626247401981694868291690107759271200334550203600617151267828092336387706255841971023391411430439951201192951392575533899379488000001785502923240673296098035971052205151044 0 0 0 0 0 0 0 0 0 0 0 0 0 0 0 0 0 0 0 0 0 0 0 0 0 0 0 0 0 0 0 0 0 0 0 0 0 0 0 0 0 0 1 0 0 0 0 0 0 0 0 0 0 0 0 0 0 0 0 0 0 0 0 0]
[1329798957786309613629089989443416300803862219648689568656682034388849917829166904109832908114142238200188294646476501559347492519640573020507059436832070091458253255053345277760417278726716469485 0 0 0 0 0 0 0 0 0 0 0 0 0 0 0 0 0 0 0 0 0 0 0 0 0 0 0 0 0 0 0 0 0 0 0 0 0 0 0 0 0 0 0 1 0 0 0 0 0 0 0 0 0 0 0 0 0 0 0 0 0 0 0 0]
[554019612471790023403329336926165724099003352921108771774297918075741626857502400183059437236479077557493764043480718187279033975696216257678212991972908970273066072830130136331947668086753474102 0 0 0 0 0 0 0 0 0 0 0 0 0 0 0 0 0 0 0 0 0 0 0 0 0 0 0 0 0 0 0 0 0 0 0 0 0 0 0 0 0 0 0 0 1 0 0 0 0 0 0 0 0 0 0 0 0 0 0 0 0 0 0 0]
[306197705359623340351829239921349349669983097635181525901158701040727742095079017204113450822259878315138520352553883070075205240805224634360767161670615821946517469438863641270850405148093105969 0 0 0 0 0 0 0 0 0 0 0 0 0 0 0 0 0 0 0 0 0 0 0 0 0 0 0 0 0 0 0 0 0 0 0 0 0 0 0 0 0 0 0 0 0 1 0 0 0 0 0 0 0 0 0 0 0 0 0 0 0 0 0 0]
[2122233470720736746735797651287361716748414039482979262152258521379783580887884260190806466060269241431761180188159223206679461056256117058222904328434146541701973705372024444667951695686561997795 0 0 0 0 0 0 0 0 0 0 0 0 0 0 0 0 0 0 0 0 0 0 0 0 0 0 0 0 0 0 0 0 0 0 0 0 0 0 0 0 0 0 0 0 0 0 1 0 0 0 0 0 0 0 0 0 0 0 0 0 0 0 0 0]
[1713177187102118100677522341464134883395905447155367250287997433465228642935551564620409626869074817292646975114865562402512084174836553527709916170235252332706097444016770261122137948539871390048 0 0 0 0 0 0 0 0 0 0 0 0 0 0 0 0 0 0 0 0 0 0 0 0 0 0 0 0 0 0 0 0 0 0 0 0 0 0 0 0 0 0 0 0 0 0 0 1 0 0 0 0 0 0 0 0 0 0 0 0 0 0 0 0]
[215436679012850483080801673314659736856350994698393408357508381656136645907933492583681253663355798696171254761431352804547151969823514784751812545424666898124631840503156219280314571040375183155 0 0 0 0 0 0 0 0 0 0 0 0 0 0 0 0 0 0 0 0 0 0 0 0 0 0 0 0 0 0 0 0 0 0 0 0 0 0 0 0 0 0 0 0 0 0 0 0 1 0 0 0 0 0 0 0 0 0 0 0 0 0 0 0]
[468005120093165802843761931819720993640113445543994549357609728371420226737840111362664822135146503887199278908472422563378633943045019148181677867996574499660738791214697114591662480325416352795 0 0 0 0 0 0 0 0 0 0 0 0 0 0 0 0 0 0 0 0 0 0 0 0 0 0 0 0 0 0 0 0 0 0 0 0 0 0 0 0 0 0 0 0 0 0 0 0 0 1 0 0 0 0 0 0 0 0 0 0 0 0 0 0]
[1243905818916170508703178943725028350814670147456827920935838933609361876459024846046579713184178065286407288238325698371583972587454687386921165561338525272797222778072991688124019455103078692709 0 0 0 0 0 0 0 0 0 0 0 0 0 0 0 0 0 0 0 0 0 0 0 0 0 0 0 0 0 0 0 0 0 0 0 0 0 0 0 0 0 0 0 0 0 0 0 0 0 0 1 0 0 0 0 0 0 0 0 0 0 0 0 0]
[84521895258178465082948647866588234961454399800902602130150352135581521845959250710211061374349863384886626338618746064145369103093205611746052008485435303330632393248088717312720439563145514796 0 0 0 0 0 0 0 0 0 0 0 0 0 0 0 0 0 0 0 0 0 0 0 0 0 0 0 0 0 0 0 0 0 0 0 0 0 0 0 0 0 0 0 0 0 0 0 0 0 0 0 1 0 0 0 0 0 0 0 0 0 0 0 0]
[266840204789787489993280270548103131270282157206269654118653352638395746923342496756320281138155631064781909893851799050078226153167922688637765540131111829758324385227455915358420804082794590520 0 0 0 0 0 0 0 0 0 0 0 0 0 0 0 0 0 0 0 0 0 0 0 0 0 0 0 0 0 0 0 0 0 0 0 0 0 0 0 0 0 0 0 0 0 0 0 0 0 0 0 0 1 0 0 0 0 0 0 0 0 0 0 0]
[2427055543738761547226694558110448969490816664168548434162642441672440319889160332235023055513205787295176480243083640840759075232435942366288344137318680204441977917511759386310616553745659930279 0 0 0 0 0 0 0 0 0 0 0 0 0 0 0 0 0 0 0 0 0 0 0 0 0 0 0 0 0 0 0 0 0 0 0 0 0 0 0 0 0 0 0 0 0 0 0 0 0 0 0 0 0 1 0 0 0 0 0 0 0 0 0 0]
[1582251960390086505854383691595669443037150929902299467295423017786884823003807181932834280780426675597905988521222111578549094203892539304335820723328705931718090428309856824048908842057115902771 0 0 0 0 0 0 0 0 0 0 0 0 0 0 0 0 0 0 0 0 0 0 0 0 0 0 0 0 0 0 0 0 0 0 0 0 0 0 0 0 0 0 0 0 0 0 0 0 0 0 0 0 0 0 1 0 0 0 0 0 0 0 0 0]
[1289707562912460953504126281872665710459621407927077213257391182454626599940374173604141909679656614499085057535462844969136324774117554882010515700705065974135762673515468738414553941102556648031 0 0 0 0 0 0 0 0 0 0 0 0 0 0 0 0 0 0 0 0 0 0 0 0 0 0 0 0 0 0 0 0 0 0 0 0 0 0 0 0 0 0 0 0 0 0 0 0 0 0 0 0 0 0 0 1 0 0 0 0 0 0 0 0]
[844099129531623738705808294882761614661089448131996215230482861632964321688172928030649737672392948456559683170154997748418001541750385866740597402052165585454451227464602648620040689130347076148 0 0 0 0 0 0 0 0 0 0 0 0 0 0 0 0 0 0 0 0 0 0 0 0 0 0 0 0 0 0 0 0 0 0 0 0 0 0 0 0 0 0 0 0 0 0 0 0 0 0 0 0 0 0 0 0 1 0 0 0 0 0 0 0]
[92639982024445842534910439069368325707256614566545405442623013215784681737698388110280203074933420060268977876986930498907756080491033802041641668027447645513622432072283969660397652451264197837 0 0 0 0 0 0 0 0 0 0 0 0 0 0 0 0 0 0 0 0 0 0 0 0 0 0 0 0 0 0 0 0 0 0 0 0 0 0 0 0 0 0 0 0 0 0 0 0 0 0 0 0 0 0 0 0 0 1 0 0 0 0 0 0]
[2477878504666240748484982604365715314536048418998555770620463376610810560922307766590836295975736275188832314081151984461367388604715342088494158287942434871065990795950301678241008018540917135210 0 0 0 0 0 0 0 0 0 0 0 0 0 0 0 0 0 0 0 0 0 0 0 0 0 0 0 0 0 0 0 0 0 0 0 0 0 0 0 0 0 0 0 0 0 0 0 0 0 0 0 0 0 0 0 0 0 0 1 0 0 0 0 0]
[1343442707604391647603995828577744637273771429654648490690927146593670406206533343141432513659307784664048711638979414969557948293462365780050486899233223204769489403840360103412646510893322571678 0 0 0 0 0 0 0 0 0 0 0 0 0 0 0 0 0 0 0 0 0 0 0 0 0 0 0 0 0 0 0 0 0 0 0 0 0 0 0 0 0 0 0 0 0 0 0 0 0 0 0 0 0 0 0 0 0 0 0 1 0 0 0 0]
[2488070858627197346595169231309546107925236087050509821090213384663177137180856983310035112260647525065760601067458571695274009308805359291330631338496679528427708099723081901216631342050392236017 0 0 0 0 0 0 0 0 0 0 0 0 0 0 0 0 0 0 0 0 0 0 0 0 0 0 0 0 0 0 0 0 0 0 0 0 0 0 0 0 0 0 0 0 0 0 0 0 0 0 0 0 0 0 0 0 0 0 0 0 1 0 0 0]
[1278420190609855877577293307291714544692543682453651383595232483043555991000389570073247082500195563538661680113277739020449778408513060288494004077584823203090934178960381332287657468131175728817 0 0 0 0 0 0 0 0 0 0 0 0 0 0 0 0 0 0 0 0 0 0 0 0 0 0 0 0 0 0 0 0 0 0 0 0 0 0 0 0 0 0 0 0 0 0 0 0 0 0 0 0 0 0 0 0 0 0 0 0 0 1 0 0]
[1947834719209669703928126723590847871418658270244640646248157903322499388195056134809746236111069688309786657603961239913780613656180665641223564859475408167753146102253850742056939377929962679842 0 0 0 0 0 0 0 0 0 0 0 0 0 0 0 0 0 0 0 0 0 0 0 0 0 0 0 0 0 0 0 0 0 0 0 0 0 0 0 0 0 0 0 0 0 0 0 0 0 0 0 0 0 0 0 0 0 0 0 0 0 0 1 0]
[587986505321284602067385147079971775699715824893116462586584346897597784257715302469791588046458671986625943074095455530701572084978277363016347775246102944150165956031322065711943586991848918185 0 0 0 0 0 0 0 0 0 0 0 0 0 0 0 0 0 0 0 0 0 0 0 0 0 0 0 0 0 0 0 0 0 0 0 0 0 0 0 0 0 0 0 0 0 0 0 0 0 0 0 0 0 0 0 0 0 0 0 0 0 0 0 1]
]
