[[3996543623029135577501464768131679804248144725738747894854502118730744989474260282388778256773385944281910349722725401706844795826672010492389309807394022527549453408457160624449277659 0 0 0 0 0 0 0 0 0 0 0 0 0 0 0 0 0 0 0 0 0 0 0 0 0 0 0 0 0 0 0 0 0 0 0 0 0 0 0 0 0 0 0 0 0 0 0 0 0 0 0 0 0 0 0 0 0 0 0 0]
[3406976349096567189115714959305128445331104139087046764651945113350073309814786409988589202527121556118479179109145052260513397861977293359376430937069587161516322745239108840090002242 1 0 0 0 0 0 0 0 0 0 0 0 0 0 0 0 0 0 0 0 0 0 0 0 0 0 0 0 0 0 0 0 0 0 0 0 0 0 0 0 0 0 0 0 0 0 0 0 0 0 0 0 0 0 0 0 0 0 0 0]
[56061968047482536459538146223607133290952489593385962091315878067909769276709247476992393779662869196693855555016378810487201160305605477800102432010645105949161796733710254924304708 0 1 0 0 0 0 0 0 0 0 0 0 0 0 0 0 0 0 0 0 0 0 0 0 0 0 0 0 0 0 0 0 0 0 0 0 0 0 0 0 0 0 0 0 0 0 0 0 0 0 0 0 0 0 0 0 0 0 0 0]
[3868113770982610402219974479064938266686649254400364545348683093432759372898996800022014079421302339295800581711357350339398326761680625913334975209945097529425539701353248584544760719 0 0 1 0 0 0 0 0 0 0 0 0 0 0 0 0 0 0 0 0 0 0 0 0 0 0 0 0 0 0 0 0 0 0 0 0 0 0 0 0 0 0 0 0 0 0 0 0 0 0 0 0 0 0 0 0 0 0 0 0]
[2201554470662620104573865974761363510353940719432254854476469701257953020132493175150107473018275628611719422746320918889497092953651821289600252353581472584997547210203825716561480776 0 0 0 1 0 0 0 0 0 0 0 0 0 0 0 0 0 0 0 0 0 0 0 0 0 0 0 0 0 0 0 0 0 0 0 0 0 0 0 0 0 0 0 0 0 0 0 0 0 0 0 0 0 0 0 0 0 0 0 0]
[359414940239736726864469977104204681849738317325700970320430354532767374018866480739183100690722522471109568028725771560783980148421722932245238056134169302652047501042992197773592048 0 0 0 0 1 0 0 0 0 0 0 0 0 0 0 0 0 0 0 0 0 0 0 0 0 0 0 0 0 0 0 0 0 0 0 0 0 0 0 0 0 0 0 0 0 0 0 0 0 0 0 0 0 0 0 0 0 0 0 0]
[386333162463794167740465173593621887397301775628253109621688455403491856828041240325324644556886899983701498392324077329037653972816563829731105840777501452085473087284244749442176087 0 0 0 0 0 1 0 0 0 0 0 0 0 0 0 0 0 0 0 0 0 0 0 0 0 0 0 0 0 0 0 0 0 0 0 0 0 0 0 0 0 0 0 0 0 0 0 0 0 0 0 0 0 0 0 0 0 0 0 0]
[1619079798781172435489042640889731168339366816478166455683378793951902265350947921267265312311993356728979740407829513626493586174729248186096987519883911291507741058999143067937137983 0 0 0 0 0 0 1 0 0 0 0 0 0 0 0 0 0 0 0 0 0 0 0 0 0 0 0 0 0 0 0 0 0 0 0 0 0 0 0 0 0 0 0 0 0 0 0 0 0 0 0 0 0 0 0 0 0 0 0 0]
[351049517827486504250055371846097076923763878623180017871923994405311602809870048043194250031437595863902202547731027792504418046230780031789633587815966492377089399625518155488055553 0 0 0 0 0 0 0 1 0 0 0 0 0 0 0 0 0 0 0 0 0 0 0 0 0 0 0 0 0 0 0 0 0 0 0 0 0 0 0 0 0 0 0 0 0 0 0 0 0 0 0 0 0 0 0 0 0 0 0 0]
[1194380066425061071435556702013326492421835119437750575158737306835235447191143418113250508027265300228484845406433087658468810296396709352335948623346840409981302234070716434542780864 0 0 0 0 0 0 0 0 1 0 0 0 0 0 0 0 0 0 0 0 0 0 0 0 0 0 0 0 0 0 0 0 0 0 0 0 0 0 0 0 0 0 0 0 0 0 0 0 0 0 0 0 0 0 0 0 0 0 0 0]
[170880545073050065117570234190684619682000729210393970644226132859620549257317594201526241620768091979051407944324934615342252906682135042794606454901978607492987746446541835471635132 0 0 0 0 0 0 0 0 0 1 0 0 0 0 0 0 0 0 0 0 0 0 0 0 0 0 0 0 0 0 0 0 0 0 0 0 0 0 0 0 0 0 0 0 0 0 0 0 0 0 0 0 0 0 0 0 0 0 0 0]
[1939625154107777790314273968454240567400333070629538275380316076553919568723144365577165488813938213898632065275386656756586467398499919338559177368726535903995210749621394284285746246 0 0 0 0 0 0 0 0 0 0 1 0 0 0 0 0 0 0 0 0 0 0 0 0 0 0 0 0 0 0 0 0 0 0 0 0 0 0 0 0 0 0 0 0 0 0 0 0 0 0 0 0 0 0 0 0 0 0 0 0]
[480598125852914018787517153281614467545477495431766358302370045951782953488308626096895004933676781812549933101093799946598895767763744376374077110780751512642066999110735358789144830 0 0 0 0 0 0 0 0 0 0 0 1 0 0 0 0 0 0 0 0 0 0 0 0 0 0 0 0 0 0 0 0 0 0 0 0 0 0 0 0 0 0 0 0 0 0 0 0 0 0 0 0 0 0 0 0 0 0 0 0]
[3369686382802672381629597440472408749752748691830630650133120948245535138936076019943410297443382067781531115438311402708135069517244480089471155982851640345955010349456528798663699148 0 0 0 0 0 0 0 0 0 0 0 0 1 0 0 0 0 0 0 0 0 0 0 0 0 0 0 0 0 0 0 0 0 0 0 0 0 0 0 0 0 0 0 0 0 0 0 0 0 0 0 0 0 0 0 0 0 0 0 0]
[3467201042579936217176774069429308037898612709011342907958977410742343068592995889811806531521636811009504398309662202291532047226919071158229003784362856575298374829540009668175041941 0 0 0 0 0 0 0 0 0 0 0 0 0 1 0 0 0 0 0 0 0 0 0 0 0 0 0 0 0 0 0 0 0 0 0 0 0 0 0 0 0 0 0 0 0 0 0 0 0 0 0 0 0 0 0 0 0 0 0 0]
[1314956763312671996281444946827509946324460773802879930438133067048347284992620675559788679351150734563223727497529401345857301999880097106063552689833859737177477231959940292202835483 0 0 0 0 0 0 0 0 0 0 0 0 0 0 1 0 0 0 0 0 0 0 0 0 0 0 0 0 0 0 0 0 0 0 0 0 0 0 0 0 0 0 0 0 0 0 0 0 0 0 0 0 0 0 0 0 0 0 0 0]
[1959323819402947380613459134617698888165923369196534797711451204343268390144784674390585124395188038467409323270649262246400713794296474539954917693501566655306881990761938246880102957 0 0 0 0 0 0 0 0 0 0 0 0 0 0 0 1 0 0 0 0 0 0 0 0 0 0 0 0 0 0 0 0 0 0 0 0 0 0 0 0 0 0 0 0 0 0 0 0 0 0 0 0 0 0 0 0 0 0 0 0]
[2093166235107580436668675090348036664460033061094367932942139618176060868449726316816750652297922038088114447962611999944376347289735562363651391683581607116853967679123864546020549180 0 0 0 0 0 0 0 0 0 0 0 0 0 0 0 0 1 0 0 0 0 0 0 0 0 0 0 0 0 0 0 0 0 0 0 0 0 0 0 0 0 0 0 0 0 0 0 0 0 0 0 0 0 0 0 0 0 0 0 0]
[3125004299628359935948390615480848642548779680651941580753373456560954580140873536351267664546228911299978044717637033067957351098722467187012626654213906666639234218308483107763101599 0 0 0 0 0 0 0 0 0 0 0 0 0 0 0 0 0 1 0 0 0 0 0 0 0 0 0 0 0 0 0 0 0 0 0 0 0 0 0 0 0 0 0 0 0 0 0 0 0 0 0 0 0 0 0 0 0 0 0 0]
[2794815998784812433632679187919660504844108913204561140111913949272273406040842675478705621995920904079666385469840983660324548951699227870407637449267266614448188984752743123365501793 0 0 0 0 0 0 0 0 0 0 0 0 0 0 0 0 0 0 1 0 0 0 0 0 0 0 0 0 0 0 0 0 0 0 0 0 0 0 0 0 0 0 0 0 0 0 0 0 0 0 0 0 0 0 0 0 0 0 0 0]
[2390879244519034848770213827497274467808804606591389671586913300275397816606556790161641816672973405431887553910397478589383692433985450983709664028320866231142660990657929037198871561 0 0 0 0 0 0 0 0 0 0 0 0 0 0 0 0 0 0 0 1 0 0 0 0 0 0 0 0 0 0 0 0 0 0 0 0 0 0 0 0 0 0 0 0 0 0 0 0 0 0 0 0 0 0 0 0 0 0 0 0]
[1270819954888868313209364971847802082065319729489941078940023940872303849467566285226437748073354229652920514466313723289360522840791088204273709011693564864867877762340383483948125700 0 0 0 0 0 0 0 0 0 0 0 0 0 0 0 0 0 0 0 0 1 0 0 0 0 0 0 0 0 0 0 0 0 0 0 0 0 0 0 0 0 0 0 0 0 0 0 0 0 0 0 0 0 0 0 0 0 0 0 0]
[2334474418555451073506101714629779310889854411899453989254806403671758834076335354904968365646371402454138415104669052321478341396609227607170630378478059995032942171424503310326801505 0 0 0 0 0 0 0 0 0 0 0 0 0 0 0 0 0 0 0 0 0 1 0 0 0 0 0 0 0 0 0 0 0 0 0 0 0 0 0 0 0 0 0 0 0 0 0 0 0 0 0 0 0 0 0 0 0 0 0 0]
[3222654733916728764495418607231667283295422254460623400098033489755252196645088371036229441525376054303666328971480064315864654331836805012308199356300090043934273418242832235164471306 0 0 0 0 0 0 0 0 0 0 0 0 0 0 0 0 0 0 0 0 0 0 1 0 0 0 0 0 0 0 0 0 0 0 0 0 0 0 0 0 0 0 0 0 0 0 0 0 0 0 0 0 0 0 0 0 0 0 0 0]
[2368898743084668613282822886598349942494203942781773497442158944404444211227117503215008247598454641613333903054088721977857707236102747435969652594810106649805889642125015596630757126 0 0 0 0 0 0 0 0 0 0 0 0 0 0 0 0 0 0 0 0 0 0 0 1 0 0 0 0 0 0 0 0 0 0 0 0 0 0 0 0 0 0 0 0 0 0 0 0 0 0 0 0 0 0 0 0 0 0 0 0]
[1706050917288161855900667953568521938408909442785035887355863834357984256042795045591006022165610207202771419820337025989675171834949853207268159131837866104415701700605282848688636322 0 0 0 0 0 0 0 0 0 0 0 0 0 0 0 0 0 0 0 0 0 0 0 0 1 0 0 0 0 0 0 0 0 0 0 0 0 0 0 0 0 0 0 0 0 0 0 0 0 0 0 0 0 0 0 0 0 0 0 0]
[1217041389345367107992397852501549963396627136367893111876833616905492741229910030763949530711970827176095493413320557597841012705444292729076936702777252830666536861130494799758723549 0 0 0 0 0 0 0 0 0 0 0 0 0 0 0 0 0 0 0 0 0 0 0 0 0 1 0 0 0 0 0 0 0 0 0 0 0 0 0 0 0 0 0 0 0 0 0 0 0 0 0 0 0 0 0 0 0 0 0 0]
[2521398187243314877040537455143791525644042728293129507616543475628635866439827157761178620871794893444263112966547876529771019357853289702639808198393718952999690285382400445822166324 0 0 0 0 0 0 0 0 0 0 0 0 0 0 0 0 0 0 0 0 0 0 0 0 0 0 1 0 0 0 0 0 0 0 0 0 0 0 0 0 0 0 0 0 0 0 0 0 0 0 0 0 0 0 0 0 0 0 0 0]
[3853895531082838219813261125555039451464469707493984732903955550868423727953555255062377363420448740059816140780406366767768596049565406387158368082394792239984741855933822463173538916 0 0 0 0 0 0 0 0 0 0 0 0 0 0 0 0 0 0 0 0 0 0 0 0 0 0 0 1 0 0 0 0 0 0 0 0 0 0 0 0 0 0 0 0 0 0 0 0 0 0 0 0 0 0 0 0 0 0 0 0]
[821268825794679443498945842108523294315573865597471846439615269058237582403419812973513143849848480779883693319363057724179619624495999458126918457560748371487021203805129247005467663 0 0 0 0 0 0 0 0 0 0 0 0 0 0 0 0 0 0 0 0 0 0 0 0 0 0 0 0 1 0 0 0 0 0 0 0 0 0 0 0 0 0 0 0 0 0 0 0 0 0 0 0 0 0 0 0 0 0 0 0]
[1783851679531158720552066947637872503821384608222564385502104796199009283303817793345318697650291553064584957632138118863376347152113745740994829574823874001422248143601606505451333443 0 0 0 0 0 0 0 0 0 0 0 0 0 0 0 0 0 0 0 0 0 0 0 0 0 0 0 0 0 1 0 0 0 0 0 0 0 0 0 0 0 0 0 0 0 0 0 0 0 0 0 0 0 0 0 0 0 0 0 0]
[2188364613625956423545909875700699112417462341979909815778745842605932678717389066335214119855633745892289548361034566466775530383503041617409845020213756981851023365396142738647849016 0 0 0 0 0 0 0 0 0 0 0 0 0 0 0 0 0 0 0 0 0 0 0 0 0 0 0 0 0 0 1 0 0 0 0 0 0 0 0 0 0 0 0 0 0 0 0 0 0 0 0 0 0 0 0 0 0 0 0 0]
[3712284976942819295930171267621360645418094371909865363135305254918796531259612121165746204197469358170949388872982508868078363303914553668349216587324045187735380206705129101398064852 0 0 0 0 0 0 0 0 0 0 0 0 0 0 0 0 0 0 0 0 0 0 0 0 0 0 0 0 0 0 0 1 0 0 0 0 0 0 0 0 0 0 0 0 0 0 0 0 0 0 0 0 0 0 0 0 0 0 0 0]
[3991433046566967349297566503701941371784747807834704799945794622670978976860632814861815057507455416913745031358903803856819532633162417136804778634957706618616450624970695116256627857 0 0 0 0 0 0 0 0 0 0 0 0 0 0 0 0 0 0 0 0 0 0 0 0 0 0 0 0 0 0 0 0 1 0 0 0 0 0 0 0 0 0 0 0 0 0 0 0 0 0 0 0 0 0 0 0 0 0 0 0]
[356345049812691955702801975984298924976563045624424394880119127063504642657698553617869295875061968054434717042026772140515109967765627931154413031423130286502331270089480481880712433 0 0 0 0 0 0 0 0 0 0 0 0 0 0 0 0 0 0 0 0 0 0 0 0 0 0 0 0 0 0 0 0 0 1 0 0 0 0 0 0 0 0 0 0 0 0 0 0 0 0 0 0 0 0 0 0 0 0 0 0]
[1395993554530900583074273463119060467123627977078313360855124069164704953904487504621797930416093549197204265739563006468659619442348457918244473259851029081946177357122254729418591263 0 0 0 0 0 0 0 0 0 0 0 0 0 0 0 0 0 0 0 0 0 0 0 0 0 0 0 0 0 0 0 0 0 0 1 0 0 0 0 0 0 0 0 0 0 0 0 0 0 0 0 0 0 0 0 0 0 0 0 0]
[2561032863516373315704254409700751151303103312119636645927405762011597535400443841860519260686575185782083879951079636075829605069218229539305549539214382163547084103449465202330330781 0 0 0 0 0 0 0 0 0 0 0 0 0 0 0 0 0 0 0 0 0 0 0 0 0 0 0 0 0 0 0 0 0 0 0 1 0 0 0 0 0 0 0 0 0 0 0 0 0 0 0 0 0 0 0 0 0 0 0 0]
[2311461663187534314079766350797662957336243601508981968672265606486558534412767333929271923066783597243742470087396527541619662022793454678198983505572035187254318680221824395002412018 0 0 0 0 0 0 0 0 0 0 0 0 0 0 0 0 0 0 0 0 0 0 0 0 0 0 0 0 0 0 0 0 0 0 0 0 1 0 0 0 0 0 0 0 0 0 0 0 0 0 0 0 0 0 0 0 0 0 0 0]
[340521905715324474224551103220248145491800982309990852062666903891993657725382392883153128302241877182336705693031581607713237344795188929623933025521239029254476877146893516522852926 0 0 0 0 0 0 0 0 0 0 0 0 0 0 0 0 0 0 0 0 0 0 0 0 0 0 0 0 0 0 0 0 0 0 0 0 0 1 0 0 0 0 0 0 0 0 0 0 0 0 0 0 0 0 0 0 0 0 0 0]
[2645518439067713056634032241339335999394704685294552834353523957146042788007740533121265173615138481176871065554848154161547028630668238271010058068948414695625114976377824999508788191 0 0 0 0 0 0 0 0 0 0 0 0 0 0 0 0 0 0 0 0 0 0 0 0 0 0 0 0 0 0 0 0 0 0 0 0 0 0 1 0 0 0 0 0 0 0 0 0 0 0 0 0 0 0 0 0 0 0 0 0]
[2598707549968752646134249891686520715713869755393676538769811883406010307511375938277685819821273486916712109869861025736911844029171739153781614212567363126307572223997551350660423477 0 0 0 0 0 0 0 0 0 0 0 0 0 0 0 0 0 0 0 0 0 0 0 0 0 0 0 0 0 0 0 0 0 0 0 0 0 0 0 1 0 0 0 0 0 0 0 0 0 0 0 0 0 0 0 0 0 0 0 0]
[3658559122792251023460248123485692966739560977624417517120078500973625029853022694620883840727138836227049679386637962249817286448095446617589233675736241501043196870591402138299309014 0 0 0 0 0 0 0 0 0 0 0 0 0 0 0 0 0 0 0 0 0 0 0 0 0 0 0 0 0 0 0 0 0 0 0 0 0 0 0 0 1 0 0 0 0 0 0 0 0 0 0 0 0 0 0 0 0 0 0 0]
[2206519534863503460154282417895892583684068633538286838058997046041507625842822446230338845386630753556866702900181110395063180231881402338083816834486745708650195941920991898361936756 0 0 0 0 0 0 0 0 0 0 0 0 0 0 0 0 0 0 0 0 0 0 0 0 0 0 0 0 0 0 0 0 0 0 0 0 0 0 0 0 0 1 0 0 0 0 0 0 0 0 0 0 0 0 0 0 0 0 0 0]
[1334697156553887783618460429062766408083567602051900611194462589855635426486171554226962065994159558623708322145392268671127039267574980622757014252135235067033701762114223971643955159 0 0 0 0 0 0 0 0 0 0 0 0 0 0 0 0 0 0 0 0 0 0 0 0 0 0 0 0 0 0 0 0 0 0 0 0 0 0 0 0 0 0 1 0 0 0 0 0 0 0 0 0 0 0 0 0 0 0 0 0]
[2657570466318613362800185037191896372863734433490693888318937796037931797326826025270321453632197594148501916883421304275227010344741188744355318424885220767546141678078394133385761009 0 0 0 0 0 0 0 0 0 0 0 0 0 0 0 0 0 0 0 0 0 0 0 0 0 0 0 0 0 0 0 0 0 0 0 0 0 0 0 0 0 0 0 1 0 0 0 0 0 0 0 0 0 0 0 0 0 0 0 0]
[2094447508920835505072958036855355407601666084208537925898339005676121359243024285259407799811456295090611380473396657676554169077908978566302959914300565934370994990531160737019238048 0 0 0 0 0 0 0 0 0 0 0 0 0 0 0 0 0 0 0 0 0 0 0 0 0 0 0 0 0 0 0 0 0 0 0 0 0 0 0 0 0 0 0 0 1 0 0 0 0 0 0 0 0 0 0 0 0 0 0 0]
[313015336841469376281366208055606247299254524988895374561507673707857424547522362235979461964427685012585526300930025013251449655202418091836424039316035142900432656310992124755089139 0 0 0 0 0 0 0 0 0 0 0 0 0 0 0 0 0 0 0 0 0 0 0 0 0 0 0 0 0 0 0 0 0 0 0 0 0 0 0 0 0 0 0 0 0 1 0 0 0 0 0 0 0 0 0 0 0 0 0 0]
[3907798689214071736418135045506000779825049208154630178996702805714310503077767138032992042538405854070034268223874815282282905731892371818587092368422144459158753815326365121465094512 0 0 0 0 0 0 0 0 0 0 0 0 0 0 0 0 0 0 0 0 0 0 0 0 0 0 0 0 0 0 0 0 0 0 0 0 0 0 0 0 0 0 0 0 0 0 1 0 0 0 0 0 0 0 0 0 0 0 0 0]
[3876657288108609151690530906557931109325156694211277017181658843863903529449940311732830419380283842305640459304433255779336803365747883276293863187535382111369622757896026427122718180 0 0 0 0 0 0 0 0 0 0 0 0 0 0 0 0 0 0 0 0 0 0 0 0 0 0 0 0 0 0 0 0 0 0 0 0 0 0 0 0 0 0 0 0 0 0 0 1 0 0 0 0 0 0 0 0 0 0 0 0]
[1607185189351781628278667713496133264159951886476071255681182531696261779640743589426257600215678020774016894507842931797380178081854697162681929532967129899916711339205668292792012438 0 0 0 0 0 0 0 0 0 0 0 0 0 0 0 0 0 0 0 0 0 0 0 0 0 0 0 0 0 0 0 0 0 0 0 0 0 0 0 0 0 0 0 0 0 0 0 0 1 0 0 0 0 0 0 0 0 0 0 0]
[406271457805393751791758458758070252437149986730506676773121282631454123037222274896253109718088226520616201513643780690343954189977060673757161222891599300857551446072853184252349771 0 0 0 0 0 0 0 0 0 0 0 0 0 0 0 0 0 0 0 0 0 0 0 0 0 0 0 0 0 0 0 0 0 0 0 0 0 0 0 0 0 0 0 0 0 0 0 0 0 1 0 0 0 0 0 0 0 0 0 0]
[2871830069054526953687946876132806571295524176017613153679243161604356734298515734584855368500836012049518767785117402114333690493542473091972073494355497655784495447867819565085687840 0 0 0 0 0 0 0 0 0 0 0 0 0 0 0 0 0 0 0 0 0 0 0 0 0 0 0 0 0 0 0 0 0 0 0 0 0 0 0 0 0 0 0 0 0 0 0 0 0 0 1 0 0 0 0 0 0 0 0 0]
[2364152309770271236097847410396343288255365219954050451807782938215085944605008925699201374242379289537674885774928077511547779646747690529435434599394847759425697704491114081651181907 0 0 0 0 0 0 0 0 0 0 0 0 0 0 0 0 0 0 0 0 0 0 0 0 0 0 0 0 0 0 0 0 0 0 0 0 0 0 0 0 0 0 0 0 0 0 0 0 0 0 0 1 0 0 0 0 0 0 0 0]
[3134371444498284646558540313999404298314773733259184745539556869559402376840198003796620944541470355559073131200360718542946713145005590040622898402288290895347722994489715287845504581 0 0 0 0 0 0 0 0 0 0 0 0 0 0 0 0 0 0 0 0 0 0 0 0 0 0 0 0 0 0 0 0 0 0 0 0 0 0 0 0 0 0 0 0 0 0 0 0 0 0 0 0 1 0 0 0 0 0 0 0]
[1223173081900628312630118747990623982272167529883748330317517926542939777928155956296556425763472103456321545380632282400823670935136819364900164311526106625324222307231817419366464154 0 0 0 0 0 0 0 0 0 0 0 0 0 0 0 0 0 0 0 0 0 0 0 0 0 0 0 0 0 0 0 0 0 0 0 0 0 0 0 0 0 0 0 0 0 0 0 0 0 0 0 0 0 1 0 0 0 0 0 0]
[2422666501448859232664243421202197305582549357717467808263384864931052911900886971013558379728494667716718804676669211332309891262696964190936735238159591422930478616351529448281400040 0 0 0 0 0 0 0 0 0 0 0 0 0 0 0 0 0 0 0 0 0 0 0 0 0 0 0 0 0 0 0 0 0 0 0 0 0 0 0 0 0 0 0 0 0 0 0 0 0 0 0 0 0 0 1 0 0 0 0 0]
[1658544939741424358934166087312828592933540696610370457066369948196946440356812031214544129944705726776618436926492399005729669416276054307818960310380973701346942020377047654254202279 0 0 0 0 0 0 0 0 0 0 0 0 0 0 0 0 0 0 0 0 0 0 0 0 0 0 0 0 0 0 0 0 0 0 0 0 0 0 0 0 0 0 0 0 0 0 0 0 0 0 0 0 0 0 0 1 0 0 0 0]
[1409796822171482978056973495006255038274944081542588513885930367598589483117629749769182308972548611372632386293927994282445370473435493657668320286562365104321881499055478223644315948 0 0 0 0 0 0 0 0 0 0 0 0 0 0 0 0 0 0 0 0 0 0 0 0 0 0 0 0 0 0 0 0 0 0 0 0 0 0 0 0 0 0 0 0 0 0 0 0 0 0 0 0 0 0 0 0 1 0 0 0]
[1405007904390702810081586797162534507139868752088493002120729156788016986404118968073312130182620006006775414044025685497039940413646693044612989130776805806508972093228723208852691613 0 0 0 0 0 0 0 0 0 0 0 0 0 0 0 0 0 0 0 0 0 0 0 0 0 0 0 0 0 0 0 0 0 0 0 0 0 0 0 0 0 0 0 0 0 0 0 0 0 0 0 0 0 0 0 0 0 1 0 0]
[2640859780213228134253039611438611961902591928660641537005390970768218225180646577602989468446824790625527873969461060305093510051160902359862826893818209254274487667270032660543746908 0 0 0 0 0 0 0 0 0 0 0 0 0 0 0 0 0 0 0 0 0 0 0 0 0 0 0 0 0 0 0 0 0 0 0 0 0 0 0 0 0 0 0 0 0 0 0 0 0 0 0 0 0 0 0 0 0 0 1 0]
[1368931951323547204304381504287115152311562024340047172966813265710909970336385401078888906837878924681664081686845260428795419544299679643036519404530560201607292108131984885237611446 0 0 0 0 0 0 0 0 0 0 0 0 0 0 0 0 0 0 0 0 0 0 0 0 0 0 0 0 0 0 0 0 0 0 0 0 0 0 0 0 0 0 0 0 0 0 0 0 0 0 0 0 0 0 0 0 0 0 0 1]
]
