[[6942150304277978577880200319290202479015835158586270546394299913434728790215638301447970143724638355926691595950276090491390904692862031290655650472924787304730748069569591253047728309741791879877722217947016195434645948152002836068088427919321308379 0 0 0 0 0 0 0 0 0 0 0 0 0 0 0 0 0 0 0 0 0 0 0 0 0 0 0 0 0 0 0 0 0 0 0 0 0 0 0 0 0 0 0 0 0 0 0 0 0 0 0 0 0 0 0 0 0 0 0 0 0 0 0 0 0 0 0 0 0 0 0 0 0 0 0 0 0 0 0 0 0 0]
[354736834982769593599610302244367692777708117795501648142523605719691957329142127126167544001123901237703541662561842758682828335731630909734771169879751229201231331780249218456305812844013404843753194626280756396569270190879944339619096106462931852 1 0 0 0 0 0 0 0 0 0 0 0 0 0 0 0 0 0 0 0 0 0 0 0 0 0 0 0 0 0 0 0 0 0 0 0 0 0 0 0 0 0 0 0 0 0 0 0 0 0 0 0 0 0 0 0 0 0 0 0 0 0 0 0 0 0 0 0 0 0 0 0 0 0 0 0 0 0 0 0 0 0]
[6912670432101048673983296160455466993226611447831521078857995045707372731288453873786920043128060298928491269935081763521406073858615313775429041765516454633622237677437727588893320946396995018100133952130498624864692490549836271623419323782437208932 0 1 0 0 0 0 0 0 0 0 0 0 0 0 0 0 0 0 0 0 0 0 0 0 0 0 0 0 0 0 0 0 0 0 0 0 0 0 0 0 0 0 0 0 0 0 0 0 0 0 0 0 0 0 0 0 0 0 0 0 0 0 0 0 0 0 0 0 0 0 0 0 0 0 0 0 0 0 0 0 0 0]
[1903517257709632814437366453257391271461906083468865469345164153393732152447631162414929738918880709478302303983821174091051583172956035097086598653755172094684596546447786130447867187918938295542612096224326810350234027104505151191629002136034209641 0 0 1 0 0 0 0 0 0 0 0 0 0 0 0 0 0 0 0 0 0 0 0 0 0 0 0 0 0 0 0 0 0 0 0 0 0 0 0 0 0 0 0 0 0 0 0 0 0 0 0 0 0 0 0 0 0 0 0 0 0 0 0 0 0 0 0 0 0 0 0 0 0 0 0 0 0 0 0 0 0 0]
[4876929136209472527738073708405494936704841756523795623215964976163358487338841123280696345422905748768400785554916848579750486415299678808964887518311723708834349775348734548971135364397052181485239918286326500703179842790195984093271015055252014533 0 0 0 1 0 0 0 0 0 0 0 0 0 0 0 0 0 0 0 0 0 0 0 0 0 0 0 0 0 0 0 0 0 0 0 0 0 0 0 0 0 0 0 0 0 0 0 0 0 0 0 0 0 0 0 0 0 0 0 0 0 0 0 0 0 0 0 0 0 0 0 0 0 0 0 0 0 0 0 0 0 0]
[667304785184968080151105381034013568557700991444766011956432367939843416809662573150188150278468445708686288435224450574718801438777690960101150002130778780793938320908777674233744237573851855814198188336235102384111294648293276109953352153201858889 0 0 0 0 1 0 0 0 0 0 0 0 0 0 0 0 0 0 0 0 0 0 0 0 0 0 0 0 0 0 0 0 0 0 0 0 0 0 0 0 0 0 0 0 0 0 0 0 0 0 0 0 0 0 0 0 0 0 0 0 0 0 0 0 0 0 0 0 0 0 0 0 0 0 0 0 0 0 0 0 0 0]
[4386742886395206763574835069207699190164062200475688806275376895652391412753127075163651101449099637313780905364073934725936425050576582145117119037851403076086530603093753952704877365155177111045984561500785774548372079245318168645460438554908951180 0 0 0 0 0 1 0 0 0 0 0 0 0 0 0 0 0 0 0 0 0 0 0 0 0 0 0 0 0 0 0 0 0 0 0 0 0 0 0 0 0 0 0 0 0 0 0 0 0 0 0 0 0 0 0 0 0 0 0 0 0 0 0 0 0 0 0 0 0 0 0 0 0 0 0 0 0 0 0 0 0 0]
[5790463504293878795518389787110575245416294534766494883342776333805585982462954919719550686017559084290905810665836867381975817604756400705737301370960523144444169816888336793413370960782721466639329027268358949365615874663426709384545160419443834520 0 0 0 0 0 0 1 0 0 0 0 0 0 0 0 0 0 0 0 0 0 0 0 0 0 0 0 0 0 0 0 0 0 0 0 0 0 0 0 0 0 0 0 0 0 0 0 0 0 0 0 0 0 0 0 0 0 0 0 0 0 0 0 0 0 0 0 0 0 0 0 0 0 0 0 0 0 0 0 0 0 0]
[5544103741061512078669929195417575501525759502625102254776010771767463823107750194851478997205780973252519937549403225286230224872025272396391809955267100353328130848768066421298026208015053861908790146071717774668341597861710979491975860781045339547 0 0 0 0 0 0 0 1 0 0 0 0 0 0 0 0 0 0 0 0 0 0 0 0 0 0 0 0 0 0 0 0 0 0 0 0 0 0 0 0 0 0 0 0 0 0 0 0 0 0 0 0 0 0 0 0 0 0 0 0 0 0 0 0 0 0 0 0 0 0 0 0 0 0 0 0 0 0 0 0 0 0]
[1754643544628596393691655109061973813860996940133839852618152405887332254810614555653061546280384663484872209198949462844067704385509310887224585896517014340725963763033275754234501545147503815600872993816418149764681288327611199752000420398399870415 0 0 0 0 0 0 0 0 1 0 0 0 0 0 0 0 0 0 0 0 0 0 0 0 0 0 0 0 0 0 0 0 0 0 0 0 0 0 0 0 0 0 0 0 0 0 0 0 0 0 0 0 0 0 0 0 0 0 0 0 0 0 0 0 0 0 0 0 0 0 0 0 0 0 0 0 0 0 0 0 0 0]
[6876831653926760627946683449947614389047158195428777807981158066206639717489085481913829726179145711678553992486880611224099913360046104807428103470812901013762518386620207521434294313576163810682885707924168948234525752474369734265989353265180365214 0 0 0 0 0 0 0 0 0 1 0 0 0 0 0 0 0 0 0 0 0 0 0 0 0 0 0 0 0 0 0 0 0 0 0 0 0 0 0 0 0 0 0 0 0 0 0 0 0 0 0 0 0 0 0 0 0 0 0 0 0 0 0 0 0 0 0 0 0 0 0 0 0 0 0 0 0 0 0 0 0 0]
[2454771890615938055470047682306092279715318914166175852256425171489092858081069581993062436213676910955581410127993078262918810603044340125182342596740276091592283588640270976539499829898711192900292864861120948393284390249859503028514495007417391787 0 0 0 0 0 0 0 0 0 0 1 0 0 0 0 0 0 0 0 0 0 0 0 0 0 0 0 0 0 0 0 0 0 0 0 0 0 0 0 0 0 0 0 0 0 0 0 0 0 0 0 0 0 0 0 0 0 0 0 0 0 0 0 0 0 0 0 0 0 0 0 0 0 0 0 0 0 0 0 0 0 0]
[2314969676766455221286461017899532636805550182078074720210675788064084604117620317494395355022639584263512679344795261841823704372103260536848067434330994568318753437681645069120036804032309829619863953616612380817323146811788659704336695295456507869 0 0 0 0 0 0 0 0 0 0 0 1 0 0 0 0 0 0 0 0 0 0 0 0 0 0 0 0 0 0 0 0 0 0 0 0 0 0 0 0 0 0 0 0 0 0 0 0 0 0 0 0 0 0 0 0 0 0 0 0 0 0 0 0 0 0 0 0 0 0 0 0 0 0 0 0 0 0 0 0 0 0]
[6858422373231285929351443264814449646654393441357142835975479636591050442011512169274861958010076522308409817860575929381534726049581632984688159860316969246567811658207953395470482150037080947987202155742967355469045444916834552981014703118074029220 0 0 0 0 0 0 0 0 0 0 0 0 1 0 0 0 0 0 0 0 0 0 0 0 0 0 0 0 0 0 0 0 0 0 0 0 0 0 0 0 0 0 0 0 0 0 0 0 0 0 0 0 0 0 0 0 0 0 0 0 0 0 0 0 0 0 0 0 0 0 0 0 0 0 0 0 0 0 0 0 0 0]
[1690240548863655544658330707686918744426141635175889031906783329707030424696438296932394893196039462449053167969026890518659681090242473441087527732758406906068093531188903106487256785113310647225925617397745182642965879916204711262637665611521456372 0 0 0 0 0 0 0 0 0 0 0 0 0 1 0 0 0 0 0 0 0 0 0 0 0 0 0 0 0 0 0 0 0 0 0 0 0 0 0 0 0 0 0 0 0 0 0 0 0 0 0 0 0 0 0 0 0 0 0 0 0 0 0 0 0 0 0 0 0 0 0 0 0 0 0 0 0 0 0 0 0 0]
[5707581882180537833250388713045156243838117759178176394083802396243482649627194011462208278427559943201778055673351355221597332099625080363069140611672766195458726821987488191754824924157542828656952908070131259116327283840723385865456587101049874366 0 0 0 0 0 0 0 0 0 0 0 0 0 0 1 0 0 0 0 0 0 0 0 0 0 0 0 0 0 0 0 0 0 0 0 0 0 0 0 0 0 0 0 0 0 0 0 0 0 0 0 0 0 0 0 0 0 0 0 0 0 0 0 0 0 0 0 0 0 0 0 0 0 0 0 0 0 0 0 0 0 0]
[2144576772029441636891556294148340611291229783588450520263004078883733348112656244075289733143172871809744614952473263259966061692060457563360749251455347652458421255730416850099953260200000118925508619043887588638197604726398478275550759312227205762 0 0 0 0 0 0 0 0 0 0 0 0 0 0 0 1 0 0 0 0 0 0 0 0 0 0 0 0 0 0 0 0 0 0 0 0 0 0 0 0 0 0 0 0 0 0 0 0 0 0 0 0 0 0 0 0 0 0 0 0 0 0 0 0 0 0 0 0 0 0 0 0 0 0 0 0 0 0 0 0 0 0]
[4549095647489139907378353475793495629686666343983084492577264151439662238680721985058961802195306525341110741414450256238222185509672769367418888972961794562202183966292991888397463210446583809662697920218711860560219832968449041815750883383758691124 0 0 0 0 0 0 0 0 0 0 0 0 0 0 0 0 1 0 0 0 0 0 0 0 0 0 0 0 0 0 0 0 0 0 0 0 0 0 0 0 0 0 0 0 0 0 0 0 0 0 0 0 0 0 0 0 0 0 0 0 0 0 0 0 0 0 0 0 0 0 0 0 0 0 0 0 0 0 0 0 0 0]
[4632099006970804823889446739951144031989805942921172629221375160116244086907013260987982853361311802659361907034234825073941455531226612895652035918417735784927120383371325680272511285965684953662988393857278199132156700175586246119413730644951756567 0 0 0 0 0 0 0 0 0 0 0 0 0 0 0 0 0 1 0 0 0 0 0 0 0 0 0 0 0 0 0 0 0 0 0 0 0 0 0 0 0 0 0 0 0 0 0 0 0 0 0 0 0 0 0 0 0 0 0 0 0 0 0 0 0 0 0 0 0 0 0 0 0 0 0 0 0 0 0 0 0 0]
[6026195209027446507074966121722446567862481376228831075925114571561169803022248000118655050665887320161146587981695283812133934393179044062182236166760519449515795986441296575410849946300157544572078653057759438838045724431262031114363158228700198155 0 0 0 0 0 0 0 0 0 0 0 0 0 0 0 0 0 0 1 0 0 0 0 0 0 0 0 0 0 0 0 0 0 0 0 0 0 0 0 0 0 0 0 0 0 0 0 0 0 0 0 0 0 0 0 0 0 0 0 0 0 0 0 0 0 0 0 0 0 0 0 0 0 0 0 0 0 0 0 0 0 0]
[3734918963799965921963407153088101304541084848868110523432151044984296136153288788191153609856461262393836282211865374840378913857111457743879488969272612168515893134335267664564248240830702333211166318344825983074965702162299329413117685821852795262 0 0 0 0 0 0 0 0 0 0 0 0 0 0 0 0 0 0 0 1 0 0 0 0 0 0 0 0 0 0 0 0 0 0 0 0 0 0 0 0 0 0 0 0 0 0 0 0 0 0 0 0 0 0 0 0 0 0 0 0 0 0 0 0 0 0 0 0 0 0 0 0 0 0 0 0 0 0 0 0 0 0]
[1256975270149543595578130643468457380028502316696914394787358842564731672477856967636980045970059880534386891212539693521574188373984865235807344027216487303936938144473972708316355021209281704662632370372429437064530179169320442004252523702515891508 0 0 0 0 0 0 0 0 0 0 0 0 0 0 0 0 0 0 0 0 1 0 0 0 0 0 0 0 0 0 0 0 0 0 0 0 0 0 0 0 0 0 0 0 0 0 0 0 0 0 0 0 0 0 0 0 0 0 0 0 0 0 0 0 0 0 0 0 0 0 0 0 0 0 0 0 0 0 0 0 0 0]
[2157677477963563304892616250364670509305355347714843668909418987797496348838598155630179060292269725637023808692769389440301386776828024852884715423028572960523896410753718049687479504475993768593471222734108509225681600261833183651693625289513883456 0 0 0 0 0 0 0 0 0 0 0 0 0 0 0 0 0 0 0 0 0 1 0 0 0 0 0 0 0 0 0 0 0 0 0 0 0 0 0 0 0 0 0 0 0 0 0 0 0 0 0 0 0 0 0 0 0 0 0 0 0 0 0 0 0 0 0 0 0 0 0 0 0 0 0 0 0 0 0 0 0 0]
[3787627469715633758741086855244334938755168383911416576809192727585028007141708160187842743251162285215022199567840898108419602285969362688429919578726195630083753598751689241280748243218234574524857224670387384254792865667106752012996991207901308280 0 0 0 0 0 0 0 0 0 0 0 0 0 0 0 0 0 0 0 0 0 0 1 0 0 0 0 0 0 0 0 0 0 0 0 0 0 0 0 0 0 0 0 0 0 0 0 0 0 0 0 0 0 0 0 0 0 0 0 0 0 0 0 0 0 0 0 0 0 0 0 0 0 0 0 0 0 0 0 0 0 0]
[6443957624574126020367179963152501123019558591148126215961124564486946456163941693200251747436023549660250829346915014415723767911016756358801362473218858804011512193509641995065807161549435114808970055184664135032044852456299881109342918356871007309 0 0 0 0 0 0 0 0 0 0 0 0 0 0 0 0 0 0 0 0 0 0 0 1 0 0 0 0 0 0 0 0 0 0 0 0 0 0 0 0 0 0 0 0 0 0 0 0 0 0 0 0 0 0 0 0 0 0 0 0 0 0 0 0 0 0 0 0 0 0 0 0 0 0 0 0 0 0 0 0 0 0]
[387022878420111096267349069703609081619774922769985319524795853572572214003971193211911686850340735088239376805323522992336043701562850983467060946672827495257130359909648240164770918094374605305280791604815911822782899371323445127220210187921981229 0 0 0 0 0 0 0 0 0 0 0 0 0 0 0 0 0 0 0 0 0 0 0 0 1 0 0 0 0 0 0 0 0 0 0 0 0 0 0 0 0 0 0 0 0 0 0 0 0 0 0 0 0 0 0 0 0 0 0 0 0 0 0 0 0 0 0 0 0 0 0 0 0 0 0 0 0 0 0 0 0 0]
[4735619214725607784062390509951736990474000374550189142119136408902282315141818458404141870574424113344649100474554515308199660741631012820521343888278827988711565281171514153184702404376520368907405914601846041902108638443703279424549125733094796088 0 0 0 0 0 0 0 0 0 0 0 0 0 0 0 0 0 0 0 0 0 0 0 0 0 1 0 0 0 0 0 0 0 0 0 0 0 0 0 0 0 0 0 0 0 0 0 0 0 0 0 0 0 0 0 0 0 0 0 0 0 0 0 0 0 0 0 0 0 0 0 0 0 0 0 0 0 0 0 0 0 0]
[2985227072430459456647699528711289161078084680631399605317232253403744744398490741154036973713452463006536563719098274961099148920970871658356281742359124469386291122190395373787378455668567569074495554735606632562381473262707390665038503871189087467 0 0 0 0 0 0 0 0 0 0 0 0 0 0 0 0 0 0 0 0 0 0 0 0 0 0 1 0 0 0 0 0 0 0 0 0 0 0 0 0 0 0 0 0 0 0 0 0 0 0 0 0 0 0 0 0 0 0 0 0 0 0 0 0 0 0 0 0 0 0 0 0 0 0 0 0 0 0 0 0 0 0]
[3808981308318471292331795595234314865377886058781908665374901913182754889980898728179085169101671093229923982466342046443445271845356203744149147235144990135768748953307029142556495878131171376685849338994555563464860287054802065241696376842616040364 0 0 0 0 0 0 0 0 0 0 0 0 0 0 0 0 0 0 0 0 0 0 0 0 0 0 0 1 0 0 0 0 0 0 0 0 0 0 0 0 0 0 0 0 0 0 0 0 0 0 0 0 0 0 0 0 0 0 0 0 0 0 0 0 0 0 0 0 0 0 0 0 0 0 0 0 0 0 0 0 0 0]
[790399845240547789467739188732294472125168032667827916080360253302068645085782659395513969419968921623465153277249712971018379694010004724000097102050014468723853195951310464785331407748003120333723125302643784209820952328152856257537948478506826939 0 0 0 0 0 0 0 0 0 0 0 0 0 0 0 0 0 0 0 0 0 0 0 0 0 0 0 0 1 0 0 0 0 0 0 0 0 0 0 0 0 0 0 0 0 0 0 0 0 0 0 0 0 0 0 0 0 0 0 0 0 0 0 0 0 0 0 0 0 0 0 0 0 0 0 0 0 0 0 0 0 0]
[1263545573334465869576314709113393036075068333791678219899223225914797063199648487501186089685328685566372506792048247811332686596215188005830823192443432432878746318080379424912807136279851255565261855496459806279435073242127631388217587337550437951 0 0 0 0 0 0 0 0 0 0 0 0 0 0 0 0 0 0 0 0 0 0 0 0 0 0 0 0 0 1 0 0 0 0 0 0 0 0 0 0 0 0 0 0 0 0 0 0 0 0 0 0 0 0 0 0 0 0 0 0 0 0 0 0 0 0 0 0 0 0 0 0 0 0 0 0 0 0 0 0 0 0]
[3703938354226820106536093372794701399489298362120166826243250450870391235330226657555847526355260416959823867956402957106756774861003746916903503998033163682636844970798632212244945490103727570651061586540080143077200801839127055321963282805864143703 0 0 0 0 0 0 0 0 0 0 0 0 0 0 0 0 0 0 0 0 0 0 0 0 0 0 0 0 0 0 1 0 0 0 0 0 0 0 0 0 0 0 0 0 0 0 0 0 0 0 0 0 0 0 0 0 0 0 0 0 0 0 0 0 0 0 0 0 0 0 0 0 0 0 0 0 0 0 0 0 0 0]
[1032668037148207415147627821725160861282122271325415156064099707398189782021494146933731474596228908055788237192681885924223006659209337083022767893513653247130980080730141274176893039476109734401051049416680035618997284262016565571153488148515146684 0 0 0 0 0 0 0 0 0 0 0 0 0 0 0 0 0 0 0 0 0 0 0 0 0 0 0 0 0 0 0 1 0 0 0 0 0 0 0 0 0 0 0 0 0 0 0 0 0 0 0 0 0 0 0 0 0 0 0 0 0 0 0 0 0 0 0 0 0 0 0 0 0 0 0 0 0 0 0 0 0 0]
[5124232104139622741507413919027574799051163416718085230820826931751306474689722062748057985949826097864709984520905846512517724912307111285181644294807060391609727883036908295222500263709780130593012791450847100065076953424305311293301383609153600436 0 0 0 0 0 0 0 0 0 0 0 0 0 0 0 0 0 0 0 0 0 0 0 0 0 0 0 0 0 0 0 0 1 0 0 0 0 0 0 0 0 0 0 0 0 0 0 0 0 0 0 0 0 0 0 0 0 0 0 0 0 0 0 0 0 0 0 0 0 0 0 0 0 0 0 0 0 0 0 0 0 0]
[4459399607309085240642583981143818138929213482820588269560219524215989444948732157093837981657261523978169671697579311752805345181611053316249231315068905806366178155469983002616273705948200781568615641284805314434913926907363315709387089600611350244 0 0 0 0 0 0 0 0 0 0 0 0 0 0 0 0 0 0 0 0 0 0 0 0 0 0 0 0 0 0 0 0 0 1 0 0 0 0 0 0 0 0 0 0 0 0 0 0 0 0 0 0 0 0 0 0 0 0 0 0 0 0 0 0 0 0 0 0 0 0 0 0 0 0 0 0 0 0 0 0 0 0]
[2708945524143225528098572985585633363613902617086073074885345189746575182245678873624233032052213978967328609940321535600462277939670665586457913267099203185120083643108502133969991433387925549746252189320360769194920392069014564050254466448928183744 0 0 0 0 0 0 0 0 0 0 0 0 0 0 0 0 0 0 0 0 0 0 0 0 0 0 0 0 0 0 0 0 0 0 1 0 0 0 0 0 0 0 0 0 0 0 0 0 0 0 0 0 0 0 0 0 0 0 0 0 0 0 0 0 0 0 0 0 0 0 0 0 0 0 0 0 0 0 0 0 0 0]
[153890059708583569181951036337343372368430459137591056723210131493482373769156389633532013027981209356294938358191183991880218236829510175397956908678806917220847777206285779497237601415689123990236313382806055175940794221272576801361838791435234216 0 0 0 0 0 0 0 0 0 0 0 0 0 0 0 0 0 0 0 0 0 0 0 0 0 0 0 0 0 0 0 0 0 0 0 1 0 0 0 0 0 0 0 0 0 0 0 0 0 0 0 0 0 0 0 0 0 0 0 0 0 0 0 0 0 0 0 0 0 0 0 0 0 0 0 0 0 0 0 0 0 0]
[2302921298389488926892267545049479957231989125424280037172024791252856651451220254084686271424086325922021641190299889491615886549726808289335782070037817900081430172880143168633256716900238740592707347083588596257804942990511474165553592960276252879 0 0 0 0 0 0 0 0 0 0 0 0 0 0 0 0 0 0 0 0 0 0 0 0 0 0 0 0 0 0 0 0 0 0 0 0 1 0 0 0 0 0 0 0 0 0 0 0 0 0 0 0 0 0 0 0 0 0 0 0 0 0 0 0 0 0 0 0 0 0 0 0 0 0 0 0 0 0 0 0 0 0]
[6104832106278163856114280109651325105291414539633874437144684723940425198429160126123247000981195632863937248045343163002779580758837981209149348286641582892387024445288993502920391063776018755010153321663129239101436750584380653306704101314884601004 0 0 0 0 0 0 0 0 0 0 0 0 0 0 0 0 0 0 0 0 0 0 0 0 0 0 0 0 0 0 0 0 0 0 0 0 0 1 0 0 0 0 0 0 0 0 0 0 0 0 0 0 0 0 0 0 0 0 0 0 0 0 0 0 0 0 0 0 0 0 0 0 0 0 0 0 0 0 0 0 0 0]
[5672486904386849906066905355255641144536454225130781836432548941513878958479779626072701574507872502385670100688882973153107639254830555608527675079568846602648582370578020764283473527576707282752455118802352495181456389659475694978872947854414037622 0 0 0 0 0 0 0 0 0 0 0 0 0 0 0 0 0 0 0 0 0 0 0 0 0 0 0 0 0 0 0 0 0 0 0 0 0 0 1 0 0 0 0 0 0 0 0 0 0 0 0 0 0 0 0 0 0 0 0 0 0 0 0 0 0 0 0 0 0 0 0 0 0 0 0 0 0 0 0 0 0 0]
[2699174927209916562015689723418613219021933842884442019303390260788516129090754166431677466252674219573023788026458449922446815746690902922713418900213522446506255494547350797922720330537943927854722298845439155534184023574678539010691598313212478983 0 0 0 0 0 0 0 0 0 0 0 0 0 0 0 0 0 0 0 0 0 0 0 0 0 0 0 0 0 0 0 0 0 0 0 0 0 0 0 1 0 0 0 0 0 0 0 0 0 0 0 0 0 0 0 0 0 0 0 0 0 0 0 0 0 0 0 0 0 0 0 0 0 0 0 0 0 0 0 0 0 0]
[6901957816181924062704325897358066215335703323496562001926429506840605602353238817113255880683267636397794944354758748919157197643746837202234230539522431955468623107195873856999342923973147405988021338222912149885221234097191681642717297616368384121 0 0 0 0 0 0 0 0 0 0 0 0 0 0 0 0 0 0 0 0 0 0 0 0 0 0 0 0 0 0 0 0 0 0 0 0 0 0 0 0 1 0 0 0 0 0 0 0 0 0 0 0 0 0 0 0 0 0 0 0 0 0 0 0 0 0 0 0 0 0 0 0 0 0 0 0 0 0 0 0 0 0]
[1808216132630554083317430029775532473983293727655894438591196358826391418322905119979435096185223924896420639280652033702291873584223953230544058632857467323363342278046359508504238068935250657822310105121421047131292062092370374036959452372682648218 0 0 0 0 0 0 0 0 0 0 0 0 0 0 0 0 0 0 0 0 0 0 0 0 0 0 0 0 0 0 0 0 0 0 0 0 0 0 0 0 0 1 0 0 0 0 0 0 0 0 0 0 0 0 0 0 0 0 0 0 0 0 0 0 0 0 0 0 0 0 0 0 0 0 0 0 0 0 0 0 0 0]
[7446453817814145511706816160433543560175439446263230726071127323167986097234368509862116731203149763415705711111146610765066147449454357268589978183895099242861125694060827321596171261213719681640545486168619433401548583722971531198692062732822622 0 0 0 0 0 0 0 0 0 0 0 0 0 0 0 0 0 0 0 0 0 0 0 0 0 0 0 0 0 0 0 0 0 0 0 0 0 0 0 0 0 0 1 0 0 0 0 0 0 0 0 0 0 0 0 0 0 0 0 0 0 0 0 0 0 0 0 0 0 0 0 0 0 0 0 0 0 0 0 0 0 0]
[5254320369522891322654308156532396095265218678044137837073399979399378309778072564131532714918647290740346070011780587387009873155566338005601190153403840719281557436508077512741148335555764473044313336956515338683385146854660179540976576649369389819 0 0 0 0 0 0 0 0 0 0 0 0 0 0 0 0 0 0 0 0 0 0 0 0 0 0 0 0 0 0 0 0 0 0 0 0 0 0 0 0 0 0 0 1 0 0 0 0 0 0 0 0 0 0 0 0 0 0 0 0 0 0 0 0 0 0 0 0 0 0 0 0 0 0 0 0 0 0 0 0 0 0]
[4380173806398877038235023800836018851372225441450742497385903690768392171946161993601526423894713435432904878970330114401697648739681999844387091290897565283259730596370855989103919792230502455390858399020409967148012573239677126584627580654337368416 0 0 0 0 0 0 0 0 0 0 0 0 0 0 0 0 0 0 0 0 0 0 0 0 0 0 0 0 0 0 0 0 0 0 0 0 0 0 0 0 0 0 0 0 1 0 0 0 0 0 0 0 0 0 0 0 0 0 0 0 0 0 0 0 0 0 0 0 0 0 0 0 0 0 0 0 0 0 0 0 0 0]
[6838537883739437070890498502865889225771992175597833528040490748764554487262546055547720993075258187003124579289603154232103986784892708706011998945701357781126628876752539252757067766941738051802835969754371395223557955237440860590800767049946119550 0 0 0 0 0 0 0 0 0 0 0 0 0 0 0 0 0 0 0 0 0 0 0 0 0 0 0 0 0 0 0 0 0 0 0 0 0 0 0 0 0 0 0 0 0 1 0 0 0 0 0 0 0 0 0 0 0 0 0 0 0 0 0 0 0 0 0 0 0 0 0 0 0 0 0 0 0 0 0 0 0 0]
[5000364522675155794797061803826555934538879070173809587261169749760966115989495029087175324878752434507349844428010160517440354237580309147992097267987150135149380956797797042869879334648613380894395794681920942777095800081017166763151854720613712483 0 0 0 0 0 0 0 0 0 0 0 0 0 0 0 0 0 0 0 0 0 0 0 0 0 0 0 0 0 0 0 0 0 0 0 0 0 0 0 0 0 0 0 0 0 0 1 0 0 0 0 0 0 0 0 0 0 0 0 0 0 0 0 0 0 0 0 0 0 0 0 0 0 0 0 0 0 0 0 0 0 0]
[3777873455431315625015869837299141842620503964830813168224777867999135269470961048090616633963943404586392873269320750402513260272598224943732217527561593544280653675676843418711079810420574996435509703298412050943152572654362471632041795704720210952 0 0 0 0 0 0 0 0 0 0 0 0 0 0 0 0 0 0 0 0 0 0 0 0 0 0 0 0 0 0 0 0 0 0 0 0 0 0 0 0 0 0 0 0 0 0 0 1 0 0 0 0 0 0 0 0 0 0 0 0 0 0 0 0 0 0 0 0 0 0 0 0 0 0 0 0 0 0 0 0 0 0]
[1032038507649549197691043039240057500904297267103198621001793723742720455412142407177043425850246275034902717292587119343074385986090575269472377845709825149256591822384318912934900019869269769807291000836484781816581256438173344688763510705179845369 0 0 0 0 0 0 0 0 0 0 0 0 0 0 0 0 0 0 0 0 0 0 0 0 0 0 0 0 0 0 0 0 0 0 0 0 0 0 0 0 0 0 0 0 0 0 0 0 1 0 0 0 0 0 0 0 0 0 0 0 0 0 0 0 0 0 0 0 0 0 0 0 0 0 0 0 0 0 0 0 0 0]
[6144076072688015682339380251083020389902818853473474480812822992695418501677490490729911575847101484461164722564262902696955790468657547341365442141556283433438917576047823833654822752380143895390443756146496836632402324796738869543530332598198991317 0 0 0 0 0 0 0 0 0 0 0 0 0 0 0 0 0 0 0 0 0 0 0 0 0 0 0 0 0 0 0 0 0 0 0 0 0 0 0 0 0 0 0 0 0 0 0 0 0 1 0 0 0 0 0 0 0 0 0 0 0 0 0 0 0 0 0 0 0 0 0 0 0 0 0 0 0 0 0 0 0 0]
[2774877340264927422672308790438060675649821250358390420271761864651310471880178682367432888819955241606087901361490019915612860101229191441704679858519266791522951536818765048110212337471213376268219902517843587567831746759944204623340749433379125740 0 0 0 0 0 0 0 0 0 0 0 0 0 0 0 0 0 0 0 0 0 0 0 0 0 0 0 0 0 0 0 0 0 0 0 0 0 0 0 0 0 0 0 0 0 0 0 0 0 0 1 0 0 0 0 0 0 0 0 0 0 0 0 0 0 0 0 0 0 0 0 0 0 0 0 0 0 0 0 0 0 0]
[2531290404939529347341609423095856444878333261932374857133855422843103495984905461443715418320874656030509365575532901751585149739712095840440971364137929796607677233872172995057647695562663723585192624047083669704028366463595368180365999924509462743 0 0 0 0 0 0 0 0 0 0 0 0 0 0 0 0 0 0 0 0 0 0 0 0 0 0 0 0 0 0 0 0 0 0 0 0 0 0 0 0 0 0 0 0 0 0 0 0 0 0 0 1 0 0 0 0 0 0 0 0 0 0 0 0 0 0 0 0 0 0 0 0 0 0 0 0 0 0 0 0 0 0]
[2973017811535935729284826115111336328271823520011423216241823779776125133473862918624090110278647713267953380510991390486084204906458818150772243169499110846119050845116792158806071303856972427334278473852411518339440383839504848414527238990798744733 0 0 0 0 0 0 0 0 0 0 0 0 0 0 0 0 0 0 0 0 0 0 0 0 0 0 0 0 0 0 0 0 0 0 0 0 0 0 0 0 0 0 0 0 0 0 0 0 0 0 0 0 1 0 0 0 0 0 0 0 0 0 0 0 0 0 0 0 0 0 0 0 0 0 0 0 0 0 0 0 0 0]
[1678011804679629303131087840938776641798090874884876872387200279499789324792589735795109200452220682690063457848277290183331189868544987849291270763739160360338136597283182594930663329675584299824224929918169113708609760475096786598656561755076971756 0 0 0 0 0 0 0 0 0 0 0 0 0 0 0 0 0 0 0 0 0 0 0 0 0 0 0 0 0 0 0 0 0 0 0 0 0 0 0 0 0 0 0 0 0 0 0 0 0 0 0 0 0 1 0 0 0 0 0 0 0 0 0 0 0 0 0 0 0 0 0 0 0 0 0 0 0 0 0 0 0 0]
[2689416794527614499979738123884780990760125943250299348303294376834883582727436078988053539282570999364248978760823810618974715939074124673137767390827493846649838772733969998256562054042315324536029587613568400201579755350862509290877973480192282085 0 0 0 0 0 0 0 0 0 0 0 0 0 0 0 0 0 0 0 0 0 0 0 0 0 0 0 0 0 0 0 0 0 0 0 0 0 0 0 0 0 0 0 0 0 0 0 0 0 0 0 0 0 0 1 0 0 0 0 0 0 0 0 0 0 0 0 0 0 0 0 0 0 0 0 0 0 0 0 0 0 0]
[4429294003219813338018788633281091531419844852304120390449283459176527841492644680637021962928425351128425587286389235863620955694076954382087351565920332782837752595693869355418819416663853505407954577514195434804353142039732502738283849737584493613 0 0 0 0 0 0 0 0 0 0 0 0 0 0 0 0 0 0 0 0 0 0 0 0 0 0 0 0 0 0 0 0 0 0 0 0 0 0 0 0 0 0 0 0 0 0 0 0 0 0 0 0 0 0 0 1 0 0 0 0 0 0 0 0 0 0 0 0 0 0 0 0 0 0 0 0 0 0 0 0 0 0]
[6237598334163001159475617377421754589067062220653004297456969471660063297590763924052187749055016574215238573321600024044050362237226335230712224797714611571632288166843196087449812769644568470660402957830635277339034158110419520425853049954403970263 0 0 0 0 0 0 0 0 0 0 0 0 0 0 0 0 0 0 0 0 0 0 0 0 0 0 0 0 0 0 0 0 0 0 0 0 0 0 0 0 0 0 0 0 0 0 0 0 0 0 0 0 0 0 0 0 1 0 0 0 0 0 0 0 0 0 0 0 0 0 0 0 0 0 0 0 0 0 0 0 0 0]
[3209399903414843771595911210529456244963680731418760248798149812254788472897225515886961475150875992337218223822843355207339593735161269279639155266599674554897845216361559900584013508811066715980101567531827490394886431697051621600459527885228829252 0 0 0 0 0 0 0 0 0 0 0 0 0 0 0 0 0 0 0 0 0 0 0 0 0 0 0 0 0 0 0 0 0 0 0 0 0 0 0 0 0 0 0 0 0 0 0 0 0 0 0 0 0 0 0 0 0 1 0 0 0 0 0 0 0 0 0 0 0 0 0 0 0 0 0 0 0 0 0 0 0 0]
[1871416949772123779656979472810867483922398800451564335208251146529479161295637961789892220763725808924063508501643905009058657058295317175623622677805447828208508635063501668338517265585958697297515224599027635054310394585622579935280597816612168896 0 0 0 0 0 0 0 0 0 0 0 0 0 0 0 0 0 0 0 0 0 0 0 0 0 0 0 0 0 0 0 0 0 0 0 0 0 0 0 0 0 0 0 0 0 0 0 0 0 0 0 0 0 0 0 0 0 0 1 0 0 0 0 0 0 0 0 0 0 0 0 0 0 0 0 0 0 0 0 0 0 0]
[6424523687843182908004144354173464450235064683969303971107377094016191896933518300155234247463879449437606446660300997168107466458596862809684084222603871032227277445668342793965411107515791187070619460466123657215767181526114288979466704468656999207 0 0 0 0 0 0 0 0 0 0 0 0 0 0 0 0 0 0 0 0 0 0 0 0 0 0 0 0 0 0 0 0 0 0 0 0 0 0 0 0 0 0 0 0 0 0 0 0 0 0 0 0 0 0 0 0 0 0 0 1 0 0 0 0 0 0 0 0 0 0 0 0 0 0 0 0 0 0 0 0 0 0]
[1530766817973823842808743051360464072424396672039727505670195727216083491883773059067713515563460387620912332186894477754123277693830463001953071440373414034094585700931719817698470680473203441001961719548357133486971493867655070830784893152540782848 0 0 0 0 0 0 0 0 0 0 0 0 0 0 0 0 0 0 0 0 0 0 0 0 0 0 0 0 0 0 0 0 0 0 0 0 0 0 0 0 0 0 0 0 0 0 0 0 0 0 0 0 0 0 0 0 0 0 0 0 1 0 0 0 0 0 0 0 0 0 0 0 0 0 0 0 0 0 0 0 0 0]
[4781316343591907277620002564539771859526528180168271846220631628398437210833616260416643241701740172984330102042462911981072940272127616780947395906942513880459102411566102288956156897646261870296798551639295203215816167886693363293174569820049298258 0 0 0 0 0 0 0 0 0 0 0 0 0 0 0 0 0 0 0 0 0 0 0 0 0 0 0 0 0 0 0 0 0 0 0 0 0 0 0 0 0 0 0 0 0 0 0 0 0 0 0 0 0 0 0 0 0 0 0 0 0 1 0 0 0 0 0 0 0 0 0 0 0 0 0 0 0 0 0 0 0 0]
[3374107951238078429094425613012079604058945293872047718163612419232187868698324851537476329889058604122226180901462342966209024694733404308536698740732383495592795013979084126201413176785793858917288892899480812045728646338246927570027408643398138381 0 0 0 0 0 0 0 0 0 0 0 0 0 0 0 0 0 0 0 0 0 0 0 0 0 0 0 0 0 0 0 0 0 0 0 0 0 0 0 0 0 0 0 0 0 0 0 0 0 0 0 0 0 0 0 0 0 0 0 0 0 0 1 0 0 0 0 0 0 0 0 0 0 0 0 0 0 0 0 0 0 0]
[5166797307887821482301156131345930662148414484203905654895776821397540034118274106217602851445581855860285318378321422559586868117670753784388603412373201108299529754819438521129643284610399757765600642194002567057242028982722554402018767871483826734 0 0 0 0 0 0 0 0 0 0 0 0 0 0 0 0 0 0 0 0 0 0 0 0 0 0 0 0 0 0 0 0 0 0 0 0 0 0 0 0 0 0 0 0 0 0 0 0 0 0 0 0 0 0 0 0 0 0 0 0 0 0 0 1 0 0 0 0 0 0 0 0 0 0 0 0 0 0 0 0 0 0]
[2224196585542086391276456968360131260884059176586716957853440599411659884358182429578201578278307165599402221500744137915486877787317270128021021247821494937293179902341649381776362333501685371438981550273182954766382203028674165029791226319685106360 0 0 0 0 0 0 0 0 0 0 0 0 0 0 0 0 0 0 0 0 0 0 0 0 0 0 0 0 0 0 0 0 0 0 0 0 0 0 0 0 0 0 0 0 0 0 0 0 0 0 0 0 0 0 0 0 0 0 0 0 0 0 0 0 1 0 0 0 0 0 0 0 0 0 0 0 0 0 0 0 0 0]
[2175709566290043188747958795269284241084471674056049004646602983604803470440243119863261888782106930060180375926114360923310157147844919385616484951007087958810083493545472833661228260327645365456309153244107790720278570530099852639683147070057437310 0 0 0 0 0 0 0 0 0 0 0 0 0 0 0 0 0 0 0 0 0 0 0 0 0 0 0 0 0 0 0 0 0 0 0 0 0 0 0 0 0 0 0 0 0 0 0 0 0 0 0 0 0 0 0 0 0 0 0 0 0 0 0 0 0 1 0 0 0 0 0 0 0 0 0 0 0 0 0 0 0 0]
[4660770839774964444840776625201136724881470599175387815670998585243122441263829476862155495973842323960096819776193987651528152506074650782046944394679094031765607401343047248941331767203899498789445266390731532877389910936839247726170935984905033810 0 0 0 0 0 0 0 0 0 0 0 0 0 0 0 0 0 0 0 0 0 0 0 0 0 0 0 0 0 0 0 0 0 0 0 0 0 0 0 0 0 0 0 0 0 0 0 0 0 0 0 0 0 0 0 0 0 0 0 0 0 0 0 0 0 0 1 0 0 0 0 0 0 0 0 0 0 0 0 0 0 0]
[909343998072304742510149250389128426511336052540094346905147938653141475660441388328937516962454169055871766310041334781488758698057103277928080075644555591399809663245267411485202315887837888003563925371022243203954588230901168982798235229384371589 0 0 0 0 0 0 0 0 0 0 0 0 0 0 0 0 0 0 0 0 0 0 0 0 0 0 0 0 0 0 0 0 0 0 0 0 0 0 0 0 0 0 0 0 0 0 0 0 0 0 0 0 0 0 0 0 0 0 0 0 0 0 0 0 0 0 0 1 0 0 0 0 0 0 0 0 0 0 0 0 0 0]
[6485802713427241235424633329570115881197621470982866769675776939840600331460683884430468358207972107738461213403248139989530758725923624775660846582608619636383849985361501386934366021339518536602232643491024175972419538813893676502116490050682661535 0 0 0 0 0 0 0 0 0 0 0 0 0 0 0 0 0 0 0 0 0 0 0 0 0 0 0 0 0 0 0 0 0 0 0 0 0 0 0 0 0 0 0 0 0 0 0 0 0 0 0 0 0 0 0 0 0 0 0 0 0 0 0 0 0 0 0 0 1 0 0 0 0 0 0 0 0 0 0 0 0 0]
[1560274238001938986004163592218951735844247327074978546807913520704270283526130103843654387831666022921904776845943738083629804566585457274994021606853636597485520704775063357180038456522141701555982257565462483672050860239641167578996937096551213142 0 0 0 0 0 0 0 0 0 0 0 0 0 0 0 0 0 0 0 0 0 0 0 0 0 0 0 0 0 0 0 0 0 0 0 0 0 0 0 0 0 0 0 0 0 0 0 0 0 0 0 0 0 0 0 0 0 0 0 0 0 0 0 0 0 0 0 0 0 1 0 0 0 0 0 0 0 0 0 0 0 0]
[1053947343605995797407926134466281417624605427329614598320621836200677567180321950067352969615154741111564177482137478862358166033668457244622386793202350754720022639924459804292821126086807399866435200091359975659732412171251839845427209374670385480 0 0 0 0 0 0 0 0 0 0 0 0 0 0 0 0 0 0 0 0 0 0 0 0 0 0 0 0 0 0 0 0 0 0 0 0 0 0 0 0 0 0 0 0 0 0 0 0 0 0 0 0 0 0 0 0 0 0 0 0 0 0 0 0 0 0 0 0 0 0 1 0 0 0 0 0 0 0 0 0 0 0]
[5944426165045906028141089632896717016310991976850112010756300641998423124883154392857939269975225811931800236656328077016965356902876026867516478019839651705895624872607597844617661520986187173744428535596356798169569049758995001338727211401676222388 0 0 0 0 0 0 0 0 0 0 0 0 0 0 0 0 0 0 0 0 0 0 0 0 0 0 0 0 0 0 0 0 0 0 0 0 0 0 0 0 0 0 0 0 0 0 0 0 0 0 0 0 0 0 0 0 0 0 0 0 0 0 0 0 0 0 0 0 0 0 0 1 0 0 0 0 0 0 0 0 0 0]
[979475178467546738528417583996018137664528410147622918774491295720535923687540802895245974966056123370329368632671520076324499909341930046760748580963150612118409011665932283898257147133922264572692467627641252211520927881434570967994537470539545921 0 0 0 0 0 0 0 0 0 0 0 0 0 0 0 0 0 0 0 0 0 0 0 0 0 0 0 0 0 0 0 0 0 0 0 0 0 0 0 0 0 0 0 0 0 0 0 0 0 0 0 0 0 0 0 0 0 0 0 0 0 0 0 0 0 0 0 0 0 0 0 0 1 0 0 0 0 0 0 0 0 0]
[2218987218533839956280563228798520132696541194041587698057293308954010584830703653721108606832412549535046550340783147222375827498347545368685785539933396941875467237368333696129667683511942035080251064553470766287394218176119693003625049019079592960 0 0 0 0 0 0 0 0 0 0 0 0 0 0 0 0 0 0 0 0 0 0 0 0 0 0 0 0 0 0 0 0 0 0 0 0 0 0 0 0 0 0 0 0 0 0 0 0 0 0 0 0 0 0 0 0 0 0 0 0 0 0 0 0 0 0 0 0 0 0 0 0 0 1 0 0 0 0 0 0 0 0]
[286238691123440670258511155654002575514518340007299720220293225672054354711526810728726568632211986012253584012832532459454958932850169727677814387613415711027244060300042760005759072765170388978762847247901379224690621984028293791169678029663502183 0 0 0 0 0 0 0 0 0 0 0 0 0 0 0 0 0 0 0 0 0 0 0 0 0 0 0 0 0 0 0 0 0 0 0 0 0 0 0 0 0 0 0 0 0 0 0 0 0 0 0 0 0 0 0 0 0 0 0 0 0 0 0 0 0 0 0 0 0 0 0 0 0 0 1 0 0 0 0 0 0 0]
[4468112777864764509964091128843638722628115501448612179945109480512288118123292735478724050358034605379001618733976734743165416243878055273877286211098816272335959080417240958293866900891022864144908803953926149063802743396257016246446203535869587849 0 0 0 0 0 0 0 0 0 0 0 0 0 0 0 0 0 0 0 0 0 0 0 0 0 0 0 0 0 0 0 0 0 0 0 0 0 0 0 0 0 0 0 0 0 0 0 0 0 0 0 0 0 0 0 0 0 0 0 0 0 0 0 0 0 0 0 0 0 0 0 0 0 0 0 1 0 0 0 0 0 0]
[5216650603697592486588690173362760300967958247636498530280171543844447498168886304559654456557691129243487543542633531662419820321667150440568098226951598811716155555384746369965227551587038686087048539304148075879477639229370553743055967747610035782 0 0 0 0 0 0 0 0 0 0 0 0 0 0 0 0 0 0 0 0 0 0 0 0 0 0 0 0 0 0 0 0 0 0 0 0 0 0 0 0 0 0 0 0 0 0 0 0 0 0 0 0 0 0 0 0 0 0 0 0 0 0 0 0 0 0 0 0 0 0 0 0 0 0 0 0 1 0 0 0 0 0]
[6371253246359642718003089091105535226814758723677031356867712993409123165012716536408710111119873468120916014475535646990973094207782442682024264744517003989952663163827146690129593366398647584412280616668247175533405711831418379697996424956574820196 0 0 0 0 0 0 0 0 0 0 0 0 0 0 0 0 0 0 0 0 0 0 0 0 0 0 0 0 0 0 0 0 0 0 0 0 0 0 0 0 0 0 0 0 0 0 0 0 0 0 0 0 0 0 0 0 0 0 0 0 0 0 0 0 0 0 0 0 0 0 0 0 0 0 0 0 0 1 0 0 0 0]
[2181722226406247655484895165207418720105854844239104091965684246283419954012547926327595101783274197827808549560106704668272262887969149449373634567921000449106524288761569586926391097878490998841164883976119134253346998211076015298613250825699927028 0 0 0 0 0 0 0 0 0 0 0 0 0 0 0 0 0 0 0 0 0 0 0 0 0 0 0 0 0 0 0 0 0 0 0 0 0 0 0 0 0 0 0 0 0 0 0 0 0 0 0 0 0 0 0 0 0 0 0 0 0 0 0 0 0 0 0 0 0 0 0 0 0 0 0 0 0 0 1 0 0 0]
[3902534418760180749435197026689175602888391034948330177036694661182688203502505512915870640349996381168186958352886667828821468913759469555270663834380320770298229003405349555040503104751593353609532031543099432014927224256850965566507792898031861611 0 0 0 0 0 0 0 0 0 0 0 0 0 0 0 0 0 0 0 0 0 0 0 0 0 0 0 0 0 0 0 0 0 0 0 0 0 0 0 0 0 0 0 0 0 0 0 0 0 0 0 0 0 0 0 0 0 0 0 0 0 0 0 0 0 0 0 0 0 0 0 0 0 0 0 0 0 0 0 1 0 0]
[1235111321848914142826035208737987849891306509468794311533653176881070956593466584607607669035700991156532069807603078137119277528774179746835225234042472453769366524798721253064943384914502172346575754080354542263287832796191525230490517171125261123 0 0 0 0 0 0 0 0 0 0 0 0 0 0 0 0 0 0 0 0 0 0 0 0 0 0 0 0 0 0 0 0 0 0 0 0 0 0 0 0 0 0 0 0 0 0 0 0 0 0 0 0 0 0 0 0 0 0 0 0 0 0 0 0 0 0 0 0 0 0 0 0 0 0 0 0 0 0 0 0 1 0]
[507975368883287594691279945633138763937861989875247007974171494076927438305242110903699267922993328987879768925313349738907839407982384156327761102023782776633498197233855863195253772863087387406637022141201138983755324050473768125719404856605775099 0 0 0 0 0 0 0 0 0 0 0 0 0 0 0 0 0 0 0 0 0 0 0 0 0 0 0 0 0 0 0 0 0 0 0 0 0 0 0 0 0 0 0 0 0 0 0 0 0 0 0 0 0 0 0 0 0 0 0 0 0 0 0 0 0 0 0 0 0 0 0 0 0 0 0 0 0 0 0 0 0 1]
]
