[[4651654774040155811167130041022144383681411237983007030810073779978917091770478289662867940156592857263778738420418592758495412264528919301635075317666770168412551757659645491073866419109680055519664103526995645857451907056103955418990177911274907482085008002815766461096581339527199 0 0 0 0 0 0 0 0 0 0 0 0 0 0 0 0 0 0 0 0 0 0 0 0 0 0 0 0 0 0 0 0 0 0 0 0 0 0 0 0 0 0 0 0 0 0 0 0 0 0 0 0 0 0 0 0 0 0 0 0 0 0 0 0 0 0 0 0 0 0 0 0 0 0 0 0 0 0 0 0 0 0 0 0 0 0 0 0 0 0 0 0 0]
[761818607718734862586675433411861464711444782503734697421565202493134839191438703088393795975462103924104224937454532054318291699679670281659620855728257475161133548520318516878392526470030425044415097666978506438911421448188186438853093656172843053452492939918127994830111634948123 1 0 0 0 0 0 0 0 0 0 0 0 0 0 0 0 0 0 0 0 0 0 0 0 0 0 0 0 0 0 0 0 0 0 0 0 0 0 0 0 0 0 0 0 0 0 0 0 0 0 0 0 0 0 0 0 0 0 0 0 0 0 0 0 0 0 0 0 0 0 0 0 0 0 0 0 0 0 0 0 0 0 0 0 0 0 0 0 0 0 0 0 0]
[2547342624721566748393394130142781800414485909098448237545706865368429086865900578978787978326281733056535374069920725734232061136276709783206413312184696186743341897608812686410121107135257909489358417304088277914926366101229068720748208984688445035805014190371014869427573003560968 0 1 0 0 0 0 0 0 0 0 0 0 0 0 0 0 0 0 0 0 0 0 0 0 0 0 0 0 0 0 0 0 0 0 0 0 0 0 0 0 0 0 0 0 0 0 0 0 0 0 0 0 0 0 0 0 0 0 0 0 0 0 0 0 0 0 0 0 0 0 0 0 0 0 0 0 0 0 0 0 0 0 0 0 0 0 0 0 0 0 0 0 0]
[1008978693045574105621018620662341836791043211561624772002354693463689742621875753086847554860767891632572496888649533737270930150829418843189671948193420043177660783149812350374888677498935995512176782174304398913095580227119059424760215239023277709761553698761167395702819616134305 0 0 1 0 0 0 0 0 0 0 0 0 0 0 0 0 0 0 0 0 0 0 0 0 0 0 0 0 0 0 0 0 0 0 0 0 0 0 0 0 0 0 0 0 0 0 0 0 0 0 0 0 0 0 0 0 0 0 0 0 0 0 0 0 0 0 0 0 0 0 0 0 0 0 0 0 0 0 0 0 0 0 0 0 0 0 0 0 0 0 0 0 0]
[4408127187097394872218659427162665329823122545099655628574063644335428612203048136063040184348074005896045143259296074221766890074097731842971606841419196612566325107762202937284668015202094941280777689902273157984449336010127358506464467778554604844804758497857049580251629795757101 0 0 0 1 0 0 0 0 0 0 0 0 0 0 0 0 0 0 0 0 0 0 0 0 0 0 0 0 0 0 0 0 0 0 0 0 0 0 0 0 0 0 0 0 0 0 0 0 0 0 0 0 0 0 0 0 0 0 0 0 0 0 0 0 0 0 0 0 0 0 0 0 0 0 0 0 0 0 0 0 0 0 0 0 0 0 0 0 0 0 0 0 0]
[2649690883693511621103220032597652532749278505589844627842629478551261834465234945460007438403855394734676233929084516974083533261571027977635523222059028070906928681326652491361965115195627513209266766441018077214454374227654647708159980363574118495861381364221142549830474302144827 0 0 0 0 1 0 0 0 0 0 0 0 0 0 0 0 0 0 0 0 0 0 0 0 0 0 0 0 0 0 0 0 0 0 0 0 0 0 0 0 0 0 0 0 0 0 0 0 0 0 0 0 0 0 0 0 0 0 0 0 0 0 0 0 0 0 0 0 0 0 0 0 0 0 0 0 0 0 0 0 0 0 0 0 0 0 0 0 0 0 0 0 0]
[4428642289068101624617570801475212714009920940225039768549209287306110240327282175560097435149713427049672733396765722219215258242430204168370474369685278737848854745960409767251176909036857058851065377292742798624983350933669689200576058224498916195185438388680648463207084569556834 0 0 0 0 0 1 0 0 0 0 0 0 0 0 0 0 0 0 0 0 0 0 0 0 0 0 0 0 0 0 0 0 0 0 0 0 0 0 0 0 0 0 0 0 0 0 0 0 0 0 0 0 0 0 0 0 0 0 0 0 0 0 0 0 0 0 0 0 0 0 0 0 0 0 0 0 0 0 0 0 0 0 0 0 0 0 0 0 0 0 0 0 0]
[4272116669183654313127309176902021498964363943964501192350093543393617285209062554400631728247218524975269573815090933699760655273590004666677975574665632987846149598355242336386900995551472747944920948785337850619002565556103059900195268864635068670612654275627098336952397062962044 0 0 0 0 0 0 1 0 0 0 0 0 0 0 0 0 0 0 0 0 0 0 0 0 0 0 0 0 0 0 0 0 0 0 0 0 0 0 0 0 0 0 0 0 0 0 0 0 0 0 0 0 0 0 0 0 0 0 0 0 0 0 0 0 0 0 0 0 0 0 0 0 0 0 0 0 0 0 0 0 0 0 0 0 0 0 0 0 0 0 0 0 0]
[260809225989674862233825783648211069120580289940986741900296143946171008560618302350211023991191007118211081102031006575177926332215923021515358057148560035238356767855701835326895952414976470450072975271881175308222543533951920197341127895898646343452715300684124065801149873800919 0 0 0 0 0 0 0 1 0 0 0 0 0 0 0 0 0 0 0 0 0 0 0 0 0 0 0 0 0 0 0 0 0 0 0 0 0 0 0 0 0 0 0 0 0 0 0 0 0 0 0 0 0 0 0 0 0 0 0 0 0 0 0 0 0 0 0 0 0 0 0 0 0 0 0 0 0 0 0 0 0 0 0 0 0 0 0 0 0 0 0 0 0]
[3259348677082023589369100829789616020583019347799881373621177751988297907316942984390046803737746485897238522865556603508748020015374493074923549836370825437957437776274734942877231647475482229312444271280164320962563568150685768813738531271044533975852562590448669980905915335767141 0 0 0 0 0 0 0 0 1 0 0 0 0 0 0 0 0 0 0 0 0 0 0 0 0 0 0 0 0 0 0 0 0 0 0 0 0 0 0 0 0 0 0 0 0 0 0 0 0 0 0 0 0 0 0 0 0 0 0 0 0 0 0 0 0 0 0 0 0 0 0 0 0 0 0 0 0 0 0 0 0 0 0 0 0 0 0 0 0 0 0 0 0]
[2183919681663236422394076917325409375268766857509640052500106850168885410892873826996699519456584022575169599766998947665040186628064121010066593262468603140065555174609370710977264771699433486643779033452204207207430631605077740509189124288479185672415694104014889099227889863520960 0 0 0 0 0 0 0 0 0 1 0 0 0 0 0 0 0 0 0 0 0 0 0 0 0 0 0 0 0 0 0 0 0 0 0 0 0 0 0 0 0 0 0 0 0 0 0 0 0 0 0 0 0 0 0 0 0 0 0 0 0 0 0 0 0 0 0 0 0 0 0 0 0 0 0 0 0 0 0 0 0 0 0 0 0 0 0 0 0 0 0 0 0]
[1005199478416746732932123204261855141039168196046054932452028078772791284026335283759003047099981244524091197970852901228118499036333748577387129102904495829403600151453367718123512840626921527688718851635042516753724743001043773649901286151086220225857066834396274485281174569443697 0 0 0 0 0 0 0 0 0 0 1 0 0 0 0 0 0 0 0 0 0 0 0 0 0 0 0 0 0 0 0 0 0 0 0 0 0 0 0 0 0 0 0 0 0 0 0 0 0 0 0 0 0 0 0 0 0 0 0 0 0 0 0 0 0 0 0 0 0 0 0 0 0 0 0 0 0 0 0 0 0 0 0 0 0 0 0 0 0 0 0 0 0]
[250693250719828661470507972814510988066609873243420017265723596972852114875947259183613341646150905812673423184101814183148557408309738530039916168300575176087116316833933120098388550991595572851663373879777468714404127061572522602916973136474274249367989408228791038940391047482229 0 0 0 0 0 0 0 0 0 0 0 1 0 0 0 0 0 0 0 0 0 0 0 0 0 0 0 0 0 0 0 0 0 0 0 0 0 0 0 0 0 0 0 0 0 0 0 0 0 0 0 0 0 0 0 0 0 0 0 0 0 0 0 0 0 0 0 0 0 0 0 0 0 0 0 0 0 0 0 0 0 0 0 0 0 0 0 0 0 0 0 0 0]
[1153644097028066148699002794816234804548798384913449679690848572218169650023236045703797394584082879910915172962626419574233424910094291531229937456166710777588831798609746828203832860973449474339876711745585756140614265392811209851431941160382570352809567508511158367569203795783579 0 0 0 0 0 0 0 0 0 0 0 0 1 0 0 0 0 0 0 0 0 0 0 0 0 0 0 0 0 0 0 0 0 0 0 0 0 0 0 0 0 0 0 0 0 0 0 0 0 0 0 0 0 0 0 0 0 0 0 0 0 0 0 0 0 0 0 0 0 0 0 0 0 0 0 0 0 0 0 0 0 0 0 0 0 0 0 0 0 0 0 0 0]
[903295786421535004091082667529171160964741572492559158904268363296246826086348994036890946294236722342158079675422738563443374231298950585173847790290384677581103151948960816960939556688990790682354444947130484456730310237251467799643204067641732856164305336486873192040920670910672 0 0 0 0 0 0 0 0 0 0 0 0 0 1 0 0 0 0 0 0 0 0 0 0 0 0 0 0 0 0 0 0 0 0 0 0 0 0 0 0 0 0 0 0 0 0 0 0 0 0 0 0 0 0 0 0 0 0 0 0 0 0 0 0 0 0 0 0 0 0 0 0 0 0 0 0 0 0 0 0 0 0 0 0 0 0 0 0 0 0 0 0 0]
[3088952145929635895370824759731577109621000973074107398892073612362081215669695211217674054912642819083637074963767826369351050593641721315267696592609457225386609416680150388501641930555134836818375817541812109903335967624150668024533207419354908487513126550011925045812712749499296 0 0 0 0 0 0 0 0 0 0 0 0 0 0 1 0 0 0 0 0 0 0 0 0 0 0 0 0 0 0 0 0 0 0 0 0 0 0 0 0 0 0 0 0 0 0 0 0 0 0 0 0 0 0 0 0 0 0 0 0 0 0 0 0 0 0 0 0 0 0 0 0 0 0 0 0 0 0 0 0 0 0 0 0 0 0 0 0 0 0 0 0 0]
[2653298858450713257249099343628681842537403289291363961335062858738048471768205209141820240053327274859972217912338285276742170151083347395630271707244581147154613176512794089187720235612152889094268878377467277110043911676538520327735540070104178333634553141412017037501654516272679 0 0 0 0 0 0 0 0 0 0 0 0 0 0 0 1 0 0 0 0 0 0 0 0 0 0 0 0 0 0 0 0 0 0 0 0 0 0 0 0 0 0 0 0 0 0 0 0 0 0 0 0 0 0 0 0 0 0 0 0 0 0 0 0 0 0 0 0 0 0 0 0 0 0 0 0 0 0 0 0 0 0 0 0 0 0 0 0 0 0 0 0 0]
[3144934399632049531684852816342800110724347185834332397651433446168241322180628149551565747192200964476986179240730690650588768970966143073742522302570917813203044087539598876817681630592852589750038647822895303679570852323062528672309832406834808025549851553044820800223823824935324 0 0 0 0 0 0 0 0 0 0 0 0 0 0 0 0 1 0 0 0 0 0 0 0 0 0 0 0 0 0 0 0 0 0 0 0 0 0 0 0 0 0 0 0 0 0 0 0 0 0 0 0 0 0 0 0 0 0 0 0 0 0 0 0 0 0 0 0 0 0 0 0 0 0 0 0 0 0 0 0 0 0 0 0 0 0 0 0 0 0 0 0 0]
[1138292255381814213921888376382746225359629466096142675285900561887501775452234649661402037604547516692267643839154539343373844982481091903984755688534860580828235012735228151788721873034370888115442105311316166913939799780326832817722743500724315163473703316164116057987088061922859 0 0 0 0 0 0 0 0 0 0 0 0 0 0 0 0 0 1 0 0 0 0 0 0 0 0 0 0 0 0 0 0 0 0 0 0 0 0 0 0 0 0 0 0 0 0 0 0 0 0 0 0 0 0 0 0 0 0 0 0 0 0 0 0 0 0 0 0 0 0 0 0 0 0 0 0 0 0 0 0 0 0 0 0 0 0 0 0 0 0 0 0 0]
[249201090002279800219209867971867115554799758270521069831415149890031365808028780541951683810066189162736833706887261625644061059322030752957044357236857742325348479749241673257559088060402893224308071276878719494948075759859576373027718768257036233934229311893343430577561899529957 0 0 0 0 0 0 0 0 0 0 0 0 0 0 0 0 0 0 1 0 0 0 0 0 0 0 0 0 0 0 0 0 0 0 0 0 0 0 0 0 0 0 0 0 0 0 0 0 0 0 0 0 0 0 0 0 0 0 0 0 0 0 0 0 0 0 0 0 0 0 0 0 0 0 0 0 0 0 0 0 0 0 0 0 0 0 0 0 0 0 0 0 0]
[3450760416871010256947239583099513091445290778065595205157541293276088210116331347111001790254002873513684497345986187617919067165881581518020989809014807935438686853306484523805877641495139043512527916631752623369512607965023885627928553685414093378113011272569834351906163182970693 0 0 0 0 0 0 0 0 0 0 0 0 0 0 0 0 0 0 0 1 0 0 0 0 0 0 0 0 0 0 0 0 0 0 0 0 0 0 0 0 0 0 0 0 0 0 0 0 0 0 0 0 0 0 0 0 0 0 0 0 0 0 0 0 0 0 0 0 0 0 0 0 0 0 0 0 0 0 0 0 0 0 0 0 0 0 0 0 0 0 0 0 0]
[2633265302245534528204003854654317677437725400693520864524930517448580422879432756509753794130063640594145546331583420929606023163623132191108010126551360463856351942065762515156725331333366909176647959410846347038249136386705979702135662767671310011646683887944492213659199455783882 0 0 0 0 0 0 0 0 0 0 0 0 0 0 0 0 0 0 0 0 1 0 0 0 0 0 0 0 0 0 0 0 0 0 0 0 0 0 0 0 0 0 0 0 0 0 0 0 0 0 0 0 0 0 0 0 0 0 0 0 0 0 0 0 0 0 0 0 0 0 0 0 0 0 0 0 0 0 0 0 0 0 0 0 0 0 0 0 0 0 0 0 0]
[4526781050098418328508910026789381523650093208239487636577064955659953758188312450152538456956259003105859266545783257122307667603949355141533128795874724263962367425942897141025858000200242980440959207644738263165588844684264196113218367725084192520850218812039543108013267192352316 0 0 0 0 0 0 0 0 0 0 0 0 0 0 0 0 0 0 0 0 0 1 0 0 0 0 0 0 0 0 0 0 0 0 0 0 0 0 0 0 0 0 0 0 0 0 0 0 0 0 0 0 0 0 0 0 0 0 0 0 0 0 0 0 0 0 0 0 0 0 0 0 0 0 0 0 0 0 0 0 0 0 0 0 0 0 0 0 0 0 0 0 0]
[2745101137323227863306512711842365035730860387470463574574131096462065926830091055321899981115597334544964762754072833119687138570564709084367589061735033030608136468704479378394021082358215619200239122935121044145038465364506861272287936345635872596940756011656725042267414153821709 0 0 0 0 0 0 0 0 0 0 0 0 0 0 0 0 0 0 0 0 0 0 1 0 0 0 0 0 0 0 0 0 0 0 0 0 0 0 0 0 0 0 0 0 0 0 0 0 0 0 0 0 0 0 0 0 0 0 0 0 0 0 0 0 0 0 0 0 0 0 0 0 0 0 0 0 0 0 0 0 0 0 0 0 0 0 0 0 0 0 0 0 0]
[4408722311107292189228505143638479911788804217053084446911470899802642209975764207556429343698490815155734051383666631478475479918779747621571612996895533984843008482875771459620605187684759911535482236591742114711625754088200374795031514794210615125577322143572765306349893778885850 0 0 0 0 0 0 0 0 0 0 0 0 0 0 0 0 0 0 0 0 0 0 0 1 0 0 0 0 0 0 0 0 0 0 0 0 0 0 0 0 0 0 0 0 0 0 0 0 0 0 0 0 0 0 0 0 0 0 0 0 0 0 0 0 0 0 0 0 0 0 0 0 0 0 0 0 0 0 0 0 0 0 0 0 0 0 0 0 0 0 0 0 0]
[1987462888123961846973114581497909840411082698123543707590135439032379093642276907589534990310013076388676702565555263858464603010730702575149667086473075647984495867451441772264817485643618607449373687947732909256007302750157997357808771308966347024725681612099312564685831278127908 0 0 0 0 0 0 0 0 0 0 0 0 0 0 0 0 0 0 0 0 0 0 0 0 1 0 0 0 0 0 0 0 0 0 0 0 0 0 0 0 0 0 0 0 0 0 0 0 0 0 0 0 0 0 0 0 0 0 0 0 0 0 0 0 0 0 0 0 0 0 0 0 0 0 0 0 0 0 0 0 0 0 0 0 0 0 0 0 0 0 0 0 0]
[4406227747716667276927462252344356610252248676780907157271966928323822195931792603309647739186371098470023834831375026193876877753627356206315650269905467775146345197838764049267206953602634214646489841489244178517447319365755296714984819346720753298712903271743199244571937961292605 0 0 0 0 0 0 0 0 0 0 0 0 0 0 0 0 0 0 0 0 0 0 0 0 0 1 0 0 0 0 0 0 0 0 0 0 0 0 0 0 0 0 0 0 0 0 0 0 0 0 0 0 0 0 0 0 0 0 0 0 0 0 0 0 0 0 0 0 0 0 0 0 0 0 0 0 0 0 0 0 0 0 0 0 0 0 0 0 0 0 0 0 0]
[1936763199740969891460070748371982203196380929314847418456496728531602768660765987996987156344805711185218436604936671812613681819284505777932024424232711654619080870082575444720396275449578661387446868618779144943028014159017037817035150103102096439814048597518703488585750329587112 0 0 0 0 0 0 0 0 0 0 0 0 0 0 0 0 0 0 0 0 0 0 0 0 0 0 1 0 0 0 0 0 0 0 0 0 0 0 0 0 0 0 0 0 0 0 0 0 0 0 0 0 0 0 0 0 0 0 0 0 0 0 0 0 0 0 0 0 0 0 0 0 0 0 0 0 0 0 0 0 0 0 0 0 0 0 0 0 0 0 0 0 0]
[3216709100095277535721285162072468791446203139366085054769865197665691675843125644355532299541584187862882338867968808545049382033911135767462334094448431468976532111174146078694439724795000344481734962642118362180397683804701846639326754909491418064453045919962406329404066797882281 0 0 0 0 0 0 0 0 0 0 0 0 0 0 0 0 0 0 0 0 0 0 0 0 0 0 0 1 0 0 0 0 0 0 0 0 0 0 0 0 0 0 0 0 0 0 0 0 0 0 0 0 0 0 0 0 0 0 0 0 0 0 0 0 0 0 0 0 0 0 0 0 0 0 0 0 0 0 0 0 0 0 0 0 0 0 0 0 0 0 0 0 0]
[4241999476015571252666000198703401544254500563865303244283824684400991491887755401298978809782494782878536809574247908050985305380015390915836957907601300070845542850617374348173767953913301077421079641229193088934426106606196777440848613049948020462207584222879407631241051980027446 0 0 0 0 0 0 0 0 0 0 0 0 0 0 0 0 0 0 0 0 0 0 0 0 0 0 0 0 1 0 0 0 0 0 0 0 0 0 0 0 0 0 0 0 0 0 0 0 0 0 0 0 0 0 0 0 0 0 0 0 0 0 0 0 0 0 0 0 0 0 0 0 0 0 0 0 0 0 0 0 0 0 0 0 0 0 0 0 0 0 0 0 0]
[2811134249726841278136812417899079402188888835999405589396342609371506102098709112983959822050272780004083542140503198543269854742575405263933883311068698790370271916898079130332247252541791517639963312982017527468846948789953532148247520329765945716952425849251040007434190256463177 0 0 0 0 0 0 0 0 0 0 0 0 0 0 0 0 0 0 0 0 0 0 0 0 0 0 0 0 0 1 0 0 0 0 0 0 0 0 0 0 0 0 0 0 0 0 0 0 0 0 0 0 0 0 0 0 0 0 0 0 0 0 0 0 0 0 0 0 0 0 0 0 0 0 0 0 0 0 0 0 0 0 0 0 0 0 0 0 0 0 0 0 0]
[2601695225650541895816638904073799811047509142711350042206887434488836423095040223548024441670294188617547438104812819976329449393062618713546022381106631809936311912573862876637163421276805146032136791471037600654619342031603066163730938771565199913147247854055708707413757143205465 0 0 0 0 0 0 0 0 0 0 0 0 0 0 0 0 0 0 0 0 0 0 0 0 0 0 0 0 0 0 1 0 0 0 0 0 0 0 0 0 0 0 0 0 0 0 0 0 0 0 0 0 0 0 0 0 0 0 0 0 0 0 0 0 0 0 0 0 0 0 0 0 0 0 0 0 0 0 0 0 0 0 0 0 0 0 0 0 0 0 0 0 0]
[553428865669414375375258257603252448777107298487589046634736291313206276792308046942754574169256312082366098175176041641911205351053923449452677017344956496869213731380581979204260147187240619134015447825789637217233502783439319890968719047073059376742139425522367377115537085203907 0 0 0 0 0 0 0 0 0 0 0 0 0 0 0 0 0 0 0 0 0 0 0 0 0 0 0 0 0 0 0 1 0 0 0 0 0 0 0 0 0 0 0 0 0 0 0 0 0 0 0 0 0 0 0 0 0 0 0 0 0 0 0 0 0 0 0 0 0 0 0 0 0 0 0 0 0 0 0 0 0 0 0 0 0 0 0 0 0 0 0 0 0]
[1087074664697752894851727388639220351404165031764375135556587378085287688726245766393744650301160907470332860001514080411270022024717485346968585934772378716429823076569717598520397875848566136400108372479092336274463791834450335601006854145485928348114404861857612381566408180081343 0 0 0 0 0 0 0 0 0 0 0 0 0 0 0 0 0 0 0 0 0 0 0 0 0 0 0 0 0 0 0 0 1 0 0 0 0 0 0 0 0 0 0 0 0 0 0 0 0 0 0 0 0 0 0 0 0 0 0 0 0 0 0 0 0 0 0 0 0 0 0 0 0 0 0 0 0 0 0 0 0 0 0 0 0 0 0 0 0 0 0 0 0]
[1597397238706994553186090781788597249730072442261255692139584265268863837434362522819999753280196108686558159218517438674416594693343191155747037156018615015285784549529174264423324838881650329975534789076926798000360728096963892427599584738047506855687184980991690858839099414697083 0 0 0 0 0 0 0 0 0 0 0 0 0 0 0 0 0 0 0 0 0 0 0 0 0 0 0 0 0 0 0 0 0 1 0 0 0 0 0 0 0 0 0 0 0 0 0 0 0 0 0 0 0 0 0 0 0 0 0 0 0 0 0 0 0 0 0 0 0 0 0 0 0 0 0 0 0 0 0 0 0 0 0 0 0 0 0 0 0 0 0 0 0]
[1433168072620641916279524247228803780748121592265321004242428426993037175771759132405652866762658665500464543356691689970572239670507134830351603592692878898689837287159088984799517862372309960663590426797660927469842222248525860674519546941386891525739220554515714990499482571933748 0 0 0 0 0 0 0 0 0 0 0 0 0 0 0 0 0 0 0 0 0 0 0 0 0 0 0 0 0 0 0 0 0 0 1 0 0 0 0 0 0 0 0 0 0 0 0 0 0 0 0 0 0 0 0 0 0 0 0 0 0 0 0 0 0 0 0 0 0 0 0 0 0 0 0 0 0 0 0 0 0 0 0 0 0 0 0 0 0 0 0 0 0]
[55722691521619950520541624360584936879859767949822835875809210464656208693595631760899725856292949065707130001848231569735189318772475688230082855827789855485899530101454823870861946504935176461002599060247990803720730499584574398189737817428864385242205503480261942114071215028631 0 0 0 0 0 0 0 0 0 0 0 0 0 0 0 0 0 0 0 0 0 0 0 0 0 0 0 0 0 0 0 0 0 0 0 1 0 0 0 0 0 0 0 0 0 0 0 0 0 0 0 0 0 0 0 0 0 0 0 0 0 0 0 0 0 0 0 0 0 0 0 0 0 0 0 0 0 0 0 0 0 0 0 0 0 0 0 0 0 0 0 0 0]
[2708714128935615335540729900928561664453568582118167240330588240675917735667026192332970126974883215664459651714180683627164286153233327610484195068085000772034323466205632439497930667380282054391162302417706820646895910094320148614792082901455297248053803436927472142289748174333838 0 0 0 0 0 0 0 0 0 0 0 0 0 0 0 0 0 0 0 0 0 0 0 0 0 0 0 0 0 0 0 0 0 0 0 0 1 0 0 0 0 0 0 0 0 0 0 0 0 0 0 0 0 0 0 0 0 0 0 0 0 0 0 0 0 0 0 0 0 0 0 0 0 0 0 0 0 0 0 0 0 0 0 0 0 0 0 0 0 0 0 0 0]
[4451423823552177598657907383494947497791273930407743970362519652346614578540525721884263583988671385109108372200693858990896489870405876866971009674698471493282575409219511678705897734166122900096149706119391781954404290797702273745717754233194708211602115356748000749438961912388961 0 0 0 0 0 0 0 0 0 0 0 0 0 0 0 0 0 0 0 0 0 0 0 0 0 0 0 0 0 0 0 0 0 0 0 0 0 1 0 0 0 0 0 0 0 0 0 0 0 0 0 0 0 0 0 0 0 0 0 0 0 0 0 0 0 0 0 0 0 0 0 0 0 0 0 0 0 0 0 0 0 0 0 0 0 0 0 0 0 0 0 0 0]
[326245155562777892144276841047488991798977090513075207235237233712531270341096719192186553230371279144938486895875504265049556394426782501348340559234925294657261018479249963006896133658079491577291403852889613125300299611371900994663998782830693651757377187266593398249049419527846 0 0 0 0 0 0 0 0 0 0 0 0 0 0 0 0 0 0 0 0 0 0 0 0 0 0 0 0 0 0 0 0 0 0 0 0 0 0 1 0 0 0 0 0 0 0 0 0 0 0 0 0 0 0 0 0 0 0 0 0 0 0 0 0 0 0 0 0 0 0 0 0 0 0 0 0 0 0 0 0 0 0 0 0 0 0 0 0 0 0 0 0 0]
[209339258407584392111667779198612461081262912222879832996687322698009483222661875133440524321754383517655638940782372050738424934913519847693666212348156164701905181537871165635753809759566366164265961290232991364237007269179594640418066593108198876617773245980793471712161601955008 0 0 0 0 0 0 0 0 0 0 0 0 0 0 0 0 0 0 0 0 0 0 0 0 0 0 0 0 0 0 0 0 0 0 0 0 0 0 0 1 0 0 0 0 0 0 0 0 0 0 0 0 0 0 0 0 0 0 0 0 0 0 0 0 0 0 0 0 0 0 0 0 0 0 0 0 0 0 0 0 0 0 0 0 0 0 0 0 0 0 0 0 0]
[3052462428084566714833781479895646098023316668009034335815008079464399100593804627427149289798574936362071355769800689210141193099349429067654701600127743422886217118379666950299039063674214986965270237219970663242421055283006450490225214606644348555386606134103474730630175230666716 0 0 0 0 0 0 0 0 0 0 0 0 0 0 0 0 0 0 0 0 0 0 0 0 0 0 0 0 0 0 0 0 0 0 0 0 0 0 0 0 1 0 0 0 0 0 0 0 0 0 0 0 0 0 0 0 0 0 0 0 0 0 0 0 0 0 0 0 0 0 0 0 0 0 0 0 0 0 0 0 0 0 0 0 0 0 0 0 0 0 0 0 0]
[3539613635808291852832993300751016380872984719826420641964222458642154186048385236715563845102122133657369657832347952042655802912054748527645688473249821496335498728587311048388266845312679696452583293110750280984176117283333958967918323465550892956389627208303687766891378304084029 0 0 0 0 0 0 0 0 0 0 0 0 0 0 0 0 0 0 0 0 0 0 0 0 0 0 0 0 0 0 0 0 0 0 0 0 0 0 0 0 0 1 0 0 0 0 0 0 0 0 0 0 0 0 0 0 0 0 0 0 0 0 0 0 0 0 0 0 0 0 0 0 0 0 0 0 0 0 0 0 0 0 0 0 0 0 0 0 0 0 0 0 0]
[3743667751306786194329232366530080685166986354981316134778223317693664465686661391279631563193315048677305231667265377559159152246512172239139069720754076883426635592955710258962053982896865336766593001593586588837419708319699430827664538757488060219111480416623388224577945340153573 0 0 0 0 0 0 0 0 0 0 0 0 0 0 0 0 0 0 0 0 0 0 0 0 0 0 0 0 0 0 0 0 0 0 0 0 0 0 0 0 0 0 1 0 0 0 0 0 0 0 0 0 0 0 0 0 0 0 0 0 0 0 0 0 0 0 0 0 0 0 0 0 0 0 0 0 0 0 0 0 0 0 0 0 0 0 0 0 0 0 0 0 0]
[2495001486580292170240026772288723329364063884711505368336386469581570617137613463955334479563658966774712299008687967928640306705680508833709546393331630924097095704422654386430416833334065941599715479700969058905175822370318149354560916811709340630497649658010089936261969956639241 0 0 0 0 0 0 0 0 0 0 0 0 0 0 0 0 0 0 0 0 0 0 0 0 0 0 0 0 0 0 0 0 0 0 0 0 0 0 0 0 0 0 0 1 0 0 0 0 0 0 0 0 0 0 0 0 0 0 0 0 0 0 0 0 0 0 0 0 0 0 0 0 0 0 0 0 0 0 0 0 0 0 0 0 0 0 0 0 0 0 0 0 0]
[3885152991350395691330841374809932944628946826325893922323945272552472332501071400479316056053033871277259082127333152011430230901534401953289962734209388341446899715833034520395048457477804865733540346748057405158538004864270581326631814741073026547519422867484272203481492099078636 0 0 0 0 0 0 0 0 0 0 0 0 0 0 0 0 0 0 0 0 0 0 0 0 0 0 0 0 0 0 0 0 0 0 0 0 0 0 0 0 0 0 0 0 1 0 0 0 0 0 0 0 0 0 0 0 0 0 0 0 0 0 0 0 0 0 0 0 0 0 0 0 0 0 0 0 0 0 0 0 0 0 0 0 0 0 0 0 0 0 0 0 0]
[4607888975228359103440432872718307633650090158817139265424273758146608047496149109713474063524991372780800286450321232131686509805515046639879013999283882877106957182779757837107210929697717753872819668522384207192861658274562888615101156755686744536335040254171891553541331387074055 0 0 0 0 0 0 0 0 0 0 0 0 0 0 0 0 0 0 0 0 0 0 0 0 0 0 0 0 0 0 0 0 0 0 0 0 0 0 0 0 0 0 0 0 0 1 0 0 0 0 0 0 0 0 0 0 0 0 0 0 0 0 0 0 0 0 0 0 0 0 0 0 0 0 0 0 0 0 0 0 0 0 0 0 0 0 0 0 0 0 0 0 0]
[1334507734017713135467671453236686727594215559055693853970559402467741548202880446361052852430240794660084052696257328135214415027001270823232180508172798419959005192438279981820440858648465738749125074713671858303188876177095215727825172043219706423470417291094532738141754648510453 0 0 0 0 0 0 0 0 0 0 0 0 0 0 0 0 0 0 0 0 0 0 0 0 0 0 0 0 0 0 0 0 0 0 0 0 0 0 0 0 0 0 0 0 0 0 1 0 0 0 0 0 0 0 0 0 0 0 0 0 0 0 0 0 0 0 0 0 0 0 0 0 0 0 0 0 0 0 0 0 0 0 0 0 0 0 0 0 0 0 0 0 0]
[4237935605231345153518072504283743416672775871632244896377268484104235211095258613531293730283478640173462600498602092257451513639174780103147986800566772274996836599914175785481949868099503204522475226765605594834824268308061026335122916948032594445154970612331241408811037319705636 0 0 0 0 0 0 0 0 0 0 0 0 0 0 0 0 0 0 0 0 0 0 0 0 0 0 0 0 0 0 0 0 0 0 0 0 0 0 0 0 0 0 0 0 0 0 0 1 0 0 0 0 0 0 0 0 0 0 0 0 0 0 0 0 0 0 0 0 0 0 0 0 0 0 0 0 0 0 0 0 0 0 0 0 0 0 0 0 0 0 0 0 0]
[2787209001596755750974327948608571970606812002897820973097583685058650017587211924006043083142735389469087958656678361271287287850783630914455728274791200459680795574453105149863459592824178177836120686598316801822751554439110279720600956059930828839240892648617695874735312688394733 0 0 0 0 0 0 0 0 0 0 0 0 0 0 0 0 0 0 0 0 0 0 0 0 0 0 0 0 0 0 0 0 0 0 0 0 0 0 0 0 0 0 0 0 0 0 0 0 1 0 0 0 0 0 0 0 0 0 0 0 0 0 0 0 0 0 0 0 0 0 0 0 0 0 0 0 0 0 0 0 0 0 0 0 0 0 0 0 0 0 0 0 0]
[2364798045089834398734221886949813923697518340456291666545381621232297956163144933906078433861868502231444904907040586976027623962350793319887720492242672867861764465067233400292626421758919665471111177057589792358368933113872562831325306031067624591292804662168345387527416527139850 0 0 0 0 0 0 0 0 0 0 0 0 0 0 0 0 0 0 0 0 0 0 0 0 0 0 0 0 0 0 0 0 0 0 0 0 0 0 0 0 0 0 0 0 0 0 0 0 0 1 0 0 0 0 0 0 0 0 0 0 0 0 0 0 0 0 0 0 0 0 0 0 0 0 0 0 0 0 0 0 0 0 0 0 0 0 0 0 0 0 0 0 0]
[4387631083002548681655376089260528231723710226070229544935168993416129230711408681779904185729487434442489382746522077490996509999472859981650786893248956805496844023474735458839781689987095003574904718063594385665914494047237908826555134204023367149303277392737788474926365937646354 0 0 0 0 0 0 0 0 0 0 0 0 0 0 0 0 0 0 0 0 0 0 0 0 0 0 0 0 0 0 0 0 0 0 0 0 0 0 0 0 0 0 0 0 0 0 0 0 0 0 1 0 0 0 0 0 0 0 0 0 0 0 0 0 0 0 0 0 0 0 0 0 0 0 0 0 0 0 0 0 0 0 0 0 0 0 0 0 0 0 0 0 0]
[525347895161085898690315869152908455166754951149253470302561383665110479424224524744078037916680580598095394731012961457129755555102869453796239555608727618708032592606367334815950907980598605367954585282154324325601354035281098588022403065464383484757430052615600895964318800494105 0 0 0 0 0 0 0 0 0 0 0 0 0 0 0 0 0 0 0 0 0 0 0 0 0 0 0 0 0 0 0 0 0 0 0 0 0 0 0 0 0 0 0 0 0 0 0 0 0 0 0 1 0 0 0 0 0 0 0 0 0 0 0 0 0 0 0 0 0 0 0 0 0 0 0 0 0 0 0 0 0 0 0 0 0 0 0 0 0 0 0 0 0]
[3033388178583611594051429921821606242765358593987013948491349318460904191883728237060459685383397632973661083341003542281636383410816877766483504056181044367711564362957067184062420156153322082381877098343564800282999299727484810271142249928728137345544850054804208884634108094208067 0 0 0 0 0 0 0 0 0 0 0 0 0 0 0 0 0 0 0 0 0 0 0 0 0 0 0 0 0 0 0 0 0 0 0 0 0 0 0 0 0 0 0 0 0 0 0 0 0 0 0 0 1 0 0 0 0 0 0 0 0 0 0 0 0 0 0 0 0 0 0 0 0 0 0 0 0 0 0 0 0 0 0 0 0 0 0 0 0 0 0 0 0]
[2092532299646741881243263385562939519968502148999462134560155673217831523963186725153870969385791042269468747900318892845772324822621183258897306215410852602510393114793114024689320078780489145969338103220656038536340950393318622913453403031651408970827975217285771773067479434289064 0 0 0 0 0 0 0 0 0 0 0 0 0 0 0 0 0 0 0 0 0 0 0 0 0 0 0 0 0 0 0 0 0 0 0 0 0 0 0 0 0 0 0 0 0 0 0 0 0 0 0 0 0 1 0 0 0 0 0 0 0 0 0 0 0 0 0 0 0 0 0 0 0 0 0 0 0 0 0 0 0 0 0 0 0 0 0 0 0 0 0 0 0]
[2948239238657447140989352747428379148098454939116711738026205576649056953497280344293056546679525391256925918675397471942269889804593687136382420895747853327595611506204803997240771126452549045665221431995107646934857220987967205740386142061654210152899797996860262478430115453494298 0 0 0 0 0 0 0 0 0 0 0 0 0 0 0 0 0 0 0 0 0 0 0 0 0 0 0 0 0 0 0 0 0 0 0 0 0 0 0 0 0 0 0 0 0 0 0 0 0 0 0 0 0 0 1 0 0 0 0 0 0 0 0 0 0 0 0 0 0 0 0 0 0 0 0 0 0 0 0 0 0 0 0 0 0 0 0 0 0 0 0 0 0]
[84617622500330345360672444869823192617298209613042455250246600296035391112554286821680625709608225284720425365008584072448807219605585604770229104661967993936923341563909604555406474215626076288365843586589341622953210443660041408863082539738064329352746102682107475355713999172636 0 0 0 0 0 0 0 0 0 0 0 0 0 0 0 0 0 0 0 0 0 0 0 0 0 0 0 0 0 0 0 0 0 0 0 0 0 0 0 0 0 0 0 0 0 0 0 0 0 0 0 0 0 0 0 1 0 0 0 0 0 0 0 0 0 0 0 0 0 0 0 0 0 0 0 0 0 0 0 0 0 0 0 0 0 0 0 0 0 0 0 0 0]
[799360428549987131995844143828366381258841322496150760031931861053068253330971257657750537096947627699788632005663389968608933196049546389109447971581276479906826533739471155725420208975397497298349405039554788861581486523032351812519873697155335882449959607586972535588068041564643 0 0 0 0 0 0 0 0 0 0 0 0 0 0 0 0 0 0 0 0 0 0 0 0 0 0 0 0 0 0 0 0 0 0 0 0 0 0 0 0 0 0 0 0 0 0 0 0 0 0 0 0 0 0 0 0 1 0 0 0 0 0 0 0 0 0 0 0 0 0 0 0 0 0 0 0 0 0 0 0 0 0 0 0 0 0 0 0 0 0 0 0 0]
[350986251940172579974381940538027942623193915783055332701782041121533242028062303483698689188302551739373417037463070370009785802039083216013163755677815556777597632041252467382309947930176325093025771900064202535787436677140459502442318314705445420703745307275431722125588274487025 0 0 0 0 0 0 0 0 0 0 0 0 0 0 0 0 0 0 0 0 0 0 0 0 0 0 0 0 0 0 0 0 0 0 0 0 0 0 0 0 0 0 0 0 0 0 0 0 0 0 0 0 0 0 0 0 0 1 0 0 0 0 0 0 0 0 0 0 0 0 0 0 0 0 0 0 0 0 0 0 0 0 0 0 0 0 0 0 0 0 0 0 0]
[3271568938163180532701188590473701613558730372179480584499573959293047285033918769479394348802173412847680608555758023026439677978113033541916584714812873798557462367229278614613610561515028347628305221836739200203407795080119992106008264800910076789076341027503948983068539494348072 0 0 0 0 0 0 0 0 0 0 0 0 0 0 0 0 0 0 0 0 0 0 0 0 0 0 0 0 0 0 0 0 0 0 0 0 0 0 0 0 0 0 0 0 0 0 0 0 0 0 0 0 0 0 0 0 0 0 1 0 0 0 0 0 0 0 0 0 0 0 0 0 0 0 0 0 0 0 0 0 0 0 0 0 0 0 0 0 0 0 0 0 0]
[61464861247461314168456137631248496868045571676436698196251276975913873562889815483507588014050296914750916124664098991608527609369240452514371796794092764348726739304560135582180692412537766357685874274123644481149193370761040743755422667450774797651671481149125794831145204749300 0 0 0 0 0 0 0 0 0 0 0 0 0 0 0 0 0 0 0 0 0 0 0 0 0 0 0 0 0 0 0 0 0 0 0 0 0 0 0 0 0 0 0 0 0 0 0 0 0 0 0 0 0 0 0 0 0 0 0 1 0 0 0 0 0 0 0 0 0 0 0 0 0 0 0 0 0 0 0 0 0 0 0 0 0 0 0 0 0 0 0 0 0]
[365897961227144335204388422993170979387973364606823760585372330540872877505079973166790274269430651026673452998954642177287598533283979755890137940472631606460730004068937713013663091912758269749088401146916012335582749263972029628871725831965896275953616780155337976001972906417953 0 0 0 0 0 0 0 0 0 0 0 0 0 0 0 0 0 0 0 0 0 0 0 0 0 0 0 0 0 0 0 0 0 0 0 0 0 0 0 0 0 0 0 0 0 0 0 0 0 0 0 0 0 0 0 0 0 0 0 0 1 0 0 0 0 0 0 0 0 0 0 0 0 0 0 0 0 0 0 0 0 0 0 0 0 0 0 0 0 0 0 0 0]
[4026600381539932896290550701951433097104208283413671943755556934036329289154948294592174384774015553698045457479568969414153909936160689086691233447406487529028828901139757445595961553130793626472322243963366774244184891044210852592678619765100309833191423466051691411115050129411654 0 0 0 0 0 0 0 0 0 0 0 0 0 0 0 0 0 0 0 0 0 0 0 0 0 0 0 0 0 0 0 0 0 0 0 0 0 0 0 0 0 0 0 0 0 0 0 0 0 0 0 0 0 0 0 0 0 0 0 0 0 1 0 0 0 0 0 0 0 0 0 0 0 0 0 0 0 0 0 0 0 0 0 0 0 0 0 0 0 0 0 0 0]
[2183880100816901713746475400039205225117970225235502782205207817833420201699317483974433012643726307032696778820758874044103510729140354315221998519426392748005084525478587760512365810327957224855244006190712821176320094427156267392681781357711148713011152663114659812525144070457244 0 0 0 0 0 0 0 0 0 0 0 0 0 0 0 0 0 0 0 0 0 0 0 0 0 0 0 0 0 0 0 0 0 0 0 0 0 0 0 0 0 0 0 0 0 0 0 0 0 0 0 0 0 0 0 0 0 0 0 0 0 0 1 0 0 0 0 0 0 0 0 0 0 0 0 0 0 0 0 0 0 0 0 0 0 0 0 0 0 0 0 0 0]
[1157065983650532984597893732471928738113572084019624858448315560823615842193742006684854402384834199343799934074262640995118858042544511347478327123810778584198270025988669415782297043324378279892063034810967804812544452204228372221735772725972673350482653037100026067401120581548283 0 0 0 0 0 0 0 0 0 0 0 0 0 0 0 0 0 0 0 0 0 0 0 0 0 0 0 0 0 0 0 0 0 0 0 0 0 0 0 0 0 0 0 0 0 0 0 0 0 0 0 0 0 0 0 0 0 0 0 0 0 0 0 1 0 0 0 0 0 0 0 0 0 0 0 0 0 0 0 0 0 0 0 0 0 0 0 0 0 0 0 0 0]
[3903986052591530332364094434096736919154054796522758774977642986379318089206178169295390030956138972280588928323124055126250607483566077080587091648154193227921520271589799585248051195969317064837728337275752313358096927280432192757319867513466564269565740433768264826864849123479281 0 0 0 0 0 0 0 0 0 0 0 0 0 0 0 0 0 0 0 0 0 0 0 0 0 0 0 0 0 0 0 0 0 0 0 0 0 0 0 0 0 0 0 0 0 0 0 0 0 0 0 0 0 0 0 0 0 0 0 0 0 0 0 0 1 0 0 0 0 0 0 0 0 0 0 0 0 0 0 0 0 0 0 0 0 0 0 0 0 0 0 0 0]
[3282885889993829313061705880835152079530207573011442344631098492152964045957170946860826524128828124236783059018527050956231243365210454068725959997379305862545332016281076125924906235010764385331538144842065627406538916406066496835917032942998773570814762274743947422238166303625004 0 0 0 0 0 0 0 0 0 0 0 0 0 0 0 0 0 0 0 0 0 0 0 0 0 0 0 0 0 0 0 0 0 0 0 0 0 0 0 0 0 0 0 0 0 0 0 0 0 0 0 0 0 0 0 0 0 0 0 0 0 0 0 0 0 1 0 0 0 0 0 0 0 0 0 0 0 0 0 0 0 0 0 0 0 0 0 0 0 0 0 0 0]
[1413046327042099391877358246543716688426833807186037468517256520564809694711640660637771240901499148623743847780508176210124509271699678290553132879337308296745364388323322242150065814431916210083975724542066834554177774385500655633731750753519705410271406137333872253784525154957970 0 0 0 0 0 0 0 0 0 0 0 0 0 0 0 0 0 0 0 0 0 0 0 0 0 0 0 0 0 0 0 0 0 0 0 0 0 0 0 0 0 0 0 0 0 0 0 0 0 0 0 0 0 0 0 0 0 0 0 0 0 0 0 0 0 0 1 0 0 0 0 0 0 0 0 0 0 0 0 0 0 0 0 0 0 0 0 0 0 0 0 0 0]
[45967033327571028575743106981068348207398689610046063015825063654897622501232210677260175248916415953719470310981062750499484038526103250788333753069095774895569746969542113287909239476198856892519507118255116781554102549848877683215172676218689927452388013011005990516638526302312 0 0 0 0 0 0 0 0 0 0 0 0 0 0 0 0 0 0 0 0 0 0 0 0 0 0 0 0 0 0 0 0 0 0 0 0 0 0 0 0 0 0 0 0 0 0 0 0 0 0 0 0 0 0 0 0 0 0 0 0 0 0 0 0 0 0 0 1 0 0 0 0 0 0 0 0 0 0 0 0 0 0 0 0 0 0 0 0 0 0 0 0 0]
[881221127058270011775967053046807476516771734582080227280875630012823694592786559238140776407410508494540728248493016770577295447870762936448424194040995890842657123357082037097200785660909681603757645503480751049567181095519457408171839103694008617654389982563431058490389146881722 0 0 0 0 0 0 0 0 0 0 0 0 0 0 0 0 0 0 0 0 0 0 0 0 0 0 0 0 0 0 0 0 0 0 0 0 0 0 0 0 0 0 0 0 0 0 0 0 0 0 0 0 0 0 0 0 0 0 0 0 0 0 0 0 0 0 0 0 1 0 0 0 0 0 0 0 0 0 0 0 0 0 0 0 0 0 0 0 0 0 0 0 0]
[2061316775089654867911834773669391391996875812207759957773921573988989693128476960426722426632769294273713941896391177254840081422673604395235382230346661484989988834516909401752079075942792939633091050983781549777120371945745824364876286857093172771443007162152424811751079586546785 0 0 0 0 0 0 0 0 0 0 0 0 0 0 0 0 0 0 0 0 0 0 0 0 0 0 0 0 0 0 0 0 0 0 0 0 0 0 0 0 0 0 0 0 0 0 0 0 0 0 0 0 0 0 0 0 0 0 0 0 0 0 0 0 0 0 0 0 0 1 0 0 0 0 0 0 0 0 0 0 0 0 0 0 0 0 0 0 0 0 0 0 0]
[1464332847340257617104813882126550493811270870614654915393292721922403568397852841199575114956100366889409508312550720439931431750765598842033428395625206958203408276150341251274507214313245787720829373262430595643769739492801468594216930335596817971502574585692206004383849023778787 0 0 0 0 0 0 0 0 0 0 0 0 0 0 0 0 0 0 0 0 0 0 0 0 0 0 0 0 0 0 0 0 0 0 0 0 0 0 0 0 0 0 0 0 0 0 0 0 0 0 0 0 0 0 0 0 0 0 0 0 0 0 0 0 0 0 0 0 0 0 1 0 0 0 0 0 0 0 0 0 0 0 0 0 0 0 0 0 0 0 0 0 0]
[4030079606276173858737414393952541602213086415995076484795248059706815297441837653975115956274365079816184100336034177744388860808444057125394148752381208982480500364368465959895972622670224658285895516422094653690105331677501957572112164667059210962522744571345511687445957924537876 0 0 0 0 0 0 0 0 0 0 0 0 0 0 0 0 0 0 0 0 0 0 0 0 0 0 0 0 0 0 0 0 0 0 0 0 0 0 0 0 0 0 0 0 0 0 0 0 0 0 0 0 0 0 0 0 0 0 0 0 0 0 0 0 0 0 0 0 0 0 0 1 0 0 0 0 0 0 0 0 0 0 0 0 0 0 0 0 0 0 0 0 0]
[1132124192266812026853706575156673816216037846394750628819368071512616578318708800822403281046173391714443757638454727045371398114230077747240535626606253604995454356787789681325390007645091193780316154885775291532009976995873335245968621437404486186273690329507166485700885283642706 0 0 0 0 0 0 0 0 0 0 0 0 0 0 0 0 0 0 0 0 0 0 0 0 0 0 0 0 0 0 0 0 0 0 0 0 0 0 0 0 0 0 0 0 0 0 0 0 0 0 0 0 0 0 0 0 0 0 0 0 0 0 0 0 0 0 0 0 0 0 0 0 1 0 0 0 0 0 0 0 0 0 0 0 0 0 0 0 0 0 0 0 0]
[2826567995164638753746248466618285202389007195296915663896792341463183102064129553220724104301196401233243152079152133875323187425427756744951465790565803101445811269669729250171865323452072171640233219677862789726433381566227494166224892750512026881396286640200897108517212057668220 0 0 0 0 0 0 0 0 0 0 0 0 0 0 0 0 0 0 0 0 0 0 0 0 0 0 0 0 0 0 0 0 0 0 0 0 0 0 0 0 0 0 0 0 0 0 0 0 0 0 0 0 0 0 0 0 0 0 0 0 0 0 0 0 0 0 0 0 0 0 0 0 0 1 0 0 0 0 0 0 0 0 0 0 0 0 0 0 0 0 0 0 0]
[3126180735661825719519054781440645651901962452984597203149599411642905875050291497876130388371616506575710813253035193214461470386146209413109495526161136003288419361554892753822998636125319028318504160538514275994954528329277347839102041259117479156330735459680370134181046518895245 0 0 0 0 0 0 0 0 0 0 0 0 0 0 0 0 0 0 0 0 0 0 0 0 0 0 0 0 0 0 0 0 0 0 0 0 0 0 0 0 0 0 0 0 0 0 0 0 0 0 0 0 0 0 0 0 0 0 0 0 0 0 0 0 0 0 0 0 0 0 0 0 0 0 1 0 0 0 0 0 0 0 0 0 0 0 0 0 0 0 0 0 0]
[4196537639014343898866707965729716850071735242521196048989079761858898419963359602571003647853706740408971761624388273739430018849775204000063362281666832652109293093868942480959390967488680621702034569701710406117119425813874208897985116965318190931865622366080524187656742140424857 0 0 0 0 0 0 0 0 0 0 0 0 0 0 0 0 0 0 0 0 0 0 0 0 0 0 0 0 0 0 0 0 0 0 0 0 0 0 0 0 0 0 0 0 0 0 0 0 0 0 0 0 0 0 0 0 0 0 0 0 0 0 0 0 0 0 0 0 0 0 0 0 0 0 0 1 0 0 0 0 0 0 0 0 0 0 0 0 0 0 0 0 0]
[580798745855618668896397217064794750325852595576489802504155076355859241673030147243505731277828234763949417179775243624140471053922495842597603669863038931877370249637172515024945221840480591737700441010941215986609344379716024651416636533947313383144840856171999943437384361879093 0 0 0 0 0 0 0 0 0 0 0 0 0 0 0 0 0 0 0 0 0 0 0 0 0 0 0 0 0 0 0 0 0 0 0 0 0 0 0 0 0 0 0 0 0 0 0 0 0 0 0 0 0 0 0 0 0 0 0 0 0 0 0 0 0 0 0 0 0 0 0 0 0 0 0 0 1 0 0 0 0 0 0 0 0 0 0 0 0 0 0 0 0]
[320263786094557148351922644065099872763768466428919819834155782741009044193225857599287696190266383035288362036632102680863543035796527570155661267491509774674561400950019238650043432550604018593219698761064555485272199972066206590473588650764626874448462706804381856999642891193059 0 0 0 0 0 0 0 0 0 0 0 0 0 0 0 0 0 0 0 0 0 0 0 0 0 0 0 0 0 0 0 0 0 0 0 0 0 0 0 0 0 0 0 0 0 0 0 0 0 0 0 0 0 0 0 0 0 0 0 0 0 0 0 0 0 0 0 0 0 0 0 0 0 0 0 0 0 1 0 0 0 0 0 0 0 0 0 0 0 0 0 0 0]
[2948189583862804565687520524811926484737568576356106278650904143460517456232669089187797815155274273436034231705865302162556415581431402959374077355872324316440467710613055537010922715463276341208947491762012598318002006355471122278121620443966488702919795824563651308255016965688353 0 0 0 0 0 0 0 0 0 0 0 0 0 0 0 0 0 0 0 0 0 0 0 0 0 0 0 0 0 0 0 0 0 0 0 0 0 0 0 0 0 0 0 0 0 0 0 0 0 0 0 0 0 0 0 0 0 0 0 0 0 0 0 0 0 0 0 0 0 0 0 0 0 0 0 0 0 0 1 0 0 0 0 0 0 0 0 0 0 0 0 0 0]
[371126743290412582310666810869875245531457975159018422618805075483199570671941668466482798474826106887419745850666064124917264857320878736939982882494590396849307498522523820307650774736274697817821294521865320942497392452776778170475520147168132636806316467409093180385332305736523 0 0 0 0 0 0 0 0 0 0 0 0 0 0 0 0 0 0 0 0 0 0 0 0 0 0 0 0 0 0 0 0 0 0 0 0 0 0 0 0 0 0 0 0 0 0 0 0 0 0 0 0 0 0 0 0 0 0 0 0 0 0 0 0 0 0 0 0 0 0 0 0 0 0 0 0 0 0 0 1 0 0 0 0 0 0 0 0 0 0 0 0 0]
[4483385352677480210998580031498365473993328211021283630363681279495455888965711143558693395777243750344703107510398639688300165789049682781170848457730237291363389135497938288442520901454406671070172326305519056268858787096151045141200123544937598899350527516700439808690934916947458 0 0 0 0 0 0 0 0 0 0 0 0 0 0 0 0 0 0 0 0 0 0 0 0 0 0 0 0 0 0 0 0 0 0 0 0 0 0 0 0 0 0 0 0 0 0 0 0 0 0 0 0 0 0 0 0 0 0 0 0 0 0 0 0 0 0 0 0 0 0 0 0 0 0 0 0 0 0 0 0 1 0 0 0 0 0 0 0 0 0 0 0 0]
[3914007332060330413929497834191331550460993732684066694847302129036940756755534427344427079755867113952820051504011304888110135502100344604507181144554883360059953429380536689428194416479898295832701565138797725255713260589194091869666011009421310253869617068859921538140941399766247 0 0 0 0 0 0 0 0 0 0 0 0 0 0 0 0 0 0 0 0 0 0 0 0 0 0 0 0 0 0 0 0 0 0 0 0 0 0 0 0 0 0 0 0 0 0 0 0 0 0 0 0 0 0 0 0 0 0 0 0 0 0 0 0 0 0 0 0 0 0 0 0 0 0 0 0 0 0 0 0 0 1 0 0 0 0 0 0 0 0 0 0 0]
[1238025781086566736539474264889558136593135413898590729986796301165824354091723290380789055475627707397286354246404364527990403880971554086236408057804756229747391073844066012294443288621922004198387693567121172269646786396313980895768060000580594724413834203257780293805941188484548 0 0 0 0 0 0 0 0 0 0 0 0 0 0 0 0 0 0 0 0 0 0 0 0 0 0 0 0 0 0 0 0 0 0 0 0 0 0 0 0 0 0 0 0 0 0 0 0 0 0 0 0 0 0 0 0 0 0 0 0 0 0 0 0 0 0 0 0 0 0 0 0 0 0 0 0 0 0 0 0 0 0 1 0 0 0 0 0 0 0 0 0 0]
[2238412183936711951741532371399604697210380409515659458515309862981275597702782277003157578466448660313017190857239640368010502882025186398077837302412819105283594903224677120597610031640822633635299088831195628322617574629997377049745906252456489741967242890295699409193997143738245 0 0 0 0 0 0 0 0 0 0 0 0 0 0 0 0 0 0 0 0 0 0 0 0 0 0 0 0 0 0 0 0 0 0 0 0 0 0 0 0 0 0 0 0 0 0 0 0 0 0 0 0 0 0 0 0 0 0 0 0 0 0 0 0 0 0 0 0 0 0 0 0 0 0 0 0 0 0 0 0 0 0 0 1 0 0 0 0 0 0 0 0 0]
[2178587455184160466873474565360074856812735362284837262475579833855186428365977260387075039574365879946687830755258762527950480528864174072909920169605732658721686747743267986303997609282249521489660967947813153811849748939151839393905623150386008500905269667801491148173761804016889 0 0 0 0 0 0 0 0 0 0 0 0 0 0 0 0 0 0 0 0 0 0 0 0 0 0 0 0 0 0 0 0 0 0 0 0 0 0 0 0 0 0 0 0 0 0 0 0 0 0 0 0 0 0 0 0 0 0 0 0 0 0 0 0 0 0 0 0 0 0 0 0 0 0 0 0 0 0 0 0 0 0 0 0 1 0 0 0 0 0 0 0 0]
[2512608111529155819969765105955321878938455167538905298371740760730078239465148024804718526278200150134430132650411979681603969689994524222412267507762545264467378410233299311323323770477088044581599394374661930987488520372372451623150151821982092323118346554475690572507193638871766 0 0 0 0 0 0 0 0 0 0 0 0 0 0 0 0 0 0 0 0 0 0 0 0 0 0 0 0 0 0 0 0 0 0 0 0 0 0 0 0 0 0 0 0 0 0 0 0 0 0 0 0 0 0 0 0 0 0 0 0 0 0 0 0 0 0 0 0 0 0 0 0 0 0 0 0 0 0 0 0 0 0 0 0 0 1 0 0 0 0 0 0 0]
[2141557784057424039985126562081212799119866706985051336492723903496832581421516195450883836157329969421967039903628908271520107177052960064841176838157819292306817016118899577218897397851457121103010507711318466730535374718719275704545358396428881789313774145523062441479884429702503 0 0 0 0 0 0 0 0 0 0 0 0 0 0 0 0 0 0 0 0 0 0 0 0 0 0 0 0 0 0 0 0 0 0 0 0 0 0 0 0 0 0 0 0 0 0 0 0 0 0 0 0 0 0 0 0 0 0 0 0 0 0 0 0 0 0 0 0 0 0 0 0 0 0 0 0 0 0 0 0 0 0 0 0 0 0 1 0 0 0 0 0 0]
[268374400688058574432942403149818928481388271263753958942463127039553419707505503890856319282956084375307367900392063635189624623858635699053305204781630851687788234111003168976591050815395981473650321910531960639934145643883028084312727940853602037645897515349424857161009121595196 0 0 0 0 0 0 0 0 0 0 0 0 0 0 0 0 0 0 0 0 0 0 0 0 0 0 0 0 0 0 0 0 0 0 0 0 0 0 0 0 0 0 0 0 0 0 0 0 0 0 0 0 0 0 0 0 0 0 0 0 0 0 0 0 0 0 0 0 0 0 0 0 0 0 0 0 0 0 0 0 0 0 0 0 0 0 0 1 0 0 0 0 0]
[1529037047249723505161770921563580795438347513544239647261149915740321120541607308958611803827733445482555780522940602403320155299115418213476637210227138492459463617130573284751188423566039492450890598467369937959216086764579845214030451661523138230407924014191263649293258291243966 0 0 0 0 0 0 0 0 0 0 0 0 0 0 0 0 0 0 0 0 0 0 0 0 0 0 0 0 0 0 0 0 0 0 0 0 0 0 0 0 0 0 0 0 0 0 0 0 0 0 0 0 0 0 0 0 0 0 0 0 0 0 0 0 0 0 0 0 0 0 0 0 0 0 0 0 0 0 0 0 0 0 0 0 0 0 0 0 1 0 0 0 0]
[3987857703099837704872677290506982767971000221600077843064085843743709984835745875844026024501208328271924719197818242407871924313228739652423749801807928442827843661338057081148120637351772761222225582350463556696732138852136778207610023533062115421511687010568369458164341959475158 0 0 0 0 0 0 0 0 0 0 0 0 0 0 0 0 0 0 0 0 0 0 0 0 0 0 0 0 0 0 0 0 0 0 0 0 0 0 0 0 0 0 0 0 0 0 0 0 0 0 0 0 0 0 0 0 0 0 0 0 0 0 0 0 0 0 0 0 0 0 0 0 0 0 0 0 0 0 0 0 0 0 0 0 0 0 0 0 0 1 0 0 0]
[2118690061422003250231295280402283805532373403429715154887316865969980993379921596782932291654253004410088886470231665896340709693646431400473578990879881606454625019388367430620601764453959774159642030263309800430869242938901697840489871124213557458677085773846882763773696441423384 0 0 0 0 0 0 0 0 0 0 0 0 0 0 0 0 0 0 0 0 0 0 0 0 0 0 0 0 0 0 0 0 0 0 0 0 0 0 0 0 0 0 0 0 0 0 0 0 0 0 0 0 0 0 0 0 0 0 0 0 0 0 0 0 0 0 0 0 0 0 0 0 0 0 0 0 0 0 0 0 0 0 0 0 0 0 0 0 0 0 1 0 0]
[53796946521301530762868527912838652841540713942604552756250245213600153765603142751582627088789481947778413063741140710837232241246198557545652456105827206916063300773163187020364782368002964204424833421670552533572327549074350176104407950479641208938336484299329679520199312014405 0 0 0 0 0 0 0 0 0 0 0 0 0 0 0 0 0 0 0 0 0 0 0 0 0 0 0 0 0 0 0 0 0 0 0 0 0 0 0 0 0 0 0 0 0 0 0 0 0 0 0 0 0 0 0 0 0 0 0 0 0 0 0 0 0 0 0 0 0 0 0 0 0 0 0 0 0 0 0 0 0 0 0 0 0 0 0 0 0 0 0 1 0]
[1647052426411556487958714406875256213846055862991011340732654929779460847135980370861260690724767855864376321016912964580596724893675182459645450752371010930216781511404883029174434664201244318169676424606818697866271953603310500516245380515615286750587946857741554490058726325368100 0 0 0 0 0 0 0 0 0 0 0 0 0 0 0 0 0 0 0 0 0 0 0 0 0 0 0 0 0 0 0 0 0 0 0 0 0 0 0 0 0 0 0 0 0 0 0 0 0 0 0 0 0 0 0 0 0 0 0 0 0 0 0 0 0 0 0 0 0 0 0 0 0 0 0 0 0 0 0 0 0 0 0 0 0 0 0 0 0 0 0 0 1]
]
