[[3143519262414502567321763098432833709486681827648567690717130946143294818858048507245060352773708823688958175654493367745942227636541171019437285997543829 0 0 0 0 0 0 0 0 0 0 0 0 0 0 0 0 0 0 0 0 0 0 0 0 0 0 0 0 0 0 0 0 0 0 0 0 0 0 0 0 0 0 0 0 0 0 0 0 0 0]
[2016841170487680616015770767027025255442981972355229367589720950743851641951560315078254355419772418880648232213913471301203247050118211264390412891558226 1 0 0 0 0 0 0 0 0 0 0 0 0 0 0 0 0 0 0 0 0 0 0 0 0 0 0 0 0 0 0 0 0 0 0 0 0 0 0 0 0 0 0 0 0 0 0 0 0 0]
[1446944574043218485604796188688601838556793570187266239863503035555262727968062514753986854221551689111598794962386528013478762126167065405272916583750404 0 1 0 0 0 0 0 0 0 0 0 0 0 0 0 0 0 0 0 0 0 0 0 0 0 0 0 0 0 0 0 0 0 0 0 0 0 0 0 0 0 0 0 0 0 0 0 0 0 0]
[2528575716348534451638951834899576952685362277229874533770474097092788554479571944869155720242476491283547410232675704758543118063122658039897416547526781 0 0 1 0 0 0 0 0 0 0 0 0 0 0 0 0 0 0 0 0 0 0 0 0 0 0 0 0 0 0 0 0 0 0 0 0 0 0 0 0 0 0 0 0 0 0 0 0 0 0]
[537875685059506286570632579960769812584598919530399703000212590130280704294942407345999920059911604752236085703021088646562878102900857202535030525626191 0 0 0 1 0 0 0 0 0 0 0 0 0 0 0 0 0 0 0 0 0 0 0 0 0 0 0 0 0 0 0 0 0 0 0 0 0 0 0 0 0 0 0 0 0 0 0 0 0 0]
[3118516895835200349239563349290288841574554533776908750784422453797034303527943265368638727689734990561893612461036837212001003708239388677292206244915991 0 0 0 0 1 0 0 0 0 0 0 0 0 0 0 0 0 0 0 0 0 0 0 0 0 0 0 0 0 0 0 0 0 0 0 0 0 0 0 0 0 0 0 0 0 0 0 0 0 0]
[1705051898170197083335380697940317487838369896748655783795698511299534310182952656509440101479424991531473967215341628197770411884540267331437579403473295 0 0 0 0 0 1 0 0 0 0 0 0 0 0 0 0 0 0 0 0 0 0 0 0 0 0 0 0 0 0 0 0 0 0 0 0 0 0 0 0 0 0 0 0 0 0 0 0 0 0]
[2496154809087341705725819148151542975940155732983062632608883069829656119442628078373076065036979035455786863084228020884169181740465206112024383380373602 0 0 0 0 0 0 1 0 0 0 0 0 0 0 0 0 0 0 0 0 0 0 0 0 0 0 0 0 0 0 0 0 0 0 0 0 0 0 0 0 0 0 0 0 0 0 0 0 0 0]
[1615269181781921784079149032330585795967666967002018230597980774816709020880328513856523091498213489592625653399609415818731491425776101929078777400447556 0 0 0 0 0 0 0 1 0 0 0 0 0 0 0 0 0 0 0 0 0 0 0 0 0 0 0 0 0 0 0 0 0 0 0 0 0 0 0 0 0 0 0 0 0 0 0 0 0 0]
[3064772223054027570108229242911087646400929870957527633714524815938727071674308889788177289805122273927447042008379662737743046976869235635436228840116800 0 0 0 0 0 0 0 0 1 0 0 0 0 0 0 0 0 0 0 0 0 0 0 0 0 0 0 0 0 0 0 0 0 0 0 0 0 0 0 0 0 0 0 0 0 0 0 0 0 0]
[843665686755152047304393693399961047823211966602234956630618263817823925467721775261241487560728116590989835891935323540856341094704160049264782093255840 0 0 0 0 0 0 0 0 0 1 0 0 0 0 0 0 0 0 0 0 0 0 0 0 0 0 0 0 0 0 0 0 0 0 0 0 0 0 0 0 0 0 0 0 0 0 0 0 0 0]
[897052135159067371481768238419249989246673865533427700522804720165891682265451327370820309196741564695515983408155138235665305608931090799984310214976636 0 0 0 0 0 0 0 0 0 0 1 0 0 0 0 0 0 0 0 0 0 0 0 0 0 0 0 0 0 0 0 0 0 0 0 0 0 0 0 0 0 0 0 0 0 0 0 0 0 0]
[2489944726546793751201522791603563806613117707950196536379152271551372760633525312531162305597022237251004899924990429176434208636051776942130753011927109 0 0 0 0 0 0 0 0 0 0 0 1 0 0 0 0 0 0 0 0 0 0 0 0 0 0 0 0 0 0 0 0 0 0 0 0 0 0 0 0 0 0 0 0 0 0 0 0 0 0]
[934294877465639231261531682168025030002121356878643754068149097814866352532851866619938970024996378630621208073427020199122085693734238219592889597094209 0 0 0 0 0 0 0 0 0 0 0 0 1 0 0 0 0 0 0 0 0 0 0 0 0 0 0 0 0 0 0 0 0 0 0 0 0 0 0 0 0 0 0 0 0 0 0 0 0 0]
[2304863484934863535753357585062941084506397090680762888969760946636429067297344389229084541331357023787738780202164218502245038459503591661878317863348632 0 0 0 0 0 0 0 0 0 0 0 0 0 1 0 0 0 0 0 0 0 0 0 0 0 0 0 0 0 0 0 0 0 0 0 0 0 0 0 0 0 0 0 0 0 0 0 0 0 0]
[1338139755132983925149626544862918556321765155533251510958590306910107289371964620565871812316492855674879719263193160441663035950758160069279741120981862 0 0 0 0 0 0 0 0 0 0 0 0 0 0 1 0 0 0 0 0 0 0 0 0 0 0 0 0 0 0 0 0 0 0 0 0 0 0 0 0 0 0 0 0 0 0 0 0 0 0]
[717750030929066788326791052065642783258942572300178867702426776780800957740229849149986771793554718885346153097348110111062188168884804810710578429203378 0 0 0 0 0 0 0 0 0 0 0 0 0 0 0 1 0 0 0 0 0 0 0 0 0 0 0 0 0 0 0 0 0 0 0 0 0 0 0 0 0 0 0 0 0 0 0 0 0 0]
[1814661635931164135711213002845068530415429217577655384930123861250674803115858462356036461444021800163924911383866653369486713533970396532113030446115476 0 0 0 0 0 0 0 0 0 0 0 0 0 0 0 0 1 0 0 0 0 0 0 0 0 0 0 0 0 0 0 0 0 0 0 0 0 0 0 0 0 0 0 0 0 0 0 0 0 0]
[159484199651965297777200866088897395948299442678299723229786058821953887725075227459489649972253689129608292006617000236826292610236966418007854879813328 0 0 0 0 0 0 0 0 0 0 0 0 0 0 0 0 0 1 0 0 0 0 0 0 0 0 0 0 0 0 0 0 0 0 0 0 0 0 0 0 0 0 0 0 0 0 0 0 0 0]
[2802205701729111382330062989899974462166201468215644132995304558967380625566754804951881051088954342724386758965216773677274856236381633982740779334258458 0 0 0 0 0 0 0 0 0 0 0 0 0 0 0 0 0 0 1 0 0 0 0 0 0 0 0 0 0 0 0 0 0 0 0 0 0 0 0 0 0 0 0 0 0 0 0 0 0 0]
[2867841434296590246962335829528715079330481707995239228671433576240610700543521734639373152218451627570322333907264168183981293944445897361813291420985744 0 0 0 0 0 0 0 0 0 0 0 0 0 0 0 0 0 0 0 1 0 0 0 0 0 0 0 0 0 0 0 0 0 0 0 0 0 0 0 0 0 0 0 0 0 0 0 0 0 0]
[359070568300877804055204652752977461599106708193687624332634940601102123952612136965830208625468068320823373181049983407487833711634216140073429911911210 0 0 0 0 0 0 0 0 0 0 0 0 0 0 0 0 0 0 0 0 1 0 0 0 0 0 0 0 0 0 0 0 0 0 0 0 0 0 0 0 0 0 0 0 0 0 0 0 0 0]
[1321491783292644742732274035233598829155988493102058777855750431799741224051912685282408116233276697738475248392269975504996359694350320418167212218377170 0 0 0 0 0 0 0 0 0 0 0 0 0 0 0 0 0 0 0 0 0 1 0 0 0 0 0 0 0 0 0 0 0 0 0 0 0 0 0 0 0 0 0 0 0 0 0 0 0 0]
[61127086595775967729437866839298103974412186520848118347483424815781872363479689868305264458999103574019603831715519490665829094983916181906803799148940 0 0 0 0 0 0 0 0 0 0 0 0 0 0 0 0 0 0 0 0 0 0 1 0 0 0 0 0 0 0 0 0 0 0 0 0 0 0 0 0 0 0 0 0 0 0 0 0 0 0]
[3568784695357506176404572006332583069586457846711989699321413310652196681745688195642185375227156579220858884286435235873658030257321741032097202423450 0 0 0 0 0 0 0 0 0 0 0 0 0 0 0 0 0 0 0 0 0 0 0 1 0 0 0 0 0 0 0 0 0 0 0 0 0 0 0 0 0 0 0 0 0 0 0 0 0 0]
[566341108347736152018229423742353319508606150649544538730748601143419483265598631375384975679436055817446936062482055873181834578026512602697963528372056 0 0 0 0 0 0 0 0 0 0 0 0 0 0 0 0 0 0 0 0 0 0 0 0 1 0 0 0 0 0 0 0 0 0 0 0 0 0 0 0 0 0 0 0 0 0 0 0 0 0]
[2620204236698286460185289791736826970602171852916168171518912659063614199906918245701813533037745105410254406733368855116681585697406933019069937729342044 0 0 0 0 0 0 0 0 0 0 0 0 0 0 0 0 0 0 0 0 0 0 0 0 0 1 0 0 0 0 0 0 0 0 0 0 0 0 0 0 0 0 0 0 0 0 0 0 0 0]
[2007363290940506419018726508206158920117242739353473007337067404879935929404510455145032062911580616361427846995319555959533659928012236075603169215603719 0 0 0 0 0 0 0 0 0 0 0 0 0 0 0 0 0 0 0 0 0 0 0 0 0 0 1 0 0 0 0 0 0 0 0 0 0 0 0 0 0 0 0 0 0 0 0 0 0 0]
[2159717558313889588778166238503615526244519420210438479174511934225748128602044130202365129513498870732342623091570108381827782233740125918105717328373409 0 0 0 0 0 0 0 0 0 0 0 0 0 0 0 0 0 0 0 0 0 0 0 0 0 0 0 1 0 0 0 0 0 0 0 0 0 0 0 0 0 0 0 0 0 0 0 0 0 0]
[724319213101672731646752887876790261017360912039225777190205859977463098277750391739592439641632693297394396338880927397960272956593563377223060026223279 0 0 0 0 0 0 0 0 0 0 0 0 0 0 0 0 0 0 0 0 0 0 0 0 0 0 0 0 1 0 0 0 0 0 0 0 0 0 0 0 0 0 0 0 0 0 0 0 0 0]
[521376793979211724913010496404934686077854419083086328198600544033022401184981439057695687664355703977937546786813734454109416738611604630041504327504865 0 0 0 0 0 0 0 0 0 0 0 0 0 0 0 0 0 0 0 0 0 0 0 0 0 0 0 0 0 1 0 0 0 0 0 0 0 0 0 0 0 0 0 0 0 0 0 0 0 0]
[793984762122094994790102675702867099962772391445187704350100443264522052110563407780539993810317607951066159077154696782344027063931799471668286896298990 0 0 0 0 0 0 0 0 0 0 0 0 0 0 0 0 0 0 0 0 0 0 0 0 0 0 0 0 0 0 1 0 0 0 0 0 0 0 0 0 0 0 0 0 0 0 0 0 0 0]
[2273778362906310847127230237079471873143308866445367727861758356049848635384090273681678408004665694165634746904508340908667175810959567298094515429290244 0 0 0 0 0 0 0 0 0 0 0 0 0 0 0 0 0 0 0 0 0 0 0 0 0 0 0 0 0 0 0 1 0 0 0 0 0 0 0 0 0 0 0 0 0 0 0 0 0 0]
[878237954467614306825321044514920496279700924466234960649740027592384433532931210007886824181745421515375419122255918809889965376774248570383064099959443 0 0 0 0 0 0 0 0 0 0 0 0 0 0 0 0 0 0 0 0 0 0 0 0 0 0 0 0 0 0 0 0 1 0 0 0 0 0 0 0 0 0 0 0 0 0 0 0 0 0]
[148329736067411948028347748017109990183458949574189832869871733238705109193720666817171823882700284708167072109801849969173559776670739700255403469081877 0 0 0 0 0 0 0 0 0 0 0 0 0 0 0 0 0 0 0 0 0 0 0 0 0 0 0 0 0 0 0 0 0 1 0 0 0 0 0 0 0 0 0 0 0 0 0 0 0 0]
[1855276229829452505303316264088837305293055072132011398433267737283227024267265382192115508938213958954686832190684032462549945350583918246377233296130465 0 0 0 0 0 0 0 0 0 0 0 0 0 0 0 0 0 0 0 0 0 0 0 0 0 0 0 0 0 0 0 0 0 0 1 0 0 0 0 0 0 0 0 0 0 0 0 0 0 0]
[802369580174625599863527199884899058207920416961278698076180761336486842376336301974945651253506111067453793698595950413146658023178810692754209113838964 0 0 0 0 0 0 0 0 0 0 0 0 0 0 0 0 0 0 0 0 0 0 0 0 0 0 0 0 0 0 0 0 0 0 0 1 0 0 0 0 0 0 0 0 0 0 0 0 0 0]
[318307381676949859140390207868869112505195102165726375302533867097298285543540400823516268400672860845838271636054572576247078752367346861833824538063068 0 0 0 0 0 0 0 0 0 0 0 0 0 0 0 0 0 0 0 0 0 0 0 0 0 0 0 0 0 0 0 0 0 0 0 0 1 0 0 0 0 0 0 0 0 0 0 0 0 0]
[753108681843504615672826013062796580422593601552420450028449443696748971784074847517832961249572385701349431581067389959365651803705402380414190230546149 0 0 0 0 0 0 0 0 0 0 0 0 0 0 0 0 0 0 0 0 0 0 0 0 0 0 0 0 0 0 0 0 0 0 0 0 0 1 0 0 0 0 0 0 0 0 0 0 0 0]
[202036898302811980403500451461209374443077962132516521754846959187930278007464291387190992828476738281005353326650280672356488084518913468594818113990813 0 0 0 0 0 0 0 0 0 0 0 0 0 0 0 0 0 0 0 0 0 0 0 0 0 0 0 0 0 0 0 0 0 0 0 0 0 0 1 0 0 0 0 0 0 0 0 0 0 0]
[2787754020936582031859970184901235679978437793134649137071116315684361887400692650061358564116621635652575423914181185332610523266590260657617190203230749 0 0 0 0 0 0 0 0 0 0 0 0 0 0 0 0 0 0 0 0 0 0 0 0 0 0 0 0 0 0 0 0 0 0 0 0 0 0 0 1 0 0 0 0 0 0 0 0 0 0]
[2704703767653414380655412828114763348567535239547016631875369024691488523021975658108763915430195872888635372076539665015863378148069264298357885197033628 0 0 0 0 0 0 0 0 0 0 0 0 0 0 0 0 0 0 0 0 0 0 0 0 0 0 0 0 0 0 0 0 0 0 0 0 0 0 0 0 1 0 0 0 0 0 0 0 0 0]
[279268129574093148437845413605032022908066927660362732746045318633646411230676581093853294614649021393562927866958615328107830582963275638556125640241292 0 0 0 0 0 0 0 0 0 0 0 0 0 0 0 0 0 0 0 0 0 0 0 0 0 0 0 0 0 0 0 0 0 0 0 0 0 0 0 0 0 1 0 0 0 0 0 0 0 0]
[530375733285687686005695022591159371483808531783082402307526234198782411326002946603929299792745821488548683080055556439796877646866032181849109714228025 0 0 0 0 0 0 0 0 0 0 0 0 0 0 0 0 0 0 0 0 0 0 0 0 0 0 0 0 0 0 0 0 0 0 0 0 0 0 0 0 0 0 1 0 0 0 0 0 0 0]
[532232375231417805975593819870261865042403796979173591750994061251331798988315598369859047156572241515427272416293486305092213508846838592565532246396052 0 0 0 0 0 0 0 0 0 0 0 0 0 0 0 0 0 0 0 0 0 0 0 0 0 0 0 0 0 0 0 0 0 0 0 0 0 0 0 0 0 0 0 1 0 0 0 0 0 0]
[67143731293081425452757833029595714476399208681248300118096663749779577077773414043587492660863822336765214872254309607061757075929183129791305935913668 0 0 0 0 0 0 0 0 0 0 0 0 0 0 0 0 0 0 0 0 0 0 0 0 0 0 0 0 0 0 0 0 0 0 0 0 0 0 0 0 0 0 0 0 1 0 0 0 0 0]
[707779046433408228737273669203700846569742563815585548517753357916279628293826630798023484766059675135141698393237650201093174776222030514033929055794843 0 0 0 0 0 0 0 0 0 0 0 0 0 0 0 0 0 0 0 0 0 0 0 0 0 0 0 0 0 0 0 0 0 0 0 0 0 0 0 0 0 0 0 0 0 1 0 0 0 0]
[2549678388436983090305671847879759144608050401335722872839909362811060960596093849317531019950339936438482229335433003999728965007826936257943381200338028 0 0 0 0 0 0 0 0 0 0 0 0 0 0 0 0 0 0 0 0 0 0 0 0 0 0 0 0 0 0 0 0 0 0 0 0 0 0 0 0 0 0 0 0 0 0 1 0 0 0]
[2781397131891518297162522316731248185997283806043010130846266393044943591937512337090968055432999309136542010016010131321113645760338502031666086119448210 0 0 0 0 0 0 0 0 0 0 0 0 0 0 0 0 0 0 0 0 0 0 0 0 0 0 0 0 0 0 0 0 0 0 0 0 0 0 0 0 0 0 0 0 0 0 0 1 0 0]
[54074478325319365939629919177817027044165313985382448683800837768819057454895403799042616934689761586520785801013057252426450548644816833570081557739805 0 0 0 0 0 0 0 0 0 0 0 0 0 0 0 0 0 0 0 0 0 0 0 0 0 0 0 0 0 0 0 0 0 0 0 0 0 0 0 0 0 0 0 0 0 0 0 0 1 0]
[2284303123245957280941599816936686621604672752571294956034984861649461081027447878425464803771983028273881925492303811111427223908547927887686703067028874 0 0 0 0 0 0 0 0 0 0 0 0 0 0 0 0 0 0 0 0 0 0 0 0 0 0 0 0 0 0 0 0 0 0 0 0 0 0 0 0 0 0 0 0 0 0 0 0 0 1]
]
