[[4037732421643597800043467489712444581849740944172699132608523744962148343909411942891105706172462117610051380165759811028648460400130366632197249658867128705144410269156481524076277556932534869 0 0 0 0 0 0 0 0 0 0 0 0 0 0 0 0 0 0 0 0 0 0 0 0 0 0 0 0 0 0 0 0 0 0 0 0 0 0 0 0 0 0 0 0 0 0 0 0 0 0 0 0 0 0 0 0 0 0 0 0 0 0 0]
[2898215641333433010011974235268424631373211016173912240144582973647818528700296395248091025775397480049501409456046161722502167620859442901631389445415377957371103479084276367662008663881154848 1 0 0 0 0 0 0 0 0 0 0 0 0 0 0 0 0 0 0 0 0 0 0 0 0 0 0 0 0 0 0 0 0 0 0 0 0 0 0 0 0 0 0 0 0 0 0 0 0 0 0 0 0 0 0 0 0 0 0 0 0 0 0]
[3698243756280408692906068652025625220114250399331520409250423207408356353895009990114406973976158210972978702384448018159081507448410887989494320784797899784333683272199836740245697132495079609 0 1 0 0 0 0 0 0 0 0 0 0 0 0 0 0 0 0 0 0 0 0 0 0 0 0 0 0 0 0 0 0 0 0 0 0 0 0 0 0 0 0 0 0 0 0 0 0 0 0 0 0 0 0 0 0 0 0 0 0 0 0 0]
[3521878319911774970974148005496273954244276193966273710114471161326589673153625689700719668931464738948575920195181332861079652165515489142725550893084208186793752243482576986039592926199550981 0 0 1 0 0 0 0 0 0 0 0 0 0 0 0 0 0 0 0 0 0 0 0 0 0 0 0 0 0 0 0 0 0 0 0 0 0 0 0 0 0 0 0 0 0 0 0 0 0 0 0 0 0 0 0 0 0 0 0 0 0 0 0]
[590989914852792402858421989966009311160841388045442720601808161957533412304457021481897116859506609009722715922385027127501941526416917661636683223088068415456665630027023489068517870540145028 0 0 0 1 0 0 0 0 0 0 0 0 0 0 0 0 0 0 0 0 0 0 0 0 0 0 0 0 0 0 0 0 0 0 0 0 0 0 0 0 0 0 0 0 0 0 0 0 0 0 0 0 0 0 0 0 0 0 0 0 0 0 0]
[581870842283444137409134437589864343052127886674137935565603738426541174236539383118578416860598779184435670210555803535961708972563309759410934787839645608639020112985722058679297153630724256 0 0 0 0 1 0 0 0 0 0 0 0 0 0 0 0 0 0 0 0 0 0 0 0 0 0 0 0 0 0 0 0 0 0 0 0 0 0 0 0 0 0 0 0 0 0 0 0 0 0 0 0 0 0 0 0 0 0 0 0 0 0 0]
[3204915817549148528675719240387079049307002713199317025307674737212955140237152404492353274055752099125492143394098445465332246193294422859575990892211187312417334995792547724976672667100960993 0 0 0 0 0 1 0 0 0 0 0 0 0 0 0 0 0 0 0 0 0 0 0 0 0 0 0 0 0 0 0 0 0 0 0 0 0 0 0 0 0 0 0 0 0 0 0 0 0 0 0 0 0 0 0 0 0 0 0 0 0 0 0]
[2894676017154111239899865892015842194705449990743210431549247774159562595351575554617823654703886125174473946127200650422946322182399119885827696746191193055924443161526164383284001250094346781 0 0 0 0 0 0 1 0 0 0 0 0 0 0 0 0 0 0 0 0 0 0 0 0 0 0 0 0 0 0 0 0 0 0 0 0 0 0 0 0 0 0 0 0 0 0 0 0 0 0 0 0 0 0 0 0 0 0 0 0 0 0 0]
[890994331417091471875528168413531210977488634261139403286692507706861853751328862611652161320617765768161242958022276954385916350763319386980841753548233991842483774614365468128512966677031657 0 0 0 0 0 0 0 1 0 0 0 0 0 0 0 0 0 0 0 0 0 0 0 0 0 0 0 0 0 0 0 0 0 0 0 0 0 0 0 0 0 0 0 0 0 0 0 0 0 0 0 0 0 0 0 0 0 0 0 0 0 0 0]
[3307899887634230593496809808147275821593498891187284213274811678440360118699705827822102049893509144413795320006844511225556403272479230264340811853732812215754797921143076151172071413423650175 0 0 0 0 0 0 0 0 1 0 0 0 0 0 0 0 0 0 0 0 0 0 0 0 0 0 0 0 0 0 0 0 0 0 0 0 0 0 0 0 0 0 0 0 0 0 0 0 0 0 0 0 0 0 0 0 0 0 0 0 0 0 0]
[2687504650167772004151015609335114365058186283560358425519201572611290983915763536503690531332568229025174414406183907328309062682488003384414312582871389272125245537855326449790249166547355539 0 0 0 0 0 0 0 0 0 1 0 0 0 0 0 0 0 0 0 0 0 0 0 0 0 0 0 0 0 0 0 0 0 0 0 0 0 0 0 0 0 0 0 0 0 0 0 0 0 0 0 0 0 0 0 0 0 0 0 0 0 0 0]
[1375860344010650215496115763921307028226762394225263817033804850043279939326275304367659671840865803491844905974237093944099685358133977651550429364441809587018471158991553344432349782736234292 0 0 0 0 0 0 0 0 0 0 1 0 0 0 0 0 0 0 0 0 0 0 0 0 0 0 0 0 0 0 0 0 0 0 0 0 0 0 0 0 0 0 0 0 0 0 0 0 0 0 0 0 0 0 0 0 0 0 0 0 0 0 0]
[3378095594657140447008439833140528828790386600192639447801700981778312430123478500904454194261937855023937280462657492023193543185514120810873189453776417317424989760366226087914575435832640763 0 0 0 0 0 0 0 0 0 0 0 1 0 0 0 0 0 0 0 0 0 0 0 0 0 0 0 0 0 0 0 0 0 0 0 0 0 0 0 0 0 0 0 0 0 0 0 0 0 0 0 0 0 0 0 0 0 0 0 0 0 0 0]
[1071897651331664615202663424074753684068658649558307373319836733464346745779136233711930460573527619870479379502279410759549378413612750972408001345823650151599829635192077171770645457917900816 0 0 0 0 0 0 0 0 0 0 0 0 1 0 0 0 0 0 0 0 0 0 0 0 0 0 0 0 0 0 0 0 0 0 0 0 0 0 0 0 0 0 0 0 0 0 0 0 0 0 0 0 0 0 0 0 0 0 0 0 0 0 0]
[2383894846121162453608804415764254884260529767014755016003703323313173474948931580580795078732238205836615571042478126852516322023678664692199506156911833804861387367229881111527848991500832131 0 0 0 0 0 0 0 0 0 0 0 0 0 1 0 0 0 0 0 0 0 0 0 0 0 0 0 0 0 0 0 0 0 0 0 0 0 0 0 0 0 0 0 0 0 0 0 0 0 0 0 0 0 0 0 0 0 0 0 0 0 0 0]
[3607989913328260053245289107079353956662094135940856131848778704883840623927034006866972653422780072946498972013920585030555841751372622788558971473297838526711531798386504684610665861564698964 0 0 0 0 0 0 0 0 0 0 0 0 0 0 1 0 0 0 0 0 0 0 0 0 0 0 0 0 0 0 0 0 0 0 0 0 0 0 0 0 0 0 0 0 0 0 0 0 0 0 0 0 0 0 0 0 0 0 0 0 0 0 0]
[3477340069653698748896281799901380720666876673823245129665092420957447714495257103990224206196269792235068088665272685257030893317534625521545166701506722961633335970592797816107210222440031242 0 0 0 0 0 0 0 0 0 0 0 0 0 0 0 1 0 0 0 0 0 0 0 0 0 0 0 0 0 0 0 0 0 0 0 0 0 0 0 0 0 0 0 0 0 0 0 0 0 0 0 0 0 0 0 0 0 0 0 0 0 0 0]
[1215022819532980734132878980975595952391963888609826280183293634542215157608441633089938938297343016285487992942516014938693683249538728814127486351248841468306283079646288680204148374798204867 0 0 0 0 0 0 0 0 0 0 0 0 0 0 0 0 1 0 0 0 0 0 0 0 0 0 0 0 0 0 0 0 0 0 0 0 0 0 0 0 0 0 0 0 0 0 0 0 0 0 0 0 0 0 0 0 0 0 0 0 0 0 0]
[3046332752054248804964889804206591761156539533270247621475461161293231876014757306248413234475005310531027297298578182075737338541096337080023827361625366912151939227461991358308131430843136968 0 0 0 0 0 0 0 0 0 0 0 0 0 0 0 0 0 1 0 0 0 0 0 0 0 0 0 0 0 0 0 0 0 0 0 0 0 0 0 0 0 0 0 0 0 0 0 0 0 0 0 0 0 0 0 0 0 0 0 0 0 0 0]
[611433937608564274574894091164561175909969355749719325245176141931030852339263422083273090641468692791912444056406615634191735309330959962601292421591062145563033025408289820996021542236330978 0 0 0 0 0 0 0 0 0 0 0 0 0 0 0 0 0 0 1 0 0 0 0 0 0 0 0 0 0 0 0 0 0 0 0 0 0 0 0 0 0 0 0 0 0 0 0 0 0 0 0 0 0 0 0 0 0 0 0 0 0 0 0]
[3502247258932565843608191156394365626656614117949512713119615351884730704902730533828448950442228135025237350993066080723767601135890565647121127626500620626577502614613713131076488325255483806 0 0 0 0 0 0 0 0 0 0 0 0 0 0 0 0 0 0 0 1 0 0 0 0 0 0 0 0 0 0 0 0 0 0 0 0 0 0 0 0 0 0 0 0 0 0 0 0 0 0 0 0 0 0 0 0 0 0 0 0 0 0 0]
[1478032993437490828991026331764342485831510367443145010555247769967564110873614746124615949813735384986528837318531872584783785721271262332088320885076778997967030241531061043484223266566020170 0 0 0 0 0 0 0 0 0 0 0 0 0 0 0 0 0 0 0 0 1 0 0 0 0 0 0 0 0 0 0 0 0 0 0 0 0 0 0 0 0 0 0 0 0 0 0 0 0 0 0 0 0 0 0 0 0 0 0 0 0 0 0]
[3485354814550136133265738347439065501328401326353810180601209043007028794434201532821373564135803276824123290180987533225237362021276318265543275963202112064858594181402856900270589647766736669 0 0 0 0 0 0 0 0 0 0 0 0 0 0 0 0 0 0 0 0 0 1 0 0 0 0 0 0 0 0 0 0 0 0 0 0 0 0 0 0 0 0 0 0 0 0 0 0 0 0 0 0 0 0 0 0 0 0 0 0 0 0 0]
[1816279961941286012356532725430807061797780199463818138943658182530597030959100600636078606872252406511075293687282331109892429627824307986436065561019172501410655450346887287967841702029998823 0 0 0 0 0 0 0 0 0 0 0 0 0 0 0 0 0 0 0 0 0 0 1 0 0 0 0 0 0 0 0 0 0 0 0 0 0 0 0 0 0 0 0 0 0 0 0 0 0 0 0 0 0 0 0 0 0 0 0 0 0 0 0]
[429201310952631134883458350471233793951978966596196257438639829701948145403764404458881595957408234476018664029647184262184358465094538204386159792552266559818566180244995092211480459115397325 0 0 0 0 0 0 0 0 0 0 0 0 0 0 0 0 0 0 0 0 0 0 0 1 0 0 0 0 0 0 0 0 0 0 0 0 0 0 0 0 0 0 0 0 0 0 0 0 0 0 0 0 0 0 0 0 0 0 0 0 0 0 0]
[1729155823529056955381843080113612129525714545638269854620430842754105330018150932236422711971875681403371440058551146435745201424237169363851895685124718926457448994535379987680159001609496414 0 0 0 0 0 0 0 0 0 0 0 0 0 0 0 0 0 0 0 0 0 0 0 0 1 0 0 0 0 0 0 0 0 0 0 0 0 0 0 0 0 0 0 0 0 0 0 0 0 0 0 0 0 0 0 0 0 0 0 0 0 0 0]
[1118159154421251291934807142014252504388323032773356943379528266299037608509219818637759362026637575548462578958547250603770824491188881664019396500831698630852359089867528252395059307353126346 0 0 0 0 0 0 0 0 0 0 0 0 0 0 0 0 0 0 0 0 0 0 0 0 0 1 0 0 0 0 0 0 0 0 0 0 0 0 0 0 0 0 0 0 0 0 0 0 0 0 0 0 0 0 0 0 0 0 0 0 0 0 0]
[3973339232912941619804404117034985114283803694706600227248438094991405409636526368936830298525151568056347139234050463735783248570873327871792914129376805768111801036662766311103072647604039888 0 0 0 0 0 0 0 0 0 0 0 0 0 0 0 0 0 0 0 0 0 0 0 0 0 0 1 0 0 0 0 0 0 0 0 0 0 0 0 0 0 0 0 0 0 0 0 0 0 0 0 0 0 0 0 0 0 0 0 0 0 0 0]
[1308866243488146692379138948918699719959931381875741290493388986175122430302073149130027481366543652454360565605423818613590154434150536293402696619248994977693576487020016029455152976863271520 0 0 0 0 0 0 0 0 0 0 0 0 0 0 0 0 0 0 0 0 0 0 0 0 0 0 0 1 0 0 0 0 0 0 0 0 0 0 0 0 0 0 0 0 0 0 0 0 0 0 0 0 0 0 0 0 0 0 0 0 0 0 0]
[1959222408036445143306977260789232807761707510443186652315251489719388766035375347343329762632130201714849353599929808675326100867995137391746741817870802851431857196480555257455540525497535566 0 0 0 0 0 0 0 0 0 0 0 0 0 0 0 0 0 0 0 0 0 0 0 0 0 0 0 0 1 0 0 0 0 0 0 0 0 0 0 0 0 0 0 0 0 0 0 0 0 0 0 0 0 0 0 0 0 0 0 0 0 0 0]
[3666842118686585488857347941355209109607513940860393067660720246253540325155966636263190880300547342015682132723034805187176847524304129977211963176615932556934866524103428678356367395428128638 0 0 0 0 0 0 0 0 0 0 0 0 0 0 0 0 0 0 0 0 0 0 0 0 0 0 0 0 0 1 0 0 0 0 0 0 0 0 0 0 0 0 0 0 0 0 0 0 0 0 0 0 0 0 0 0 0 0 0 0 0 0 0]
[700282803317170821010555627565102407519727765568017432175027713312877201770842680590860813656448241080070518791734184807055505438311043064929237184294827032438674698697920790963091399281546795 0 0 0 0 0 0 0 0 0 0 0 0 0 0 0 0 0 0 0 0 0 0 0 0 0 0 0 0 0 0 1 0 0 0 0 0 0 0 0 0 0 0 0 0 0 0 0 0 0 0 0 0 0 0 0 0 0 0 0 0 0 0 0]
[2726588729054427648713534191342208328369155897808128429722165190974940480877161911243858026474234796989620049612040684926069437396188858567132655111417854849837833479974985760167280813152325586 0 0 0 0 0 0 0 0 0 0 0 0 0 0 0 0 0 0 0 0 0 0 0 0 0 0 0 0 0 0 0 1 0 0 0 0 0 0 0 0 0 0 0 0 0 0 0 0 0 0 0 0 0 0 0 0 0 0 0 0 0 0 0]
[738937660313961214019977155719572193227698020935954945497994177378994416305585660549869535293504945425762760818786177875376646613820153760096556727251811037892872512521058018952604095723546412 0 0 0 0 0 0 0 0 0 0 0 0 0 0 0 0 0 0 0 0 0 0 0 0 0 0 0 0 0 0 0 0 1 0 0 0 0 0 0 0 0 0 0 0 0 0 0 0 0 0 0 0 0 0 0 0 0 0 0 0 0 0 0]
[1541284633167548792807889447599219015705126806266998487481711011632455491507015150481019583269690240036383959842005402515842383805068290720197544113211030942069999669168533317510392236605560837 0 0 0 0 0 0 0 0 0 0 0 0 0 0 0 0 0 0 0 0 0 0 0 0 0 0 0 0 0 0 0 0 0 1 0 0 0 0 0 0 0 0 0 0 0 0 0 0 0 0 0 0 0 0 0 0 0 0 0 0 0 0 0]
[3831230299027666739947642467599627047206232176267029402696347439631093774583398804563778431407121357974915655789982804362521427862694398222892168225830933930600103282065732366187093122527776392 0 0 0 0 0 0 0 0 0 0 0 0 0 0 0 0 0 0 0 0 0 0 0 0 0 0 0 0 0 0 0 0 0 0 1 0 0 0 0 0 0 0 0 0 0 0 0 0 0 0 0 0 0 0 0 0 0 0 0 0 0 0 0]
[3293277814398244588672000110341873931053599547566817000313566448010249046876083319401949580988896571379202977205626690943703021684605461985377614624855062226122844732552112209324625226433605156 0 0 0 0 0 0 0 0 0 0 0 0 0 0 0 0 0 0 0 0 0 0 0 0 0 0 0 0 0 0 0 0 0 0 0 1 0 0 0 0 0 0 0 0 0 0 0 0 0 0 0 0 0 0 0 0 0 0 0 0 0 0 0]
[1959046193871624902052601053525339422735911591802338790133528749139109395532076409069149926926236582913404524674913625750028319774499229314038942682307294760376763840680623944138320158510588302 0 0 0 0 0 0 0 0 0 0 0 0 0 0 0 0 0 0 0 0 0 0 0 0 0 0 0 0 0 0 0 0 0 0 0 0 1 0 0 0 0 0 0 0 0 0 0 0 0 0 0 0 0 0 0 0 0 0 0 0 0 0 0]
[2667520343301384603848326916463468003351327315513749723510108744043693097716484729608791612470887848326575568498776060255250658361541032694696956976991163483547719133445942806671150218770027521 0 0 0 0 0 0 0 0 0 0 0 0 0 0 0 0 0 0 0 0 0 0 0 0 0 0 0 0 0 0 0 0 0 0 0 0 0 1 0 0 0 0 0 0 0 0 0 0 0 0 0 0 0 0 0 0 0 0 0 0 0 0 0]
[1354747125898097362906778640012006250645287030924342401505301258223998269299060661744724677163357367283306081776283754334305405047908671572655645107015804745731748881779407678233840122914696046 0 0 0 0 0 0 0 0 0 0 0 0 0 0 0 0 0 0 0 0 0 0 0 0 0 0 0 0 0 0 0 0 0 0 0 0 0 0 1 0 0 0 0 0 0 0 0 0 0 0 0 0 0 0 0 0 0 0 0 0 0 0 0]
[240801014772227042544717819084239658467582436245642054787488941044749853291248583300105105554072913160133897172870397807704507125014135185285098311936772031568760245509877128301210681143636371 0 0 0 0 0 0 0 0 0 0 0 0 0 0 0 0 0 0 0 0 0 0 0 0 0 0 0 0 0 0 0 0 0 0 0 0 0 0 0 1 0 0 0 0 0 0 0 0 0 0 0 0 0 0 0 0 0 0 0 0 0 0 0]
[1950928174217517244720526377123048312437745118056812962340371541009987556478252742858167768181741378918661868105484580819352307152671895616249445732870513599547283890698210774451578639239692838 0 0 0 0 0 0 0 0 0 0 0 0 0 0 0 0 0 0 0 0 0 0 0 0 0 0 0 0 0 0 0 0 0 0 0 0 0 0 0 0 1 0 0 0 0 0 0 0 0 0 0 0 0 0 0 0 0 0 0 0 0 0 0]
[3181564948571901912585870873472708122122611189294573860240369536300491341021510664494553703075654251363891232801243086564930824426724493984099279885124825282604014234420497184069996037689929664 0 0 0 0 0 0 0 0 0 0 0 0 0 0 0 0 0 0 0 0 0 0 0 0 0 0 0 0 0 0 0 0 0 0 0 0 0 0 0 0 0 1 0 0 0 0 0 0 0 0 0 0 0 0 0 0 0 0 0 0 0 0 0]
[3712746013188379009750067854157835722801813877592049641136857510430408565101551646062552705489513172545305685980382407421620479849505366441623526907685172631726686429134855107245005388168785902 0 0 0 0 0 0 0 0 0 0 0 0 0 0 0 0 0 0 0 0 0 0 0 0 0 0 0 0 0 0 0 0 0 0 0 0 0 0 0 0 0 0 1 0 0 0 0 0 0 0 0 0 0 0 0 0 0 0 0 0 0 0 0]
[3466736945463818239601077648998713999354610990146594602376115435711055329375712308618628794299176435023101623421524293234470761764424661336178403775513992554995046619220886380472438121716084022 0 0 0 0 0 0 0 0 0 0 0 0 0 0 0 0 0 0 0 0 0 0 0 0 0 0 0 0 0 0 0 0 0 0 0 0 0 0 0 0 0 0 0 1 0 0 0 0 0 0 0 0 0 0 0 0 0 0 0 0 0 0 0]
[546741940199855710216661951524756345151635459606528586293791363854863516810004095060584323595356358707603303779821381967442201957079666989841434728591689468789338191485578627424475128819722919 0 0 0 0 0 0 0 0 0 0 0 0 0 0 0 0 0 0 0 0 0 0 0 0 0 0 0 0 0 0 0 0 0 0 0 0 0 0 0 0 0 0 0 0 1 0 0 0 0 0 0 0 0 0 0 0 0 0 0 0 0 0 0]
[3262257649810163022856575699956205394811401890446273692414623109986955734174163618579948737327445384249792078697127118336166170108339135254881678241100458452385497598716911687644215153323026755 0 0 0 0 0 0 0 0 0 0 0 0 0 0 0 0 0 0 0 0 0 0 0 0 0 0 0 0 0 0 0 0 0 0 0 0 0 0 0 0 0 0 0 0 0 1 0 0 0 0 0 0 0 0 0 0 0 0 0 0 0 0 0]
[2387206800378230608626422156727280185759248265300807723084936708130753102618782256150868455557877872715130918874892765440484829587739456429314974427937105708790792888785558226906636882945624321 0 0 0 0 0 0 0 0 0 0 0 0 0 0 0 0 0 0 0 0 0 0 0 0 0 0 0 0 0 0 0 0 0 0 0 0 0 0 0 0 0 0 0 0 0 0 1 0 0 0 0 0 0 0 0 0 0 0 0 0 0 0 0]
[870357868156994409355333614194497471756429704167985915251843165052971906240369202433993928898566385437463688305444939623439911727190544354381163183096882793266968955667408621319413581408696052 0 0 0 0 0 0 0 0 0 0 0 0 0 0 0 0 0 0 0 0 0 0 0 0 0 0 0 0 0 0 0 0 0 0 0 0 0 0 0 0 0 0 0 0 0 0 0 1 0 0 0 0 0 0 0 0 0 0 0 0 0 0 0]
[2383660956872744257917111488082222732171361000074729339017233508482833983735988191998820275233287826691974259850687012710665891888107023318204803316803166237829209368083410092999738426567512377 0 0 0 0 0 0 0 0 0 0 0 0 0 0 0 0 0 0 0 0 0 0 0 0 0 0 0 0 0 0 0 0 0 0 0 0 0 0 0 0 0 0 0 0 0 0 0 0 1 0 0 0 0 0 0 0 0 0 0 0 0 0 0]
[3617209532646569893619756403074165467707042263494030742085124344478733345278300863223587434609486013290031041745108093410069138959575250906452556905160300242280718074739358066396522267113186853 0 0 0 0 0 0 0 0 0 0 0 0 0 0 0 0 0 0 0 0 0 0 0 0 0 0 0 0 0 0 0 0 0 0 0 0 0 0 0 0 0 0 0 0 0 0 0 0 0 1 0 0 0 0 0 0 0 0 0 0 0 0 0]
[1857693675290873856659622477544096281796420331311687738678973172096401649855185388190021527374955837794842583598390102261628621576809862133866129691607705426347273363534689084306830065474397163 0 0 0 0 0 0 0 0 0 0 0 0 0 0 0 0 0 0 0 0 0 0 0 0 0 0 0 0 0 0 0 0 0 0 0 0 0 0 0 0 0 0 0 0 0 0 0 0 0 0 1 0 0 0 0 0 0 0 0 0 0 0 0]
[3730196498707637326013324023906034648356841642233872465162060441905692636546362078645703431677615396123687669463705866672248624840389406795593655036425625717653766365653004992267741726000416722 0 0 0 0 0 0 0 0 0 0 0 0 0 0 0 0 0 0 0 0 0 0 0 0 0 0 0 0 0 0 0 0 0 0 0 0 0 0 0 0 0 0 0 0 0 0 0 0 0 0 0 1 0 0 0 0 0 0 0 0 0 0 0]
[2416841687483874054074208991303096578404792730015158303407155960523122120440095481319452134897075600478783841536595163961785467840806941987456218210221405295347800909296896590734633786449986615 0 0 0 0 0 0 0 0 0 0 0 0 0 0 0 0 0 0 0 0 0 0 0 0 0 0 0 0 0 0 0 0 0 0 0 0 0 0 0 0 0 0 0 0 0 0 0 0 0 0 0 0 1 0 0 0 0 0 0 0 0 0 0]
[2789229700256759342936207218758321364619006650868022359122288286889904729060601436961076625888218781219707705385934660848434570293897920935911034716222231367809674749507247569194346890203086165 0 0 0 0 0 0 0 0 0 0 0 0 0 0 0 0 0 0 0 0 0 0 0 0 0 0 0 0 0 0 0 0 0 0 0 0 0 0 0 0 0 0 0 0 0 0 0 0 0 0 0 0 0 1 0 0 0 0 0 0 0 0 0]
[380530513976437748148037624420563995115535005200935848637388813660086723901380321647833957742858466592082946504223773993690465080082646396418931565210107852566188496012754231021757149017136596 0 0 0 0 0 0 0 0 0 0 0 0 0 0 0 0 0 0 0 0 0 0 0 0 0 0 0 0 0 0 0 0 0 0 0 0 0 0 0 0 0 0 0 0 0 0 0 0 0 0 0 0 0 0 1 0 0 0 0 0 0 0 0]
[3318319819167016906948603939176771927740316973358065053063804837433274464465741656359694410393416066396393739739392591410753587116518156388728478239429233019433145659702776437254570288446809388 0 0 0 0 0 0 0 0 0 0 0 0 0 0 0 0 0 0 0 0 0 0 0 0 0 0 0 0 0 0 0 0 0 0 0 0 0 0 0 0 0 0 0 0 0 0 0 0 0 0 0 0 0 0 0 1 0 0 0 0 0 0 0]
[2193636018638476302285704584084299113296327407104942075962153648433796306771776196753197190146352547339389788782562288607903561765375185394776809797000595592647840802781715264521646407554631655 0 0 0 0 0 0 0 0 0 0 0 0 0 0 0 0 0 0 0 0 0 0 0 0 0 0 0 0 0 0 0 0 0 0 0 0 0 0 0 0 0 0 0 0 0 0 0 0 0 0 0 0 0 0 0 0 1 0 0 0 0 0 0]
[1311977940858544048442721303328614286801113281949399811233496822438117545644641398574913274410258044149116530156099816718066783488667868297588519621291909851050909372169319511063525777373202322 0 0 0 0 0 0 0 0 0 0 0 0 0 0 0 0 0 0 0 0 0 0 0 0 0 0 0 0 0 0 0 0 0 0 0 0 0 0 0 0 0 0 0 0 0 0 0 0 0 0 0 0 0 0 0 0 0 1 0 0 0 0 0]
[3022997649484835747158784181041659541468896732804832817922654540790088438679122546653878146153330259694899763131756055479087095499879083803761706150486047549459680766519194953921217706105336221 0 0 0 0 0 0 0 0 0 0 0 0 0 0 0 0 0 0 0 0 0 0 0 0 0 0 0 0 0 0 0 0 0 0 0 0 0 0 0 0 0 0 0 0 0 0 0 0 0 0 0 0 0 0 0 0 0 0 1 0 0 0 0]
[3070107621042958708568446725539387795106922144123736689890074694207451379668855569037313606526640262525748376435219475444160312709494999721598647821442998616329200615315264911470465746285851838 0 0 0 0 0 0 0 0 0 0 0 0 0 0 0 0 0 0 0 0 0 0 0 0 0 0 0 0 0 0 0 0 0 0 0 0 0 0 0 0 0 0 0 0 0 0 0 0 0 0 0 0 0 0 0 0 0 0 0 1 0 0 0]
[2588536844801724877521764485876933543282725111897083827158375390266064262269143646009240701068120254099214995432180188308340290313348330416908580838311668921344716030403029422866789249887445790 0 0 0 0 0 0 0 0 0 0 0 0 0 0 0 0 0 0 0 0 0 0 0 0 0 0 0 0 0 0 0 0 0 0 0 0 0 0 0 0 0 0 0 0 0 0 0 0 0 0 0 0 0 0 0 0 0 0 0 0 1 0 0]
[2643006570097678482753366721723278364241719607602102306072307171470122085975905369814217501371288909839415028457343052483234319730279637148441402971922578932071090356691467797883817552256519456 0 0 0 0 0 0 0 0 0 0 0 0 0 0 0 0 0 0 0 0 0 0 0 0 0 0 0 0 0 0 0 0 0 0 0 0 0 0 0 0 0 0 0 0 0 0 0 0 0 0 0 0 0 0 0 0 0 0 0 0 0 1 0]
[1633090566833730937237171631872272881180201647639680525984946154500112536016676050114198413796195333364027952310946143694286770584788340739956499291926182572099303807994636443508600772203624012 0 0 0 0 0 0 0 0 0 0 0 0 0 0 0 0 0 0 0 0 0 0 0 0 0 0 0 0 0 0 0 0 0 0 0 0 0 0 0 0 0 0 0 0 0 0 0 0 0 0 0 0 0 0 0 0 0 0 0 0 0 0 1]
]
