[[3094236203923165531993228508741785444124933234572929609373195633832820949061340262407563327661788204296166568878798295554919358363804696951947695796698269948428969951049576992598374205690468966901 0 0 0 0 0 0 0 0 0 0 0 0 0 0 0 0 0 0 0 0 0 0 0 0 0 0 0 0 0 0 0 0 0 0 0 0 0 0 0 0 0 0 0 0 0 0 0 0 0 0 0 0 0 0 0 0 0 0 0 0 0 0 0 0]
[2924118402646545192636166621119071597714025569590758284616849237917066857362772681126153885281546866554982452144522242111898392573962698264259907417702345442418515223427269460275243620321245993939 1 0 0 0 0 0 0 0 0 0 0 0 0 0 0 0 0 0 0 0 0 0 0 0 0 0 0 0 0 0 0 0 0 0 0 0 0 0 0 0 0 0 0 0 0 0 0 0 0 0 0 0 0 0 0 0 0 0 0 0 0 0 0 0]
[1325321059925018351813205683773677232425530442009190410353375066825904515036179419601723689237986758361389488970958833263120674947108815474915535029212722833358001221368691832736361454720054902593 0 1 0 0 0 0 0 0 0 0 0 0 0 0 0 0 0 0 0 0 0 0 0 0 0 0 0 0 0 0 0 0 0 0 0 0 0 0 0 0 0 0 0 0 0 0 0 0 0 0 0 0 0 0 0 0 0 0 0 0 0 0 0 0]
[2355394293056325532897189808829651156907909792264168070027958586761417992663822616215379572679043866710943115966766363196822931923150916757008044071700956631988469339420400396921699213951962204306 0 0 1 0 0 0 0 0 0 0 0 0 0 0 0 0 0 0 0 0 0 0 0 0 0 0 0 0 0 0 0 0 0 0 0 0 0 0 0 0 0 0 0 0 0 0 0 0 0 0 0 0 0 0 0 0 0 0 0 0 0 0 0 0]
[1619749001056582697295814978185394958383083098272328508173975710053471596004985824460321006356159648957564521314239071693664299553086360291377694272025875793631879937250929974898204026013269353387 0 0 0 1 0 0 0 0 0 0 0 0 0 0 0 0 0 0 0 0 0 0 0 0 0 0 0 0 0 0 0 0 0 0 0 0 0 0 0 0 0 0 0 0 0 0 0 0 0 0 0 0 0 0 0 0 0 0 0 0 0 0 0 0]
[837583965890648037607622284603086637068232026381475590344748194242535005825679675095607996299173171917675352841228371692106601066763017459838303602465238658496716068712361837914003717400914477397 0 0 0 0 1 0 0 0 0 0 0 0 0 0 0 0 0 0 0 0 0 0 0 0 0 0 0 0 0 0 0 0 0 0 0 0 0 0 0 0 0 0 0 0 0 0 0 0 0 0 0 0 0 0 0 0 0 0 0 0 0 0 0 0]
[607533599336977418408291712010509174658946771543660436383971417053539612757013821585658227666941444026480512845635441088638099523123656096641285514863415111159532425261162715837474399802284337661 0 0 0 0 0 1 0 0 0 0 0 0 0 0 0 0 0 0 0 0 0 0 0 0 0 0 0 0 0 0 0 0 0 0 0 0 0 0 0 0 0 0 0 0 0 0 0 0 0 0 0 0 0 0 0 0 0 0 0 0 0 0 0 0]
[1397769733773192551778956822947202522470676880234087137604306091683408573851327249346635799759437936063805028717955634670706731370252552236300681929159090778168102953651891576053052782032806330312 0 0 0 0 0 0 1 0 0 0 0 0 0 0 0 0 0 0 0 0 0 0 0 0 0 0 0 0 0 0 0 0 0 0 0 0 0 0 0 0 0 0 0 0 0 0 0 0 0 0 0 0 0 0 0 0 0 0 0 0 0 0 0 0]
[496811110851678827627462182189652755235936165316083532063158383652972786861363261648691332954638771867690340945502799606668349555414566589782269101039044657240125526185220026064793263972576820188 0 0 0 0 0 0 0 1 0 0 0 0 0 0 0 0 0 0 0 0 0 0 0 0 0 0 0 0 0 0 0 0 0 0 0 0 0 0 0 0 0 0 0 0 0 0 0 0 0 0 0 0 0 0 0 0 0 0 0 0 0 0 0 0]
[1724397161212915372434898579407560601458328448941401742984280616263479916622044148761545487798391101280460778564963795618062164316492036811368829493936500616683701582651448011761816396356926159431 0 0 0 0 0 0 0 0 1 0 0 0 0 0 0 0 0 0 0 0 0 0 0 0 0 0 0 0 0 0 0 0 0 0 0 0 0 0 0 0 0 0 0 0 0 0 0 0 0 0 0 0 0 0 0 0 0 0 0 0 0 0 0 0]
[870443293985412962642691754575349431489722180806376531580248733872400789134919107285306400352601156045436967729917963720378814371377842001444493865888703711698236526511112405271029245295020419477 0 0 0 0 0 0 0 0 0 1 0 0 0 0 0 0 0 0 0 0 0 0 0 0 0 0 0 0 0 0 0 0 0 0 0 0 0 0 0 0 0 0 0 0 0 0 0 0 0 0 0 0 0 0 0 0 0 0 0 0 0 0 0 0]
[2103693890472054839784426673370827622654459824760747274794145189483510186940399674932911981216607183843009127055597826104289397041187801763570539557938722442162333637386814281028989716665101335133 0 0 0 0 0 0 0 0 0 0 1 0 0 0 0 0 0 0 0 0 0 0 0 0 0 0 0 0 0 0 0 0 0 0 0 0 0 0 0 0 0 0 0 0 0 0 0 0 0 0 0 0 0 0 0 0 0 0 0 0 0 0 0 0]
[1487119454763611626848898214072091395712478560874272125621811911403863432110868905250382502515730597088807456657848762259812172678220255174080679902444132387758055510296434405384443314827925552300 0 0 0 0 0 0 0 0 0 0 0 1 0 0 0 0 0 0 0 0 0 0 0 0 0 0 0 0 0 0 0 0 0 0 0 0 0 0 0 0 0 0 0 0 0 0 0 0 0 0 0 0 0 0 0 0 0 0 0 0 0 0 0 0]
[60044241465427534317155491908918767006152901803372782176949292673230679798345121429442156387026284089248230456410771831971636478514178181852230477664492709904326258848974217035276954226468105845 0 0 0 0 0 0 0 0 0 0 0 0 1 0 0 0 0 0 0 0 0 0 0 0 0 0 0 0 0 0 0 0 0 0 0 0 0 0 0 0 0 0 0 0 0 0 0 0 0 0 0 0 0 0 0 0 0 0 0 0 0 0 0 0]
[2296135094677446649529604458966673890453773526532669055489863950958251431613269140397863426833660415289330186186094761921618251770726221362570459524966575304691974268916774310277726409308563736721 0 0 0 0 0 0 0 0 0 0 0 0 0 1 0 0 0 0 0 0 0 0 0 0 0 0 0 0 0 0 0 0 0 0 0 0 0 0 0 0 0 0 0 0 0 0 0 0 0 0 0 0 0 0 0 0 0 0 0 0 0 0 0 0]
[1986782142425302946078912334686976207232610569786001588400791915933727957676289827775614609535806783004488154878222959591007497395116507294785105466004867872775030786098334774899724136736328746371 0 0 0 0 0 0 0 0 0 0 0 0 0 0 1 0 0 0 0 0 0 0 0 0 0 0 0 0 0 0 0 0 0 0 0 0 0 0 0 0 0 0 0 0 0 0 0 0 0 0 0 0 0 0 0 0 0 0 0 0 0 0 0 0]
[3053993396675597919794403288089980642627009812529841955948677549127935962973679270619017700967359594257231105600472604999049362953366901669305067397512665971542133835261896678956291190249554304265 0 0 0 0 0 0 0 0 0 0 0 0 0 0 0 1 0 0 0 0 0 0 0 0 0 0 0 0 0 0 0 0 0 0 0 0 0 0 0 0 0 0 0 0 0 0 0 0 0 0 0 0 0 0 0 0 0 0 0 0 0 0 0 0]
[927864410970054962639570972580822769710400806269099584275071581816757641623823779806891714176494037438895852941237873552033712765772656977871255137333736627631287679789648773309000526026509547852 0 0 0 0 0 0 0 0 0 0 0 0 0 0 0 0 1 0 0 0 0 0 0 0 0 0 0 0 0 0 0 0 0 0 0 0 0 0 0 0 0 0 0 0 0 0 0 0 0 0 0 0 0 0 0 0 0 0 0 0 0 0 0 0]
[548877988516931929868324807717839790164224668308648646242644155056007752844104915344202257490722320995588623863996160554416704236847618511948632103257301740102723645623600544130915521127421334097 0 0 0 0 0 0 0 0 0 0 0 0 0 0 0 0 0 1 0 0 0 0 0 0 0 0 0 0 0 0 0 0 0 0 0 0 0 0 0 0 0 0 0 0 0 0 0 0 0 0 0 0 0 0 0 0 0 0 0 0 0 0 0 0]
[973696420000235315798690666667802591345673604213783658459631210352727611127079008745203717059152295733718689419111746127657415750100738265386203978232106349370972827640150861362102810123925499456 0 0 0 0 0 0 0 0 0 0 0 0 0 0 0 0 0 0 1 0 0 0 0 0 0 0 0 0 0 0 0 0 0 0 0 0 0 0 0 0 0 0 0 0 0 0 0 0 0 0 0 0 0 0 0 0 0 0 0 0 0 0 0 0]
[1534677597316986406035827291974151976448820154315046863018348322908674401062585988431164455741398684962608937260842188651962206174489238433533457693367784535813783722413942466013490023028098642356 0 0 0 0 0 0 0 0 0 0 0 0 0 0 0 0 0 0 0 1 0 0 0 0 0 0 0 0 0 0 0 0 0 0 0 0 0 0 0 0 0 0 0 0 0 0 0 0 0 0 0 0 0 0 0 0 0 0 0 0 0 0 0 0]
[68551639134531554118588076826099140114591281348277509136223029108731449944509781950932890701695219088847860614190937824846939322374580247695036643659153680605024438830295883749361397160234298157 0 0 0 0 0 0 0 0 0 0 0 0 0 0 0 0 0 0 0 0 1 0 0 0 0 0 0 0 0 0 0 0 0 0 0 0 0 0 0 0 0 0 0 0 0 0 0 0 0 0 0 0 0 0 0 0 0 0 0 0 0 0 0 0]
[607790607329143899868069200172449912865000424112343968677631869336804460268341519609416602172362492285851405159385781024568017254261862382442856638439277203563939019496407410316990275501168942083 0 0 0 0 0 0 0 0 0 0 0 0 0 0 0 0 0 0 0 0 0 1 0 0 0 0 0 0 0 0 0 0 0 0 0 0 0 0 0 0 0 0 0 0 0 0 0 0 0 0 0 0 0 0 0 0 0 0 0 0 0 0 0 0]
[2879362277532781032332848343203637973793832478703075518435963911944114923882074858005137304802240457791358536798626370927477193626139097049218285176234863414198273984511383317543816826140122695288 0 0 0 0 0 0 0 0 0 0 0 0 0 0 0 0 0 0 0 0 0 0 1 0 0 0 0 0 0 0 0 0 0 0 0 0 0 0 0 0 0 0 0 0 0 0 0 0 0 0 0 0 0 0 0 0 0 0 0 0 0 0 0 0]
[2336678337239776503894597270965934175674348733430014417872550621595266942067800229222875377821568621504005704065920686680807378415384823681656833214124413288995119559626397257016571295612066800569 0 0 0 0 0 0 0 0 0 0 0 0 0 0 0 0 0 0 0 0 0 0 0 1 0 0 0 0 0 0 0 0 0 0 0 0 0 0 0 0 0 0 0 0 0 0 0 0 0 0 0 0 0 0 0 0 0 0 0 0 0 0 0 0]
[996799457151147236634051511075446948629699109054507243788139567421588428575755009902450900114532261289921323039069893388164117658850139056140486559410384483203318698785334014385115141639260625266 0 0 0 0 0 0 0 0 0 0 0 0 0 0 0 0 0 0 0 0 0 0 0 0 1 0 0 0 0 0 0 0 0 0 0 0 0 0 0 0 0 0 0 0 0 0 0 0 0 0 0 0 0 0 0 0 0 0 0 0 0 0 0 0]
[831166008945403355278814369971104500578516276728673693230153694212100085368597122269232410820228690341223476296642707112553024798491258660192615298686242256087884887322606283641843000718634468357 0 0 0 0 0 0 0 0 0 0 0 0 0 0 0 0 0 0 0 0 0 0 0 0 0 1 0 0 0 0 0 0 0 0 0 0 0 0 0 0 0 0 0 0 0 0 0 0 0 0 0 0 0 0 0 0 0 0 0 0 0 0 0 0]
[3003217762398566395465370504455540737518090223758425245544066396825633308753737562269937064557343565875320390729211221010419874487633876729957169621773872823827224545321000374786375011563421799486 0 0 0 0 0 0 0 0 0 0 0 0 0 0 0 0 0 0 0 0 0 0 0 0 0 0 1 0 0 0 0 0 0 0 0 0 0 0 0 0 0 0 0 0 0 0 0 0 0 0 0 0 0 0 0 0 0 0 0 0 0 0 0 0]
[1633501105904122959063870409416717677548843214468927626218555322505712176176581841573351860972330839737466381476796941323164795133824988401721989355517382646575687795531051931028822155255618170450 0 0 0 0 0 0 0 0 0 0 0 0 0 0 0 0 0 0 0 0 0 0 0 0 0 0 0 1 0 0 0 0 0 0 0 0 0 0 0 0 0 0 0 0 0 0 0 0 0 0 0 0 0 0 0 0 0 0 0 0 0 0 0 0]
[2794055928797731490633771199585983573491900803372510836453175112222095425915372529628544524422409955997148784940946943793395543770098968990534685227179070569040267285261047706242332105497154529192 0 0 0 0 0 0 0 0 0 0 0 0 0 0 0 0 0 0 0 0 0 0 0 0 0 0 0 0 1 0 0 0 0 0 0 0 0 0 0 0 0 0 0 0 0 0 0 0 0 0 0 0 0 0 0 0 0 0 0 0 0 0 0 0]
[499862296050540214422415119072430442368149171757351157369026672587846100942848508127385860671845530834303098161824842898373703772417885247407032029331893992772442917748581138268445819712779119872 0 0 0 0 0 0 0 0 0 0 0 0 0 0 0 0 0 0 0 0 0 0 0 0 0 0 0 0 0 1 0 0 0 0 0 0 0 0 0 0 0 0 0 0 0 0 0 0 0 0 0 0 0 0 0 0 0 0 0 0 0 0 0 0]
[3004746599962209959356460147116258102533818283513605631638900944761149800615188302388034677277969523149407268686740976913928600024251386163554995802842484950720275516214580780627254318875233062308 0 0 0 0 0 0 0 0 0 0 0 0 0 0 0 0 0 0 0 0 0 0 0 0 0 0 0 0 0 0 1 0 0 0 0 0 0 0 0 0 0 0 0 0 0 0 0 0 0 0 0 0 0 0 0 0 0 0 0 0 0 0 0 0]
[2389159913805630934664446424422702227589349235492192833259859890475017851421734310923673699197024387095013589573121453564099304099322823148836888632935830886195856279945113679555381439522957054541 0 0 0 0 0 0 0 0 0 0 0 0 0 0 0 0 0 0 0 0 0 0 0 0 0 0 0 0 0 0 0 1 0 0 0 0 0 0 0 0 0 0 0 0 0 0 0 0 0 0 0 0 0 0 0 0 0 0 0 0 0 0 0 0]
[1042394089817511111858021588853647916825906889571552844965824451138738600438638166357754127312956337795641299030753914286370341526781485349458499744938627467738845848633297133861396255380389825779 0 0 0 0 0 0 0 0 0 0 0 0 0 0 0 0 0 0 0 0 0 0 0 0 0 0 0 0 0 0 0 0 1 0 0 0 0 0 0 0 0 0 0 0 0 0 0 0 0 0 0 0 0 0 0 0 0 0 0 0 0 0 0 0]
[2340518574815792962241678106405237119350304144031830676105437948965272451940080554722917785189502521992296806516548370267498056318453775310465454486948192301874866166078603156673811372930602255124 0 0 0 0 0 0 0 0 0 0 0 0 0 0 0 0 0 0 0 0 0 0 0 0 0 0 0 0 0 0 0 0 0 1 0 0 0 0 0 0 0 0 0 0 0 0 0 0 0 0 0 0 0 0 0 0 0 0 0 0 0 0 0 0]
[244437441645902932507817897187308595406057746431543202849922187057768002236651746668601564494684996093234582704140046648812071660941596237685459634797017171599243461633540955283711861648383406106 0 0 0 0 0 0 0 0 0 0 0 0 0 0 0 0 0 0 0 0 0 0 0 0 0 0 0 0 0 0 0 0 0 0 1 0 0 0 0 0 0 0 0 0 0 0 0 0 0 0 0 0 0 0 0 0 0 0 0 0 0 0 0 0]
[1140627028233461947483568661081402712254620897750318591740300815837096438744113160465049556196744761537254849214356662119116857634626364525253436902523116558294704938883901423756566292118732000989 0 0 0 0 0 0 0 0 0 0 0 0 0 0 0 0 0 0 0 0 0 0 0 0 0 0 0 0 0 0 0 0 0 0 0 1 0 0 0 0 0 0 0 0 0 0 0 0 0 0 0 0 0 0 0 0 0 0 0 0 0 0 0 0]
[31172674009529253413121644251771871547089700908578734049319755493714726553563048149786060371160596804587582125824684675759607130224637970718069630530627833125552587910418959049681323613845435076 0 0 0 0 0 0 0 0 0 0 0 0 0 0 0 0 0 0 0 0 0 0 0 0 0 0 0 0 0 0 0 0 0 0 0 0 1 0 0 0 0 0 0 0 0 0 0 0 0 0 0 0 0 0 0 0 0 0 0 0 0 0 0 0]
[1126304547342991015099575419466314406014107341928433889300905524966670316986182207379195004135043575658426428578831300234301910705377413677698565719436028275952809733641018271009201258320919283181 0 0 0 0 0 0 0 0 0 0 0 0 0 0 0 0 0 0 0 0 0 0 0 0 0 0 0 0 0 0 0 0 0 0 0 0 0 1 0 0 0 0 0 0 0 0 0 0 0 0 0 0 0 0 0 0 0 0 0 0 0 0 0 0]
[2347719505035168483694697803116046463667608749962449056617614795782896298624219407498778219141389151290754318162756092245125784789066306380990305527710025262872936289634411155846154863406209762905 0 0 0 0 0 0 0 0 0 0 0 0 0 0 0 0 0 0 0 0 0 0 0 0 0 0 0 0 0 0 0 0 0 0 0 0 0 0 1 0 0 0 0 0 0 0 0 0 0 0 0 0 0 0 0 0 0 0 0 0 0 0 0 0]
[451361684217226191880283927591779948670555609916200435229430017987205897245596364117563967205948286063526941437479924536242975997881163520857811891357829227620989823722039777722017049973221649375 0 0 0 0 0 0 0 0 0 0 0 0 0 0 0 0 0 0 0 0 0 0 0 0 0 0 0 0 0 0 0 0 0 0 0 0 0 0 0 1 0 0 0 0 0 0 0 0 0 0 0 0 0 0 0 0 0 0 0 0 0 0 0 0]
[191565174168921864926286383121090913715020726137047642812708718309216829474669929521118488801324387997138291675646909917879188922337790251659220996243780432862525610740716733644294142425387371364 0 0 0 0 0 0 0 0 0 0 0 0 0 0 0 0 0 0 0 0 0 0 0 0 0 0 0 0 0 0 0 0 0 0 0 0 0 0 0 0 1 0 0 0 0 0 0 0 0 0 0 0 0 0 0 0 0 0 0 0 0 0 0 0]
[582152971083879803920349701526462255334737631941032070120922452879957483627295728726085872994289839658304090930534801703253393401643710292599139085609357755104616858424503111155508023332082749157 0 0 0 0 0 0 0 0 0 0 0 0 0 0 0 0 0 0 0 0 0 0 0 0 0 0 0 0 0 0 0 0 0 0 0 0 0 0 0 0 0 1 0 0 0 0 0 0 0 0 0 0 0 0 0 0 0 0 0 0 0 0 0 0]
[1292589593830797199167648310163280877250014617354317723480102002064089816632938419185905972310943467989545404614908988389226884878521383597853348464754350825527401851914865033338576047631897740374 0 0 0 0 0 0 0 0 0 0 0 0 0 0 0 0 0 0 0 0 0 0 0 0 0 0 0 0 0 0 0 0 0 0 0 0 0 0 0 0 0 0 1 0 0 0 0 0 0 0 0 0 0 0 0 0 0 0 0 0 0 0 0 0]
[1354781764303566394360016688145346619575605970592502746390240196577442222293671588197704381774758431410251165779385985206800843906601885211174241368068353611603140178590981351548207022303071772685 0 0 0 0 0 0 0 0 0 0 0 0 0 0 0 0 0 0 0 0 0 0 0 0 0 0 0 0 0 0 0 0 0 0 0 0 0 0 0 0 0 0 0 1 0 0 0 0 0 0 0 0 0 0 0 0 0 0 0 0 0 0 0 0]
[1879438967896022666624932253406341204843410350878196381356748182882888317428060469848698575829829716170324760124114367189070692489809203942014378345610351861024563388443346328653095299230784848339 0 0 0 0 0 0 0 0 0 0 0 0 0 0 0 0 0 0 0 0 0 0 0 0 0 0 0 0 0 0 0 0 0 0 0 0 0 0 0 0 0 0 0 0 1 0 0 0 0 0 0 0 0 0 0 0 0 0 0 0 0 0 0 0]
[2932081813904676525348602656817856140997102671907882514501576477192922156339243060994914169077803878008327311177884947617691076478848386002643939691276674036297872763271381858411441781319512559104 0 0 0 0 0 0 0 0 0 0 0 0 0 0 0 0 0 0 0 0 0 0 0 0 0 0 0 0 0 0 0 0 0 0 0 0 0 0 0 0 0 0 0 0 0 1 0 0 0 0 0 0 0 0 0 0 0 0 0 0 0 0 0 0]
[2813483530786084823217646713493128334830572996348078550187642681343852062552906133239675709939326461849062759429798146411380192172989433665118785957169616860838293266876078106608421020176325567531 0 0 0 0 0 0 0 0 0 0 0 0 0 0 0 0 0 0 0 0 0 0 0 0 0 0 0 0 0 0 0 0 0 0 0 0 0 0 0 0 0 0 0 0 0 0 1 0 0 0 0 0 0 0 0 0 0 0 0 0 0 0 0 0]
[1533629297406766437575022257718709019874068818455842398468041873158655815045074123480975408168089191687379933737644746351652885454730384880309115732246405050488813938536176689709810255541528036960 0 0 0 0 0 0 0 0 0 0 0 0 0 0 0 0 0 0 0 0 0 0 0 0 0 0 0 0 0 0 0 0 0 0 0 0 0 0 0 0 0 0 0 0 0 0 0 1 0 0 0 0 0 0 0 0 0 0 0 0 0 0 0 0]
[2135842111913861284990523501765074204626820949771995875949921302730480176690021879433387188332212507373992819139473144664863207483755406159706143161840808605690912773061897639108216000029217568932 0 0 0 0 0 0 0 0 0 0 0 0 0 0 0 0 0 0 0 0 0 0 0 0 0 0 0 0 0 0 0 0 0 0 0 0 0 0 0 0 0 0 0 0 0 0 0 0 1 0 0 0 0 0 0 0 0 0 0 0 0 0 0 0]
[407009276367928237750580478987443691679218946147752296796824834582335128758320012008349630912519673009090658484748310567744454106835349360774031559132083629371369452330630329286127890912817070600 0 0 0 0 0 0 0 0 0 0 0 0 0 0 0 0 0 0 0 0 0 0 0 0 0 0 0 0 0 0 0 0 0 0 0 0 0 0 0 0 0 0 0 0 0 0 0 0 0 1 0 0 0 0 0 0 0 0 0 0 0 0 0 0]
[2198210829337926814313868319852981924984691326076541535930897840319826697461358641085507517617174959865026841081070688902292665877220957658775352832291948134765682367549831953646248814861637096425 0 0 0 0 0 0 0 0 0 0 0 0 0 0 0 0 0 0 0 0 0 0 0 0 0 0 0 0 0 0 0 0 0 0 0 0 0 0 0 0 0 0 0 0 0 0 0 0 0 0 1 0 0 0 0 0 0 0 0 0 0 0 0 0]
[586241321405170364595383238124497316313478927494577825437653459330594820470616217174964421231124980620201200056610267414169083672047332706067356799686200264862965340178989997431722816675353916865 0 0 0 0 0 0 0 0 0 0 0 0 0 0 0 0 0 0 0 0 0 0 0 0 0 0 0 0 0 0 0 0 0 0 0 0 0 0 0 0 0 0 0 0 0 0 0 0 0 0 0 1 0 0 0 0 0 0 0 0 0 0 0 0]
[1738257467981722799496104678700836385396886619605366109568830160406087772151726215708831791392527496486901155305192998286033439664283495028319859612112359078173502131894435980225210622023790772701 0 0 0 0 0 0 0 0 0 0 0 0 0 0 0 0 0 0 0 0 0 0 0 0 0 0 0 0 0 0 0 0 0 0 0 0 0 0 0 0 0 0 0 0 0 0 0 0 0 0 0 0 1 0 0 0 0 0 0 0 0 0 0 0]
[2305565249464199138699050936907342918460633352332138373135295176769607980467273771515640197056711065506540058994252280376008079854844251455841114421699258014119427344979329450608076698533021287646 0 0 0 0 0 0 0 0 0 0 0 0 0 0 0 0 0 0 0 0 0 0 0 0 0 0 0 0 0 0 0 0 0 0 0 0 0 0 0 0 0 0 0 0 0 0 0 0 0 0 0 0 0 1 0 0 0 0 0 0 0 0 0 0]
[2837507963810712117940890150053095443222958827127801387143445398400679644985265898164453134660493699306028782290326199554269999483853161528915480193271549383091088957132103829260689138212285312295 0 0 0 0 0 0 0 0 0 0 0 0 0 0 0 0 0 0 0 0 0 0 0 0 0 0 0 0 0 0 0 0 0 0 0 0 0 0 0 0 0 0 0 0 0 0 0 0 0 0 0 0 0 0 1 0 0 0 0 0 0 0 0 0]
[2206333073265867297243530909672096968130744766875583334509437394273484406793564220286219069330344208621591188385914347152747561836464615715440938201407059944154729954128070763016982650390594541474 0 0 0 0 0 0 0 0 0 0 0 0 0 0 0 0 0 0 0 0 0 0 0 0 0 0 0 0 0 0 0 0 0 0 0 0 0 0 0 0 0 0 0 0 0 0 0 0 0 0 0 0 0 0 0 1 0 0 0 0 0 0 0 0]
[2874571106763987648564232451592051506033415419026665947010019686721800059604655929440345837056122805378372500170756902325795461599577825333157302735470030933543439673814750745579225907650765316313 0 0 0 0 0 0 0 0 0 0 0 0 0 0 0 0 0 0 0 0 0 0 0 0 0 0 0 0 0 0 0 0 0 0 0 0 0 0 0 0 0 0 0 0 0 0 0 0 0 0 0 0 0 0 0 0 1 0 0 0 0 0 0 0]
[2825254841150175709149631650379410313887918804432707058618913563446019237974511064327366960657001260323864150080473135136272952894067931932139896627495234891872965627792616646190049510244974185150 0 0 0 0 0 0 0 0 0 0 0 0 0 0 0 0 0 0 0 0 0 0 0 0 0 0 0 0 0 0 0 0 0 0 0 0 0 0 0 0 0 0 0 0 0 0 0 0 0 0 0 0 0 0 0 0 0 1 0 0 0 0 0 0]
[779589369348694042111433778119088862719593092617119624221369588039492392909938835098447404012619080457591876813217888647105001870460259092256287819830074623782921022579030809838693176084206493239 0 0 0 0 0 0 0 0 0 0 0 0 0 0 0 0 0 0 0 0 0 0 0 0 0 0 0 0 0 0 0 0 0 0 0 0 0 0 0 0 0 0 0 0 0 0 0 0 0 0 0 0 0 0 0 0 0 0 1 0 0 0 0 0]
[2027155949109232813372199857657866483600703857416844203806246216734240519414814652787549713954702307357948840116076349619194317775722224626480467688670926336156268401000211229890089298409042549203 0 0 0 0 0 0 0 0 0 0 0 0 0 0 0 0 0 0 0 0 0 0 0 0 0 0 0 0 0 0 0 0 0 0 0 0 0 0 0 0 0 0 0 0 0 0 0 0 0 0 0 0 0 0 0 0 0 0 0 1 0 0 0 0]
[1503681213134379275118406421016436909379726638575893251359297802944541085653882887162838592103338742062622472777683543711392781857472050305070567241123951569913513049626238918288290862906429193110 0 0 0 0 0 0 0 0 0 0 0 0 0 0 0 0 0 0 0 0 0 0 0 0 0 0 0 0 0 0 0 0 0 0 0 0 0 0 0 0 0 0 0 0 0 0 0 0 0 0 0 0 0 0 0 0 0 0 0 0 1 0 0 0]
[381447279991725559452480985135882172952736583281803689976095380126190109210692859586668179303332711791241814062531471406605939601197803074947734731511977997646967482634001708390361372860869604483 0 0 0 0 0 0 0 0 0 0 0 0 0 0 0 0 0 0 0 0 0 0 0 0 0 0 0 0 0 0 0 0 0 0 0 0 0 0 0 0 0 0 0 0 0 0 0 0 0 0 0 0 0 0 0 0 0 0 0 0 0 1 0 0]
[716696069632876133402814493526311303399337359637062071327198747981101875155960069209638679888919433693167482735072087600270643230903863882036513991522611401369892378225564595147810902318607159173 0 0 0 0 0 0 0 0 0 0 0 0 0 0 0 0 0 0 0 0 0 0 0 0 0 0 0 0 0 0 0 0 0 0 0 0 0 0 0 0 0 0 0 0 0 0 0 0 0 0 0 0 0 0 0 0 0 0 0 0 0 0 1 0]
[633456563870187165179251772369242134102280079910325299301396778567519348192078574250155826686851646702951325009034690217433519161509762113598750247633685684952424718605373580609117736301679807634 0 0 0 0 0 0 0 0 0 0 0 0 0 0 0 0 0 0 0 0 0 0 0 0 0 0 0 0 0 0 0 0 0 0 0 0 0 0 0 0 0 0 0 0 0 0 0 0 0 0 0 0 0 0 0 0 0 0 0 0 0 0 0 1]
]
