[[3004510318702493764980335663512156486818742121897060049904602941240934340101135195099427299326563271215574899679225965644346207591648064564564821 0 0 0 0 0 0 0 0 0 0 0 0 0 0 0 0 0 0 0 0 0 0 0 0 0 0 0 0 0 0 0 0 0 0 0 0 0 0 0 0 0 0 0 0 0 0 0]
[1730658015233138488811325825493348248670297683810436955361903052141225722613014464199868377912147456991253968385506895947519637746159260054992263 1 0 0 0 0 0 0 0 0 0 0 0 0 0 0 0 0 0 0 0 0 0 0 0 0 0 0 0 0 0 0 0 0 0 0 0 0 0 0 0 0 0 0 0 0 0 0]
[1501713513705397829652766564121991751516455905785788726995910794583767477229451039894313011495322627216414080062909392755870088262355784988391815 0 1 0 0 0 0 0 0 0 0 0 0 0 0 0 0 0 0 0 0 0 0 0 0 0 0 0 0 0 0 0 0 0 0 0 0 0 0 0 0 0 0 0 0 0 0 0]
[2417605909430023097469945768250688776794289969689350812509299911362642607264451943716102430210712641358508937985777742049629356143201882297683927 0 0 1 0 0 0 0 0 0 0 0 0 0 0 0 0 0 0 0 0 0 0 0 0 0 0 0 0 0 0 0 0 0 0 0 0 0 0 0 0 0 0 0 0 0 0 0]
[2540959622663174033883198968116503779021976279295399838462585262093800466316423702140197971867126799602866905697647464202557235149226508654860898 0 0 0 1 0 0 0 0 0 0 0 0 0 0 0 0 0 0 0 0 0 0 0 0 0 0 0 0 0 0 0 0 0 0 0 0 0 0 0 0 0 0 0 0 0 0 0]
[1638488926092016650506413524098503716300012869807137706128853983731104270545521878969974572881762111198710454625405465108636417794957577049835549 0 0 0 0 1 0 0 0 0 0 0 0 0 0 0 0 0 0 0 0 0 0 0 0 0 0 0 0 0 0 0 0 0 0 0 0 0 0 0 0 0 0 0 0 0 0 0]
[1851939764497136728174400031774829126238656706658559166382901959024807637888907825729406239527062086136550418164011574443506175836998578605772025 0 0 0 0 0 1 0 0 0 0 0 0 0 0 0 0 0 0 0 0 0 0 0 0 0 0 0 0 0 0 0 0 0 0 0 0 0 0 0 0 0 0 0 0 0 0 0]
[1238479536082938213434703885375268847735302192578472527144281889910941164841359003661117445527817984426212473462748931419420898271293027068858753 0 0 0 0 0 0 1 0 0 0 0 0 0 0 0 0 0 0 0 0 0 0 0 0 0 0 0 0 0 0 0 0 0 0 0 0 0 0 0 0 0 0 0 0 0 0 0]
[851744147757369636753383398058884274514000137166098384664754307316077055459781070624678040322860585617432740533383768854937325619028177717485923 0 0 0 0 0 0 0 1 0 0 0 0 0 0 0 0 0 0 0 0 0 0 0 0 0 0 0 0 0 0 0 0 0 0 0 0 0 0 0 0 0 0 0 0 0 0 0]
[743700368729056966321882905096847743711619182007045988011643962556810717642068698296862843712727451796776799124444065096371814402997904649368554 0 0 0 0 0 0 0 0 1 0 0 0 0 0 0 0 0 0 0 0 0 0 0 0 0 0 0 0 0 0 0 0 0 0 0 0 0 0 0 0 0 0 0 0 0 0 0]
[2602600447654378666635829865746104229004068426287323175626009715074273423708672703596610445277883742459868294111705427358689422656754887779896627 0 0 0 0 0 0 0 0 0 1 0 0 0 0 0 0 0 0 0 0 0 0 0 0 0 0 0 0 0 0 0 0 0 0 0 0 0 0 0 0 0 0 0 0 0 0 0]
[2740675541978587674181819179644388427798570543866476030513073345854171108592019232329081531259994305717212506173136946279836672139997536052357169 0 0 0 0 0 0 0 0 0 0 1 0 0 0 0 0 0 0 0 0 0 0 0 0 0 0 0 0 0 0 0 0 0 0 0 0 0 0 0 0 0 0 0 0 0 0 0]
[263103705492559486111895938239521083190785086957106501872999773734187355348737086331745967125093320575722753427209698760306864739032023726732968 0 0 0 0 0 0 0 0 0 0 0 1 0 0 0 0 0 0 0 0 0 0 0 0 0 0 0 0 0 0 0 0 0 0 0 0 0 0 0 0 0 0 0 0 0 0 0]
[1909769596886795295871422990415856259985630393737404021972084150369888332900181584998722559171360277853616217246257219916540644121096600847776162 0 0 0 0 0 0 0 0 0 0 0 0 1 0 0 0 0 0 0 0 0 0 0 0 0 0 0 0 0 0 0 0 0 0 0 0 0 0 0 0 0 0 0 0 0 0 0]
[2363191261272418157929327346262325334899991119410720591825129092551336912524362919925351760359607141206827925505045829688094415534462352120111179 0 0 0 0 0 0 0 0 0 0 0 0 0 1 0 0 0 0 0 0 0 0 0 0 0 0 0 0 0 0 0 0 0 0 0 0 0 0 0 0 0 0 0 0 0 0 0]
[2611539434752566527035576521787019162516923553772397686971981942837709636538002284483485561733696650932191584559980785224374649893747481347503916 0 0 0 0 0 0 0 0 0 0 0 0 0 0 1 0 0 0 0 0 0 0 0 0 0 0 0 0 0 0 0 0 0 0 0 0 0 0 0 0 0 0 0 0 0 0 0]
[1564473155305489675315265903891086867146508261808276937893749040143948319779456290398429863832593048574140207546504523440234628538992840459467338 0 0 0 0 0 0 0 0 0 0 0 0 0 0 0 1 0 0 0 0 0 0 0 0 0 0 0 0 0 0 0 0 0 0 0 0 0 0 0 0 0 0 0 0 0 0 0]
[150541028227683341213377569010388847884168149504640933723935694302416159318638479968216646158461214745910393673835235437554212193972995319781448 0 0 0 0 0 0 0 0 0 0 0 0 0 0 0 0 1 0 0 0 0 0 0 0 0 0 0 0 0 0 0 0 0 0 0 0 0 0 0 0 0 0 0 0 0 0 0]
[1104092998745320876565720022506565052787916497166278235163917366141021300435194613561329463461972447725451618696399190688513404709122826135543155 0 0 0 0 0 0 0 0 0 0 0 0 0 0 0 0 0 1 0 0 0 0 0 0 0 0 0 0 0 0 0 0 0 0 0 0 0 0 0 0 0 0 0 0 0 0 0]
[2333390853499858800912094370047863340879289742313884192118353580706520695261377366070036207393158128262618034295479032097199370226552420158622420 0 0 0 0 0 0 0 0 0 0 0 0 0 0 0 0 0 0 1 0 0 0 0 0 0 0 0 0 0 0 0 0 0 0 0 0 0 0 0 0 0 0 0 0 0 0 0]
[1416029627241119573365021826127314414435153319487232776510171354932868498538661219466153105393444304283222956827460436756775088248364212983116601 0 0 0 0 0 0 0 0 0 0 0 0 0 0 0 0 0 0 0 1 0 0 0 0 0 0 0 0 0 0 0 0 0 0 0 0 0 0 0 0 0 0 0 0 0 0 0]
[2289854410474467645959638370698392774316090327617707244791152715830046766141825471480431417792782996039286443472452377234350877902742258537586929 0 0 0 0 0 0 0 0 0 0 0 0 0 0 0 0 0 0 0 0 1 0 0 0 0 0 0 0 0 0 0 0 0 0 0 0 0 0 0 0 0 0 0 0 0 0 0]
[813644011903451800485679971157928205000518074177954286699869656620593120009854166748622808675055591076495461684094231244493593488866399343512240 0 0 0 0 0 0 0 0 0 0 0 0 0 0 0 0 0 0 0 0 0 1 0 0 0 0 0 0 0 0 0 0 0 0 0 0 0 0 0 0 0 0 0 0 0 0 0]
[1777040065938989346107190952630423538682128108703903784882194773028806254562629077906768550443518096065233100430343198275280403840006490009982306 0 0 0 0 0 0 0 0 0 0 0 0 0 0 0 0 0 0 0 0 0 0 1 0 0 0 0 0 0 0 0 0 0 0 0 0 0 0 0 0 0 0 0 0 0 0 0]
[226920008494367117002557004151205407521324612968199655653511592599468649756262595883207663488931494954836213734497824516986771209398477005543705 0 0 0 0 0 0 0 0 0 0 0 0 0 0 0 0 0 0 0 0 0 0 0 1 0 0 0 0 0 0 0 0 0 0 0 0 0 0 0 0 0 0 0 0 0 0 0]
[1794030967397324029079460419570905409686909024950412900050003698025908971503979988762623789695684916212469955874751985025052399234128365815220507 0 0 0 0 0 0 0 0 0 0 0 0 0 0 0 0 0 0 0 0 0 0 0 0 1 0 0 0 0 0 0 0 0 0 0 0 0 0 0 0 0 0 0 0 0 0 0]
[1717371877254578696941442942343123476465531767194318867070630004502500024968019817009291017785222970213959446655634134815370102236347501370075378 0 0 0 0 0 0 0 0 0 0 0 0 0 0 0 0 0 0 0 0 0 0 0 0 0 1 0 0 0 0 0 0 0 0 0 0 0 0 0 0 0 0 0 0 0 0 0]
[2179725699511332156739373347324197366994434879839163800824918009410032297798621021185174209260335849123592284186233817857128952448263468777364848 0 0 0 0 0 0 0 0 0 0 0 0 0 0 0 0 0 0 0 0 0 0 0 0 0 0 1 0 0 0 0 0 0 0 0 0 0 0 0 0 0 0 0 0 0 0 0]
[1137738405926216549192409770608106148068388026426865302230940594544441295284091073214406658209381734145393771050075496547394662152411711419698472 0 0 0 0 0 0 0 0 0 0 0 0 0 0 0 0 0 0 0 0 0 0 0 0 0 0 0 1 0 0 0 0 0 0 0 0 0 0 0 0 0 0 0 0 0 0 0]
[2870438052074383614967425956493508232652047221637990962671873963889060054688608798594798613568582417772766246766392468154157607180728875840728989 0 0 0 0 0 0 0 0 0 0 0 0 0 0 0 0 0 0 0 0 0 0 0 0 0 0 0 0 1 0 0 0 0 0 0 0 0 0 0 0 0 0 0 0 0 0 0]
[2895466722158871633768771059730058695266240876931890859048722600511122598626272443733337605519499674380760639092889563242305483278622457318558385 0 0 0 0 0 0 0 0 0 0 0 0 0 0 0 0 0 0 0 0 0 0 0 0 0 0 0 0 0 1 0 0 0 0 0 0 0 0 0 0 0 0 0 0 0 0 0]
[665325226408894475537239572634824412953150801484464501631284130357391595647971860094882980616348538195536930429840820064004866448651292102193389 0 0 0 0 0 0 0 0 0 0 0 0 0 0 0 0 0 0 0 0 0 0 0 0 0 0 0 0 0 0 1 0 0 0 0 0 0 0 0 0 0 0 0 0 0 0 0]
[1427723926172983923553110487213696643002458039490753091244635213996727004730963263134801381039259706837526722270187510767865340573450508336617163 0 0 0 0 0 0 0 0 0 0 0 0 0 0 0 0 0 0 0 0 0 0 0 0 0 0 0 0 0 0 0 1 0 0 0 0 0 0 0 0 0 0 0 0 0 0 0]
[1992896685580793349881351816331147299113337915188936629480449852046198652583991958443584438984683564694044213492938063482809961568942674946699330 0 0 0 0 0 0 0 0 0 0 0 0 0 0 0 0 0 0 0 0 0 0 0 0 0 0 0 0 0 0 0 0 1 0 0 0 0 0 0 0 0 0 0 0 0 0 0]
[1199924095142980852583010044426274916580368344808085451663206169254958100894030565801066626690238278520683229273897122109366993294326601612377147 0 0 0 0 0 0 0 0 0 0 0 0 0 0 0 0 0 0 0 0 0 0 0 0 0 0 0 0 0 0 0 0 0 1 0 0 0 0 0 0 0 0 0 0 0 0 0]
[1855466368355798273881761779591615636746806818067808802609874918828791141633829635627318673329390024180001241340453013604185732845851549658212607 0 0 0 0 0 0 0 0 0 0 0 0 0 0 0 0 0 0 0 0 0 0 0 0 0 0 0 0 0 0 0 0 0 0 1 0 0 0 0 0 0 0 0 0 0 0 0]
[653923718882182539744784288716110443650525566952912059809128056203941571736949671247836482062911188286072930627068227450693785619744428665059271 0 0 0 0 0 0 0 0 0 0 0 0 0 0 0 0 0 0 0 0 0 0 0 0 0 0 0 0 0 0 0 0 0 0 0 1 0 0 0 0 0 0 0 0 0 0 0]
[626291827264365086979516549939058367689904210219447671482412289860642984766044554900611916098681390247397432411379732652253971314040719347103866 0 0 0 0 0 0 0 0 0 0 0 0 0 0 0 0 0 0 0 0 0 0 0 0 0 0 0 0 0 0 0 0 0 0 0 0 1 0 0 0 0 0 0 0 0 0 0]
[2896045697036973020718485302320461292602541244120579443988398867795153230707271195634468402284284175946169425921761892860811322853771298361305142 0 0 0 0 0 0 0 0 0 0 0 0 0 0 0 0 0 0 0 0 0 0 0 0 0 0 0 0 0 0 0 0 0 0 0 0 0 1 0 0 0 0 0 0 0 0 0]
[2487178460786705149194329178494724404295919131154711514498299356506449159560043982821656524727889186661479060019479726672701344836769929015969894 0 0 0 0 0 0 0 0 0 0 0 0 0 0 0 0 0 0 0 0 0 0 0 0 0 0 0 0 0 0 0 0 0 0 0 0 0 0 1 0 0 0 0 0 0 0 0]
[1058357251809655237613670009668217981882270658760235654280572044776403148030438040767744072445414976205509799357464605928527720114211874811600518 0 0 0 0 0 0 0 0 0 0 0 0 0 0 0 0 0 0 0 0 0 0 0 0 0 0 0 0 0 0 0 0 0 0 0 0 0 0 0 1 0 0 0 0 0 0 0]
[213486771862538461907918679949681368986976036768695483946759756727687843981359715446567226439330449942520947985214508619924481816963002155822733 0 0 0 0 0 0 0 0 0 0 0 0 0 0 0 0 0 0 0 0 0 0 0 0 0 0 0 0 0 0 0 0 0 0 0 0 0 0 0 0 1 0 0 0 0 0 0]
[673069066711200963429964526456678766806054051888738846630543685659949417956581469222389091858441170527407346332938836002188083289481304435263905 0 0 0 0 0 0 0 0 0 0 0 0 0 0 0 0 0 0 0 0 0 0 0 0 0 0 0 0 0 0 0 0 0 0 0 0 0 0 0 0 0 1 0 0 0 0 0]
[1376640819374562889068694891831986492138538830728163683347480515611304335937179230141583346771044927307866298600074768129601294565411871799851408 0 0 0 0 0 0 0 0 0 0 0 0 0 0 0 0 0 0 0 0 0 0 0 0 0 0 0 0 0 0 0 0 0 0 0 0 0 0 0 0 0 0 1 0 0 0 0]
[407280861909822035040881249223599122739292942399368318820051346127119855099430046883921687497386093903433664616107917453285906739765069058819005 0 0 0 0 0 0 0 0 0 0 0 0 0 0 0 0 0 0 0 0 0 0 0 0 0 0 0 0 0 0 0 0 0 0 0 0 0 0 0 0 0 0 0 1 0 0 0]
[2895838746458202090599517297342734194009557401694750197984999863712688999029584776883697921887900011508632975315528573171031087566982880172017999 0 0 0 0 0 0 0 0 0 0 0 0 0 0 0 0 0 0 0 0 0 0 0 0 0 0 0 0 0 0 0 0 0 0 0 0 0 0 0 0 0 0 0 0 1 0 0]
[5423485064569935297626257258949731574939452888973444147419499113893207435402748463740284810295845622284776658848999811298578180576071787253700 0 0 0 0 0 0 0 0 0 0 0 0 0 0 0 0 0 0 0 0 0 0 0 0 0 0 0 0 0 0 0 0 0 0 0 0 0 0 0 0 0 0 0 0 0 1 0]
[2054784213259273144189856011995479418079073366226412860051837341585245015177024428805280537113931222663431532989390651150764549194805876743524871 0 0 0 0 0 0 0 0 0 0 0 0 0 0 0 0 0 0 0 0 0 0 0 0 0 0 0 0 0 0 0 0 0 0 0 0 0 0 0 0 0 0 0 0 0 0 1]
]
