[[3413466091496375905156178418460326093154912273084239867147291805034552274343713051678025598445169115976328486213042263154246001454507360553093210350168423051997938624217896632909347776237227783657073028301923737292585806749701 0 0 0 0 0 0 0 0 0 0 0 0 0 0 0 0 0 0 0 0 0 0 0 0 0 0 0 0 0 0 0 0 0 0 0 0 0 0 0 0 0 0 0 0 0 0 0 0 0 0 0 0 0 0 0 0 0 0 0 0 0 0 0 0 0 0 0 0 0 0 0 0 0 0]
[14540727768907048953741474480972890118183496517214974212923723155762400310931078518855385976713681359826963986054628192117922243516301280663824852658721299359151893058171854170161085810033461628891763351585662471374912589703 1 0 0 0 0 0 0 0 0 0 0 0 0 0 0 0 0 0 0 0 0 0 0 0 0 0 0 0 0 0 0 0 0 0 0 0 0 0 0 0 0 0 0 0 0 0 0 0 0 0 0 0 0 0 0 0 0 0 0 0 0 0 0 0 0 0 0 0 0 0 0 0 0 0]
[381857264006193590841904355038567449102141222810712462602283571829973281489433268737495918299853618285233897976346695134389431627157625975750341503623195345629450112031392889759807757021524928786475541105117963664279704751625 0 1 0 0 0 0 0 0 0 0 0 0 0 0 0 0 0 0 0 0 0 0 0 0 0 0 0 0 0 0 0 0 0 0 0 0 0 0 0 0 0 0 0 0 0 0 0 0 0 0 0 0 0 0 0 0 0 0 0 0 0 0 0 0 0 0 0 0 0 0 0 0 0 0]
[3283445106874352197481691697551976160560402490713160125575568135632330145801339514136806438783370266977603643773194033879164883588254538482383777842182775305284166557799931805055670249458239175881120582911171429042827772066952 0 0 1 0 0 0 0 0 0 0 0 0 0 0 0 0 0 0 0 0 0 0 0 0 0 0 0 0 0 0 0 0 0 0 0 0 0 0 0 0 0 0 0 0 0 0 0 0 0 0 0 0 0 0 0 0 0 0 0 0 0 0 0 0 0 0 0 0 0 0 0 0 0 0]
[497634993479050994992033496086139395984857559543117843931973505681804135977240805416851106352962008256458924836532922348136905038258191134476780363701866706486138933270346901503716812140393731947886060027039515348361181731096 0 0 0 1 0 0 0 0 0 0 0 0 0 0 0 0 0 0 0 0 0 0 0 0 0 0 0 0 0 0 0 0 0 0 0 0 0 0 0 0 0 0 0 0 0 0 0 0 0 0 0 0 0 0 0 0 0 0 0 0 0 0 0 0 0 0 0 0 0 0 0 0 0 0]
[2971583014060007578829350939487365075525557807635641510756926937708564478651023049140108663191738207622122718578298972615857477331666046245356348953627834263269901149381620490384521200483743275976926302034067229775181616988943 0 0 0 0 1 0 0 0 0 0 0 0 0 0 0 0 0 0 0 0 0 0 0 0 0 0 0 0 0 0 0 0 0 0 0 0 0 0 0 0 0 0 0 0 0 0 0 0 0 0 0 0 0 0 0 0 0 0 0 0 0 0 0 0 0 0 0 0 0 0 0 0 0 0]
[715756830094736956820264343724037706050645299407360037038145619177403538358149292610875342400657386404840869309072858687891709959007661130155168710926456925136504324304863448240380399867592496921688001254679849743392655071416 0 0 0 0 0 1 0 0 0 0 0 0 0 0 0 0 0 0 0 0 0 0 0 0 0 0 0 0 0 0 0 0 0 0 0 0 0 0 0 0 0 0 0 0 0 0 0 0 0 0 0 0 0 0 0 0 0 0 0 0 0 0 0 0 0 0 0 0 0 0 0 0 0 0]
[487955562890782714707732736025951122084384230219760739388093104157068427214221874076492605154220665240042234273247858734879820518484442472838563844659047318678865245564151414408385569257501708552381538756218547471438124287319 0 0 0 0 0 0 1 0 0 0 0 0 0 0 0 0 0 0 0 0 0 0 0 0 0 0 0 0 0 0 0 0 0 0 0 0 0 0 0 0 0 0 0 0 0 0 0 0 0 0 0 0 0 0 0 0 0 0 0 0 0 0 0 0 0 0 0 0 0 0 0 0 0 0]
[2553251734609291395930997543165735303387763435677201580118140124701668045456377423396428819930698598763572992352513160773168797030505191234595539634746208788311336406408882402487907208206249259919493259939744828029208286069446 0 0 0 0 0 0 0 1 0 0 0 0 0 0 0 0 0 0 0 0 0 0 0 0 0 0 0 0 0 0 0 0 0 0 0 0 0 0 0 0 0 0 0 0 0 0 0 0 0 0 0 0 0 0 0 0 0 0 0 0 0 0 0 0 0 0 0 0 0 0 0 0 0 0]
[2186060080727750327049789147757815153631840647044094577181490520603318843997296249035736985643384459250415162985647853689629957941053354767893793205828603388798191453088574105942316650495491882803976835996105304234446364218257 0 0 0 0 0 0 0 0 1 0 0 0 0 0 0 0 0 0 0 0 0 0 0 0 0 0 0 0 0 0 0 0 0 0 0 0 0 0 0 0 0 0 0 0 0 0 0 0 0 0 0 0 0 0 0 0 0 0 0 0 0 0 0 0 0 0 0 0 0 0 0 0 0 0]
[1194306367559712988085996630872527119588300473056033354079613946720016636033388880672215630957387803974137394638664246195133591190955303389871211882402768996820830670028160947023739292041281759103358349544001214042038222521007 0 0 0 0 0 0 0 0 0 1 0 0 0 0 0 0 0 0 0 0 0 0 0 0 0 0 0 0 0 0 0 0 0 0 0 0 0 0 0 0 0 0 0 0 0 0 0 0 0 0 0 0 0 0 0 0 0 0 0 0 0 0 0 0 0 0 0 0 0 0 0 0 0 0]
[720855919640225880790916384262231821569803083605993526524564094302294347839099153756326138189769482353484845188726638326979963922099696161358958830763942535956983927752413502346544671201196166976174425386264590816605237098584 0 0 0 0 0 0 0 0 0 0 1 0 0 0 0 0 0 0 0 0 0 0 0 0 0 0 0 0 0 0 0 0 0 0 0 0 0 0 0 0 0 0 0 0 0 0 0 0 0 0 0 0 0 0 0 0 0 0 0 0 0 0 0 0 0 0 0 0 0 0 0 0 0 0]
[2834113779680113224121041259611148223674300600045596581028872713383904490472444620176830933222904110073975986540229946291210530093596342838432597916890414658887086640822089043826943221278533719850254615882485993421372086252566 0 0 0 0 0 0 0 0 0 0 0 1 0 0 0 0 0 0 0 0 0 0 0 0 0 0 0 0 0 0 0 0 0 0 0 0 0 0 0 0 0 0 0 0 0 0 0 0 0 0 0 0 0 0 0 0 0 0 0 0 0 0 0 0 0 0 0 0 0 0 0 0 0 0]
[3182498345269484713777596518336815506966746430669192820514769241530640807783047927823987134419502472441197740439164196933387051549269876312842993271165927552480335288691828448157036911302338409355434522125294906215428897119720 0 0 0 0 0 0 0 0 0 0 0 0 1 0 0 0 0 0 0 0 0 0 0 0 0 0 0 0 0 0 0 0 0 0 0 0 0 0 0 0 0 0 0 0 0 0 0 0 0 0 0 0 0 0 0 0 0 0 0 0 0 0 0 0 0 0 0 0 0 0 0 0 0 0]
[2825313673172579145753452791067084926190373951390748842817517187441958768461753687270813266555750084230140743376300873566352757622693340649900818612132620843301674560864622187760598020473734135041515508879778118046938533873417 0 0 0 0 0 0 0 0 0 0 0 0 0 1 0 0 0 0 0 0 0 0 0 0 0 0 0 0 0 0 0 0 0 0 0 0 0 0 0 0 0 0 0 0 0 0 0 0 0 0 0 0 0 0 0 0 0 0 0 0 0 0 0 0 0 0 0 0 0 0 0 0 0 0]
[1065441008669710010762965817380354448580187744464053091999814635484251833067019687495304257259418689326864701269552298913382566873393795098904189266801303175824288078462402691853218819337701427996116497355727805676661960023069 0 0 0 0 0 0 0 0 0 0 0 0 0 0 1 0 0 0 0 0 0 0 0 0 0 0 0 0 0 0 0 0 0 0 0 0 0 0 0 0 0 0 0 0 0 0 0 0 0 0 0 0 0 0 0 0 0 0 0 0 0 0 0 0 0 0 0 0 0 0 0 0 0 0]
[3059585276459036789332383628902696465977685117740483781028896886726542504761161682901795503865266800059631034993957191366316070488073289913713034978098930384338612147871149072386910777284480619438975974296266700304320950717164 0 0 0 0 0 0 0 0 0 0 0 0 0 0 0 1 0 0 0 0 0 0 0 0 0 0 0 0 0 0 0 0 0 0 0 0 0 0 0 0 0 0 0 0 0 0 0 0 0 0 0 0 0 0 0 0 0 0 0 0 0 0 0 0 0 0 0 0 0 0 0 0 0 0]
[3367262920278491125563068154191761428044869121714626631577248440805093933960855295333658523284471378776788685181653999529657429526541976446404016644407241332413811020018715055595747359749857958393111705361468321654928908160881 0 0 0 0 0 0 0 0 0 0 0 0 0 0 0 0 1 0 0 0 0 0 0 0 0 0 0 0 0 0 0 0 0 0 0 0 0 0 0 0 0 0 0 0 0 0 0 0 0 0 0 0 0 0 0 0 0 0 0 0 0 0 0 0 0 0 0 0 0 0 0 0 0 0]
[967231045965698522333916748614740082396426384901389521279820202263969458037951290808863728978874998660840063912689229848284591078871046984568827886169535091756807130934511091387828101813924396306871212033165439709146054662896 0 0 0 0 0 0 0 0 0 0 0 0 0 0 0 0 0 1 0 0 0 0 0 0 0 0 0 0 0 0 0 0 0 0 0 0 0 0 0 0 0 0 0 0 0 0 0 0 0 0 0 0 0 0 0 0 0 0 0 0 0 0 0 0 0 0 0 0 0 0 0 0 0 0]
[3173785909560018948972936068339315369969588227788673387982281979930389438301762463084364038228454585334536995090510069207121737135406009403959605239918606391263026243309991080142868297328060532632128094498490135149494076367327 0 0 0 0 0 0 0 0 0 0 0 0 0 0 0 0 0 0 1 0 0 0 0 0 0 0 0 0 0 0 0 0 0 0 0 0 0 0 0 0 0 0 0 0 0 0 0 0 0 0 0 0 0 0 0 0 0 0 0 0 0 0 0 0 0 0 0 0 0 0 0 0 0 0]
[3017282894436348728399003609320756426889415450605113646146154211972040561920038646151643225096888987041740913445118395954062177639348799622634860121918147193566586336400320375937961195457945999538600158550955668603655205032629 0 0 0 0 0 0 0 0 0 0 0 0 0 0 0 0 0 0 0 1 0 0 0 0 0 0 0 0 0 0 0 0 0 0 0 0 0 0 0 0 0 0 0 0 0 0 0 0 0 0 0 0 0 0 0 0 0 0 0 0 0 0 0 0 0 0 0 0 0 0 0 0 0 0]
[3077677402372279677076417207517728370614393820661686329885993257279501946177545492086410816377722116782853539436575719389107583741321446862250954090032563962738320662713107015222272569962240349091709162152903837578860774574103 0 0 0 0 0 0 0 0 0 0 0 0 0 0 0 0 0 0 0 0 1 0 0 0 0 0 0 0 0 0 0 0 0 0 0 0 0 0 0 0 0 0 0 0 0 0 0 0 0 0 0 0 0 0 0 0 0 0 0 0 0 0 0 0 0 0 0 0 0 0 0 0 0 0]
[2769040561120723245924117973354110698075771576366889462485384635049738003176799589264435260361262428652887273968035146193103606675936804411245253049738641161254751467147143919857670742726744579905706949742917991214463124228707 0 0 0 0 0 0 0 0 0 0 0 0 0 0 0 0 0 0 0 0 0 1 0 0 0 0 0 0 0 0 0 0 0 0 0 0 0 0 0 0 0 0 0 0 0 0 0 0 0 0 0 0 0 0 0 0 0 0 0 0 0 0 0 0 0 0 0 0 0 0 0 0 0 0]
[1791274536808464932041802797719250706773291886221046221776073292225202551579337649893149740041997694109535653181233224043603967113610544452019717938089864524334897678273884005288557866830746861914834405972834131158189667536769 0 0 0 0 0 0 0 0 0 0 0 0 0 0 0 0 0 0 0 0 0 0 1 0 0 0 0 0 0 0 0 0 0 0 0 0 0 0 0 0 0 0 0 0 0 0 0 0 0 0 0 0 0 0 0 0 0 0 0 0 0 0 0 0 0 0 0 0 0 0 0 0 0 0]
[1366280016229872084777835384500161323023771035813112175578696675538287534236320252602563560832165841322316953801948008780673489592389029844687985512690091377823719797418694089499551007266263835150278010451222322471490959209020 0 0 0 0 0 0 0 0 0 0 0 0 0 0 0 0 0 0 0 0 0 0 0 1 0 0 0 0 0 0 0 0 0 0 0 0 0 0 0 0 0 0 0 0 0 0 0 0 0 0 0 0 0 0 0 0 0 0 0 0 0 0 0 0 0 0 0 0 0 0 0 0 0 0]
[2777154824749875702313131961182574202797545484069929749091184958703373364526008274588379132760892737138543286633828638345707499031153376837778865720221409321416276420424914376334171504632185752102953684372024178974334136413681 0 0 0 0 0 0 0 0 0 0 0 0 0 0 0 0 0 0 0 0 0 0 0 0 1 0 0 0 0 0 0 0 0 0 0 0 0 0 0 0 0 0 0 0 0 0 0 0 0 0 0 0 0 0 0 0 0 0 0 0 0 0 0 0 0 0 0 0 0 0 0 0 0 0]
[1468328394478118397233543370089404365573094094476667238336405964220297659013669270557222193504905609965720271316086262428554582355382117423140370945394194042222531208866724368230235835053635878429999240147642046598365930725410 0 0 0 0 0 0 0 0 0 0 0 0 0 0 0 0 0 0 0 0 0 0 0 0 0 1 0 0 0 0 0 0 0 0 0 0 0 0 0 0 0 0 0 0 0 0 0 0 0 0 0 0 0 0 0 0 0 0 0 0 0 0 0 0 0 0 0 0 0 0 0 0 0 0]
[2953026532120343179020041857020006784231523314110139193861508445050924967895650618053360646641089159514770955402816490589381684929345339537774935251140725000513203759953045162867521700762252057832398876434692519348684518735341 0 0 0 0 0 0 0 0 0 0 0 0 0 0 0 0 0 0 0 0 0 0 0 0 0 0 1 0 0 0 0 0 0 0 0 0 0 0 0 0 0 0 0 0 0 0 0 0 0 0 0 0 0 0 0 0 0 0 0 0 0 0 0 0 0 0 0 0 0 0 0 0 0 0]
[518347944548084977153136402293519662557500100190626025719525975572104268010269235141664358843541233498622597253606672370127807229631315302467787130143889653867030450312469689357502196956558990666830179497543305200254593765456 0 0 0 0 0 0 0 0 0 0 0 0 0 0 0 0 0 0 0 0 0 0 0 0 0 0 0 1 0 0 0 0 0 0 0 0 0 0 0 0 0 0 0 0 0 0 0 0 0 0 0 0 0 0 0 0 0 0 0 0 0 0 0 0 0 0 0 0 0 0 0 0 0 0]
[1628404123998817090482012307055959319088691094650338210234408900300560869997641090230563057796661283433715021675275233305116929514931897665443519883105155519296822681176163300246849711272991998853291018113495562156095434406377 0 0 0 0 0 0 0 0 0 0 0 0 0 0 0 0 0 0 0 0 0 0 0 0 0 0 0 0 1 0 0 0 0 0 0 0 0 0 0 0 0 0 0 0 0 0 0 0 0 0 0 0 0 0 0 0 0 0 0 0 0 0 0 0 0 0 0 0 0 0 0 0 0 0]
[528132272603005889245842790482544675977556311654408335257796723294462412657168229728651192345368823938868748726982905648518924036446247178572998561893513162873253462206915835232885023187163837427689272442914273263878697336806 0 0 0 0 0 0 0 0 0 0 0 0 0 0 0 0 0 0 0 0 0 0 0 0 0 0 0 0 0 1 0 0 0 0 0 0 0 0 0 0 0 0 0 0 0 0 0 0 0 0 0 0 0 0 0 0 0 0 0 0 0 0 0 0 0 0 0 0 0 0 0 0 0 0]
[2539269197247279634140293970337306237677616228336385257500550480196508818986598609045216942957057747330306126676936114568580425942567655515799567884156757966443419826788291893470776306188001860555094187757729738384996123669067 0 0 0 0 0 0 0 0 0 0 0 0 0 0 0 0 0 0 0 0 0 0 0 0 0 0 0 0 0 0 1 0 0 0 0 0 0 0 0 0 0 0 0 0 0 0 0 0 0 0 0 0 0 0 0 0 0 0 0 0 0 0 0 0 0 0 0 0 0 0 0 0 0 0]
[614540119961886175873318631620352128803827748396451005781433464485303533203557185997635494781636193810791842182869133333234639355508756863894403921959867534620399707208668217656270632104168514603266233298098954636395015124496 0 0 0 0 0 0 0 0 0 0 0 0 0 0 0 0 0 0 0 0 0 0 0 0 0 0 0 0 0 0 0 1 0 0 0 0 0 0 0 0 0 0 0 0 0 0 0 0 0 0 0 0 0 0 0 0 0 0 0 0 0 0 0 0 0 0 0 0 0 0 0 0 0 0]
[1770197721475828972838563900845691583512502651188197423317168671125550941651420718065461381995700497267752185189468534679912893984902292738846742512964355977361585866229699500286950459511471073168275378379798770191876746278753 0 0 0 0 0 0 0 0 0 0 0 0 0 0 0 0 0 0 0 0 0 0 0 0 0 0 0 0 0 0 0 0 1 0 0 0 0 0 0 0 0 0 0 0 0 0 0 0 0 0 0 0 0 0 0 0 0 0 0 0 0 0 0 0 0 0 0 0 0 0 0 0 0 0]
[2180134250160035157592627835632802363482260655539459589062174464124650179350636673092880283742810181517890641638840449593294136871077698411926926334852798835118022641949089991005549882387219924282050629871562563438122508186199 0 0 0 0 0 0 0 0 0 0 0 0 0 0 0 0 0 0 0 0 0 0 0 0 0 0 0 0 0 0 0 0 0 1 0 0 0 0 0 0 0 0 0 0 0 0 0 0 0 0 0 0 0 0 0 0 0 0 0 0 0 0 0 0 0 0 0 0 0 0 0 0 0 0]
[3301486308084803511712544223820757745408987086081090058919006519827505546026417808782497753784073544954365662891779288037811774694465572769647284299655646836865617699125323649117967762343017099517998559104683377581239654433109 0 0 0 0 0 0 0 0 0 0 0 0 0 0 0 0 0 0 0 0 0 0 0 0 0 0 0 0 0 0 0 0 0 0 1 0 0 0 0 0 0 0 0 0 0 0 0 0 0 0 0 0 0 0 0 0 0 0 0 0 0 0 0 0 0 0 0 0 0 0 0 0 0 0]
[652410702471267305769121035694308393382272280937907980989403875207469765474615877089811931234610101286059072617242645352821882512287736719148350581718092194382303970811216702707395428789162511803221931556831156815327012965169 0 0 0 0 0 0 0 0 0 0 0 0 0 0 0 0 0 0 0 0 0 0 0 0 0 0 0 0 0 0 0 0 0 0 0 1 0 0 0 0 0 0 0 0 0 0 0 0 0 0 0 0 0 0 0 0 0 0 0 0 0 0 0 0 0 0 0 0 0 0 0 0 0 0]
[665640910800350260004375812400561099561699441460326136279330109978809418987325957790020559779142326460460373919177914603428041744075273144996990286046903490367787192727021148461184623589905056131212500986292960787020511126674 0 0 0 0 0 0 0 0 0 0 0 0 0 0 0 0 0 0 0 0 0 0 0 0 0 0 0 0 0 0 0 0 0 0 0 0 1 0 0 0 0 0 0 0 0 0 0 0 0 0 0 0 0 0 0 0 0 0 0 0 0 0 0 0 0 0 0 0 0 0 0 0 0 0]
[842324599963988988006153087538490678340584314995671863487697388883756892704456424835983918960817877079727629363817404631634241007804551678900518551409224364848233588858792041674531066436701202071297265173821371476780520927260 0 0 0 0 0 0 0 0 0 0 0 0 0 0 0 0 0 0 0 0 0 0 0 0 0 0 0 0 0 0 0 0 0 0 0 0 0 1 0 0 0 0 0 0 0 0 0 0 0 0 0 0 0 0 0 0 0 0 0 0 0 0 0 0 0 0 0 0 0 0 0 0 0 0]
[3137439963332169510370647452023416273860914553794558758886406309767424520771075614124631825010466214461499459090663828167166831539287146604318755516306823218251022672529119212389247984901624551214555873256954713230014033038010 0 0 0 0 0 0 0 0 0 0 0 0 0 0 0 0 0 0 0 0 0 0 0 0 0 0 0 0 0 0 0 0 0 0 0 0 0 0 1 0 0 0 0 0 0 0 0 0 0 0 0 0 0 0 0 0 0 0 0 0 0 0 0 0 0 0 0 0 0 0 0 0 0 0]
[2268586705366734845312890227224772034382953628395577492494765133297465692933017889711913618312182985778403691921363100680691902059101412805812322271877791986748214519905538654474060771820539525898563010707408500687224453173477 0 0 0 0 0 0 0 0 0 0 0 0 0 0 0 0 0 0 0 0 0 0 0 0 0 0 0 0 0 0 0 0 0 0 0 0 0 0 0 1 0 0 0 0 0 0 0 0 0 0 0 0 0 0 0 0 0 0 0 0 0 0 0 0 0 0 0 0 0 0 0 0 0 0]
[3200763198462602741061249770467498415962434530699051496115624702259659174873765964939608963268554427346920518664660020329849693923079611727617567299149593007724965071023652173597017843922731532498539963297616222077511130517118 0 0 0 0 0 0 0 0 0 0 0 0 0 0 0 0 0 0 0 0 0 0 0 0 0 0 0 0 0 0 0 0 0 0 0 0 0 0 0 0 1 0 0 0 0 0 0 0 0 0 0 0 0 0 0 0 0 0 0 0 0 0 0 0 0 0 0 0 0 0 0 0 0 0]
[61125754698305811264622014586865436816057200604480027919578217275803657474651669967507193706599747885265769587388476865419895855614296057558895666245895393423583058518536056671431797694931537819095483908943977088148699749905 0 0 0 0 0 0 0 0 0 0 0 0 0 0 0 0 0 0 0 0 0 0 0 0 0 0 0 0 0 0 0 0 0 0 0 0 0 0 0 0 0 1 0 0 0 0 0 0 0 0 0 0 0 0 0 0 0 0 0 0 0 0 0 0 0 0 0 0 0 0 0 0 0 0]
[2837738574139445657194378659648321918764934883258238507124120452502702463294440529639049145871727355190354971150907715256069586235082481139433726278009787005464058859055629832120748139162505971520568651531674745073817175853850 0 0 0 0 0 0 0 0 0 0 0 0 0 0 0 0 0 0 0 0 0 0 0 0 0 0 0 0 0 0 0 0 0 0 0 0 0 0 0 0 0 0 1 0 0 0 0 0 0 0 0 0 0 0 0 0 0 0 0 0 0 0 0 0 0 0 0 0 0 0 0 0 0 0]
[479660812832712844860946385487326089757054450647240820253531751373393924188906498636568125477901924886046569430073539034412085062785369961576575561607537988690245016460579464016364145086598764634819484265566159433128138667346 0 0 0 0 0 0 0 0 0 0 0 0 0 0 0 0 0 0 0 0 0 0 0 0 0 0 0 0 0 0 0 0 0 0 0 0 0 0 0 0 0 0 0 1 0 0 0 0 0 0 0 0 0 0 0 0 0 0 0 0 0 0 0 0 0 0 0 0 0 0 0 0 0 0]
[2943202827630849788806034702073934226811403720055863382637116858073306570195149687627030230438760853406686785578696534705679144523260226245578746361320061450842064990711481561819911240302833030481786801205517622270965596158152 0 0 0 0 0 0 0 0 0 0 0 0 0 0 0 0 0 0 0 0 0 0 0 0 0 0 0 0 0 0 0 0 0 0 0 0 0 0 0 0 0 0 0 0 1 0 0 0 0 0 0 0 0 0 0 0 0 0 0 0 0 0 0 0 0 0 0 0 0 0 0 0 0 0]
[61845724884082475676889263899931049303735420716692852683345555695894954287158877220658180787748626522346279153689403836202740350785169852542143188881021963174566850433936135397447100473405459473050509692892264674955430378414 0 0 0 0 0 0 0 0 0 0 0 0 0 0 0 0 0 0 0 0 0 0 0 0 0 0 0 0 0 0 0 0 0 0 0 0 0 0 0 0 0 0 0 0 0 1 0 0 0 0 0 0 0 0 0 0 0 0 0 0 0 0 0 0 0 0 0 0 0 0 0 0 0 0]
[29826657577297311192523629591772789916333461335842534388462563207493932149100710731308616119285957692374091896658462527358101179512372379283844370100899632397465987093517549840325141467190382740655902424339585397784078183353 0 0 0 0 0 0 0 0 0 0 0 0 0 0 0 0 0 0 0 0 0 0 0 0 0 0 0 0 0 0 0 0 0 0 0 0 0 0 0 0 0 0 0 0 0 0 1 0 0 0 0 0 0 0 0 0 0 0 0 0 0 0 0 0 0 0 0 0 0 0 0 0 0 0]
[2460606802271906825953767935323914289307316866895952092057770178620643540620858610154255347018643166500812945699466376662181573925490627574831766113392773800421616515965971151354126751024462659264163857096394406405650760654078 0 0 0 0 0 0 0 0 0 0 0 0 0 0 0 0 0 0 0 0 0 0 0 0 0 0 0 0 0 0 0 0 0 0 0 0 0 0 0 0 0 0 0 0 0 0 0 1 0 0 0 0 0 0 0 0 0 0 0 0 0 0 0 0 0 0 0 0 0 0 0 0 0 0]
[1452604904080952892859528810679798878453730092301604350582792155069730274923256216110674076604747360472352760616452776268547503904156033762932509423333411806801364188315003509538886313053790262423092029060103846944919802627455 0 0 0 0 0 0 0 0 0 0 0 0 0 0 0 0 0 0 0 0 0 0 0 0 0 0 0 0 0 0 0 0 0 0 0 0 0 0 0 0 0 0 0 0 0 0 0 0 1 0 0 0 0 0 0 0 0 0 0 0 0 0 0 0 0 0 0 0 0 0 0 0 0 0]
[1123656804974196967017180516020280556914844582915951548963634587239580558109233696429449682091239229393599108467274239180086400326253018891912311115748318719243805328557252231734246073643392186682532542598635323532775804093783 0 0 0 0 0 0 0 0 0 0 0 0 0 0 0 0 0 0 0 0 0 0 0 0 0 0 0 0 0 0 0 0 0 0 0 0 0 0 0 0 0 0 0 0 0 0 0 0 0 1 0 0 0 0 0 0 0 0 0 0 0 0 0 0 0 0 0 0 0 0 0 0 0 0]
[360063006917881369426688674078598846260729327257108303920396231248296103489207821168299282182258535339555056180111114191385104334017937483607248887994677483829470119334506572342957915620346615186119953463640409466281380786518 0 0 0 0 0 0 0 0 0 0 0 0 0 0 0 0 0 0 0 0 0 0 0 0 0 0 0 0 0 0 0 0 0 0 0 0 0 0 0 0 0 0 0 0 0 0 0 0 0 0 1 0 0 0 0 0 0 0 0 0 0 0 0 0 0 0 0 0 0 0 0 0 0 0]
[2142759504962119122652796027393935774393604262687451112204836185436295766527367398461332345783686255212948256334765371361263039729218768639400689825868504602407527735102251774750603498070011999677877659766013716358471432890444 0 0 0 0 0 0 0 0 0 0 0 0 0 0 0 0 0 0 0 0 0 0 0 0 0 0 0 0 0 0 0 0 0 0 0 0 0 0 0 0 0 0 0 0 0 0 0 0 0 0 0 1 0 0 0 0 0 0 0 0 0 0 0 0 0 0 0 0 0 0 0 0 0 0]
[1013143209456374365795962331726743983376803796818819131319908799173526375011323663379149599126905147511360377079457795053758999831009684347771250936838994738300955442397439296210046196781991867456056182918188003521737567224540 0 0 0 0 0 0 0 0 0 0 0 0 0 0 0 0 0 0 0 0 0 0 0 0 0 0 0 0 0 0 0 0 0 0 0 0 0 0 0 0 0 0 0 0 0 0 0 0 0 0 0 0 1 0 0 0 0 0 0 0 0 0 0 0 0 0 0 0 0 0 0 0 0 0]
[1642336619599453103450958479992889133250088332587299063774407888115851022919114136756935347446688543412065454662609332944309769730254068860562167676276390669280664997216103912913752281203215567684101753910100517258159470638242 0 0 0 0 0 0 0 0 0 0 0 0 0 0 0 0 0 0 0 0 0 0 0 0 0 0 0 0 0 0 0 0 0 0 0 0 0 0 0 0 0 0 0 0 0 0 0 0 0 0 0 0 0 1 0 0 0 0 0 0 0 0 0 0 0 0 0 0 0 0 0 0 0 0]
[1096918831504753567988224663865551622420308936255094577824578115408583763783407947037778885981511104858051242822038247785203909395724211843924784529916528663223747959460703858723999508780066878641213055956823261576848069113504 0 0 0 0 0 0 0 0 0 0 0 0 0 0 0 0 0 0 0 0 0 0 0 0 0 0 0 0 0 0 0 0 0 0 0 0 0 0 0 0 0 0 0 0 0 0 0 0 0 0 0 0 0 0 1 0 0 0 0 0 0 0 0 0 0 0 0 0 0 0 0 0 0 0]
[2942578634819061918748294464208322357727917066598227322230225621317262135438762695669093110445715532254639992445527860065872123166430769622489392798389300915350833437352965525083488428549303594592462157644649740051210868063452 0 0 0 0 0 0 0 0 0 0 0 0 0 0 0 0 0 0 0 0 0 0 0 0 0 0 0 0 0 0 0 0 0 0 0 0 0 0 0 0 0 0 0 0 0 0 0 0 0 0 0 0 0 0 0 1 0 0 0 0 0 0 0 0 0 0 0 0 0 0 0 0 0 0]
[1421755837055460555359855041412897362079672697404104719828594811444556997226410166852845738411819101358145164636299512975598911711616239619143952803726074820079180018147475298584857890517101910905718923200481499714234798596595 0 0 0 0 0 0 0 0 0 0 0 0 0 0 0 0 0 0 0 0 0 0 0 0 0 0 0 0 0 0 0 0 0 0 0 0 0 0 0 0 0 0 0 0 0 0 0 0 0 0 0 0 0 0 0 0 1 0 0 0 0 0 0 0 0 0 0 0 0 0 0 0 0 0]
[658460231219329392225453178181900699154270307563860964394532253129028690170802665157605037995921515875064831115477365495560910831135796321780765952049069800642880100055551875996227582429356462620599977248393309016551986957568 0 0 0 0 0 0 0 0 0 0 0 0 0 0 0 0 0 0 0 0 0 0 0 0 0 0 0 0 0 0 0 0 0 0 0 0 0 0 0 0 0 0 0 0 0 0 0 0 0 0 0 0 0 0 0 0 0 1 0 0 0 0 0 0 0 0 0 0 0 0 0 0 0 0]
[3217008632201474513639542265154879414400371955259377296475128353611357020093724416065835769267466170942586164079620118198017414690259192942134033198277642148606078228812660978889665093494809260211465396168101050915148379060026 0 0 0 0 0 0 0 0 0 0 0 0 0 0 0 0 0 0 0 0 0 0 0 0 0 0 0 0 0 0 0 0 0 0 0 0 0 0 0 0 0 0 0 0 0 0 0 0 0 0 0 0 0 0 0 0 0 0 1 0 0 0 0 0 0 0 0 0 0 0 0 0 0 0]
[1393926411954052993778638958589406224713230787917825379986132113095149197292745355336106129745165761506995990321419097538881017880355703511788700096152750188636111909985698005491887514646813730054004978288963240872441932162343 0 0 0 0 0 0 0 0 0 0 0 0 0 0 0 0 0 0 0 0 0 0 0 0 0 0 0 0 0 0 0 0 0 0 0 0 0 0 0 0 0 0 0 0 0 0 0 0 0 0 0 0 0 0 0 0 0 0 0 1 0 0 0 0 0 0 0 0 0 0 0 0 0 0]
[2279148681568008031583953063436515492681032547866543226340706251588415165448687110355955411739101652950703022931282790856225758262206583464539044831676347653261702370113730096297175985880503489374240871868236665696275721002629 0 0 0 0 0 0 0 0 0 0 0 0 0 0 0 0 0 0 0 0 0 0 0 0 0 0 0 0 0 0 0 0 0 0 0 0 0 0 0 0 0 0 0 0 0 0 0 0 0 0 0 0 0 0 0 0 0 0 0 0 1 0 0 0 0 0 0 0 0 0 0 0 0 0]
[1463873528507126659812876657556005738743507444343564038672503121162661390134289022727506907992442894132895247864866568782162356415605047085580873869830190979097874614379904790833500205886287712729735405698791345633571025684151 0 0 0 0 0 0 0 0 0 0 0 0 0 0 0 0 0 0 0 0 0 0 0 0 0 0 0 0 0 0 0 0 0 0 0 0 0 0 0 0 0 0 0 0 0 0 0 0 0 0 0 0 0 0 0 0 0 0 0 0 0 1 0 0 0 0 0 0 0 0 0 0 0 0]
[2299538527245550047602959717169475642791286288247861500708793431382137009705964892109712712210826164700738159242365780983423968517564095524414604624834898577125518413059608840683659918461652430391072538457320087195493034051360 0 0 0 0 0 0 0 0 0 0 0 0 0 0 0 0 0 0 0 0 0 0 0 0 0 0 0 0 0 0 0 0 0 0 0 0 0 0 0 0 0 0 0 0 0 0 0 0 0 0 0 0 0 0 0 0 0 0 0 0 0 0 1 0 0 0 0 0 0 0 0 0 0 0]
[1408623519168092750530196847157023752104837307076288870855495695335315271510872310542433885809045178252054601736759003232491947539879769525978589058985547839499689989922331155929849838538905044155928127505220874548920857469529 0 0 0 0 0 0 0 0 0 0 0 0 0 0 0 0 0 0 0 0 0 0 0 0 0 0 0 0 0 0 0 0 0 0 0 0 0 0 0 0 0 0 0 0 0 0 0 0 0 0 0 0 0 0 0 0 0 0 0 0 0 0 0 1 0 0 0 0 0 0 0 0 0 0]
[1198401010418519561483632816155987157902934106643845374884944706805572053539653403548949727621512697467360340864544136775615929711482999378867400869685108506248739000325045581200881348198945664021742863373062871888840411808123 0 0 0 0 0 0 0 0 0 0 0 0 0 0 0 0 0 0 0 0 0 0 0 0 0 0 0 0 0 0 0 0 0 0 0 0 0 0 0 0 0 0 0 0 0 0 0 0 0 0 0 0 0 0 0 0 0 0 0 0 0 0 0 0 1 0 0 0 0 0 0 0 0 0]
[1310795502025202604471741765036837971510797468380127158372851172276072605642274493711834268237415388765121480989724991844137917402519647597036569207556275218625394986354517874015399505346421542569645001549627401146148894820815 0 0 0 0 0 0 0 0 0 0 0 0 0 0 0 0 0 0 0 0 0 0 0 0 0 0 0 0 0 0 0 0 0 0 0 0 0 0 0 0 0 0 0 0 0 0 0 0 0 0 0 0 0 0 0 0 0 0 0 0 0 0 0 0 0 1 0 0 0 0 0 0 0 0]
[826469410698553537214119804176748739134629129456376611277277396619522043389784159605660866932179280926671504891997165327251140039771338285381951253803384991552994310681885802710242712277080299195039532042601710971854009246677 0 0 0 0 0 0 0 0 0 0 0 0 0 0 0 0 0 0 0 0 0 0 0 0 0 0 0 0 0 0 0 0 0 0 0 0 0 0 0 0 0 0 0 0 0 0 0 0 0 0 0 0 0 0 0 0 0 0 0 0 0 0 0 0 0 0 1 0 0 0 0 0 0 0]
[1301261960029390341745445551864379267876889181179775810886104946841443507146072679746377168965975207591117125154947736259184521845275951660575008712766684944835224763056748453207769686974232102504495109692635191321420180328453 0 0 0 0 0 0 0 0 0 0 0 0 0 0 0 0 0 0 0 0 0 0 0 0 0 0 0 0 0 0 0 0 0 0 0 0 0 0 0 0 0 0 0 0 0 0 0 0 0 0 0 0 0 0 0 0 0 0 0 0 0 0 0 0 0 0 0 1 0 0 0 0 0 0]
[666518254393790598548480734381424968254846562973917021036494378301078320772263055266686625603011136735388331250574741377353661514744164589201283788254262750264227462352122615375557160247477625291571912488164393002868046582999 0 0 0 0 0 0 0 0 0 0 0 0 0 0 0 0 0 0 0 0 0 0 0 0 0 0 0 0 0 0 0 0 0 0 0 0 0 0 0 0 0 0 0 0 0 0 0 0 0 0 0 0 0 0 0 0 0 0 0 0 0 0 0 0 0 0 0 0 1 0 0 0 0 0]
[1070730285361210557720735832715663992948021540270220379212265886079573464194220149352442071567990654072152163607764315478051014468693383926090914760163330928013385384903140724133079132409719357947516416731861972822892567483735 0 0 0 0 0 0 0 0 0 0 0 0 0 0 0 0 0 0 0 0 0 0 0 0 0 0 0 0 0 0 0 0 0 0 0 0 0 0 0 0 0 0 0 0 0 0 0 0 0 0 0 0 0 0 0 0 0 0 0 0 0 0 0 0 0 0 0 0 0 1 0 0 0 0]
[2339481067656145413431785717866314874327521618087556624971274439028831953440706570936837050334373821246287132459894762668445533707612677565942680630677768580468633535389808532078142756994805775663813660365905740591980215173460 0 0 0 0 0 0 0 0 0 0 0 0 0 0 0 0 0 0 0 0 0 0 0 0 0 0 0 0 0 0 0 0 0 0 0 0 0 0 0 0 0 0 0 0 0 0 0 0 0 0 0 0 0 0 0 0 0 0 0 0 0 0 0 0 0 0 0 0 0 0 1 0 0 0]
[189843025593284337159233277647603781976158177939475033097694679497444452708864822636684520011356102216478751943690141385243696992647075145195494713506246712594328867726117119457057555369698066033717724554436700010002991715267 0 0 0 0 0 0 0 0 0 0 0 0 0 0 0 0 0 0 0 0 0 0 0 0 0 0 0 0 0 0 0 0 0 0 0 0 0 0 0 0 0 0 0 0 0 0 0 0 0 0 0 0 0 0 0 0 0 0 0 0 0 0 0 0 0 0 0 0 0 0 0 1 0 0]
[1781719624661349505362700613948604069514819121973934389084115373130821028597800491099305668482763536725024304725840034025953817515229512003199169035741972088143890020735127286748636817455621732638659467899470210344931615279169 0 0 0 0 0 0 0 0 0 0 0 0 0 0 0 0 0 0 0 0 0 0 0 0 0 0 0 0 0 0 0 0 0 0 0 0 0 0 0 0 0 0 0 0 0 0 0 0 0 0 0 0 0 0 0 0 0 0 0 0 0 0 0 0 0 0 0 0 0 0 0 0 1 0]
[2686438161796848043718125731956478312165508506006015205346184820131405567406350179167036647394758840714167158054626109820560927043183537496548626567364191231883557673463524865352651765532756846949865377631670101655392432134198 0 0 0 0 0 0 0 0 0 0 0 0 0 0 0 0 0 0 0 0 0 0 0 0 0 0 0 0 0 0 0 0 0 0 0 0 0 0 0 0 0 0 0 0 0 0 0 0 0 0 0 0 0 0 0 0 0 0 0 0 0 0 0 0 0 0 0 0 0 0 0 0 0 1]
]
