[[5329327229728343801350930043359340499771704210782938882964742523798571565214567941830959923341456835780811094803437722192257024033648029015232739496574804802660997123588261760372189698692520856695739993040621591342327723825012092119154914875830696826509683 0 0 0 0 0 0 0 0 0 0 0 0 0 0 0 0 0 0 0 0 0 0 0 0 0 0 0 0 0 0 0 0 0 0 0 0 0 0 0 0 0 0 0 0 0 0 0 0 0 0 0 0 0 0 0 0 0 0 0 0 0 0 0 0 0 0 0 0 0 0 0 0 0 0 0 0 0 0 0 0 0 0 0 0]
[803037041081635540942305115411380060176534199717106957459144960366798366794992406128664026052238337337178203184099443164899320073916847521885767030148383365840030270263758603291704416598248118023067775891943748720341157725414819645443758890868170506555301 1 0 0 0 0 0 0 0 0 0 0 0 0 0 0 0 0 0 0 0 0 0 0 0 0 0 0 0 0 0 0 0 0 0 0 0 0 0 0 0 0 0 0 0 0 0 0 0 0 0 0 0 0 0 0 0 0 0 0 0 0 0 0 0 0 0 0 0 0 0 0 0 0 0 0 0 0 0 0 0 0 0 0 0]
[1685023761319552092056526448434016843305123801377869114246510279128414589429519914092811672839727657232622914924949325185365396667227962192038502243011814938261400919015712204501430542211522380782684190194469369950077238208069814091120745455568209422839352 0 1 0 0 0 0 0 0 0 0 0 0 0 0 0 0 0 0 0 0 0 0 0 0 0 0 0 0 0 0 0 0 0 0 0 0 0 0 0 0 0 0 0 0 0 0 0 0 0 0 0 0 0 0 0 0 0 0 0 0 0 0 0 0 0 0 0 0 0 0 0 0 0 0 0 0 0 0 0 0 0 0 0 0]
[3377789559872120223418235184773805572614859286346328828985667595330843337833904992050666400866910903820788817872803868929966844762424119206045679915466025098026459570185871976997945218103069635163906157617056596259353070348075633416073214665466202863431757 0 0 1 0 0 0 0 0 0 0 0 0 0 0 0 0 0 0 0 0 0 0 0 0 0 0 0 0 0 0 0 0 0 0 0 0 0 0 0 0 0 0 0 0 0 0 0 0 0 0 0 0 0 0 0 0 0 0 0 0 0 0 0 0 0 0 0 0 0 0 0 0 0 0 0 0 0 0 0 0 0 0 0 0]
[2433162118212733065774189094343542078715600863552979185267261492194518103897587797378886673136491431935619372248919977877871924462785704813305698253425381490009850525745576163515419529076859550814054376199426136691963625528831218373160772151521890005702370 0 0 0 1 0 0 0 0 0 0 0 0 0 0 0 0 0 0 0 0 0 0 0 0 0 0 0 0 0 0 0 0 0 0 0 0 0 0 0 0 0 0 0 0 0 0 0 0 0 0 0 0 0 0 0 0 0 0 0 0 0 0 0 0 0 0 0 0 0 0 0 0 0 0 0 0 0 0 0 0 0 0 0 0]
[805226496763162493906174572671617121375131884717037751421171659971941838424704066557554850081544668484752690586913970794235164283545553300049077743379608078119355069465820752181746987995429345246053773528102096665338670876472986927560772509999468039945617 0 0 0 0 1 0 0 0 0 0 0 0 0 0 0 0 0 0 0 0 0 0 0 0 0 0 0 0 0 0 0 0 0 0 0 0 0 0 0 0 0 0 0 0 0 0 0 0 0 0 0 0 0 0 0 0 0 0 0 0 0 0 0 0 0 0 0 0 0 0 0 0 0 0 0 0 0 0 0 0 0 0 0 0]
[2653932095365172118309060437065124201302458808411659420242678894453217059587714608779370655342556267328266316069800043620354076002943909680107149751460127023974153156541149236608140599009539593027511672733996247213695648985417797587016696367925444194901760 0 0 0 0 0 1 0 0 0 0 0 0 0 0 0 0 0 0 0 0 0 0 0 0 0 0 0 0 0 0 0 0 0 0 0 0 0 0 0 0 0 0 0 0 0 0 0 0 0 0 0 0 0 0 0 0 0 0 0 0 0 0 0 0 0 0 0 0 0 0 0 0 0 0 0 0 0 0 0 0 0 0 0 0]
[4099742444262416437690023069033134184591201771149221803862079010894144662568194923944370720238519122149361395279232467131450136696880136549257850427867357000122284854198350204370427920239619271440557250079790299288754964141560776159412794808438487446716333 0 0 0 0 0 0 1 0 0 0 0 0 0 0 0 0 0 0 0 0 0 0 0 0 0 0 0 0 0 0 0 0 0 0 0 0 0 0 0 0 0 0 0 0 0 0 0 0 0 0 0 0 0 0 0 0 0 0 0 0 0 0 0 0 0 0 0 0 0 0 0 0 0 0 0 0 0 0 0 0 0 0 0 0]
[2306773924743773944003283985218666605445935180046830602389865534392616801228537399045587697495540447207951192789287369656881492363088141702114008485574503096066685036557329244101755954702446844847470392072313115301290949715881721434008054039525146548148388 0 0 0 0 0 0 0 1 0 0 0 0 0 0 0 0 0 0 0 0 0 0 0 0 0 0 0 0 0 0 0 0 0 0 0 0 0 0 0 0 0 0 0 0 0 0 0 0 0 0 0 0 0 0 0 0 0 0 0 0 0 0 0 0 0 0 0 0 0 0 0 0 0 0 0 0 0 0 0 0 0 0 0 0]
[1540974503793080965459550366237861354914330215258144699303820854164970584852842289428359630777740331947530804186822474359684393539072214291847197883055713238552448109242934269553143965252243756315918399365253446067606306861914944302944924620214525331775916 0 0 0 0 0 0 0 0 1 0 0 0 0 0 0 0 0 0 0 0 0 0 0 0 0 0 0 0 0 0 0 0 0 0 0 0 0 0 0 0 0 0 0 0 0 0 0 0 0 0 0 0 0 0 0 0 0 0 0 0 0 0 0 0 0 0 0 0 0 0 0 0 0 0 0 0 0 0 0 0 0 0 0 0]
[1006111564334437718641788724326096835471360995061738243507672076766518306281507830741076651979905909705220653906139874229915017897990865084866958180506408690993888610031938284982512308792514597860154353165405232139431431864067405686350113923936654317957163 0 0 0 0 0 0 0 0 0 1 0 0 0 0 0 0 0 0 0 0 0 0 0 0 0 0 0 0 0 0 0 0 0 0 0 0 0 0 0 0 0 0 0 0 0 0 0 0 0 0 0 0 0 0 0 0 0 0 0 0 0 0 0 0 0 0 0 0 0 0 0 0 0 0 0 0 0 0 0 0 0 0 0 0]
[1687593395667892766047943990613163503169942631387622212324126525362288493068324245423950143648079522774959884706243180360795192848676186106348374584060270909360784261654752836659257368322866424842284680264739070615769348580790815796758610326900440433353485 0 0 0 0 0 0 0 0 0 0 1 0 0 0 0 0 0 0 0 0 0 0 0 0 0 0 0 0 0 0 0 0 0 0 0 0 0 0 0 0 0 0 0 0 0 0 0 0 0 0 0 0 0 0 0 0 0 0 0 0 0 0 0 0 0 0 0 0 0 0 0 0 0 0 0 0 0 0 0 0 0 0 0 0]
[1491303469180847491861685629189660006136298939793254829427232276907776462683425675798223275000222610703599631535180777756244077531217842322532901061660422453770286121668212914028284598636282380055558460273127240148614421977444167988198691531442557794773916 0 0 0 0 0 0 0 0 0 0 0 1 0 0 0 0 0 0 0 0 0 0 0 0 0 0 0 0 0 0 0 0 0 0 0 0 0 0 0 0 0 0 0 0 0 0 0 0 0 0 0 0 0 0 0 0 0 0 0 0 0 0 0 0 0 0 0 0 0 0 0 0 0 0 0 0 0 0 0 0 0 0 0 0]
[4903265266432400064697359561097489562968362329888982194167065367430171855081631827434053850251435380521839495757881288408331127516335100650940052280275377215222856664573295025569305375892300895314952290067571327452398093132360999686112883302723880062995760 0 0 0 0 0 0 0 0 0 0 0 0 1 0 0 0 0 0 0 0 0 0 0 0 0 0 0 0 0 0 0 0 0 0 0 0 0 0 0 0 0 0 0 0 0 0 0 0 0 0 0 0 0 0 0 0 0 0 0 0 0 0 0 0 0 0 0 0 0 0 0 0 0 0 0 0 0 0 0 0 0 0 0 0]
[1132380690650344628009012757167471113626829684476728598909317779712556866407195892538094407327368815732810518594158281455172743606077110143973264350062059916273036690399525033667451099153964320766559857779273915039819893141159206640648920401910397069504310 0 0 0 0 0 0 0 0 0 0 0 0 0 1 0 0 0 0 0 0 0 0 0 0 0 0 0 0 0 0 0 0 0 0 0 0 0 0 0 0 0 0 0 0 0 0 0 0 0 0 0 0 0 0 0 0 0 0 0 0 0 0 0 0 0 0 0 0 0 0 0 0 0 0 0 0 0 0 0 0 0 0 0 0]
[884990926633442041990181769771526542363453281982951785256318885603151846548396345662666805634751084371595512729570183800388284264324269833712998763454677966042539959725672997980798152239395791810151852713011169109217789881965641166150154625515691795090661 0 0 0 0 0 0 0 0 0 0 0 0 0 0 1 0 0 0 0 0 0 0 0 0 0 0 0 0 0 0 0 0 0 0 0 0 0 0 0 0 0 0 0 0 0 0 0 0 0 0 0 0 0 0 0 0 0 0 0 0 0 0 0 0 0 0 0 0 0 0 0 0 0 0 0 0 0 0 0 0 0 0 0 0]
[4370822045963730475642529313994188129038338535797743053443469953304398931785345983950609572117265996114050361324104148085633931731075345557098604762922152014036124038684647888734252850512190691665476765757213671396004212816705474188487056349039689709903289 0 0 0 0 0 0 0 0 0 0 0 0 0 0 0 1 0 0 0 0 0 0 0 0 0 0 0 0 0 0 0 0 0 0 0 0 0 0 0 0 0 0 0 0 0 0 0 0 0 0 0 0 0 0 0 0 0 0 0 0 0 0 0 0 0 0 0 0 0 0 0 0 0 0 0 0 0 0 0 0 0 0 0 0]
[612879812172752228224224554844736155141051520866045538570989834173801648189938265722761117222670291620297130534490207040706520786965472151039340820403823078529942503653039582390456226218903501830515951922742073706095314044979533342175879567496622905087139 0 0 0 0 0 0 0 0 0 0 0 0 0 0 0 0 1 0 0 0 0 0 0 0 0 0 0 0 0 0 0 0 0 0 0 0 0 0 0 0 0 0 0 0 0 0 0 0 0 0 0 0 0 0 0 0 0 0 0 0 0 0 0 0 0 0 0 0 0 0 0 0 0 0 0 0 0 0 0 0 0 0 0 0]
[2643530588340195535493992236345991925089767147376391045731531266094776427286900870654671709341658216930033802043541186379217984742865054173804332776381394092540627044444814448186119672965719835124170050744728370108383900889849669689547941704705508006842764 0 0 0 0 0 0 0 0 0 0 0 0 0 0 0 0 0 1 0 0 0 0 0 0 0 0 0 0 0 0 0 0 0 0 0 0 0 0 0 0 0 0 0 0 0 0 0 0 0 0 0 0 0 0 0 0 0 0 0 0 0 0 0 0 0 0 0 0 0 0 0 0 0 0 0 0 0 0 0 0 0 0 0 0]
[2283193146216090750534126165621067555114966495159926339308247191979517374700631795595741741895390512564922901333751133304801306381044843742525031577997412136931089696701155044301936295798067304834715299368205698128464346249115170834331011983049506178601318 0 0 0 0 0 0 0 0 0 0 0 0 0 0 0 0 0 0 1 0 0 0 0 0 0 0 0 0 0 0 0 0 0 0 0 0 0 0 0 0 0 0 0 0 0 0 0 0 0 0 0 0 0 0 0 0 0 0 0 0 0 0 0 0 0 0 0 0 0 0 0 0 0 0 0 0 0 0 0 0 0 0 0 0]
[5216971862604440692121098464983472616724044745035071742322515736873550968224458360222018282999468759411211721390377799634225255196006908295762158431125303414709353590694396517259899656985576496958167762446137203356005516980350257514179169331734925284600288 0 0 0 0 0 0 0 0 0 0 0 0 0 0 0 0 0 0 0 1 0 0 0 0 0 0 0 0 0 0 0 0 0 0 0 0 0 0 0 0 0 0 0 0 0 0 0 0 0 0 0 0 0 0 0 0 0 0 0 0 0 0 0 0 0 0 0 0 0 0 0 0 0 0 0 0 0 0 0 0 0 0 0 0]
[3813619713176455076430885528740128866722767217056661955887972780633466655580982637161380473981811737077546745375293856364364315725741461221204003713268499360093095901844608401734182201910302533480145270594207229430358639950964653665211886516413227649680037 0 0 0 0 0 0 0 0 0 0 0 0 0 0 0 0 0 0 0 0 1 0 0 0 0 0 0 0 0 0 0 0 0 0 0 0 0 0 0 0 0 0 0 0 0 0 0 0 0 0 0 0 0 0 0 0 0 0 0 0 0 0 0 0 0 0 0 0 0 0 0 0 0 0 0 0 0 0 0 0 0 0 0 0]
[4253690279924103794839219138280312131461092434286907278865387356677319163149321583452731495288160617175261772636648153625059183433018813652287835727482840775209338749348498270646527589655381229240869614377515927961532976336002286689873901953615351307744965 0 0 0 0 0 0 0 0 0 0 0 0 0 0 0 0 0 0 0 0 0 1 0 0 0 0 0 0 0 0 0 0 0 0 0 0 0 0 0 0 0 0 0 0 0 0 0 0 0 0 0 0 0 0 0 0 0 0 0 0 0 0 0 0 0 0 0 0 0 0 0 0 0 0 0 0 0 0 0 0 0 0 0 0]
[198883312709412893260071573973439080324949267010454337869658855933215380208265460966624237840319008883721301447848271476895805944991055395044963367748331958950822051548259010428212713520190509079308159660678736290240454320786478112641078447526764684753502 0 0 0 0 0 0 0 0 0 0 0 0 0 0 0 0 0 0 0 0 0 0 1 0 0 0 0 0 0 0 0 0 0 0 0 0 0 0 0 0 0 0 0 0 0 0 0 0 0 0 0 0 0 0 0 0 0 0 0 0 0 0 0 0 0 0 0 0 0 0 0 0 0 0 0 0 0 0 0 0 0 0 0 0]
[1602013181496966744432352916139825277192127393991562286267258017202124429672770445722791399999748262988983797822180363889564175715643305206184193682483992831166824080106669137277585367972596481266077696546768158782786275824003806737811728417418915727089830 0 0 0 0 0 0 0 0 0 0 0 0 0 0 0 0 0 0 0 0 0 0 0 1 0 0 0 0 0 0 0 0 0 0 0 0 0 0 0 0 0 0 0 0 0 0 0 0 0 0 0 0 0 0 0 0 0 0 0 0 0 0 0 0 0 0 0 0 0 0 0 0 0 0 0 0 0 0 0 0 0 0 0 0]
[433799391160611928337507835019699595006122836712619232077254688809100641412202370228072829742433957644316476188116395793417599381741142617245644738522003674120065053801208399660975477746284398231473892009598487584802581947173649916614475498075910874257795 0 0 0 0 0 0 0 0 0 0 0 0 0 0 0 0 0 0 0 0 0 0 0 0 1 0 0 0 0 0 0 0 0 0 0 0 0 0 0 0 0 0 0 0 0 0 0 0 0 0 0 0 0 0 0 0 0 0 0 0 0 0 0 0 0 0 0 0 0 0 0 0 0 0 0 0 0 0 0 0 0 0 0 0]
[4491264402902423098606931863943602560660507776093908957493167095104865079803186124232820955620207648519106531075960528052791247662188694442407783899383019790807074992539088891218425576851933937126640522170971440877713104449050009872683077469422888134342789 0 0 0 0 0 0 0 0 0 0 0 0 0 0 0 0 0 0 0 0 0 0 0 0 0 1 0 0 0 0 0 0 0 0 0 0 0 0 0 0 0 0 0 0 0 0 0 0 0 0 0 0 0 0 0 0 0 0 0 0 0 0 0 0 0 0 0 0 0 0 0 0 0 0 0 0 0 0 0 0 0 0 0 0]
[2527002690183956542945994162818052614894275731128599970310002225457927327378978123472106699468221876477969944583059038070494794858974708230612993967049677423563863637225626079063133878825593188385090739818516118869682330051950630431107474143037165609615281 0 0 0 0 0 0 0 0 0 0 0 0 0 0 0 0 0 0 0 0 0 0 0 0 0 0 1 0 0 0 0 0 0 0 0 0 0 0 0 0 0 0 0 0 0 0 0 0 0 0 0 0 0 0 0 0 0 0 0 0 0 0 0 0 0 0 0 0 0 0 0 0 0 0 0 0 0 0 0 0 0 0 0 0]
[1456061710864833336869586341823482658753078195133912624029569255188389971807384613881243541042770842698329770682337917326614618316425980336853557034160784678630134715391876342574454137998749078654465279660996111938368251812590612243379395640129444631831851 0 0 0 0 0 0 0 0 0 0 0 0 0 0 0 0 0 0 0 0 0 0 0 0 0 0 0 1 0 0 0 0 0 0 0 0 0 0 0 0 0 0 0 0 0 0 0 0 0 0 0 0 0 0 0 0 0 0 0 0 0 0 0 0 0 0 0 0 0 0 0 0 0 0 0 0 0 0 0 0 0 0 0 0]
[2860756633597423288366473941739786476712840434602738570059323775308842432725911132369483115860156852056308372605616409270428940331255955120940908037122968069023991403104789354276960664239972700410920078835010478670987592179574475839593172533783795199320428 0 0 0 0 0 0 0 0 0 0 0 0 0 0 0 0 0 0 0 0 0 0 0 0 0 0 0 0 1 0 0 0 0 0 0 0 0 0 0 0 0 0 0 0 0 0 0 0 0 0 0 0 0 0 0 0 0 0 0 0 0 0 0 0 0 0 0 0 0 0 0 0 0 0 0 0 0 0 0 0 0 0 0 0]
[2887445388143774544391226564959847192569454384486942033956277330640181093202780435133618745972720267317972232619926400264106695410468932428248723718250632874545023372544600182210423765161601817630456593752136944347636155813612515186457456843501861578973984 0 0 0 0 0 0 0 0 0 0 0 0 0 0 0 0 0 0 0 0 0 0 0 0 0 0 0 0 0 1 0 0 0 0 0 0 0 0 0 0 0 0 0 0 0 0 0 0 0 0 0 0 0 0 0 0 0 0 0 0 0 0 0 0 0 0 0 0 0 0 0 0 0 0 0 0 0 0 0 0 0 0 0 0]
[2554494019134218525684741461946884022676919261475672501867152915672068862372825938635880310990643162461260501436103720322519460479731017938580485313646583750091751852182269880410490623917425456296078764926614284856309410733916094103504244595366818106599976 0 0 0 0 0 0 0 0 0 0 0 0 0 0 0 0 0 0 0 0 0 0 0 0 0 0 0 0 0 0 1 0 0 0 0 0 0 0 0 0 0 0 0 0 0 0 0 0 0 0 0 0 0 0 0 0 0 0 0 0 0 0 0 0 0 0 0 0 0 0 0 0 0 0 0 0 0 0 0 0 0 0 0 0]
[334796106223528712098298705716334745136094929541698551341876161004682086374697092164664074975635752231373880701971882209659699764111090098492588148516786112883407097165473668811262494339055479656925715171530864513386603796524739363339400320272419756603045 0 0 0 0 0 0 0 0 0 0 0 0 0 0 0 0 0 0 0 0 0 0 0 0 0 0 0 0 0 0 0 1 0 0 0 0 0 0 0 0 0 0 0 0 0 0 0 0 0 0 0 0 0 0 0 0 0 0 0 0 0 0 0 0 0 0 0 0 0 0 0 0 0 0 0 0 0 0 0 0 0 0 0 0]
[3516689959419001114172097822303449608551983997818781881564262756294227675497807614477599511125210709071368588779102080595007819900150410200487352350755906546087889599153108626687232034210394021675353623014940161013521435534471707128636077166194081940011407 0 0 0 0 0 0 0 0 0 0 0 0 0 0 0 0 0 0 0 0 0 0 0 0 0 0 0 0 0 0 0 0 1 0 0 0 0 0 0 0 0 0 0 0 0 0 0 0 0 0 0 0 0 0 0 0 0 0 0 0 0 0 0 0 0 0 0 0 0 0 0 0 0 0 0 0 0 0 0 0 0 0 0 0]
[2399991480947715160285551011352046891315828092803061411498216920351416421867391177928401036161553524578409069306838907873209325083485662003399953597277032703356749027675061587059335142434589493912907744773720628493714695155980298301493368581601189254080572 0 0 0 0 0 0 0 0 0 0 0 0 0 0 0 0 0 0 0 0 0 0 0 0 0 0 0 0 0 0 0 0 0 1 0 0 0 0 0 0 0 0 0 0 0 0 0 0 0 0 0 0 0 0 0 0 0 0 0 0 0 0 0 0 0 0 0 0 0 0 0 0 0 0 0 0 0 0 0 0 0 0 0 0]
[3797275038009390571210022114909004020582980063388621565667014531097341303265067713120513935308890403141251761341833272276289522738153866015837307530607341804215771598469338006051321254450348317165564643124946056953642974657178091414511102273037614777657360 0 0 0 0 0 0 0 0 0 0 0 0 0 0 0 0 0 0 0 0 0 0 0 0 0 0 0 0 0 0 0 0 0 0 1 0 0 0 0 0 0 0 0 0 0 0 0 0 0 0 0 0 0 0 0 0 0 0 0 0 0 0 0 0 0 0 0 0 0 0 0 0 0 0 0 0 0 0 0 0 0 0 0 0]
[393721343662441106918494378258298901090914235345020352253908600683988212071201823095266732615811124170907221034233490092555001789321297921497069600480359799219481357641756440672849929589366097097110211642746960357234916168395312030420750878548716063835866 0 0 0 0 0 0 0 0 0 0 0 0 0 0 0 0 0 0 0 0 0 0 0 0 0 0 0 0 0 0 0 0 0 0 0 1 0 0 0 0 0 0 0 0 0 0 0 0 0 0 0 0 0 0 0 0 0 0 0 0 0 0 0 0 0 0 0 0 0 0 0 0 0 0 0 0 0 0 0 0 0 0 0 0]
[4086406028961801777875795872800599557130042477261898727806566433128505358637348178153087869419450463060424859988633841820967548386377631680236214973294061054840669258376143071863064234541542135831309322428676240181304398629986505660794735309073825547807133 0 0 0 0 0 0 0 0 0 0 0 0 0 0 0 0 0 0 0 0 0 0 0 0 0 0 0 0 0 0 0 0 0 0 0 0 1 0 0 0 0 0 0 0 0 0 0 0 0 0 0 0 0 0 0 0 0 0 0 0 0 0 0 0 0 0 0 0 0 0 0 0 0 0 0 0 0 0 0 0 0 0 0 0]
[709486062861841128132646641514401046307712612795595778327431611568088631777831263411521927138717216488642834790137743968475975790464703569462622165398558177812338222277987143250181298141144351407866044363498969817024698385055160419821984774572326354128609 0 0 0 0 0 0 0 0 0 0 0 0 0 0 0 0 0 0 0 0 0 0 0 0 0 0 0 0 0 0 0 0 0 0 0 0 0 1 0 0 0 0 0 0 0 0 0 0 0 0 0 0 0 0 0 0 0 0 0 0 0 0 0 0 0 0 0 0 0 0 0 0 0 0 0 0 0 0 0 0 0 0 0 0]
[759672291389884982179787558235112328565707192758788454722075938305488914754539926211585757344046867748191779073048150931699606060143428031549318016015171705927701364527751379614561104233442445432810459365528343478547578950719240729389621970319308721150533 0 0 0 0 0 0 0 0 0 0 0 0 0 0 0 0 0 0 0 0 0 0 0 0 0 0 0 0 0 0 0 0 0 0 0 0 0 0 1 0 0 0 0 0 0 0 0 0 0 0 0 0 0 0 0 0 0 0 0 0 0 0 0 0 0 0 0 0 0 0 0 0 0 0 0 0 0 0 0 0 0 0 0 0]
[4932610060335652143362048542148066330278535754279434276053444149428821078824441954206385021301162599376133783940355968915519507653845909744252656477280251014060853294534610207392821481489014381056660354954067870034791741277707981375085307136032499478530338 0 0 0 0 0 0 0 0 0 0 0 0 0 0 0 0 0 0 0 0 0 0 0 0 0 0 0 0 0 0 0 0 0 0 0 0 0 0 0 1 0 0 0 0 0 0 0 0 0 0 0 0 0 0 0 0 0 0 0 0 0 0 0 0 0 0 0 0 0 0 0 0 0 0 0 0 0 0 0 0 0 0 0 0]
[277306271474187557159287390680562239179066792898946990166653765787715167505704168231269008507472103406060178193355591187445287609527954683705020364145102972781426866822432104393403167609851343734697897912238429477233825172041494971534584290256769038192422 0 0 0 0 0 0 0 0 0 0 0 0 0 0 0 0 0 0 0 0 0 0 0 0 0 0 0 0 0 0 0 0 0 0 0 0 0 0 0 0 1 0 0 0 0 0 0 0 0 0 0 0 0 0 0 0 0 0 0 0 0 0 0 0 0 0 0 0 0 0 0 0 0 0 0 0 0 0 0 0 0 0 0 0]
[5231988375891070804755148588747528382117557101309191900347890159180788808730784942872191409320504812094556202707480826142616552629621905065269555287994437917762189922393025678547070164388677811774287152414321206199088948737501335591478183689981787756222796 0 0 0 0 0 0 0 0 0 0 0 0 0 0 0 0 0 0 0 0 0 0 0 0 0 0 0 0 0 0 0 0 0 0 0 0 0 0 0 0 0 1 0 0 0 0 0 0 0 0 0 0 0 0 0 0 0 0 0 0 0 0 0 0 0 0 0 0 0 0 0 0 0 0 0 0 0 0 0 0 0 0 0 0]
[1896934136448564718232243843351603194797347138275743523645112893205317861234960560466395839597602060582545201276583142449025642640802931464010405976887554381635926488860913302524187042326908891532265617046633626336291456272142275935074168686983531712095414 0 0 0 0 0 0 0 0 0 0 0 0 0 0 0 0 0 0 0 0 0 0 0 0 0 0 0 0 0 0 0 0 0 0 0 0 0 0 0 0 0 0 1 0 0 0 0 0 0 0 0 0 0 0 0 0 0 0 0 0 0 0 0 0 0 0 0 0 0 0 0 0 0 0 0 0 0 0 0 0 0 0 0 0]
[3514588195460893300511446374172358320920450731537243574943826874537670343904745983020410369702244094918355821990758572089263853221796836403780196073329009321217603403018756891002038995640166667691757772745529706590278493403194196603134899075439695669629381 0 0 0 0 0 0 0 0 0 0 0 0 0 0 0 0 0 0 0 0 0 0 0 0 0 0 0 0 0 0 0 0 0 0 0 0 0 0 0 0 0 0 0 1 0 0 0 0 0 0 0 0 0 0 0 0 0 0 0 0 0 0 0 0 0 0 0 0 0 0 0 0 0 0 0 0 0 0 0 0 0 0 0 0]
[2759284744769573130519090331124985356694023489204350171911630300880886896220562516649827907352245366210146797481467394261498377601130387785656457163224610122195792773565473136059677169002285076632509929220010252113439937498016686340042918235451578892329430 0 0 0 0 0 0 0 0 0 0 0 0 0 0 0 0 0 0 0 0 0 0 0 0 0 0 0 0 0 0 0 0 0 0 0 0 0 0 0 0 0 0 0 0 1 0 0 0 0 0 0 0 0 0 0 0 0 0 0 0 0 0 0 0 0 0 0 0 0 0 0 0 0 0 0 0 0 0 0 0 0 0 0 0]
[1913181629514086819844776719804918127911289412901683470657033959718910696387966405883337480892202761809742721130326080151808606034024401195361084505553455065313426513519792602482936025677239971365844806571378068009301825750966529817494840070346208064117578 0 0 0 0 0 0 0 0 0 0 0 0 0 0 0 0 0 0 0 0 0 0 0 0 0 0 0 0 0 0 0 0 0 0 0 0 0 0 0 0 0 0 0 0 0 1 0 0 0 0 0 0 0 0 0 0 0 0 0 0 0 0 0 0 0 0 0 0 0 0 0 0 0 0 0 0 0 0 0 0 0 0 0 0]
[4007536816573151120850379042820245074658753841337331816341725581851641233933376075216578754872020162561755561532481278857848684666276561511207440751649654238120461110644201276004273860320859163848468595024663587304316568258605846197177652047872807434724946 0 0 0 0 0 0 0 0 0 0 0 0 0 0 0 0 0 0 0 0 0 0 0 0 0 0 0 0 0 0 0 0 0 0 0 0 0 0 0 0 0 0 0 0 0 0 1 0 0 0 0 0 0 0 0 0 0 0 0 0 0 0 0 0 0 0 0 0 0 0 0 0 0 0 0 0 0 0 0 0 0 0 0 0]
[4806869767049072851772213511956536441022305060955608642217083480439926024487323717181318976101896031919613365221059999792644468448595771340670304603598296867675130396997835742644282158946469959639459067769497951127333921138576617172456806870965312637871826 0 0 0 0 0 0 0 0 0 0 0 0 0 0 0 0 0 0 0 0 0 0 0 0 0 0 0 0 0 0 0 0 0 0 0 0 0 0 0 0 0 0 0 0 0 0 0 1 0 0 0 0 0 0 0 0 0 0 0 0 0 0 0 0 0 0 0 0 0 0 0 0 0 0 0 0 0 0 0 0 0 0 0 0]
[1571081674421147702856654178993563022172308096276194729543218148044077815246602866606909294642865974773734721334888917964319810279482756895764875415935286452015656725768745290581215853848164190277377313053396136586655159643729459151618680086202915085882422 0 0 0 0 0 0 0 0 0 0 0 0 0 0 0 0 0 0 0 0 0 0 0 0 0 0 0 0 0 0 0 0 0 0 0 0 0 0 0 0 0 0 0 0 0 0 0 0 1 0 0 0 0 0 0 0 0 0 0 0 0 0 0 0 0 0 0 0 0 0 0 0 0 0 0 0 0 0 0 0 0 0 0 0]
[918792692466627573331355806993494542876164099266865868470148898364507516781401593423823348582525859315782150450437232766411353254337401092634687439405111109762377409850189121319499436893600671962367063776226287240268615250088085749097081761401510895559108 0 0 0 0 0 0 0 0 0 0 0 0 0 0 0 0 0 0 0 0 0 0 0 0 0 0 0 0 0 0 0 0 0 0 0 0 0 0 0 0 0 0 0 0 0 0 0 0 0 1 0 0 0 0 0 0 0 0 0 0 0 0 0 0 0 0 0 0 0 0 0 0 0 0 0 0 0 0 0 0 0 0 0 0]
[237871962105832579699411538189193652166268777656174738577416621965901137374535910392764556068233999710308356976076269288824094473757319416764534915965499361254605619944182081932492449262437210998846345599160481859635858241905370344265414943861470257567509 0 0 0 0 0 0 0 0 0 0 0 0 0 0 0 0 0 0 0 0 0 0 0 0 0 0 0 0 0 0 0 0 0 0 0 0 0 0 0 0 0 0 0 0 0 0 0 0 0 0 1 0 0 0 0 0 0 0 0 0 0 0 0 0 0 0 0 0 0 0 0 0 0 0 0 0 0 0 0 0 0 0 0 0]
[2759525283635217229646843299184448044293833966425281275760846910025368105676375024522708904464318751532344586530630004018108655378441625947822468501919902907390077129448387256949381071460221861872666832892746742380042302402814211872135900859786397722558228 0 0 0 0 0 0 0 0 0 0 0 0 0 0 0 0 0 0 0 0 0 0 0 0 0 0 0 0 0 0 0 0 0 0 0 0 0 0 0 0 0 0 0 0 0 0 0 0 0 0 0 1 0 0 0 0 0 0 0 0 0 0 0 0 0 0 0 0 0 0 0 0 0 0 0 0 0 0 0 0 0 0 0 0]
[326042371316546172571007421045850625018780692549574271104400834835106062694367541714432116963216441979692825039057277315929728322038746557624250131601333424748180796041306529865663584860398119805858619209815523774493563718627989288079877252930361557118538 0 0 0 0 0 0 0 0 0 0 0 0 0 0 0 0 0 0 0 0 0 0 0 0 0 0 0 0 0 0 0 0 0 0 0 0 0 0 0 0 0 0 0 0 0 0 0 0 0 0 0 0 1 0 0 0 0 0 0 0 0 0 0 0 0 0 0 0 0 0 0 0 0 0 0 0 0 0 0 0 0 0 0 0]
[1086094659953222015223719251274025513575279939331924117713728158355957061377504411708052139184994888652688857479052944284288301817808640817972844311056925454171846097781621865865361717644249262442065356572828624882090680168037594490160403352034141918368526 0 0 0 0 0 0 0 0 0 0 0 0 0 0 0 0 0 0 0 0 0 0 0 0 0 0 0 0 0 0 0 0 0 0 0 0 0 0 0 0 0 0 0 0 0 0 0 0 0 0 0 0 0 1 0 0 0 0 0 0 0 0 0 0 0 0 0 0 0 0 0 0 0 0 0 0 0 0 0 0 0 0 0 0]
[4106362342013666913476571531955995316657757940584684271050616328756434625427298868469658933850596495241912493636931183688391155779477702289834853452404114511496562460692934549419920459099923050170291555060583563110994013935952019716683734721102199079631982 0 0 0 0 0 0 0 0 0 0 0 0 0 0 0 0 0 0 0 0 0 0 0 0 0 0 0 0 0 0 0 0 0 0 0 0 0 0 0 0 0 0 0 0 0 0 0 0 0 0 0 0 0 0 1 0 0 0 0 0 0 0 0 0 0 0 0 0 0 0 0 0 0 0 0 0 0 0 0 0 0 0 0 0]
[1969346163171808330499846890855081009241854910552712662929204662299916024572697324276547898704727231245693968978132737284971767706511909208889709559547930902448813616946396553161752549551934373220069982496541467144464224597474845040495141391757809120264654 0 0 0 0 0 0 0 0 0 0 0 0 0 0 0 0 0 0 0 0 0 0 0 0 0 0 0 0 0 0 0 0 0 0 0 0 0 0 0 0 0 0 0 0 0 0 0 0 0 0 0 0 0 0 0 1 0 0 0 0 0 0 0 0 0 0 0 0 0 0 0 0 0 0 0 0 0 0 0 0 0 0 0 0]
[3529967184800278098505950606289690183962163419485623253278480804384712078916764338551426979423706303122820667620289727242507912572968315631734410534979034626061403852024322168590278705419135262518047359822577994315484557804992011736122615199794129942024413 0 0 0 0 0 0 0 0 0 0 0 0 0 0 0 0 0 0 0 0 0 0 0 0 0 0 0 0 0 0 0 0 0 0 0 0 0 0 0 0 0 0 0 0 0 0 0 0 0 0 0 0 0 0 0 0 1 0 0 0 0 0 0 0 0 0 0 0 0 0 0 0 0 0 0 0 0 0 0 0 0 0 0 0]
[1300017817926922123759194175791174567345995164698398504524157438203045189939205432510810868827982480194768654841747178020396857469704293385995974791753068504011565492037206418495932980258939461047711870223846063967526339456510069549874533035416493814920636 0 0 0 0 0 0 0 0 0 0 0 0 0 0 0 0 0 0 0 0 0 0 0 0 0 0 0 0 0 0 0 0 0 0 0 0 0 0 0 0 0 0 0 0 0 0 0 0 0 0 0 0 0 0 0 0 0 1 0 0 0 0 0 0 0 0 0 0 0 0 0 0 0 0 0 0 0 0 0 0 0 0 0 0]
[1677354953854246185014123075607802274537715379402814125549313730512657348004072874279445122432686221556569140707753152792587933241013870618420219048318823172585199917660938034200184300568510048683913341392341838031011494785627974719800286011447864263240114 0 0 0 0 0 0 0 0 0 0 0 0 0 0 0 0 0 0 0 0 0 0 0 0 0 0 0 0 0 0 0 0 0 0 0 0 0 0 0 0 0 0 0 0 0 0 0 0 0 0 0 0 0 0 0 0 0 0 1 0 0 0 0 0 0 0 0 0 0 0 0 0 0 0 0 0 0 0 0 0 0 0 0 0]
[3114498309289793560205572576719236232361427337678345724496801817881676904773183873371829844461448453984011877317167022754318285687946037756473851650585403136542976861002593567741801640462484681771833809665191764444796268605380909237190573054017568336668723 0 0 0 0 0 0 0 0 0 0 0 0 0 0 0 0 0 0 0 0 0 0 0 0 0 0 0 0 0 0 0 0 0 0 0 0 0 0 0 0 0 0 0 0 0 0 0 0 0 0 0 0 0 0 0 0 0 0 0 1 0 0 0 0 0 0 0 0 0 0 0 0 0 0 0 0 0 0 0 0 0 0 0 0]
[5119017092368752252806209748811884898324230662183550368249631422076357098019108614130337688774464878318595816595856425280752946948773320697379430554527254978150778870319698200922289344873205519500363626165856418146852911852171750311738885088324284159422202 0 0 0 0 0 0 0 0 0 0 0 0 0 0 0 0 0 0 0 0 0 0 0 0 0 0 0 0 0 0 0 0 0 0 0 0 0 0 0 0 0 0 0 0 0 0 0 0 0 0 0 0 0 0 0 0 0 0 0 0 1 0 0 0 0 0 0 0 0 0 0 0 0 0 0 0 0 0 0 0 0 0 0 0]
[5121217487107307357919063449647526583536418234026957487478989890491063527808861268559256123759839987938850206191213514851608436573203643519284163190767701417681089185279752343579036166183420440223251407022189052219935400283773240535503292544526907080107041 0 0 0 0 0 0 0 0 0 0 0 0 0 0 0 0 0 0 0 0 0 0 0 0 0 0 0 0 0 0 0 0 0 0 0 0 0 0 0 0 0 0 0 0 0 0 0 0 0 0 0 0 0 0 0 0 0 0 0 0 0 1 0 0 0 0 0 0 0 0 0 0 0 0 0 0 0 0 0 0 0 0 0 0]
[4487553844178407699234776886013123706076921597102277401659386849564515020461466247772867779016233163535603578036852094064213970643560379905811313639379274975895954198488039979908194960782231007018715176335661788901669529320591627090182297022987822273041847 0 0 0 0 0 0 0 0 0 0 0 0 0 0 0 0 0 0 0 0 0 0 0 0 0 0 0 0 0 0 0 0 0 0 0 0 0 0 0 0 0 0 0 0 0 0 0 0 0 0 0 0 0 0 0 0 0 0 0 0 0 0 1 0 0 0 0 0 0 0 0 0 0 0 0 0 0 0 0 0 0 0 0 0]
[3607255518542915903993492033555812789234761987594700439887246981752082030924702168045000005531491495970600480252166787549016728795803820055090502962817906230460983665823176735600644767910809547696917837326923484422688050622973305563402608312292796684435820 0 0 0 0 0 0 0 0 0 0 0 0 0 0 0 0 0 0 0 0 0 0 0 0 0 0 0 0 0 0 0 0 0 0 0 0 0 0 0 0 0 0 0 0 0 0 0 0 0 0 0 0 0 0 0 0 0 0 0 0 0 0 0 1 0 0 0 0 0 0 0 0 0 0 0 0 0 0 0 0 0 0 0 0]
[4969716186432364618170232222711985053706938840941569541866610545689712185951813438893902844881686739480621282974111480300816037428148492304047841279678696585485650528528562049214326379731822854282170514686916515922114587495446399149172595187110092014107419 0 0 0 0 0 0 0 0 0 0 0 0 0 0 0 0 0 0 0 0 0 0 0 0 0 0 0 0 0 0 0 0 0 0 0 0 0 0 0 0 0 0 0 0 0 0 0 0 0 0 0 0 0 0 0 0 0 0 0 0 0 0 0 0 1 0 0 0 0 0 0 0 0 0 0 0 0 0 0 0 0 0 0 0]
[3663944233374471989802833312295300309418316174879971399830034873222078355936079830059015318285392606759522345838928344439685091556715333618594408881308900419332122827534754755585010421273715855699381599132880413409639825051141830419753164983311286876387493 0 0 0 0 0 0 0 0 0 0 0 0 0 0 0 0 0 0 0 0 0 0 0 0 0 0 0 0 0 0 0 0 0 0 0 0 0 0 0 0 0 0 0 0 0 0 0 0 0 0 0 0 0 0 0 0 0 0 0 0 0 0 0 0 0 1 0 0 0 0 0 0 0 0 0 0 0 0 0 0 0 0 0 0]
[635802775911883745417291984968760346195877239126809874149267700843949939042893999550746169632893074010812971179570332758019832924659909521513309577569440971180909105755046232628749413087992837465929395038415737149377885665140357121637677320543595808057532 0 0 0 0 0 0 0 0 0 0 0 0 0 0 0 0 0 0 0 0 0 0 0 0 0 0 0 0 0 0 0 0 0 0 0 0 0 0 0 0 0 0 0 0 0 0 0 0 0 0 0 0 0 0 0 0 0 0 0 0 0 0 0 0 0 0 1 0 0 0 0 0 0 0 0 0 0 0 0 0 0 0 0 0]
[3874375130449526014997038179704806146662406769525694155772434535824290844185690347610346016605426841880156958359627454503755045464412241219824473622915763796797599514886961919046253826754284430695038572220145051955020755889400977317975903638428488362881195 0 0 0 0 0 0 0 0 0 0 0 0 0 0 0 0 0 0 0 0 0 0 0 0 0 0 0 0 0 0 0 0 0 0 0 0 0 0 0 0 0 0 0 0 0 0 0 0 0 0 0 0 0 0 0 0 0 0 0 0 0 0 0 0 0 0 0 1 0 0 0 0 0 0 0 0 0 0 0 0 0 0 0 0]
[4405483661557692269926650427053182386650952993718930596523632728546004387962550053290579655755138060781036278010589202185620996716566188903389924843984525939419070478548106400218315948024244805381268157957395480348679231077392982428759788866003814864751625 0 0 0 0 0 0 0 0 0 0 0 0 0 0 0 0 0 0 0 0 0 0 0 0 0 0 0 0 0 0 0 0 0 0 0 0 0 0 0 0 0 0 0 0 0 0 0 0 0 0 0 0 0 0 0 0 0 0 0 0 0 0 0 0 0 0 0 0 1 0 0 0 0 0 0 0 0 0 0 0 0 0 0 0]
[2344920704107981148434787977916517646978664589856808720446404965539582987933099183937228413861730764139304544042392278700684717853202794845286742877628618062577642282099576051975772735304408412024332529532862580861181802649214959283827114944802898795896192 0 0 0 0 0 0 0 0 0 0 0 0 0 0 0 0 0 0 0 0 0 0 0 0 0 0 0 0 0 0 0 0 0 0 0 0 0 0 0 0 0 0 0 0 0 0 0 0 0 0 0 0 0 0 0 0 0 0 0 0 0 0 0 0 0 0 0 0 0 1 0 0 0 0 0 0 0 0 0 0 0 0 0 0]
[5156189012020999344821644822962097857787222130497987760465384197444487171911047048539503906682034209980391819916491865216148475666088712107376718752177560084509011403571684748408839102120082597607892994726289377664725892096297540848165812187777013495677906 0 0 0 0 0 0 0 0 0 0 0 0 0 0 0 0 0 0 0 0 0 0 0 0 0 0 0 0 0 0 0 0 0 0 0 0 0 0 0 0 0 0 0 0 0 0 0 0 0 0 0 0 0 0 0 0 0 0 0 0 0 0 0 0 0 0 0 0 0 0 1 0 0 0 0 0 0 0 0 0 0 0 0 0]
[2684977852439891078568004761735078865555041059822392686305153765268618961003733115394576777207951987968747145957849328477237035282813787825431285883710752590141228293247357137172381712692424364291735545401063457727964412788852173203166284557221730834748770 0 0 0 0 0 0 0 0 0 0 0 0 0 0 0 0 0 0 0 0 0 0 0 0 0 0 0 0 0 0 0 0 0 0 0 0 0 0 0 0 0 0 0 0 0 0 0 0 0 0 0 0 0 0 0 0 0 0 0 0 0 0 0 0 0 0 0 0 0 0 0 1 0 0 0 0 0 0 0 0 0 0 0 0]
[4261228609707335312272953781660227126574174665538740328598436414754720370960277929806603385031517410504280897566931392888936730902816685738761161581165368579000807257884136785542899630436693620890384813774299446380624992746660487401146609331884989113163904 0 0 0 0 0 0 0 0 0 0 0 0 0 0 0 0 0 0 0 0 0 0 0 0 0 0 0 0 0 0 0 0 0 0 0 0 0 0 0 0 0 0 0 0 0 0 0 0 0 0 0 0 0 0 0 0 0 0 0 0 0 0 0 0 0 0 0 0 0 0 0 0 1 0 0 0 0 0 0 0 0 0 0 0]
[1680168078237965764252393291446768640359595957154964951705396878864458330712787098242482809859858573739133108758292579547240566095260091869447268576812827844358180103202575603345025025817116952217457624702217540738049974637603040297939305368504691155617509 0 0 0 0 0 0 0 0 0 0 0 0 0 0 0 0 0 0 0 0 0 0 0 0 0 0 0 0 0 0 0 0 0 0 0 0 0 0 0 0 0 0 0 0 0 0 0 0 0 0 0 0 0 0 0 0 0 0 0 0 0 0 0 0 0 0 0 0 0 0 0 0 0 1 0 0 0 0 0 0 0 0 0 0]
[5227726076151863357676552177899400286713415169232115130188764919677882058259236746394503863286914022694807202657908184666207927209717925948833607996359330101732302960826349933770041729948655573531542311988322201905972287440409098947435582311738353785936788 0 0 0 0 0 0 0 0 0 0 0 0 0 0 0 0 0 0 0 0 0 0 0 0 0 0 0 0 0 0 0 0 0 0 0 0 0 0 0 0 0 0 0 0 0 0 0 0 0 0 0 0 0 0 0 0 0 0 0 0 0 0 0 0 0 0 0 0 0 0 0 0 0 0 1 0 0 0 0 0 0 0 0 0]
[41956870959425161266403894335393994024948651116504307126580735542592768182423685347494669760447400749036728084565136221633952251885096748091677800057718865127772578123680931894626395559924811850118333535100791745640042069975263664396992534397774603144056 0 0 0 0 0 0 0 0 0 0 0 0 0 0 0 0 0 0 0 0 0 0 0 0 0 0 0 0 0 0 0 0 0 0 0 0 0 0 0 0 0 0 0 0 0 0 0 0 0 0 0 0 0 0 0 0 0 0 0 0 0 0 0 0 0 0 0 0 0 0 0 0 0 0 0 1 0 0 0 0 0 0 0 0]
[1472144989146409481202946176388112880881696659743255136869098529281848227519040338801611637153269435561424760194184316571990614867726296848994477519233303949684643376782794039150520350075177803923603240718321867580914120614294749541555300812249518772521831 0 0 0 0 0 0 0 0 0 0 0 0 0 0 0 0 0 0 0 0 0 0 0 0 0 0 0 0 0 0 0 0 0 0 0 0 0 0 0 0 0 0 0 0 0 0 0 0 0 0 0 0 0 0 0 0 0 0 0 0 0 0 0 0 0 0 0 0 0 0 0 0 0 0 0 0 1 0 0 0 0 0 0 0]
[558414296819377002117560399660959177262164149001425260892893429878098244663741988778473765827536157382872684511194202388368502603565515484226300204492621427035808774281715112075058088311442396807214265535103278051601145094487411613383061519679945406325823 0 0 0 0 0 0 0 0 0 0 0 0 0 0 0 0 0 0 0 0 0 0 0 0 0 0 0 0 0 0 0 0 0 0 0 0 0 0 0 0 0 0 0 0 0 0 0 0 0 0 0 0 0 0 0 0 0 0 0 0 0 0 0 0 0 0 0 0 0 0 0 0 0 0 0 0 0 1 0 0 0 0 0 0]
[842417066423846670748516512873618122492682835625525183635327617684179870681609611696944817022163566794862299917834405659600040983290179209831626037216366235423055414169017241545702383949732260581961256535207491305385138979558288505303221472532385864806240 0 0 0 0 0 0 0 0 0 0 0 0 0 0 0 0 0 0 0 0 0 0 0 0 0 0 0 0 0 0 0 0 0 0 0 0 0 0 0 0 0 0 0 0 0 0 0 0 0 0 0 0 0 0 0 0 0 0 0 0 0 0 0 0 0 0 0 0 0 0 0 0 0 0 0 0 0 0 1 0 0 0 0 0]
[1316277591877189338168631948687021580292868009959325878703703655078138294752394415338587226747878852958562927445947578440258418320383596529839665923270836193342160385744492866963142786380321175962540725752069003756850984611073624137172252847959827732245783 0 0 0 0 0 0 0 0 0 0 0 0 0 0 0 0 0 0 0 0 0 0 0 0 0 0 0 0 0 0 0 0 0 0 0 0 0 0 0 0 0 0 0 0 0 0 0 0 0 0 0 0 0 0 0 0 0 0 0 0 0 0 0 0 0 0 0 0 0 0 0 0 0 0 0 0 0 0 0 1 0 0 0 0]
[3235680776396478479815650955604858747294361727085294028235481469860308932714762355693478775883609961034931755775172170941950540361152825305722839230794490378602180320383359594294244534433123738052519053428717038899809188750685303941687294323892759970645280 0 0 0 0 0 0 0 0 0 0 0 0 0 0 0 0 0 0 0 0 0 0 0 0 0 0 0 0 0 0 0 0 0 0 0 0 0 0 0 0 0 0 0 0 0 0 0 0 0 0 0 0 0 0 0 0 0 0 0 0 0 0 0 0 0 0 0 0 0 0 0 0 0 0 0 0 0 0 0 0 1 0 0 0]
[2485160859616891676684670801852900210246720727466198668701956248335464142803994362283157121271723188653503729533171928773802413447106148102511356632693794141136019792198298882861045422198497550810971112467588787148345471206999204656319073443154676819412564 0 0 0 0 0 0 0 0 0 0 0 0 0 0 0 0 0 0 0 0 0 0 0 0 0 0 0 0 0 0 0 0 0 0 0 0 0 0 0 0 0 0 0 0 0 0 0 0 0 0 0 0 0 0 0 0 0 0 0 0 0 0 0 0 0 0 0 0 0 0 0 0 0 0 0 0 0 0 0 0 0 1 0 0]
[716926972228705456972885896336414185221875685174853660069219528224500051125329843295388993381033919395604451350354659203011755183860288298488610311518901591474407280896629910295307198601796024933077140471722888084176779476598582953851167301108250382085570 0 0 0 0 0 0 0 0 0 0 0 0 0 0 0 0 0 0 0 0 0 0 0 0 0 0 0 0 0 0 0 0 0 0 0 0 0 0 0 0 0 0 0 0 0 0 0 0 0 0 0 0 0 0 0 0 0 0 0 0 0 0 0 0 0 0 0 0 0 0 0 0 0 0 0 0 0 0 0 0 0 0 1 0]
[1233666582385111447649899376618354970397560908155773503296239004712911212336235417035042446066907347542094835971431594392786910012455353353985383098513227100165626878554363202530874147271215577420834656070384539765129946495683191632438851262418195282664264 0 0 0 0 0 0 0 0 0 0 0 0 0 0 0 0 0 0 0 0 0 0 0 0 0 0 0 0 0 0 0 0 0 0 0 0 0 0 0 0 0 0 0 0 0 0 0 0 0 0 0 0 0 0 0 0 0 0 0 0 0 0 0 0 0 0 0 0 0 0 0 0 0 0 0 0 0 0 0 0 0 0 0 1]
]
