[[8559483917072397669265708893882893511687154391323107725081255391388594866440749861762553155218696582209332997268223439706081148371015474466453245412956403742865336894605783985711442438967395290432541054249684461214132189564796866279832364981763155522475367547738121452888535183530649169 0 0 0 0 0 0 0 0 0 0 0 0 0 0 0 0 0 0 0 0 0 0 0 0 0 0 0 0 0 0 0 0 0 0 0 0 0 0 0 0 0 0 0 0 0 0 0 0 0 0 0 0 0 0 0 0 0 0 0 0 0 0 0 0 0 0 0 0 0 0 0 0 0 0 0 0 0 0 0 0 0 0 0 0 0 0 0 0 0 0 0 0 0 0]
[5187064177132631189104740628985733869150779031617792563454002688990863926599690001798004690376136650465517592477990327826032089462101155130474120108065134498241161366151471533221669617890793993007232931022558455042732415739490008353761860623930073234022648289601430011008527060973255655 1 0 0 0 0 0 0 0 0 0 0 0 0 0 0 0 0 0 0 0 0 0 0 0 0 0 0 0 0 0 0 0 0 0 0 0 0 0 0 0 0 0 0 0 0 0 0 0 0 0 0 0 0 0 0 0 0 0 0 0 0 0 0 0 0 0 0 0 0 0 0 0 0 0 0 0 0 0 0 0 0 0 0 0 0 0 0 0 0 0 0 0 0 0]
[5981645145266523533277601723544420022042284940249894493840520265793629132026512377664113744246983628485511228194357652197601594158686911374417798393277601622100222352397164332602243178620225591596764664497479212714000412285608635539138524686996314268920927787184938275828366640101196722 0 1 0 0 0 0 0 0 0 0 0 0 0 0 0 0 0 0 0 0 0 0 0 0 0 0 0 0 0 0 0 0 0 0 0 0 0 0 0 0 0 0 0 0 0 0 0 0 0 0 0 0 0 0 0 0 0 0 0 0 0 0 0 0 0 0 0 0 0 0 0 0 0 0 0 0 0 0 0 0 0 0 0 0 0 0 0 0 0 0 0 0 0 0]
[7008107997677918130401145648208486334024217932324404604436995989930592441821428208908375308061336985747515255135309982516285884814593442422168624208415575510340083894687222848814097804988832054017216524420507314145746919164815531172346296849602583448996118721287556662237426322375583113 0 0 1 0 0 0 0 0 0 0 0 0 0 0 0 0 0 0 0 0 0 0 0 0 0 0 0 0 0 0 0 0 0 0 0 0 0 0 0 0 0 0 0 0 0 0 0 0 0 0 0 0 0 0 0 0 0 0 0 0 0 0 0 0 0 0 0 0 0 0 0 0 0 0 0 0 0 0 0 0 0 0 0 0 0 0 0 0 0 0 0 0 0 0]
[3993754658372206719448497855765626882422852983957722641696795807070688273407370452592235040546287135237664775218321544830294125043763195518491157220896738528838488416018966807011472333617377788150666135476455643393780116689774940391649795500416567122640341477517818755347012807177538650 0 0 0 1 0 0 0 0 0 0 0 0 0 0 0 0 0 0 0 0 0 0 0 0 0 0 0 0 0 0 0 0 0 0 0 0 0 0 0 0 0 0 0 0 0 0 0 0 0 0 0 0 0 0 0 0 0 0 0 0 0 0 0 0 0 0 0 0 0 0 0 0 0 0 0 0 0 0 0 0 0 0 0 0 0 0 0 0 0 0 0 0 0 0]
[5756143094685313849280716634671316140376177385846234281897290941010961605840394379704263252645166239303729762395864788521752714379505646591395428853718613665191195673658402081523914835424574263840564086040232271998891377077255254643103255483543180893229712795302213794393714094662845806 0 0 0 0 1 0 0 0 0 0 0 0 0 0 0 0 0 0 0 0 0 0 0 0 0 0 0 0 0 0 0 0 0 0 0 0 0 0 0 0 0 0 0 0 0 0 0 0 0 0 0 0 0 0 0 0 0 0 0 0 0 0 0 0 0 0 0 0 0 0 0 0 0 0 0 0 0 0 0 0 0 0 0 0 0 0 0 0 0 0 0 0 0 0]
[8178386943076134159932134675214248289357812159268372062791222704009600330429997088534456558081306291502393019174252409014625444066283381118094029226730620097517333593684622820967250458106292048446955982079752890201995956323144116774466506851092806096562304887394850355120717445014023976 0 0 0 0 0 1 0 0 0 0 0 0 0 0 0 0 0 0 0 0 0 0 0 0 0 0 0 0 0 0 0 0 0 0 0 0 0 0 0 0 0 0 0 0 0 0 0 0 0 0 0 0 0 0 0 0 0 0 0 0 0 0 0 0 0 0 0 0 0 0 0 0 0 0 0 0 0 0 0 0 0 0 0 0 0 0 0 0 0 0 0 0 0 0]
[7794166234431477565858777259612339980661004614848609460585884105994410254369964049607293977366058447055651425492927741098586958598037980015173725578996071762739260622009015220831964721738064332760154878507027053731659792619181464800080738898700016689286319174660783174365496951261035049 0 0 0 0 0 0 1 0 0 0 0 0 0 0 0 0 0 0 0 0 0 0 0 0 0 0 0 0 0 0 0 0 0 0 0 0 0 0 0 0 0 0 0 0 0 0 0 0 0 0 0 0 0 0 0 0 0 0 0 0 0 0 0 0 0 0 0 0 0 0 0 0 0 0 0 0 0 0 0 0 0 0 0 0 0 0 0 0 0 0 0 0 0 0]
[2741853259417391228861381652556751705015667947743793543940109862081061651786745955131713021451713921704413519702040202550050984896463480036105577831714304012683174754058065525414963471154521342692707550003127227058627088016742226412940331554278007341538689084536676057259304882870970074 0 0 0 0 0 0 0 1 0 0 0 0 0 0 0 0 0 0 0 0 0 0 0 0 0 0 0 0 0 0 0 0 0 0 0 0 0 0 0 0 0 0 0 0 0 0 0 0 0 0 0 0 0 0 0 0 0 0 0 0 0 0 0 0 0 0 0 0 0 0 0 0 0 0 0 0 0 0 0 0 0 0 0 0 0 0 0 0 0 0 0 0 0 0]
[6223520604581723496559096819294154497073048999030757727919387734578552439005783130396280733082712574400834893836939440202117411351199575057725287561905369310403062367310064983275083315852881308108459074916283242225454061496047882337091249803330113003377347974545171077960137373545104263 0 0 0 0 0 0 0 0 1 0 0 0 0 0 0 0 0 0 0 0 0 0 0 0 0 0 0 0 0 0 0 0 0 0 0 0 0 0 0 0 0 0 0 0 0 0 0 0 0 0 0 0 0 0 0 0 0 0 0 0 0 0 0 0 0 0 0 0 0 0 0 0 0 0 0 0 0 0 0 0 0 0 0 0 0 0 0 0 0 0 0 0 0 0]
[1633136457645439716414181134722174681438079665103522861927573912066277282684507954439411573216553630101170833176824297582784955116869065928562959023998285332599824450366928737043784929869363897384458136205926610040529557569762354568038611280185584448911932480991670655175611321471405988 0 0 0 0 0 0 0 0 0 1 0 0 0 0 0 0 0 0 0 0 0 0 0 0 0 0 0 0 0 0 0 0 0 0 0 0 0 0 0 0 0 0 0 0 0 0 0 0 0 0 0 0 0 0 0 0 0 0 0 0 0 0 0 0 0 0 0 0 0 0 0 0 0 0 0 0 0 0 0 0 0 0 0 0 0 0 0 0 0 0 0 0 0 0]
[1520417685352777027158134119200436199621481892305354229862862913198340946808600868961457860957135129896246045249450879602785346773628764841269775302071397611305627214379412229012105879497387649276895286410108998197305523857124813868053716045275127929522843812528488339676533353443023701 0 0 0 0 0 0 0 0 0 0 1 0 0 0 0 0 0 0 0 0 0 0 0 0 0 0 0 0 0 0 0 0 0 0 0 0 0 0 0 0 0 0 0 0 0 0 0 0 0 0 0 0 0 0 0 0 0 0 0 0 0 0 0 0 0 0 0 0 0 0 0 0 0 0 0 0 0 0 0 0 0 0 0 0 0 0 0 0 0 0 0 0 0 0]
[5228276132517336384198930819690641322460434599917625959587005006964055337466380344394119312186970328842042839842252496664093492867569569041223858271278037273125937181628553155168243893874406151521652349961855148233864987695097025894451452526558492332765537589250429555610371068146033489 0 0 0 0 0 0 0 0 0 0 0 1 0 0 0 0 0 0 0 0 0 0 0 0 0 0 0 0 0 0 0 0 0 0 0 0 0 0 0 0 0 0 0 0 0 0 0 0 0 0 0 0 0 0 0 0 0 0 0 0 0 0 0 0 0 0 0 0 0 0 0 0 0 0 0 0 0 0 0 0 0 0 0 0 0 0 0 0 0 0 0 0 0 0]
[1675417014042119569260355213614300913042352091788363955774449407385296428067517572964362402273641080351293860226601407255792223284761276464223791933146830269311595332127994241713993154516082969699270956993836480601300737985423783984537500777695593245739695085402369626959851924540352972 0 0 0 0 0 0 0 0 0 0 0 0 1 0 0 0 0 0 0 0 0 0 0 0 0 0 0 0 0 0 0 0 0 0 0 0 0 0 0 0 0 0 0 0 0 0 0 0 0 0 0 0 0 0 0 0 0 0 0 0 0 0 0 0 0 0 0 0 0 0 0 0 0 0 0 0 0 0 0 0 0 0 0 0 0 0 0 0 0 0 0 0 0 0]
[5627391171707548358375727508881693846533312239607510987168930496848449998217670043899693203055544549953418598801298915508348482759611516044790892774498513273599804601498138240670998638146677960099494644947419666824404892064395266409818845980736453870935485817599265285611764485107596778 0 0 0 0 0 0 0 0 0 0 0 0 0 1 0 0 0 0 0 0 0 0 0 0 0 0 0 0 0 0 0 0 0 0 0 0 0 0 0 0 0 0 0 0 0 0 0 0 0 0 0 0 0 0 0 0 0 0 0 0 0 0 0 0 0 0 0 0 0 0 0 0 0 0 0 0 0 0 0 0 0 0 0 0 0 0 0 0 0 0 0 0 0 0]
[5600198208738437586554850398405546448739148904203938970470922187545151388536975682293575733618402390676043099120578906053064976021335074019810685446318550691782265180443175445767064639053441157279854408833237529876682304428424346754213536072287989217185920701818013509889384232215675011 0 0 0 0 0 0 0 0 0 0 0 0 0 0 1 0 0 0 0 0 0 0 0 0 0 0 0 0 0 0 0 0 0 0 0 0 0 0 0 0 0 0 0 0 0 0 0 0 0 0 0 0 0 0 0 0 0 0 0 0 0 0 0 0 0 0 0 0 0 0 0 0 0 0 0 0 0 0 0 0 0 0 0 0 0 0 0 0 0 0 0 0 0 0]
[1215300346061907961757554580759707021240398742511595648114754076056824760098500160815392540790352286522746502169236230329575606255655912434065118101219285952766026243061710524563594821005003076736418397239400844803206108337413666709739610828211915370229551778041761297997228599846685410 0 0 0 0 0 0 0 0 0 0 0 0 0 0 0 1 0 0 0 0 0 0 0 0 0 0 0 0 0 0 0 0 0 0 0 0 0 0 0 0 0 0 0 0 0 0 0 0 0 0 0 0 0 0 0 0 0 0 0 0 0 0 0 0 0 0 0 0 0 0 0 0 0 0 0 0 0 0 0 0 0 0 0 0 0 0 0 0 0 0 0 0 0 0]
[5441590953795238091417401015606720957686181482589938899623556625161331690940150504440337906365736666060385682323368016753517941052839586602616096608007804792529129266809733209697123484218692881798433110629842692435192741034436192187116141445544845044234387329583684143767993559376108338 0 0 0 0 0 0 0 0 0 0 0 0 0 0 0 0 1 0 0 0 0 0 0 0 0 0 0 0 0 0 0 0 0 0 0 0 0 0 0 0 0 0 0 0 0 0 0 0 0 0 0 0 0 0 0 0 0 0 0 0 0 0 0 0 0 0 0 0 0 0 0 0 0 0 0 0 0 0 0 0 0 0 0 0 0 0 0 0 0 0 0 0 0 0]
[973744033733648841149189449988110708874153128065003299834040054629604809088482917478440749543645189238195449755926471876406810499435581575923064795284797004650775143305141139991909508230005428823418433361173993523322343296316227885644119536999008756318842804163926119268934839773811274 0 0 0 0 0 0 0 0 0 0 0 0 0 0 0 0 0 1 0 0 0 0 0 0 0 0 0 0 0 0 0 0 0 0 0 0 0 0 0 0 0 0 0 0 0 0 0 0 0 0 0 0 0 0 0 0 0 0 0 0 0 0 0 0 0 0 0 0 0 0 0 0 0 0 0 0 0 0 0 0 0 0 0 0 0 0 0 0 0 0 0 0 0 0]
[4938013969317025253688332531398873063671258713685023122062979755958238146683428287929000335832849557538053692012352883745010373562635143098202391622083079915251823573694160072839811555364470801493452395068211615843025071843010474873106082952742096805682822333171680096889978864022775264 0 0 0 0 0 0 0 0 0 0 0 0 0 0 0 0 0 0 1 0 0 0 0 0 0 0 0 0 0 0 0 0 0 0 0 0 0 0 0 0 0 0 0 0 0 0 0 0 0 0 0 0 0 0 0 0 0 0 0 0 0 0 0 0 0 0 0 0 0 0 0 0 0 0 0 0 0 0 0 0 0 0 0 0 0 0 0 0 0 0 0 0 0 0]
[8295130022117254499105692170929872566335471662469946294262285453681303934325216141454253777318917414630653392480514957129351322824298421917070306426289880140827044130413538016861097756782195159888125216147365963981812199727015199507366635224519848838394210927015607574248509471714635737 0 0 0 0 0 0 0 0 0 0 0 0 0 0 0 0 0 0 0 1 0 0 0 0 0 0 0 0 0 0 0 0 0 0 0 0 0 0 0 0 0 0 0 0 0 0 0 0 0 0 0 0 0 0 0 0 0 0 0 0 0 0 0 0 0 0 0 0 0 0 0 0 0 0 0 0 0 0 0 0 0 0 0 0 0 0 0 0 0 0 0 0 0 0]
[1852250944218662476390259263693995391728813923667782950769510021205217378821917537231379543089310403535945933012167665557029011875909005549101240772467204874404627654647723210487805592338074417251252123043057278223794439808629503328730871080585226606551347771013410859367581345541320339 0 0 0 0 0 0 0 0 0 0 0 0 0 0 0 0 0 0 0 0 1 0 0 0 0 0 0 0 0 0 0 0 0 0 0 0 0 0 0 0 0 0 0 0 0 0 0 0 0 0 0 0 0 0 0 0 0 0 0 0 0 0 0 0 0 0 0 0 0 0 0 0 0 0 0 0 0 0 0 0 0 0 0 0 0 0 0 0 0 0 0 0 0 0]
[1906951264321470682712209078509848227780882836196659248384102059266087676706864033149508723191779882283135922783736958764412876494719867823920549147996342454036723123931324572808257766594266473221643580378432777183762378954466746184275902783484052821737784446461323949310723452880536683 0 0 0 0 0 0 0 0 0 0 0 0 0 0 0 0 0 0 0 0 0 1 0 0 0 0 0 0 0 0 0 0 0 0 0 0 0 0 0 0 0 0 0 0 0 0 0 0 0 0 0 0 0 0 0 0 0 0 0 0 0 0 0 0 0 0 0 0 0 0 0 0 0 0 0 0 0 0 0 0 0 0 0 0 0 0 0 0 0 0 0 0 0 0]
[3599637950832561565387235508626969525175535572809478931445055833428435223979813829546656576385556210556204967165253156224235995683858748749677420021066718539044804969598753282068442071157001568836162866451480177710148334201649969443396735143234340881662198947120181781623126644414180817 0 0 0 0 0 0 0 0 0 0 0 0 0 0 0 0 0 0 0 0 0 0 1 0 0 0 0 0 0 0 0 0 0 0 0 0 0 0 0 0 0 0 0 0 0 0 0 0 0 0 0 0 0 0 0 0 0 0 0 0 0 0 0 0 0 0 0 0 0 0 0 0 0 0 0 0 0 0 0 0 0 0 0 0 0 0 0 0 0 0 0 0 0 0]
[5535395854075893869599395922419816945909494415875133008467944838582863053084821317907676042064805347685087804059198767517267540082094131355758592750675218219387976219230002612272064616523054722776247884743371505158705250930815618607285963790844766813011485821544887975592554456204195327 0 0 0 0 0 0 0 0 0 0 0 0 0 0 0 0 0 0 0 0 0 0 0 1 0 0 0 0 0 0 0 0 0 0 0 0 0 0 0 0 0 0 0 0 0 0 0 0 0 0 0 0 0 0 0 0 0 0 0 0 0 0 0 0 0 0 0 0 0 0 0 0 0 0 0 0 0 0 0 0 0 0 0 0 0 0 0 0 0 0 0 0 0 0]
[6574725798963583125919253063106946731528441668238947533172894237504802029178269361817969592461561937317290546264640930642819064377556898851696852421673605959243073214205167611458520068259021553314242232814536969344870015562902683934937883499341094397959777363536472043296150233260379769 0 0 0 0 0 0 0 0 0 0 0 0 0 0 0 0 0 0 0 0 0 0 0 0 1 0 0 0 0 0 0 0 0 0 0 0 0 0 0 0 0 0 0 0 0 0 0 0 0 0 0 0 0 0 0 0 0 0 0 0 0 0 0 0 0 0 0 0 0 0 0 0 0 0 0 0 0 0 0 0 0 0 0 0 0 0 0 0 0 0 0 0 0 0]
[1872202349040109649487264363012471085758610813415652043126028016135662530187313985517964568117616117713625235220075701472302496520700775096348305448967872948246832697065330384269679858616602226439265756047814807509341256813795318207856798829698616407968392861183371045749679673636710954 0 0 0 0 0 0 0 0 0 0 0 0 0 0 0 0 0 0 0 0 0 0 0 0 0 1 0 0 0 0 0 0 0 0 0 0 0 0 0 0 0 0 0 0 0 0 0 0 0 0 0 0 0 0 0 0 0 0 0 0 0 0 0 0 0 0 0 0 0 0 0 0 0 0 0 0 0 0 0 0 0 0 0 0 0 0 0 0 0 0 0 0 0 0]
[7077410995582998868197665467810370362056589350837950979005624734034122222279533339238885276793635618657088201860644959444680080926824332928623842328062987839268339637255588628676220871602378157031916247843701305681778972245079183889818375938272494931725140398266469905988576692834161981 0 0 0 0 0 0 0 0 0 0 0 0 0 0 0 0 0 0 0 0 0 0 0 0 0 0 1 0 0 0 0 0 0 0 0 0 0 0 0 0 0 0 0 0 0 0 0 0 0 0 0 0 0 0 0 0 0 0 0 0 0 0 0 0 0 0 0 0 0 0 0 0 0 0 0 0 0 0 0 0 0 0 0 0 0 0 0 0 0 0 0 0 0 0]
[1871548329996992468591638200806146658289412922147593256278275450780009133330879338205220654268796049143122303327412523944720813789953690267894280888132032086425092194681746940982316533570307161574847419282796685327133460130652091236630565756648686659380394444762139531542386318915117291 0 0 0 0 0 0 0 0 0 0 0 0 0 0 0 0 0 0 0 0 0 0 0 0 0 0 0 1 0 0 0 0 0 0 0 0 0 0 0 0 0 0 0 0 0 0 0 0 0 0 0 0 0 0 0 0 0 0 0 0 0 0 0 0 0 0 0 0 0 0 0 0 0 0 0 0 0 0 0 0 0 0 0 0 0 0 0 0 0 0 0 0 0 0]
[475473724278474435127809609996539353087263376212756717152256325816905881836185877677264993248795214894065703466211815271165088173260728457043967957396699379963357792707795980808832194039700366917422837386414266229826927906818686957247973526244606632591253042558979581995495173004269626 0 0 0 0 0 0 0 0 0 0 0 0 0 0 0 0 0 0 0 0 0 0 0 0 0 0 0 0 1 0 0 0 0 0 0 0 0 0 0 0 0 0 0 0 0 0 0 0 0 0 0 0 0 0 0 0 0 0 0 0 0 0 0 0 0 0 0 0 0 0 0 0 0 0 0 0 0 0 0 0 0 0 0 0 0 0 0 0 0 0 0 0 0 0]
[6720913135849467080502349779633644214572335429858210752162692403781076106447304794780944658897340407119280709353744545252592647579185539738106206278520946329727412747491885063750743501365916467972962261757500725034496012194423679527162443610499771996012455058738745020733732999818315894 0 0 0 0 0 0 0 0 0 0 0 0 0 0 0 0 0 0 0 0 0 0 0 0 0 0 0 0 0 1 0 0 0 0 0 0 0 0 0 0 0 0 0 0 0 0 0 0 0 0 0 0 0 0 0 0 0 0 0 0 0 0 0 0 0 0 0 0 0 0 0 0 0 0 0 0 0 0 0 0 0 0 0 0 0 0 0 0 0 0 0 0 0 0]
[3946247460668663345310012351705683306993710799363744238293487923458028213812995934962585094067625751516924723958632113029985939864300039421986110789099488997471177776413132661821786594384835578405101091396730769763815622060010873457312461647420994140839365904577983220848292250449855454 0 0 0 0 0 0 0 0 0 0 0 0 0 0 0 0 0 0 0 0 0 0 0 0 0 0 0 0 0 0 1 0 0 0 0 0 0 0 0 0 0 0 0 0 0 0 0 0 0 0 0 0 0 0 0 0 0 0 0 0 0 0 0 0 0 0 0 0 0 0 0 0 0 0 0 0 0 0 0 0 0 0 0 0 0 0 0 0 0 0 0 0 0 0]
[4519869351177724131216758424581016183698298858343278288723883434919313035633428551555449413327716205116031588224552030810238353591162830216128246430772722204761784241634814253586091009881623315376762117195171283869016185476622526266182639252375187240575915685077764805170220174154201891 0 0 0 0 0 0 0 0 0 0 0 0 0 0 0 0 0 0 0 0 0 0 0 0 0 0 0 0 0 0 0 1 0 0 0 0 0 0 0 0 0 0 0 0 0 0 0 0 0 0 0 0 0 0 0 0 0 0 0 0 0 0 0 0 0 0 0 0 0 0 0 0 0 0 0 0 0 0 0 0 0 0 0 0 0 0 0 0 0 0 0 0 0 0]
[6330668018717240488656587505606524341335860674514812996313835772812155857233301154751714271852443239149903722738413557883051402670364414820469432053027533268129733693603351272118496061992539507161195201166060752963234765345538472037800156167147243704002336482050899687082373236209642569 0 0 0 0 0 0 0 0 0 0 0 0 0 0 0 0 0 0 0 0 0 0 0 0 0 0 0 0 0 0 0 0 1 0 0 0 0 0 0 0 0 0 0 0 0 0 0 0 0 0 0 0 0 0 0 0 0 0 0 0 0 0 0 0 0 0 0 0 0 0 0 0 0 0 0 0 0 0 0 0 0 0 0 0 0 0 0 0 0 0 0 0 0 0]
[2825072802981737928298170984679039275983404496069358710070918418220824885799688105414686342200916192250778306969293138465007822757892282841747110763770606793584258082682297460438950253880282881924963556739809622804775340326698063169607626157214661591245670786923629354959770553184830796 0 0 0 0 0 0 0 0 0 0 0 0 0 0 0 0 0 0 0 0 0 0 0 0 0 0 0 0 0 0 0 0 0 1 0 0 0 0 0 0 0 0 0 0 0 0 0 0 0 0 0 0 0 0 0 0 0 0 0 0 0 0 0 0 0 0 0 0 0 0 0 0 0 0 0 0 0 0 0 0 0 0 0 0 0 0 0 0 0 0 0 0 0 0]
[4275519098290031744840261058620469499121130064792590346272537697928583681152314142498872695858546548019463797778340005998203884364500382849815141713335974697337550457401730725158548053722048967830834655266008975864599029935251116762177180820356682774804976657341300668826050652664769908 0 0 0 0 0 0 0 0 0 0 0 0 0 0 0 0 0 0 0 0 0 0 0 0 0 0 0 0 0 0 0 0 0 0 1 0 0 0 0 0 0 0 0 0 0 0 0 0 0 0 0 0 0 0 0 0 0 0 0 0 0 0 0 0 0 0 0 0 0 0 0 0 0 0 0 0 0 0 0 0 0 0 0 0 0 0 0 0 0 0 0 0 0 0]
[8302913652482829498551558477998635267770877896127979890744651517112328283340304860584268827496389220257868943240331116474014461534342722704476824281764370937888633313116736245262388329902455722142818086900424440917125895161540671374063660826533296676899226450167996712519326660569865733 0 0 0 0 0 0 0 0 0 0 0 0 0 0 0 0 0 0 0 0 0 0 0 0 0 0 0 0 0 0 0 0 0 0 0 1 0 0 0 0 0 0 0 0 0 0 0 0 0 0 0 0 0 0 0 0 0 0 0 0 0 0 0 0 0 0 0 0 0 0 0 0 0 0 0 0 0 0 0 0 0 0 0 0 0 0 0 0 0 0 0 0 0 0]
[2476080446907195389534374018229119667640497618590707822568332055621210532582288022213347933632842273360533316795041518580234766111782630089380020922210371016763579915128693932167682179560897896303112254118814612436800103136820063916875709383717838806603449047574762024405170698529591489 0 0 0 0 0 0 0 0 0 0 0 0 0 0 0 0 0 0 0 0 0 0 0 0 0 0 0 0 0 0 0 0 0 0 0 0 1 0 0 0 0 0 0 0 0 0 0 0 0 0 0 0 0 0 0 0 0 0 0 0 0 0 0 0 0 0 0 0 0 0 0 0 0 0 0 0 0 0 0 0 0 0 0 0 0 0 0 0 0 0 0 0 0 0]
[1368309176789892004891761277427741006226524320544587510027358842879099465740150617610705255318025668544857311360574712441184889473474455367402033408686684963613087273896477433451785619852982068608269259842779251701609504154083070131913532674147181378524314226008505245467504061473537280 0 0 0 0 0 0 0 0 0 0 0 0 0 0 0 0 0 0 0 0 0 0 0 0 0 0 0 0 0 0 0 0 0 0 0 0 0 1 0 0 0 0 0 0 0 0 0 0 0 0 0 0 0 0 0 0 0 0 0 0 0 0 0 0 0 0 0 0 0 0 0 0 0 0 0 0 0 0 0 0 0 0 0 0 0 0 0 0 0 0 0 0 0 0]
[7801407036786450767510448467304601902616173132932296209691068820374809673965971739751990880908496897778022157050906899831715427195204609011362847029720047842520487516716501791870403876859520388635424369409769879557020650533430520267762443784832561954082950131670479348983281640298676684 0 0 0 0 0 0 0 0 0 0 0 0 0 0 0 0 0 0 0 0 0 0 0 0 0 0 0 0 0 0 0 0 0 0 0 0 0 0 1 0 0 0 0 0 0 0 0 0 0 0 0 0 0 0 0 0 0 0 0 0 0 0 0 0 0 0 0 0 0 0 0 0 0 0 0 0 0 0 0 0 0 0 0 0 0 0 0 0 0 0 0 0 0 0]
[6987479162985597177916767273681253988986915386515565160726182345640604592904500038209506399344947026744612309451968268408961397672858901297234563276509256644887414860545304346039066156665371221395491613076945255507122456146306841489536036024934194836418623526185320183934907293376861787 0 0 0 0 0 0 0 0 0 0 0 0 0 0 0 0 0 0 0 0 0 0 0 0 0 0 0 0 0 0 0 0 0 0 0 0 0 0 0 1 0 0 0 0 0 0 0 0 0 0 0 0 0 0 0 0 0 0 0 0 0 0 0 0 0 0 0 0 0 0 0 0 0 0 0 0 0 0 0 0 0 0 0 0 0 0 0 0 0 0 0 0 0 0]
[4092256504528979038198916656399196604804947915853124128581219761035307134339774440654651987694803266280148710194618639190724043856645083508067917705777902875010967422365358246561864379411059927089848842242196993613307832139994888514140698925850344046000663413588153488169257063887249525 0 0 0 0 0 0 0 0 0 0 0 0 0 0 0 0 0 0 0 0 0 0 0 0 0 0 0 0 0 0 0 0 0 0 0 0 0 0 0 0 1 0 0 0 0 0 0 0 0 0 0 0 0 0 0 0 0 0 0 0 0 0 0 0 0 0 0 0 0 0 0 0 0 0 0 0 0 0 0 0 0 0 0 0 0 0 0 0 0 0 0 0 0 0]
[4140786553286439511182446436504422665405726167335884975510084231939652977990636069121520198638560896799493752520548344282041728770646560906218048428364404552485199612284361339956293693260661417145582442325260618936487293374924315573042484790709018875252412305689040952048360242819120996 0 0 0 0 0 0 0 0 0 0 0 0 0 0 0 0 0 0 0 0 0 0 0 0 0 0 0 0 0 0 0 0 0 0 0 0 0 0 0 0 0 1 0 0 0 0 0 0 0 0 0 0 0 0 0 0 0 0 0 0 0 0 0 0 0 0 0 0 0 0 0 0 0 0 0 0 0 0 0 0 0 0 0 0 0 0 0 0 0 0 0 0 0 0]
[3040613948670319164924494679692151151427842551414259849945855717911895155330756257418585868097479821215505964169678407895162640918849812984363836353783256735228546070356507445857593615840442872683707345407923165040612646029124236027474895615499357323006264419821635971021786748614580761 0 0 0 0 0 0 0 0 0 0 0 0 0 0 0 0 0 0 0 0 0 0 0 0 0 0 0 0 0 0 0 0 0 0 0 0 0 0 0 0 0 0 1 0 0 0 0 0 0 0 0 0 0 0 0 0 0 0 0 0 0 0 0 0 0 0 0 0 0 0 0 0 0 0 0 0 0 0 0 0 0 0 0 0 0 0 0 0 0 0 0 0 0 0]
[6056760729671884487913290740166097493420637219126350818417224206095975756128655097008529159048426409434913976114222111223480288424050708946192344334504745917326461516411816226925880996278486327820276457061710391388687095199396174023483165179751634060103263926310991278793218873182461471 0 0 0 0 0 0 0 0 0 0 0 0 0 0 0 0 0 0 0 0 0 0 0 0 0 0 0 0 0 0 0 0 0 0 0 0 0 0 0 0 0 0 0 1 0 0 0 0 0 0 0 0 0 0 0 0 0 0 0 0 0 0 0 0 0 0 0 0 0 0 0 0 0 0 0 0 0 0 0 0 0 0 0 0 0 0 0 0 0 0 0 0 0 0]
[7549157799492113920433859156980752587080524939499851433422723772539264499641432875811807552813293851692777782182413158643501705263093966289690438552577661973496239136336528233877836867167047177858866575114334674842481042193304255042020324978041452009487918141433738236348390602802445407 0 0 0 0 0 0 0 0 0 0 0 0 0 0 0 0 0 0 0 0 0 0 0 0 0 0 0 0 0 0 0 0 0 0 0 0 0 0 0 0 0 0 0 0 1 0 0 0 0 0 0 0 0 0 0 0 0 0 0 0 0 0 0 0 0 0 0 0 0 0 0 0 0 0 0 0 0 0 0 0 0 0 0 0 0 0 0 0 0 0 0 0 0 0]
[456977150244168686138583659487516373909938438540769106638560588770935405828740346030290989536073214166694140249793075074316200690349200254885978248414587957138793465901146821370978324016937172161044507587039995840415679096846616293655220559044400850909437101492074565150525034478251979 0 0 0 0 0 0 0 0 0 0 0 0 0 0 0 0 0 0 0 0 0 0 0 0 0 0 0 0 0 0 0 0 0 0 0 0 0 0 0 0 0 0 0 0 0 1 0 0 0 0 0 0 0 0 0 0 0 0 0 0 0 0 0 0 0 0 0 0 0 0 0 0 0 0 0 0 0 0 0 0 0 0 0 0 0 0 0 0 0 0 0 0 0 0]
[1413252580497860537619263776005400079048834082212488830521406560233154200566489731677761494203376439075175713417171478142440389481578209551585664093344859746422014228857083800170575724281625623857387479702270937767229266980364981956915049572563670441133753595902635917515829720928197332 0 0 0 0 0 0 0 0 0 0 0 0 0 0 0 0 0 0 0 0 0 0 0 0 0 0 0 0 0 0 0 0 0 0 0 0 0 0 0 0 0 0 0 0 0 0 1 0 0 0 0 0 0 0 0 0 0 0 0 0 0 0 0 0 0 0 0 0 0 0 0 0 0 0 0 0 0 0 0 0 0 0 0 0 0 0 0 0 0 0 0 0 0 0]
[3174107830140339618182277355481043309897625500679274318887646315979096913553740346969442814114686251925826345260932972808053258913272636858954735723522386307357119628407837328829908305182109816457100027061809411148577499359699994600657185162029599124355616898989673064148667589748643793 0 0 0 0 0 0 0 0 0 0 0 0 0 0 0 0 0 0 0 0 0 0 0 0 0 0 0 0 0 0 0 0 0 0 0 0 0 0 0 0 0 0 0 0 0 0 0 1 0 0 0 0 0 0 0 0 0 0 0 0 0 0 0 0 0 0 0 0 0 0 0 0 0 0 0 0 0 0 0 0 0 0 0 0 0 0 0 0 0 0 0 0 0 0]
[7769247600313385330065101890871378613413761530439620616238879992501627834473023357270416321765623861839487082202054970007759502990935209924331436154866441558691849245131410615218838437636175305907148613066159436203954506826435037622350737803548087481169162552200190348659900941406786972 0 0 0 0 0 0 0 0 0 0 0 0 0 0 0 0 0 0 0 0 0 0 0 0 0 0 0 0 0 0 0 0 0 0 0 0 0 0 0 0 0 0 0 0 0 0 0 0 1 0 0 0 0 0 0 0 0 0 0 0 0 0 0 0 0 0 0 0 0 0 0 0 0 0 0 0 0 0 0 0 0 0 0 0 0 0 0 0 0 0 0 0 0 0]
[3876843283995091323307108047277363371038862696971173778691359914700677808612471648957496673767777157739774515418517422861826502492856035118697252879694445103523561999868353145466307308635091636190021471940245299196612215409910460283247000129147360225601322891307558947037164402603260567 0 0 0 0 0 0 0 0 0 0 0 0 0 0 0 0 0 0 0 0 0 0 0 0 0 0 0 0 0 0 0 0 0 0 0 0 0 0 0 0 0 0 0 0 0 0 0 0 0 1 0 0 0 0 0 0 0 0 0 0 0 0 0 0 0 0 0 0 0 0 0 0 0 0 0 0 0 0 0 0 0 0 0 0 0 0 0 0 0 0 0 0 0 0]
[8113619944672320700771567061848218917183981520207531196791545140136858355511914269998043607649315233643572370536220779954121250441817241789477288266283730429713281195320034691837067997326611489564406711828988550779516710719484850288713821496361486090557623830576028300266300535966526114 0 0 0 0 0 0 0 0 0 0 0 0 0 0 0 0 0 0 0 0 0 0 0 0 0 0 0 0 0 0 0 0 0 0 0 0 0 0 0 0 0 0 0 0 0 0 0 0 0 0 1 0 0 0 0 0 0 0 0 0 0 0 0 0 0 0 0 0 0 0 0 0 0 0 0 0 0 0 0 0 0 0 0 0 0 0 0 0 0 0 0 0 0 0]
[2356989816308984289882299691089767378411203123019119370443353636970463287157152216070365190992334705193229677173728223862408006759555494064775405252757928838007317758046447708395911168820243786419618364462144461524974900608198313783549119613028322335854931927851589104135382281806390109 0 0 0 0 0 0 0 0 0 0 0 0 0 0 0 0 0 0 0 0 0 0 0 0 0 0 0 0 0 0 0 0 0 0 0 0 0 0 0 0 0 0 0 0 0 0 0 0 0 0 0 1 0 0 0 0 0 0 0 0 0 0 0 0 0 0 0 0 0 0 0 0 0 0 0 0 0 0 0 0 0 0 0 0 0 0 0 0 0 0 0 0 0 0]
[1935172914826098891538055223581996523085507285368651870767276456419691594352215650428117561471058041877880524112018270936682276256670033614285122478194014752081906269352302037931706780106730660500068132986852111924214792515467838209074227335598291630044319093563401289255636105854491598 0 0 0 0 0 0 0 0 0 0 0 0 0 0 0 0 0 0 0 0 0 0 0 0 0 0 0 0 0 0 0 0 0 0 0 0 0 0 0 0 0 0 0 0 0 0 0 0 0 0 0 0 1 0 0 0 0 0 0 0 0 0 0 0 0 0 0 0 0 0 0 0 0 0 0 0 0 0 0 0 0 0 0 0 0 0 0 0 0 0 0 0 0 0]
[5620308509275986304702299152752804294438468606730339093925238781349488464847712806286013819068010913727982520761588561051242959216891691720709821890353107624280952208038364581298739033920173361754838420145139915556040059524766580328462337089017225710106901516870069025603383294485009736 0 0 0 0 0 0 0 0 0 0 0 0 0 0 0 0 0 0 0 0 0 0 0 0 0 0 0 0 0 0 0 0 0 0 0 0 0 0 0 0 0 0 0 0 0 0 0 0 0 0 0 0 0 1 0 0 0 0 0 0 0 0 0 0 0 0 0 0 0 0 0 0 0 0 0 0 0 0 0 0 0 0 0 0 0 0 0 0 0 0 0 0 0 0]
[477265985813507966336402842577466666778756522775557820839343526356561744153090071746245411406553002578471262425730156677712047776666801443419673059285024736101687269132907762006895647218264377507868955694635978564397172240970721277906030170787945870718231588330137855476807026477624829 0 0 0 0 0 0 0 0 0 0 0 0 0 0 0 0 0 0 0 0 0 0 0 0 0 0 0 0 0 0 0 0 0 0 0 0 0 0 0 0 0 0 0 0 0 0 0 0 0 0 0 0 0 0 1 0 0 0 0 0 0 0 0 0 0 0 0 0 0 0 0 0 0 0 0 0 0 0 0 0 0 0 0 0 0 0 0 0 0 0 0 0 0 0]
[6823066609051343508403724153632332042976032571851410015442987665824086876720296256071773718824666053809990801827714565778857460840283018613098596424825958340307498470921932876448566256983156634123677853943859168792682711655666248546341285717865814866453704109292663191985320700812868620 0 0 0 0 0 0 0 0 0 0 0 0 0 0 0 0 0 0 0 0 0 0 0 0 0 0 0 0 0 0 0 0 0 0 0 0 0 0 0 0 0 0 0 0 0 0 0 0 0 0 0 0 0 0 0 1 0 0 0 0 0 0 0 0 0 0 0 0 0 0 0 0 0 0 0 0 0 0 0 0 0 0 0 0 0 0 0 0 0 0 0 0 0 0]
[4322435335967560496486659417252952351181942765885690485316776643385662899018532429078212040758301085657255894104662945464463801192795190676988181544327207191134954908208429030684466132874903451828834942538947802457427140183396132403932874066212105315770424465455630050471685332114035760 0 0 0 0 0 0 0 0 0 0 0 0 0 0 0 0 0 0 0 0 0 0 0 0 0 0 0 0 0 0 0 0 0 0 0 0 0 0 0 0 0 0 0 0 0 0 0 0 0 0 0 0 0 0 0 0 1 0 0 0 0 0 0 0 0 0 0 0 0 0 0 0 0 0 0 0 0 0 0 0 0 0 0 0 0 0 0 0 0 0 0 0 0 0]
[7019561150651940499435728459842664627698357927718250804981403506169126256508143170576635510342421809725355932853173892844251887602457635315536108781025569298522068550861965016933873350573253056904913052253691359138698125550998718280884321123758608359294809610688015658372184041497283845 0 0 0 0 0 0 0 0 0 0 0 0 0 0 0 0 0 0 0 0 0 0 0 0 0 0 0 0 0 0 0 0 0 0 0 0 0 0 0 0 0 0 0 0 0 0 0 0 0 0 0 0 0 0 0 0 0 1 0 0 0 0 0 0 0 0 0 0 0 0 0 0 0 0 0 0 0 0 0 0 0 0 0 0 0 0 0 0 0 0 0 0 0 0]
[2335352562872780127993674149029222621509439402087368651172530261052077519473954855352528213278106373665838606892345283971570030645883723851742910853691370363733461273349003728381631375398359306448284671928525397861450580529173049878329773683021127930083845760476232584349809599342175818 0 0 0 0 0 0 0 0 0 0 0 0 0 0 0 0 0 0 0 0 0 0 0 0 0 0 0 0 0 0 0 0 0 0 0 0 0 0 0 0 0 0 0 0 0 0 0 0 0 0 0 0 0 0 0 0 0 0 1 0 0 0 0 0 0 0 0 0 0 0 0 0 0 0 0 0 0 0 0 0 0 0 0 0 0 0 0 0 0 0 0 0 0 0]
[3943197539236248356959774205717707587505636459138927213564771864037066388155689923543354184679107973725384461994711194510204792855246261297919899132321221333903544606288412749527530242809505158286536012865924668926256015891769902750135029689020388079865962814890824518569857515972902534 0 0 0 0 0 0 0 0 0 0 0 0 0 0 0 0 0 0 0 0 0 0 0 0 0 0 0 0 0 0 0 0 0 0 0 0 0 0 0 0 0 0 0 0 0 0 0 0 0 0 0 0 0 0 0 0 0 0 0 1 0 0 0 0 0 0 0 0 0 0 0 0 0 0 0 0 0 0 0 0 0 0 0 0 0 0 0 0 0 0 0 0 0 0]
[8444266456714992978872500903818833174960445908868608697254146570894943055203654139097994986726497994665192160402724911891451852164358616592130743375238083794646723834917755215983570245277456262040456497459679891984159166624877251512889501815670072352085705015686069938455351729882503701 0 0 0 0 0 0 0 0 0 0 0 0 0 0 0 0 0 0 0 0 0 0 0 0 0 0 0 0 0 0 0 0 0 0 0 0 0 0 0 0 0 0 0 0 0 0 0 0 0 0 0 0 0 0 0 0 0 0 0 0 1 0 0 0 0 0 0 0 0 0 0 0 0 0 0 0 0 0 0 0 0 0 0 0 0 0 0 0 0 0 0 0 0 0]
[6425103304335365248760367728075044236350003645196353417825699756252886321071511029932393015689215455806699247980299820662391308826226314234584260978551296953549392692440426983846597495135381693388529202569732646485763386947423077835996045439911664778817481716353589684815678903566283194 0 0 0 0 0 0 0 0 0 0 0 0 0 0 0 0 0 0 0 0 0 0 0 0 0 0 0 0 0 0 0 0 0 0 0 0 0 0 0 0 0 0 0 0 0 0 0 0 0 0 0 0 0 0 0 0 0 0 0 0 0 1 0 0 0 0 0 0 0 0 0 0 0 0 0 0 0 0 0 0 0 0 0 0 0 0 0 0 0 0 0 0 0 0]
[8459903394765885111283374327998136033630090775220810355337158327460675043671334199354088849554105197464369503188371304244890926959135507732949247463995913812580732621907723496662138114016907955732854742979114236027456414685069485596907026647227252782275404174353764786997462580954247921 0 0 0 0 0 0 0 0 0 0 0 0 0 0 0 0 0 0 0 0 0 0 0 0 0 0 0 0 0 0 0 0 0 0 0 0 0 0 0 0 0 0 0 0 0 0 0 0 0 0 0 0 0 0 0 0 0 0 0 0 0 0 1 0 0 0 0 0 0 0 0 0 0 0 0 0 0 0 0 0 0 0 0 0 0 0 0 0 0 0 0 0 0 0]
[8355200144888877993295927889657540585062974798806954861495360841636108101427218261103998735122770698178682195660067269749523533994997398448179336152483427368347374911922906468108119566330834343750219521479100867859714513200090488846215119745925294233623540890265266847616914316542580091 0 0 0 0 0 0 0 0 0 0 0 0 0 0 0 0 0 0 0 0 0 0 0 0 0 0 0 0 0 0 0 0 0 0 0 0 0 0 0 0 0 0 0 0 0 0 0 0 0 0 0 0 0 0 0 0 0 0 0 0 0 0 0 1 0 0 0 0 0 0 0 0 0 0 0 0 0 0 0 0 0 0 0 0 0 0 0 0 0 0 0 0 0 0]
[2042418428940972881955640871892769164595490418620722606817844961113289846177893415529963709625159052440343548473724952429058812210725586371627401157547188020886404493801243277352843568082911018930522708224511144829088711803449187646621777729655437500489602469735916952755240502156507989 0 0 0 0 0 0 0 0 0 0 0 0 0 0 0 0 0 0 0 0 0 0 0 0 0 0 0 0 0 0 0 0 0 0 0 0 0 0 0 0 0 0 0 0 0 0 0 0 0 0 0 0 0 0 0 0 0 0 0 0 0 0 0 0 1 0 0 0 0 0 0 0 0 0 0 0 0 0 0 0 0 0 0 0 0 0 0 0 0 0 0 0 0 0]
[2818674572946640854344169435900652704739953414748586969502808214489336895796227757422786775591970824509608156114214179739731187943912798361463746447342515206465160247770742587991187531545299308903597445283437746462165124003958867363876979802239860061757142406538790022094674754139190102 0 0 0 0 0 0 0 0 0 0 0 0 0 0 0 0 0 0 0 0 0 0 0 0 0 0 0 0 0 0 0 0 0 0 0 0 0 0 0 0 0 0 0 0 0 0 0 0 0 0 0 0 0 0 0 0 0 0 0 0 0 0 0 0 0 1 0 0 0 0 0 0 0 0 0 0 0 0 0 0 0 0 0 0 0 0 0 0 0 0 0 0 0 0]
[6314995957574822608955921485641486080104567783383794604321975921606892322763925830708977599205819804257852729444020354256557910476958982182890156788672087841271625879038056604529603560740605782864920582477552235664923305736615682432092008580982216864824428806549513236844024051535946269 0 0 0 0 0 0 0 0 0 0 0 0 0 0 0 0 0 0 0 0 0 0 0 0 0 0 0 0 0 0 0 0 0 0 0 0 0 0 0 0 0 0 0 0 0 0 0 0 0 0 0 0 0 0 0 0 0 0 0 0 0 0 0 0 0 0 1 0 0 0 0 0 0 0 0 0 0 0 0 0 0 0 0 0 0 0 0 0 0 0 0 0 0 0]
[7622321076586493389620003574006139493762376110604557689246019251563309315221429428558830208796643999947305829733326516547317836937296506243854805815050947050212139005344761762486490398033384509619729849077487897800279342728070301311173228773901450727410934446257547865906024687835679987 0 0 0 0 0 0 0 0 0 0 0 0 0 0 0 0 0 0 0 0 0 0 0 0 0 0 0 0 0 0 0 0 0 0 0 0 0 0 0 0 0 0 0 0 0 0 0 0 0 0 0 0 0 0 0 0 0 0 0 0 0 0 0 0 0 0 0 1 0 0 0 0 0 0 0 0 0 0 0 0 0 0 0 0 0 0 0 0 0 0 0 0 0 0]
[8393048627634739579091596456282319074243839330259404755630295069090599867066413358932583373455370495039950581888663699802513712818669981177137838729460718653402413587319729815128254566399398086321173999956858277095076727839568468245343799149900527592259773652065535458579618560230302147 0 0 0 0 0 0 0 0 0 0 0 0 0 0 0 0 0 0 0 0 0 0 0 0 0 0 0 0 0 0 0 0 0 0 0 0 0 0 0 0 0 0 0 0 0 0 0 0 0 0 0 0 0 0 0 0 0 0 0 0 0 0 0 0 0 0 0 0 1 0 0 0 0 0 0 0 0 0 0 0 0 0 0 0 0 0 0 0 0 0 0 0 0 0]
[7588326445242470775540955490948460860235343396817887592307854018733618225198257607801684826961168953700737700060917902352266511588047042535405613866270224846083177670352448613760581724218075689477064256042092529383733025372956045253997624507381256065159305932676822567771369363238115672 0 0 0 0 0 0 0 0 0 0 0 0 0 0 0 0 0 0 0 0 0 0 0 0 0 0 0 0 0 0 0 0 0 0 0 0 0 0 0 0 0 0 0 0 0 0 0 0 0 0 0 0 0 0 0 0 0 0 0 0 0 0 0 0 0 0 0 0 0 1 0 0 0 0 0 0 0 0 0 0 0 0 0 0 0 0 0 0 0 0 0 0 0 0]
[5030713737483197759150000435743348076327827646850866026112929350207429631199334403973877971625020018657993289755779427314926304093173497766779241300914383272578996488507493034104902714043680450648149465783769785970162748647250605140308163866815946347897159943521051431934647105908125226 0 0 0 0 0 0 0 0 0 0 0 0 0 0 0 0 0 0 0 0 0 0 0 0 0 0 0 0 0 0 0 0 0 0 0 0 0 0 0 0 0 0 0 0 0 0 0 0 0 0 0 0 0 0 0 0 0 0 0 0 0 0 0 0 0 0 0 0 0 0 1 0 0 0 0 0 0 0 0 0 0 0 0 0 0 0 0 0 0 0 0 0 0 0]
[8424491057514941843648971270807750346503053937850294579617680973142098159532985782299309238451766238422599471836104225665042140301829827607071644221145152373035650925667065379597738201835029742280286478745588514469863795214323610303627186748545774950461288368840192275827069210864102727 0 0 0 0 0 0 0 0 0 0 0 0 0 0 0 0 0 0 0 0 0 0 0 0 0 0 0 0 0 0 0 0 0 0 0 0 0 0 0 0 0 0 0 0 0 0 0 0 0 0 0 0 0 0 0 0 0 0 0 0 0 0 0 0 0 0 0 0 0 0 0 1 0 0 0 0 0 0 0 0 0 0 0 0 0 0 0 0 0 0 0 0 0 0]
[2473202824577118217059679150924341654791205901067821893242682689595453686305917302594357591791534679790322022874667422725267352783180605300171072487260101037641794857982356089790900238162063187976522419558328142165588268283584345053149295870371498516526398965564923362957527147113748907 0 0 0 0 0 0 0 0 0 0 0 0 0 0 0 0 0 0 0 0 0 0 0 0 0 0 0 0 0 0 0 0 0 0 0 0 0 0 0 0 0 0 0 0 0 0 0 0 0 0 0 0 0 0 0 0 0 0 0 0 0 0 0 0 0 0 0 0 0 0 0 0 1 0 0 0 0 0 0 0 0 0 0 0 0 0 0 0 0 0 0 0 0 0]
[8127043599992892508513861980757721583353312020354292697592839192086968683662741905325900077551813499388580202174400994405065853750051621496391709425428842381486642583919772381065139810666096556032768995601877079091734520016271771358777338865790823866862857170843026717299436270137996980 0 0 0 0 0 0 0 0 0 0 0 0 0 0 0 0 0 0 0 0 0 0 0 0 0 0 0 0 0 0 0 0 0 0 0 0 0 0 0 0 0 0 0 0 0 0 0 0 0 0 0 0 0 0 0 0 0 0 0 0 0 0 0 0 0 0 0 0 0 0 0 0 0 1 0 0 0 0 0 0 0 0 0 0 0 0 0 0 0 0 0 0 0 0]
[4208672835775276364156357825195403689761694468333721817134160835117121616972308042931834410959188765757812746957191876355152632474905595875244391044222212883075627679286998606028257597802156725482070822190509927809425030553010441926285777483774777758604155138997672019490705036934298631 0 0 0 0 0 0 0 0 0 0 0 0 0 0 0 0 0 0 0 0 0 0 0 0 0 0 0 0 0 0 0 0 0 0 0 0 0 0 0 0 0 0 0 0 0 0 0 0 0 0 0 0 0 0 0 0 0 0 0 0 0 0 0 0 0 0 0 0 0 0 0 0 0 0 1 0 0 0 0 0 0 0 0 0 0 0 0 0 0 0 0 0 0 0]
[7343360913586831026781990364276537282295581966347996972201122076773562327618340702366292439529855545523002286963991238165584221239746908852727746560711632747628725923696109441609383481259432033972792101465790819622908699725772402517333940668387559779421653314457390114853955266581945014 0 0 0 0 0 0 0 0 0 0 0 0 0 0 0 0 0 0 0 0 0 0 0 0 0 0 0 0 0 0 0 0 0 0 0 0 0 0 0 0 0 0 0 0 0 0 0 0 0 0 0 0 0 0 0 0 0 0 0 0 0 0 0 0 0 0 0 0 0 0 0 0 0 0 0 1 0 0 0 0 0 0 0 0 0 0 0 0 0 0 0 0 0 0]
[4202649992289760900063324332351908566268776942045790186979709163634814220378114262918484630436470785258481997729359589094137877936747266406238971560633998009160098610931674750743144248471680858623682671964814075308006280096633611218561611259925479048187827662516151026507923116969593581 0 0 0 0 0 0 0 0 0 0 0 0 0 0 0 0 0 0 0 0 0 0 0 0 0 0 0 0 0 0 0 0 0 0 0 0 0 0 0 0 0 0 0 0 0 0 0 0 0 0 0 0 0 0 0 0 0 0 0 0 0 0 0 0 0 0 0 0 0 0 0 0 0 0 0 0 1 0 0 0 0 0 0 0 0 0 0 0 0 0 0 0 0 0]
[2441805100691456921718404359660898189267483867706923338027870822119101337686599639112078456237021689936665211376857456546586744505172519300242495714950475550355431977651122489092152531230758667593419356038937118673307238493425251540124663900902225688409915721857880071552512238249322742 0 0 0 0 0 0 0 0 0 0 0 0 0 0 0 0 0 0 0 0 0 0 0 0 0 0 0 0 0 0 0 0 0 0 0 0 0 0 0 0 0 0 0 0 0 0 0 0 0 0 0 0 0 0 0 0 0 0 0 0 0 0 0 0 0 0 0 0 0 0 0 0 0 0 0 0 0 1 0 0 0 0 0 0 0 0 0 0 0 0 0 0 0 0]
[1694841860606268719530470757914744455120820479496024009349266607144189530848569899410992230903049253658512217003135465523050920244085228747292912514959384977589080024209308200284253886348661530079589179764603602463024764313415685658256797854770002632705282449940103174770917510676307577 0 0 0 0 0 0 0 0 0 0 0 0 0 0 0 0 0 0 0 0 0 0 0 0 0 0 0 0 0 0 0 0 0 0 0 0 0 0 0 0 0 0 0 0 0 0 0 0 0 0 0 0 0 0 0 0 0 0 0 0 0 0 0 0 0 0 0 0 0 0 0 0 0 0 0 0 0 0 1 0 0 0 0 0 0 0 0 0 0 0 0 0 0 0]
[133744116822804112341822509831286529839161652799929656867580998276450892555046924097170156664328876036541726916873675381779601418778600923421244256104323684022727078696490416826354291428750454161354588205457802464056817173411575086461290691991110735196755208634376321308821290609279388 0 0 0 0 0 0 0 0 0 0 0 0 0 0 0 0 0 0 0 0 0 0 0 0 0 0 0 0 0 0 0 0 0 0 0 0 0 0 0 0 0 0 0 0 0 0 0 0 0 0 0 0 0 0 0 0 0 0 0 0 0 0 0 0 0 0 0 0 0 0 0 0 0 0 0 0 0 0 0 1 0 0 0 0 0 0 0 0 0 0 0 0 0 0]
[1770502208287536888630568099430360908865896368290262386245623621554405894289244466298175505706216769505706842026136899117231201354803155176363306706439244454600910366907536375305902347104342697176437493578210862621957464729082061136760971384766488331476523044491522287726053341077086469 0 0 0 0 0 0 0 0 0 0 0 0 0 0 0 0 0 0 0 0 0 0 0 0 0 0 0 0 0 0 0 0 0 0 0 0 0 0 0 0 0 0 0 0 0 0 0 0 0 0 0 0 0 0 0 0 0 0 0 0 0 0 0 0 0 0 0 0 0 0 0 0 0 0 0 0 0 0 0 0 1 0 0 0 0 0 0 0 0 0 0 0 0 0]
[6367321506738302017647708804050416275313019291926621115596594064437865018548430990091860168579035908141829516345104332723106452576047645438628538250196289719991298432624067730240317390670942009568220306239318758562987808763549658427332933101524993991246538797467782345731564817422362610 0 0 0 0 0 0 0 0 0 0 0 0 0 0 0 0 0 0 0 0 0 0 0 0 0 0 0 0 0 0 0 0 0 0 0 0 0 0 0 0 0 0 0 0 0 0 0 0 0 0 0 0 0 0 0 0 0 0 0 0 0 0 0 0 0 0 0 0 0 0 0 0 0 0 0 0 0 0 0 0 0 1 0 0 0 0 0 0 0 0 0 0 0 0]
[362386486622203287945719952522337348382549532824991004054297048147537170669688637981700016554241779731529353983502550678341289995945129866798780241117125080624739039357886058650595296335619997075891585298133457654121436905981750324435307680137360033489699245497672379387698289630365239 0 0 0 0 0 0 0 0 0 0 0 0 0 0 0 0 0 0 0 0 0 0 0 0 0 0 0 0 0 0 0 0 0 0 0 0 0 0 0 0 0 0 0 0 0 0 0 0 0 0 0 0 0 0 0 0 0 0 0 0 0 0 0 0 0 0 0 0 0 0 0 0 0 0 0 0 0 0 0 0 0 0 1 0 0 0 0 0 0 0 0 0 0 0]
[5105669919466069404805417315387772326591833281435779645860435724561606097939008917285358918829274146454171506290086060999913999968470319982554322179203871199072079745167748843567623578669705551061243103201300660887991245912713964614354583729163626766645389238822617920171316692075163893 0 0 0 0 0 0 0 0 0 0 0 0 0 0 0 0 0 0 0 0 0 0 0 0 0 0 0 0 0 0 0 0 0 0 0 0 0 0 0 0 0 0 0 0 0 0 0 0 0 0 0 0 0 0 0 0 0 0 0 0 0 0 0 0 0 0 0 0 0 0 0 0 0 0 0 0 0 0 0 0 0 0 0 1 0 0 0 0 0 0 0 0 0 0]
[821417787332807317668699997939078955009220546544363186623016100915584016673487604783322017265870612947462968481627244266731882371716892947325734961875205685655327079440161988674912769773991380351886441218391722341401518942547507704238285201843414431549874705698732568574633297038891142 0 0 0 0 0 0 0 0 0 0 0 0 0 0 0 0 0 0 0 0 0 0 0 0 0 0 0 0 0 0 0 0 0 0 0 0 0 0 0 0 0 0 0 0 0 0 0 0 0 0 0 0 0 0 0 0 0 0 0 0 0 0 0 0 0 0 0 0 0 0 0 0 0 0 0 0 0 0 0 0 0 0 0 0 1 0 0 0 0 0 0 0 0 0]
[6549007955656588875775493015976198248735522837779308287446244331721229721612149393295779801171285560263122156461682496041173002950535852746177982305075044828978395573006364478241328473181966952533217299935202089222815119159996246377670262303564584088798283698663065910152759876486074768 0 0 0 0 0 0 0 0 0 0 0 0 0 0 0 0 0 0 0 0 0 0 0 0 0 0 0 0 0 0 0 0 0 0 0 0 0 0 0 0 0 0 0 0 0 0 0 0 0 0 0 0 0 0 0 0 0 0 0 0 0 0 0 0 0 0 0 0 0 0 0 0 0 0 0 0 0 0 0 0 0 0 0 0 0 1 0 0 0 0 0 0 0 0]
[380944476705755355606223107852780617479401055631435723549695414403961235518615664354299652821502277067728355440380309637499419763543268742301023633068935474613787622648353202772449993241404673245255076232848527983502985613256839748954201115226956074545923881288396006854580457181787569 0 0 0 0 0 0 0 0 0 0 0 0 0 0 0 0 0 0 0 0 0 0 0 0 0 0 0 0 0 0 0 0 0 0 0 0 0 0 0 0 0 0 0 0 0 0 0 0 0 0 0 0 0 0 0 0 0 0 0 0 0 0 0 0 0 0 0 0 0 0 0 0 0 0 0 0 0 0 0 0 0 0 0 0 0 0 1 0 0 0 0 0 0 0]
[4281148380154506246889894804031254676451269480089736525973947552191438022108742280097792424871044533624977179262423281213523276274715278274238541475174662004475228659741365120797613786006339024133034043233539934006990706702103545805993340268328967939007132286460323734531580707338338385 0 0 0 0 0 0 0 0 0 0 0 0 0 0 0 0 0 0 0 0 0 0 0 0 0 0 0 0 0 0 0 0 0 0 0 0 0 0 0 0 0 0 0 0 0 0 0 0 0 0 0 0 0 0 0 0 0 0 0 0 0 0 0 0 0 0 0 0 0 0 0 0 0 0 0 0 0 0 0 0 0 0 0 0 0 0 0 1 0 0 0 0 0 0]
[156400507367303523470624240342566335794207534466128737459675463065459714870546511272244800076280280741057617054878472772842791203448787574086396571614360791373473150279328463170152901563038063485003809953665552474332578128917791188318734257192060868036941728132502371767047545847598486 0 0 0 0 0 0 0 0 0 0 0 0 0 0 0 0 0 0 0 0 0 0 0 0 0 0 0 0 0 0 0 0 0 0 0 0 0 0 0 0 0 0 0 0 0 0 0 0 0 0 0 0 0 0 0 0 0 0 0 0 0 0 0 0 0 0 0 0 0 0 0 0 0 0 0 0 0 0 0 0 0 0 0 0 0 0 0 0 1 0 0 0 0 0]
[7807683401760516466663700220421147025603476940889798268203887629666513110060558306250982487323451661685884939610701106628816843516648164347281597281412799195985348279952197553466503224767085783862587978539763563790927510629513877555228004145690218059077682632152769773634801444631575705 0 0 0 0 0 0 0 0 0 0 0 0 0 0 0 0 0 0 0 0 0 0 0 0 0 0 0 0 0 0 0 0 0 0 0 0 0 0 0 0 0 0 0 0 0 0 0 0 0 0 0 0 0 0 0 0 0 0 0 0 0 0 0 0 0 0 0 0 0 0 0 0 0 0 0 0 0 0 0 0 0 0 0 0 0 0 0 0 0 1 0 0 0 0]
[6227166480407867472777919041234698934358453671764531787849899042457235400187137767016549283771390313795269580031562040833467568883953929662086276358591324742409591886423274225131847038088920330581126621401308052724229729452285217399187284273879964710190518742897970222384976509064227040 0 0 0 0 0 0 0 0 0 0 0 0 0 0 0 0 0 0 0 0 0 0 0 0 0 0 0 0 0 0 0 0 0 0 0 0 0 0 0 0 0 0 0 0 0 0 0 0 0 0 0 0 0 0 0 0 0 0 0 0 0 0 0 0 0 0 0 0 0 0 0 0 0 0 0 0 0 0 0 0 0 0 0 0 0 0 0 0 0 0 1 0 0 0]
[7776343790150289578741108608101306047008443672397941281424110866317247369161941295317405395164359142676274110695909279429113156957178102547023277902345274846487443272342694744917073912111193005926919702861319045695430659044861684688585972825299819226173434112782642817886582025604150864 0 0 0 0 0 0 0 0 0 0 0 0 0 0 0 0 0 0 0 0 0 0 0 0 0 0 0 0 0 0 0 0 0 0 0 0 0 0 0 0 0 0 0 0 0 0 0 0 0 0 0 0 0 0 0 0 0 0 0 0 0 0 0 0 0 0 0 0 0 0 0 0 0 0 0 0 0 0 0 0 0 0 0 0 0 0 0 0 0 0 0 1 0 0]
[3243373600626196423966423355106792850885235310269439775751747783673310714270413243857285521521233458155060572114229177460866149568999423020107672307528087381872219527803590865601642254647968879764978254621286733467655171616427695484632953749999707289693718711752117325022690177587811737 0 0 0 0 0 0 0 0 0 0 0 0 0 0 0 0 0 0 0 0 0 0 0 0 0 0 0 0 0 0 0 0 0 0 0 0 0 0 0 0 0 0 0 0 0 0 0 0 0 0 0 0 0 0 0 0 0 0 0 0 0 0 0 0 0 0 0 0 0 0 0 0 0 0 0 0 0 0 0 0 0 0 0 0 0 0 0 0 0 0 0 0 1 0]
[5264888219030025491943892747365975901729453915272644753618790671152583228633771625207952383533257518631336304193176219139334975910803864212540126250703554337268651396955903282925973867601371101271751659139377349405250005364374983736019690704165074148097202896442778532722488740399401530 0 0 0 0 0 0 0 0 0 0 0 0 0 0 0 0 0 0 0 0 0 0 0 0 0 0 0 0 0 0 0 0 0 0 0 0 0 0 0 0 0 0 0 0 0 0 0 0 0 0 0 0 0 0 0 0 0 0 0 0 0 0 0 0 0 0 0 0 0 0 0 0 0 0 0 0 0 0 0 0 0 0 0 0 0 0 0 0 0 0 0 0 0 1]
]
