[[81 -150 332 1168 -146 -219 529 239 143 648 34 -670 -448 673 -223 -588 176 -608 -554 -492 412 119 19 2 77 -194 78 755 31 522 234 80 -72 -619 -312 -579 593 110 266 -550 1001 -313 -186 -166 -199 -217 301 78 -610 158 317 -31 -255 -397 189 -166 -113 -11 -13 0]
[-472 -782 87 82 394 708 -423 -330 401 -515 -510 -115 -138 64 -75 -973 -520 -127 -463 -699 -558 -311 160 -37 -183 1140 -567 -74 544 156 385 -276 -64 -42 -233 -516 -322 374 -285 -337 356 218 -410 -184 -4 -56 -234 -224 601 -341 -716 255 -207 -620 -79 -413 -405 -237 -10 0]
[-129 -64 4 149 -442 289 -309 -771 23 -195 -680 -349 362 191 -188 -769 17 24 273 -752 116 -818 -216 349 -361 731 -211 -647 111 137 -40 89 241 -487 626 -364 -176 501 -612 -485 -174 260 -79 12 -577 -682 -279 171 713 61 66 826 398 -483 1038 -296 83 -127 24 0]
[1000 339 -138 608 -99 -243 691 -234 124 -247 740 -159 -416 13 -545 391 236 38 883 125 533 84 -153 583 -268 -128 66 -10 122 -694 -507 124 58 128 640 -215 11 514 119 386 -34 894 274 301 -438 141 -380 887 -291 810 483 -128 -185 520 446 -79 -272 31 152 0]
[40 -126 -746 308 320 693 549 -503 450 449 198 -288 -325 -443 -203 -510 -192 -499 -432 -649 -714 -213 -137 378 79 23 -130 77 407 -223 -406 -375 -271 117 -351 -349 58 328 581 696 59 235 270 -93 -153 438 304 301 -143 868 1044 446 317 200 290 272 -260 14 152 0]
[-339 -47 72 -82 304 135 657 1134 -128 -226 392 838 -3 788 -65 390 -9 230 92 720 -553 -39 -494 -602 459 173 161 610 -390 247 777 522 -123 -208 -64 306 -4 -379 -639 149 -156 -10 -627 -59 98 -236 -312 -227 207 -716 -556 -696 128 638 -186 -482 93 165 -24 0]
[559 33 66 -329 -535 -113 -680 -700 -146 -445 256 137 43 387 11 609 -29 343 331 -524 732 630 -128 306 -337 -819 240 -370 -405 -343 -848 -293 373 137 82 985 -209 -296 303 -325 -624 -373 354 169 539 -701 131 13 19 737 -76 302 394 63 -6 198 351 -195 -129 0]
[-228 -179 247 -147 206 -196 -325 -772 93 506 -257 94 963 -420 36 -71 -291 -517 190 -14 394 387 172 107 460 -557 -52 -389 -526 -184 -1173 -42 -122 -210 -488 524 -398 -1097 761 -48 -882 -476 516 -268 618 -298 225 -382 -519 -117 904 442 671 -57 -217 584 271 -246 -445 -1]
[-188 241 -263 80 -412 -6 -60 174 -328 -73 -384 -156 366 493 615 -584 355 -283 -469 -537 -361 116 296 -514 -223 -586 -50 -309 -250 408 514 184 459 -357 -180 10 656 -41 -923 -237 405 -724 -642 -402 -597 155 367 -513 405 169 -434 -431 -617 59 -85 -63 528 -41 -237 -26]
[74 216 244 -462 -379 -276 -314 353 -408 639 3 -8 -583 -425 -70 1087 -107 56 55 761 691 425 719 -374 -39 -979 802 -307 82 308 269 -78 96 -210 -96 256 681 -4 92 -30 724 -743 116 -289 161 157 276 -46 -707 -439 -304 -504 558 -219 -622 -581 13 248 247 -74]
[-701 561 737 -464 -433 -244 173 175 109 670 -428 85 184 -45 -131 507 266 355 673 642 0 -821 79 -402 -93 -726 643 -648 -898 56 346 178 394 -784 553 -91 -252 19 -202 -583 226 -148 126 -137 -610 -319 -312 -379 176 -492 266 157 343 264 501 -760 -55 292 330 -81]
[-280 415 380 411 -5 -172 258 406 101 -123 504 -712 -101 601 -234 -231 398 294 -225 -151 290 -281 -675 504 -588 96 -96 -37 -496 -127 211 -509 -475 97 524 -84 -724 263 464 -808 -38 485 145 264 33 -546 105 275 18 167 -352 193 283 60 672 -347 433 331 -9 2]
[-332 529 526 -167 -569 336 267 62 -214 820 22 753 229 -698 -447 200 319 -147 509 463 384 -812 -146 -587 631 -412 406 389 -61 110 195 902 -433 -818 335 -18 435 -505 -401 131 157 -236 432 273 -462 -481 -195 -64 -343 -385 879 149 734 -125 459 216 136 283 30 36]
[-154 -202 -119 -433 270 -935 163 1136 -410 180 317 423 292 287 300 317 -442 269 -646 523 -119 274 -1190 27 364 661 -92 128 15 162 -707 56 -42 419 37 143 -235 -388 179 -2 -449 -170 -153 194 882 -478 441 -215 -48 -168 -387 -108 819 235 -41 303 655 -362 -111 107]
[176 365 326 271 -539 -138 199 578 222 69 45 234 -295 33 -37 227 181 574 234 467 622 50 -337 -452 429 583 -144 343 36 -54 -335 314 102 -121 364 -376 605 133 -415 -42 720 -574 -91 584 -11 -680 -12 161 -214 -733 -280 -84 1002 -585 -5 413 -345 -157 42 26]
[-253 -39 -581 -488 536 733 -340 73 119 -763 68 -131 -409 -187 287 235 -373 96 -68 -685 -569 -56 563 -276 -358 456 59 -402 595 -791 814 -159 -609 292 -449 137 33 696 -290 345 -341 375 -1012 -142 -84 214 482 -74 29 -152 -776 -665 -377 672 -959 -323 -86 -49 73 9]
[445 197 -654 1223 517 1308 479 -361 108 -434 -15 -617 -271 549 -91 -1073 -193 -96 -239 26 -554 120 -412 402 135 407 -742 -122 157 -343 143 -454 -225 585 -66 -41 -33 259 -168 168 588 393 -444 -260 -475 952 -114 551 361 452 -311 402 188 -44 504 354 173 -28 -85 -26]
[-295 -537 248 534 603 1001 -346 359 87 144 145 -140 -878 396 109 -139 158 232 -697 -48 172 -276 86 -419 430 382 -208 1147 378 308 703 -87 -296 -131 -877 -247 -222 -672 95 -587 549 -22 -284 -408 -20 -342 336 75 -663 -135 -602 226 -305 -610 -439 121 -349 421 135 8]
[-273 314 -250 -356 -113 377 -713 -658 2 -692 410 -359 46 -247 -74 -14 -260 -112 132 -980 -343 498 103 -122 -1084 -838 164 64 308 -253 196 -92 -716 226 -277 364 26 -3 335 -413 -673 -44 -504 56 448 487 182 301 -370 507 -428 -294 -444 190 -728 -167 463 40 -227 -3]
[-166 195 -244 -187 -702 -781 -8 188 429 984 -41 -475 25 165 229 510 256 423 -357 -810 -15 170 -218 -373 -161 -484 624 -54 -726 728 -351 -84 669 -750 -102 85 728 81 149 -563 59 -897 -608 31 -88 -350 753 441 -191 406 781 754 569 157 94 140 129 373 0 4]
[-91 144 -334 -513 -665 -229 -89 -527 -31 36 71 738 302 324 163 292 547 -330 619 -110 282 -433 -175 115 562 -51 263 458 -154 153 -97 -49 84 39 239 719 -447 -559 -188 404 -384 -329 723 223 461 -1186 175 -333 -32 38 587 497 162 35 432 251 -253 149 250 99]
[-72 -114 472 661 620 -767 875 477 715 191 647 469 -52 35 -544 -711 35 -852 227 651 -242 86 -348 -178 748 -500 200 581 -67 78 -188 301 -218 8 -267 -551 -198 -27 114 332 818 456 154 202 -469 466 -501 -175 -162 232 488 -787 -1508 723 -77 467 -168 -504 33 82]
[-102 -710 -1 -723 883 506 -145 195 -224 585 130 270 -142 -219 -673 281 -770 131 -614 738 -427 -235 -288 64 998 -79 335 -559 12 -140 -811 -352 155 35 -861 1018 -707 -820 390 298 -353 -268 126 -388 388 -690 22 133 178 -73 238 99 1388 239 64 -159 310 -162 -176 -95]
[612 254 -360 327 -672 55 282 -435 676 55 -225 -66 -749 1345 -642 177 78 -240 708 -362 103 151 -443 419 -321 -401 665 88 41 186 -134 -197 575 282 659 -182 431 398 -92 -391 460 -610 -292 404 -415 -538 -339 474 -286 351 57 86 156 31 911 -261 -55 -270 266 1]
[-619 82 -131 -687 270 492 -502 -650 337 245 -640 -279 443 -1408 196 -251 -435 112 -447 -462 -14 -644 84 -258 532 817 -351 -705 183 275 243 -22 -733 17 -473 61 246 276 316 436 117 -494 207 146 283 -532 183 -231 283 -1197 249 494 461 -832 -599 245 -509 -503 218 -85]
[-92 -86 -96 658 364 -552 599 183 -135 163 463 -1045 316 384 -285 -894 82 -25 -366 -686 -140 -28 -757 757 -482 -135 147 -672 -311 215 -719 242 209 -280 554 -627 -22 694 94 -637 -132 254 70 -80 -421 60 -299 560 -42 865 -19 60 -647 -50 379 178 101 -573 -136 -22]
[-19 -611 -617 -580 92 25 -290 -218 -146 -198 -612 504 291 -1128 936 -361 -38 155 -336 -625 -708 -301 -313 -278 -310 629 -921 -46 -7 582 -70 370 354 -127 -335 -111 -484 -324 -239 248 -654 395 -36 -319 -260 236 -295 -177 453 377 352 341 -647 -320 -42 -322 60 1 -77 -131]
[-82 -579 210 506 263 78 -125 -63 -50 -387 51 223 249 254 -409 -351 508 -464 504 -437 620 385 2 438 -582 939 -140 411 73 185 -46 38 29 -388 631 -148 -944 -189 -885 -789 25 280 -171 163 68 -437 -301 361 -387 512 -618 352 -265 -407 297 -711 292 350 -504 95]
[-311 444 486 -580 -150 -720 396 263 -136 924 -7 -828 -199 222 96 777 26 173 -631 -66 -204 54 76 -441 -395 -1078 319 512 -578 377 712 163 -118 -136 347 72 560 45 1015 -572 80 -395 -251 425 574 -217 654 42 -794 -520 639 -59 -445 307 -473 1 -14 539 38 -86]
[-231 -447 442 594 1011 33 882 218 297 81 272 -160 -480 127 220 -467 -353 13 559 310 -730 -633 -891 -331 261 914 -739 979 202 -396 400 357 -53 253 -38 -410 -654 -50 256 -215 -251 1402 -542 -637 -45 579 -39 72 -338 -480 77 365 -672 59 -331 -143 -793 -247 488 7]
[-296 710 66 -277 -416 296 -333 -146 -621 509 -459 -178 44 -478 67 -13 -13 -418 742 -75 235 -962 -519 -258 -240 358 374 228 281 602 227 515 -671 -129 -112 128 149 186 -232 -73 -392 162 -665 -334 -384 -89 -12 -67 12 -652 594 408 677 -148 349 -255 501 47 372 32]
[-778 -467 523 -476 4 -332 -192 72 92 197 -770 -489 860 134 -17 -167 -239 -180 25 -77 -9 -294 394 -252 -397 -521 -445 -1443 -341 51 -220 231 559 -471 539 -1068 -468 -410 -193 -951 -472 -257 -84 -336 256 -255 -460 -157 -403 -716 -628 -380 137 -164 74 -1023 167 -313 -228 -109]
[275 -28 492 181 42 362 141 384 148 -579 -436 182 -744 1143 274 375 -115 240 -656 -281 99 572 -179 -134 -126 527 -319 836 -92 331 19 -360 931 19 -90 -113 -30 285 -143 -339 1513 -245 -28 114 230 -762 -256 -157 313 296 -686 -24 -634 -294 -490 -603 -1136 167 221 -99]
[202 253 -667 734 326 -391 76 -625 184 703 273 -736 255 223 147 -666 259 -954 276 14 -485 -52 -232 987 -34 496 55 266 808 114 372 20 -850 510 166 -442 17 166 849 130 -615 396 -153 -389 76 1088 174 462 -454 -34 437 354 -634 -136 212 424 414 -125 83 177]
[220 99 -37 789 -177 528 345 -29 -28 -365 -114 -49 -1084 834 -28 329 -102 225 -696 -650 -397 494 645 -49 279 -988 154 476 -166 -581 445 -157 4 -46 -318 496 255 404 300 -21 468 -152 172 -79 193 -8 303 -72 -6 852 365 -487 -564 -67 -197 379 -105 445 -193 -118]
[-451 -157 -35 -602 -47 32 12 -79 -380 320 -498 606 144 -302 -500 -158 -305 315 989 920 337 -369 -403 -45 1176 166 531 -39 73 -456 88 738 -276 -441 528 843 10 117 -188 481 132 208 254 905 -379 -487 -309 -7 -325 -131 467 226 725 333 773 897 -7 21 -271 77]
[-112 -556 244 468 -31 -210 -38 625 -420 -219 976 -618 13 698 -67 61 623 -50 -667 -364 950 597 237 97 338 121 -582 874 37 -121 50 -91 -281 -581 -366 531 15 -487 402 -154 304 129 -438 -142 813 -768 443 663 -1016 128 -102 -543 -217 208 -597 -157 72 564 -451 -27]
[45 -494 -503 895 8 67 990 568 -321 389 229 345 -229 -70 -720 31 -66 -803 -219 678 -412 -161 556 45 578 -902 539 563 -171 479 -293 184 -107 -572 -612 54 28 -61 213 962 -131 79 -56 -744 -38 688 -791 106 -499 267 1044 -894 52 200 130 -288 -408 44 240 -171]
[120 -738 -136 329 522 601 322 -89 202 -112 229 270 -560 451 -263 -515 -12 -156 537 -839 -253 727 16 -300 -565 31 -369 626 211 312 -205 281 398 -719 -37 -173 113 82 -229 24 -485 318 -620 -138 -988 59 -234 362 -124 214 -35 106 223 361 -260 -488 -228 543 -601 -51]
[643 -83 110 -497 -97 -540 -252 -173 -835 -136 329 419 -22 346 480 740 -294 -32 121 884 615 556 -26 -241 549 -565 -239 -212 483 112 239 383 580 386 165 354 390 -255 -682 404 125 153 643 -699 86 527 -234 -86 299 382 -738 -824 -860 -312 -575 425 -102 -180 228 11]
[-360 375 -5 -43 -308 662 562 530 -382 -378 47 -255 -52 41 -272 -412 -53 123 -715 -1495 -973 -622 -715 -174 -649 -513 343 -409 -107 -223 229 368 8 -9 252 209 0 189 -379 -304 -220 269 -687 -449 -610 -161 118 389 123 753 257 -119 -121 240 334 -221 684 -376 9 28]
[-164 297 -86 606 321 95 -158 -587 538 -59 -277 -815 261 562 285 -1186 -385 -598 -318 -502 24 -147 -589 -322 -12 410 -1022 -235 274 -235 -755 -258 -229 -346 -415 -785 -217 96 513 -704 729 113 -752 -528 127 -330 496 15 -760 -313 -294 99 30 115 -512 -570 -169 -671 103 -259]
[175 458 457 -734 16 -304 -476 897 56 -101 405 642 -641 -581 -349 1223 -239 679 -313 40 171 -567 -123 -749 -166 -316 527 -209 28 -339 89 210 -101 260 93 27 159 133 -21 -390 85 472 -185 262 -171 -248 41 132 -165 64 -432 -496 438 705 97 -114 378 499 8 76]
[-452 -796 -431 194 119 -130 552 1234 -517 658 188 116 -410 297 411 -110 663 9 -1187 -766 -400 277 67 15 98 252 197 708 161 739 86 161 29 -314 -261 -214 484 2 -529 221 69 -511 -589 191 -577 -202 797 -715 -147 403 123 -332 -5 -561 45 694 438 336 -161 135]
[-483 542 -270 487 -411 392 458 507 90 577 -71 524 540 836 485 -366 440 -333 -186 -291 -782 85 -193 -493 462 -453 19 -21 -335 103 -485 -51 88 -446 126 -167 -199 -608 -484 -300 -86 -398 -243 -688 -401 210 328 -118 -46 6 -13 -212 700 -75 271 182 530 -127 3 3]
[-605 -611 -310 -476 1153 -161 -829 458 -216 -149 -249 311 -253 -73 730 555 -242 819 -459 819 -73 -223 101 367 279 462 -86 -354 -264 165 608 -42 -608 789 -758 25 -363 -200 443 -99 -567 496 -64 -278 190 275 267 -263 -165 -619 -608 -305 -475 -178 29 201 788 329 198 -161]
[-223 615 -736 -283 -264 -104 -356 758 -681 489 -241 -386 243 155 715 123 108 305 -586 281 -336 -440 -877 484 547 97 948 -388 -76 212 -395 -36 -664 295 -24 64 216 560 260 513 -288 36 249 259 609 223 644 -613 305 -338 219 245 775 679 486 1097 566 -261 469 120]
[-638 188 131 196 364 -693 25 348 -84 -369 103 840 486 -518 -228 -473 -52 -235 641 671 29 -175 -735 -110 241 410 -42 379 450 27 -137 586 -504 401 594 -263 -705 -496 -468 248 -44 509 442 274 233 328 -16 -151 347 -383 -103 87 46 -108 596 357 651 -216 -120 421]
[304 606 131 -195 -239 -488 728 879 26 -5 161 -474 24 973 112 18 234 -497 -403 -83 -331 -116 -120 -431 -298 -748 54 376 -347 428 605 330 -143 -75 47 -325 562 386 327 -33 -170 73 -389 319 87 -187 -185 -78 26 -5 245 -1149 -748 654 -214 -250 -384 191 452 96]
[156 273 223 155 -412 -560 -229 518 -553 611 775 209 -742 -744 -452 79 -208 -147 -126 539 821 506 -648 63 -449 -593 598 671 297 555 -79 41 -617 -118 -298 346 771 -15 477 -260 1026 -208 -36 100 378 768 353 -209 -780 69 55 -236 588 -456 -676 -337 453 -314 633 -97]
[99 668 -123 306 -214 -374 69 -234 386 178 -575 164 887 575 77 339 380 -172 459 -180 573 130 -444 -457 316 -237 -239 -235 52 221 -336 954 463 -30 -112 135 789 255 -403 246 -246 -770 -744 -122 130 -540 245 -24 -10 -543 541 91 316 -70 91 201 796 -614 -253 100]
[-405 -429 -202 -461 -967 92 -484 -817 345 -441 -108 -43 -35 -151 -259 -674 -270 -283 -215 -1266 189 -34 476 68 -887 80 -287 -286 14 676 108 -194 -98 -299 1022 -777 55 131 -549 -842 839 -253 -31 126 -161 38 75 257 10 221 -517 211 -299 -920 188 302 -208 351 -183 -106]
[475 -373 -140 -47 -745 -1632 -180 689 -518 -119 126 -208 180 124 258 137 584 -290 229 67 -59 -104 427 -188 -397 -484 155 -133 46 -180 -141 206 705 -258 320 -114 287 -81 -532 -243 178 -138 -800 -475 94 468 113 271 -546 76 -323 -614 -69 -110 74 -797 -135 147 -5 -238]
[-87 588 146 -2 68 -295 -125 638 -208 -25 -265 397 -303 -84 -113 638 -122 261 -451 180 394 -212 -449 -20 -116 867 -249 -86 896 -788 747 -235 -554 228 367 -233 -118 721 13 -15 261 898 -120 674 -10 664 182 -70 219 565 -745 -139 -328 932 119 145 710 218 -58 185]
[432 -681 24 -147 132 -220 -764 -271 126 -509 -813 362 -235 86 374 -331 207 395 355 432 669 12 -204 247 569 870 -188 -477 -131 -126 -352 -124 294 368 580 263 -622 256 -421 -467 -435 122 -30 187 461 -589 471 -56 -315 -341 -454 1086 242 -448 219 832 -113 -603 156 293]
[403 -348 -233 768 180 133 139 -150 518 -199 204 -424 -28 1024 -204 322 471 557 -11 -556 179 -93 32 271 -453 556 251 -329 -120 -470 -69 -56 126 -158 -37 -664 147 780 -77 -280 -468 121 -251 -57 -111 -511 156 585 136 414 9 46 -640 398 381 -137 -109 82 154 -328]
[-554 229 518 -137 -96 139 93 363 325 132 15 500 -488 505 -323 52 -373 -261 291 -73 76 -297 -96 -412 396 -142 784 894 66 -377 119 191 112 -533 -1000 -26 362 -607 407 33 -246 -247 366 214 -62 -833 229 -474 -740 71 559 -361 493 406 267 -60 -109 98 -88 -25]
[-658 344 304 -630 266 -532 -51 391 630 -304 -300 -183 393 -1208 453 782 264 822 -562 14 -248 -196 -273 -444 123 304 -422 115 86 -545 121 -120 14 798 -302 -70 226 -160 765 60 -35 -87 -359 391 413 655 263 41 33 -341 -182 -15 -369 -204 -704 553 -292 319 230 -17]
[268 -362 -221 -822 -499 536 -150 -445 81 -717 196 -26 -501 301 -100 160 147 344 690 -782 -340 -845 -92 162 -741 431 -281 -637 4 -687 464 -243 306 383 600 342 -499 1187 -513 -209 -62 311 -570 252 62 -504 -587 -111 326 -472 -359 -516 39 -33 -67 -489 -413 -402 51 -223]
[-427 141 -171 -425 -146 -186 -269 -482 313 603 169 587 779 -564 -225 26 95 -571 -224 -97 -253 -337 -211 -397 504 -134 212 86 -183 220 -223 374 -145 -320 -70 371 471 -654 -331 388 -472 -179 634 -213 -212 -158 48 352 799 191 933 215 -259 -71 78 309 260 -59 -258 -102]
]