[[6202356720959001040332591318285379054671219630031501872816277647127353890115374310774936635325170976987631601155605647354924918524433973913557637481970597101220801577145759304818187390252537054401338236622621300084954043742018364595438162868007135815678683867618550340884055202515293881583509 0 0 0 0 0 0 0 0 0 0 0 0 0 0 0 0 0 0 0 0 0 0 0 0 0 0 0 0 0 0 0 0 0 0 0 0 0 0 0 0 0 0 0 0 0 0 0 0 0 0 0 0 0 0 0 0 0 0 0 0 0 0 0 0 0 0 0 0 0 0 0 0 0 0 0 0 0 0 0 0 0 0 0 0 0 0 0 0 0 0 0 0 0 0 0 0]
[5454486277759499333346938314277159528552114549582684020390929747078716931814081370857507010432322645387217774864070183732835299361762032633342231597261745946351253258447662100493348515111663161256457850270359134852608932410926119137808520399448062717427162453753325590296313651000579679362530 1 0 0 0 0 0 0 0 0 0 0 0 0 0 0 0 0 0 0 0 0 0 0 0 0 0 0 0 0 0 0 0 0 0 0 0 0 0 0 0 0 0 0 0 0 0 0 0 0 0 0 0 0 0 0 0 0 0 0 0 0 0 0 0 0 0 0 0 0 0 0 0 0 0 0 0 0 0 0 0 0 0 0 0 0 0 0 0 0 0 0 0 0 0 0 0]
[6159504471857656215151030061682419210144049759150825310654273419670141303441393796404795110368354814051586003707906158153586237419562049027503352538048036670716827861800277162530425629081528152994001981612215115507949344701532331998721627597879052609466626619925734155577083741795701500017902 0 1 0 0 0 0 0 0 0 0 0 0 0 0 0 0 0 0 0 0 0 0 0 0 0 0 0 0 0 0 0 0 0 0 0 0 0 0 0 0 0 0 0 0 0 0 0 0 0 0 0 0 0 0 0 0 0 0 0 0 0 0 0 0 0 0 0 0 0 0 0 0 0 0 0 0 0 0 0 0 0 0 0 0 0 0 0 0 0 0 0 0 0 0 0 0]
[442643188597098665599732849054443887945635584035223404154924697333543433713691297413759940364209108898970527468892162482276776385702321982092906563486492864918912344969241339152937596467509681443468145396826991066472060089352429063902575050906721416318211068386670926285884106899413342758524 0 0 1 0 0 0 0 0 0 0 0 0 0 0 0 0 0 0 0 0 0 0 0 0 0 0 0 0 0 0 0 0 0 0 0 0 0 0 0 0 0 0 0 0 0 0 0 0 0 0 0 0 0 0 0 0 0 0 0 0 0 0 0 0 0 0 0 0 0 0 0 0 0 0 0 0 0 0 0 0 0 0 0 0 0 0 0 0 0 0 0 0 0 0 0 0]
[5821491617131374171974970895671628248836907110419361827101271743008002879360147852665822686182979591370667294221021790787627926116730280448126838061844164641567694930856479218515500171792721639053131457319928828517339118646655790599350255489429254925323585415531149790310786908347465158807206 0 0 0 1 0 0 0 0 0 0 0 0 0 0 0 0 0 0 0 0 0 0 0 0 0 0 0 0 0 0 0 0 0 0 0 0 0 0 0 0 0 0 0 0 0 0 0 0 0 0 0 0 0 0 0 0 0 0 0 0 0 0 0 0 0 0 0 0 0 0 0 0 0 0 0 0 0 0 0 0 0 0 0 0 0 0 0 0 0 0 0 0 0 0 0 0]
[5798307296498227737036372026188557266434467751214016478738136408223302041003761418163030595451797195902289963741478635095358170439571918432706054004299007832631190132570344947199001817015493223412517869001234729750192865204519514044533456662781532264339960910917528435384399032101988899112882 0 0 0 0 1 0 0 0 0 0 0 0 0 0 0 0 0 0 0 0 0 0 0 0 0 0 0 0 0 0 0 0 0 0 0 0 0 0 0 0 0 0 0 0 0 0 0 0 0 0 0 0 0 0 0 0 0 0 0 0 0 0 0 0 0 0 0 0 0 0 0 0 0 0 0 0 0 0 0 0 0 0 0 0 0 0 0 0 0 0 0 0 0 0 0 0]
[3920872877965029196315953142006496094888453833102431788014338679077183763578583145789400104787439683255491874744008911977577384183121838843687758599051037703055748895182021399675010793346660776311155755181221597328907937073351709825579826901004025334296527005121593233752503116383235844578279 0 0 0 0 0 1 0 0 0 0 0 0 0 0 0 0 0 0 0 0 0 0 0 0 0 0 0 0 0 0 0 0 0 0 0 0 0 0 0 0 0 0 0 0 0 0 0 0 0 0 0 0 0 0 0 0 0 0 0 0 0 0 0 0 0 0 0 0 0 0 0 0 0 0 0 0 0 0 0 0 0 0 0 0 0 0 0 0 0 0 0 0 0 0 0 0]
[821771075443046747661937631342260245292582630309193563782741561672202549304038883597029229323065596535391977589135782446737611414166739427372984942991518907057920410955795111880721424677145831343831945910552006230021798169117499833311498184092718621611028549158359206832630973908461886640427 0 0 0 0 0 0 1 0 0 0 0 0 0 0 0 0 0 0 0 0 0 0 0 0 0 0 0 0 0 0 0 0 0 0 0 0 0 0 0 0 0 0 0 0 0 0 0 0 0 0 0 0 0 0 0 0 0 0 0 0 0 0 0 0 0 0 0 0 0 0 0 0 0 0 0 0 0 0 0 0 0 0 0 0 0 0 0 0 0 0 0 0 0 0 0 0]
[1783919993488722223548567360746386628321306264936639316650607772629664385205185034716651207760967352309610674751087294728011102286466363687418819596173602661728300720851231960710746308997486226885985592835426856833765197764943484529361137706871390507988698942200703762100079515922773189841989 0 0 0 0 0 0 0 1 0 0 0 0 0 0 0 0 0 0 0 0 0 0 0 0 0 0 0 0 0 0 0 0 0 0 0 0 0 0 0 0 0 0 0 0 0 0 0 0 0 0 0 0 0 0 0 0 0 0 0 0 0 0 0 0 0 0 0 0 0 0 0 0 0 0 0 0 0 0 0 0 0 0 0 0 0 0 0 0 0 0 0 0 0 0 0 0]
[3449108073395400805643525878416765173759697577524690075544115413839073972060750015951556783717505573171144593283446573275402066960951535014191036713032343035252479997553597687031519828858146653626205399422933707022798469779127967095255613430904602933922523850195838486414695357114042324989924 0 0 0 0 0 0 0 0 1 0 0 0 0 0 0 0 0 0 0 0 0 0 0 0 0 0 0 0 0 0 0 0 0 0 0 0 0 0 0 0 0 0 0 0 0 0 0 0 0 0 0 0 0 0 0 0 0 0 0 0 0 0 0 0 0 0 0 0 0 0 0 0 0 0 0 0 0 0 0 0 0 0 0 0 0 0 0 0 0 0 0 0 0 0 0 0]
[802579499458163701045219273561987691200867114050728076100387379564806650369099047768740227157820538372226155657437953493852691855394802222730977139944628533165208722936518480877758361055384876339804648709504717407213329216536634846209436029893279314146482694932061310655437398047371804718185 0 0 0 0 0 0 0 0 0 1 0 0 0 0 0 0 0 0 0 0 0 0 0 0 0 0 0 0 0 0 0 0 0 0 0 0 0 0 0 0 0 0 0 0 0 0 0 0 0 0 0 0 0 0 0 0 0 0 0 0 0 0 0 0 0 0 0 0 0 0 0 0 0 0 0 0 0 0 0 0 0 0 0 0 0 0 0 0 0 0 0 0 0 0 0 0]
[3620448946295250101455453766107647370364956297708751652021766195054862781579354642361949163805590850716507655214941250755047474607342294273863402209978410485062548721610973421934081383960286705824513941440164270158930690984114185184870074330478359848481526922475802062051520183903022237910971 0 0 0 0 0 0 0 0 0 0 1 0 0 0 0 0 0 0 0 0 0 0 0 0 0 0 0 0 0 0 0 0 0 0 0 0 0 0 0 0 0 0 0 0 0 0 0 0 0 0 0 0 0 0 0 0 0 0 0 0 0 0 0 0 0 0 0 0 0 0 0 0 0 0 0 0 0 0 0 0 0 0 0 0 0 0 0 0 0 0 0 0 0 0 0 0]
[215504054822466803012349959617357196823143684913089520776501994086170161872935849423184932870320461801950159968962484783105265308509653362238333872389169420034299369591589760907003672482504157928231349611404699273941756502616020080152010939463839826178851805568330071370865179392141209436124 0 0 0 0 0 0 0 0 0 0 0 1 0 0 0 0 0 0 0 0 0 0 0 0 0 0 0 0 0 0 0 0 0 0 0 0 0 0 0 0 0 0 0 0 0 0 0 0 0 0 0 0 0 0 0 0 0 0 0 0 0 0 0 0 0 0 0 0 0 0 0 0 0 0 0 0 0 0 0 0 0 0 0 0 0 0 0 0 0 0 0 0 0 0 0 0]
[544748700584341464834039701455473780452812733063448351763952717098297729979030052703293234391066084115733341243052245256545607562452773088176576205594412084949627983216952352603413320563399778746085877814388796187743658622082181434310424413367776577209853781105487671809224561896289281395249 0 0 0 0 0 0 0 0 0 0 0 0 1 0 0 0 0 0 0 0 0 0 0 0 0 0 0 0 0 0 0 0 0 0 0 0 0 0 0 0 0 0 0 0 0 0 0 0 0 0 0 0 0 0 0 0 0 0 0 0 0 0 0 0 0 0 0 0 0 0 0 0 0 0 0 0 0 0 0 0 0 0 0 0 0 0 0 0 0 0 0 0 0 0 0 0]
[3303349815868822736817718177339448043359015249818066078194745513199935385740975770987221149854411839569152146656621992059277558424410617089842633277519747031416415366327162009669037272148541793704333488719728180510515545013049470626152303716776766395774092261806896905022189954064335093695657 0 0 0 0 0 0 0 0 0 0 0 0 0 1 0 0 0 0 0 0 0 0 0 0 0 0 0 0 0 0 0 0 0 0 0 0 0 0 0 0 0 0 0 0 0 0 0 0 0 0 0 0 0 0 0 0 0 0 0 0 0 0 0 0 0 0 0 0 0 0 0 0 0 0 0 0 0 0 0 0 0 0 0 0 0 0 0 0 0 0 0 0 0 0 0 0]
[2072039791052264185049098931989508848363944541186915081612182009485235077180904144187723010114479070720512002809291228653007653652669954787506196582949054474944684785077983299908643079237550440477982318476480975936895579754985152190276973512479984319452606258627888560111417943564348768615610 0 0 0 0 0 0 0 0 0 0 0 0 0 0 1 0 0 0 0 0 0 0 0 0 0 0 0 0 0 0 0 0 0 0 0 0 0 0 0 0 0 0 0 0 0 0 0 0 0 0 0 0 0 0 0 0 0 0 0 0 0 0 0 0 0 0 0 0 0 0 0 0 0 0 0 0 0 0 0 0 0 0 0 0 0 0 0 0 0 0 0 0 0 0 0 0]
[1419868653443222349008651866831870335992125555607036445796380457990462226566590032042103725508741732218318838214767763768120291757332310130646962938739149392758602763554064308869555427956223535992170537454560628100857885915848117216661267105601678724580286091217926219264146062473492154458680 0 0 0 0 0 0 0 0 0 0 0 0 0 0 0 1 0 0 0 0 0 0 0 0 0 0 0 0 0 0 0 0 0 0 0 0 0 0 0 0 0 0 0 0 0 0 0 0 0 0 0 0 0 0 0 0 0 0 0 0 0 0 0 0 0 0 0 0 0 0 0 0 0 0 0 0 0 0 0 0 0 0 0 0 0 0 0 0 0 0 0 0 0 0 0 0]
[5913013530384151730915916990204500000078851310145643943571212902244215334154644946879207887008106057637784044796878759986685574248250996105772980369529253310004724230154410415772118710997322463326322118806320172796016304998947204748041539225367677481942807290514941646533014108243133470552299 0 0 0 0 0 0 0 0 0 0 0 0 0 0 0 0 1 0 0 0 0 0 0 0 0 0 0 0 0 0 0 0 0 0 0 0 0 0 0 0 0 0 0 0 0 0 0 0 0 0 0 0 0 0 0 0 0 0 0 0 0 0 0 0 0 0 0 0 0 0 0 0 0 0 0 0 0 0 0 0 0 0 0 0 0 0 0 0 0 0 0 0 0 0 0 0]
[2094584537325275579611850700928844217575049570916211141179518095022196468893666906138602135813040055897236552950000256246767101228852589844807200745396917262000382644978468917889400134664582227591091696846878556479404891517508614007541164538697433521120854923704386376527530665393828248859810 0 0 0 0 0 0 0 0 0 0 0 0 0 0 0 0 0 1 0 0 0 0 0 0 0 0 0 0 0 0 0 0 0 0 0 0 0 0 0 0 0 0 0 0 0 0 0 0 0 0 0 0 0 0 0 0 0 0 0 0 0 0 0 0 0 0 0 0 0 0 0 0 0 0 0 0 0 0 0 0 0 0 0 0 0 0 0 0 0 0 0 0 0 0 0 0]
[2955731424824565424076557748779392918081515134282228945083922832484473165701175663354042292205098512367733021952151050579391586881772163784434510706420925682435670981263346604675919235736822090323551074238492112623488891297501580208135481963052531217385690580159473380144613238492010665091787 0 0 0 0 0 0 0 0 0 0 0 0 0 0 0 0 0 0 1 0 0 0 0 0 0 0 0 0 0 0 0 0 0 0 0 0 0 0 0 0 0 0 0 0 0 0 0 0 0 0 0 0 0 0 0 0 0 0 0 0 0 0 0 0 0 0 0 0 0 0 0 0 0 0 0 0 0 0 0 0 0 0 0 0 0 0 0 0 0 0 0 0 0 0 0 0]
[448145746262651128442633261766580838146644417156720973189404494055296061191181941788576274950431968375228880522219203410835492631228445971066400992341443935839688794490234971189833219651945227651476051519166846744494636067158746350721649932789326038983532410449877203859156217142465658073032 0 0 0 0 0 0 0 0 0 0 0 0 0 0 0 0 0 0 0 1 0 0 0 0 0 0 0 0 0 0 0 0 0 0 0 0 0 0 0 0 0 0 0 0 0 0 0 0 0 0 0 0 0 0 0 0 0 0 0 0 0 0 0 0 0 0 0 0 0 0 0 0 0 0 0 0 0 0 0 0 0 0 0 0 0 0 0 0 0 0 0 0 0 0 0 0]
[2247126946178989868805158433759606932201548012229648713571950867230834950372063741051468604861248795086607277405238195542386961961546545522157583166761879232607614464051951179339972906432596451981584258230499120600883516252548756998163931069243889516464486479393316027884184871208972526570712 0 0 0 0 0 0 0 0 0 0 0 0 0 0 0 0 0 0 0 0 1 0 0 0 0 0 0 0 0 0 0 0 0 0 0 0 0 0 0 0 0 0 0 0 0 0 0 0 0 0 0 0 0 0 0 0 0 0 0 0 0 0 0 0 0 0 0 0 0 0 0 0 0 0 0 0 0 0 0 0 0 0 0 0 0 0 0 0 0 0 0 0 0 0 0 0]
[158212933745414896818400282019127662145331044687711208701007374452602209991234018671177763506987472016415717958543974833039562479533172821774602924344231343990359902652814964401321793728811867847446685364730815011380589626146898227996773506225382621715812974465349334551905398118921055968643 0 0 0 0 0 0 0 0 0 0 0 0 0 0 0 0 0 0 0 0 0 1 0 0 0 0 0 0 0 0 0 0 0 0 0 0 0 0 0 0 0 0 0 0 0 0 0 0 0 0 0 0 0 0 0 0 0 0 0 0 0 0 0 0 0 0 0 0 0 0 0 0 0 0 0 0 0 0 0 0 0 0 0 0 0 0 0 0 0 0 0 0 0 0 0 0]
[6019290580422837753859761886828933720381626699793060162017155106747382411086084286919275317788524883443425513335858523260641450274342826712538907370226659708187286803633600482758131062913534692298492505978933375387482601584849194926274845778588389393377113611652430186834141456310811307432285 0 0 0 0 0 0 0 0 0 0 0 0 0 0 0 0 0 0 0 0 0 0 1 0 0 0 0 0 0 0 0 0 0 0 0 0 0 0 0 0 0 0 0 0 0 0 0 0 0 0 0 0 0 0 0 0 0 0 0 0 0 0 0 0 0 0 0 0 0 0 0 0 0 0 0 0 0 0 0 0 0 0 0 0 0 0 0 0 0 0 0 0 0 0 0 0]
[907835430337424540914047865036194387813768551980288535903797844677286115538120666058343093527211130236939487560480959334689175589811948655515116511885958129215499164128411563668068459119245705173409554944880608944909013643065652489658155891309274499893596580007429257847514464871699918338643 0 0 0 0 0 0 0 0 0 0 0 0 0 0 0 0 0 0 0 0 0 0 0 1 0 0 0 0 0 0 0 0 0 0 0 0 0 0 0 0 0 0 0 0 0 0 0 0 0 0 0 0 0 0 0 0 0 0 0 0 0 0 0 0 0 0 0 0 0 0 0 0 0 0 0 0 0 0 0 0 0 0 0 0 0 0 0 0 0 0 0 0 0 0 0 0]
[442024475652750724874291891240665824067283449256350645224354387455646805597976131616367637170837799763655449070597094293077785137549179135995624232902040546060420692561376489270111448525060719715668045379292151865280127397840603086138149151117027190467562774488026604795615585573388663272501 0 0 0 0 0 0 0 0 0 0 0 0 0 0 0 0 0 0 0 0 0 0 0 0 1 0 0 0 0 0 0 0 0 0 0 0 0 0 0 0 0 0 0 0 0 0 0 0 0 0 0 0 0 0 0 0 0 0 0 0 0 0 0 0 0 0 0 0 0 0 0 0 0 0 0 0 0 0 0 0 0 0 0 0 0 0 0 0 0 0 0 0 0 0 0 0]
[4218673662283749438261358718770650995876022827467895254097777030698708104300910568211322405280543914280049514710619835985667557570751888024562141681114551950822229359061116859154259623069591582301768715974411838130211108207653960134019420036076738250461692992080626305426029805508626524165855 0 0 0 0 0 0 0 0 0 0 0 0 0 0 0 0 0 0 0 0 0 0 0 0 0 1 0 0 0 0 0 0 0 0 0 0 0 0 0 0 0 0 0 0 0 0 0 0 0 0 0 0 0 0 0 0 0 0 0 0 0 0 0 0 0 0 0 0 0 0 0 0 0 0 0 0 0 0 0 0 0 0 0 0 0 0 0 0 0 0 0 0 0 0 0 0]
[1474610393201460964525216078156271890715895320136126997173410451695258554944385303244142016213572867033828754774316367047436402444279418452804075430603029869566555323713889064706812069764389332296221784652212741831993963189381256963435016753075434249448889679298603035742894046031429255069465 0 0 0 0 0 0 0 0 0 0 0 0 0 0 0 0 0 0 0 0 0 0 0 0 0 0 1 0 0 0 0 0 0 0 0 0 0 0 0 0 0 0 0 0 0 0 0 0 0 0 0 0 0 0 0 0 0 0 0 0 0 0 0 0 0 0 0 0 0 0 0 0 0 0 0 0 0 0 0 0 0 0 0 0 0 0 0 0 0 0 0 0 0 0 0 0]
[3055214156145523495804161041129087302589206234715762124765694213727906137430485273564459964252088581733235640426809444908921140959743141245080135851253714704577708820955203608166684140722999438882798683191036830927583938414383282838183354080356518024207982433657867332936954004360211823445932 0 0 0 0 0 0 0 0 0 0 0 0 0 0 0 0 0 0 0 0 0 0 0 0 0 0 0 1 0 0 0 0 0 0 0 0 0 0 0 0 0 0 0 0 0 0 0 0 0 0 0 0 0 0 0 0 0 0 0 0 0 0 0 0 0 0 0 0 0 0 0 0 0 0 0 0 0 0 0 0 0 0 0 0 0 0 0 0 0 0 0 0 0 0 0 0]
[5323960238336687797061924620716133543554105321361386581494729239325414377736031781648359210266787561154593257260639977155528285884883239944628446145772972494116016209802688632705559890886605161623195141513541150186804508281211362132533675031381860696090322432240150987948752737072065678764197 0 0 0 0 0 0 0 0 0 0 0 0 0 0 0 0 0 0 0 0 0 0 0 0 0 0 0 0 1 0 0 0 0 0 0 0 0 0 0 0 0 0 0 0 0 0 0 0 0 0 0 0 0 0 0 0 0 0 0 0 0 0 0 0 0 0 0 0 0 0 0 0 0 0 0 0 0 0 0 0 0 0 0 0 0 0 0 0 0 0 0 0 0 0 0 0]
[159610980329409078225613052515085302139013759800583585536544920890652651999840566719502063906344177320226258460103621789063784627712045307339697151169786139361861868600780440109936340455317338749744049825404793132748374022270836165034996614688149165968766554315055496270427823131411976087042 0 0 0 0 0 0 0 0 0 0 0 0 0 0 0 0 0 0 0 0 0 0 0 0 0 0 0 0 0 1 0 0 0 0 0 0 0 0 0 0 0 0 0 0 0 0 0 0 0 0 0 0 0 0 0 0 0 0 0 0 0 0 0 0 0 0 0 0 0 0 0 0 0 0 0 0 0 0 0 0 0 0 0 0 0 0 0 0 0 0 0 0 0 0 0 0]
[5557330552143124813893052185501763041250836856067387604138187012139511299531801108200381324758294571604513281730353078951863107121106437727326417436014177788634674724683763594178446924121610122218252063356053789291135324840721397853153816138251551759061245652614529294380625167660814165288258 0 0 0 0 0 0 0 0 0 0 0 0 0 0 0 0 0 0 0 0 0 0 0 0 0 0 0 0 0 0 1 0 0 0 0 0 0 0 0 0 0 0 0 0 0 0 0 0 0 0 0 0 0 0 0 0 0 0 0 0 0 0 0 0 0 0 0 0 0 0 0 0 0 0 0 0 0 0 0 0 0 0 0 0 0 0 0 0 0 0 0 0 0 0 0 0]
[6037877296542431340042309272085851194460903892598338617199502164070525032265567167374557124218246855809013943819626483179384945631651396501089750298107787814360256682370790422524614702669795353239895706482911939879897631092911831627585697348305943506764488742827895891472117620694508438789406 0 0 0 0 0 0 0 0 0 0 0 0 0 0 0 0 0 0 0 0 0 0 0 0 0 0 0 0 0 0 0 1 0 0 0 0 0 0 0 0 0 0 0 0 0 0 0 0 0 0 0 0 0 0 0 0 0 0 0 0 0 0 0 0 0 0 0 0 0 0 0 0 0 0 0 0 0 0 0 0 0 0 0 0 0 0 0 0 0 0 0 0 0 0 0 0]
[2592325768043761332144168839174750567193174091996047969240926218214639206594602100992313050415591702325376793633172294477328880582093790388990325480865369380948487161103439606962058972098154524834062996600870102498316981693170161511323352004024577258150713079662490918158711350426223430361739 0 0 0 0 0 0 0 0 0 0 0 0 0 0 0 0 0 0 0 0 0 0 0 0 0 0 0 0 0 0 0 0 1 0 0 0 0 0 0 0 0 0 0 0 0 0 0 0 0 0 0 0 0 0 0 0 0 0 0 0 0 0 0 0 0 0 0 0 0 0 0 0 0 0 0 0 0 0 0 0 0 0 0 0 0 0 0 0 0 0 0 0 0 0 0 0]
[4146890660347254574073047688908957836993200222560544266700340674205006999409112272760787542153863342329394141120832927965572581815021827336171489659951553882684466801422059282500741383840230860100165605253538689015267133782377268015481683526646254689097873819792981610891617516762558193419406 0 0 0 0 0 0 0 0 0 0 0 0 0 0 0 0 0 0 0 0 0 0 0 0 0 0 0 0 0 0 0 0 0 1 0 0 0 0 0 0 0 0 0 0 0 0 0 0 0 0 0 0 0 0 0 0 0 0 0 0 0 0 0 0 0 0 0 0 0 0 0 0 0 0 0 0 0 0 0 0 0 0 0 0 0 0 0 0 0 0 0 0 0 0 0 0]
[3405960246170776943313980869569368940737859578016766700465812103900854467165977929757674383226010678922205912578282820356466402443267075104513360602698300221973114414924948916596421444598138122111900781546385680061369676591301288166866220823096398432656184552758908768582767350081287082125235 0 0 0 0 0 0 0 0 0 0 0 0 0 0 0 0 0 0 0 0 0 0 0 0 0 0 0 0 0 0 0 0 0 0 1 0 0 0 0 0 0 0 0 0 0 0 0 0 0 0 0 0 0 0 0 0 0 0 0 0 0 0 0 0 0 0 0 0 0 0 0 0 0 0 0 0 0 0 0 0 0 0 0 0 0 0 0 0 0 0 0 0 0 0 0 0]
[2289906789742757659500713133901260773639916467794507508910349123249706146572821020632830163698238894487908624142517138532899862718427015087691172888755134671295450410457910681320691062636119132021472880959195974943157266364484057764548825627258373469683289471961132000142564282173043763661073 0 0 0 0 0 0 0 0 0 0 0 0 0 0 0 0 0 0 0 0 0 0 0 0 0 0 0 0 0 0 0 0 0 0 0 1 0 0 0 0 0 0 0 0 0 0 0 0 0 0 0 0 0 0 0 0 0 0 0 0 0 0 0 0 0 0 0 0 0 0 0 0 0 0 0 0 0 0 0 0 0 0 0 0 0 0 0 0 0 0 0 0 0 0 0 0]
[2841700885292495299009101736749166738668617154901415935120125566412875806223082943925991915186410837317183895990721302215420896190980353875407000048252419204215895791275023501029612875768270555195766189163264755434516061975807288482097585270290033235800168998112627798273390620049615139911681 0 0 0 0 0 0 0 0 0 0 0 0 0 0 0 0 0 0 0 0 0 0 0 0 0 0 0 0 0 0 0 0 0 0 0 0 1 0 0 0 0 0 0 0 0 0 0 0 0 0 0 0 0 0 0 0 0 0 0 0 0 0 0 0 0 0 0 0 0 0 0 0 0 0 0 0 0 0 0 0 0 0 0 0 0 0 0 0 0 0 0 0 0 0 0 0]
[495103942014630245794282445856326817497626613628367509116925237117381821070683448413380824820704229410979498777867638036328330570681210055687346858155357913406028291681520170622249610487842451789782453292006860990341582433834485305447501912722118324252580458467358304738258082809914037082854 0 0 0 0 0 0 0 0 0 0 0 0 0 0 0 0 0 0 0 0 0 0 0 0 0 0 0 0 0 0 0 0 0 0 0 0 0 1 0 0 0 0 0 0 0 0 0 0 0 0 0 0 0 0 0 0 0 0 0 0 0 0 0 0 0 0 0 0 0 0 0 0 0 0 0 0 0 0 0 0 0 0 0 0 0 0 0 0 0 0 0 0 0 0 0 0]
[693245080195633118801102126524150466721213536091597948742193384513302717099067666189306309924514980112543467207957310040602568748528303104406280877291941747499374976903541245325475933453060553407474840242742204936563456763765808382169032571365909256878541192624179377223878262927468783913616 0 0 0 0 0 0 0 0 0 0 0 0 0 0 0 0 0 0 0 0 0 0 0 0 0 0 0 0 0 0 0 0 0 0 0 0 0 0 1 0 0 0 0 0 0 0 0 0 0 0 0 0 0 0 0 0 0 0 0 0 0 0 0 0 0 0 0 0 0 0 0 0 0 0 0 0 0 0 0 0 0 0 0 0 0 0 0 0 0 0 0 0 0 0 0 0]
[3368813231114915984980321573065882246692974838196371861936965468895881574043917115238486002480036403774533398186463942077135007866627547226674976995768398372371838998383988040959898627038842733647945913435387599969642658805160288239015554686146758784896548094623669871963142032413772069991865 0 0 0 0 0 0 0 0 0 0 0 0 0 0 0 0 0 0 0 0 0 0 0 0 0 0 0 0 0 0 0 0 0 0 0 0 0 0 0 1 0 0 0 0 0 0 0 0 0 0 0 0 0 0 0 0 0 0 0 0 0 0 0 0 0 0 0 0 0 0 0 0 0 0 0 0 0 0 0 0 0 0 0 0 0 0 0 0 0 0 0 0 0 0 0 0]
[2830939298272128156025702853260034201127243842254611483186355751936287519239525069759877355634186983034508795729122956390636674722799299985435978905132804793451268949239265218973847975951682586807305003270509548291716235041019479495135573131262652118959195809882349091921046656992577003863511 0 0 0 0 0 0 0 0 0 0 0 0 0 0 0 0 0 0 0 0 0 0 0 0 0 0 0 0 0 0 0 0 0 0 0 0 0 0 0 0 1 0 0 0 0 0 0 0 0 0 0 0 0 0 0 0 0 0 0 0 0 0 0 0 0 0 0 0 0 0 0 0 0 0 0 0 0 0 0 0 0 0 0 0 0 0 0 0 0 0 0 0 0 0 0 0]
[3263399135314638556637296976532913574897383148166005186406448132062644081452929595398365749779801126429929127292734520124398176051226844107249090172259239467166117665237604230699083033539919179931790641913040221588843861397881166350608771634999930384742319077372984798753582376628006357393348 0 0 0 0 0 0 0 0 0 0 0 0 0 0 0 0 0 0 0 0 0 0 0 0 0 0 0 0 0 0 0 0 0 0 0 0 0 0 0 0 0 1 0 0 0 0 0 0 0 0 0 0 0 0 0 0 0 0 0 0 0 0 0 0 0 0 0 0 0 0 0 0 0 0 0 0 0 0 0 0 0 0 0 0 0 0 0 0 0 0 0 0 0 0 0 0]
[4073595365129551242944060436915187197937683353826625315714686472645364249184220675708604677942742243939757284361263719183856404505906126517552366642076209622297401395643396600855645796704091448046307675109409016866653283236402290017853625971755984092369514124854273065680922199074587418368118 0 0 0 0 0 0 0 0 0 0 0 0 0 0 0 0 0 0 0 0 0 0 0 0 0 0 0 0 0 0 0 0 0 0 0 0 0 0 0 0 0 0 1 0 0 0 0 0 0 0 0 0 0 0 0 0 0 0 0 0 0 0 0 0 0 0 0 0 0 0 0 0 0 0 0 0 0 0 0 0 0 0 0 0 0 0 0 0 0 0 0 0 0 0 0 0]
[2827290323923148721279889363106041722235987221545864453903562122481360420784040167899355314664846548237925744998179319701343890054430227413480421857219893771410514148476873717446976776138820149377851332331155412208531521509970252390283432803005892728328469046315802217642720479369367810745715 0 0 0 0 0 0 0 0 0 0 0 0 0 0 0 0 0 0 0 0 0 0 0 0 0 0 0 0 0 0 0 0 0 0 0 0 0 0 0 0 0 0 0 1 0 0 0 0 0 0 0 0 0 0 0 0 0 0 0 0 0 0 0 0 0 0 0 0 0 0 0 0 0 0 0 0 0 0 0 0 0 0 0 0 0 0 0 0 0 0 0 0 0 0 0 0]
[4496398078069206698093436008434458153626506302646372260246060976816663922482949160014999823905684347365172894213673701536730405980621488601839931171015503061430896775497067698028313409961815038535848859735303480950534778315748775754985795180938132662872151915805526574657698146669514807246423 0 0 0 0 0 0 0 0 0 0 0 0 0 0 0 0 0 0 0 0 0 0 0 0 0 0 0 0 0 0 0 0 0 0 0 0 0 0 0 0 0 0 0 0 1 0 0 0 0 0 0 0 0 0 0 0 0 0 0 0 0 0 0 0 0 0 0 0 0 0 0 0 0 0 0 0 0 0 0 0 0 0 0 0 0 0 0 0 0 0 0 0 0 0 0 0]
[968174232936316566051090525458896503210082928617850161247944332358592819732592201212918725131510296032615342499147452337855192281851256588918690468048540435492396032227501053710192892933495041351675744143841265829533743808378206822262649309668962485107136337280695525285568805347264112595215 0 0 0 0 0 0 0 0 0 0 0 0 0 0 0 0 0 0 0 0 0 0 0 0 0 0 0 0 0 0 0 0 0 0 0 0 0 0 0 0 0 0 0 0 0 1 0 0 0 0 0 0 0 0 0 0 0 0 0 0 0 0 0 0 0 0 0 0 0 0 0 0 0 0 0 0 0 0 0 0 0 0 0 0 0 0 0 0 0 0 0 0 0 0 0 0]
[4306834225491183376692884556796819980842771759172870044646049630086946637475313897002698226466232502998366591449539091648334938394871870600426993031213549290485475378376710403197017712721731173513095240513465916753180799042306997509577959690877587099735851469139540216825119040033228098220819 0 0 0 0 0 0 0 0 0 0 0 0 0 0 0 0 0 0 0 0 0 0 0 0 0 0 0 0 0 0 0 0 0 0 0 0 0 0 0 0 0 0 0 0 0 0 1 0 0 0 0 0 0 0 0 0 0 0 0 0 0 0 0 0 0 0 0 0 0 0 0 0 0 0 0 0 0 0 0 0 0 0 0 0 0 0 0 0 0 0 0 0 0 0 0 0]
[534076468166584479801388359975787339396672791894018262506130975889056347716505471729947781736699935232752017218954811438850690877338870344692936661126474618363530291394488610008191009074507841728208758674166828474644004526221085792194855866888231818279174345191380202069367626621142061660130 0 0 0 0 0 0 0 0 0 0 0 0 0 0 0 0 0 0 0 0 0 0 0 0 0 0 0 0 0 0 0 0 0 0 0 0 0 0 0 0 0 0 0 0 0 0 0 1 0 0 0 0 0 0 0 0 0 0 0 0 0 0 0 0 0 0 0 0 0 0 0 0 0 0 0 0 0 0 0 0 0 0 0 0 0 0 0 0 0 0 0 0 0 0 0 0]
[1333268792415629021232742030562654656032399927534010177443748997910617396412707754082300118419096986031589235504303460277602534398144477388589969421831534784393133130433038116078420708413641593086047438293353433252276917315985557454893549533962762046903483654350198505564481007622299973087474 0 0 0 0 0 0 0 0 0 0 0 0 0 0 0 0 0 0 0 0 0 0 0 0 0 0 0 0 0 0 0 0 0 0 0 0 0 0 0 0 0 0 0 0 0 0 0 0 1 0 0 0 0 0 0 0 0 0 0 0 0 0 0 0 0 0 0 0 0 0 0 0 0 0 0 0 0 0 0 0 0 0 0 0 0 0 0 0 0 0 0 0 0 0 0 0]
[4574416230092095808863416078802292423192210136465134362176031900941100549189961047794993930538183805628134534055791139718729380164107241727256231791367990229957047315007313346407546251948550076642351887219772413023237805895512512020771269605918600646896659619134717809130548498553592870052070 0 0 0 0 0 0 0 0 0 0 0 0 0 0 0 0 0 0 0 0 0 0 0 0 0 0 0 0 0 0 0 0 0 0 0 0 0 0 0 0 0 0 0 0 0 0 0 0 0 1 0 0 0 0 0 0 0 0 0 0 0 0 0 0 0 0 0 0 0 0 0 0 0 0 0 0 0 0 0 0 0 0 0 0 0 0 0 0 0 0 0 0 0 0 0 0]
[5062350212340635571706468875980254369406721035897449292877295010697400338880069303095452792514438400466300198995520817451092325201431769428603709100337893240447949440636331020357364823418976690398865034154821283538301436184950169878545311817561533578275826663182078095159678148469371056047540 0 0 0 0 0 0 0 0 0 0 0 0 0 0 0 0 0 0 0 0 0 0 0 0 0 0 0 0 0 0 0 0 0 0 0 0 0 0 0 0 0 0 0 0 0 0 0 0 0 0 1 0 0 0 0 0 0 0 0 0 0 0 0 0 0 0 0 0 0 0 0 0 0 0 0 0 0 0 0 0 0 0 0 0 0 0 0 0 0 0 0 0 0 0 0 0]
[4969866753151939698146276934216085172389167842200961873426292430571540651244328019611428731655187149138775321456242281264364192852940842489575366944250867855250968665521142275206010569874919206371463042446399377310080451096154034280767722254341525570263129114481012257276523458211440684442403 0 0 0 0 0 0 0 0 0 0 0 0 0 0 0 0 0 0 0 0 0 0 0 0 0 0 0 0 0 0 0 0 0 0 0 0 0 0 0 0 0 0 0 0 0 0 0 0 0 0 0 1 0 0 0 0 0 0 0 0 0 0 0 0 0 0 0 0 0 0 0 0 0 0 0 0 0 0 0 0 0 0 0 0 0 0 0 0 0 0 0 0 0 0 0 0]
[5119405953207066250568650664105573921659377570867355078528544436903257010615976105724265142017847311628485889128937327412178821930952268208746067446252529420296489087357693183821986728477458284261443124068812363383321929599101855264023495178692856654847436041700472046490196374668399330394484 0 0 0 0 0 0 0 0 0 0 0 0 0 0 0 0 0 0 0 0 0 0 0 0 0 0 0 0 0 0 0 0 0 0 0 0 0 0 0 0 0 0 0 0 0 0 0 0 0 0 0 0 1 0 0 0 0 0 0 0 0 0 0 0 0 0 0 0 0 0 0 0 0 0 0 0 0 0 0 0 0 0 0 0 0 0 0 0 0 0 0 0 0 0 0 0]
[751550715604024206501362117253975163065990017636193785382502854032639455309487222660014041682037622879473240716464014935128615623368804382842459991176806997994324745045480716078696112688577238809843304237016760737743268390846577200695494589601459176651972094163865637149937910667692117886047 0 0 0 0 0 0 0 0 0 0 0 0 0 0 0 0 0 0 0 0 0 0 0 0 0 0 0 0 0 0 0 0 0 0 0 0 0 0 0 0 0 0 0 0 0 0 0 0 0 0 0 0 0 1 0 0 0 0 0 0 0 0 0 0 0 0 0 0 0 0 0 0 0 0 0 0 0 0 0 0 0 0 0 0 0 0 0 0 0 0 0 0 0 0 0 0]
[2874638450543705732317257785440056568276707155157042918664572714361442817751449844248705644733982331985607979445054488599504609718635998668179723796873108123640947277473610065702328607734362829891250518635846353131315853065166226926655200797580834316114227770907989171450353950911946635749200 0 0 0 0 0 0 0 0 0 0 0 0 0 0 0 0 0 0 0 0 0 0 0 0 0 0 0 0 0 0 0 0 0 0 0 0 0 0 0 0 0 0 0 0 0 0 0 0 0 0 0 0 0 0 1 0 0 0 0 0 0 0 0 0 0 0 0 0 0 0 0 0 0 0 0 0 0 0 0 0 0 0 0 0 0 0 0 0 0 0 0 0 0 0 0 0]
[3740846365367450634214078856736434878983834106775593253140255693130657006459310214079156722907660123241611485325345181882483938060173367768411581103438794008609208526428579177149748694667382233383606164099929027362207431401246108685162023057588593025640585138068353426499641128794975465951832 0 0 0 0 0 0 0 0 0 0 0 0 0 0 0 0 0 0 0 0 0 0 0 0 0 0 0 0 0 0 0 0 0 0 0 0 0 0 0 0 0 0 0 0 0 0 0 0 0 0 0 0 0 0 0 1 0 0 0 0 0 0 0 0 0 0 0 0 0 0 0 0 0 0 0 0 0 0 0 0 0 0 0 0 0 0 0 0 0 0 0 0 0 0 0 0]
[3037950715783075532911190240773239977870507510474822441049336270289056005591811587494756014436506095316126512898069765761113200588662778164064030628486739453219144248408206680456714730309276896178074813674963028653778447501828264903102648531653446243875651632120547928770119970061754487467815 0 0 0 0 0 0 0 0 0 0 0 0 0 0 0 0 0 0 0 0 0 0 0 0 0 0 0 0 0 0 0 0 0 0 0 0 0 0 0 0 0 0 0 0 0 0 0 0 0 0 0 0 0 0 0 0 1 0 0 0 0 0 0 0 0 0 0 0 0 0 0 0 0 0 0 0 0 0 0 0 0 0 0 0 0 0 0 0 0 0 0 0 0 0 0 0]
[4230684055652065811299162839712473729482360654116268217637785034530227759241523077738761083883689424516720344316678487331388933665754778310379395957403879060542102121333612024974230409725989941661019609758011243322024426134769203228289814808843774806427250099756924981121769439172017895415331 0 0 0 0 0 0 0 0 0 0 0 0 0 0 0 0 0 0 0 0 0 0 0 0 0 0 0 0 0 0 0 0 0 0 0 0 0 0 0 0 0 0 0 0 0 0 0 0 0 0 0 0 0 0 0 0 0 1 0 0 0 0 0 0 0 0 0 0 0 0 0 0 0 0 0 0 0 0 0 0 0 0 0 0 0 0 0 0 0 0 0 0 0 0 0 0]
[4396267456357729249283601565922593145636292295516730016205541460999190823640599021172972695931966398509005834500009175848327181447212814583195021407888388021970936228405427387251405316255012899472220650076728020183626624965178227823744126351381048697084790671821473661288447894520204162938188 0 0 0 0 0 0 0 0 0 0 0 0 0 0 0 0 0 0 0 0 0 0 0 0 0 0 0 0 0 0 0 0 0 0 0 0 0 0 0 0 0 0 0 0 0 0 0 0 0 0 0 0 0 0 0 0 0 0 1 0 0 0 0 0 0 0 0 0 0 0 0 0 0 0 0 0 0 0 0 0 0 0 0 0 0 0 0 0 0 0 0 0 0 0 0 0]
[2279148458055113887250876384198341325229421573970319295447617149542738497231662136248987644678275912057902463069842197114841556933249738063060172959996638398387443650499591407606006597254877717664408077684030498604212535308460129307536327310681751854353718452936384989301598336833111423945240 0 0 0 0 0 0 0 0 0 0 0 0 0 0 0 0 0 0 0 0 0 0 0 0 0 0 0 0 0 0 0 0 0 0 0 0 0 0 0 0 0 0 0 0 0 0 0 0 0 0 0 0 0 0 0 0 0 0 0 1 0 0 0 0 0 0 0 0 0 0 0 0 0 0 0 0 0 0 0 0 0 0 0 0 0 0 0 0 0 0 0 0 0 0 0 0]
[3428579352975102402409034906530319068978810612954443124181009255250553598553766875644216386299510146020502356798117197195815236202147927941773518775299315480763956195001706136285940988970958270591746660454200541438839905627335566635462466514969387953394052779112458165821587657086755471619872 0 0 0 0 0 0 0 0 0 0 0 0 0 0 0 0 0 0 0 0 0 0 0 0 0 0 0 0 0 0 0 0 0 0 0 0 0 0 0 0 0 0 0 0 0 0 0 0 0 0 0 0 0 0 0 0 0 0 0 0 1 0 0 0 0 0 0 0 0 0 0 0 0 0 0 0 0 0 0 0 0 0 0 0 0 0 0 0 0 0 0 0 0 0 0 0]
[4628554524636509802471581366076613857351406881332654431932364520963776064095471488002541080985886496285567825205129615843861664211750068407171392260709137940531610862514105134470015212567343442253698605807439570134224464616943610810338020889386157428237327254042700985100573782840927687096699 0 0 0 0 0 0 0 0 0 0 0 0 0 0 0 0 0 0 0 0 0 0 0 0 0 0 0 0 0 0 0 0 0 0 0 0 0 0 0 0 0 0 0 0 0 0 0 0 0 0 0 0 0 0 0 0 0 0 0 0 0 1 0 0 0 0 0 0 0 0 0 0 0 0 0 0 0 0 0 0 0 0 0 0 0 0 0 0 0 0 0 0 0 0 0 0]
[2745418899142213257623788912296453784576051947911349306654670930257955631955821088714339476058218769622039126163035968408259314471818621956436059752906197435252081259858558841610510788508855363297566669411879406566774793848698060616125978813210765821977933948590397087795914496393740684085121 0 0 0 0 0 0 0 0 0 0 0 0 0 0 0 0 0 0 0 0 0 0 0 0 0 0 0 0 0 0 0 0 0 0 0 0 0 0 0 0 0 0 0 0 0 0 0 0 0 0 0 0 0 0 0 0 0 0 0 0 0 0 1 0 0 0 0 0 0 0 0 0 0 0 0 0 0 0 0 0 0 0 0 0 0 0 0 0 0 0 0 0 0 0 0 0]
[656228901947514011258872574945451467590649589286382142793501852473573155231282181675060606093825752739357800071629049221915932310719261013611233915814304535117649723497646503649234697013518023182062896279670285196435020268666318763350840211867590408577311665740385575049241250881907227644726 0 0 0 0 0 0 0 0 0 0 0 0 0 0 0 0 0 0 0 0 0 0 0 0 0 0 0 0 0 0 0 0 0 0 0 0 0 0 0 0 0 0 0 0 0 0 0 0 0 0 0 0 0 0 0 0 0 0 0 0 0 0 0 1 0 0 0 0 0 0 0 0 0 0 0 0 0 0 0 0 0 0 0 0 0 0 0 0 0 0 0 0 0 0 0 0]
[1549830921817699014854830417024347053399085937295779259994156548934442191711677956333592381180924485275979459518405496224031951133780402453856246236186019611540467492389975959692642302309914547713103288794480745645147257634172376856021999335530765028546550075114750947111689660144660614041977 0 0 0 0 0 0 0 0 0 0 0 0 0 0 0 0 0 0 0 0 0 0 0 0 0 0 0 0 0 0 0 0 0 0 0 0 0 0 0 0 0 0 0 0 0 0 0 0 0 0 0 0 0 0 0 0 0 0 0 0 0 0 0 0 1 0 0 0 0 0 0 0 0 0 0 0 0 0 0 0 0 0 0 0 0 0 0 0 0 0 0 0 0 0 0 0]
[3195228903223265258119556631799444523831666461224471641042663788582575210858732265061339702099785792992613969481264368715849286166719757831653175324495044025414721211267878246624947660977901056064761499418187267193867005954760240098048260567200894687777445372394909170083809966794750223773957 0 0 0 0 0 0 0 0 0 0 0 0 0 0 0 0 0 0 0 0 0 0 0 0 0 0 0 0 0 0 0 0 0 0 0 0 0 0 0 0 0 0 0 0 0 0 0 0 0 0 0 0 0 0 0 0 0 0 0 0 0 0 0 0 0 1 0 0 0 0 0 0 0 0 0 0 0 0 0 0 0 0 0 0 0 0 0 0 0 0 0 0 0 0 0 0]
[5627163630333151382076066017506670971101305134638816694135131656210155782501299877656597589776248974516511481161415474315422385813030897450582478436140750672661597599144362502861764402997560416832905852248439306640226305294227788492629829870837471151456476710024550811373761201417131253929117 0 0 0 0 0 0 0 0 0 0 0 0 0 0 0 0 0 0 0 0 0 0 0 0 0 0 0 0 0 0 0 0 0 0 0 0 0 0 0 0 0 0 0 0 0 0 0 0 0 0 0 0 0 0 0 0 0 0 0 0 0 0 0 0 0 0 1 0 0 0 0 0 0 0 0 0 0 0 0 0 0 0 0 0 0 0 0 0 0 0 0 0 0 0 0 0]
[6147742539643963480300923467787345528405589466640278960127070997938057358924279314291072339299570675788353892149811902567484245981327274399310006146805504808614649476220031678771113716586839288525856878761142992676655156887621703666627336428318759357018516269903978670030283495289809578327558 0 0 0 0 0 0 0 0 0 0 0 0 0 0 0 0 0 0 0 0 0 0 0 0 0 0 0 0 0 0 0 0 0 0 0 0 0 0 0 0 0 0 0 0 0 0 0 0 0 0 0 0 0 0 0 0 0 0 0 0 0 0 0 0 0 0 0 1 0 0 0 0 0 0 0 0 0 0 0 0 0 0 0 0 0 0 0 0 0 0 0 0 0 0 0 0]
[5627869041609296450768339464794805512528936650351434430382132545127111221854838239256909374963787093259128908991108858725464237087558242512683744982672148822489688322094401795067511169481769802459826093915686097195862171640173514331771608891309044110165614592404066898574590310030200126217870 0 0 0 0 0 0 0 0 0 0 0 0 0 0 0 0 0 0 0 0 0 0 0 0 0 0 0 0 0 0 0 0 0 0 0 0 0 0 0 0 0 0 0 0 0 0 0 0 0 0 0 0 0 0 0 0 0 0 0 0 0 0 0 0 0 0 0 0 1 0 0 0 0 0 0 0 0 0 0 0 0 0 0 0 0 0 0 0 0 0 0 0 0 0 0 0]
[4318697633446468110778738065722002848472501647165113180756764473876088042966451414737061223593481309442587260349800385362580893035167629030487417940099171943343461353376308171312516225703298001087620935304617455947964347580288796054659991853228780616802938444654526751813370068617171552966614 0 0 0 0 0 0 0 0 0 0 0 0 0 0 0 0 0 0 0 0 0 0 0 0 0 0 0 0 0 0 0 0 0 0 0 0 0 0 0 0 0 0 0 0 0 0 0 0 0 0 0 0 0 0 0 0 0 0 0 0 0 0 0 0 0 0 0 0 0 1 0 0 0 0 0 0 0 0 0 0 0 0 0 0 0 0 0 0 0 0 0 0 0 0 0 0]
[5607041101245434539895632438779499572449561571350926480823761137652528497862194725868916076495889073620255939247679742376264328552969852696449104872022924815828986142420788330185227296926273470097121208414206857259283920395091511973020443950968105392142195955788900238334890865052599850770881 0 0 0 0 0 0 0 0 0 0 0 0 0 0 0 0 0 0 0 0 0 0 0 0 0 0 0 0 0 0 0 0 0 0 0 0 0 0 0 0 0 0 0 0 0 0 0 0 0 0 0 0 0 0 0 0 0 0 0 0 0 0 0 0 0 0 0 0 0 0 1 0 0 0 0 0 0 0 0 0 0 0 0 0 0 0 0 0 0 0 0 0 0 0 0 0]
[327545108733886317530104059699689387389489892384104315035413546136165495979364034577401689156338810907146392663454841288327226458998945761696349770327340834928432658577792558071815286593896243682979026618067594337719934046888126591487845969899419990674899094272822614368778767686034245611224 0 0 0 0 0 0 0 0 0 0 0 0 0 0 0 0 0 0 0 0 0 0 0 0 0 0 0 0 0 0 0 0 0 0 0 0 0 0 0 0 0 0 0 0 0 0 0 0 0 0 0 0 0 0 0 0 0 0 0 0 0 0 0 0 0 0 0 0 0 0 0 1 0 0 0 0 0 0 0 0 0 0 0 0 0 0 0 0 0 0 0 0 0 0 0 0]
[1819913246120060148715465061493799927739895154579893245619159988492432212626537412402967669657700139204572419879401915778392818143749510847780747512022642597948634956265353005440059384716828480665296698355403484235489295700798316633982165739767417105035159550756875213560086268135861292387868 0 0 0 0 0 0 0 0 0 0 0 0 0 0 0 0 0 0 0 0 0 0 0 0 0 0 0 0 0 0 0 0 0 0 0 0 0 0 0 0 0 0 0 0 0 0 0 0 0 0 0 0 0 0 0 0 0 0 0 0 0 0 0 0 0 0 0 0 0 0 0 0 1 0 0 0 0 0 0 0 0 0 0 0 0 0 0 0 0 0 0 0 0 0 0 0]
[3675462080505357481298503378543499442536202457523394188305291966768895389808505421581358730926313423014707885998356725317611139649725071748171081814309228666315510449903535850696188640133577986087750247456341720903186773371298675385369143132646377251395352194522032752727208442779458342301558 0 0 0 0 0 0 0 0 0 0 0 0 0 0 0 0 0 0 0 0 0 0 0 0 0 0 0 0 0 0 0 0 0 0 0 0 0 0 0 0 0 0 0 0 0 0 0 0 0 0 0 0 0 0 0 0 0 0 0 0 0 0 0 0 0 0 0 0 0 0 0 0 0 1 0 0 0 0 0 0 0 0 0 0 0 0 0 0 0 0 0 0 0 0 0 0]
[393548055773810416927625830076419165102110464249900756355181613434388646282123302427053007454996339931457615161952227393067841384427310202479506582044316687286165256088488410684796149010113087057561525763243968050280531941920461863084025355243016975684745456114391338417544465602287397643058 0 0 0 0 0 0 0 0 0 0 0 0 0 0 0 0 0 0 0 0 0 0 0 0 0 0 0 0 0 0 0 0 0 0 0 0 0 0 0 0 0 0 0 0 0 0 0 0 0 0 0 0 0 0 0 0 0 0 0 0 0 0 0 0 0 0 0 0 0 0 0 0 0 0 1 0 0 0 0 0 0 0 0 0 0 0 0 0 0 0 0 0 0 0 0 0]
[5091760912232729811891115314073769215552445956700107753906837371656731054852843176696161259171493321969232958739306060322772713962608903623309434863212241065642885840721797632988755768041490601207387157622098835994251697357033045319682865743607639741749166976715368214384541306736046277332429 0 0 0 0 0 0 0 0 0 0 0 0 0 0 0 0 0 0 0 0 0 0 0 0 0 0 0 0 0 0 0 0 0 0 0 0 0 0 0 0 0 0 0 0 0 0 0 0 0 0 0 0 0 0 0 0 0 0 0 0 0 0 0 0 0 0 0 0 0 0 0 0 0 0 0 1 0 0 0 0 0 0 0 0 0 0 0 0 0 0 0 0 0 0 0 0]
[3231132137755061992826106121974907546199028583094132475573483988214305872073577646931540797695966596838210142111464945550760655768694172472578665295843024704007356131315250296195269936622820471134131884120720905421305253223574894786137588335284951279283989841585706295258978747067720538494206 0 0 0 0 0 0 0 0 0 0 0 0 0 0 0 0 0 0 0 0 0 0 0 0 0 0 0 0 0 0 0 0 0 0 0 0 0 0 0 0 0 0 0 0 0 0 0 0 0 0 0 0 0 0 0 0 0 0 0 0 0 0 0 0 0 0 0 0 0 0 0 0 0 0 0 0 1 0 0 0 0 0 0 0 0 0 0 0 0 0 0 0 0 0 0 0]
[1314143438289817148991674379830253128195255428947243876005865674095700656010222276366186831757069250987253223463224916950121551804482318751570785713166235064350805314047550768386944600475469774981675616811096781706809168971273935071997208440216923990054802160025953142746473813217716710269101 0 0 0 0 0 0 0 0 0 0 0 0 0 0 0 0 0 0 0 0 0 0 0 0 0 0 0 0 0 0 0 0 0 0 0 0 0 0 0 0 0 0 0 0 0 0 0 0 0 0 0 0 0 0 0 0 0 0 0 0 0 0 0 0 0 0 0 0 0 0 0 0 0 0 0 0 0 1 0 0 0 0 0 0 0 0 0 0 0 0 0 0 0 0 0 0]
[2104536075077341290484543497290269257042751250725424984510668760350412838585495736088567443529091351457997512390331671736310873474394574076489180332137296908042259666829142558768221126941173768776280335815733346193190661663119353847069973893842785348683382993486920790558151180873971115060215 0 0 0 0 0 0 0 0 0 0 0 0 0 0 0 0 0 0 0 0 0 0 0 0 0 0 0 0 0 0 0 0 0 0 0 0 0 0 0 0 0 0 0 0 0 0 0 0 0 0 0 0 0 0 0 0 0 0 0 0 0 0 0 0 0 0 0 0 0 0 0 0 0 0 0 0 0 0 1 0 0 0 0 0 0 0 0 0 0 0 0 0 0 0 0 0]
[4849207340310814659121365688734781311043941881387560416840263231845529384794693711116305529649998422858899851160641219820059014405620893555168775971355745994441982368385183142032093906570356352183224704445575563130242426187783391983335977545762264434390125138126899572863253107974080095319914 0 0 0 0 0 0 0 0 0 0 0 0 0 0 0 0 0 0 0 0 0 0 0 0 0 0 0 0 0 0 0 0 0 0 0 0 0 0 0 0 0 0 0 0 0 0 0 0 0 0 0 0 0 0 0 0 0 0 0 0 0 0 0 0 0 0 0 0 0 0 0 0 0 0 0 0 0 0 0 1 0 0 0 0 0 0 0 0 0 0 0 0 0 0 0 0]
[1660083655671934214343807478550978354181878139993706721420580486767724004325339270322213196148100159281618871737236616616153111469388811789592721357324408175655742250040942968544713666869876899852006000793444920106845775283211917701451308553046075901828495770839796407847820268936779744961657 0 0 0 0 0 0 0 0 0 0 0 0 0 0 0 0 0 0 0 0 0 0 0 0 0 0 0 0 0 0 0 0 0 0 0 0 0 0 0 0 0 0 0 0 0 0 0 0 0 0 0 0 0 0 0 0 0 0 0 0 0 0 0 0 0 0 0 0 0 0 0 0 0 0 0 0 0 0 0 0 1 0 0 0 0 0 0 0 0 0 0 0 0 0 0 0]
[5870467903581114470624896851712779735551083942075215642423745805365061078448230518309602828970747132676433861116272007571362225188646614138968390411998910330901837417049735407544962510666294506132788387706890421435607511070727008224697320980799000198036910268164153680750161858359959377051992 0 0 0 0 0 0 0 0 0 0 0 0 0 0 0 0 0 0 0 0 0 0 0 0 0 0 0 0 0 0 0 0 0 0 0 0 0 0 0 0 0 0 0 0 0 0 0 0 0 0 0 0 0 0 0 0 0 0 0 0 0 0 0 0 0 0 0 0 0 0 0 0 0 0 0 0 0 0 0 0 0 1 0 0 0 0 0 0 0 0 0 0 0 0 0 0]
[5907740333473177977513266573286894726618007482650131429763015034885702046946543985657398999441823786289846739479936503754754928706818955927752478091326082438155071580520344048829577891860056675169959520912697239433685272570621856113406065388053556549784485473038062126281953134245534375185752 0 0 0 0 0 0 0 0 0 0 0 0 0 0 0 0 0 0 0 0 0 0 0 0 0 0 0 0 0 0 0 0 0 0 0 0 0 0 0 0 0 0 0 0 0 0 0 0 0 0 0 0 0 0 0 0 0 0 0 0 0 0 0 0 0 0 0 0 0 0 0 0 0 0 0 0 0 0 0 0 0 0 1 0 0 0 0 0 0 0 0 0 0 0 0 0]
[3502528150874310644316946008267307022467973512446963845617545303316851825471405923808299810236113201010376604027389741777683602138711960563883753302338306709150167565447508031396898431043858325382538155863112005413309788604654852497194388509236400291584011856922326185723098781839395796694380 0 0 0 0 0 0 0 0 0 0 0 0 0 0 0 0 0 0 0 0 0 0 0 0 0 0 0 0 0 0 0 0 0 0 0 0 0 0 0 0 0 0 0 0 0 0 0 0 0 0 0 0 0 0 0 0 0 0 0 0 0 0 0 0 0 0 0 0 0 0 0 0 0 0 0 0 0 0 0 0 0 0 0 1 0 0 0 0 0 0 0 0 0 0 0 0]
[5405342957491212678729770487068669338379010306115380964024224605544106721345290391774229466721770009486527104976233172421979189882336671874966931182225716601091210590495418467872668410525932155599174597755508370975893959767698385477178101821849619891172590937005419662140632211032604570047015 0 0 0 0 0 0 0 0 0 0 0 0 0 0 0 0 0 0 0 0 0 0 0 0 0 0 0 0 0 0 0 0 0 0 0 0 0 0 0 0 0 0 0 0 0 0 0 0 0 0 0 0 0 0 0 0 0 0 0 0 0 0 0 0 0 0 0 0 0 0 0 0 0 0 0 0 0 0 0 0 0 0 0 0 1 0 0 0 0 0 0 0 0 0 0 0]
[2306489077739645177750602865069871769297864303274324606936794857756677559561626830781749526888910520764050098728636040615566772181917009412923140394623597285451403381833561658145361427203586366686542370507743920447187869914587419180610801541441328666684176268629856874126747401700196660241721 0 0 0 0 0 0 0 0 0 0 0 0 0 0 0 0 0 0 0 0 0 0 0 0 0 0 0 0 0 0 0 0 0 0 0 0 0 0 0 0 0 0 0 0 0 0 0 0 0 0 0 0 0 0 0 0 0 0 0 0 0 0 0 0 0 0 0 0 0 0 0 0 0 0 0 0 0 0 0 0 0 0 0 0 0 1 0 0 0 0 0 0 0 0 0 0]
[2777900183141138399396605581584527549636209214579153780129002699182945788114591910017399902797334552023223090779706840734097657998055050349799058964876361084091634759361852350898294171290559440212571945021116677545812600164407743988528577002442182389302588730277789554023586785832742297723027 0 0 0 0 0 0 0 0 0 0 0 0 0 0 0 0 0 0 0 0 0 0 0 0 0 0 0 0 0 0 0 0 0 0 0 0 0 0 0 0 0 0 0 0 0 0 0 0 0 0 0 0 0 0 0 0 0 0 0 0 0 0 0 0 0 0 0 0 0 0 0 0 0 0 0 0 0 0 0 0 0 0 0 0 0 0 1 0 0 0 0 0 0 0 0 0]
[3684425803266319128699894746477389061852798746146541571970507577592548295745964824329220258082393141294543652989027367394725954983879463854539329849611624802442839998449890026456743942581028169314134180137504756154448208933532968873787089127715408124296378623023540132126238626672974597979372 0 0 0 0 0 0 0 0 0 0 0 0 0 0 0 0 0 0 0 0 0 0 0 0 0 0 0 0 0 0 0 0 0 0 0 0 0 0 0 0 0 0 0 0 0 0 0 0 0 0 0 0 0 0 0 0 0 0 0 0 0 0 0 0 0 0 0 0 0 0 0 0 0 0 0 0 0 0 0 0 0 0 0 0 0 0 0 1 0 0 0 0 0 0 0 0]
[934301165567862916972970341467703471730779034342613095422171726373073075020700189105892783680192031892715952734617590931896554496631003146671504928186987701487379749644544951367286128788403003605189769361425227001129194187630443805503288050634914141632879057016965322317600429778144914250375 0 0 0 0 0 0 0 0 0 0 0 0 0 0 0 0 0 0 0 0 0 0 0 0 0 0 0 0 0 0 0 0 0 0 0 0 0 0 0 0 0 0 0 0 0 0 0 0 0 0 0 0 0 0 0 0 0 0 0 0 0 0 0 0 0 0 0 0 0 0 0 0 0 0 0 0 0 0 0 0 0 0 0 0 0 0 0 0 1 0 0 0 0 0 0 0]
[6168169459787734553044997668034007717461835446175312633677995593940945843367552093013059444031089790131238171633525436978384697913639552174969247047916380953134315662214591093843932080343351393484923900134945199291628694057739053802398706901292268938420886156981140523612847304158981719454923 0 0 0 0 0 0 0 0 0 0 0 0 0 0 0 0 0 0 0 0 0 0 0 0 0 0 0 0 0 0 0 0 0 0 0 0 0 0 0 0 0 0 0 0 0 0 0 0 0 0 0 0 0 0 0 0 0 0 0 0 0 0 0 0 0 0 0 0 0 0 0 0 0 0 0 0 0 0 0 0 0 0 0 0 0 0 0 0 0 1 0 0 0 0 0 0]
[813185167926167080516507578805498281474504971225795943317230539081721476064439306956884885419011500236876750201113232417540492157882958906335066897599352359967895283543863642971527880398722634316772102529168741558857620859428266450363091186273665099557669739340602906483241963918127453268150 0 0 0 0 0 0 0 0 0 0 0 0 0 0 0 0 0 0 0 0 0 0 0 0 0 0 0 0 0 0 0 0 0 0 0 0 0 0 0 0 0 0 0 0 0 0 0 0 0 0 0 0 0 0 0 0 0 0 0 0 0 0 0 0 0 0 0 0 0 0 0 0 0 0 0 0 0 0 0 0 0 0 0 0 0 0 0 0 0 0 1 0 0 0 0 0]
[39817502551558495451278900995262509399768703841327032191882963602557187484452283535944553425406066030384061864899941553904582291866593039635294163642000924855075553482177517931821313681846847498366570153168426700049234613869410100519510036571376013130202389378652074760195844314196768765135 0 0 0 0 0 0 0 0 0 0 0 0 0 0 0 0 0 0 0 0 0 0 0 0 0 0 0 0 0 0 0 0 0 0 0 0 0 0 0 0 0 0 0 0 0 0 0 0 0 0 0 0 0 0 0 0 0 0 0 0 0 0 0 0 0 0 0 0 0 0 0 0 0 0 0 0 0 0 0 0 0 0 0 0 0 0 0 0 0 0 0 1 0 0 0 0]
[1796032255768471162181236186102194807369710950923853415133031678140400960320463166745741018253242938892641315635165820203089155031693162579579283379097595580150472905381533894077370733141403007368045912416035870626917431069490462306905709159446390175930972033286502804857223429547443956022268 0 0 0 0 0 0 0 0 0 0 0 0 0 0 0 0 0 0 0 0 0 0 0 0 0 0 0 0 0 0 0 0 0 0 0 0 0 0 0 0 0 0 0 0 0 0 0 0 0 0 0 0 0 0 0 0 0 0 0 0 0 0 0 0 0 0 0 0 0 0 0 0 0 0 0 0 0 0 0 0 0 0 0 0 0 0 0 0 0 0 0 0 1 0 0 0]
[2655867747058681633292756589610431469246036478832659015510196719291426558940393751767479302740298662013368608963280663161897801671576625235734441105685288212008454885468900655434755273311340647276142598464932748954223131228517110441246306517342501587436859363901039470842378023182881838426762 0 0 0 0 0 0 0 0 0 0 0 0 0 0 0 0 0 0 0 0 0 0 0 0 0 0 0 0 0 0 0 0 0 0 0 0 0 0 0 0 0 0 0 0 0 0 0 0 0 0 0 0 0 0 0 0 0 0 0 0 0 0 0 0 0 0 0 0 0 0 0 0 0 0 0 0 0 0 0 0 0 0 0 0 0 0 0 0 0 0 0 0 0 1 0 0]
[5001588940024016525543717530506675612559277912596915435534902137434379341627490738463419268697424456426962984818932905638853637282384141884030704576110297387669610657239298346003133202284701133938885204430939399930927688773088633359653764488270291147485623847600509957559075266538511187767947 0 0 0 0 0 0 0 0 0 0 0 0 0 0 0 0 0 0 0 0 0 0 0 0 0 0 0 0 0 0 0 0 0 0 0 0 0 0 0 0 0 0 0 0 0 0 0 0 0 0 0 0 0 0 0 0 0 0 0 0 0 0 0 0 0 0 0 0 0 0 0 0 0 0 0 0 0 0 0 0 0 0 0 0 0 0 0 0 0 0 0 0 0 0 1 0]
[5727578634823269544281718610133908810513897572525351329342080831746747099236453578181295587572086201002821220650644254955750637913225405384897741073910951084996539684497447530273065037746662352487442278083498649442760182030507522419731499184965047792469945146125322367309228728224283155885380 0 0 0 0 0 0 0 0 0 0 0 0 0 0 0 0 0 0 0 0 0 0 0 0 0 0 0 0 0 0 0 0 0 0 0 0 0 0 0 0 0 0 0 0 0 0 0 0 0 0 0 0 0 0 0 0 0 0 0 0 0 0 0 0 0 0 0 0 0 0 0 0 0 0 0 0 0 0 0 0 0 0 0 0 0 0 0 0 0 0 0 0 0 0 0 1]
]
